Fri Apr 12 14:16:17 2019
Controller Frequency: 1.00 kHz
Time(s), Time(ns), x, xa, v, va, v_unfilt, f, f_unfilt, xdes, vdes, cmd, LSB, LSF
1418, 109378904, 0.000, -0.005, 0.000, -0.000, 0.000, 0.007, 0.066, 0.005, 5.000, 2.500, 0, 0 
1418, 110976915, 0.000, -0.010, 0.000, -0.000, 0.000, 0.010, 0.098, 0.010, 5.005, 2.500, 0, 0 
1418, 112156530, 0.000, -0.015, 0.000, -0.000, 0.000, 0.010, 0.035, 0.015, 5.010, 2.500, 0, 0 
1418, 113228102, 0.000, -0.020, 0.000, -0.001, 0.000, 0.017, 0.003, 0.020, 5.015, 2.500, 0, 0 
1418, 114558400, 0.000, -0.025, 0.000, -0.001, 0.000, 0.017, -0.028, 0.025, 5.020, 2.500, 0, 0 
1418, 115670853, 0.000, -0.030, 0.000, -0.001, 0.000, 0.021, 0.003, 0.030, 5.025, 2.500, 0, 0 
1418, 116990699, 0.000, -0.035, 0.000, -0.001, 0.000, 0.015, -0.028, 0.035, 5.030, 2.500, 0, 0 
1418, 118002468, 0.000, -0.040, 0.000, -0.002, 0.000, 0.018, 0.003, 0.040, 5.035, 2.500, 0, 0 
1418, 119014788, 0.000, -0.045, 0.000, -0.002, 0.000, 0.015, 0.003, 0.045, 5.040, 2.500, 0, 0 
1418, 120032597, 0.000, -0.050, 0.000, -0.002, 0.000, 0.009, -0.060, 0.050, 5.045, 2.500, 0, 0 
1418, 121046248, 0.000, -0.055, 0.000, -0.002, 0.000, 0.019, 0.035, 0.055, 5.050, 2.500, 1, 0 
1418, 122221719, 0.000, -0.060, 0.000, -0.002, 0.000, 0.009, 0.066, 0.060, 5.055, 2.500, 1, 0 
1418, 123234518, 0.000, -0.065, 0.000, -0.002, 0.000, 0.003, 0.066, 0.065, 5.060, 2.500, 1, 0 
1418, 124273311, 0.000, -0.070, 0.000, -0.001, 0.000, 0.003, 0.035, 0.070, 5.065, 2.500, 1, 0 
1418, 125289407, 0.000, -0.076, 0.000, -0.001, 0.000, 0.013, 0.066, 0.076, 5.070, 2.500, 1, 0 
1418, 126303518, 0.000, -0.081, 0.000, -0.001, 0.000, 0.019, 0.066, 0.081, 5.075, 2.500, 1, 0 
1418, 127318173, 0.000, -0.086, 0.000, -0.002, 0.000, 0.025, 0.066, 0.086, 5.080, 2.500, 1, 0 
1418, 128331677, 0.000, -0.091, 0.000, -0.002, 0.000, 0.035, 0.066, 0.091, 5.085, 2.500, 1, 0 
1418, 129345440, 0.000, -0.096, 0.000, -0.002, 0.000, 0.038, 0.035, 0.096, 5.091, 2.500, 1, 0 
1418, 130360306, 0.000, -0.101, 0.000, -0.003, 0.000, 0.044, 0.035, 0.101, 5.096, 2.500, 1, 0 
1418, 131373034, 0.000, -0.106, 0.000, -0.003, 0.000, 0.050, 0.003, 0.106, 5.101, 2.500, 1, 0 
1418, 132386732, 0.000, -0.111, 0.000, -0.004, 0.000, 0.050, 0.003, 0.111, 5.106, 2.500, 1, 0 
1418, 133408953, 0.000, -0.116, 0.000, -0.004, 0.000, 0.044, 0.003, 0.116, 5.111, 2.500, 1, 0 
1418, 134709614, 0.000, -0.121, 0.000, -0.005, 0.000, 0.035, -0.028, 0.121, 5.116, 2.500, 1, 0 
1418, 135722457, 0.000, -0.127, 0.000, -0.005, 0.000, 0.032, -0.028, 0.127, 5.121, 2.500, 1, 0 
1418, 136737637, 0.000, -0.132, 0.000, -0.005, 0.000, 0.025, 0.003, 0.132, 5.126, 2.500, 1, 0 
1418, 137819247, 0.000, -0.137, 0.000, -0.005, 0.000, 0.019, 0.035, 0.137, 5.131, 2.500, 1, 0 
1418, 139007931, 0.000, -0.142, 0.000, -0.004, 0.000, 0.016, 0.066, 0.142, 5.136, 2.500, 1, 0 
1418, 140021582, 0.000, -0.147, 0.000, -0.004, 0.000, 0.009, 0.035, 0.147, 5.142, 2.500, 1, 0 
1418, 141032801, 0.000, -0.152, 0.000, -0.004, 0.000, 0.016, 0.066, 0.152, 5.147, 2.500, 1, 0 
1418, 142045238, 0.000, -0.157, 0.000, -0.003, 0.000, 0.016, 0.066, 0.157, 5.152, 2.500, 1, 0 
1418, 143054310, 0.000, -0.163, 0.000, -0.003, 0.000, 0.019, 0.035, 0.162, 5.157, 2.500, 1, 0 
1418, 144063057, 0.000, -0.168, 0.000, -0.003, 0.000, 0.028, 0.066, 0.168, 5.162, 2.500, 1, 0 
1418, 145074662, 0.000, -0.173, 0.000, -0.003, 0.000, 0.028, 0.035, 0.173, 5.167, 2.500, 1, 0 
1418, 146085820, 0.000, -0.178, 0.000, -0.003, 0.000, 0.038, 0.035, 0.178, 5.172, 2.500, 1, 0 
1418, 147096752, 0.000, -0.183, 0.000, -0.003, 0.000, 0.035, -0.060, 0.183, 5.178, 2.500, 1, 0 
1418, 148116974, 0.000, -0.188, 0.000, -0.003, 0.000, 0.041, -0.028, 0.188, 5.183, 2.500, 1, 0 
1418, 149291759, 0.000, -0.194, 0.000, -0.003, 0.000, 0.035, 0.003, 0.194, 5.188, 2.500, 1, 0 
1418, 150305342, 0.000, -0.199, 0.000, -0.002, 0.000, 0.022, -0.028, 0.199, 5.193, 2.500, 1, 0 
1418, 151324963, 0.000, -0.204, 0.000, -0.002, 0.000, 0.022, 0.003, 0.204, 5.198, 2.500, 1, 0 
1418, 152335044, 0.000, -0.209, 0.000, -0.001, 0.000, 0.006, -0.060, 0.209, 5.203, 2.500, 1, 0 
1418, 153345535, 0.000, -0.214, 0.000, -0.001, 0.000, 0.006, 0.003, 0.214, 5.209, 2.500, 1, 0 
1418, 154357363, 0.000, -0.220, 0.000, 0.000, 0.000, -0.006, -0.028, 0.220, 5.214, 2.500, 1, 0 
1418, 155367539, 0.000, -0.225, 0.000, 0.001, 0.000, -0.006, 0.035, 0.225, 5.219, 2.500, 1, 0 
1418, 156377129, 0.000, -0.230, 0.000, 0.003, 0.000, -0.013, 0.035, 0.230, 5.224, 2.500, 1, 0 
1418, 157390693, 0.000, -0.235, 0.000, 0.004, 0.000, -0.009, 0.066, 0.235, 5.229, 2.500, 1, 0 
1418, 158402186, 0.000, -0.241, 0.000, 0.005, 0.000, 0.000, 0.066, 0.240, 5.235, 2.500, 1, 0 
1418, 159451443, 0.000, -0.246, 0.000, 0.005, 0.000, 0.013, 0.098, 0.246, 5.240, 2.500, 1, 0 
1418, 160477635, 0.000, -0.251, 0.000, 0.006, 0.000, 0.013, 0.035, 0.251, 5.245, 2.500, 1, 0 
1418, 161487350, 0.000, -0.256, 0.000, 0.007, 0.000, 0.028, 0.066, 0.256, 5.250, 2.500, 1, 0 
1418, 162495347, 0.000, -0.262, 0.000, 0.007, 0.000, 0.032, 0.066, 0.261, 5.256, 2.500, 1, 0 
1418, 163504426, 0.000, -0.267, 0.000, 0.007, 0.000, 0.041, 0.035, 0.267, 5.261, 2.500, 1, 0 
1418, 164512365, 0.000, -0.272, 0.000, 0.007, 0.000, 0.044, 0.003, 0.272, 5.266, 2.500, 1, 0 
1418, 165519539, 0.000, -0.277, 0.000, 0.007, 0.000, 0.050, 0.003, 0.277, 5.271, 2.500, 1, 0 
1418, 166535078, 0.000, -0.283, 0.000, 0.008, 0.000, 0.047, 0.003, 0.283, 5.277, 2.500, 1, 0 
1418, 167688583, 0.000, -0.288, 0.000, 0.008, 0.000, 0.041, -0.028, 0.288, 5.282, 2.500, 1, 0 
1418, 168697592, 0.000, -0.293, 0.000, 0.008, 0.000, 0.032, -0.060, 0.293, 5.287, 2.500, 1, 0 
1418, 169704240, 0.000, -0.298, 0.000, 0.009, 0.000, 0.028, 0.003, 0.298, 5.292, 2.500, 1, 0 
1418, 170716747, 0.000, -0.304, 0.000, 0.010, 0.000, 0.013, 0.003, 0.304, 5.298, 2.500, 1, 0 
1418, 171725172, 0.000, -0.309, 0.000, 0.011, 0.000, 0.016, 0.066, 0.309, 5.303, 2.500, 1, 0 
1418, 172744163, 0.000, -0.314, 0.000, 0.012, 0.000, 0.009, 0.066, 0.314, 5.308, 2.500, 1, 0 
1418, 174340502, 0.000, -0.320, 0.000, 0.013, 0.000, 0.009, 0.066, 0.320, 5.314, 2.500, 1, 0 
1418, 175350344, 0.000, -0.325, 0.000, 0.014, 0.000, 0.009, 0.035, 0.325, 5.319, 2.500, 1, 0 
1418, 176360529, 0.000, -0.330, 0.000, 0.015, 0.000, 0.025, 0.129, 0.330, 5.324, 2.500, 1, 0 
1418, 177367767, 0.000, -0.336, 0.000, 0.016, 0.000, 0.019, 0.035, 0.336, 5.329, 2.500, 1, 0 
1418, 178429134, 0.000, -0.341, 0.000, 0.017, 0.000, 0.035, 0.066, 0.341, 5.335, 2.500, 1, 0 
1418, 179455902, 0.000, -0.346, 0.000, 0.017, 0.000, 0.035, 0.003, 0.346, 5.340, 2.500, 1, 0 
1418, 180514539, 0.000, -0.351, 0.000, 0.018, 0.000, 0.047, 0.003, 0.352, 5.345, 2.500, 1, 0 
1418, 181576983, 0.000, -0.357, 0.000, 0.018, 0.000, 0.044, -0.028, 0.357, 5.351, 2.500, 1, 0 
1418, 182585043, 0.000, -0.362, 0.000, 0.019, 0.000, 0.044, -0.028, 0.362, 5.356, 2.500, 1, 0 
1418, 183595077, 0.000, -0.368, 0.000, 0.020, 0.000, 0.038, 0.003, 0.368, 5.361, 2.500, 1, 0 
1418, 184601342, 0.000, -0.373, 0.000, 0.021, 0.000, 0.028, 0.003, 0.373, 5.367, 2.500, 1, 0 
1418, 185610417, 0.000, -0.378, 0.000, 0.022, 0.000, 0.022, 0.003, 0.378, 5.372, 2.500, 1, 0 
1418, 186673607, 0.000, -0.384, 0.000, 0.023, 0.000, 0.019, 0.003, 0.384, 5.377, 2.500, 1, 0 
1418, 187681890, 0.000, -0.389, 0.000, 0.024, 0.000, 0.009, 0.035, 0.389, 5.383, 2.500, 1, 0 
1418, 188692009, 0.000, -0.394, 0.000, 0.026, 0.000, 0.006, 0.035, 0.395, 5.388, 2.500, 1, 0 
1418, 189725878, 0.000, -0.400, 0.000, 0.027, 0.000, 0.006, 0.066, 0.400, 5.394, 2.500, 1, 0 
1418, 190957968, 0.000, -0.405, 0.000, 0.029, 0.000, 0.006, 0.035, 0.405, 5.399, 2.500, 1, 0 
1418, 191966258, 0.000, -0.410, 0.000, 0.030, 0.000, 0.016, 0.066, 0.411, 5.404, 2.500, 1, 0 
1418, 192972018, 0.000, -0.416, 0.000, 0.031, 0.000, 0.019, 0.035, 0.416, 5.410, 2.500, 1, 0 
1418, 193979632, 0.000, -0.421, 0.000, 0.032, 0.000, 0.032, 0.066, 0.422, 5.415, 2.500, 1, 0 
1418, 194989216, 0.000, -0.427, 0.000, 0.033, 0.000, 0.032, 0.035, 0.427, 5.421, 2.500, 1, 0 
1418, 195999049, 0.000, -0.432, 0.000, 0.034, 0.000, 0.035, 0.003, 0.432, 5.426, 2.500, 1, 0 
1418, 197006964, 0.000, -0.437, 0.000, 0.035, 0.000, 0.032, -0.060, 0.438, 5.431, 2.500, 1, 0 
1418, 198065291, 0.000, -0.443, 0.000, 0.036, 0.000, 0.035, -0.028, 0.443, 5.437, 2.500, 1, 0 
1418, 199091723, 0.000, -0.448, 0.000, 0.038, 0.000, 0.028, 0.003, 0.449, 5.442, 2.500, 1, 0 
1418, 200118948, 0.000, -0.454, 0.000, 0.039, 0.000, 0.019, -0.028, 0.454, 5.448, 2.500, 1, 0 
1418, 201126279, 0.000, -0.459, 0.000, 0.041, 0.000, 0.013, -0.028, 0.460, 5.453, 2.500, 1, 0 
1418, 202134142, 0.000, -0.464, 0.000, 0.042, 0.000, 0.009, 0.003, 0.465, 5.459, 2.500, 1, 0 
1418, 203186427, 0.000, -0.470, 0.000, 0.044, 0.000, -0.003, -0.028, 0.471, 5.464, 2.500, 1, 0 
1418, 204193304, 0.000, -0.475, 0.000, 0.046, 0.000, 0.000, 0.035, 0.476, 5.469, 2.500, 1, 0 
1418, 205203009, 0.000, -0.481, 0.000, 0.048, 0.000, -0.013, 0.003, 0.482, 5.475, 2.500, 1, 0 
1418, 206228088, 0.000, -0.486, 0.000, 0.050, 0.000, -0.003, 0.098, 0.487, 5.480, 2.500, 1, 0 
1418, 207409385, 0.000, -0.492, 0.000, 0.052, 0.000, -0.006, 0.066, 0.492, 5.486, 2.500, 1, 0 
1418, 208416500, 0.000, -0.497, 0.000, 0.054, 0.000, 0.009, 0.066, 0.498, 5.491, 2.500, 1, 0 
1418, 209424867, 0.000, -0.502, 0.000, 0.056, 0.000, 0.019, 0.066, 0.503, 5.497, 2.500, 1, 0 
1418, 210485094, 0.000, -0.508, 0.000, 0.057, 0.000, 0.025, 0.066, 0.509, 5.502, 2.500, 1, 0 
1418, 211545215, 0.000, -0.513, 0.000, 0.059, 0.000, 0.035, 0.066, 0.514, 5.508, 2.500, 1, 0 
1418, 212604278, 0.000, -0.519, 0.000, 0.060, 0.000, 0.041, 0.035, 0.520, 5.513, 2.500, 1, 0 
1418, 213672328, 0.000, -0.524, 0.000, 0.061, 0.000, 0.044, 0.003, 0.526, 5.519, 2.500, 1, 0 
1418, 214738645, 0.000, -0.530, 0.000, 0.062, 0.000, 0.050, 0.003, 0.531, 5.524, 2.500, 1, 0 
1418, 215770340, 0.000, -0.535, 0.000, 0.064, 0.000, 0.038, -0.091, 0.537, 5.530, 2.500, 1, 0 
1418, 216817461, 0.000, -0.541, 0.000, 0.065, 0.000, 0.047, 0.003, 0.542, 5.535, 2.500, 1, 0 
1418, 217823328, 0.000, -0.546, 0.000, 0.067, 0.000, 0.028, 0.003, 0.548, 5.541, 2.500, 1, 0 
1418, 218832528, 0.000, -0.552, 0.000, 0.068, 0.000, 0.019, -0.028, 0.553, 5.546, 2.500, 1, 0 
1418, 219842169, 0.000, -0.557, 0.000, 0.070, 0.000, 0.013, -0.028, 0.559, 5.552, 2.500, 1, 0 
1418, 220884017, 0.000, -0.563, 0.000, 0.072, 0.000, 0.013, 0.066, 0.564, 5.557, 2.500, 1, 0 
1418, 221947545, 0.000, -0.568, 0.000, 0.075, 0.000, 0.003, 0.066, 0.570, 5.563, 2.500, 1, 0 
1418, 223185995, 0.000, -0.574, 0.000, 0.077, 0.000, 0.009, 0.129, 0.575, 5.568, 2.500, 1, 0 
1418, 224199156, 0.000, -0.579, 0.000, 0.079, 0.000, 0.006, 0.066, 0.581, 5.574, 2.500, 1, 0 
1418, 225206766, 0.000, -0.584, 0.000, 0.081, 0.000, 0.019, 0.066, 0.587, 5.580, 2.500, 1, 0 
1418, 226213448, 0.000, -0.590, 0.000, 0.083, 0.000, 0.025, 0.066, 0.592, 5.585, 2.500, 1, 0 
1418, 227220374, 0.000, -0.596, 0.000, 0.084, 0.000, 0.044, 0.098, 0.598, 5.591, 2.500, 1, 0 
1418, 228226903, 0.000, -0.601, 0.000, 0.086, 0.000, 0.047, 0.066, 0.603, 5.596, 2.500, 1, 0 
1418, 229286967, 0.000, -0.607, 0.000, 0.087, 0.000, 0.057, 0.066, 0.609, 5.602, 2.500, 1, 0 
1418, 230344421, 0.000, -0.612, 0.000, 0.088, 0.000, 0.063, 0.035, 0.615, 5.607, 2.500, 1, 0 
1418, 231371123, 0.000, -0.618, 0.000, 0.089, 0.000, 0.069, 0.003, 0.620, 5.613, 2.500, 1, 0 
1418, 232439134, 0.000, -0.623, 0.000, 0.090, 0.000, 0.060, -0.060, 0.626, 5.619, 2.500, 1, 0 
1418, 233470890, 0.000, -0.629, 0.000, 0.092, 0.000, 0.060, 0.003, 0.631, 5.624, 2.500, 1, 0 
1418, 234477982, 0.000, -0.634, 0.000, 0.093, 0.000, 0.041, 0.003, 0.637, 5.630, 2.500, 1, 0 
1418, 235484886, 0.000, -0.640, 0.000, 0.095, 0.000, 0.028, -0.060, 0.643, 5.635, 2.500, 1, 0 
1418, 236512818, 0.000, -0.645, 0.000, 0.097, 0.000, 0.032, 0.035, 0.648, 5.641, 2.500, 1, 0 
1418, 237532239, 0.000, -0.651, 0.000, 0.100, 0.000, 0.019, 0.035, 0.654, 5.647, 2.500, 1, 0 
1418, 238539421, 0.000, -0.656, 0.000, 0.102, 0.000, 0.016, 0.066, 0.660, 5.652, 2.500, 1, 0 
1418, 239573075, 0.000, -0.662, 0.000, 0.104, 0.000, 0.013, 0.066, 0.665, 5.658, 2.500, 1, 0 
1418, 241157311, 0.000, -0.667, 0.000, 0.107, 0.000, 0.009, 0.035, 0.671, 5.664, 2.500, 1, 0 
1418, 242162027, 0.000, -0.673, 0.000, 0.109, 0.000, 0.016, 0.066, 0.677, 5.669, 2.500, 1, 0 
1418, 243187362, 0.000, -0.679, 0.000, 0.111, 0.000, 0.022, 0.098, 0.682, 5.675, 2.500, 1, 0 
1418, 244191791, 0.000, -0.684, 0.000, 0.114, 0.000, 0.035, 0.098, 0.688, 5.681, 2.500, 1, 0 
1418, 245259129, 0.000, -0.690, 0.000, 0.116, 0.000, 0.038, 0.035, 0.694, 5.686, 2.500, 1, 0 
1418, 246319609, 0.000, -0.695, 0.000, 0.117, 0.000, 0.047, 0.035, 0.699, 5.692, 2.500, 1, 0 
1418, 247328393, 0.000, -0.701, 0.000, 0.119, 0.000, 0.047, -0.060, 0.705, 5.698, 2.500, 1, 0 
1418, 248336134, 0.000, -0.706, 0.000, 0.121, 0.000, 0.054, 0.003, 0.711, 5.703, 2.500, 1, 0 
1418, 249343071, 0.000, -0.712, 0.000, 0.123, 0.000, 0.044, 0.003, 0.716, 5.709, 2.500, 1, 0 
1418, 250381917, 0.000, -0.718, 0.000, 0.125, 0.000, 0.032, -0.060, 0.722, 5.715, 2.500, 1, 0 
1418, 251387025, 0.000, -0.723, 0.000, 0.128, 0.000, 0.028, -0.028, 0.728, 5.720, 2.500, 1, 0 
1418, 252393726, 0.000, -0.729, 0.000, 0.130, 0.000, 0.022, 0.003, 0.734, 5.726, 2.500, 1, 0 
1418, 253407407, 0.000, -0.734, 0.000, 0.133, 0.000, 0.013, 0.003, 0.739, 5.732, 2.500, 1, 0 
1418, 254428580, 0.000, -0.740, 0.000, 0.135, 0.000, 0.009, 0.066, 0.745, 5.738, 2.500, 1, 0 
1418, 255453439, 0.000, -0.746, 0.000, 0.138, 0.000, 0.000, 0.066, 0.751, 5.743, 2.500, 1, 0 
1418, 256972963, 0.000, -0.751, 0.000, 0.141, 0.000, 0.000, 0.035, 0.757, 5.749, 2.500, 1, 0 
1418, 257983635, 0.000, -0.757, 0.000, 0.144, 0.000, 0.006, 0.066, 0.762, 5.755, 2.500, 1, 0 
1418, 258992613, 0.000, -0.762, 0.000, 0.147, 0.000, 0.022, 0.129, 0.768, 5.760, 2.500, 1, 0 
1418, 259998637, 0.000, -0.768, 0.000, 0.150, 0.000, 0.022, 0.066, 0.774, 5.766, 2.500, 1, 0 
1418, 261061910, 0.000, -0.774, 0.000, 0.152, 0.000, 0.035, 0.066, 0.780, 5.772, 2.500, 1, 0 
1418, 262124379, 0.000, -0.779, 0.000, 0.154, 0.000, 0.044, 0.035, 0.785, 5.778, 2.500, 1, 0 
1418, 263152759, 0.000, -0.785, 0.000, 0.156, 0.000, 0.050, 0.003, 0.791, 5.783, 2.500, 1, 0 
1418, 264159447, 0.000, -0.791, 0.000, 0.159, 0.000, 0.047, -0.060, 0.797, 5.789, 2.500, 1, 0 
1418, 265227764, 0.000, -0.796, 0.000, 0.161, 0.000, 0.054, 0.003, 0.803, 5.795, 2.500, 1, 0 
1418, 266236751, 0.000, -0.802, 0.000, 0.163, 0.000, 0.044, 0.035, 0.809, 5.801, 2.500, 1, 0 
1418, 267245183, 0.000, -0.808, 0.000, 0.166, 0.000, 0.028, -0.060, 0.814, 5.807, 2.500, 1, 0 
1418, 268253503, 0.000, -0.813, 0.000, 0.168, 0.000, 0.035, 0.003, 0.820, 5.812, 2.500, 1, 0 
1418, 269261364, 0.000, -0.819, 0.000, 0.171, 0.000, 0.022, 0.003, 0.826, 5.818, 2.500, 1, 0 
1418, 270281010, 0.000, -0.824, 0.000, 0.174, 0.000, 0.009, 0.003, 0.832, 5.824, 2.500, 1, 0 
1418, 271290807, 0.000, -0.830, 0.000, 0.177, 0.000, 0.009, 0.066, 0.838, 5.830, 2.500, 1, 0 
1418, 272297579, 0.000, -0.836, 0.000, 0.181, 0.000, 0.000, 0.035, 0.844, 5.836, 2.500, 1, 0 
1418, 273318330, 0.000, -0.841, 0.000, 0.184, 0.000, 0.009, 0.098, 0.849, 5.841, 2.500, 1, 0 
1418, 274455500, 0.000, -0.847, 0.000, 0.187, 0.000, 0.013, 0.098, 0.855, 5.847, 2.500, 1, 0 
1418, 275460430, 0.000, -0.853, 0.000, 0.190, 0.000, 0.025, 0.066, 0.861, 5.853, 2.500, 1, 0 
1418, 276517908, 0.000, -0.858, 0.000, 0.193, 0.000, 0.035, 0.066, 0.867, 5.859, 2.500, 1, 0 
1418, 277584349, 0.000, -0.864, 0.000, 0.195, 0.000, 0.038, 0.066, 0.873, 5.865, 2.500, 1, 0 
1418, 278614044, 0.000, -0.870, 0.000, 0.198, 0.000, 0.044, 0.003, 0.879, 5.871, 2.500, 1, 0 
1418, 279622687, 0.000, -0.875, 0.000, 0.200, 0.000, 0.060, 0.098, 0.885, 5.876, 2.500, 1, 0 
1418, 280630915, 0.000, -0.881, 0.000, 0.203, 0.000, 0.050, 0.003, 0.890, 5.882, 2.500, 1, 0 
1418, 281689752, 0.000, -0.887, 0.000, 0.205, 0.000, 0.063, 0.035, 0.896, 5.888, 2.500, 1, 0 
1418, 282697308, 0.000, -0.893, 0.000, 0.208, 0.000, 0.057, 0.035, 0.902, 5.894, 2.500, 1, 0 
1418, 283710113, 0.000, -0.898, 0.000, 0.210, 0.000, 0.047, -0.060, 0.908, 5.900, 2.500, 1, 0 
1418, 284717170, 0.000, -0.904, 0.000, 0.213, 0.000, 0.047, 0.003, 0.914, 5.906, 2.500, 1, 0 
1418, 285724348, 0.000, -0.910, 0.000, 0.216, 0.000, 0.032, 0.003, 0.920, 5.912, 2.500, 1, 0 
1418, 286776064, 0.000, -0.915, 0.000, 0.219, 0.000, 0.025, 0.003, 0.926, 5.918, 2.500, 1, 0 
1418, 287965790, 0.000, -0.921, 0.000, 0.222, 0.000, 0.025, 0.066, 0.932, 5.924, 2.500, 1, 0 
1418, 289604745, 0.000, -0.927, 0.000, 0.226, 0.000, 0.016, 0.035, 0.938, 5.929, 2.500, 1, 0 
1418, 290621238, 0.000, -0.932, 0.000, 0.229, 0.000, 0.025, 0.066, 0.944, 5.935, 2.500, 1, 0 
1418, 291629081, 0.000, -0.938, 0.000, 0.232, 0.000, 0.022, 0.098, 0.950, 5.941, 2.500, 1, 0 
1418, 292636418, 0.000, -0.944, 0.000, 0.236, 0.000, 0.025, 0.066, 0.955, 5.947, 2.500, 1, 0 
1418, 293697699, 0.000, -0.950, 0.000, 0.239, 0.000, 0.032, 0.066, 0.961, 5.953, 2.500, 1, 0 
1418, 294759530, 0.000, -0.955, 0.000, 0.242, 0.000, 0.035, 0.066, 0.967, 5.959, 2.500, 1, 0 
1418, 295827891, 0.000, -0.961, 0.000, 0.245, 0.000, 0.047, 0.066, 0.973, 5.965, 2.500, 1, 0 
1418, 296895605, 0.000, -0.967, 0.000, 0.248, 0.000, 0.050, 0.035, 0.979, 5.971, 2.500, 1, 0 
1418, 297961249, 0.000, -0.972, 0.000, 0.251, 0.000, 0.054, 0.003, 0.985, 5.977, 2.500, 1, 0 
1418, 299020366, 0.000, -0.978, 0.000, 0.253, 0.000, 0.060, 0.035, 0.991, 5.983, 2.500, 1, 0 
1418, 300050432, 0.000, -0.984, 0.000, 0.256, 0.000, 0.054, 0.035, 0.997, 5.989, 2.500, 1, 0 
1418, 301058113, 0.000, -0.990, 0.000, 0.259, 0.000, 0.047, -0.028, 1.003, 5.995, 2.500, 1, 0 
1418, 302065828, 0.000, -0.995, 0.000, 0.262, 0.000, 0.050, 0.035, 1.009, 5.998, 2.500, 1, 0 
1418, 303074990, 0.000, -1.001, 0.000, 0.266, 0.000, 0.035, 0.003, 1.015, 6.004, 2.500, 1, 0 
1418, 304101053, 0.000, -1.007, 0.000, 0.269, 0.000, 0.038, 0.066, 1.021, 6.010, 2.500, 1, 0 
1418, 305127835, 0.000, -1.013, 0.000, 0.272, 0.000, 0.032, 0.066, 1.027, 6.016, 2.500, 1, 0 
1418, 306396486, 0.000, -1.018, 0.000, 0.276, 0.000, 0.032, 0.066, 1.033, 6.022, 2.500, 1, 0 
1418, 307404178, 0.000, -1.024, 0.000, 0.279, 0.000, 0.038, 0.129, 1.039, 6.028, 2.500, 1, 0 
1418, 308410280, 0.000, -1.030, 0.000, 0.283, 0.000, 0.035, 0.066, 1.045, 6.034, 2.500, 1, 0 
1418, 309469416, 0.000, -1.036, 0.000, 0.286, 0.000, 0.047, 0.066, 1.051, 6.040, 2.500, 1, 0 
1418, 310486905, 0.000, -1.041, 0.000, 0.289, 0.000, 0.050, 0.066, 1.057, 6.046, 2.500, 1, 0 
1418, 311496830, 0.000, -1.047, 0.000, 0.292, 0.000, 0.054, 0.066, 1.064, 6.052, 2.500, 1, 0 
1418, 312505235, 0.000, -1.053, 0.000, 0.295, 0.000, 0.057, 0.003, 1.070, 6.058, 2.500, 1, 0 
1418, 313564248, 0.000, -1.059, 0.000, 0.298, 0.000, 0.063, 0.035, 1.076, 6.064, 2.500, 1, 0 
1418, 314632100, 0.000, -1.064, 0.000, 0.301, 0.000, 0.060, 0.003, 1.082, 6.070, 2.500, 1, 0 
1418, 315699834, 0.000, -1.070, 0.000, 0.305, 0.000, 0.057, 0.003, 1.088, 6.076, 2.500, 1, 0 
1418, 316720381, 0.000, -1.076, 0.000, 0.308, 0.000, 0.050, 0.003, 1.094, 6.082, 2.500, 1, 0 
1418, 317728627, 0.000, -1.082, 0.000, 0.311, 0.000, 0.038, -0.060, 1.100, 6.088, 2.500, 1, 0 
1418, 318738599, 0.000, -1.088, 0.000, 0.315, 0.000, 0.032, 0.003, 1.106, 6.094, 2.500, 1, 0 
1418, 319788444, 0.000, -1.093, 0.000, 0.319, 0.000, 0.019, 0.003, 1.112, 6.101, 2.500, 1, 0 
1418, 320802792, 0.000, -1.099, 0.000, 0.323, 0.000, 0.013, 0.003, 1.118, 6.107, 2.500, 1, 0 
1418, 321810895, 0.000, -1.105, 0.000, 0.328, 0.000, 0.013, 0.066, 1.124, 6.113, 2.500, 1, 0 
1418, 322950003, 0.000, -1.111, 0.000, 0.332, 0.000, 0.006, 0.066, 1.131, 6.119, 2.500, 1, 0 
1418, 324411466, 0.000, -1.116, 0.000, 0.336, 0.000, 0.013, 0.066, 1.137, 6.125, 2.500, 1, 0 
1418, 325417360, 0.000, -1.122, 0.000, 0.340, 0.000, 0.016, 0.066, 1.143, 6.131, 2.500, 1, 0 
1418, 326424316, 0.000, -1.128, 0.000, 0.344, 0.000, 0.025, 0.098, 1.149, 6.137, 2.500, 1, 0 
1418, 327484927, 0.000, -1.134, 0.000, 0.348, 0.000, 0.028, 0.066, 1.155, 6.143, 2.500, 1, 0 
1418, 328552699, 0.000, -1.140, 0.000, 0.352, 0.000, 0.038, 0.066, 1.161, 6.149, 2.500, 1, 0 
1418, 329612303, 0.000, -1.145, 0.000, 0.356, 0.000, 0.044, 0.003, 1.167, 6.155, 2.500, 1, 0 
1418, 330671737, 0.000, -1.151, 0.000, 0.360, 0.000, 0.054, 0.035, 1.174, 6.162, 2.500, 1, 0 
1418, 331700573, 0.000, -1.157, 0.000, 0.363, 0.000, 0.050, 0.003, 1.180, 6.168, 2.500, 1, 0 
1418, 332708415, 0.000, -1.163, 0.000, 0.367, 0.000, 0.050, -0.028, 1.186, 6.174, 2.500, 1, 0 
1418, 333727885, 0.000, -1.169, 0.000, 0.371, 0.000, 0.047, 0.003, 1.192, 6.180, 2.500, 1, 0 
1418, 334735060, 0.000, -1.175, 0.000, 0.375, 0.000, 0.038, 0.003, 1.198, 6.186, 2.500, 1, 0 
1418, 335741630, 0.000, -1.180, 0.000, 0.379, 0.000, 0.032, 0.003, 1.204, 6.192, 2.500, 1, 0 
1418, 336752289, 0.000, -1.186, 0.000, 0.383, 0.000, 0.022, -0.028, 1.211, 6.198, 2.500, 1, 0 
1418, 337806678, 0.000, -1.192, 0.000, 0.388, 0.000, 0.019, 0.035, 1.217, 6.205, 2.500, 1, 0 
1418, 339017364, 0.000, -1.198, 0.000, 0.392, 0.000, 0.009, 0.035, 1.223, 6.211, 2.500, 1, 0 
1418, 340518267, 0.000, -1.204, 0.000, 0.397, 0.000, 0.013, 0.098, 1.229, 6.217, 2.500, 1, 0 
1418, 341525347, 0.000, -1.209, 0.000, 0.401, 0.000, 0.016, 0.098, 1.235, 6.223, 2.500, 1, 0 
1418, 342530934, 0.000, -1.215, 0.000, 0.406, 0.000, 0.019, 0.066, 1.242, 6.229, 2.500, 1, 0 
1418, 343539578, 0.000, -1.221, 0.000, 0.410, 0.000, 0.025, 0.035, 1.248, 6.235, 2.500, 1, 0 
1418, 344547452, 0.000, -1.227, 0.000, 0.415, 0.000, 0.035, 0.035, 1.254, 6.242, 2.500, 1, 0 
1418, 345580494, 0.000, -1.233, 0.000, 0.419, 0.000, 0.041, 0.066, 1.260, 6.248, 2.500, 1, 0 
1418, 346693019, 0.000, -1.239, 0.000, 0.423, 0.000, 0.038, 0.003, 1.267, 6.254, 2.500, 1, 0 
1418, 347700615, 0.000, -1.244, 0.000, 0.427, 0.000, 0.041, -0.028, 1.273, 6.260, 2.500, 1, 0 
1418, 348711699, 0.000, -1.250, 0.000, 0.431, 0.000, 0.050, 0.035, 1.279, 6.267, 2.500, 1, 0 
1418, 349744998, 0.000, -1.256, 0.000, 0.436, 0.000, 0.041, 0.003, 1.285, 6.273, 2.500, 1, 0 
1418, 350836922, 0.000, -1.262, 0.000, 0.440, 0.000, 0.041, 0.003, 1.292, 6.279, 2.500, 1, 0 
1418, 351845289, 0.000, -1.268, 0.000, 0.444, 0.000, 0.032, 0.003, 1.298, 6.285, 2.500, 1, 0 
1418, 352853199, 0.000, -1.274, 0.000, 0.449, 0.000, 0.022, 0.003, 1.304, 6.292, 2.500, 1, 0 
1418, 353867045, 0.000, -1.279, 0.000, 0.454, 0.000, 0.016, 0.003, 1.311, 6.298, 2.500, 1, 0 
1418, 354877013, 0.000, -1.285, 0.000, 0.459, 0.000, 0.019, 0.066, 1.317, 6.304, 2.500, 1, 0 
1418, 355922729, 0.000, -1.291, 0.000, 0.464, 0.000, 0.016, 0.066, 1.323, 6.310, 2.500, 1, 0 
1418, 357101382, 0.000, -1.297, 0.000, 0.469, 0.000, 0.016, 0.066, 1.330, 6.317, 2.500, 1, 0 
1418, 358149795, 0.000, -1.303, 0.000, 0.473, 0.000, 0.022, 0.066, 1.336, 6.323, 2.500, 1, 0 
1418, 359177594, 0.000, -1.309, 0.000, 0.478, 0.000, 0.032, 0.066, 1.342, 6.329, 2.500, 1, 0 
1418, 360184085, 0.000, -1.315, 0.000, 0.483, 0.000, 0.035, 0.066, 1.349, 6.336, 2.500, 1, 0 
1418, 361251937, 0.000, -1.320, 0.000, 0.487, 0.000, 0.038, 0.035, 1.355, 6.342, 2.500, 1, 0 
1418, 362320299, 0.000, -1.326, 0.000, 0.492, 0.000, 0.041, 0.003, 1.361, 6.348, 2.500, 1, 0 
1418, 363327793, 0.000, -1.332, 0.000, 0.496, 0.000, 0.047, 0.035, 1.368, 6.354, 2.500, 1, 0 
1418, 364336100, 0.000, -1.338, 0.000, 0.501, 0.000, 0.044, 0.003, 1.374, 6.361, 2.500, 1, 0 
1418, 365343612, 0.000, -1.344, 0.000, 0.505, 0.000, 0.044, -0.028, 1.380, 6.367, 2.500, 1, 0 
1418, 366352614, 0.000, -1.350, 0.000, 0.510, 0.000, 0.041, 0.003, 1.387, 6.373, 2.500, 1, 0 
1418, 367360493, 0.000, -1.356, 0.000, 0.515, 0.000, 0.032, 0.003, 1.393, 6.380, 2.500, 1, 0 
1418, 368367403, 0.000, -1.361, 0.000, 0.520, 0.000, 0.022, -0.028, 1.399, 6.386, 2.500, 1, 0 
1418, 369374042, 0.000, -1.367, 0.000, 0.525, 0.000, 0.019, 0.003, 1.406, 6.392, 2.500, 1, 0 
1418, 370384383, 0.000, -1.373, 0.000, 0.531, 0.000, 0.009, 0.003, 1.412, 6.399, 2.500, 1, 0 
1418, 371440731, 0.000, -1.379, 0.000, 0.536, 0.000, 0.009, 0.066, 1.419, 6.405, 2.500, 1, 0 
1418, 372743927, 0.000, -1.385, 0.000, 0.541, 0.000, 0.009, 0.098, 1.425, 6.412, 2.500, 1, 0 
1418, 373777699, 0.000, -1.391, 0.000, 0.547, 0.000, 0.013, 0.066, 1.431, 6.418, 2.500, 1, 0 
1418, 374786194, 0.000, -1.397, 0.000, 0.552, 0.000, 0.019, 0.066, 1.438, 6.424, 2.500, 1, 0 
1418, 375793680, 0.000, -1.403, 0.000, 0.557, 0.000, 0.025, 0.066, 1.444, 6.431, 2.500, 1, 0 
1418, 376800953, 0.000, -1.408, 0.000, 0.562, 0.000, 0.035, 0.066, 1.451, 6.437, 2.500, 1, 0 
1418, 377826425, 0.000, -1.414, 0.000, 0.567, 0.000, 0.044, 0.098, 1.457, 6.444, 2.500, 1, 0 
1418, 378859282, 0.000, -1.420, 0.000, 0.572, 0.000, 0.044, 0.035, 1.464, 6.450, 2.500, 1, 0 
1418, 379866124, 0.000, -1.426, 0.000, 0.577, 0.000, 0.054, 0.003, 1.470, 6.456, 2.500, 1, 0 
1418, 380925477, 0.000, -1.432, 0.000, 0.581, 0.000, 0.050, -0.060, 1.477, 6.463, 2.500, 1, 0 
1418, 381983442, 0.000, -1.438, 0.000, 0.586, 0.000, 0.060, 0.035, 1.483, 6.469, 2.500, 1, 0 
1418, 382991028, 0.000, -1.444, 0.000, 0.591, 0.000, 0.038, -0.060, 1.490, 6.476, 2.500, 1, 0 
1418, 384043714, 0.000, -1.450, 0.000, 0.596, 0.000, 0.038, 0.003, 1.496, 6.482, 2.500, 1, 0 
1418, 385050633, 0.000, -1.456, 0.000, 0.602, 0.000, 0.025, 0.003, 1.503, 6.489, 2.500, 1, 0 
1418, 386059692, 0.000, -1.461, 0.000, 0.607, 0.000, 0.019, 0.003, 1.509, 6.495, 2.500, 1, 0 
1418, 387132514, 0.000, -1.467, 0.000, 0.613, 0.000, 0.016, 0.035, 1.516, 6.501, 2.500, 1, 0 
1418, 388142941, 0.000, -1.473, 0.000, 0.619, 0.000, 0.006, 0.003, 1.522, 6.508, 2.500, 1, 0 
1418, 389154662, 0.000, -1.479, 0.000, 0.625, 0.000, 0.006, 0.066, 1.529, 6.514, 2.500, 1, 0 
1418, 390186184, 0.000, -1.485, 0.000, 0.631, 0.000, 0.003, 0.066, 1.535, 6.521, 2.500, 1, 0 
1418, 391350657, 0.000, -1.491, 0.000, 0.637, 0.000, 0.009, 0.066, 1.542, 6.527, 2.500, 1, 0 
1418, 392355800, 0.000, -1.497, 0.000, 0.642, 0.000, 0.022, 0.066, 1.548, 6.534, 2.500, 1, 0 
1418, 393361606, 0.000, -1.503, 0.000, 0.648, 0.000, 0.025, 0.066, 1.555, 6.540, 2.500, 1, 0 
1418, 394369875, 0.000, -1.509, 0.000, 0.653, 0.000, 0.041, 0.098, 1.561, 6.547, 2.500, 1, 0 
1418, 395406926, 0.000, -1.514, 0.000, 0.658, 0.000, 0.044, 0.066, 1.568, 6.553, 2.500, 1, 0 
1418, 396413215, 0.000, -1.520, 0.000, 0.664, 0.000, 0.047, 0.003, 1.574, 6.560, 2.500, 1, 0 
1418, 397472023, 0.000, -1.526, 0.000, 0.669, 0.000, 0.057, 0.035, 1.581, 6.566, 2.500, 1, 0 
1418, 398538948, 0.000, -1.532, 0.000, 0.674, 0.000, 0.054, 0.035, 1.587, 6.573, 2.500, 1, 0 
1418, 399545675, 0.000, -1.538, 0.000, 0.679, 0.000, 0.054, 0.003, 1.594, 6.580, 2.500, 1, 0 
1418, 400554511, 0.000, -1.544, 0.000, 0.684, 0.000, 0.047, -0.028, 1.601, 6.586, 2.500, 1, 0 
1418, 401568796, 0.000, -1.550, 0.000, 0.690, 0.000, 0.041, -0.028, 1.607, 6.593, 2.500, 1, 0 
1418, 402575725, 0.000, -1.556, 0.000, 0.696, 0.000, 0.032, -0.028, 1.614, 6.599, 2.500, 1, 0 
1418, 403585596, 0.000, -1.562, 0.000, 0.701, 0.000, 0.028, 0.035, 1.620, 6.606, 2.500, 1, 0 
1418, 404595137, 0.000, -1.568, 0.000, 0.707, 0.000, 0.019, 0.035, 1.627, 6.612, 2.500, 1, 0 
1418, 405603731, 0.000, -1.574, 0.000, 0.713, 0.000, 0.016, 0.066, 1.634, 6.619, 2.500, 1, 0 
1418, 406796338, 0.000, -1.579, 0.000, 0.720, 0.000, 0.013, 0.066, 1.640, 6.625, 2.500, 1, 0 
1418, 408059978, 0.000, -1.585, 0.000, 0.726, 0.000, 0.016, 0.035, 1.647, 6.632, 2.500, 1, 0 
1418, 409090263, 0.000, -1.591, 0.000, 0.732, 0.000, 0.022, 0.066, 1.654, 6.639, 2.500, 1, 0 
1418, 410136125, 0.000, -1.597, 0.000, 0.738, 0.000, 0.025, 0.098, 1.660, 6.645, 2.500, 1, 0 
1418, 411246802, 0.000, -1.603, 0.000, 0.744, 0.000, 0.028, 0.066, 1.667, 6.652, 2.500, 1, 0 
1418, 412255546, 0.000, -1.609, 0.000, 0.750, 0.000, 0.041, 0.066, 1.673, 6.659, 2.500, 1, 0 
1418, 413261579, 0.000, -1.615, 0.000, 0.755, 0.000, 0.050, 0.066, 1.680, 6.665, 2.500, 1, 0 
1418, 414329065, 0.000, -1.621, 0.000, 0.761, 0.000, 0.054, 0.003, 1.687, 6.672, 2.500, 1, 0 
1418, 415335758, 0.000, -1.627, 0.000, 0.766, 0.000, 0.060, 0.035, 1.694, 6.678, 2.500, 1, 0 
1418, 416356102, 0.000, -1.633, 0.000, 0.772, 0.000, 0.054, 0.003, 1.700, 6.685, 2.500, 1, 0 
1418, 417407029, 0.000, -1.639, 0.000, 0.777, 0.000, 0.047, -0.028, 1.707, 6.692, 2.500, 1, 0 
1418, 418439669, 0.000, -1.644, 0.000, 0.783, 0.000, 0.044, 0.003, 1.714, 6.698, 2.500, 1, 0 
1418, 419447988, 0.000, -1.650, 0.000, 0.789, 0.000, 0.035, -0.028, 1.720, 6.705, 2.500, 1, 0 
1418, 420456421, 0.000, -1.656, 0.000, 0.795, 0.000, 0.028, -0.028, 1.727, 6.712, 2.500, 1, 0 
1418, 421483122, 0.000, -1.662, 0.000, 0.802, 0.000, 0.025, 0.066, 1.734, 6.718, 2.500, 1, 0 
1418, 422850678, 0.000, -1.668, 0.000, 0.808, 0.000, 0.019, 0.098, 1.740, 6.725, 2.500, 1, 0 
1418, 423857466, 0.000, -1.674, 0.000, 0.815, 0.000, 0.019, 0.098, 1.747, 6.732, 2.500, 1, 0 
1418, 424864464, 0.000, -1.680, 0.000, 0.821, 0.000, 0.019, 0.066, 1.754, 6.738, 2.500, 1, 0 
1418, 425871366, 0.000, -1.686, 0.000, 0.827, 0.000, 0.028, 0.066, 1.761, 6.745, 2.500, 1, 0 
1418, 426878630, 0.000, -1.692, 0.000, 0.834, 0.000, 0.032, 0.066, 1.767, 6.752, 2.500, 1, 0 
1418, 427910056, 0.000, -1.698, 0.000, 0.840, 0.000, 0.038, 0.066, 1.774, 6.759, 2.500, 1, 0 
1418, 428969399, 0.000, -1.704, 0.000, 0.846, 0.000, 0.041, 0.003, 1.781, 6.765, 2.500, 1, 0 
1418, 430038398, 0.000, -1.710, 0.000, 0.852, 0.000, 0.050, 0.035, 1.788, 6.772, 2.500, 1, 0 
1418, 431109665, 0.000, -1.716, 0.000, 0.858, 0.000, 0.050, 0.003, 1.794, 6.779, 2.500, 1, 0 
1418, 432117981, 0.000, -1.721, 0.000, 0.864, 0.000, 0.057, 0.003, 1.801, 6.786, 2.500, 1, 0 
1418, 433125946, 0.000, -1.727, 0.000, 0.870, 0.000, 0.047, -0.028, 1.808, 6.792, 2.500, 1, 0 
1418, 434133492, 0.000, -1.733, 0.000, 0.876, 0.000, 0.041, 0.003, 1.815, 6.799, 2.500, 1, 0 
1418, 435141903, 0.000, -1.739, 0.000, 0.883, 0.000, 0.022, -0.060, 1.822, 6.806, 2.500, 1, 0 
1418, 436148535, 0.000, -1.745, 0.000, 0.890, 0.000, 0.025, 0.035, 1.828, 6.813, 2.500, 1, 0 
1418, 437227597, 0.000, -1.751, 0.000, 0.897, 0.000, 0.013, 0.035, 1.835, 6.819, 2.500, 1, 0 
1418, 438265211, 0.000, -1.757, 0.000, 0.903, 0.000, 0.016, 0.098, 1.842, 6.826, 2.500, 1, 0 
1418, 439892944, 0.000, -1.763, 0.000, 0.910, 0.000, 0.009, 0.066, 1.849, 6.833, 2.500, 1, 0 
1418, 441053663, 0.000, -1.769, 0.000, 0.917, 0.000, 0.019, 0.066, 1.856, 6.840, 2.500, 1, 0 
1418, 442079813, 0.000, -1.775, 0.000, 0.924, 0.000, 0.025, 0.098, 1.863, 6.847, 2.500, 1, 0 
1418, 443087354, 0.000, -1.781, 0.000, 0.931, 0.000, 0.028, 0.066, 1.869, 6.853, 2.500, 1, 0 
1418, 444094435, 0.000, -1.787, 0.000, 0.937, 0.000, 0.038, 0.066, 1.876, 6.860, 2.500, 1, 0 
1418, 445153763, 0.000, -1.793, 0.000, 0.944, 0.000, 0.044, 0.035, 1.883, 6.867, 2.500, 1, 0 
1418, 446213588, 0.000, -1.798, 0.000, 0.950, 0.000, 0.054, 0.066, 1.890, 6.874, 2.500, 1, 0 
1418, 447220651, 0.000, -1.804, 0.000, 0.956, 0.000, 0.057, 0.003, 1.897, 6.881, 2.500, 1, 0 
1418, 448228903, 0.000, -1.810, 0.000, 0.963, 0.000, 0.063, 0.035, 1.904, 6.887, 2.500, 1, 0 
1418, 449262197, 0.000, -1.816, 0.000, 0.969, 0.000, 0.054, -0.028, 1.911, 6.894, 2.500, 1, 0 
1418, 450314200, 0.000, -1.822, 0.000, 0.976, 0.000, 0.044, -0.060, 1.918, 6.901, 2.500, 1, 0 
1418, 451322594, 0.000, -1.828, 0.000, 0.982, 0.000, 0.038, -0.028, 1.925, 6.908, 2.500, 1, 0 
1418, 452329043, 0.000, -1.834, 0.000, 0.989, 0.000, 0.028, 0.003, 1.931, 6.915, 2.500, 1, 0 
1418, 453340420, 0.000, -1.840, 0.000, 0.997, 0.000, 0.013, -0.028, 1.938, 6.922, 2.500, 1, 0 
1418, 454356846, 0.000, -1.846, 0.000, 1.004, 0.000, 0.013, 0.035, 1.945, 6.929, 2.500, 1, 0 
1418, 455386811, 0.000, -1.852, 0.000, 1.011, 0.000, 0.003, 0.035, 1.952, 6.936, 2.500, 1, 0 
1418, 456758219, 0.000, -1.858, 0.000, 1.019, 0.000, 0.006, 0.066, 1.959, 6.943, 2.500, 1, 0 
1418, 457794228, 0.000, -1.864, 0.000, 1.026, 0.000, 0.003, 0.066, 1.966, 6.949, 2.500, 1, 0 
1418, 458803962, 0.000, -1.870, 0.000, 1.034, 0.000, 0.013, 0.098, 1.973, 6.956, 2.500, 1, 0 
1418, 459814603, 0.000, -1.876, 0.000, 1.041, 0.000, 0.013, 0.066, 1.980, 6.963, 2.500, 1, 0 
1418, 460820100, 0.000, -1.881, 0.000, 1.049, 0.000, 0.025, 0.066, 1.987, 6.970, 2.500, 1, 0 
1418, 461844438, 0.000, -1.887, 0.000, 1.056, 0.000, 0.038, 0.066, 1.994, 6.977, 2.500, 1, 0 
1418, 462867958, 0.000, -1.893, 0.000, 1.063, 0.000, 0.041, 0.003, 2.001, 6.984, 2.500, 1, 0 
1418, 463890608, 0.000, -1.899, 0.000, 1.069, 0.000, 0.047, 0.003, 2.008, 6.986, 2.500, 1, 0 
1418, 464917992, 0.000, -1.905, 0.000, 1.076, 0.000, 0.054, 0.035, 2.015, 6.993, 2.500, 1, 0 
1418, 465944150, 0.000, -1.911, 0.000, 1.083, 0.000, 0.047, 0.003, 2.022, 7.000, 2.500, 1, 0 
1418, 466993801, 0.000, -1.917, 0.000, 1.090, 0.000, 0.047, 0.003, 2.029, 7.007, 2.500, 1, 0 
1418, 468010332, 0.000, -1.923, 0.000, 1.097, 0.000, 0.038, -0.028, 2.036, 7.014, 2.500, 1, 0 
1418, 469020327, 0.000, -1.929, 0.000, 1.104, 0.000, 0.032, -0.028, 2.043, 7.021, 2.500, 1, 0 
1418, 470030051, 0.000, -1.935, 0.000, 1.112, 0.000, 0.022, 0.003, 2.050, 7.028, 2.500, 1, 0 
1418, 471038808, 0.000, -1.941, 0.000, 1.120, 0.000, 0.016, 0.035, 2.057, 7.035, 2.500, 1, 0 
1418, 472049879, 0.000, -1.947, 0.000, 1.127, 0.000, 0.013, 0.066, 2.064, 7.042, 2.500, 1, 0 
1418, 473611072, 0.000, -1.953, 0.000, 1.135, 0.000, 0.006, 0.035, 2.071, 7.049, 2.500, 1, 0 
1418, 474725489, 0.000, -1.958, 0.000, 1.143, 0.000, 0.019, 0.098, 2.078, 7.056, 2.500, 1, 0 
1418, 475730966, 0.000, -1.964, 0.000, 1.151, 0.000, 0.016, 0.035, 2.085, 7.063, 2.500, 1, 0 
1418, 476757105, 0.000, -1.970, 0.000, 1.158, 0.000, 0.028, 0.098, 2.092, 7.070, 2.500, 1, 0 
1418, 477762300, 0.000, -1.976, 0.000, 1.166, 0.000, 0.028, 0.066, 2.099, 7.077, 2.500, 1, 0 
1418, 478768581, 0.000, -1.982, 0.000, 1.173, 0.000, 0.035, 0.035, 2.107, 7.084, 2.500, 1, 0 
1418, 479776602, 0.000, -1.988, 0.000, 1.181, 0.000, 0.047, 0.066, 2.114, 7.091, 2.500, 1, 0 
1418, 480784227, 0.000, -1.994, 0.000, 1.188, 0.000, 0.050, 0.035, 2.121, 7.098, 2.500, 1, 0 
1418, 481852114, 0.000, -2.000, 0.000, 1.195, 0.000, 0.054, 0.003, 2.128, 7.105, 2.500, 1, 0 
1418, 482867223, 0.000, -2.006, 0.000, 1.202, 0.000, 0.050, -0.028, 2.135, 7.112, 2.500, 1, 0 
1418, 483943630, 0.000, -2.012, 0.000, 1.210, 0.000, 0.044, -0.028, 2.142, 7.119, 2.500, 1, 0 
1418, 484950600, 0.000, -2.018, 0.000, 1.217, 0.000, 0.041, 0.003, 2.149, 7.126, 2.500, 1, 0 
1418, 485958267, 0.000, -2.023, 0.000, 1.225, 0.000, 0.028, 0.003, 2.156, 7.133, 2.500, 1, 0 
1418, 487015199, 0.000, -2.029, 0.000, 1.233, 0.000, 0.025, 0.003, 2.163, 7.140, 2.500, 1, 0 
1418, 488032460, 0.000, -2.035, 0.000, 1.241, 0.000, 0.019, 0.035, 2.171, 7.147, 2.500, 1, 0 
1418, 489061945, 0.000, -2.041, 0.000, 1.249, 0.000, 0.016, 0.066, 2.178, 7.154, 2.500, 1, 0 
1418, 490429627, 0.000, -2.047, 0.000, 1.257, 0.000, 0.016, 0.066, 2.185, 7.161, 2.500, 1, 0 
1418, 491436672, 0.000, -2.053, 0.000, 1.265, 0.000, 0.016, 0.066, 2.192, 7.169, 2.500, 1, 0 
1418, 492441528, 0.000, -2.059, 0.000, 1.273, 0.000, 0.022, 0.098, 2.199, 7.176, 2.500, 1, 0 
1418, 493501736, 0.000, -2.065, 0.000, 1.281, 0.000, 0.025, 0.066, 2.206, 7.183, 2.500, 1, 0 
1418, 494560974, 0.000, -2.071, 0.000, 1.289, 0.000, 0.038, 0.066, 2.214, 7.190, 2.500, 1, 0 
1418, 495618952, 0.000, -2.077, 0.000, 1.297, 0.000, 0.044, 0.035, 2.221, 7.197, 2.500, 1, 0 
1418, 496680209, 0.000, -2.083, 0.000, 1.305, 0.000, 0.050, 0.035, 2.228, 7.204, 2.500, 1, 0 
1418, 497739521, 0.000, -2.088, 0.000, 1.312, 0.000, 0.050, 0.003, 2.235, 7.211, 2.500, 1, 0 
1418, 498799873, 0.000, -2.094, 0.000, 1.320, 0.000, 0.050, -0.028, 2.242, 7.218, 2.500, 1, 0 
1418, 499807559, 0.000, -2.100, 0.000, 1.328, 0.000, 0.047, -0.028, 2.250, 7.226, 2.500, 1, 0 
1418, 500824445, 0.000, -2.106, 0.000, 1.336, 0.000, 0.041, 0.003, 2.257, 7.233, 2.500, 1, 0 
1418, 501830538, 0.000, -2.112, 0.000, 1.344, 0.000, 0.028, -0.028, 2.264, 7.240, 2.500, 1, 0 
1418, 502841094, 0.000, -2.118, 0.000, 1.352, 0.000, 0.025, 0.003, 2.271, 7.247, 2.500, 1, 0 
1418, 503856827, 0.000, -2.124, 0.000, 1.360, 0.000, 0.019, 0.066, 2.279, 7.254, 2.500, 1, 0 
1418, 505345350, 0.000, -2.130, 0.000, 1.369, 0.000, 0.013, 0.066, 2.286, 7.262, 2.500, 1, 0 
1418, 506368238, 0.000, -2.136, 0.000, 1.378, 0.000, 0.016, 0.098, 2.293, 7.269, 2.500, 1, 0 
1418, 507411850, 0.000, -2.142, 0.000, 1.386, 0.000, 0.016, 0.066, 2.300, 7.276, 2.500, 1, 0 
1418, 508419026, 0.000, -2.147, 0.000, 1.395, 0.000, 0.022, 0.066, 2.308, 7.283, 2.500, 1, 0 
1418, 509426857, 0.000, -2.153, 0.000, 1.403, 0.000, 0.022, 0.003, 2.315, 7.290, 2.500, 1, 0 
1418, 510432314, 0.000, -2.159, 0.000, 1.411, 0.000, 0.041, 0.098, 2.322, 7.298, 2.500, 1, 0 
1418, 511440711, 0.000, -2.165, 0.000, 1.419, 0.000, 0.041, 0.066, 2.330, 7.305, 2.500, 1, 0 
1418, 512446845, 0.000, -2.171, 0.000, 1.427, 0.000, 0.050, 0.066, 2.337, 7.312, 2.500, 1, 0 
1418, 513505539, 0.000, -2.177, 0.000, 1.435, 0.000, 0.057, 0.035, 2.344, 7.319, 2.500, 1, 0 
1418, 514563592, 0.000, -2.183, 0.000, 1.443, 0.000, 0.060, 0.003, 2.352, 7.327, 2.500, 1, 0 
1418, 515623096, 0.000, -2.189, 0.000, 1.451, 0.000, 0.057, 0.003, 2.359, 7.334, 2.500, 1, 0 
1418, 516630310, 0.000, -2.195, 0.000, 1.459, 0.000, 0.050, 0.003, 2.366, 7.341, 2.500, 1, 0 
1418, 517636231, 0.000, -2.200, 0.000, 1.468, 0.000, 0.038, -0.028, 2.374, 7.349, 2.500, 1, 0 
1418, 518642788, 0.000, -2.206, 0.000, 1.476, 0.000, 0.038, 0.035, 2.381, 7.356, 2.500, 1, 0 
1418, 519668981, 0.000, -2.212, 0.000, 1.485, 0.000, 0.022, -0.028, 2.388, 7.363, 2.500, 1, 0 
1418, 520769081, 0.000, -2.218, 0.000, 1.493, 0.000, 0.032, 0.035, 2.396, 7.370, 2.500, 1, 0 
1418, 521785542, 0.000, -2.224, 0.000, 1.502, 0.000, 0.019, 0.035, 2.403, 7.378, 2.500, 1, 0 
1418, 523035111, 0.000, -2.230, 0.000, 1.511, 0.000, 0.019, 0.066, 2.410, 7.385, 2.500, 1, 0 
1418, 524311957, 0.000, -2.236, 0.000, 1.520, 0.000, 0.016, 0.066, 2.418, 7.392, 2.500, 1, 0 
1418, 525318560, 0.000, -2.242, 0.000, 1.529, 0.000, 0.016, 0.035, 2.425, 7.400, 2.500, 1, 0 
1418, 526326555, 0.000, -2.247, 0.000, 1.538, 0.000, 0.022, 0.035, 2.433, 7.407, 2.500, 1, 0 
1418, 527386757, 0.000, -2.253, 0.000, 1.547, 0.000, 0.028, 0.066, 2.440, 7.414, 2.500, 1, 0 
1418, 528451311, 0.000, -2.259, 0.000, 1.556, 0.000, 0.025, 0.003, 2.448, 7.422, 2.500, 1, 0 
1418, 529459586, 0.000, -2.265, 0.000, 1.564, 0.000, 0.041, 0.066, 2.455, 7.429, 2.500, 1, 0 
1418, 530519428, 0.000, -2.271, 0.000, 1.573, 0.000, 0.032, 0.003, 2.462, 7.437, 2.500, 1, 0 
1418, 531527083, 0.000, -2.277, 0.000, 1.582, 0.000, 0.041, 0.003, 2.470, 7.444, 2.500, 1, 0 
1418, 532536587, 0.000, -2.283, 0.000, 1.591, 0.000, 0.035, -0.028, 2.477, 7.451, 2.500, 1, 0 
1418, 533565603, 0.000, -2.289, 0.000, 1.599, 0.000, 0.035, 0.003, 2.485, 7.459, 2.500, 1, 0 
1418, 534573068, 0.000, -2.294, 0.000, 1.609, 0.000, 0.025, 0.003, 2.492, 7.466, 2.500, 1, 0 
1418, 535582304, 0.000, -2.300, 0.000, 1.618, 0.000, 0.022, 0.035, 2.500, 7.474, 2.500, 1, 0 
1418, 536591313, 0.000, -2.306, 0.000, 1.627, 0.000, 0.016, 0.003, 2.507, 7.481, 2.500, 1, 0 
1418, 537598040, 0.000, -2.312, 0.000, 1.636, 0.000, 0.019, 0.035, 2.515, 7.488, 2.500, 1, 0 
1418, 538605049, 0.000, -2.318, 0.000, 1.646, 0.000, 0.016, 0.066, 2.522, 7.496, 2.500, 1, 0 
1418, 539623213, 0.000, -2.324, 0.000, 1.655, 0.000, 0.022, 0.098, 2.530, 7.503, 2.500, 1, 0 
1418, 541031653, 0.000, -2.330, 0.000, 1.664, 0.000, 0.013, 0.003, 2.537, 7.511, 2.500, 1, 0 
1418, 542042718, 0.000, -2.335, 0.000, 1.674, 0.000, 0.028, 0.066, 2.545, 7.518, 2.500, 1, 0 
1418, 543050457, 0.000, -2.341, 0.000, 1.683, 0.000, 0.028, 0.066, 2.552, 7.526, 2.500, 1, 0 
1418, 544059033, 0.000, -2.347, 0.000, 1.692, 0.000, 0.041, 0.098, 2.560, 7.533, 2.500, 1, 0 
1418, 545118340, 0.000, -2.353, 0.000, 1.701, 0.000, 0.044, 0.066, 2.567, 7.541, 2.500, 1, 0 
1418, 546177049, 0.000, -2.359, 0.000, 1.710, 0.000, 0.050, 0.035, 2.575, 7.548, 2.500, 1, 0 
1418, 547241984, 0.000, -2.365, 0.000, 1.718, 0.000, 0.050, 0.003, 2.582, 7.556, 2.500, 1, 0 
1418, 548315351, 0.000, -2.370, 0.000, 1.727, 0.000, 0.047, -0.060, 2.590, 7.563, 2.500, 1, 0 
1418, 549382351, 0.000, -2.376, 0.000, 1.736, 0.000, 0.047, -0.028, 2.598, 7.571, 2.500, 1, 0 
1418, 550434101, 0.000, -2.382, 0.000, 1.746, 0.000, 0.035, -0.028, 2.605, 7.578, 2.500, 1, 0 
1418, 551442351, 0.000, -2.388, 0.000, 1.755, 0.000, 0.022, -0.028, 2.613, 7.586, 2.500, 1, 0 
1418, 552450169, 0.000, -2.394, 0.000, 1.765, 0.000, 0.022, 0.003, 2.620, 7.593, 2.500, 1, 0 
1418, 553459535, 0.000, -2.400, 0.000, 1.775, 0.000, 0.013, 0.003, 2.628, 7.601, 2.500, 1, 0 
1418, 554468477, 0.000, -2.405, 0.000, 1.784, 0.000, 0.009, 0.035, 2.635, 7.608, 2.500, 1, 0 
1418, 555530923, 0.000, -2.411, 0.000, 1.795, 0.000, 0.003, 0.066, 2.643, 7.616, 2.500, 1, 0 
1418, 556553311, 0.000, -2.417, 0.000, 1.805, 0.000, 0.000, 0.066, 2.651, 7.623, 2.500, 1, 0 
1418, 557802849, 0.000, -2.423, 0.000, 1.815, 0.000, -0.003, 0.003, 2.658, 7.631, 2.500, 1, 0 
1418, 558809637, 0.000, -2.429, 0.000, 1.825, 0.000, 0.009, 0.066, 2.666, 7.638, 2.500, 1, 0 
1418, 559814319, 0.000, -2.435, 0.000, 1.835, 0.000, 0.016, 0.066, 2.674, 7.646, 2.500, 1, 0 
1418, 560876006, 0.000, -2.440, 0.000, 1.844, 0.000, 0.025, 0.066, 2.681, 7.654, 2.500, 1, 0 
1418, 561938097, 0.000, -2.446, 0.000, 1.854, 0.000, 0.038, 0.098, 2.689, 7.661, 2.500, 1, 0 
1418, 562945431, 0.000, -2.452, 0.000, 1.864, 0.000, 0.032, -0.060, 2.697, 7.669, 2.500, 1, 0 
1418, 563952528, 0.000, -2.458, 0.000, 1.873, 0.000, 0.044, -0.028, 2.704, 7.676, 2.500, 1, 0 
1418, 564960097, 0.000, -2.464, 0.000, 1.883, 0.000, 0.041, 0.003, 2.712, 7.684, 2.500, 1, 0 
1418, 565992641, 0.000, -2.469, 0.000, 1.892, 0.000, 0.035, 0.003, 2.720, 7.692, 2.500, 1, 0 
1418, 567082023, 0.000, -2.475, 0.000, 1.902, 0.000, 0.025, -0.028, 2.727, 7.699, 2.500, 1, 0 
1418, 568169857, 0.000, -2.481, 0.000, 1.912, 0.000, 0.019, -0.028, 2.735, 7.707, 2.500, 1, 0 
1418, 569177564, 0.000, -2.487, 0.000, 1.922, 0.000, 0.019, 0.003, 2.743, 7.715, 2.500, 1, 0 
1418, 570189922, 0.000, -2.493, 0.000, 1.933, 0.000, 0.009, 0.003, 2.751, 7.722, 2.500, 1, 0 
1418, 571196939, 0.000, -2.498, 0.000, 1.943, 0.000, 0.009, 0.066, 2.758, 7.730, 2.500, 1, 0 
1418, 572368621, 0.000, -2.504, 0.000, 1.953, 0.000, 0.000, 0.035, 2.766, 7.738, 2.500, 1, 0 
1418, 573734033, 0.000, -2.510, 0.000, 1.964, 0.000, 0.003, 0.098, 2.774, 7.745, 2.500, 1, 0 
1418, 574751835, 0.000, -2.516, 0.000, 1.974, 0.000, 0.006, 0.035, 2.781, 7.753, 2.500, 1, 0 
1418, 575760933, 0.000, -2.522, 0.000, 1.984, 0.000, 0.028, 0.129, 2.789, 7.761, 2.500, 1, 0 
1418, 576769226, 0.000, -2.527, 0.000, 1.995, 0.000, 0.022, 0.035, 2.797, 7.768, 2.500, 1, 0 
1418, 577830771, 0.000, -2.533, 0.000, 2.005, 0.000, 0.038, 0.066, 2.805, 7.776, 2.500, 1, 0 
1418, 578888206, 0.000, -2.539, 0.000, 2.014, 0.000, 0.044, 0.066, 2.813, 7.784, 2.500, 1, 0 
1418, 579956427, 0.000, -2.545, 0.000, 2.024, 0.000, 0.057, 0.098, 2.820, 7.791, 2.500, 1, 0 
1418, 581024967, 0.000, -2.550, 0.000, 2.034, 0.000, 0.054, 0.003, 2.828, 7.799, 2.500, 1, 0 
1418, 582091869, 0.000, -2.556, 0.000, 2.043, 0.000, 0.063, 0.003, 2.836, 7.807, 2.500, 1, 0 
1418, 583099263, 0.000, -2.562, 0.000, 2.053, 0.000, 0.057, 0.003, 2.844, 7.815, 2.500, 1, 0 
1418, 584115464, 0.000, -2.568, 0.000, 2.063, 0.000, 0.054, 0.003, 2.852, 7.822, 2.500, 1, 0 
1418, 585127538, 0.000, -2.573, 0.000, 2.073, 0.000, 0.044, 0.003, 2.859, 7.830, 2.500, 1, 0 
1418, 586136532, 0.000, -2.579, 0.000, 2.083, 0.000, 0.041, 0.003, 2.867, 7.838, 2.500, 1, 0 
1418, 587145640, 0.000, -2.585, 0.000, 2.093, 0.000, 0.032, 0.035, 2.875, 7.846, 2.500, 1, 0 
1418, 588163394, 0.000, -2.591, 0.000, 2.103, 0.000, 0.032, 0.066, 2.883, 7.854, 2.500, 1, 0 
1418, 589474603, 0.000, -2.597, 0.000, 2.114, 0.000, 0.028, 0.066, 2.891, 7.861, 2.500, 1, 0 
1418, 590481613, 0.000, -2.602, 0.000, 2.124, 0.000, 0.028, 0.066, 2.899, 7.869, 2.500, 1, 0 
1418, 591488989, 0.000, -2.608, 0.000, 2.135, 0.000, 0.025, 0.066, 2.907, 7.877, 2.500, 1, 0 
1418, 592501468, 0.000, -2.614, 0.000, 2.145, 0.000, 0.032, 0.066, 2.914, 7.885, 2.500, 1, 0 
1418, 593561555, 0.000, -2.620, 0.000, 2.155, 0.000, 0.041, 0.098, 2.922, 7.893, 2.500, 1, 0 
1418, 594569025, 0.000, -2.625, 0.000, 2.165, 0.000, 0.044, 0.066, 2.930, 7.900, 2.500, 1, 0 
1418, 595578941, 0.000, -2.631, 0.000, 2.176, 0.000, 0.050, 0.035, 2.938, 7.908, 2.500, 1, 0 
1418, 596588296, 0.000, -2.637, 0.000, 2.186, 0.000, 0.057, 0.035, 2.946, 7.916, 2.500, 1, 0 
1418, 597616602, 0.000, -2.642, 0.000, 2.196, 0.000, 0.057, 0.003, 2.954, 7.924, 2.500, 1, 0 
1418, 598643700, 0.000, -2.648, 0.000, 2.206, 0.000, 0.047, -0.091, 2.962, 7.932, 2.500, 1, 0 
1418, 599676468, 0.000, -2.654, 0.000, 2.216, 0.000, 0.050, 0.003, 2.970, 7.940, 2.500, 1, 0 
1418, 600755826, 0.000, -2.660, 0.000, 2.227, 0.000, 0.032, -0.028, 2.978, 7.948, 2.500, 1, 0 
1418, 601763110, 0.000, -2.665, 0.000, 2.238, 0.000, 0.028, 0.003, 2.986, 7.955, 2.500, 1, 0 
1418, 602770718, 0.000, -2.671, 0.000, 2.249, 0.000, 0.016, -0.028, 2.994, 7.963, 2.500, 1, 0 
1418, 603784389, 0.000, -2.677, 0.000, 2.260, 0.000, 0.009, -0.028, 3.002, 7.971, 2.500, 1, 0 
1418, 604794261, 0.000, -2.683, 0.000, 2.271, 0.000, 0.003, 0.035, 3.010, 7.972, 2.500, 1, 0 
1418, 605821308, 0.000, -2.688, 0.000, 2.282, 0.000, -0.003, 0.066, 3.018, 7.980, 2.500, 1, 0 
1418, 607159645, 0.000, -2.694, 0.000, 2.294, 0.000, 0.003, 0.129, 3.026, 7.987, 2.500, 1, 0 
1418, 608165409, 0.000, -2.700, 0.000, 2.305, 0.000, 0.003, 0.098, 3.034, 7.995, 2.500, 1, 0 
1418, 609196313, 0.000, -2.705, 0.000, 2.316, 0.000, 0.016, 0.098, 3.042, 8.003, 2.500, 1, 0 
1418, 610258689, 0.000, -2.711, 0.000, 2.327, 0.000, 0.032, 0.066, 3.050, 8.011, 2.500, 1, 0 
1418, 611289628, 0.000, -2.717, 0.000, 2.338, 0.000, 0.041, 0.066, 3.058, 8.019, 2.500, 1, 0 
1418, 612358547, 0.000, -2.722, 0.000, 2.349, 0.000, 0.050, 0.066, 3.066, 8.027, 2.500, 1, 0 
1418, 613425955, 0.000, -2.728, 0.000, 2.359, 0.000, 0.050, 0.003, 3.074, 8.035, 2.500, 1, 0 
1418, 614483851, 0.000, -2.734, 0.000, 2.370, 0.000, 0.057, -0.028, 3.082, 8.043, 2.500, 1, 0 
1418, 615492203, 0.000, -2.739, 0.000, 2.380, 0.000, 0.057, -0.060, 3.090, 8.051, 2.500, 1, 0 
1418, 616498576, 0.000, -2.745, 0.000, 2.391, 0.000, 0.057, 0.003, 3.098, 8.059, 2.500, 1, 0 
1418, 617505914, 0.000, -2.751, 0.000, 2.402, 0.000, 0.038, -0.060, 3.106, 8.067, 2.500, 1, 0 
1418, 618513719, 0.000, -2.756, 0.000, 2.413, 0.000, 0.032, 0.003, 3.114, 8.075, 2.500, 1, 0 
1418, 619521951, 0.000, -2.762, 0.000, 2.424, 0.000, 0.016, 0.003, 3.122, 8.083, 2.500, 1, 0 
1418, 620528014, 0.000, -2.768, 0.000, 2.436, 0.000, 0.006, 0.003, 3.130, 8.091, 2.500, 1, 0 
1418, 621551034, 0.000, -2.773, 0.000, 2.448, 0.000, 0.006, 0.066, 3.138, 8.099, 2.500, 1, 0 
1418, 622668059, 0.000, -2.779, 0.000, 2.460, 0.000, -0.003, 0.035, 3.146, 8.107, 2.500, 1, 0 
1418, 623677455, 0.000, -2.785, 0.000, 2.471, 0.000, -0.000, 0.066, 3.155, 8.115, 2.500, 1, 0 
1418, 624741005, 0.000, -2.790, 0.000, 2.483, 0.000, 0.003, 0.066, 3.163, 8.123, 2.500, 1, 0 
1418, 625748362, 0.000, -2.796, 0.000, 2.495, 0.000, 0.013, 0.066, 3.171, 8.131, 2.500, 1, 0 
1418, 626756920, 0.000, -2.802, 0.000, 2.506, 0.000, 0.025, 0.066, 3.179, 8.139, 2.500, 1, 0 
1418, 627765934, 0.000, -2.807, 0.000, 2.518, 0.000, 0.032, 0.066, 3.187, 8.147, 2.500, 1, 0 
1418, 628774044, 0.000, -2.813, 0.000, 2.529, 0.000, 0.041, 0.035, 3.195, 8.155, 2.500, 1, 0 
1418, 629782139, 0.000, -2.819, 0.000, 2.540, 0.000, 0.041, -0.028, 3.203, 8.163, 2.500, 1, 0 
1418, 630808223, 0.000, -2.824, 0.000, 2.551, 0.000, 0.047, 0.003, 3.212, 8.171, 2.500, 1, 0 
1418, 631869361, 0.000, -2.830, 0.000, 2.563, 0.000, 0.041, -0.028, 3.220, 8.179, 2.500, 1, 0 
1418, 632895997, 0.000, -2.835, 0.000, 2.574, 0.000, 0.038, 0.003, 3.228, 8.188, 2.500, 1, 0 
1418, 633946521, 0.000, -2.841, 0.000, 2.585, 0.000, 0.032, 0.003, 3.236, 8.196, 2.500, 1, 0 
1418, 634954653, 0.000, -2.847, 0.000, 2.597, 0.000, 0.025, 0.003, 3.244, 8.204, 2.500, 1, 0 
1418, 635964318, 0.000, -2.852, 0.000, 2.609, 0.000, 0.016, -0.028, 3.253, 8.212, 2.500, 1, 0 
1418, 636972257, 0.000, -2.858, 0.000, 2.621, 0.000, 0.016, 0.035, 3.261, 8.220, 2.500, 1, 0 
1418, 637980418, 0.000, -2.863, 0.000, 2.633, 0.000, 0.009, 0.066, 3.269, 8.228, 2.500, 1, 0 
1418, 638992786, 0.000, -2.869, 0.000, 2.645, 0.000, 0.009, 0.098, 3.277, 8.236, 2.500, 1, 0 
1418, 640055469, 0.000, -2.875, 0.000, 2.657, 0.000, 0.009, 0.066, 3.285, 8.244, 2.500, 1, 0 
1418, 641332552, 0.000, -2.880, 0.000, 2.669, 0.000, 0.022, 0.066, 3.294, 8.253, 2.500, 1, 0 
1418, 642339520, 0.000, -2.886, 0.000, 2.681, 0.000, 0.025, 0.035, 3.302, 8.261, 2.500, 1, 0 
1418, 643389052, 0.000, -2.891, 0.000, 2.693, 0.000, 0.035, 0.035, 3.310, 8.269, 2.500, 1, 0 
1418, 644448653, 0.000, -2.897, 0.000, 2.704, 0.000, 0.038, 0.035, 3.319, 8.277, 2.500, 1, 0 
1418, 645517608, 0.000, -2.903, 0.000, 2.716, 0.000, 0.041, 0.035, 3.327, 8.285, 2.500, 1, 0 
1418, 646530289, 0.000, -2.908, 0.000, 2.728, 0.000, 0.038, -0.028, 3.335, 8.294, 2.500, 1, 0 
1418, 647566254, 0.000, -2.914, 0.000, 2.739, 0.000, 0.047, 0.003, 3.343, 8.302, 2.500, 1, 0 
1418, 648625283, 0.000, -2.919, 0.000, 2.751, 0.000, 0.038, -0.028, 3.352, 8.310, 2.500, 1, 0 
1418, 649693069, 0.000, -2.925, 0.000, 2.763, 0.000, 0.035, 0.003, 3.360, 8.318, 2.500, 1, 0 
1418, 650712589, 0.000, -2.930, 0.000, 2.775, 0.000, 0.022, 0.003, 3.368, 8.326, 2.500, 1, 0 
1418, 651720865, 0.000, -2.936, 0.000, 2.787, 0.000, 0.013, -0.028, 3.377, 8.335, 2.500, 1, 0 
1418, 652734329, 0.000, -2.941, 0.000, 2.800, 0.000, 0.009, 0.003, 3.385, 8.343, 2.500, 1, 0 
1418, 653802850, 0.000, -2.947, 0.000, 2.812, 0.000, 0.003, 0.003, 3.393, 8.351, 2.500, 1, 0 
1418, 654812418, 0.000, -2.953, 0.000, 2.825, 0.000, 0.003, 0.035, 3.402, 8.359, 2.500, 1, 0 
1418, 655840182, 0.000, -2.958, 0.000, 2.838, 0.000, 0.003, 0.066, 3.410, 8.368, 2.500, 1, 0 
1418, 657440552, 0.000, -2.964, 0.000, 2.850, 0.000, 0.003, 0.066, 3.418, 8.376, 2.500, 1, 0 
1418, 658448225, 0.000, -2.969, 0.000, 2.863, 0.000, 0.013, 0.066, 3.427, 8.384, 2.500, 1, 0 
1418, 659457214, 0.000, -2.975, 0.000, 2.875, 0.000, 0.016, 0.035, 3.435, 8.393, 2.500, 1, 0 
1418, 660465381, 0.000, -2.980, 0.000, 2.888, 0.000, 0.022, 0.003, 3.444, 8.401, 2.500, 1, 0 
1418, 661475897, 0.000, -2.986, 0.000, 2.900, 0.000, 0.032, 0.066, 3.452, 8.409, 2.500, 1, 0 
1418, 662534870, 0.000, -2.991, 0.000, 2.913, 0.000, 0.025, 0.003, 3.461, 8.418, 2.500, 1, 0 
1418, 663592531, 0.000, -2.997, 0.000, 2.925, 0.000, 0.041, 0.066, 3.469, 8.426, 2.500, 1, 0 
1418, 664659004, 0.000, -3.002, 0.000, 2.937, 0.000, 0.035, 0.003, 3.477, 8.434, 2.500, 1, 0 
1418, 665716526, 0.000, -3.008, 0.000, 2.949, 0.000, 0.038, -0.028, 3.486, 8.443, 2.500, 1, 0 
1418, 666724733, 0.000, -3.013, 0.000, 2.961, 0.000, 0.035, -0.028, 3.494, 8.451, 2.500, 1, 0 
1418, 667731791, 0.000, -3.019, 0.000, 2.974, 0.000, 0.028, 0.003, 3.503, 8.459, 2.500, 1, 0 
1418, 668738663, 0.000, -3.024, 0.000, 2.987, 0.000, 0.016, -0.028, 3.511, 8.468, 2.500, 1, 0 
1418, 669746728, 0.000, -3.030, 0.000, 3.000, 0.000, 0.006, -0.060, 3.520, 8.476, 2.500, 1, 0 
1418, 670795887, 0.000, -3.035, 0.000, 3.013, 0.000, 0.006, 0.003, 3.528, 8.484, 2.500, 1, 0 
1418, 671803188, 0.000, -3.041, 0.000, 3.026, 0.000, 0.003, 0.035, 3.537, 8.493, 2.500, 1, 0 
1418, 672825737, 0.000, -3.046, 0.000, 3.039, 0.000, -0.003, 0.035, 3.545, 8.501, 2.500, 1, 0 
1418, 674188011, 0.000, -3.052, 0.000, 3.052, 0.000, 0.003, 0.066, 3.554, 8.510, 2.500, 1, 0 
1418, 675195194, 0.000, -3.057, 0.000, 3.065, 0.000, 0.003, 0.098, 3.562, 8.518, 2.500, 1, 0 
1418, 676200382, 0.000, -3.062, 0.000, 3.078, 0.000, 0.006, 0.066, 3.571, 8.527, 2.500, 1, 0 
1418, 677258942, 0.000, -3.068, 0.000, 3.091, 0.000, 0.019, 0.066, 3.579, 8.535, 2.500, 1, 0 
1418, 678291973, 0.000, -3.073, 0.000, 3.104, 0.000, 0.028, 0.066, 3.588, 8.543, 2.500, 1, 0 
1418, 679324164, 0.000, -3.079, 0.000, 3.117, 0.000, 0.032, 0.035, 3.596, 8.552, 2.500, 1, 0 
1418, 680330065, 0.000, -3.084, 0.000, 3.129, 0.000, 0.038, 0.003, 3.605, 8.560, 2.500, 1, 0 
1418, 681396768, 0.000, -3.090, 0.000, 3.142, 0.000, 0.044, -0.028, 3.613, 8.569, 2.500, 1, 0 
1418, 682455468, 0.000, -3.095, 0.000, 3.154, 0.000, 0.047, 0.003, 3.622, 8.577, 2.500, 1, 0 
1418, 683463730, 0.000, -3.101, 0.000, 3.167, 0.000, 0.041, 0.003, 3.631, 8.586, 2.500, 1, 0 
1418, 684468992, 0.000, -3.106, 0.000, 3.180, 0.000, 0.035, -0.028, 3.639, 8.594, 2.500, 1, 0 
1418, 685475473, 0.000, -3.111, 0.000, 3.193, 0.000, 0.032, 0.003, 3.648, 8.603, 2.500, 1, 0 
1418, 686482697, 0.000, -3.117, 0.000, 3.206, 0.000, 0.019, 0.003, 3.656, 8.611, 2.500, 1, 0 
1418, 687493498, 0.000, -3.122, 0.000, 3.219, 0.000, 0.009, -0.028, 3.665, 8.620, 2.500, 1, 0 
1418, 688503368, 0.000, -3.128, 0.000, 3.233, 0.000, 0.013, 0.066, 3.674, 8.628, 2.500, 1, 0 
1418, 689530487, 0.000, -3.133, 0.000, 3.246, 0.000, 0.000, 0.035, 3.682, 8.637, 2.500, 1, 0 
1418, 690890119, 0.000, -3.138, 0.000, 3.260, 0.000, 0.003, 0.035, 3.691, 8.645, 2.500, 1, 0 
1418, 691908623, 0.000, -3.144, 0.000, 3.273, 0.000, 0.006, 0.035, 3.700, 8.654, 2.500, 1, 0 
1418, 692917730, 0.000, -3.149, 0.000, 3.287, 0.000, 0.016, 0.066, 3.708, 8.663, 2.500, 1, 0 
1418, 693923536, 0.000, -3.155, 0.000, 3.300, 0.000, 0.019, 0.066, 3.717, 8.671, 2.500, 1, 0 
1418, 694982693, 0.000, -3.160, 0.000, 3.313, 0.000, 0.028, 0.098, 3.726, 8.680, 2.500, 1, 0 
1418, 696049005, 0.000, -3.165, 0.000, 3.326, 0.000, 0.032, 0.035, 3.734, 8.688, 2.500, 1, 0 
1418, 697111729, 0.000, -3.171, 0.000, 3.340, 0.000, 0.038, 0.003, 3.743, 8.697, 2.500, 1, 0 
1418, 698173463, 0.000, -3.176, 0.000, 3.353, 0.000, 0.038, -0.028, 3.752, 8.706, 2.500, 1, 0 
1418, 699180650, 0.000, -3.181, 0.000, 3.366, 0.000, 0.044, 0.003, 3.760, 8.714, 2.500, 1, 0 
1418, 700193117, 0.000, -3.187, 0.000, 3.379, 0.000, 0.032, -0.028, 3.769, 8.723, 2.500, 1, 0 
1418, 701198574, 0.000, -3.192, 0.000, 3.392, 0.000, 0.025, -0.060, 3.778, 8.731, 2.500, 1, 0 
1418, 702205508, 0.000, -3.197, 0.000, 3.406, 0.000, 0.022, -0.028, 3.787, 8.740, 2.500, 1, 0 
1418, 703214943, 0.000, -3.203, 0.000, 3.419, 0.000, 0.016, 0.003, 3.795, 8.749, 2.500, 1, 0 
1418, 704223814, 0.000, -3.208, 0.000, 3.433, 0.000, 0.006, 0.003, 3.804, 8.757, 2.500, 1, 0 
1418, 705562314, 0.000, -3.213, 0.000, 3.447, 0.000, 0.003, 0.035, 3.813, 8.766, 2.500, 1, 0 
1418, 706568130, 0.000, -3.219, 0.000, 3.462, 0.000, -0.003, 0.066, 3.822, 8.775, 2.500, 1, 0 
1418, 707578180, 0.000, -3.224, 0.000, 3.476, 0.000, -0.006, 0.035, 3.830, 8.783, 2.500, 1, 0 
1418, 708585595, 0.000, -3.229, 0.000, 3.490, 0.000, 0.006, 0.098, 3.839, 8.792, 2.500, 1, 0 
1418, 709593113, 0.000, -3.235, 0.000, 3.504, 0.000, 0.006, 0.035, 3.848, 8.801, 2.500, 1, 0 
1418, 710600107, 0.000, -3.240, 0.000, 3.518, 0.000, 0.016, 0.035, 3.857, 8.810, 2.500, 1, 0 
1418, 711607240, 0.000, -3.245, 0.000, 3.531, 0.000, 0.022, 0.035, 3.866, 8.818, 2.500, 1, 0 
1418, 712670658, 0.000, -3.251, 0.000, 3.545, 0.000, 0.028, 0.003, 3.874, 8.827, 2.500, 1, 0 
1418, 713731516, 0.000, -3.256, 0.000, 3.559, 0.000, 0.035, 0.003, 3.883, 8.836, 2.500, 1, 0 
1418, 714791492, 0.000, -3.261, 0.000, 3.572, 0.000, 0.032, -0.028, 3.892, 8.845, 2.500, 1, 0 
1418, 715855709, 0.000, -3.266, 0.000, 3.586, 0.000, 0.032, -0.028, 3.901, 8.853, 2.500, 1, 0 
1418, 716865468, 0.000, -3.272, 0.000, 3.600, 0.000, 0.028, 0.003, 3.910, 8.862, 2.500, 1, 0 
1418, 717869589, 0.000, -3.277, 0.000, 3.614, 0.000, 0.016, -0.028, 3.919, 8.871, 2.500, 1, 0 
1418, 718875437, 0.000, -3.282, 0.000, 3.628, 0.000, 0.009, -0.060, 3.928, 8.880, 2.500, 1, 0 
1418, 719884231, 0.000, -3.287, 0.000, 3.643, 0.000, 0.003, 0.003, 3.937, 8.888, 2.500, 1, 0 
1418, 720931252, 0.000, -3.293, 0.000, 3.657, 0.000, -0.006, 0.003, 3.945, 8.897, 2.500, 1, 0 
1418, 721943302, 0.000, -3.298, 0.000, 3.672, 0.000, -0.009, 0.003, 3.954, 8.906, 2.500, 1, 0 
1418, 722982269, 0.000, -3.303, 0.000, 3.687, 0.000, -0.009, 0.035, 3.963, 8.915, 2.500, 1, 0 
1418, 724376020, 0.000, -3.308, 0.000, 3.701, 0.000, -0.006, 0.066, 3.972, 8.924, 2.500, 1, 0 
1418, 725484891, 0.000, -3.314, 0.000, 3.716, 0.000, -0.003, 0.066, 3.981, 8.932, 2.500, 1, 0 
1418, 726496907, 0.000, -3.319, 0.000, 3.730, 0.000, 0.003, 0.035, 3.990, 8.941, 2.500, 1, 0 
1418, 727530734, 0.000, -3.324, 0.000, 3.745, 0.000, 0.022, 0.129, 3.999, 8.950, 2.500, 1, 0 
1418, 728589854, 0.000, -3.329, 0.000, 3.759, 0.000, 0.019, 0.066, 4.008, 8.959, 2.500, 1, 0 
1418, 729644812, 0.000, -3.334, 0.000, 3.773, 0.000, 0.028, 0.003, 4.017, 8.958, 2.500, 1, 0 
1418, 730675275, 0.000, -3.340, 0.000, 3.787, 0.000, 0.041, 0.003, 4.026, 8.967, 2.500, 1, 0 
1418, 731719093, 0.000, -3.345, 0.000, 3.801, 0.000, 0.038, -0.028, 4.035, 8.976, 2.500, 1, 0 
1418, 732745939, 0.000, -3.350, 0.000, 3.815, 0.000, 0.044, 0.035, 4.044, 8.984, 2.500, 1, 0 
1418, 733781210, 0.000, -3.355, 0.000, 3.829, 0.000, 0.038, 0.003, 4.053, 8.993, 2.500, 1, 0 
1418, 734795621, 0.000, -3.360, 0.000, 3.843, 0.000, 0.035, -0.028, 4.062, 9.002, 2.500, 1, 0 
1418, 735806256, 0.000, -3.365, 0.000, 3.857, 0.000, 0.025, -0.060, 4.071, 9.011, 2.500, 1, 0 
1418, 736814832, 0.000, -3.371, 0.000, 3.872, 0.000, 0.009, -0.123, 4.080, 9.020, 2.500, 1, 0 
1418, 737826220, 0.000, -3.376, 0.000, 3.887, 0.000, 0.009, -0.028, 4.089, 9.029, 2.500, 1, 0 
1418, 738834029, 0.000, -3.381, 0.000, 3.902, 0.000, -0.006, 0.066, 4.098, 9.038, 2.500, 1, 0 
1418, 739841436, 0.000, -3.386, 0.000, 3.917, 0.000, -0.019, 0.035, 4.107, 9.047, 2.500, 1, 0 
1418, 741416845, 0.000, -3.391, 0.000, 3.933, 0.000, -0.016, 0.003, 4.116, 9.056, 2.500, 1, 0 
1418, 742500618, 0.000, -3.396, 0.000, 3.948, 0.000, -0.009, 0.035, 4.125, 9.065, 2.500, 1, 0 
1418, 743507595, 0.000, -3.401, 0.000, 3.963, 0.000, -0.003, 0.066, 4.134, 9.074, 2.500, 1, 0 
1418, 744513347, 0.000, -3.407, 0.000, 3.978, 0.000, -0.003, 0.066, 4.143, 9.082, 2.500, 1, 0 
1418, 745575261, 0.000, -3.412, 0.000, 3.993, 0.000, 0.000, 0.035, 4.152, 9.091, 2.500, 1, 0 
1418, 746634636, 0.000, -3.417, 0.000, 4.008, 0.000, 0.009, 0.035, 4.161, 9.100, 2.500, 1, 0 
1418, 747642889, 0.000, -3.422, 0.000, 4.023, 0.000, 0.016, 0.003, 4.171, 9.109, 2.500, 1, 0 
1418, 748726852, 0.000, -3.427, 0.000, 4.038, 0.000, 0.032, 0.003, 4.180, 9.118, 2.500, 1, 0 
1418, 749795593, 0.000, -3.432, 0.000, 4.052, 0.000, 0.032, -0.028, 4.189, 9.127, 2.500, 1, 0 
1418, 750837941, 0.000, -3.437, 0.000, 4.067, 0.000, 0.028, 0.003, 4.198, 9.136, 2.500, 1, 0 
1418, 751844842, 0.000, -3.442, 0.000, 4.082, 0.000, 0.019, -0.028, 4.207, 9.145, 2.500, 1, 0 
1418, 752852418, 0.000, -3.447, 0.000, 4.097, 0.000, 0.022, 0.003, 4.216, 9.154, 2.500, 1, 0 
1418, 753861890, 0.000, -3.452, 0.000, 4.112, 0.000, 0.022, 0.066, 4.225, 9.164, 2.500, 1, 0 
1418, 754868989, 0.000, -3.457, 0.000, 4.127, 0.000, 0.013, 0.035, 4.235, 9.173, 2.500, 1, 0 
1418, 755877115, 0.000, -3.462, 0.000, 4.142, 0.000, 0.016, 0.066, 4.244, 9.182, 2.500, 1, 0 
1418, 756885925, 0.000, -3.467, 0.000, 4.157, 0.000, 0.016, 0.066, 4.253, 9.191, 2.500, 1, 0 
1418, 757901293, 0.000, -3.472, 0.000, 4.172, 0.000, 0.019, 0.066, 4.262, 9.200, 2.500, 1, 0 
1418, 759209944, 0.000, -3.477, 0.000, 4.187, 0.000, 0.025, 0.066, 4.271, 9.209, 2.500, 1, 0 
1418, 760214076, 0.000, -3.482, 0.000, 4.202, 0.000, 0.028, 0.035, 4.281, 9.218, 2.500, 1, 0 
1418, 761276812, 0.000, -3.487, 0.000, 4.217, 0.000, 0.041, 0.066, 4.290, 9.227, 2.500, 1, 0 
1418, 762284331, 0.000, -3.493, 0.000, 4.232, 0.000, 0.038, 0.003, 4.299, 9.236, 2.500, 1, 0 
1418, 763293217, 0.000, -3.498, 0.000, 4.246, 0.000, 0.044, -0.028, 4.308, 9.245, 2.500, 1, 0 
1418, 764301307, 0.000, -3.503, 0.000, 4.261, 0.000, 0.047, 0.003, 4.318, 9.254, 2.500, 1, 0 
1418, 765361044, 0.000, -3.508, 0.000, 4.276, 0.000, 0.035, -0.028, 4.327, 9.264, 2.500, 1, 0 
1418, 766420538, 0.000, -3.513, 0.000, 4.291, 0.000, 0.028, -0.060, 4.336, 9.273, 2.500, 1, 0 
1418, 767519197, 0.000, -3.517, 0.000, 4.306, 0.000, 0.025, 0.003, 4.345, 9.282, 2.500, 1, 0 
1418, 768528071, 0.000, -3.522, 0.000, 4.322, 0.000, 0.009, -0.028, 4.355, 9.291, 2.500, 1, 0 
1418, 769535900, 0.000, -3.527, 0.000, 4.338, 0.000, -0.000, -0.060, 4.364, 9.300, 2.500, 1, 0 
1418, 770591445, 0.000, -3.532, 0.000, 4.353, 0.000, -0.003, 0.003, 4.373, 9.309, 2.500, 1, 0 
1418, 771613333, 0.000, -3.537, 0.000, 4.370, 0.000, -0.013, 0.003, 4.383, 9.319, 2.500, 1, 0 
1418, 772621467, 0.000, -3.542, 0.000, 4.386, 0.000, -0.013, 0.066, 4.392, 9.328, 2.500, 1, 0 
1418, 774009099, 0.000, -3.547, 0.000, 4.402, 0.000, -0.016, 0.035, 4.401, 9.337, 2.500, 1, 0 
1418, 775015495, 0.000, -3.552, 0.000, 4.418, 0.000, -0.003, 0.066, 4.411, 9.346, 2.500, 1, 0 
1418, 776021968, 0.000, -3.557, 0.000, 4.434, 0.000, -0.000, 0.066, 4.420, 9.355, 2.500, 1, 0 
1418, 777027904, 0.000, -3.562, 0.000, 4.450, 0.000, 0.006, 0.035, 4.429, 9.365, 2.500, 1, 0 
1418, 778088040, 0.000, -3.567, 0.000, 4.465, 0.000, 0.022, 0.066, 4.439, 9.374, 2.500, 1, 0 
1418, 779147840, 0.000, -3.572, 0.000, 4.481, 0.000, 0.025, 0.066, 4.448, 9.383, 2.500, 1, 0 
1418, 780215292, 0.000, -3.577, 0.000, 4.496, 0.000, 0.028, 0.003, 4.457, 9.392, 2.500, 1, 0 
1418, 781283311, 0.000, -3.582, 0.000, 4.512, 0.000, 0.041, 0.003, 4.467, 9.402, 2.500, 1, 0 
1418, 782349978, 0.000, -3.587, 0.000, 4.527, 0.000, 0.041, 0.003, 4.476, 9.411, 2.500, 1, 0 
1418, 783355594, 0.000, -3.591, 0.000, 4.542, 0.000, 0.035, -0.060, 4.486, 9.420, 2.500, 1, 0 
1418, 784382138, 0.000, -3.596, 0.000, 4.558, 0.000, 0.032, -0.028, 4.495, 9.430, 2.500, 1, 0 
1418, 785391323, 0.000, -3.601, 0.000, 4.574, 0.000, 0.022, -0.028, 4.505, 9.439, 2.500, 1, 0 
1418, 786402158, 0.000, -3.606, 0.000, 4.590, 0.000, 0.016, 0.003, 4.514, 9.448, 2.500, 1, 0 
1418, 787411335, 0.000, -3.611, 0.000, 4.606, 0.000, 0.006, 0.003, 4.523, 9.458, 2.500, 1, 0 
1418, 788419556, 0.000, -3.616, 0.000, 4.622, 0.000, 0.006, 0.035, 4.533, 9.467, 2.500, 1, 0 
1418, 789523716, 0.000, -3.621, 0.000, 4.638, 0.000, -0.003, 0.003, 4.542, 9.476, 2.500, 1, 0 
1418, 790834152, 0.000, -3.625, 0.000, 4.655, 0.000, 0.000, 0.066, 4.552, 9.486, 2.500, 1, 0 
1418, 791843194, 0.000, -3.630, 0.000, 4.671, 0.000, 0.000, 0.066, 4.561, 9.495, 2.500, 1, 0 
1418, 792851175, 0.000, -3.635, 0.000, 4.687, 0.000, 0.006, 0.066, 4.571, 9.504, 2.500, 1, 0 
1418, 793857856, 0.000, -3.640, 0.000, 4.703, 0.000, 0.009, 0.035, 4.580, 9.514, 2.500, 1, 0 
1418, 794888584, 0.000, -3.645, 0.000, 4.720, 0.000, 0.019, 0.003, 4.590, 9.523, 2.500, 1, 0 
1418, 795895300, 0.000, -3.650, 0.000, 4.736, 0.000, 0.025, 0.003, 4.599, 9.533, 2.500, 1, 0 
1418, 796955860, 0.000, -3.654, 0.000, 4.751, 0.000, 0.028, 0.003, 4.609, 9.542, 2.500, 1, 0 
1418, 798018379, 0.000, -3.659, 0.000, 4.768, 0.000, 0.022, -0.060, 4.619, 9.551, 2.500, 1, 0 
1418, 799088533, 0.000, -3.664, 0.000, 4.784, 0.000, 0.028, 0.003, 4.628, 9.561, 2.500, 1, 0 
1418, 800094326, 0.000, -3.669, 0.000, 4.800, 0.000, 0.019, 0.003, 4.638, 9.570, 2.500, 1, 0 
1418, 801101571, 0.000, -3.673, 0.000, 4.816, 0.000, 0.019, 0.003, 4.647, 9.580, 2.500, 1, 0 
1418, 802111767, 0.000, -3.678, 0.000, 4.833, 0.000, 0.009, -0.028, 4.657, 9.589, 2.500, 1, 0 
1418, 803118947, 0.000, -3.683, 0.000, 4.849, 0.000, 0.000, -0.060, 4.666, 9.599, 2.500, 1, 0 
1418, 804129421, 0.000, -3.688, 0.000, 4.866, 0.000, 0.000, 0.035, 4.676, 9.608, 2.500, 1, 0 
1418, 805139068, 0.000, -3.692, 0.000, 4.883, 0.000, -0.006, 0.066, 4.686, 9.618, 2.500, 1, 0 
1418, 806161185, 0.000, -3.697, 0.000, 4.900, 0.000, -0.003, 0.066, 4.695, 9.627, 2.500, 1, 0 
1418, 807686433, 0.000, -3.702, 0.000, 4.916, 0.000, 0.003, 0.066, 4.705, 9.637, 2.500, 1, 0 
1418, 808826245, 0.000, -3.707, 0.000, 4.933, 0.000, 0.009, 0.066, 4.715, 9.646, 2.500, 1, 0 
1418, 809833045, 0.000, -3.711, 0.000, 4.950, 0.000, 0.022, 0.066, 4.724, 9.656, 2.500, 1, 0 
1418, 810837249, 0.000, -3.716, 0.000, 4.966, 0.000, 0.028, 0.066, 4.734, 9.665, 2.500, 1, 0 
1418, 811872870, 0.000, -3.721, 0.000, 4.982, 0.000, 0.035, 0.066, 4.744, 9.675, 2.500, 1, 0 
1418, 812914282, 0.000, -3.725, 0.000, 4.998, 0.000, 0.035, 0.003, 4.753, 9.684, 2.500, 1, 0 
1418, 813924336, 0.000, -3.730, 0.000, 5.014, 0.000, 0.044, 0.003, 4.763, 9.694, 2.500, 1, 0 
1418, 814933248, 0.000, -3.735, 0.000, 5.031, 0.000, 0.044, -0.060, 4.773, 9.703, 2.500, 1, 0 
1418, 815940896, 0.000, -3.740, 0.000, 5.047, 0.000, 0.047, 0.003, 4.782, 9.713, 2.500, 1, 0 
1418, 816958442, 0.000, -3.744, 0.000, 5.063, 0.000, 0.032, -0.028, 4.792, 9.723, 2.500, 1, 0 
1418, 817963695, 0.000, -3.749, 0.000, 5.080, 0.000, 0.022, -0.060, 4.802, 9.732, 2.500, 1, 0 
1418, 818971376, 0.000, -3.754, 0.000, 5.097, 0.000, 0.013, -0.060, 4.812, 9.742, 2.500, 1, 0 
1418, 819979893, 0.000, -3.758, 0.000, 5.114, 0.000, 0.006, 0.003, 4.821, 9.751, 2.500, 1, 0 
1418, 820986707, 0.000, -3.763, 0.000, 5.131, 0.000, -0.006, 0.003, 4.831, 9.761, 2.500, 1, 0 
1418, 821995750, 0.000, -3.767, 0.000, 5.148, 0.000, -0.006, 0.066, 4.841, 9.771, 2.500, 1, 0 
1418, 823011835, 0.000, -3.772, 0.000, 5.166, 0.000, -0.013, 0.066, 4.851, 9.780, 2.500, 1, 0 
1418, 824224521, 0.000, -3.777, 0.000, 5.183, 0.000, -0.006, 0.066, 4.860, 9.790, 2.500, 1, 0 
1418, 825253315, 0.000, -3.781, 0.000, 5.201, 0.000, -0.000, 0.066, 4.870, 9.800, 2.500, 1, 0 
1418, 826262560, 0.000, -3.786, 0.000, 5.218, 0.000, 0.016, 0.098, 4.880, 9.809, 2.500, 1, 0 
1418, 827272184, 0.000, -3.790, 0.000, 5.234, 0.000, 0.019, 0.066, 4.890, 9.819, 2.500, 1, 0 
1418, 828278995, 0.000, -3.795, 0.000, 5.251, 0.000, 0.028, 0.035, 4.900, 9.829, 2.500, 1, 0 
1418, 829313990, 0.000, -3.800, 0.000, 5.268, 0.000, 0.044, 0.066, 4.910, 9.838, 2.500, 1, 0 
1418, 830375675, 0.000, -3.804, 0.000, 5.284, 0.000, 0.050, 0.035, 4.919, 9.848, 2.500, 1, 0 
1418, 831435159, 0.000, -3.809, 0.000, 5.301, 0.000, 0.054, 0.003, 4.929, 9.858, 2.500, 1, 0 
1418, 832503110, 0.000, -3.813, 0.000, 5.317, 0.000, 0.050, -0.060, 4.939, 9.868, 2.500, 1, 0 
1418, 833513399, 0.000, -3.818, 0.000, 5.334, 0.000, 0.050, 0.003, 4.949, 9.877, 2.500, 1, 0 
1418, 834526229, 0.000, -3.822, 0.000, 5.351, 0.000, 0.035, -0.028, 4.959, 9.887, 2.500, 1, 0 
1418, 835533698, 0.000, -3.827, 0.000, 5.368, 0.000, 0.032, 0.003, 4.969, 9.897, 2.500, 1, 0 
1418, 836541948, 0.000, -3.832, 0.000, 5.385, 0.000, 0.016, -0.060, 4.979, 9.907, 2.500, 1, 0 
1418, 837602744, 0.000, -3.836, 0.000, 5.402, 0.000, 0.016, 0.035, 4.989, 9.916, 2.500, 1, 0 
1418, 838610452, 0.000, -3.841, 0.000, 5.420, 0.000, 0.006, 0.066, 4.999, 9.926, 2.500, 1, 0 
1418, 839618666, 0.000, -3.845, 0.000, 5.437, 0.000, 0.003, 0.035, 5.008, 9.936, 2.500, 1, 0 
1418, 840811905, 0.000, -3.850, 0.000, 5.455, 0.000, 0.006, 0.066, 5.018, 9.933, 2.500, 1, 0 
1418, 841855860, 0.000, -3.854, 0.000, 5.473, 0.000, 0.003, 0.035, 5.028, 9.943, 2.500, 1, 0 
1418, 842861204, 0.000, -3.858, 0.000, 5.490, 0.000, 0.013, 0.066, 5.038, 9.953, 2.500, 1, 0 
1418, 843931129, 0.000, -3.863, 0.000, 5.508, 0.000, 0.022, 0.066, 5.048, 9.963, 2.500, 1, 0 
1418, 844968156, 0.000, -3.867, 0.000, 5.525, 0.000, 0.022, 0.003, 5.058, 9.973, 2.500, 1, 0 
1418, 845976165, 0.000, -3.872, 0.000, 5.542, 0.000, 0.035, 0.035, 5.068, 9.982, 2.500, 1, 0 
1418, 846985076, 0.000, -3.876, 0.000, 5.559, 0.000, 0.032, 0.003, 5.078, 9.992, 2.500, 1, 0 
1418, 847995699, 0.000, -3.881, 0.000, 5.577, 0.000, 0.035, -0.060, 5.088, 10.002, 2.500, 1, 0 
1418, 849054794, 0.000, -3.885, 0.000, 5.594, 0.000, 0.038, 0.003, 5.098, 10.012, 2.500, 1, 0 
1418, 850062299, 0.000, -3.890, 0.000, 5.611, 0.000, 0.022, -0.028, 5.108, 10.022, 2.500, 1, 0 
1418, 851096085, 0.000, -3.894, 0.000, 5.629, 0.000, 0.022, 0.003, 5.118, 10.032, 2.500, 1, 0 
1418, 852103152, 0.000, -3.898, 0.000, 5.647, 0.000, 0.009, -0.028, 5.128, 10.041, 2.500, 1, 0 
1418, 853111398, 0.000, -3.903, 0.000, 5.665, 0.000, 0.009, 0.003, 5.138, 10.051, 2.500, 1, 0 
1418, 854162390, 0.000, -3.907, 0.000, 5.683, 0.000, 0.000, 0.003, 5.148, 10.061, 2.500, 1, 0 
1418, 855180713, 0.000, -3.912, 0.000, 5.701, 0.000, 0.000, 0.066, 5.158, 10.071, 2.500, 1, 0 
1418, 856714368, 0.000, -3.916, 0.000, 5.719, 0.000, -0.003, 0.035, 5.169, 10.081, 2.500, 1, 0 
1418, 857721908, 0.000, -3.920, 0.000, 5.737, 0.000, 0.000, 0.035, 5.179, 10.091, 2.500, 1, 0 
1418, 858731627, 0.000, -3.925, 0.000, 5.756, 0.000, 0.003, 0.035, 5.189, 10.101, 2.500, 1, 0 
1418, 859740502, 0.000, -3.929, 0.000, 5.773, 0.000, 0.016, 0.066, 5.199, 10.111, 2.500, 1, 0 
1418, 860799095, 0.000, -3.933, 0.000, 5.791, 0.000, 0.019, 0.066, 5.209, 10.121, 2.500, 1, 0 
1418, 861858807, 0.000, -3.938, 0.000, 5.809, 0.000, 0.025, 0.035, 5.219, 10.131, 2.500, 1, 0 
1418, 862919013, 0.000, -3.942, 0.000, 5.827, 0.000, 0.032, 0.035, 5.229, 10.141, 2.500, 1, 0 
1418, 863992382, 0.000, -3.946, 0.000, 5.845, 0.000, 0.035, 0.003, 5.239, 10.151, 2.500, 1, 0 
1418, 865020961, 0.000, -3.951, 0.000, 5.862, 0.000, 0.035, -0.028, 5.250, 10.161, 2.500, 1, 0 
1418, 866048531, 0.000, -3.955, 0.000, 5.880, 0.000, 0.032, -0.060, 5.260, 10.171, 2.500, 1, 0 
1418, 867057437, 0.000, -3.959, 0.000, 5.898, 0.000, 0.028, 0.003, 5.270, 10.181, 2.500, 1, 0 
1418, 868062423, 0.000, -3.963, 0.000, 5.916, 0.000, 0.019, 0.003, 5.280, 10.191, 2.500, 1, 0 
1418, 869071414, 0.000, -3.968, 0.000, 5.934, 0.000, 0.013, -0.028, 5.290, 10.201, 2.500, 1, 0 
1418, 870078316, 0.000, -3.972, 0.000, 5.953, 0.000, 0.009, -0.028, 5.301, 10.211, 2.500, 1, 0 
1418, 871087174, 0.000, -3.976, 0.000, 5.971, 0.000, 0.000, -0.028, 5.311, 10.221, 2.500, 1, 0 
1418, 872182136, 0.000, -3.981, 0.000, 5.990, 0.000, -0.006, 0.003, 5.321, 10.231, 2.500, 1, 0 
1418, 873495114, 0.000, -3.985, 0.000, 6.009, 0.000, -0.006, 0.066, 5.331, 10.241, 2.500, 1, 0 
1418, 874528184, 0.000, -3.989, 0.000, 6.028, 0.000, -0.009, 0.066, 5.341, 10.251, 2.500, 1, 0 
1418, 875536764, 0.000, -3.993, 0.000, 6.046, 0.000, -0.006, 0.035, 5.352, 10.261, 2.500, 1, 0 
1418, 876544513, 0.000, -3.997, 0.000, 6.065, 0.000, -0.000, 0.003, 5.362, 10.271, 2.500, 1, 0 
1418, 877588093, 0.000, -4.002, 0.000, 6.084, 0.000, 0.016, 0.066, 5.372, 10.282, 2.500, 1, 0 
1418, 878595086, 0.000, -4.006, 0.000, 6.102, 0.000, 0.009, 0.003, 5.383, 10.292, 2.500, 1, 0 
1418, 879601991, 0.000, -4.010, 0.000, 6.121, 0.000, 0.016, 0.003, 5.393, 10.302, 2.500, 1, 0 
1418, 880622029, 0.000, -4.014, 0.000, 6.139, 0.000, 0.019, 0.003, 5.403, 10.312, 2.500, 1, 0 
1418, 881691319, 0.000, -4.018, 0.000, 6.157, 0.000, 0.022, 0.003, 5.414, 10.322, 2.500, 1, 0 
1418, 882762818, 0.000, -4.023, 0.000, 6.176, 0.000, 0.022, -0.028, 5.424, 10.332, 2.500, 1, 0 
1418, 883771146, 0.000, -4.027, 0.000, 6.194, 0.000, 0.025, 0.003, 5.434, 10.342, 2.500, 1, 0 
1418, 884775878, 0.000, -4.031, 0.000, 6.213, 0.000, 0.016, 0.003, 5.445, 10.353, 2.500, 1, 0 
1418, 885783203, 0.000, -4.035, 0.000, 6.232, 0.000, 0.006, -0.028, 5.455, 10.363, 2.500, 1, 0 
1418, 886792139, 0.000, -4.039, 0.000, 6.251, 0.000, 0.003, -0.028, 5.465, 10.373, 2.500, 1, 0 
1418, 887810039, 0.000, -4.043, 0.000, 6.270, 0.000, 0.006, 0.035, 5.476, 10.383, 2.500, 1, 0 
1418, 888817847, 0.000, -4.047, 0.000, 6.289, 0.000, -0.003, 0.035, 5.486, 10.394, 2.500, 1, 0 
1418, 889833371, 0.000, -4.051, 0.000, 6.308, 0.000, 0.003, 0.066, 5.496, 10.404, 2.500, 1, 0 
1418, 890868924, 0.000, -4.056, 0.000, 6.327, 0.000, 0.003, 0.035, 5.507, 10.414, 2.500, 1, 0 
1418, 892145222, 0.000, -4.060, 0.000, 6.346, 0.000, 0.009, 0.035, 5.517, 10.424, 2.500, 1, 0 
1418, 893152172, 0.000, -4.064, 0.000, 6.365, 0.000, 0.013, 0.035, 5.528, 10.435, 2.500, 1, 0 
1418, 894219348, 0.000, -4.068, 0.000, 6.384, 0.000, 0.019, 0.035, 5.538, 10.445, 2.500, 1, 0 
1418, 895285932, 0.000, -4.072, 0.000, 6.402, 0.000, 0.025, 0.066, 5.549, 10.455, 2.500, 1, 0 
1418, 896344650, 0.000, -4.076, 0.000, 6.421, 0.000, 0.025, 0.035, 5.559, 10.465, 2.500, 1, 0 
1418, 897412688, 0.000, -4.080, 0.000, 6.440, 0.000, 0.032, 0.003, 5.570, 10.476, 2.500, 1, 0 
1418, 898446212, 0.000, -4.084, 0.000, 6.458, 0.000, 0.038, 0.003, 5.580, 10.486, 2.500, 1, 0 
1418, 899482539, 0.000, -4.088, 0.000, 6.477, 0.000, 0.038, 0.035, 5.591, 10.496, 2.500, 1, 0 
1418, 900505558, 0.000, -4.092, 0.000, 6.496, 0.000, 0.032, 0.003, 5.601, 10.507, 2.500, 1, 0 
1418, 901511212, 0.000, -4.096, 0.000, 6.515, 0.000, 0.025, -0.028, 5.612, 10.517, 2.500, 1, 0 
1418, 902518297, 0.000, -4.100, 0.000, 6.534, 0.000, 0.022, -0.028, 5.622, 10.527, 2.500, 1, 0 
1418, 903579829, 0.000, -4.104, 0.000, 6.553, 0.000, 0.019, 0.003, 5.633, 10.538, 2.500, 1, 0 
1418, 904779011, 0.000, -4.108, 0.000, 6.572, 0.000, 0.016, 0.035, 5.643, 10.548, 2.500, 1, 0 
1418, 906044974, 0.000, -4.112, 0.000, 6.591, 0.000, 0.016, 0.066, 5.654, 10.559, 2.500, 1, 0 
1418, 907051955, 0.000, -4.116, 0.000, 6.610, 0.000, 0.013, 0.066, 5.664, 10.569, 2.500, 1, 0 
1418, 908058215, 0.000, -4.120, 0.000, 6.630, 0.000, 0.013, 0.035, 5.675, 10.579, 2.500, 1, 0 
1418, 909066609, 0.000, -4.124, 0.000, 6.649, 0.000, 0.025, 0.098, 5.685, 10.590, 2.500, 1, 0 
1418, 910074995, 0.000, -4.128, 0.000, 6.668, 0.000, 0.022, 0.035, 5.696, 10.600, 2.500, 1, 0 
1418, 911083440, 0.000, -4.132, 0.000, 6.687, 0.000, 0.032, 0.066, 5.707, 10.611, 2.500, 1, 0 
1418, 912088348, 0.000, -4.136, 0.000, 6.706, 0.000, 0.035, 0.066, 5.717, 10.621, 2.500, 1, 0 
1418, 913148552, 0.000, -4.140, 0.000, 6.725, 0.000, 0.035, -0.028, 5.728, 10.632, 2.500, 1, 0 
1418, 914207485, 0.000, -4.144, 0.000, 6.744, 0.000, 0.050, 0.035, 5.739, 10.642, 2.500, 1, 0 
1418, 915275734, 0.000, -4.147, 0.000, 6.763, 0.000, 0.047, 0.035, 5.749, 10.653, 2.500, 1, 0 
1418, 916333659, 0.000, -4.151, 0.000, 6.782, 0.000, 0.044, 0.003, 5.760, 10.663, 2.500, 1, 0 
1418, 917360102, 0.000, -4.155, 0.000, 6.801, 0.000, 0.035, -0.060, 5.771, 10.674, 2.500, 1, 0 
1418, 918368059, 0.000, -4.159, 0.000, 6.820, 0.000, 0.028, -0.060, 5.781, 10.684, 2.500, 1, 0 
1418, 919377917, 0.000, -4.163, 0.000, 6.840, 0.000, 0.022, -0.028, 5.792, 10.695, 2.500, 1, 0 
1418, 920456196, 0.000, -4.167, 0.000, 6.859, 0.000, 0.009, 0.003, 5.803, 10.705, 2.500, 1, 0 
1418, 921464381, 0.000, -4.171, 0.000, 6.879, 0.000, 0.003, 0.003, 5.813, 10.716, 2.500, 1, 0 
1418, 922475712, 0.000, -4.174, 0.000, 6.899, 0.000, -0.003, 0.003, 5.824, 10.726, 2.500, 1, 0 
1418, 923507719, 0.000, -4.178, 0.000, 6.919, 0.000, -0.009, 0.003, 5.835, 10.737, 2.500, 1, 0 
1418, 924948491, 0.000, -4.182, 0.000, 6.939, 0.000, 0.003, 0.098, 5.846, 10.747, 2.500, 1, 0 
1418, 925953213, 0.000, -4.186, 0.000, 6.960, 0.000, -0.006, 0.035, 5.856, 10.758, 2.500, 1, 0 
1418, 927014705, 0.000, -4.190, 0.000, 6.980, 0.000, 0.003, 0.066, 5.867, 10.768, 2.500, 1, 0 
1418, 928072490, 0.000, -4.194, 0.000, 7.000, 0.000, 0.003, 0.035, 5.878, 10.779, 2.500, 1, 0 
1418, 929078938, 0.000, -4.197, 0.000, 7.020, 0.000, 0.019, 0.066, 5.889, 10.790, 2.500, 1, 0 
1418, 930087155, 0.000, -4.201, 0.000, 7.039, 0.000, 0.025, 0.035, 5.899, 10.800, 2.500, 1, 0 
1418, 931095253, 0.000, -4.205, 0.000, 7.059, 0.000, 0.028, -0.028, 5.910, 10.811, 2.500, 1, 0 
1418, 932102034, 0.000, -4.209, 0.000, 7.079, 0.000, 0.028, -0.060, 5.921, 10.822, 2.500, 1, 0 
1418, 933130654, 0.000, -4.212, 0.000, 7.098, 0.000, 0.032, 0.003, 5.932, 10.832, 2.500, 1, 0 
1418, 934178664, 0.000, -4.216, 0.000, 7.118, 0.000, 0.019, -0.060, 5.943, 10.843, 2.500, 1, 0 
1418, 935186645, 0.000, -4.220, 0.000, 7.138, 0.000, 0.025, 0.003, 5.954, 10.854, 2.500, 1, 0 
1418, 936192786, 0.000, -4.224, 0.000, 7.158, 0.000, 0.009, 0.003, 5.965, 10.864, 2.500, 1, 0 
1418, 937203477, 0.000, -4.227, 0.000, 7.178, 0.000, 0.006, 0.003, 5.975, 10.875, 2.500, 1, 0 
1418, 938213338, 0.000, -4.231, 0.000, 7.199, 0.000, 0.000, 0.003, 5.986, 10.886, 2.500, 1, 0 
1418, 939473470, 0.000, -4.235, 0.000, 7.219, 0.000, 0.000, 0.035, 5.997, 10.896, 2.500, 1, 0 
1418, 940885321, 0.000, -4.238, 0.000, 7.240, 0.000, -0.003, 0.066, 6.008, 10.907, 2.500, 1, 0 
1418, 941897215, 0.000, -4.242, 0.000, 7.260, 0.000, -0.003, 0.066, 6.019, 10.903, 2.500, 1, 0 
1418, 942903903, 0.000, -4.246, 0.000, 7.281, 0.000, 0.003, 0.035, 6.030, 10.914, 2.500, 1, 0 
1418, 943911859, 0.000, -4.249, 0.000, 7.301, 0.000, 0.019, 0.066, 6.041, 10.924, 2.500, 1, 0 
1418, 944920477, 0.000, -4.253, 0.000, 7.321, 0.000, 0.022, 0.066, 6.052, 10.935, 2.500, 1, 0 
1418, 946029980, 0.000, -4.256, 0.000, 7.341, 0.000, 0.028, 0.003, 6.063, 10.946, 2.500, 1, 0 
1418, 947038444, 0.000, -4.260, 0.000, 7.361, 0.000, 0.032, -0.028, 6.074, 10.957, 2.500, 1, 0 
1418, 948044409, 0.000, -4.264, 0.000, 7.381, 0.000, 0.032, -0.028, 6.085, 10.967, 2.500, 1, 0 
1418, 949052696, 0.000, -4.267, 0.000, 7.402, 0.000, 0.028, -0.028, 6.096, 10.978, 2.500, 1, 0 
1418, 950059402, 0.000, -4.271, 0.000, 7.422, 0.000, 0.028, 0.003, 6.107, 10.989, 2.500, 1, 0 
1418, 951075063, 0.000, -4.274, 0.000, 7.442, 0.000, 0.016, -0.060, 6.118, 11.000, 2.500, 1, 0 
1418, 952081258, 0.000, -4.278, 0.000, 7.463, 0.000, 0.009, -0.060, 6.129, 11.011, 2.500, 1, 0 
1418, 953087830, 0.000, -4.281, 0.000, 7.484, 0.000, 0.003, 0.003, 6.140, 11.021, 2.500, 1, 0 
1418, 954095461, 0.000, -4.285, 0.000, 7.505, 0.000, -0.003, 0.035, 6.151, 11.032, 2.500, 1, 0 
1418, 955103555, 0.000, -4.289, 0.000, 7.526, 0.000, -0.009, 0.035, 6.162, 11.043, 2.500, 1, 0 
1418, 956120519, 0.000, -4.292, 0.000, 7.547, 0.000, -0.013, 0.035, 6.173, 11.054, 2.500, 1, 0 
1418, 957712346, 0.000, -4.296, 0.000, 7.568, 0.000, -0.006, 0.066, 6.184, 11.065, 2.500, 1, 0 
1418, 958781439, 0.000, -4.299, 0.000, 7.589, 0.000, -0.003, 0.035, 6.195, 11.076, 2.500, 1, 0 
1418, 959789194, 0.000, -4.303, 0.000, 7.610, 0.000, 0.009, 0.066, 6.206, 11.086, 2.500, 1, 0 
1418, 960800452, 0.000, -4.306, 0.000, 7.631, 0.000, 0.016, 0.066, 6.217, 11.097, 2.500, 1, 0 
1418, 961807230, 0.000, -4.310, 0.000, 7.651, 0.000, 0.022, 0.066, 6.228, 11.108, 2.500, 1, 0 
1418, 962814799, 0.000, -4.313, 0.000, 7.672, 0.000, 0.032, 0.035, 6.239, 11.119, 2.500, 1, 0 
1418, 963856870, 0.000, -4.316, 0.000, 7.692, 0.000, 0.041, 0.003, 6.250, 11.130, 2.500, 1, 0 
1418, 964915983, 0.000, -4.320, 0.000, 7.712, 0.000, 0.038, -0.060, 6.262, 11.141, 2.500, 1, 0 
1418, 965974997, 0.000, -4.323, 0.000, 7.733, 0.000, 0.038, -0.028, 6.273, 11.152, 2.500, 1, 0 
1418, 966982576, 0.000, -4.327, 0.000, 7.753, 0.000, 0.028, -0.028, 6.284, 11.163, 2.500, 1, 0 
1418, 968013170, 0.000, -4.330, 0.000, 7.774, 0.000, 0.025, 0.003, 6.295, 11.174, 2.500, 1, 0 
1418, 969018906, 0.000, -4.334, 0.000, 7.795, 0.000, 0.016, 0.003, 6.306, 11.185, 2.500, 1, 0 
1418, 970028579, 0.000, -4.337, 0.000, 7.816, 0.000, 0.013, 0.003, 6.317, 11.196, 2.500, 1, 0 
1418, 971042023, 0.000, -4.340, 0.000, 7.837, 0.000, 0.009, 0.035, 6.329, 11.207, 2.500, 1, 0 
1418, 972047463, 0.000, -4.344, 0.000, 7.859, 0.000, 0.006, 0.066, 6.340, 11.218, 2.500, 1, 0 
1418, 973116769, 0.000, -4.347, 0.000, 7.880, 0.000, 0.009, 0.129, 6.351, 11.229, 2.500, 1, 0 
1418, 974675751, 0.000, -4.350, 0.000, 7.901, 0.000, 0.006, 0.066, 6.362, 11.240, 2.500, 1, 0 
1418, 975855696, 0.000, -4.354, 0.000, 7.922, 0.000, 0.019, 0.066, 6.374, 11.251, 2.500, 1, 0 
1418, 976861453, 0.000, -4.357, 0.000, 7.943, 0.000, 0.032, 0.066, 6.385, 11.262, 2.500, 1, 0 
1418, 977921499, 0.000, -4.360, 0.000, 7.964, 0.000, 0.041, 0.066, 6.396, 11.273, 2.500, 1, 0 
1418, 978991154, 0.000, -4.364, 0.000, 7.984, 0.000, 0.050, 0.066, 6.407, 11.284, 2.500, 1, 0 
1418, 980064916, 0.000, -4.367, 0.000, 8.005, 0.000, 0.047, -0.028, 6.419, 11.295, 2.500, 1, 0 
1418, 981131724, 0.000, -4.370, 0.000, 8.025, 0.000, 0.057, 0.003, 6.430, 11.306, 2.500, 1, 0 
1418, 982198753, 0.000, -4.374, 0.000, 8.046, 0.000, 0.054, 0.003, 6.441, 11.317, 2.500, 1, 0 
1418, 983207630, 0.000, -4.377, 0.000, 8.067, 0.000, 0.044, -0.060, 6.453, 11.329, 2.500, 1, 0 
1418, 984236662, 0.000, -4.380, 0.000, 8.088, 0.000, 0.038, -0.060, 6.464, 11.340, 2.500, 1, 0 
1418, 985242849, 0.000, -4.383, 0.000, 8.109, 0.000, 0.025, 0.003, 6.475, 11.351, 2.500, 1, 0 
1418, 986250408, 0.000, -4.387, 0.000, 8.130, 0.000, 0.006, -0.060, 6.487, 11.362, 2.500, 1, 0 
1418, 987258713, 0.000, -4.390, 0.000, 8.152, 0.000, -0.000, -0.060, 6.498, 11.373, 2.500, 1, 0 
1418, 988265508, 0.000, -4.393, 0.000, 8.174, 0.000, -0.003, 0.035, 6.509, 11.384, 2.500, 1, 0 
1418, 989284795, 0.000, -4.396, 0.000, 8.196, 0.000, -0.013, 0.066, 6.521, 11.396, 2.500, 1, 0 
1418, 990496631, 0.000, -4.399, 0.000, 8.218, 0.000, -0.019, 0.035, 6.532, 11.407, 2.500, 1, 0 
1418, 991507033, 0.000, -4.403, 0.000, 8.240, 0.000, -0.009, 0.035, 6.544, 11.418, 2.500, 1, 0 
1418, 992515530, 0.000, -4.406, 0.000, 8.262, 0.000, -0.003, 0.066, 6.555, 11.429, 2.500, 1, 0 
1418, 993522373, 0.000, -4.409, 0.000, 8.284, 0.000, 0.003, 0.098, 6.567, 11.440, 2.500, 1, 0 
1418, 994530294, 0.000, -4.412, 0.000, 8.306, 0.000, 0.013, 0.066, 6.578, 11.452, 2.500, 1, 0 
1418, 995539630, 0.000, -4.415, 0.000, 8.328, 0.000, 0.022, 0.003, 6.589, 11.463, 2.500, 1, 0 
1418, 996573584, 0.000, -4.418, 0.000, 8.349, 0.000, 0.028, 0.003, 6.601, 11.474, 2.500, 1, 0 
1418, 997615623, 0.000, -4.422, 0.000, 8.370, 0.000, 0.038, 0.035, 6.612, 11.485, 2.500, 1, 0 
1418, 998728874, 0.000, -4.425, 0.000, 8.392, 0.000, 0.041, 0.003, 6.624, 11.497, 2.500, 1, 0 
1418, 999740094, 0.000, -4.428, 0.000, 8.413, 0.000, 0.041, 0.003, 6.635, 11.508, 2.500, 1, 0 
1419, 767047, 0.000, -4.431, 0.000, 8.434, 0.000, 0.032, -0.028, 6.647, 11.519, 2.500, 1, 0 
1419, 1774503, 0.000, -4.434, 0.000, 8.456, 0.000, 0.028, -0.028, 6.658, 11.531, 2.500, 1, 0 
1419, 2782682, 0.000, -4.437, 0.000, 8.478, 0.000, 0.019, -0.060, 6.670, 11.542, 2.500, 1, 0 
1419, 3790714, 0.000, -4.440, 0.000, 8.500, 0.000, 0.016, 0.003, 6.682, 11.553, 2.500, 1, 0 
1419, 4799616, 0.000, -4.443, 0.000, 8.522, 0.000, 0.003, 0.035, 6.693, 11.565, 2.500, 1, 0 
1419, 5848368, 0.000, -4.446, 0.000, 8.544, 0.000, -0.003, 0.035, 6.705, 11.576, 2.500, 1, 0 
1419, 7217971, 0.000, -4.449, 0.000, 8.567, 0.000, 0.006, 0.098, 6.716, 11.587, 2.500, 1, 0 
1419, 8731998, 0.000, -4.452, 0.000, 8.589, 0.000, 0.000, 0.003, 6.728, 11.599, 2.500, 1, 0 
1419, 9756127, 0.000, -4.455, 0.000, 8.611, 0.000, 0.013, 0.066, 6.740, 11.610, 2.500, 1, 0 
1419, 10761158, 0.000, -4.458, 0.000, 8.633, 0.000, 0.013, 0.066, 6.751, 11.622, 2.500, 1, 0 
1419, 11766199, 0.000, -4.461, 0.000, 8.655, 0.000, 0.019, 0.066, 6.763, 11.633, 2.500, 1, 0 
1419, 12833000, 0.000, -4.464, 0.000, 8.677, 0.000, 0.022, 0.003, 6.774, 11.644, 2.500, 1, 0 
1419, 13899636, 0.000, -4.467, 0.000, 8.699, 0.000, 0.032, 0.003, 6.786, 11.656, 2.500, 1, 0 
1419, 14907598, 0.000, -4.470, 0.000, 8.721, 0.000, 0.032, -0.060, 6.798, 11.667, 2.500, 1, 0 
1419, 15916648, 0.000, -4.473, 0.000, 8.743, 0.000, 0.032, -0.060, 6.809, 11.679, 2.500, 1, 0 
1419, 16925703, 0.000, -4.476, 0.000, 8.765, 0.000, 0.025, -0.028, 6.821, 11.690, 2.500, 1, 0 
1419, 17963157, 0.000, -4.479, 0.000, 8.787, 0.000, 0.016, -0.028, 6.833, 11.702, 2.500, 1, 0 
1419, 18971192, 0.000, -4.482, 0.000, 8.810, 0.000, 0.003, -0.028, 6.845, 11.713, 2.500, 1, 0 
1419, 19979489, 0.000, -4.485, 0.000, 8.833, 0.000, -0.003, -0.060, 6.856, 11.725, 2.500, 1, 0 
1419, 20995735, 0.000, -4.488, 0.000, 8.856, 0.000, -0.006, 0.003, 6.868, 11.736, 2.500, 1, 0 
1419, 22006049, 0.000, -4.491, 0.000, 8.879, 0.000, -0.016, 0.035, 6.880, 11.748, 2.500, 1, 0 
1419, 23023367, 0.000, -4.493, 0.000, 8.902, 0.000, -0.019, 0.066, 6.891, 11.759, 2.500, 1, 0 
1419, 24279656, 0.000, -4.496, 0.000, 8.925, 0.000, -0.016, 0.066, 6.903, 11.771, 2.500, 1, 0 
1419, 25286623, 0.000, -4.499, 0.000, 8.948, 0.000, -0.009, 0.066, 6.915, 11.782, 2.500, 1, 0 
1419, 26293573, 0.000, -4.502, 0.000, 8.971, 0.000, 0.003, 0.066, 6.927, 11.794, 2.500, 1, 0 
1419, 27299666, 0.000, -4.505, 0.000, 8.993, 0.000, 0.016, 0.066, 6.939, 11.806, 2.500, 1, 0 
1419, 28362208, 0.000, -4.508, 0.000, 9.016, 0.000, 0.025, 0.066, 6.950, 11.817, 2.500, 1, 0 
1419, 29429256, 0.000, -4.510, 0.000, 9.038, 0.000, 0.032, 0.035, 6.962, 11.829, 2.500, 1, 0 
1419, 30436239, 0.000, -4.513, 0.000, 9.060, 0.000, 0.035, -0.028, 6.974, 11.840, 2.500, 1, 0 
1419, 31471422, 0.000, -4.516, 0.000, 9.082, 0.000, 0.041, -0.060, 6.986, 11.852, 2.500, 1, 0 
1419, 32532488, 0.000, -4.519, 0.000, 9.105, 0.000, 0.041, -0.028, 6.998, 11.864, 2.500, 1, 0 
1419, 33539211, 0.000, -4.521, 0.000, 9.127, 0.000, 0.028, -0.060, 7.010, 11.875, 2.500, 1, 0 
1419, 34640525, 0.000, -4.524, 0.000, 9.150, 0.000, 0.022, -0.028, 7.022, 11.870, 2.500, 1, 0 
1419, 35649102, 0.000, -4.527, 0.000, 9.173, 0.000, 0.009, -0.028, 7.033, 11.881, 2.500, 1, 0 
1419, 36657996, 0.000, -4.530, 0.000, 9.196, 0.000, -0.000, -0.028, 7.045, 11.893, 2.500, 1, 0 
1419, 37669904, 0.000, -4.532, 0.000, 9.219, 0.000, -0.003, 0.035, 7.057, 11.904, 2.500, 1, 0 
1419, 38676649, 0.000, -4.535, 0.000, 9.243, 0.000, -0.009, 0.066, 7.069, 11.916, 2.500, 1, 0 
1419, 39713548, 0.000, -4.538, 0.000, 9.266, 0.000, -0.013, 0.066, 7.081, 11.928, 2.500, 1, 0 
1419, 41164399, 0.000, -4.540, 0.000, 9.289, 0.000, -0.009, 0.066, 7.093, 11.939, 2.500, 1, 0 
1419, 42173426, 0.000, -4.543, 0.000, 9.313, 0.000, -0.003, 0.035, 7.105, 11.951, 2.500, 1, 0 
1419, 43180529, 0.000, -4.546, 0.000, 9.336, 0.000, 0.013, 0.066, 7.117, 11.963, 2.500, 1, 0 
1419, 44186559, 0.000, -4.548, 0.000, 9.359, 0.000, 0.019, 0.066, 7.129, 11.975, 2.500, 1, 0 
1419, 45245649, 0.000, -4.551, 0.000, 9.382, 0.000, 0.032, 0.066, 7.141, 11.986, 2.500, 1, 0 
1419, 46252891, 0.000, -4.553, 0.000, 9.404, 0.000, 0.028, -0.060, 7.153, 11.998, 2.500, 1, 0 
1419, 47262167, 0.000, -4.556, 0.000, 9.427, 0.000, 0.041, -0.028, 7.165, 12.010, 2.500, 1, 0 
1419, 48273272, 0.000, -4.559, 0.000, 9.450, 0.000, 0.035, -0.060, 7.177, 12.022, 2.500, 1, 0 
1419, 49333516, 0.000, -4.561, 0.000, 9.473, 0.000, 0.038, 0.035, 7.189, 12.033, 2.500, 1, 0 
1419, 50341233, 0.000, -4.564, 0.000, 9.496, 0.000, 0.016, -0.060, 7.201, 12.045, 2.500, 1, 0 
1419, 51371947, 0.000, -4.566, 0.000, 9.519, 0.000, 0.016, -0.028, 7.213, 12.057, 2.500, 1, 0 
1419, 52379250, 0.000, -4.569, 0.000, 9.543, 0.000, 0.003, -0.028, 7.225, 12.069, 2.500, 1, 0 
1419, 53402303, 0.000, -4.571, 0.000, 9.566, 0.000, -0.006, -0.060, 7.237, 12.081, 2.500, 1, 0 
1419, 54424460, 0.000, -4.574, 0.000, 9.590, 0.000, -0.006, 0.035, 7.249, 12.092, 2.500, 1, 0 
1419, 55441942, 0.000, -4.576, 0.000, 9.614, 0.000, -0.022, 0.003, 7.261, 12.104, 2.500, 1, 0 
1419, 56638517, 0.000, -4.579, 0.000, 9.638, 0.000, -0.019, 0.066, 7.274, 12.116, 2.500, 1, 0 
1419, 57823750, 0.000, -4.581, 0.000, 9.662, 0.000, -0.013, 0.066, 7.286, 12.128, 2.500, 1, 0 
1419, 58830962, 0.000, -4.584, 0.000, 9.686, 0.000, -0.003, 0.066, 7.298, 12.140, 2.500, 1, 0 
1419, 59838359, 0.000, -4.586, 0.000, 9.710, 0.000, 0.006, 0.035, 7.310, 12.152, 2.500, 1, 0 
1419, 60898058, 0.000, -4.589, 0.000, 9.733, 0.000, 0.016, 0.098, 7.322, 12.164, 2.500, 1, 0 
1419, 61907159, 0.000, -4.591, 0.000, 9.757, 0.000, 0.019, 0.035, 7.334, 12.176, 2.500, 1, 0 
1419, 62939404, 0.000, -4.594, 0.000, 9.780, 0.000, 0.028, 0.003, 7.346, 12.188, 2.500, 1, 0 
1419, 63973694, 0.000, -4.596, 0.000, 9.803, 0.000, 0.028, -0.060, 7.359, 12.200, 2.500, 1, 0 
1419, 65083728, 0.000, -4.598, 0.000, 9.827, 0.000, 0.035, -0.060, 7.371, 12.212, 2.500, 1, 0 
1419, 66167821, 0.000, -4.601, 0.000, 9.850, 0.000, 0.032, 0.003, 7.383, 12.223, 2.500, 1, 0 
1419, 67174615, 0.000, -4.603, 0.000, 9.873, 0.000, 0.025, 0.003, 7.395, 12.235, 2.500, 1, 0 
1419, 68180927, 0.000, -4.606, 0.000, 9.897, 0.000, 0.019, 0.003, 7.408, 12.247, 2.500, 1, 0 
1419, 69186849, 0.000, -4.608, 0.000, 9.921, 0.000, 0.013, 0.003, 7.420, 12.259, 2.500, 1, 0 
1419, 70193930, 0.000, -4.610, 0.000, 9.945, 0.000, 0.006, 0.003, 7.432, 12.271, 2.500, 1, 0 
1419, 71202012, 0.000, -4.613, 0.000, 9.969, 0.000, 0.006, 0.035, 7.444, 12.284, 2.500, 1, 0 
1419, 72209266, 0.000, -4.615, 0.000, 9.993, 0.000, 0.000, 0.066, 7.457, 12.296, 2.500, 1, 0 
1419, 73235037, 0.000, -4.617, 0.000, 10.017, 0.000, 0.000, 0.066, 7.469, 12.308, 2.500, 1, 0 
1419, 74469188, 0.000, -4.619, 0.000, 10.041, 0.000, 0.006, 0.066, 7.481, 12.320, 2.500, 1, 0 
1419, 75475583, 0.000, -4.622, 0.000, 10.065, 0.000, 0.016, 0.035, 7.494, 12.332, 2.500, 1, 0 
1419, 76483508, 0.000, -4.624, 0.000, 10.089, 0.000, 0.032, 0.066, 7.506, 12.344, 2.500, 1, 0 
1419, 77492299, 0.000, -4.626, 0.000, 10.112, 0.000, 0.035, 0.066, 7.518, 12.356, 2.500, 1, 0 
1419, 78497743, 0.000, -4.628, 0.000, 10.136, 0.000, 0.041, 0.066, 7.531, 12.368, 2.500, 1, 0 
1419, 79510504, 0.000, -4.631, 0.000, 10.159, 0.000, 0.044, 0.035, 7.543, 12.380, 2.500, 1, 0 
1419, 80516322, 0.000, -4.633, 0.000, 10.183, 0.000, 0.044, -0.028, 7.556, 12.392, 2.500, 1, 0 
1419, 81575181, 0.000, -4.635, 0.000, 10.206, 0.000, 0.044, -0.060, 7.568, 12.404, 2.500, 1, 0 
1419, 82632972, 0.000, -4.637, 0.000, 10.230, 0.000, 0.044, 0.003, 7.580, 12.417, 2.500, 1, 0 
1419, 83637827, 0.000, -4.640, 0.000, 10.254, 0.000, 0.035, 0.035, 7.593, 12.429, 2.500, 1, 0 
1419, 84649313, 0.000, -4.642, 0.000, 10.278, 0.000, 0.019, -0.060, 7.605, 12.441, 2.500, 1, 0 
1419, 85660078, 0.000, -4.644, 0.000, 10.302, 0.000, 0.016, -0.060, 7.618, 12.453, 2.500, 1, 0 
1419, 86668633, 0.000, -4.646, 0.000, 10.326, 0.000, 0.013, 0.003, 7.630, 12.465, 2.500, 1, 0 
1419, 87678745, 0.000, -4.648, 0.000, 10.351, 0.000, 0.003, 0.035, 7.643, 12.478, 2.500, 1, 0 
1419, 88687858, 0.000, -4.650, 0.000, 10.376, 0.000, -0.006, 0.003, 7.655, 12.490, 2.500, 1, 0 
1419, 89695820, 0.000, -4.652, 0.000, 10.400, 0.000, -0.003, 0.066, 7.668, 12.502, 2.500, 1, 0 
1419, 90831648, 0.000, -4.655, 0.000, 10.425, 0.000, -0.006, 0.066, 7.680, 12.514, 2.500, 1, 0 
1419, 92144344, 0.000, -4.657, 0.000, 10.450, 0.000, 0.003, 0.066, 7.693, 12.527, 2.500, 1, 0 
1419, 93153472, 0.000, -4.659, 0.000, 10.474, 0.000, 0.016, 0.066, 7.705, 12.539, 2.500, 1, 0 
1419, 94160227, 0.000, -4.661, 0.000, 10.498, 0.000, 0.022, 0.066, 7.718, 12.551, 2.500, 1, 0 
1419, 95184867, 0.000, -4.663, 0.000, 10.523, 0.000, 0.019, 0.003, 7.730, 12.563, 2.500, 1, 0 
1419, 96188724, 0.000, -4.665, 0.000, 10.547, 0.000, 0.035, 0.035, 7.743, 12.576, 2.500, 1, 0 
1419, 97247034, 0.000, -4.667, 0.000, 10.571, 0.000, 0.038, 0.003, 7.755, 12.588, 2.500, 1, 0 
1419, 98280088, 0.000, -4.669, 0.000, 10.595, 0.000, 0.038, -0.028, 7.768, 12.600, 2.500, 1, 0 
1419, 99289481, 0.000, -4.671, 0.000, 10.619, 0.000, 0.038, 0.003, 7.781, 12.613, 2.500, 1, 0 
1419, 100297740, 0.000, -4.673, 0.000, 10.643, 0.000, 0.035, 0.003, 7.793, 12.625, 2.500, 1, 0 
1419, 101344407, 0.000, -4.675, 0.000, 10.668, 0.000, 0.022, -0.060, 7.806, 12.637, 2.500, 1, 0 
1419, 102359476, 0.000, -4.677, 0.000, 10.693, 0.000, 0.016, -0.060, 7.819, 12.650, 2.500, 1, 0 
1419, 103367633, 0.000, -4.679, 0.000, 10.718, 0.000, 0.003, -0.060, 7.831, 12.662, 2.500, 1, 0 
1419, 104375855, 0.000, -4.681, 0.000, 10.743, 0.000, 0.000, 0.035, 7.844, 12.675, 2.500, 1, 0 
1419, 105402045, 0.000, -4.683, 0.000, 10.768, 0.000, -0.016, 0.003, 7.857, 12.687, 2.500, 1, 0 
1419, 106778795, 0.000, -4.685, 0.000, 10.793, 0.000, -0.006, 0.066, 7.869, 12.699, 2.500, 1, 0 
1419, 107786572, 0.000, -4.686, 0.000, 10.819, 0.000, -0.013, 0.035, 7.882, 12.712, 2.500, 1, 0 
1419, 108792625, 0.000, -4.688, 0.000, 10.844, 0.000, -0.009, 0.003, 7.895, 12.724, 2.500, 1, 0 
1419, 109800357, 0.000, -4.690, 0.000, 10.869, 0.000, 0.003, 0.066, 7.907, 12.737, 2.500, 1, 0 
1419, 110808242, 0.000, -4.692, 0.000, 10.894, 0.000, 0.003, 0.066, 7.920, 12.749, 2.500, 1, 0 
1419, 111870533, 0.000, -4.694, 0.000, 10.919, 0.000, 0.006, 0.035, 7.933, 12.762, 2.500, 1, 0 
1419, 112929320, 0.000, -4.696, 0.000, 10.944, 0.000, 0.019, 0.035, 7.946, 12.774, 2.500, 1, 0 
1419, 113989950, 0.000, -4.698, 0.000, 10.969, 0.000, 0.025, 0.003, 7.959, 12.787, 2.500, 1, 0 
1419, 115057832, 0.000, -4.699, 0.000, 10.994, 0.000, 0.035, 0.003, 7.971, 12.799, 2.500, 1, 0 
1419, 116085825, 0.000, -4.701, 0.000, 11.019, 0.000, 0.028, -0.028, 7.984, 12.812, 2.500, 1, 0 
1419, 117094077, 0.000, -4.703, 0.000, 11.043, 0.000, 0.028, -0.028, 7.997, 12.824, 2.500, 1, 0 
1419, 118113926, 0.000, -4.705, 0.000, 11.068, 0.000, 0.019, -0.028, 8.010, 12.837, 2.500, 1, 0 
1419, 119122522, 0.000, -4.707, 0.000, 11.094, 0.000, 0.009, -0.060, 8.023, 12.830, 2.500, 1, 0 
1419, 120129799, 0.000, -4.708, 0.000, 11.119, 0.000, 0.013, 0.003, 8.035, 12.842, 2.500, 1, 0 
1419, 121137876, 0.000, -4.710, 0.000, 11.144, 0.000, 0.006, 0.066, 8.048, 12.855, 2.500, 1, 0 
1419, 122171184, 0.000, -4.712, 0.000, 11.170, 0.000, -0.006, 0.003, 8.061, 12.867, 2.500, 1, 0 
1419, 123317127, 0.000, -4.713, 0.000, 11.196, 0.000, 0.000, 0.035, 8.074, 12.880, 2.500, 1, 0 
1419, 124766048, 0.000, -4.715, 0.000, 11.221, 0.000, -0.006, 0.003, 8.087, 12.892, 2.500, 1, 0 
1419, 125775366, 0.000, -4.717, 0.000, 11.247, 0.000, 0.000, 0.035, 8.100, 12.905, 2.500, 1, 0 
1419, 126785709, 0.000, -4.718, 0.000, 11.273, 0.000, 0.003, 0.066, 8.113, 12.918, 2.500, 1, 0 
1419, 127790188, 0.000, -4.720, 0.000, 11.298, 0.000, 0.006, 0.035, 8.126, 12.930, 2.500, 1, 0 
1419, 128849807, 0.000, -4.722, 0.000, 11.323, 0.000, 0.019, 0.066, 8.139, 12.943, 2.500, 1, 0 
1419, 129870690, 0.000, -4.723, 0.000, 11.349, 0.000, 0.022, 0.035, 8.152, 12.956, 2.500, 1, 0 
1419, 130877865, 0.000, -4.725, 0.000, 11.374, 0.000, 0.025, -0.060, 8.165, 12.968, 2.500, 1, 0 
1419, 131885404, 0.000, -4.727, 0.000, 11.399, 0.000, 0.028, -0.060, 8.178, 12.981, 2.500, 1, 0 
1419, 132946059, 0.000, -4.728, 0.000, 11.425, 0.000, 0.022, 0.003, 8.191, 12.994, 2.500, 1, 0 
1419, 133953024, 0.000, -4.730, 0.000, 11.450, 0.000, 0.013, -0.028, 8.204, 13.006, 2.500, 1, 0 
1419, 134959929, 0.000, -4.731, 0.000, 11.476, 0.000, 0.006, -0.060, 8.217, 13.019, 2.500, 1, 0 
1419, 135967615, 0.000, -4.733, 0.000, 11.502, 0.000, 0.009, 0.003, 8.230, 13.032, 2.500, 1, 0 
1419, 136977640, 0.000, -4.734, 0.000, 11.528, 0.000, -0.000, 0.003, 8.243, 13.044, 2.500, 1, 0 
1419, 138079836, 0.000, -4.736, 0.000, 11.554, 0.000, -0.000, 0.066, 8.256, 13.057, 2.500, 1, 0 
1419, 139085747, 0.000, -4.737, 0.000, 11.580, 0.000, -0.006, 0.035, 8.269, 13.070, 2.500, 1, 0 
1419, 140403409, 0.000, -4.739, 0.000, 11.606, 0.000, -0.006, 0.035, 8.282, 13.083, 2.500, 1, 0 
1419, 141660200, 0.000, -4.740, 0.000, 11.632, 0.000, -0.003, 0.066, 8.295, 13.096, 2.500, 1, 0 
1419, 142693095, 0.000, -4.742, 0.000, 11.658, 0.000, 0.006, 0.066, 8.308, 13.108, 2.500, 1, 0 
1419, 143700115, 0.000, -4.743, 0.000, 11.684, 0.000, 0.019, 0.066, 8.321, 13.121, 2.500, 1, 0 
1419, 144783115, 0.000, -4.745, 0.000, 11.710, 0.000, 0.022, 0.035, 8.334, 13.134, 2.500, 1, 0 
1419, 145850731, 0.000, -4.746, 0.000, 11.735, 0.000, 0.032, 0.035, 8.348, 13.147, 2.500, 1, 0 
1419, 146919066, 0.000, -4.748, 0.000, 11.761, 0.000, 0.038, 0.003, 8.361, 13.160, 2.500, 1, 0 
1419, 147987044, 0.000, -4.749, 0.000, 11.786, 0.000, 0.032, -0.091, 8.374, 13.173, 2.500, 1, 0 
1419, 149054212, 0.000, -4.750, 0.000, 11.812, 0.000, 0.038, -0.028, 8.387, 13.185, 2.500, 1, 0 
1419, 150123258, 0.000, -4.752, 0.000, 11.838, 0.000, 0.025, 0.003, 8.400, 13.198, 2.500, 1, 0 
1419, 151158052, 0.000, -4.753, 0.000, 11.863, 0.000, 0.022, 0.035, 8.413, 13.211, 2.500, 1, 0 
1419, 152166510, 0.000, -4.754, 0.000, 11.890, 0.000, 0.013, -0.028, 8.427, 13.224, 2.500, 1, 0 
1419, 153174981, 0.000, -4.756, 0.000, 11.916, 0.000, 0.013, 0.003, 8.440, 13.237, 2.500, 1, 0 
1419, 154183910, 0.000, -4.757, 0