Thu Nov 22 15:21:07 2018
StepTime, x, v, f, xdes, vdes, fdes, cmd, IR, LSB, LSF
6059481, 0.00, 0.00, -10.45, 100.00, 0.00, 0.00, 3.35, 0.00, -10, 0, 0
2988709, 0.00, 0.00, -10.58, 100.00, 0.00, 0.00, 3.35, 0.00, -10, 0, 0
2748084, 0.00, 0.00, -10.58, 100.00, 0.00, 0.00, 3.35, 0.00, -10, 0, 0
2740515, 0.00, 0.00, -10.58, 100.00, 0.00, 0.00, 3.35, 0.00, -10, 0, 0
2884544, 0.00, 0.00, -10.58, 100.00, 0.00, 0.00, 3.35, 0.00, -10, 0, 0
3095968, 0.00, 0.00, -10.58, 100.00, 0.00, 0.00, 3.35, 0.00, -10, 0, 0
3049486, 0.00, 0.00, -10.58, 100.00, 0.00, 0.00, 3.35, 0.00, -10, 0, 0
3047631, 0.00, 0.00, -10.58, 100.00, 0.00, 0.00, 3.35, 0.00, -10, 0, 0
2960597, 0.00, 0.00, -10.58, 100.00, 0.00, 0.00, 3.35, 0.00, -10, 0, 0
3087491, 0.00, 0.00, -10.58, 100.00, 0.00, 0.00, 3.35, 0.00, -10, 0, 0
6059481, 0.00, 0.00, -10.45, 100.00, 0.00, 0.00, 3.35, 0.00, -10, 0, 0
3203058, 0.00, 0.00, -10.58, 100.00, 0.00, 0.00, 3.35, 0.00, -10, 0, 0
3092210, 0.00, 0.00, -10.58, 100.00, 0.00, 0.00, 3.35, 0.00, -10, 0, 0
2987698, 0.00, 0.00, -10.58, 100.00, 0.00, 0.00, 3.35, 0.00, -10, 0, 0
3113644, 0.00, 0.00, -10.58, 100.00, 0.00, 0.00, 3.35, 0.00, -10, 0, 0
3114739, 0.00, 0.00, -10.58, 100.00, 0.00, 0.00, 3.35, 0.00, -10, 0, 0
3118522, 0.00, 0.00, -10.58, 100.00, 0.00, 0.00, 3.35, 0.00, -10, 0, 0
3082325, 0.00, 0.00, -10.58, 100.00, 0.00, 0.00, 3.35, 0.00, -10, 0, 0
2836575, 0.00, 0.00, -10.58, 100.00, 0.00, 0.00, 3.35, 0.00, -10, 0, 0
2822277, 0.00, 0.00, -10.58, 100.00, 0.00, 0.00, 3.35, 0.00, -10, 0, 0
6059481, 0.00, 0.00, -10.45, 100.00, 0.00, 0.00, 3.35, 0.00, -10, 0, 0
2820527, 0.00, 0.00, -10.58, 100.00, 0.00, 0.00, 3.35, 0.00, -10, 0, 0
2737480, 0.00, 0.00, -10.58, 100.00, 0.00, 0.00, 3.35, 0.00, -10, 0, 0
2707318, 0.00, 0.00, -10.58, 100.00, 0.00, 0.00, 3.35, 0.00, -10, 0, 0
2699964, 0.00, 0.00, -10.58, 100.00, 0.00, 0.00, 3.35, 0.00, -10, 0, 0
2710516, 0.00, 0.00, -10.58, 100.00, 0.00, 0.00, 3.35, 0.00, -10, 0, 0
2712688, 0.00, 0.00, -10.58, 100.00, 0.00, 0.00, 3.35, 0.00, -10, 0, 0
2705898, 0.00, 0.00, -10.58, 100.00, 0.00, 0.00, 3.35, 0.00, -10, 0, 0
2713888, 0.00, 0.00, -10.58, 100.00, 0.00, 0.00, 3.35, 0.00, -10, 0, 0
2705014, 0.00, 0.00, -10.58, 100.00, 0.00, 0.00, 3.35, 0.00, -10, 0, 0
6059481, 0.00, 0.00, -10.45, 100.00, 0.00, 0.00, 3.35, 0.00, -10, 0, 0
2687310, 0.00, 0.00, -10.58, 100.00, 0.00, 0.00, 3.35, 0.00, -10, 0, 0
2710394, 0.00, 0.00, -10.58, 100.00, 0.00, 0.00, 3.35, 0.00, -10, 0, 0
2706465, 0.00, 0.00, -10.58, 100.00, 0.00, 0.00, 3.35, 0.00, -10, 0, 0
2752252, 0.00, 0.00, -10.58, 100.00, 0.00, 0.00, 3.35, 0.00, -10, 0, 0
3304738, 0.00, 0.00, -10.58, 100.00, 0.00, 0.00, 3.35, 0.00, -10, 0, 0
3163925, 0.00, 0.00, -10.58, 100.00, 0.00, 0.00, 3.35, 0.00, -10, 0, 0
2675311, 0.00, 0.00, -10.58, 100.00, 0.00, 0.00, 3.35, 0.00, -10, 0, 0
2715749, 0.00, 0.00, -10.58, 100.00, 0.00, 0.00, 3.35, 0.00, -10, 0, 0
2718104, 0.00, 0.00, -10.58, 100.00, 0.00, 0.00, 3.35, 0.00, -10, 0, 0
6059481, 0.00, 0.00, -10.45, 100.00, 0.00, 0.00, 3.35, 0.00, -10, 0, 0
2690716, 0.00, 0.00, -10.58, 100.00, 0.00, 0.00, 3.35, 0.00, -10, 0, 0
2708313, 0.00, 0.00, -10.58, 100.00, 0.00, 0.00, 3.35, 0.00, -10, 0, 0
2702896, 0.00, 0.00, -10.58, 100.00, 0.00, 0.00, 3.35, 0.00, -10, 0, 0
2703739, 0.00, 0.00, -10.58, 100.00, 0.00, 0.00, 3.35, 0.00, -10, 0, 0
2711396, 0.00, 0.00, -10.58, 100.00, 0.00, 0.00, 3.35, 0.00, -10, 0, 0
2695328, 0.00, 0.00, -10.58, 100.00, 0.00, 0.00, 3.35, 0.00, -10, 0, 0
3043292, 0.00, 0.00, -10.58, 100.00, 0.00, 0.00, 3.35, 0.00, -10, 0, 0
3083876, 0.00, 0.00, -10.58, 100.00, 0.00, 0.00, 3.35, 0.00, -10, 0, 0
2687068, 0.00, 0.00, -10.58, 100.00, 0.00, 0.00, 3.35, 0.00, -10, 0, 0
6059481, 0.00, 0.00, -10.45, 100.00, 0.00, 0.00, 3.35, 0.00, -10, 0, 0
2726681, 0.00, 0.00, -10.58, 100.00, 0.00, 0.00, 3.35, 0.00, -10, 0, 0
2701891, 0.00, 0.00, -10.58, 100.00, 0.00, 0.00, 3.35, 0.00, -10, 0, 0
2938600, 0.00, 0.00, -10.58, 100.00, 0.00, 0.00, 3.35, 0.00, -10, 0, 0
3074258, 0.00, 0.00, -10.58, 100.00, 0.00, 0.00, 3.35, 0.00, -10, 0, 0
2894849, 0.00, 0.00, -10.58, 100.00, 0.00, 0.00, 3.35, 0.00, -10, 0, 0
2884487, 0.00, 0.00, -10.58, 100.00, 0.00, 0.00, 3.35, 0.00, -10, 0, 0
3283469, 0.00, 0.00, -10.58, 100.00, 0.00, 0.00, 3.35, 0.00, -10, 0, 0
3095427, 0.00, 0.00, -10.58, 100.00, 0.00, 0.00, 3.35, 0.00, -10, 0, 0
3295146, 0.00, 0.00, -10.58, 100.00, 0.00, 0.00, 3.35, 0.00, -10, 0, 0
6059481, 0.00, 0.00, -10.45, 100.00, 0.00, 0.00, 3.35, 0.00, -10, 0, 0
3230510, 0.00, 0.00, -10.58, 100.00, 0.00, 0.00, 3.35, 0.00, -10, 0, 0
3128901, 0.00, 0.00, -10.58, 100.00, 0.00, 0.00, 3.35, 0.00, -10, 0, 0
3736740, 0.00, 0.00, -10.58, 100.00, 0.00, 0.00, 3.35, 0.00, -10, 0, 0
3671297, 0.00, 0.00, -10.58, 100.00, 0.00, 0.00, 3.35, 0.00, -10, 0, 0
3490079, 0.00, 0.00, -10.58, 100.00, 0.00, 0.00, 3.35, 0.00, -10, 0, 0
3445519, 0.00, 0.00, -10.58, 100.00, 0.00, 0.00, 3.35, 0.00, -10, 0, 0
3352921, 0.00, 0.00, -10.58, 100.00, 0.00, 0.00, 3.35, 0.00, -10, 0, 0
3274127, 0.00, 0.00, -10.58, 100.00, 0.00, 0.00, 3.35, 0.00, -10, 0, 0
3754651, 0.00, 0.00, -10.58, 100.00, 0.00, 0.00, 3.35, 0.00, -10, 0, 0
6059481, 0.00, 0.00, -10.45, 100.00, 0.00, 0.00, 3.35, 0.00, -10, 0, 0
3313885, 0.00, 0.00, -10.58, 100.00, 0.00, 0.00, 3.35, 0.00, -10, 0, 0
3727424, 0.00, 0.00, -10.58, 100.00, 0.00, 0.00, 3.35, 0.00, -10, 0, 0
3507790, 0.00, 0.00, -10.58, 100.00, 0.00, 0.00, 3.35, 0.00, -10, 0, 0
3827328, 0.00, 0.00, -10.58, 100.00, 0.00, 0.00, 3.35, 0.00, -10, 0, 0
3243031, 0.00, 0.00, -10.58, 100.00, 0.00, 0.00, 3.35, 0.00, -10, 0, 0
3076856, 0.00, 0.00, -10.58, 100.00, 0.00, 0.00, 3.35, 0.00, -10, 0, 0
3049551, 0.00, 0.00, -10.58, 100.00, 0.00, 0.00, 3.35, 0.00, -10, 0, 0
3249010, 0.00, 0.00, -10.58, 100.00, 0.00, 0.00, 3.35, 0.00, -10, 0, 0
3236939, 0.00, 0.00, -10.58, 100.00, 0.00, 0.00, 3.35, 0.00, -10, 0, 0
6059481, 0.00, 0.00, -10.45, 100.00, 0.00, 0.00, 3.35, 0.00, -10, 0, 0
3321582, 0.00, 0.00, -10.58, 100.00, 0.00, 0.00, 3.35, 0.00, -10, 0, 0
3102159, 0.00, 0.00, -10.58, 100.00, 0.00, 0.00, 3.35, 0.00, -10, 0, 0
3289102, 0.00, 0.00, -10.58, 100.00, 0.00, 0.00, 3.35, 0.00, -10, 0, 0
3783022, 0.00, 0.00, -10.58, 100.00, 0.00, 0.00, 3.35, 0.00, -10, 0, 0
3206139, 0.00, 0.00, -10.58, 100.00, 0.00, 0.00, 3.35, 0.00, -10, 0, 0
3078038, 0.00, 0.00, -10.58, 100.00, 0.00, 0.00, 3.35, 0.00, -10, 0, 0
3338594, 0.00, 0.00, -10.58, 100.00, 0.00, 0.00, 3.35, 0.00, -10, 0, 0
3191280, 0.00, 0.00, -10.58, 100.00, 0.00, 0.00, 3.35, 0.00, -10, 0, 0
-996097014, 0.00, 0.00, -10.58, 100.00, 0.00, 0.00, 3.35, 0.00, -10, 0, 0
6059481, 0.00, 0.00, -10.45, 100.00, 0.00, 0.00, 3.35, 0.00, -10, 0, 0
3660671, 0.00, 0.00, -10.58, 100.00, 0.00, 0.00, 3.35, 0.00, -10, 0, 0
3234084, 0.00, 0.00, -10.58, 100.00, 0.00, 0.00, 3.35, 0.00, -10, 0, 0
3395007, 0.00, 0.00, -10.58, 100.00, 0.00, 0.00, 3.35, 0.00, -10, 0, 0
3704985, 0.00, 0.00, -10.58, 100.00, 0.00, 0.00, 3.35, 0.00, -10, 0, 0
3215441, 0.00, 0.00, -10.58, 100.00, 0.00, 0.00, 3.35, 0.00, -10, 0, 0
3113984, 0.00, 0.00, -10.58, 100.00, 0.00, 0.00, 3.35, 0.00, -10, 0, 0
3205828, 0.00, 0.00, -10.58, 100.00, 0.00, 0.00, 3.35, 0.00, -10, 0, 0
3168070, 0.00, 0.00, -10.58, 100.00, 0.00, 0.00, 3.35, 0.00, -10, 0, 0
2990426, 0.00, 0.00, -10.58, 100.00, 0.00, 0.00, 3.35, 0.00, -10, 0, 0
6059481, 0.00, 0.00, -10.45, 100.00, 0.00, 0.00, 3.35, 0.00, -10, 0, 0
3628214, 0.00, 0.00, -10.58, 100.00, 0.00, 0.00, 3.35, 0.00, -10, 0, 0
3324953, 0.00, 0.00, -10.58, 100.00, 0.00, 0.00, 3.35, 0.00, -10, 0, 0
3346061, 0.00, 0.00, -10.58, 100.00, 0.00, 0.00, 3.35, 0.00, -10, 0, 0
4038351, 0.00, 0.00, -10.58, 100.00, 0.00, 0.00, 3.35, 0.00, -10, 0, 0
3507812, 0.00, 0.00, -10.58, 100.00, 0.00, 0.00, 3.35, 0.00, -10, 0, 0
3196875, 0.00, 0.00, -10.58, 100.00, 0.00, 0.00, 3.35, 0.00, -10, 0, 0
3206568, 0.00, 0.00, -10.58, 100.00, 0.00, 0.00, 3.35, 0.00, -10, 0, 0
3238609, 0.00, 0.00, -10.58, 100.00, 0.00, 0.00, 3.35, 0.00, -10, 0, 0
3544313, 0.00, 0.00, -10.58, 100.00, 0.00, 0.00, 3.35, 0.00, -10, 0, 0
6059481, 0.00, 0.00, -10.45, 100.00, 0.00, 0.00, 3.35, 0.00, -10, 0, 0
3066072, 0.00, 0.00, -10.58, 100.00, 0.00, 0.00, 3.35, 0.00, -10, 0, 0
3095371, 0.00, 0.00, -10.58, 100.00, 0.00, 0.00, 3.35, 0.00, -10, 0, 0
3453930, 0.00, 0.00, -10.58, 100.00, 0.00, 0.00, 3.35, 0.00, -10, 0, 0
3808219, 0.00, 0.00, -10.58, 100.00, 0.00, 0.00, 3.35, 0.00, -10, 0, 0
3379784, 0.00, 0.00, -10.58, 100.00, 0.00, 0.00, 3.35, 0.00, -10, 0, 0
3165864, 0.00, 0.00, -10.58, 100.00, 0.00, 0.00, 3.35, 0.00, -10, 0, 0
3126843, 0.00, 0.00, -10.58, 100.00, 0.00, 0.00, 3.35, 0.00, -10, 0, 0
3338427, 0.00, 0.00, -10.58, 100.00, 0.00, 0.00, 3.35, 0.00, -10, 0, 0
3611314, 0.00, 0.00, -10.58, 100.00, 0.00, 0.00, 3.35, 0.00, -10, 0, 0
6059481, 0.00, 0.00, -10.45, 100.00, 0.00, 0.00, 3.35, 0.00, -10, 0, 0
3213662, 0.00, 0.00, -10.58, 100.00, 0.00, 0.00, 3.35, 0.00, -10, 0, 0
3086571, 0.00, 0.00, -10.58, 100.00, 0.00, 0.00, 3.35, 0.00, -10, 0, 0
3439117, 0.00, 0.00, -10.58, 100.00, 0.00, 0.00, 3.35, 0.00, -10, 0, 0
3873827, 0.00, 0.00, -10.58, 100.00, 0.00, 0.00, 3.35, 0.00, -10, 0, 0
3278178, 0.00, 0.00, -10.58, 100.00, 0.00, 0.00, 3.35, 0.00, -10, 0, 0
3142227, 0.00, 0.00, -10.58, 100.00, 0.00, 0.00, 3.35, 0.00, -10, 0, 0
3281527, 0.00, 0.00, -10.58, 100.00, 0.00, 0.00, 3.35, 0.00, -10, 0, 0
3989246, 0.00, 0.00, -10.58, 100.00, 0.00, 0.00, 3.35, 0.00, -10, 0, 0
3344917, 0.00, 0.00, -10.58, 100.00, 0.00, 0.00, 3.35, 0.00, -10, 0, 0
6059481, 0.00, 0.00, -10.45, 100.00, 0.00, 0.00, 3.35, 0.00, -10, 0, 0
3457375, 0.00, 0.00, -10.58, 100.00, 0.00, 0.00, 3.35, 0.00, -10, 0, 0
3243757, 0.00, 0.00, -10.58, 100.00, 0.00, 0.00, 3.35, 0.00, -10, 0, 0
3418675, 0.00, 0.00, -10.58, 100.00, 0.00, 0.00, 3.35, 0.00, -10, 0, 0
3457783, 0.00, 0.00, -10.58, 100.00, 0.00, 0.00, 3.35, 0.00, -10, 0, 0
3101888, 0.00, 0.00, -10.58, 100.00, 0.00, 0.00, 3.35, 0.00, -10, 0, 0
3054777, 0.00, 0.00, -10.58, 100.00, 0.00, 0.00, 3.35, 0.00, -10, 0, 0
3419792, 0.00, 0.00, -10.58, 100.00, 0.00, 0.00, 3.35, 0.00, -10, 0, 0
3325606, 0.00, 0.00, -10.58, 100.00, 0.00, 0.00, 3.35, 0.00, -10, 0, 0
3622729, 0.00, 0.00, -10.58, 100.00, 0.00, 0.00, 3.35, 0.00, -10, 0, 0
6059481, 0.00, 0.00, -10.45, 100.00, 0.00, 0.00, 3.35, 0.00, -10, 0, 0
3327879, 0.00, 0.00, -10.58, 100.00, 0.00, 0.00, 3.35, 0.00, -10, 0, 0
3162075, 0.00, 0.00, -10.58, 100.00, 0.00, 0.00, 3.35, 0.00, -10, 0, 0
3123534, 0.00, 0.00, -10.58, 100.00, 0.00, 0.00, 3.35, 0.00, -10, 0, 0
3103356, 0.00, 0.00, -10.58, 100.00, 0.00, 0.00, 3.35, 0.00, -10, 0, 0
3046233, 0.00, 0.00, -10.58, 100.00, 0.00, 0.00, 3.35, 0.00, -10, 0, 0
3427168, 0.00, 0.00, -10.58, 100.00, 0.00, 0.00, 3.35, 0.00, -10, 0, 0
3535089, 0.00, 0.00, -10.58, 100.00, 0.00, 0.00, 3.35, 0.00, -10, 0, 0
3367853, 0.00, 0.00, -10.58, 100.00, 0.00, 0.00, 3.35, 0.00, -10, 0, 0
3413775, 0.00, 0.00, -10.58, 100.00, 0.00, 0.00, 3.35, 0.00, -10, 0, 0
6059481, 0.00, 0.00, -10.45, 100.00, 0.00, 0.00, 3.35, 0.00, -10, 0, 0
3113699, 0.00, 0.00, -10.58, 100.00, 0.00, 0.00, 3.35, 0.00, -10, 0, 0
2988938, 0.00, 0.00, -10.58, 100.00, 0.00, 0.00, 3.35, 0.00, -10, 0, 0
3050828, 0.00, 0.00, -10.58, 100.00, 0.00, 0.00, 3.35, 0.00, -10, 0, 0
3111780, 0.00, 0.00, -10.58, 100.00, 0.00, 0.00, 3.35, 0.00, -10, 0, 0
3065052, 0.00, 0.00, -10.58, 100.00, 0.00, 0.00, 3.35, 0.00, -10, 0, 0
3480685, 0.00, 0.00, -10.58, 100.00, 0.00, 0.00, 3.35, 0.00, -10, 0, 0
3767019, 0.00, 0.00, -10.58, 100.00, 0.00, 0.00, 3.35, 0.00, -10, 0, 0
3446791, 0.00, 0.00, -10.58, 100.00, 0.00, 0.00, 3.35, 0.00, -10, 0, 0
3557407, 0.00, 0.00, -10.58, 100.00, 0.00, 0.00, 3.35, 0.00, -10, 0, 0
6059481, 0.00, 0.00, -10.45, 100.00, 0.00, 0.00, 3.35, 0.00, -10, 0, 0
3189785, 0.00, 0.00, -10.58, 100.00, 0.00, 0.00, 3.35, 0.00, -10, 0, 0
3140408, 0.00, 0.00, -10.58, 100.00, 0.00, 0.00, 3.35, 0.00, -10, 0, 0
3113343, 0.00, 0.00, -10.58, 100.00, 0.00, 0.00, 3.35, 0.00, -10, 0, 0
3082661, 0.00, 0.00, -10.58, 100.00, 0.00, 0.00, 3.35, 0.00, -10, 0, 0
3238971, 0.00, 0.00, -10.58, 100.00, 0.00, 0.00, 3.35, 0.00, -10, 0, 0
3750779, 0.00, 0.00, -10.58, 100.00, 0.00, 0.00, 3.35, 0.00, -10, 0, 0
3173447, 0.00, 0.00, -10.58, 100.00, 0.00, 0.00, 3.35, 0.00, -10, 0, 0
3267205, 0.00, 0.00, -10.58, 100.00, 0.00, 0.00, 3.35, 0.00, -10, 0, 0
3814806, 0.00, 0.00, -10.58, 100.00, 0.00, 0.00, 3.35, 0.00, -10, 0, 0
6059481, 0.00, 0.00, -10.45, 100.00, 0.00, 0.00, 3.35, 0.00, -10, 0, 0
3387444, 0.00, 0.00, -10.58, 100.00, 0.00, 0.00, 3.35, 0.00, -10, 0, 0
3255709, 0.00, 0.00, -10.58, 100.00, 0.00, 0.00, 3.35, 0.00, -10, 0, 0
3252983, 0.00, 0.00, -10.58, 100.00, 0.00, 0.00, 3.35, 0.00, -10, 0, 0
3189281, 0.00, 0.00, -10.58, 100.00, 0.00, 0.00, 3.35, 0.00, -10, 0, 0
3928210, 0.00, 0.00, -10.58, 100.00, 0.00, 0.00, 3.35, 0.00, -10, 0, 0
3254385, 0.00, 0.00, -10.58, 100.00, 0.00, 0.00, 3.35, 0.00, -10, 0, 0
3108088, 0.00, 0.00, -10.58, 100.00, 0.00, 0.00, 3.35, 0.00, -10, 0, 0
3277196, 0.00, 0.00, -10.58, 100.00, 0.00, 0.00, 3.35, 0.00, -10, 0, 0
3851471, 0.00, 0.00, -10.58, 100.00, 0.00, 0.00, 3.35, 0.00, -10, 0, 0
6059481, 0.00, 0.00, -10.45, 100.00, 0.00, 0.00, 3.35, 0.00, -10, 0, 0
3271958, 0.00, 0.00, -10.58, 100.00, 0.00, 0.00, 3.35, 0.00, -10, 0, 0
3244170, 0.00, 0.00, -10.58, 100.00, 0.00, 0.00, 3.35, 0.00, -10, 0, 0
3293824, 0.00, 0.00, -10.58, 100.00, 0.00, 0.00, 3.35, 0.00, -10, 0, 0
3643328, 0.00, 0.00, -10.58, 100.00, 0.00, 0.00, 3.35, 0.00, -10, 0, 0
3290247, 0.00, 0.00, -10.58, 100.00, 0.00, 0.00, 3.35, 0.00, -10, 0, 0
3103645, 0.00, 0.00, -10.58, 100.00, 0.00, 0.00, 3.35, 0.00, -10, 0, 0
3071676, 0.00, 0.00, -10.58, 100.00, 0.00, 0.00, 3.35, 0.00, -10, 0, 0
3488830, 0.00, 0.00, -10.58, 100.00, 0.00, 0.00, 3.35, 0.00, -10, 0, 0
4052326, 0.00, 0.00, -10.58, 100.00, 0.00, 0.00, 3.35, 0.00, -10, 0, 0
6059481, 0.00, 0.00, -10.45, 100.00, 0.00, 0.00, 3.35, 0.00, -10, 0, 0
3324911, 0.00, 0.00, -10.58, 100.00, 0.00, 0.00, 3.35, 0.00, -10, 0, 0
3228038, 0.00, 0.00, -10.58, 100.00, 0.00, 0.00, 3.35, 0.00, -10, 0, 0
3414074, 0.00, 0.00, -10.58, 100.00, 0.00, 0.00, 3.35, 0.00, -10, 0, 0
3606182, 0.00, 0.00, -10.58, 100.00, 0.00, 0.00, 3.35, 0.00, -10, 0, 0
3320516, 0.00, 0.00, -10.58, 100.00, 0.00, 0.00, 3.35, 0.00, -10, 0, 0
3244874, 0.00, 0.00, -10.58, 100.00, 0.00, 0.00, 3.35, 0.00, -10, 0, 0
3214358, 0.00, 0.00, -10.58, 100.00, 0.00, 0.00, 3.35, 0.00, -10, 0, 0
3645848, 0.00, 0.00, -10.58, 100.00, 0.00, 0.00, 3.35, 0.00, -10, 0, 0
3774379, 0.00, 0.00, -10.58, 100.00, 0.00, 0.00, 3.35, 0.00, -10, 0, 0
6059481, 0.00, 0.00, -10.45, 100.00, 0.00, 0.00, 3.35, 0.00, -10, 0, 0
3273184, 0.00, 0.00, -10.58, 100.00, 0.00, 0.00, 3.35, 0.00, -10, 0, 0
3602996, 0.00, 0.00, -10.58, 100.00, 0.00, 0.00, 3.35, 0.00, -10, 0, 0
3938397, 0.00, 0.00, -10.58, 100.00, 0.00, 0.00, 3.35, 0.00, -10, 0, 0
3361127, 0.00, 0.00, -10.58, 100.00, 0.00, 0.00, 3.35, 0.00, -10, 0, 0
3257348, 0.00, 0.00, -10.58, 100.00, 0.00, 0.00, 3.35, 0.00, -10, 0, 0
3254193, 0.00, 0.00, -10.58, 100.00, 0.00, 0.00, 3.35, 0.00, -10, 0, 0
3198077, 0.00, 0.00, -10.58, 100.00, 0.00, 0.00, 3.35, 0.00, -10, 0, 0
3243855, 0.00, 0.00, -10.58, 100.00, 0.00, 0.00, 3.35, 0.00, -10, 0, 0
3312082, 0.00, 0.00, -10.58, 100.00, 0.00, 0.00, 3.35, 0.00, -10, 0, 0
6059481, 0.00, 0.00, -10.45, 100.00, 0.00, 0.00, 3.35, 0.00, -10, 0, 0
3305625, 0.00, 0.00, -10.58, 100.00, 0.00, 0.00, 3.35, 0.00, -10, 0, 0
3867403, 0.00, 0.00, -10.58, 100.00, 0.00, 0.00, 3.35, 0.00, -10, 0, 0
3429018, 0.00, 0.00, -10.58, 100.00, 0.00, 0.00, 3.35, 0.00, -10, 0, 0
3305516, 0.00, 0.00, -10.58, 100.00, 0.00, 0.00, 3.35, 0.00, -10, 0, 0
3255828, 0.00, 0.00, -10.58, 100.00, 0.00, 0.00, 3.35, 0.00, -10, 0, 0
3243810, 0.00, 0.00, -10.58, 100.00, 0.00, 0.00, 3.35, 0.00, -10, 0, 0
3273622, 0.00, 0.00, -10.58, 100.00, 0.00, 0.00, 3.35, 0.00, -10, 0, 0
3245255, 0.00, 0.00, -10.58, 100.00, 0.00, 0.00, 3.35, 0.00, -10, 0, 0
3253304, 0.00, 0.00, -10.58, 100.00, 0.00, 0.00, 3.35, 0.00, -10, 0, 0
6059481, 0.00, 0.00, -10.45, 100.00, 0.00, 0.00, 3.35, 0.00, -10, 0, 0
3488197, 0.00, 0.00, -10.58, 100.00, 0.00, 0.00, 3.35, 0.00, -10, 0, 0
4084652, 0.00, 0.00, -10.58, 100.00, 0.00, 0.00, 3.35, 0.00, -10, 0, 0
4086754, 0.00, 0.00, -10.58, 100.00, 0.00, 0.00, 3.35, 0.00, -10, 0, 0
3357453, 0.00, 0.00, -10.58, 100.00, 0.00, 0.00, 3.35, 0.00, -10, 0, 0
3018804, 0.00, 0.00, -10.58, 100.00, 0.00, 0.00, 3.35, 0.00, -10, 0, 0
3220900, 0.00, 0.00, -10.58, 100.00, 0.00, 0.00, 3.35, 0.00, -10, 0, 0
3144693, 0.00, 0.00, -10.58, 100.00, 0.00, 0.00, 3.35, 0.00, -10, 0, 0
3249798, 0.00, 0.00, -10.58, 100.00, 0.00, 0.00, 3.35, 0.00, -10, 0, 0
3228271, 0.00, 0.00, -10.58, 100.00, 0.00, 0.00, 3.35, 0.00, -10, 0, 0
6059481, 0.00, 0.00, -10.45, 100.00, 0.00, 0.00, 3.35, 0.00, -10, 0, 0
3885548, 0.00, 0.00, -10.58, 100.00, 0.00, 0.00, 3.35, 0.00, -10, 0, 0
3462520, 0.00, 0.00, -10.58, 100.00, 0.00, 0.00, 3.35, 0.00, -10, 0, 0
3804420, 0.00, 0.00, -10.58, 100.00, 0.00, 0.00, 3.35, 0.00, -10, 0, 0
3321477, 0.00, 0.00, -10.58, 100.00, 0.00, 0.00, 3.35, 0.00, -10, 0, 0
3307079, 0.00, 0.00, -10.58, 100.00, 0.00, 0.00, 3.35, 0.00, -10, 0, 0
3548232, 0.00, 0.00, -10.58, 100.00, 0.00, 0.00, 3.35, 0.00, -10, 0, 0
3400941, 0.00, 0.00, -10.58, 100.00, 0.00, 0.00, 3.35, 0.00, -10, 0, 0
3285143, 0.00, 0.00, -10.58, 100.00, 0.00, 0.00, 3.35, 0.00, -10, 0, 0
3521803, 0.00, 0.00, -10.58, 100.00, 0.00, 0.00, 3.35, 0.00, -10, 0, 0
6059481, 0.00, 0.00, -10.45, 100.00, 0.00, 0.00, 3.35, 0.00, -10, 0, 0
3373694, 0.00, 0.00, -10.58, 100.00, 0.00, 0.00, 3.35, 0.00, -10, 0, 0
3735991, 0.00, 0.00, -10.58, 100.00, 0.00, 0.00, 3.35, 0.00, -10, 0, 0
3403847, 0.00, 0.00, -10.58, 100.00, 0.00, 0.00, 3.35, 0.00, -10, 0, 0
3241932, 0.00, 0.00, -10.58, 100.00, 0.00, 0.00, 3.35, 0.00, -10, 0, 0
3198564, 0.00, 0.00, -10.58, 100.00, 0.00, 0.00, 3.35, 0.00, -10, 0, 0
3317446, 0.00, 0.00, -10.58, 100.00, 0.00, 0.00, 3.35, 0.00, -10, 0, 0
3143860, 0.00, 0.00, -10.58, 100.00, 0.00, 0.00, 3.35, 0.00, -10, 0, 0
3371875, 0.00, 0.00, -10.58, 100.00, 0.00, 0.00, 3.35, 0.00, -10, 0, 0
3613569, 0.00, 0.00, -10.58, 100.00, 0.00, 0.00, 3.35, 0.00, -10, 0, 0
6059481, 0.00, 0.00, -10.45, 100.00, 0.00, 0.00, 3.35, 0.00, -10, 0, 0
3536174, 0.00, 0.00, -10.58, 100.00, 0.00, 0.00, 3.35, 0.00, -10, 0, 0
3885031, 0.00, 0.00, -10.58, 100.00, 0.00, 0.00, 3.35, 0.00, -10, 0, 0
3345645, 0.00, 0.00, -10.58, 100.00, 0.00, 0.00, 3.35, 0.00, -10, 0, 0
3395616, 0.00, 0.00, -10.58, 100.00, 0.00, 0.00, 3.35, 0.00, -10, 0, 0
3455051, 0.00, 0.00, -10.58, 100.00, 0.00, 0.00, 3.35, 0.00, -10, 0, 0
3280011, 0.00, 0.00, -10.58, 100.00, 0.00, 0.00, 3.35, 0.00, -10, 0, 0
3467668, 0.00, 0.00, -10.58, 100.00, 0.00, 0.00, 3.35, 0.00, -10, 0, 0
3847265, 0.00, 0.00, -10.58, 100.00, 0.00, 0.00, 3.35, 0.00, -10, 0, 0
3474383, 0.00, 0.00, -10.58, 100.00, 0.00, 0.00, 3.35, 0.00, -10, 0, 0
6059481, 0.00, 0.00, -10.45, 100.00, 0.00, 0.00, 3.35, 0.00, -10, 0, 0
3959459, 0.00, 0.00, -10.58, 100.00, 0.00, 0.00, 3.35, 0.00, -10, 0, 0
3827036, 0.00, 0.00, -10.58, 100.00, 0.00, 0.00, 3.35, 0.00, -10, 0, 0
3193919, 0.00, 0.00, -10.58, 100.00, 0.00, 0.00, 3.35, 0.00, -10, 0, 0
3288541, 0.00, 0.00, -10.58, 100.00, 0.00, 0.00, 3.35, 0.00, -10, 0, 0
3132938, 0.00, 0.00, -10.58, 100.00, 0.00, 0.00, 3.35, 0.00, -10, 0, 0
3644083, 0.00, 0.00, -10.58, 100.00, 0.00, 0.00, 3.35, 0.00, -10, 0, 0
3386749, 0.00, 0.00, -10.58, 100.00, 0.00, 0.00, 3.35, 0.00, -10, 0, 0
3393386, 0.00, 0.00, -10.58, 100.00, 0.00, 0.00, 3.35, 0.00, -10, 0, 0
3206448, 0.00, 0.00, -10.58, 100.00, 0.00, 0.00, 3.35, 0.00, -10, 0, 0
6059481, 0.00, 0.00, -10.45, 100.00, 0.00, 0.00, 3.35, 0.00, -10, 0, 0
3428346, 0.00, 0.00, -10.58, 100.00, 0.00, 0.00, 3.35, 0.00, -10, 0, 0
3352588, 0.00, 0.00, -10.58, 100.00, 0.00, 0.00, 3.35, 0.00, -10, 0, 0
3439405, 0.00, 0.00, -10.58, 100.00, 0.00, 0.00, 3.35, 0.00, -10, 0, 0
3476151, 0.00, 0.00, -10.58, 100.00, 0.00, 0.00, 3.35, 0.00, -10, 0, 0
3638594, 0.00, 0.00, -10.58, 100.00, 0.00, 0.00, 3.35, 0.00, -10, 0, 0
3898450, 0.00, 0.00, -10.58, 100.00, 0.00, 0.00, 3.35, 0.00, -10, 0, 0
3496269, 0.00, 0.00, -10.58, 100.00, 0.00, 0.00, 3.35, 0.00, -10, 0, 0
3467703, 0.00, 0.00, -10.58, 100.00, 0.00, 0.00, 3.35, 0.00, -10, 0, 0
3438825, 0.00, 0.00, -10.58, 100.00, 0.00, 0.00, 3.35, 0.00, -10, 0, 0
6059481, 0.00, 0.00, -10.45, 100.00, 0.00, 0.00, 3.35, 0.00, -10, 0, 0
3653064, 0.00, 0.00, -10.58, 100.00, 0.00, 0.00, 3.35, 0.00, -10, 0, 0
3248865, 0.00, 0.00, -10.58, 100.00, 0.00, 0.00, 3.35, 0.00, -10, 0, 0
3303658, 0.00, 0.00, -10.58, 100.00, 0.00, 0.00, 3.35, 0.00, -10, 0, 0
3658056, 0.00, 0.00, -10.58, 100.00, 0.00, 0.00, 3.35, 0.00, -10, 0, 0
3500941, 0.00, 0.00, -10.58, 100.00, 0.00, 0.00, 3.35, 0.00, -10, 0, 0
3623210, 0.00, 0.00, -10.58, 100.00, 0.00, 0.00, 3.35, 0.00, -10, 0, 0
3225405, 0.00, 0.00, -10.58, 100.00, 0.00, 0.00, 3.35, 0.00, -10, 0, 0
3296095, 0.00, 0.00, -10.58, 100.00, 0.00, 0.00, 3.35, 0.00, -10, 0, 0
3289846, 0.00, 0.00, -10.58, 100.00, 0.00, 0.00, 3.35, 0.00, -10, 0, 0
6059481, 0.00, 0.00, -10.45, 100.00, 0.00, 0.00, 3.35, 0.00, -10, 0, 0
3349894, 0.00, 0.00, -10.58, 100.00, 0.00, 0.00, 3.35, 0.00, -10, 0, 0
3274958, 0.00, 0.00, -10.58, 100.00, 0.00, 0.00, 3.35, 0.00, -10, 0, 0
3449004, 0.00, 0.00, -10.58, 100.00, 0.00, 0.00, 3.35, 0.00, -10, 0, 0
3211922, 0.00, 0.00, -10.58, 100.00, 0.00, 0.00, 3.35, 0.00, -10, 0, 0
3412768, 0.00, 0.00, -10.58, 100.00, 0.00, 0.00, 3.35, 0.00, -10, 0, 0
3382054, 0.00, 0.00, -10.58, 100.00, 0.00, 0.00, 3.35, 0.00, -10, 0, 0
3314631, 0.00, 0.00, -10.58, 100.00, 0.00, 0.00, 3.35, 0.00, -10, 0, 0
3240824, 0.00, 0.00, -10.58, 100.00, 0.00, 0.00, 3.35, 0.00, -10, 0, 0
3264836, 0.00, 0.00, -10.58, 100.00, 0.00, 0.00, 3.35, 0.00, -10, 0, 0
6059481, 0.00, 0.00, -10.45, 100.00, 0.00, 0.00, 3.35, 0.00, -10, 0, 0
3335984, 0.00, 0.00, -10.58, 100.00, 0.00, 0.00, 3.35, 0.00, -10, 0, 0
3526632, 0.00, 0.00, -10.58, 100.00, 0.00, 0.00, 3.35, 0.00, -10, 0, 0
3859393, 0.00, 0.00, -10.58, 100.00, 0.00, 0.00, 3.35, 0.00, -10, 0, 0
3289595, 0.00, 0.00, -10.58, 100.00, 0.00, 0.00, 3.35, 0.00, -10, 0, 0
3357692, 0.00, 0.00, -10.58, 100.00, 0.00, 0.00, 3.35, 0.00, -10, 0, 0
3329588, 0.00, 0.00, -10.58, 100.00, 0.00, 0.00, 3.35, 0.00, -10, 0, 0
3268485, 0.00, 0.00, -10.58, 100.00, 0.00, 0.00, 3.35, 0.00, -10, 0, 0
3326704, 0.00, 0.00, -10.58, 100.00, 0.00, 0.00, 3.35, 0.00, -10, 0, 0
3167667, 0.00, 0.00, -10.58, 100.00, 0.00, 0.00, 3.35, 0.00, -10, 0, 0
6059481, 0.00, 0.00, -10.45, 100.00, 0.00, 0.00, 3.35, 0.00, -10, 0, 0
3591740, 0.00, 0.00, -10.58, 100.00, 0.00, 0.00, 3.35, 0.00, -10, 0, 0
3673131, 0.00, 0.00, -10.58, 100.00, 0.00, 0.00, 3.35, 0.00, -10, 0, 0
3390790, 0.00, 0.00, -10.58, 100.00, 0.00, 0.00, 3.35, 0.00, -10, 0, 0
3141281, 0.00, 0.00, -10.58, 100.00, 0.00, 0.00, 3.35, 0.00, -10, 0, 0
3343517, 0.00, 0.00, -10.58, 100.00, 0.00, 0.00, 3.35, 0.00, -10, 0, 0
3401339, 0.00, 0.00, -10.58, 100.00, 0.00, 0.00, 3.35, 0.00, -10, 0, 0
3246915, 0.00, 0.00, -10.58, 100.00, 0.00, 0.00, 3.35, 0.00, -10, 0, 0
3335425, 0.00, 0.00, -10.58, 100.00, 0.00, 0.00, 3.35, 0.00, -10, 0, 0
3295929, 0.00, 0.00, -10.58, 100.00, 0.00, 0.00, 3.35, 0.00, -10, 0, 0
6059481, 0.00, 0.00, -10.45, 100.00, 0.00, 0.00, 3.35, 0.00, -10, 0, 0
3598455, 0.00, 0.00, -10.58, 100.00, 0.00, 0.00, 3.35, 0.00, -10, 0, 0
3705521, 0.00, 0.00, -10.58, 100.00, 0.00, 0.00, 3.35, 0.00, -10, 0, 0
3314884, 0.00, 0.00, -10.58, 100.00, 0.00, 0.00, 3.35, 0.00, -10, 0, 0
3243026, 0.00, 0.00, -10.58, 100.00, 0.00, 0.00, 3.35, 0.00, -10, 0, 0
3775507, 0.00, 0.00, -10.58, 100.00, 0.00, 0.00, 3.35, 0.00, -10, 0, 0
3307978, 0.00, 0.00, -10.58, 100.00, 0.00, 0.00, 3.35, 0.00, -10, 0, 0
3159473, 0.00, 0.00, -10.58, 100.00, 0.00, 0.00, 3.35, 0.00, -10, 0, 0
3380375, 0.00, 0.00, -10.58, 100.00, 0.00, 0.00, 3.35, 0.00, -10, 0, 0
3151345, 0.00, 0.00, -10.58, 100.00, 0.00, 0.00, 3.35, 0.00, -10, 0, 0
6059481, 0.00, 0.00, -10.45, 100.00, 0.00, 0.00, 3.35, 0.00, -10, 0, 0
3377266, 0.00, 0.00, -10.58, 100.00, 0.00, 0.00, 3.35, 0.00, -10, 0, 0
3113614, 0.00, 0.00, -10.58, 100.00, 0.00, 0.00, 3.35, 0.00, -10, 0, 0
3277874, 0.00, 0.00, -10.58, 100.00, 0.00, 0.00, 3.35, 0.00, -10, 0, 0
3419078, 0.00, 0.00, -10.58, 100.00, 0.00, 0.00, 3.35, 0.00, -10, 0, 0
3941623, 0.00, 0.00, -10.58, 100.00, 0.00, 0.00, 3.35, 0.00, -10, 0, 0
3322757, 0.00, 0.00, -10.58, 100.00, 0.00, 0.00, 3.35, 0.00, -10, 0, 0
3228346, 0.00, 0.00, -10.58, 100.00, 0.00, 0.00, 3.35, 0.00, -10, 0, 0
3524720, 0.00, 0.00, -10.58, 100.00, 0.00, 0.00, 3.35, 0.00, -10, 0, 0
3538691, 0.00, 0.00, -10.58, 100.00, 0.00, 0.00, 3.35, 0.00, -10, 0, 0
6059481, 0.00, 0.00, -10.45, 100.00, 0.00, 0.00, 3.35, 0.00, -10, 0, 0
3479837, 0.00, 0.00, -10.58, 100.00, 0.00, 0.00, 3.35, 0.00, -10, 0, 0
3363663, 0.00, 0.00, -10.58, 100.00, 0.00, 0.00, 3.35, 0.00, -10, 0, 0
3200108, 0.00, 0.00, -10.58, 100.00, 0.00, 0.00, 3.35, 0.00, -10, 0, 0
3389363, 0.00, 0.00, -10.58, 100.00, 0.00, 0.00, 3.35, 0.00, -10, 0, 0
3729757, 0.00, 0.00, -10.58, 100.00, 0.00, 0.00, 3.35, 0.00, -10, 0, 0
3526778, 0.00, 0.00, -10.58, 100.00, 0.00, 0.00, 3.35, 0.00, -10, 0, 0
3279479, 0.00, 0.00, -10.58, 100.00, 0.00, 0.00, 3.35, 0.00, -10, 0, 0
3633072, 0.00, 0.00, -10.58, 100.00, 0.00, 0.00, 3.35, 0.00, -10, 0, 0
3409354, 0.00, 0.00, -10.58, 100.00, 0.00, 0.00, 3.35, 0.00, -10, 0, 0
6059481, 0.00, 0.00, -10.45, 100.00, 0.00, 0.00, 3.35, 0.00, -10, 0, 0
3259013, 0.00, 0.00, -10.58, 100.00, 0.00, 0.00, 3.35, 0.00, -10, 0, 0
3122940, 0.00, 0.00, -10.58, 100.00, 0.00, 0.00, 3.35, 0.00, -10, 0, 0
3255282, 0.00, 0.00, -10.58, 100.00, 0.00, 0.00, 3.35, 0.00, -10, 0, 0
3333212, 0.00, 0.00, -10.58, 100.00, 0.00, 0.00, 3.35, 0.00, -10, 0, 0
3379972, 0.00, 0.00, -10.58, 100.00, 0.00, 0.00, 3.35, 0.00, -10, 0, 0
3188195, 0.00, 0.00, -10.58, 100.00, 0.00, 0.00, 3.35, 0.00, -10, 0, 0
3326579, 0.00, 0.00, -10.58, 100.00, 0.00, 0.00, 3.35, 0.00, -10, 0, 0
3469141, 0.00, 0.00, -10.58, 100.00, 0.00, 0.00, 3.35, 0.00, -10, 0, 0
3498507, 0.00, 0.00, -10.58, 100.00, 0.00, 0.00, 3.35, 0.00, -10, 0, 0
6059481, 0.00, 0.00, -10.45, 100.00, 0.00, 0.00, 3.35, 0.00, -10, 0, 0
3499791, 0.00, 0.00, -10.58, 100.00, 0.00, 0.00, 3.35, 0.00, -10, 0, 0
3353469, 0.00, 0.00, -10.58, 100.00, 0.00, 0.00, 3.35, 0.00, -10, 0, 0
3275323, 0.00, 0.00, -10.58, 100.00, 0.00, 0.00, 3.35, 0.00, -10, 0, 0
3349892, 0.00, 0.00, -10.58, 100.00, 0.00, 0.00, 3.35, 0.00, -10, 0, 0
3226675, 0.00, 0.00, -10.58, 100.00, 0.00, 0.00, 3.35, 0.00, -10, 0, 0
3309995, 0.00, 0.00, -10.58, 100.00, 0.00, 0.00, 3.35, 0.00, -10, 0, 0
3538080, 0.00, 0.00, -10.58, 100.00, 0.00, 0.00, 3.35, 0.00, -10, 0, 0
3381562, 0.00, 0.00, -10.58, 100.00, 0.00, 0.00, 3.35, 0.00, -10, 0, 0
3743505, 0.00, 0.00, -10.58, 100.00, 0.00, 0.00, 3.35, 0.00, -10, 0, 0
6059481, 0.00, 0.00, -10.45, 100.00, 0.00, 0.00, 3.35, 0.00, -10, 0, 0
3345009, 0.00, 0.00, -10.58, 100.00, 0.00, 0.00, 3.35, 0.00, -10, 0, 0
3290279, 0.00, 0.00, -10.58, 100.00, 0.00, 0.00, 3.35, 0.00, -10, 0, 0
3238729, 0.00, 0.00, -10.58, 100.00, 0.00, 0.00, 3.35, 0.00, -10, 0, 0
3181889, 0.00, 0.00, -10.58, 100.00, 0.00, 0.00, 3.35, 0.00, -10, 0, 0
3380875, 0.00, 0.00, -10.58, 100.00, 0.00, 0.00, 3.35, 0.00, -10, 0, 0
3687839, 0.00, 0.00, -10.58, 100.00, 0.00, 0.00, 3.35, 0.00, -10, 0, 0
3291790, 0.00, 0.00, -10.58, 100.00, 0.00, 0.00, 3.35, 0.00, -10, 0, 0
3413640, 0.00, 0.00, -10.58, 100.00, 0.00, 0.00, 3.35, 0.00, -10, 0, 0
3920885, 0.00, 0.00, -10.58, 100.00, 0.00, 0.00, 3.35, 0.00, -10, 0, 0
6059481, 0.00, 0.00, -10.45, 100.00, 0.00, 0.00, 3.35, 0.00, -10, 0, 0
3345035, 0.00, 0.00, -10.58, 100.00, 0.00, 0.00, 3.35, 0.00, -10, 0, 0
3399316, 0.00, 0.00, -10.58, 100.00, 0.00, 0.00, 3.35, 0.00, -10, 0, 0
3282632, 0.00, 0.00, -10.58, 100.00, 0.00, 0.00, 3.35, 0.00, -10, 0, 0
-996767891, 0.00, 0.00, -10.58, 100.00, 0.00, 0.00, 3.35, 0.00, -10, 0, 0
3654306, 0.00, 0.00, -10.58, 100.00, 0.00, 0.00, 3.35, 0.00, -10, 0, 0
3817102, 0.00, 0.00, -10.58, 100.00, 0.00, 0.00, 3.35, 0.00, -10, 0, 0
3353927, 0.00, 0.00, -10.58, 100.00, 0.00, 0.00, 3.35, 0.00, -10, 0, 0
3632383, 0.00, 0.00, -10.58, 100.00, 0.00, 0.00, 3.35, 0.00, -10, 0, 0
3357079, 0.00, 0.00, -10.58, 100.00, 0.00, 0.00, 3.35, 0.00, -10, 0, 0
6059481, 0.00, 0.00, -10.45, 100.00, 0.00, 0.00, 3.35, 0.00, -10, 0, 0
3576656, 0.00, 0.00, -10.58, 100.00, 0.00, 0.00, 3.35, 0.00, -10, 0, 0
3299246, 0.00, 0.00, -10.58, 100.00, 0.00, 0.00, 3.35, 0.00, -10, 0, 0
3208108, 0.00, 0.00, -10.58, 100.00, 0.00, 0.00, 3.35, 0.00, -10, 0, 0
3446596, 0.00, 0.00, -10.58, 100.00, 0.00, 0.00, 3.35, 0.00, -10, 0, 0
3860061, 0.00, 0.00, -10.58, 100.00, 0.00, 0.00, 3.35, 0.00, -10, 0, 0
3279370, 0.00, 0.00, -10.58, 100.00, 0.00, 0.00, 3.35, 0.00, -10, 0, 0
3255915, 0.00, 0.00, -10.58, 100.00, 0.00, 0.00, 3.35, 0.00, -10, 0, 0
3851162, 0.00, 0.00, -10.58, 100.00, 0.00, 0.00, 3.35, 0.00, -10, 0, 0
3539715, 0.00, 0.00, -10.58, 100.00, 0.00, 0.00, 3.35, 0.00, -10, 0, 0
6059481, 0.00, 0.00, -10.45, 100.00, 0.00, 0.00, 3.35, 0.00, -10, 0, 0
3536634, 0.00, 0.00, -10.58, 100.00, 0.00, 0.00, 3.35, 0.00, -10, 0, 0
3330419, 0.00, 0.00, -10.58, 100.00, 0.00, 0.00, 3.35, 0.00, -10, 0, 0
3787085, 0.00, 0.00, -10.58, 100.00, 0.00, 0.00, 3.35, 0.00, -10, 0, 0
3187709, 0.00, 0.00, -10.58, 100.00, 0.00, 0.00, 3.35, 0.00, -10, 0, 0
3119684, 0.00, 0.00, -10.58, 100.00, 0.00, 0.00, 3.35, 0.00, -10, 0, 0
3083912, 0.00, 0.00, -10.58, 100.00, 0.00, 0.00, 3.35, 0.00, -10, 0, 0
3491345, 0.00, 0.00, -10.58, 100.00, 0.00, 0.00, 3.35, 0.00, -10, 0, 0
3719014, 0.00, 0.00, -10.58, 100.00, 0.00, 0.00, 3.35, 0.00, -10, 0, 0
3421849, 0.00, 0.00, -10.58, 100.00, 0.00, 0.00, 3.35, 0.00, -10, 0, 0
6059481, 0.00, 0.00, -10.45, 100.00, 0.00, 0.00, 3.35, 0.00, -10, 0, 0
3305527, 0.00, 0.00, -10.58, 100.00, 0.00, 0.00, 3.35, 0.00, -10, 0, 0
3506578, 0.00, 0.00, -10.58, 100.00, 0.00, 0.00, 3.35, 0.00, -10, 0, 0
3478016, 0.00, 0.00, -10.58, 100.00, 0.00, 0.00, 3.35, 0.00, -10, 0, 0
3385874, 0.00, 0.00, -10.58, 100.00, 0.00, 0.00, 3.35, 0.00, -10, 0, 0
3262485, 0.00, 0.00, -10.58, 100.00, 0.00, 0.00, 3.35, 0.00, -10, 0, 0
3199302, 0.00, 0.00, -10.58, 100.00, 0.00, 0.00, 3.35, 0.00, -10, 0, 0
3252054, 0.00, 0.00, -10.58, 100.00, 0.00, 0.00, 3.35, 0.00, -10, 0, 0
3985567, 0.00, 0.00, -10.58, 100.00, 0.00, 0.00, 3.35, 0.00, -10, 0, 0
3502114, 0.00, 0.00, -10.58, 100.00, 0.00, 0.00, 3.35, 0.00, -10, 0, 0
6059481, 0.00, 0.00, -10.45, 100.00, 0.00, 0.00, 3.35, 0.00, -10, 0, 0
3664313, 0.00, 0.00, -10.58, 100.00, 0.00, 0.00, 3.35, 0.00, -10, 0, 0
3495367, 0.00, 0.00, -10.58, 100.00, 0.00, 0.00, 3.35, 0.00, -10, 0, 0
3730515, 0.00, 0.00, -10.58, 100.00, 0.00, 0.00, 3.35, 0.00, -10, 0, 0
3417806, 0.00, 0.00, -10.58, 100.00, 0.00, 0.00, 3.35, 0.00, -10, 0, 0
3405099, 0.00, 0.00, -10.58, 100.00, 0.00, 0.00, 3.35, 0.00, -10, 0, 0
3222012, 0.00, 0.00, -10.58, 100.00, 0.00, 0.00, 3.35, 0.00, -10, 0, 0
3282328, 0.00, 0.00, -10.58, 100.00, 0.00, 0.00, 3.35, 0.00, -10, 0, 0
3378129, 0.00, 0.00, -10.58, 100.00, 0.00, 0.00, 3.35, 0.00, -10, 0, 0
3150085, 0.00, 0.00, -10.58, 100.00, 0.00, 0.00, 3.35, 0.00, -10, 0, 0
6059481, 0.00, 0.00, -10.45, 100.00, 0.00, 0.00, 3.35, 0.00, -10, 0, 0
3678790, 0.00, 0.00, -10.58, 100.00, 0.00, 0.00, 3.35, 0.00, -10, 0, 0
3641271, 0.00, 0.00, -10.58, 100.00, 0.00, 0.00, 3.35, 0.00, -10, 0, 0
3428030, 0.00, 0.00, -10.58, 100.00, 0.00, 0.00, 3.35, 0.00, -10, 0, 0
3385387, 0.00, 0.00, -10.58, 100.00, 0.00, 0.00, 3.35, 0.00, -10, 0, 0
3425020, 0.00, 0.00, -10.58, 100.00, 0.00, 0.00, 3.35, 0.00, -10, 0, 0
3471237, 0.00, 0.00, -10.58, 100.00, 0.00, 0.00, 3.35, 0.00, -10, 0, 0
3325682, 0.00, 0.00, -10.58, 100.00, 0.00, 0.00, 3.35, 0.00, -10, 0, 0
3421678, 0.00, 0.00, -10.58, 100.00, 0.00, 0.00, 3.35, 0.00, -10, 0, 0
3548890, 0.00, 0.00, -10.58, 100.00, 0.00, 0.00, 3.35, 0.00, -10, 0, 0
6059481, 0.00, 0.00, -10.45, 100.00, 0.00, 0.00, 3.35, 0.00, -10, 0, 0
3642096, 0.00, 0.00, -10.58, 100.00, 0.00, 0.00, 3.35, 0.00, -10, 0, 0
3763563, 0.00, 0.00, -10.58, 100.00, 0.00, 0.00, 3.35, 0.00, -10, 0, 0
3381313, 0.00, 0.00, -10.58, 100.00, 0.00, 0.00, 3.35, 0.00, -10, 0, 0
3382753, 0.00, 0.00, -10.58, 100.00, 0.00, 0.00, 3.35, 0.00, -10, 0, 0
3260938, 0.00, 0.00, -10.58, 100.00, 0.00, 0.00, 3.35, 0.00, -10, 0, 0
3392902, 0.00, 0.00, -10.58, 100.00, 0.00, 0.00, 3.35, 0.00, -10, 0, 0
3174652, 0.00, 0.00, -10.58, 100.00, 0.00, 0.00, 3.35, 0.00, -10, 0, 0
3657838, 0.00, 0.00, -10.58, 100.00, 0.00, 0.00, 3.35, 0.00, -10, 0, 0
3455177, 0.00, 0.00, -10.58, 100.00, 0.00, 0.00, 3.35, 0.00, -10, 0, 0
6059481, 0.00, 0.00, -10.45, 100.00, 0.00, 0.00, 3.35, 0.00, -10, 0, 0
3385239, 0.00, 0.00, -10.58, 100.00, 0.00, 0.00, 3.35, 0.00, -10, 0, 0
3440258, 0.00, 0.00, -10.58, 100.00, 0.00, 0.00, 3.35, 0.00, -10, 0, 0
3382386, 0.00, 0.00, -10.58, 100.00, 0.00, 0.00, 3.35, 0.00, -10, 0, 0
3430209, 0.00, 0.00, -10.58, 100.00, 0.00, 0.00, 3.35, 0.00, -10, 0, 0
3193729, 0.00, 0.00, -10.58, 100.00, 0.00, 0.00, 3.35, 0.00, -10, 0, 0
3218819, 0.00, 0.00, -10.58, 100.00, 0.00, 0.00, 3.35, 0.00, -10, 0, 0
3305375, 0.00, 0.00, -10.58, 100.00, 0.00, 0.00, 3.35, 0.00, -10, 0, 0
3694145, 0.00, 0.00, -10.58, 100.00, 0.00, 0.00, 3.35, 0.00, -10, 0, 0
3342044, 0.00, 0.00, -10.58, 100.00, 0.00, 0.00, 3.35, 0.00, -10, 0, 0
6059481, 0.00, 0.00, -10.45, 100.00, 0.00, 0.00, 3.35, 0.00, -10, 0, 0
3978387, 0.00, 0.00, -10.58, 100.00, 0.00, 0.00, 3.35, 0.00, -10, 0, 0
3634187, 0.00, 0.00, -10.58, 100.00, 0.00, 0.00, 3.35, 0.00, -10, 0, 0
3538886, 0.00, 0.00, -10.58, 100.00, 0.00, 0.00, 3.35, 0.00, -10, 0, 0
3648779, 0.00, 0.00, -10.58, 100.00, 0.00, 0.00, 3.35, 0.00, -10, 0, 0
3226413, 0.00, 0.00, -10.58, 100.00, 0.00, 0.00, 3.35, 0.00, -10, 0, 0
3437287, 0.00, 0.00, -10.58, 100.00, 0.00, 0.00, 3.35, 0.00, -10, 0, 0
3745522, 0.00, 0.00, -10.58, 100.00, 0.00, 0.00, 3.35, 0.00, -10, 0, 0
3247149, 0.00, 0.00, -10.58, 100.00, 0.00, 0.00, 3.35, 0.00, -10, 0, 0
3379715, 0.00, 0.00, -10.58, 100.00, 0.00, 0.00, 3.35, 0.00, -10, 0, 0
6059481, 0.00, 0.00, -10.45, 100.00, 0.00, 0.00, 3.35, 0.00, -10, 0, 0
4099375, 0.00, 0.00, -10.58, 100.00, 0.00, 0.00, 3.35, 0.00, -10, 0, 0
3403235, 0.00, 0.00, -10.58, 100.00, 0.00, 0.00, 3.35, 0.00, -10, 0, 0
3391462, 0.00, 0.00, -10.58, 100.00, 0.00, 0.00, 3.35, 0.00, -10, 0, 0
3193886, 0.00, 0.00, -10.58, 100.00, 0.00, 0.00, 3.35, 0.00, -10, 0, 0
3485271, 0.00, 0.00, -10.58, 100.00, 0.00, 0.00, 3.35, 0.00, -10, 0, 0
3661427, 0.00, 0.00, -10.58, 100.00, 0.00, 0.00, 3.35, 0.00, -10, 0, 0
3344178, 0.00, 0.00, -10.58, 100.00, 0.00, 0.00, 3.35, 0.00, -10, 0, 0
3266375, 0.00, 0.00, -10.58, 100.00, 0.00, 0.00, 3.35, 0.00, -10, 0, 0
3145839, 0.00, 0.00, -10.58, 100.00, 0.00, 0.00, 3.35, 0.00, -10, 0, 0
6059481, 0.00, 0.00, -10.45, 100.00, 0.00, 0.00, 3.35, 0.00, -10, 0, 0
3254461, 0.00, 0.00, -10.58, 100.00, 0.00, 0.00, 3.35, 0.00, -10, 0, 0
3168029, 0.00, 0.00, -10.58, 100.00, 0.00, 0.00, 3.35, 0.00, -10, 0, 0
3096435, 0.00, 0.00, -10.58, 100.00, 0.00, 0.00, 3.35, 0.00, -10, 0, 0
3554688, 0.00, 0.00, -10.58, 100.00, 0.00, 0.00, 3.35, 0.00, -10, 0, 0
3841294, 0.00, 0.00, -10.58, 100.00, 0.00, 0.00, 3.35, 0.00, -10, 0, 0
3453687, 0.00, 0.00, -10.58, 100.00, 0.00, 0.00, 3.35, 0.00, -10, 0, 0
3155585, 0.00, 0.00, -10.58, 100.00, 0.00, 0.00, 3.35, 0.00, -10, 0, 0
3440400, 0.00, 0.00, -10.58, 100.00, 0.00, 0.00, 3.35, 0.00, -10, 0, 0
3382504, 0.00, 0.00, -10.58, 100.00, 0.00, 0.00, 3.35, 0.00, -10, 0, 0
6059481, 0.00, 0.00, -10.45, 100.00, 0.00, 0.00, 3.35, 0.00, -10, 0, 0
3470349, 0.00, 0.00, -10.58, 100.00, 0.00, 0.00, 3.35, 0.00, -10, 0, 0
3187767, 0.00, 0.00, -10.58, 100.00, 0.00, 0.00, 3.35, 0.00, -10, 0, 0
3263681, 0.00, 0.00, -10.58, 100.00, 0.00, 0.00, 3.35, 0.00, -10, 0, 0
3630099, 0.00, 0.00, -10.58, 100.00, 0.00, 0.00, 3.35, 0.00, -10, 0, 0
3397224, 0.00, 0.00, -10.58, 100.00, 0.00, 0.00, 3.35, 0.00, -10, 0, 0
3226292, 0.00, 0.00, -10.58, 100.00, 0.00, 0.00, 3.35, 0.00, -10, 0, 0
3554927, 0.00, 0.00, -10.58, 100.00, 0.00, 0.00, 3.35, 0.00, -10, 0, 0
3535301, 0.00, 0.00, -10.58, 100.00, 0.00, 0.00, 3.35, 0.00, -10, 0, 0
3277683, 0.00, 0.00, -10.58, 100.00, 0.00, 0.00, 3.35, 0.00, -10, 0, 0
6059481, 0.00, 0.00, -10.45, 100.00, 0.00, 0.00, 3.35, 0.00, -10, 0, 0
3355803, 0.00, 0.00, -10.58, 100.00, 0.00, 0.00, 3.35, 0.00, -10, 0, 0
3288472, 0.00, 0.00, -10.58, 100.00, 0.00, 0.00, 3.35, 0.00, -10, 0, 0
3934731, 0.00, 0.00, -10.58, 100.00, 0.00, 0.00, 3.35, 0.00, -10, 0, 0
3274743, 0.00, 0.00, -10.58, 100.00, 0.00, 0.00, 3.35, 0.00, -10, 0, 0
3988085, 0.00, 0.00, -10.58, 100.00, 0.00, 0.00, 3.35, 0.00, -10, 0, 0
3283699, 0.00, 0.00, -10.58, 100.00, 0.00, 0.00, 3.35, 0.00, -10, 0, 0
3263180, 0.00, 0.00, -10.58, 100.00, 0.00, 0.00, 3.35, 0.00, -10, 0, 0
3206172, 0.00, 0.00, -10.58, 100.00, 0.00, 0.00, 3.35, 0.00, -10, 0, 0
3347388, 0.00, 0.00, -10.58, 100.00, 0.00, 0.00, 3.35, 0.00, -10, 0, 0
6059481, 0.00, 0.00, -10.45, 100.00, 0.00, 0.00, 3.35, 0.00, -10, 0, 0
3257506, 0.00, 0.00, -10.58, 100.00, 0.00, 0.00, 3.35, 0.00, -10, 0, 0
3796058, 0.00, 0.00, -10.58, 100.00, 0.00, 0.00, 3.35, 0.00, -10, 0, 0
3444317, 0.00, 0.00, -10.58, 100.00, 0.00, 0.00, 3.35, 0.00, -10, 0, 0
3592634, 0.00, 0.00, -10.58, 100.00, 0.00, 0.00, 3.35, 0.00, -10, 0, 0
3440376, 0.00, 0.00, -10.58, 100.00, 0.00, 0.00, 3.35, 0.00, -10, 0, 0
3266378, 0.00, 0.00, -10.58, 100.00, 0.00, 0.00, 3.35, 0.00, -10, 0, 0
3382536, 0.00, 0.00, -10.58, 100.00, 0.00, 0.00, 3.35, 0.00, -10, 0, 0
3301388, 0.00, 0.00, -10.58, 100.00, 0.00, 0.00, 3.35, 0.00, -10, 0, 0
3343421, 0.00, 0.00, -10.58, 100.00, 0.00, 0.00, 3.35, 0.00, -10, 0, 0
6059481, 0.00, 0.00, -10.45, 100.00, 0.00, 0.00, 3.35, 0.00, -10, 0, 0
4054157, 0.00, 0.00, -10.58, 100.00, 0.00, 0.00, 3.35, 0.00, -10, 0, 0
3453693, 0.00, 0.00, -10.58, 100.00, 0.00, 0.00, 3.35, 0.00, -10, 0, 0
3092260, 0.00, 0.00, -10.58, 100.00, 0.00, 0.00, 3.35, 0.00, -10, 0, 0
3529045, 0.00, 0.00, -10.58, 100.00, 0.00, 0.00, 3.35, 0.00, -10, 0, 0
3500642, 0.00, 0.00, -10.58, 100.00, 0.00, 0.00, 3.35, 0.00, -10, 0, 0
3357015, 0.00, 0.00, -10.58, 100.00, 0.00, 0.00, 3.35, 0.00, -10, 0, 0
3538719, 0.00, 0.00, -10.58, 100.00, 0.00, 0.00, 3.35, 0.00, -10, 0, 0
3246986, 0.00, 0.00, -10.58, 100.00, 0.00, 0.00, 3.35, 0.00, -10, 0, 0
3341671, 0.00, 0.00, -10.58, 100.00, 0.00, 0.00, 3.35, 0.00, -10, 0, 0
6059481, 0.00, 0.00, -10.45, 100.00, 0.00, 0.00, 3.35, 0.00, -10, 0, 0
3508333, 0.00, 0.00, -10.58, 100.00, 0.00, 0.00, 3.35, 0.00, -10, 0, 0
3464059, 0.00, 0.00, -10.58, 100.00, 0.00, 0.00, 3.35, 0.00, -10, 0, 0
3308764, 0.00, 0.00, -10.58, 100.00, 0.00, 0.00, 3.35, 0.00, -10, 0, 0
3437111, 0.00, 0.00, -10.58, 100.00, 0.00, 0.00, 3.35, 0.00, -10, 0, 0
3338049, 0.00, 0.00, -10.58, 100.00, 0.00, 0.00, 3.35, 0.00, -10, 0, 0
3583462, 0.00, 0.00, -10.58, 100.00, 0.00, 0.00, 3.35, 0.00, -10, 0, 0
3400409, 0.00, 0.00, -10.58, 100.00, 0.00, 0.00, 3.35, 0.00, -10, 0, 0
3286636, 0.00, 0.00, -10.58, 100.00, 0.00, 0.00, 3.35, 0.00, -10, 0, 0
3620993, 0.00, 0.00, -10.58, 100.00, 0.00, 0.00, 3.35, 0.00, -10, 0, 0
6059481, 0.00, 0.00, -10.45, 100.00, 0.00, 0.00, 3.35, 0.00, -10, 0, 0
3472964, 0.00, 0.00, -10.58, 100.00, 0.00, 0.00, 3.35, 0.00, -10, 0, 0
3218739, 0.00, 0.00, -10.58, 100.00, 0.00, 0.00, 3.35, 0.00, -10, 0, 0
3504030, 0.00, 0.00, -10.58, 100.00, 0.00, 0.00, 3.35, 0.00, -10, 0, 0
3878955, 0.00, 0.00, -10.58, 100.00, 0.00, 0.00, 3.35, 0.00, -10, 0, 0
3359457, 0.00, 0.00, -10.58, 100.00, 0.00, 0.00, 3.35, 0.00, -10, 0, 0
3264609, 0.00, 0.00, -10.58, 100.00, 0.00, 0.00, 3.35, 0.00, -10, 0, 0
3128767, 0.00, 0.00, -10.58, 100.00, 0.00, 0.00, 3.35, 0.00, -10, 0, 0
3632343, 0.00, 0.00, -10.58, 100.00, 0.00, 0.00, 3.35, 0.00, -10, 0, 0
3659026, 0.00, 0.00, -10.58, 100.00, 0.00, 0.00, 3.35, 0.00, -10, 0, 0
6059481, 0.00, 0.00, -10.45, 100.00, 0.00, 0.00, 3.35, 0.00, -10, 0, 0
3250974, 0.00, 0.00, -10.58, 100.00, 0.00, 0.00, 3.35, 0.00, -10, 0, 0
3186624, 0.00, 0.00, -10.58, 100.00, 0.00, 0.00, 3.35, 0.00, -10, 0, 0
3517789, 0.00, 0.00, -10.58, 100.00, 0.00, 0.00, 3.35, 0.00, -10, 0, 0
3557117, 0.00, 0.00, -10.58, 100.00, 0.00, 0.00, 3.35, 0.00, -10, 0, 0
3392292, 0.00, 0.00, -10.58, 100.00, 0.00, 0.00, 3.35, 0.00, -10, 0, 0
3180553, 0.00, 0.00, -10.58, 100.00, 0.00, 0.00, 3.35, 0.00, -10, 0, 0
3512953, 0.00, 0.00, -10.58, 100.00, 0.00, 0.00, 3.35, 0.00, -10, 0, 0
3561487, 0.00, 0.00, -10.58, 100.00, 0.00, 0.00, 3.35, 0.00, -10, 0, 0
3568837, 0.00, 0.00, -10.58, 100.00, 0.00, 0.00, 3.35, 0.00, -10, 0, 0
6059481, 0.00, 0.00, -10.45, 100.00, 0.00, 0.00, 3.35, 0.00, -10, 0, 0
3488589, 0.00, 0.00, -10.58, 100.00, 0.00, 0.00, 3.35, 0.00, -10, 0, 0
3317240, 0.00, 0.00, -10.58, 100.00, 0.00, 0.00, 3.35, 0.00, -10, 0, 0
3190197, 0.00, 0.00, -10.58, 100.00, 0.00, 0.00, 3.35, 0.00, -10, 0, 0
3304006, 0.00, 0.00, -10.58, 100.00, 0.00, 0.00, 3.35, 0.00, -10, 0, 0
3167463, 0.00, 0.00, -10.58, 100.00, 0.00, 0.00, 3.35, 0.00, -10, 0, 0
3439996, 0.00, 0.00, -10.58, 100.00, 0.00, 0.00, 3.35, 0.00, -10, 0, 0
3680783, 0.00, 0.00, -10.58, 100.00, 0.00, 0.00, 3.35, 0.00, -10, 0, 0
3413330, 0.00, 0.00, -10.58, 100.00, 0.00, 0.00, 3.35, 0.00, -10, 0, 0
3308636, 0.00, 0.00, -10.58, 100.00, 0.00, 0.00, 3.35, 0.00, -10, 0, 0
6059481, 0.00, 0.00, -10.45, 100.00, 0.00, 0.00, 3.35, 0.00, -10, 0, 0
3252690, 0.00, 0.00, -10.58, 100.00, 0.00, 0.00, 3.35, 0.00, -10, 0, 0
3400031, 0.00, 0.00, -10.58, 100.00, 0.00, 0.00, 3.35, 0.00, -10, 0, 0
3528438, 0.00, 0.00, -10.58, 100.00, 0.00, 0.00, 3.35, 0.00, -10, 0, 0
3301448, 0.00, 0.00, -10.58, 100.00, 0.00, 0.00, 3.35, 0.00, -10, 0, 0
3643304, 0.00, 0.00, -10.58, 100.00, 0.00, 0.00, 3.35, 0.00, -10, 0, 0
4124212, 0.00, 0.00, -10.58, 100.00, 0.00, 0.00, 3.35, 0.00, -10, 0, 0
3661125, 0.00, 0.00, -10.58, 100.00, 0.00, 0.00, 3.35, 0.00, -10, 0, 0
3919215, 0.00, 0.00, -10.58, 100.00, 0.00, 0.00, 3.35, 0.00, -10, 0, 0
3317910, 0.00, 0.00, -10.58, 100.00, 0.00, 0.00, 3.35, 0.00, -10, 0, 0
6059481, 0.00, 0.00, -10.45, 100.00, 0.00, 0.00, 3.35, 0.00, -10, 0, 0
3280024, 0.00, 0.00, -10.58, 100.00, 0.00, 0.00, 3.35, 0.00, -10, 0, 0
3041178, 0.00, 0.00, -10.58, 100.00, 0.00, 0.00, 3.35, 0.00, -10, 0, 0
3178790, 0.00, 0.00, -10.58, 100.00, 0.00, 0.00, 3.35, 0.00, -10, 0, 0
3479982, 0.00, 0.00, -10.58, 100.00, 0.00, 0.00, 3.35, 0.00, -10, 0, 0
3649531, 0.00, 0.00, -10.58, 100.00, 0.00, 0.00, 3.35, 0.00, -10, 0, 0
3185962, 0.00, 0.00, -10.58, 100.00, 0.00, 0.00, 3.35, 0.00, -10, 0, 0
3587608, 0.00, 0.00, -10.58, 100.00, 0.00, 0.00, 3.35, 0.00, -10, 0, 0
3382336, 0.00, 0.00, -10.58, 100.00, 0.00, 0.00, 3.35, 0.00, -10, 0, 0
3368176, 0.00, 0.00, -10.58, 100.00, 0.00, 0.00, 3.35, 0.00, -10, 0, 0
6059481, 0.00, 0.00, -10.45, 100.00, 0.00, 0.00, 3.35, 0.00, -10, 0, 0
3404936, 0.00, 0.00, -10.58, 100.00, 0.00, 0.00, 3.35, 0.00, -10, 0, 0
3132289, 0.00, 0.00, -10.58, 100.00, 0.00, 0.00, 3.35, 0.00, -10, 0, 0
3163880, 0.00, 0.00, -10.58, 100.00, 0.00, 0.00, 3.35, 0.00, -10, 0, 0
3657599, 0.00, 0.00, -10.58, 100.00, 0.00, 0.00, 3.35, 0.00, -10, 0, 0
3598500, 0.00, 0.00, -10.58, 100.00, 0.00, 0.00, 3.35, 0.00, -10, 0, 0
3149453, 0.00, 0.00, -10.58, 100.00, 0.00, 0.00, 3.35, 0.00, -10, 0, 0
3341462, 0.00, 0.00, -10.58, 100.00, 0.00, 0.00, 3.35, 0.00, -10, 0, 0
3347357, 0.00, 0.00, -10.58, 100.00, 0.00, 0.00, 3.35, 0.00, -10, 0, 0
3405504, 0.00, 0.00, -10.58, 100.00, 0.00, 0.00, 3.35, 0.00, -10, 0, 0
6059481, 0.00, 0.00, -10.45, 100.00, 0.00, 0.00, 3.35, 0.00, -10, 0, 0
3577437, 0.00, 0.00, -10.58, 100.00, 0.00, 0.00, 3.35, 0.00, -10, 0, 0
3088672, 0.00, 0.00, -10.58, 100.00, 0.00, 0.00, 3.35, 0.00, -10, 0, 0
3608136, 0.00, 0.00, -10.58, 100.00, 0.00, 0.00, 3.35, 0.00, -10, 0, 0
3562526, 0.00, 0.00, -10.58, 100.00, 0.00, 0.00, 3.35, 0.00, -10, 0, 0
3176654, 0.00, 0.00, -10.58, 100.00, 0.00, 0.00, 3.35, 0.00, -10, 0, 0
3173826, 0.00, 0.00, -10.58, 100.00, 0.00, 0.00, 3.35, 0.00, -10, 0, 0
3414879, 0.00, 0.00, -10.58, 100.00, 0.00, 0.00, 3.35, 0.00, -10, 0, 0
3367257, 0.00, 0.00, -10.58, 100.00, 0.00, 0.00, 3.35, 0.00, -10, 0, 0
3339745, 0.00, 0.00, -10.58, 100.00, 0.00, 0.00, 3.35, 0.00, -10, 0, 0
6059481, 0.00, 0.00, -10.45, 100.00, 0.00, 0.00, 3.35, 0.00, -10, 0, 0
3321494, 0.00, 0.00, -10.58, 100.00, 0.00, 0.00, 3.35, 0.00, -10, 0, 0
3485772, 0.00, 0.00, -10.58, 100.00, 0.00, 0.00, 3.35, 0.00, -10, 0, 0
3439858, 0.00, 0.00, -10.58, 100.00, 0.00, 0.00, 3.35, 0.00, -10, 0, 0
3382971, 0.00, 0.00, -10.58, 100.00, 0.00, 0.00, 3.35, 0.00, -10, 0, 0
3255647, 0.00, 0.00, -10.58, 100.00, 0.00, 0.00, 3.35, 0.00, -10, 0, 0
3282172, 0.00, 0.00, -10.58, 100.00, 0.00, 0.00, 3.35, 0.00, -10, 0, 0
3661096, 0.00, 0.00, -10.58, 100.00, 0.00, 0.00, 3.35, 0.00, -10, 0, 0
3329548, 0.00, 0.00, -10.58, 100.00, 0.00, 0.00, 3.35, 0.00, -10, 0, 0
3143101, 0.00, 0.00, -10.58, 100.00, 0.00, 0.00, 3.35, 0.00, -10, 0, 0
6059481, 0.00, 0.00, -10.45, 100.00, 0.00, 0.00, 3.35, 0.00, -10, 0, 0
3518034, 0.00, 0.00, -10.58, 100.00, 0.00, 0.00, 3.35, 0.00, -10, 0, 0
3642343, 0.00, 0.00, -10.58, 100.00, 0.00, 0.00, 3.35, 0.00, -10, 0, 0
3418371, 0.00, 0.00, -10.58, 100.00, 0.00, 0.00, 3.35, 0.00, -10, 0, 0
3173655, 0.00, 0.00, -10.58, 100.00, 0.00, 0.00, 3.35, 0.00, -10, 0, 0
3064938, 0.00, 0.00, -10.58, 100.00, 0.00, 0.00, 3.35, 0.00, -10, 0, 0
3521572, 0.00, 0.00, -10.58, 100.00, 0.00, 0.00, 3.35, 0.00, -10, 0, 0
3745517, 0.00, 0.00, -10.58, 100.00, 0.00, 0.00, 3.35, 0.00, -10, 0, 0
3390421, 0.00, 0.00, -10.58, 100.00, 0.00, 0.00, 3.35, 0.00, -10, 0, 0
3173684, 0.00, 0.00, -10.58, 100.00, 0.00, 0.00, 3.35, 0.00, -10, 0, 0
6059481, 0.00, 0.00, -10.45, 100.00, 0.00, 0.00, 3.35, 0.00, -10, 0, 0
3793124, 0.00, 0.00, -10.58, 100.00, 0.00, 0.00, 3.35, 0.00, -10, 0, 0
3465643, 0.00, 0.00, -10.58, 100.00, 0.00, 0.00, 3.35, 0.00, -10, 0, 0
3147159, 0.00, 0.00, -10.58, 100.00, 0.00, 0.00, 3.35, 0.00, -10, 0, 0
3382094, 0.00, 0.00, -10.58, 100.00, 0.00, 0.00, 3.35, 0.00, -10, 0, 0
3189055, 0.00, 0.00, -10.58, 100.00, 0.00, 0.00, 3.35, 0.00, -10, 0, 0
3617556, 0.00, 0.00, -10.58, 100.00, 0.00, 0.00, 3.35, 0.00, -10, 0, 0
3768292, 0.00, 0.00, -10.58, 100.00, 0.00, 0.00, 3.35, 0.00, -10, 0, 0
3169551, 0.00, 0.00, -10.58, 100.00, 0.00, 0.00, 3.35, 0.00, -10, 0, 0
3318501, 0.00, 0.00, -10.58, 100.00, 0.00, 0.00, 3.35, 0.00, -10, 0, 0
6059481, 0.00, 0.00, -10.45, 100.00, 0.00, 0.00, 3.35, 0.00, -10, 0, 0
3626337, 0.00, 0.00, -10.58, 100.00, 0.00, 0.00, 3.35, 0.00, -10, 0, 0
3303828, 0.00, 0.00, -10.58, 100.00, 0.00, 0.00, 3.35, 0.00, -10, 0, 0
3287441, 0.00, 0.00, -10.58, 100.00, 0.00, 0.00, 3.35, 0.00, -10, 0, 0
3390171, 0.00, 0.00, -10.58, 100.00, 0.00, 0.00, 3.35, 0.00, -10, 0, 0
3278448, 0.00, 0.00, -10.58, 100.00, 0.00, 0.00, 3.35, 0.00, -10, 0, 0
3521261, 0.00, 0.00, -10.58, 100.00, 0.00, 0.00, 3.35, 0.00, -10, 0, 0
3384174, 0.00, 0.00, -10.58, 100.00, 0.00, 0.00, 3.35, 0.00, -10, 0, 0
3422637, 0.00, 0.00, -10.58, 100.00, 0.00, 0.00, 3.35, 0.00, -10, 0, 0
3562299, 0.00, 0.00, -10.58, 100.00, 0.00, 0.00, 3.35, 0.00, -10, 0, 0
6059481, 0.00, 0.00, -10.45, 100.00, 0.00, 0.00, 3.35, 0.00, -10, 0, 0
3917150, 0.00, 0.00, -10.58, 100.00, 0.00, 0.00, 3.35, 0.00, -10, 0, 0
3393290, 0.00, 0.00, -10.58, 100.00, 0.00, 0.00, 3.35, 0.00, -10, 0, 0
3241485, 0.00, 0.00, -10.58, 100.00, 0.00, 0.00, 3.35, 0.00, -10, 0, 0
3474606, 0.00, 0.00, -10.58, 100.00, 0.00, 0.00, 3.35, 0.00, -10, 0, 0
3619546, 0.00, 0.00, -10.58, 100.00, 0.00, 0.00, 3.35, 0.00, -10, 0, 0
3377324, 0.00, 0.00, -10.58, 100.00, 0.00, 0.00, 3.35, 0.00, -10, 0, 0
3337334, 0.00, 0.00, -10.58, 100.00, 0.00, 0.00, 3.35, 0.00, -10, 0, 0
3629052, 0.00, 0.00, -10.58, 100.00, 0.00, 0.00, 3.35, 0.00, -10, 0, 0
3246445, 0.00, 0.00, -10.58, 100.00, 0.00, 0.00, 3.35, 0.00, -10, 0, 0
6059481, 0.00, 0.00, -10.45, 100.00, 0.00, 0.00, 3.35, 0.00, -10, 0, 0
3448309, 0.00, 0.00, -10.58, 100.00, 0.00, 0.00, 3.35, 0.00, -10, 0, 0
3180142, 0.00, 0.00, -10.58, 100.00, 0.00, 0.00, 3.35, 0.00, -10, 0, 0
3407258, 0.00, 0.00, -10.58, 100.00, 0.00, 0.00, 3.35, 0.00, -10, 0, 0
3231449, 0.00, 0.00, -10.58, 100.00, 0.00, 0.00, 3.35, 0.00, -10, 0, 0
3261852, 0.00, 0.00, -10.58, 100.00, 0.00, 0.00, 3.35, 0.00, -10, 0, 0
3193329, 0.00, 0.00, -10.58, 100.00, 0.00, 0.00, 3.35, 0.00, -10, 0, 0
3497448, 0.00, 0.00, -10.58, 100.00, 0.00, 0.00, 3.35, 0.00, -10, 0, 0
3613642, 0.00, 0.00, -10.58, 100.00, 0.00, 0.00, 3.35, 0.00, -10, 0, 0
3085912, 0.00, 0.00, -10.58, 100.00, 0.00, 0.00, 3.35, 0.00, -10, 0, 0
6059481, 0.00, 0.00, -10.45, 100.00, 0.00, 0.00, 3.35, 0.00, -10, 0, 0
3395385, 0.00, 0.00, -10.58, 100.00, 0.00, 0.00, 3.35, 0.00, -10, 0, 0
3145498, 0.00, 0.00, -10.58, 100.00, 0.00, 0.00, 3.35, 0.00, -10, 0, 0
3184495, 0.00, 0.00, -10.58, 100.00, 0.00, 0.00, 3.35, 0.00, -10, 0, 0
3212174, 0.00, 0.00, -10.58, 100.00, 0.00, 0.00, 3.35, 0.00, -10, 0, 0
-996752690, 0.00, 0.00, -10.58, 100.00, 0.00, 0.00, 3.35, 0.00, -10, 0, 0
3219043, 0.00, 0.00, -10.58, 100.00, 0.00, 0.00, 3.35, 0.00, -10, 0, 0
4036245, 0.00, 0.00, -10.58, 100.00, 0.00, 0.00, 3.35, 0.00, -10, 0, 0
3473444, 0.00, 0.00, -10.58, 100.00, 0.00, 0.00, 3.35, 0.00, -10, 0, 0
3260427, 0.00, 0.00, -10.58, 100.00, 0.00, 0.00, 3.35, 0.00, -10, 0, 0
6059481, 0.00, 0.00, -10.45, 100.00, 0.00, 0.00, 3.35, 0.00, -10, 0, 0
3556238, 0.00, 0.00, -10.58, 100.00, 0.00, 0.00, 3.35, 0.00, -10, 0, 0
3084114, 0.00, 0.00, -10.58, 100.00, 0.00, 0.00, 3.35, 0.00, -10, 0, 0
2986159, 0.00, 0.00, -10.58, 100.00, 0.00, 0.00, 3.35, 0.00, -10, 0, 0
2991360, 0.00, 0.00, -10.58, 100.00, 0.00, 0.00, 3.35, 0.00, -10, 0, 0
2966211, 0.00, 0.00, -10.58, 100.00, 0.00, 0.00, 3.35, 0.00, -10, 0, 0
3246434, 0.00, 0.00, -10.58, 100.00, 0.00, 0.00, 3.35, 0.00, -10, 0, 0
3153120, 0.00, 0.00, -10.58, 100.00, 0.00, 0.00, 3.35, 0.00, -10, 0, 0
2862314, 0.00, 0.00, -10.58, 100.00, 0.00, 0.00, 3.35, 0.00, -10, 0, 0
2703026, 0.00, 0.00, -10.58, 100.00, 0.00, 0.00, 3.35, 0.00, -10, 0, 0
6059481, 0.00, 0.00, -10.45, 100.00, 0.00, 0.00, 3.35, 0.00, -10, 0, 0
3094620, 0.00, 0.00, -10.58, 100.00, 0.00, 0.00, 3.35, 0.00, -10, 0, 0
2835067, 0.00, 0.00, -10.58, 100.00, 0.00, 0.00, 3.35, 0.00, -10, 0, 0
2838621, 0.00, 0.00, -10.58, 100.00, 0.00, 0.00, 3.35, 0.00, -10, 0, 0
2842692, 0.00, 0.00, -10.58, 100.00, 0.00, 0.00, 3.35, 0.00, -10, 0, 0
2745420, 0.00, 0.00, -10.58, 100.00, 0.00, 0.00, 3.35, 0.00, -10, 0, 0
3160582, 0.00, 0.00, -10.58, 100.00, 0.00, 0.00, 3.35, 0.00, -10, 0, 0
3271857, 0.00, 0.00, -10.58, 100.00, 0.00, 0.00, 3.35, 0.00, -10, 0, 0
2865883, 0.00, 0.00, -10.58, 100.00, 0.00, 0.00, 3.35, 0.00, -10, 0, 0
2742118, 0.00, 0.00, -10.58, 100.00, 0.00, 0.00, 3.35, 0.00, -10, 0, 0
6059481, 0.00, 0.00, -10.45, 100.00, 0.00, 0.00, 3.35, 0.00, -10, 0, 0
2839099, 0.00, 0.00, -10.58, 100.00, 0.00, 0.00, 3.35, 0.00, -10, 0, 0
3252770, 0.00, 0.00, -10.58, 100.00, 0.00, 0.00, 3.35, 0.00, -10, 0, 0
2916089, 0.00, 0.00, -10.58, 100.00, 0.00, 0.00, 3.35, 0.00, -10, 0, 0
2915478, 0.00, 0.00, -10.58, 100.00, 0.00, 0.00, 3.35, 0.00, -10, 0, 0
3081768, 0.00, 0.00, -10.58, 100.00, 0.00, 0.00, 3.35, 0.00, -10, 0, 0
3174736, 0.00, 0.00, -10.58, 100.00, 0.00, 0.00, 3.35, 0.00, -10, 0, 0
3687330, 0.00, 0.00, -10.58, 100.00, 0.00, 0.00, 3.35, 0.00, -10, 0, 0
3348723, 0.00, 0.00, -10.58, 100.00, 0.00, 0.00, 3.35, 0.00, -10, 0, 0
3450274, 0.00, 0.00, -10.58, 100.00, 0.00, 0.00, 3.35, 0.00, -10, 0, 0
6059481, 0.00, 0.00, -10.45, 100.00, 0.00, 0.00, 3.35, 0.00, -10, 0, 0
3496923, 0.00, 0.00, -10.58, 100.00, 0.00, 0.00, 3.35, 0.00, -10, 0, 0
3679068, 0.00, 0.00, -10.58, 100.00, 0.00, 0.00, 3.35, 0.00, -10, 0, 0
3684448, 0.00, 0.00, -10.58, 100.00, 0.00, 0.00, 3.35, 0.00, -10, 0, 0
3247597, 0.00, 0.00, -10.58, 100.00, 0.00, 0.00, 3.35, 0.00, -10, 0, 0
3319835, 0.00, 0.00, -10.58, 100.00, 0.00, 0.00, 3.35, 0.00, -10, 0, 0
3579249, 0.00, 0.00, -10.58, 100.00, 0.00, 0.00, 3.35, 0.00, -10, 0, 0
3203366, 0.00, 0.00, -10.58, 100.00, 0.00, 0.00, 3.35, 0.00, -10, 0, 0
3748634, 0.00, 0.00, -10.58, 100.00, 0.00, 0.00, 3.35, 0.00, -10, 0, 0
3169339, 0.00, 0.00, -10.58, 100.00, 0.00, 0.00, 3.35, 0.00, -10, 0, 0
6059481, 0.00, 0.00, -10.45, 100.00, 0.00, 0.00, 3.35, 0.00, -10, 0, 0
3270332, 0.00, 0.00, -10.58, 100.00, 0.00, 0.00, 3.35, 0.00, -10, 0, 0
3241984, 0.00, 0.00, -10.58, 100.00, 0.00, 0.00, 3.35, 0.00, -10, 0, 0
3122035, 0.00, 0.00, -10.58, 100.00, 0.00, 0.00, 3.35, 0.00, -10, 0, 0
3241049, 0.00, 0.00, -10.58, 100.00, 0.00, 0.00, 3.35, 0.00, -10, 0, 0
3388004, 0.00, 0.00, -10.58, 100.00, 0.00, 0.00, 3.35, 0.00, -10, 0, 0
3519305, 0.00, 0.00, -10.58, 100.00, 0.00, 0.00, 3.35, 0.00, -10, 0, 0
3336295, 0.00, 0.00, -10.58, 100.00, 0.00, 0.00, 3.35, 0.00, -10, 0, 0
3376198, 0.00, 0.00, -10.58, 100.00, 0.00, 0.00, 3.35, 0.00, -10, 0, 0
3338160, 0.00, 0.00, -10.58, 100.00, 0.00, 0.00, 3.35, 0.00, -10, 0, 0
6059481, 0.00, 0.00, -10.45, 100.00, 0.00, 0.00, 3.35, 0.00, -10, 0, 0
3716381, 0.00, 0.00, -10.58, 100.00, 0.00, 0.00, 3.35, 0.00, -10, 0, 0
3429026, 0.00, 0.00, -10.58, 100.00, 0.00, 0.00, 3.35, 0.00, -10, 0, 0
3286400, 0.00, 0.00, -10.58, 100.00, 0.00, 0.00, 3.35, 0.00, -10, 0, 0
3502996, 0.00, 0.00, -10.58, 100.00, 0.00, 0.00, 3.35, 0.00, -10, 0, 0
3721783, 0.00, 0.00, -10.58, 100.00, 0.00, 0.00, 3.35, 0.00, -10, 0, 0
3441161, 0.00, 0.00, -10.58, 100.00, 0.00, 0.00, 3.35, 0.00, -10, 0, 0
3819047, 0.00, 0.00, -10.58, 100.00, 0.00, 0.00, 3.35, 0.00, -10, 0, 0
3320787, 0.00, 0.00, -10.58, 100.00, 0.00, 0.00, 3.35, 0.00, -10, 0, 0
3078911, 0.00, 0.00, -10.58, 100.00, 0.00, 0.00, 3.35, 0.00, -10, 0, 0
6059481, 0.00, 0.00, -10.45, 100.00, 0.00, 0.00, 3.35, 0.00, -10, 0, 0
3193136, 0.00, 0.00, -10.58, 100.00, 0.00, 0.00, 3.35, 0.00, -10, 0, 0
3160548, 0.00, 0.00, -10.58, 100.00, 0.00, 0.00, 3.35, 0.00, -10, 0, 0
3316384, 0.00, 0.00, -10.58, 100.00, 0.00, 0.00, 3.35, 0.00, -10, 0, 0
3697735, 0.00, 0.00, -10.58, 100.00, 0.00, 0.00, 3.35, 0.00, -10, 0, 0
3507100, 0.00, 0.00, -10.58, 100.00, 0.00, 0.00, 3.35, 0.00, -10, 0, 0
3370488, 0.00, 0.00, -10.58, 100.00, 0.00, 0.00, 3.35, 0.00, -10, 0, 0
3547979, 0.00, 0.00, -10.58, 100.00, 0.00, 0.00, 3.35, 0.00, -10, 0, 0
3242785, 0.00, 0.00, -10.58, 100.00, 0.00, 0.00, 3.35, 0.00, -10, 0, 0
3134071, 0.00, 0.00, -10.58, 100.00, 0.00, 0.00, 3.35, 0.00, -10, 0, 0
6059481, 0.00, 0.00, -10.45, 100.00, 0.00, 0.00, 3.35, 0.00, -10, 0, 0
3157601, 0.00, 0.00, -10.58, 100.00, 0.00, 0.00, 3.35, 0.00, -10, 0, 0
3355639, 0.00, 0.00, -10.58, 100.00, 0.00, 0.00, 3.35, 0.00, -10, 0, 0
3796942, 0.00, 0.00, -10.58, 100.00, 0.00, 0.00, 3.35, 0.00, -10, 0, 0
3372802, 0.00, 0.00, -10.58, 100.00, 0.00, 0.00, 3.35, 0.00, -10, 0, 0
3343560, 0.00, 0.00, -10.58, 100.00, 0.00, 0.00, 3.35, 0.00, -10, 0, 0
3243900, 0.00, 0.00, -10.58, 100.00, 0.00, 0.00, 3.35, 0.00, -10, 0, 0
3304452, 0.00, 0.00, -10.58, 100.00, 0.00, 0.00, 3.35, 0.00, -10, 0, 0
3385980, 0.00, 0.00, -10.58, 100.00, 0.00, 0.00, 3.35, 0.00, -10, 0, 0
3329629, 0.00, 0.00, -10.58, 100.00, 0.00, 0.00, 3.35, 0.00, -10, 0, 0
6059481, 0.00, 0.00, -10.45, 100.00, 0.00, 0.00, 3.35, 0.00, -10, 0, 0
3387445, 0.00, 0.00, -10.58, 100.00, 0.00, 0.00, 3.35, 0.00, -10, 0, 0
3526779, 0.00, 0.00, -10.58, 100.00, 0.00, 0.00, 3.35, 0.00, -10, 0, 0
3240219, 0.00, 0.00, -10.58, 100.00, 0.00, 0.00, 3.35, 0.00, -10, 0, 0
3191419, 0.00, 0.00, -10.58, 100.00, 0.00, 0.00, 3.35, 0.00, -10, 0, 0
3250302, 0.00, 0.00, -10.58, 100.00, 0.00, 0.00, 3.35, 0.00, -10, 0, 0
3546226, 0.00, 0.00, -10.58, 100.00, 0.00, 0.00, 3.35, 0.00, -10, 0, 0
3849845, 0.00, 0.00, -10.58, 100.00, 0.00, 0.00, 3.35, 0.00, -10, 0, 0
3470672, 0.00, 0.00, -10.58, 100.00, 0.00, 0.00, 3.35, 0.00, -10, 0, 0
3335127, 0.00, 0.00, -10.58, 100.00, 0.00, 0.00, 3.35, 0.00, -10, 0, 0
6059481, 0.00, 0.00, -10.45, 100.00, 0.00, 0.00, 3.35, 0.00, -10, 0, 0
3690594, 0.00, 0.00, -10.58, 100.00, 0.00, 0.00, 3.35, 0.00, -10, 0, 0
3221567, 0.00, 0.00, -10.58, 100.00, 0.00, 0.00, 3.35, 0.00, -10, 0, 0
3089736, 0.00, 0.00, -10.58, 100.00, 0.00, 0.00, 3.35, 0.00, -10, 0, 0
3274759, 0.00, 0.00, -10.58, 100.00, 0.00, 0.00, 3.35, 0.00, -10, 0, 0
3393653, 0.00, 0.00, -10.58, 100.00, 0.00, 0.00, 3.35, 0.00, -10, 0, 0
3490123, 0.00, 0.00, -10.58, 100.00, 0.00, 0.00, 3.35, 0.00, -10, 0, 0
3588873, 0.00, 0.00, -10.58, 100.00, 0.00, 0.00, 3.35, 0.00, -10, 0, 0
3296758, 0.00, 0.00, -10.58, 100.00, 0.00, 0.00, 3.35, 0.00, -10, 0, 0
3403215, 0.00, 0.00, -10.58, 100.00, 0.00, 0.00, 3.35, 0.00, -10, 0, 0
6059481, 0.00, 0.00, -10.45, 100.00, 0.00, 0.00, 3.35, 0.00, -10, 0, 0
3815037, 0.00, 0.00, -10.58, 100.00, 0.00, 0.00, 3.35, 0.00, -10, 0, 0
3608750, 0.00, 0.00, -10.58, 100.00, 0.00, 0.00, 3.35, 0.00, -10, 0, 0
3325038, 0.00, 0.00, -10.58, 100.00, 0.00, 0.00, 3.35, 0.00, -10, 0, 0
3153103, 0.00, 0.00, -10.58, 100.00, 0.00, 0.00, 3.35, 0.00, -10, 0, 0
3270651, 0.00, 0.00, -10.58, 100.00, 0.00, 0.00, 3.35, 0.00, -10, 0, 0
3236777, 0.00, 0.00, -10.58, 100.00, 0.00, 0.00, 3.35, 0.00, -10, 0, 0
3246027, 0.00, 0.00, -10.58, 100.00, 0.00, 0.00, 3.35, 0.00, -10, 0, 0
3184562, 0.00, 0.00, -10.58, 100.00, 0.00, 0.00, 3.35, 0.00, -10, 0, 0
3369911, 0.00, 0.00, -10.58, 100.00, 0.00, 0.00, 3.35, 0.00, -10, 0, 0
6059481, 0.00, 0.00, -10.45, 100.00, 0.00, 0.00, 3.35, 0.00, -10, 0, 0
3682160, 0.00, 0.00, -10.58, 100.00, 0.00, 0.00, 3.35, 0.00, -10, 0, 0
3750116, 0.00, 0.00, -10.58, 100.00, 0.00, 0.00, 3.35, 0.00, -10, 0, 0
3194444, 0.00, 0.00, -10.58, 100.00, 0.00, 0.00, 3.35, 0.00, -10, 0, 0
3320268, 0.00, 0.00, -10.58, 100.00, 0.00, 0.00, 3.35, 0.00, -10, 0, 0
3288905, 0.00, 0.00, -10.58, 100.00, 0.00, 0.00, 3.35, 0.00, -10, 0, 0
3208775, 0.00, 0.00, -10.58, 100.00, 0.00, 0.00, 3.35, 0.00, -10, 0, 0
3117511, 0.00, 0.00, -10.58, 100.00, 0.00, 0.00, 3.35, 0.00, -10, 0, 0
3450861, 0.00, 0.00, -10.58, 100.00, 0.00, 0.00, 3.35, 0.00, -10, 0, 0
3722922, 0.00, 0.00, -10.58, 100.00, 0.00, 0.00, 3.35, 0.00, -10, 0, 0
6059481, 0.00, 0.00, -10.45, 100.00, 0.00, 0.00, 3.35, 0.00, -10, 0, 0
4092064, 0.00, 0.00, -10.58, 100.00, 0.00, 0.00, 3.35, 0.00, -10, 0, 0
3196675, 0.00, 0.00, -10.58, 100.00, 0.00, 0.00, 3.35, 0.00, -10, 0, 0
3144551, 0.00, 0.00, -10.58, 100.00, 0.00, 0.00, 3.35, 0.00, -10, 0, 0
3363098, 0.00, 0.00, -10.58, 100.00, 0.00, 0.00, 3.35, 0.00, -10, 0, 0
3269660, 0.00, 0.00, -10.58, 100.00, 0.00, 0.00, 3.35, 0.00, -10, 0, 0
3179395, 0.00, 0.00, -10.58, 