Thu Nov 22 15:47:29 2018
StepTime, x, v, f, xdes, vdes, fdes, cmd, IR, LSB, LSF
0, 6054800,0.00, 100.00, 0.00, 3.35, 0, 0, 0
1, 2961841,0.00, 100.00, 0.00, 3.35, 0, 0, 0
2, 2639082,0.00, 100.00, 0.00, 3.35, 0, 0, 0
3, 2785267,0.00, 100.00, 0.00, 3.35, 0, 0, 0
4, 2876785,0.00, 100.00, 0.00, 3.35, 0, 0, 0
5, 2635584,0.00, 100.00, 0.00, 3.35, 0, 0, 0
6, 2623043,0.00, 100.00, 0.00, 3.35, 0, 0, 0
7, 2715610,0.00, 100.00, 0.00, 3.35, 0, 0, 0
8, 2827448,0.00, 100.00, 0.00, 3.35, 0, 0, 0
9, 2936038,0.00, 100.00, 0.00, 3.35, 0, 0, 0
0, 6054800,0.00, 100.00, 0.00, 3.35, 0, 0, 0
1, 2647870,0.00, 100.00, 0.00, 3.35, 0, 0, 0
2, 2720310,0.00, 100.00, 0.00, 3.35, 0, 0, 0
3, 2768151,0.00, 100.00, 0.00, 3.35, 0, 0, 0
4, 2939137,0.00, 100.00, 0.00, 3.35, 0, 0, 0
5, 2828457,0.00, 100.00, 0.00, 3.35, 0, 0, 0
6, 2781225,0.00, 100.00, 0.00, 3.35, 0, 0, 0
7, 2829270,0.00, 100.00, 0.00, 3.35, 0, 0, 0
8, 2740776,0.00, 100.00, 0.00, 3.35, 0, 0, 0
9, 2679474,0.00, 100.00, 0.00, 3.35, 0, 0, 0
0, 6054800,0.00, 100.00, 0.00, 3.35, 0, 0, 0
1, 2682921,0.00, 100.00, 0.00, 3.35, 0, 0, 0
2, 2703389,0.00, 100.00, 0.00, 3.35, 0, 0, 0
3, 2703750,0.00, 100.00, 0.00, 3.35, 0, 0, 0
4, 2747255,0.00, 100.00, 0.00, 3.35, 0, 0, 0
5, 2704279,0.00, 100.00, 0.00, 3.35, 0, 0, 0
6, 2705551,0.00, 100.00, 0.00, 3.35, 0, 0, 0
7, 2709326,0.00, 100.00, 0.00, 3.35, 0, 0, 0
8, 2708216,0.00, 100.00, 0.00, 3.35, 0, 0, 0
9, 2701335,0.00, 100.00, 0.00, 3.35, 0, 0, 0
0, 6054800,0.00, 100.00, 0.00, 3.35, 0, 0, 0
1, 2683957,0.00, 100.00, 0.00, 3.35, 0, 0, 0
2, 2707031,0.00, 100.00, 0.00, 3.35, 0, 0, 0
3, 2754065,0.00, 100.00, 0.00, 3.35, 0, 0, 0
4, 3328216,0.00, 100.00, 0.00, 3.35, 0, 0, 0
5, 3096932,0.00, 100.00, 0.00, 3.35, 0, 0, 0
6, 2826698,0.00, 100.00, 0.00, 3.35, 0, 0, 0
7, 2752457,0.00, 100.00, 0.00, 3.35, 0, 0, 0
8, 3043686,0.00, 100.00, 0.00, 3.35, 0, 0, 0
9, 3035223,0.00, 100.00, 0.00, 3.35, 0, 0, 0
0, 6054800,0.00, 100.00, 0.00, 3.35, 0, 0, 0
1, 2776952,0.00, 100.00, 0.00, 3.35, 0, 0, 0
2, 2791516,0.00, 100.00, 0.00, 3.35, 0, 0, 0
3, 2740573,0.00, 100.00, 0.00, 3.35, 0, 0, 0
4, 2822438,0.00, 100.00, 0.00, 3.35, 0, 0, 0
5, 3028446,0.00, 100.00, 0.00, 3.35, 0, 0, 0
6, 3123962,0.00, 100.00, 0.00, 3.35, 0, 0, 0
7, 2737178,0.00, 100.00, 0.00, 3.35, 0, 0, 0
8, 2672511,0.00, 100.00, 0.00, 3.35, 0, 0, 0
9, 2614045,0.00, 100.00, 0.00, 3.35, 0, 0, 0
0, 6054800,0.00, 100.00, 0.00, 3.35, 0, 0, 0
1, 2790617,0.00, 100.00, 0.00, 3.35, 0, 0, 0
2, 3010628,0.00, 100.00, 0.00, 3.35, 0, 0, 0
3, 2919188,0.00, 100.00, 0.00, 3.35, 0, 0, 0
4, 2817926,0.00, 100.00, 0.00, 3.35, 0, 0, 0
5, 2638817,0.00, 100.00, 0.00, 3.35, 0, 0, 0
6, 2947221,0.00, 100.00, 0.00, 3.35, 0, 0, 0
7, 2835791,0.00, 100.00, 0.00, 3.35, 0, 0, 0
8, 2709174,0.00, 100.00, 0.00, 3.35, 0, 0, 0
9, 2734708,0.00, 100.00, 0.00, 3.35, 0, 0, 0
0, 6054800,0.00, 100.00, 0.00, 3.35, 0, 0, 0
1, 2831618,0.00, 100.00, 0.00, 3.35, 0, 0, 0
2, 2984853,0.00, 100.00, 0.00, 3.35, 0, 0, 0
3, 2913751,0.00, 100.00, 0.00, 3.35, 0, 0, 0
4, 3203316,0.00, 100.00, 0.00, 3.35, 0, 0, 0
5, 3442230,0.00, 100.00, 0.00, 3.35, 0, 0, 0
6, 3001709,0.00, 100.00, 0.00, 3.35, 0, 0, 0
7, 3455863,0.00, 100.00, 0.00, 3.35, 0, 0, 0
8, 3448495,0.00, 100.00, 0.00, 3.35, 0, 0, 0
9, 3140290,0.00, 100.00, 0.00, 3.35, 0, 0, 0
0, 6054800,0.00, 100.00, 0.00, 3.35, 0, 0, 0
1, 3374871,0.00, 100.00, 0.00, 3.35, 0, 0, 0
2, 3058089,0.00, 100.00, 0.00, 3.35, 0, 0, 0
3, 3116055,0.00, 100.00, 0.00, 3.35, 0, 0, 0
4, 3346411,0.00, 100.00, 0.00, 3.35, 0, 0, 0
5, 3808603,0.00, 100.00, 0.00, 3.35, 0, 0, 0
6, 3115780,0.00, 100.00, 0.00, 3.35, 0, 0, 0
7, 3553076,0.00, 100.00, 0.00, 3.35, 0, 0, 0
8, 3878566,0.00, 100.00, 0.00, 3.35, 0, 0, 0
9, 3390871,0.00, 100.00, 0.00, 3.35, 0, 0, 0
0, 6054800,0.00, 100.00, 0.00, 3.35, 0, 0, 0
1, 3406550,0.00, 100.00, 0.00, 3.35, 0, 0, 0
2, 3200707,0.00, 100.00, 0.00, 3.35, 0, 0, 0
3, 3265736,0.00, 100.00, 0.00, 3.35, 0, 0, 0
4, 3657833,0.00, 100.00, 0.00, 3.35, 0, 0, 0
5, 3347223,0.00, 100.00, 0.00, 3.35, 0, 0, 0
6, 3289855,0.00, 100.00, 0.00, 3.35, 0, 0, 0
7, 3208484,0.00, 100.00, 0.00, 3.35, 0, 0, 0
8, 3794821,0.00, 100.00, 0.00, 3.35, 0, 0, 0
9, 3204737,0.00, 100.00, 0.00, 3.35, 0, 0, 0
0, 6054800,0.00, 100.00, 0.00, 3.35, 0, 0, 0
1, 3267194,0.00, 100.00, 0.00, 3.35, 0, 0, 0
2, 3090720,0.00, 100.00, 0.00, 3.35, 0, 0, 0
3, 3603776,0.00, 100.00, 0.00, 3.35, 0, 0, 0
4, 3224289,0.00, 100.00, 0.00, 3.35, 0, 0, 0
5, 3419007,0.00, 100.00, 0.00, 3.35, 0, 0, 0
6, 3220361,0.00, 100.00, 0.00, 3.35, 0, 0, 0
7, 3459640,0.00, 100.00, 0.00, 3.35, 0, 0, 0
8, 3514825,0.00, 100.00, 0.00, 3.35, 0, 0, 0
9, 3163361,0.00, 100.00, 0.00, 3.35, 0, 0, 0
0, 6054800,0.00, 100.00, 0.00, 3.35, 0, 0, 0
1, 3142872,0.00, 100.00, 0.00, 3.35, 0, 0, 0
2, 3592265,0.00, 100.00, 0.00, 3.35, 0, 0, 0
3, 3712317,0.00, 100.00, 0.00, 3.35, 0, 0, 0
4, 3242220,0.00, 100.00, 0.00, 3.35, 0, 0, 0
5, 3195380,0.00, 100.00, 0.00, 3.35, 0, 0, 0
6, 3113932,0.00, 100.00, 0.00, 3.35, 0, 0, 0
7, 3287880,0.00, 100.00, 0.00, 3.35, 0, 0, 0
8, 3822906,0.00, 100.00, 0.00, 3.35, 0, 0, 0
9, 3228444,0.00, 100.00, 0.00, 3.35, 0, 0, 0
0, 6054800,0.00, 100.00, 0.00, 3.35, 0, 0, 0
1, 3674509,0.00, 100.00, 0.00, 3.35, 0, 0, 0
2, 3835037,0.00, 100.00, 0.00, 3.35, 0, 0, 0
3, 3244866,0.00, 100.00, 0.00, 3.35, 0, 0, 0
4, 3245163,0.00, 100.00, 0.00, 3.35, 0, 0, 0
5, 3330050,0.00, 100.00, 0.00, 3.35, 0, 0, 0
6, 3155879,0.00, 100.00, 0.00, 3.35, 0, 0, 0
7, 3598849,0.00, 100.00, 0.00, 3.35, 0, 0, 0
8, 3360788,0.00, 100.00, 0.00, 3.35, 0, 0, 0
9, 3055541,0.00, 100.00, 0.00, 3.35, 0, 0, 0
0, 6054800,0.00, 100.00, 0.00, 3.35, 0, 0, 0
1, 3665833,0.00, 100.00, 0.00, 3.35, 0, 0, 0
2, 3344089,0.00, 100.00, 0.00, 3.35, 0, 0, 0
3, 3388210,0.00, 100.00, 0.00, 3.35, 0, 0, 0
4, 3389441,0.00, 100.00, 0.00, 3.35, 0, 0, 0
5, 3308338,0.00, 100.00, 0.00, 3.35, 0, 0, 0
6, 3433494,0.00, 100.00, 0.00, 3.35, 0, 0, 0
7, 3270960,0.00, 100.00, 0.00, 3.35, 0, 0, 0
8, 3211427,0.00, 100.00, 0.00, 3.35, 0, 0, 0
9, 3505235,0.00, 100.00, 0.00, 3.35, 0, 0, 0
0, 6054800,0.00, 100.00, 0.00, 3.35, 0, 0, 0
1, 3866317,0.00, 100.00, 0.00, 3.35, 0, 0, 0
2, 3816840,0.00, 100.00, 0.00, 3.35, 0, 0, 0
3, 3122308,0.00, 100.00, 0.00, 3.35, 0, 0, 0
4, 3084231,0.00, 100.00, 0.00, 3.35, 0, 0, 0
5, 3351986,0.00, 100.00, 0.00, 3.35, 0, 0, 0
6, 3544151,0.00, 100.00, 0.00, 3.35, 0, 0, 0
7, 3366429,0.00, 100.00, 0.00, 3.35, 0, 0, 0
8, 3204407,0.00, 100.00, 0.00, 3.35, 0, 0, 0
9, 3471385,0.00, 100.00, 0.00, 3.35, 0, 0, 0
0, 6054800,0.00, 100.00, 0.00, 3.35, 0, 0, 0
1, 3665929,0.00, 100.00, 0.00, 3.35, 0, 0, 0
2, 3481780,0.00, 100.00, 0.00, 3.35, 0, 0, 0
3, 3065094,0.00, 100.00, 0.00, 3.35, 0, 0, 0
4, 3151313,0.00, 100.00, 0.00, 3.35, 0, 0, 0
5, 3233525,0.00, 100.00, 0.00, 3.35, 0, 0, 0
6, 3213530,0.00, 100.00, 0.00, 3.35, 0, 0, 0
7, 3209763,0.00, 100.00, 0.00, 3.35, 0, 0, 0
8, 3386240,0.00, 100.00, 0.00, 3.35, 0, 0, 0
9, 3405285,0.00, 100.00, 0.00, 3.35, 0, 0, 0
0, 6054800,0.00, 100.00, 0.00, 3.35, 0, 0, 0
1, 3674979,0.00, 100.00, 0.00, 3.35, 0, 0, 0
2, 3694952,0.00, 100.00, 0.00, 3.35, 0, 0, 0
3, 3237356,0.00, 100.00, 0.00, 3.35, 0, 0, 0
4, 3036854,0.00, 100.00, 0.00, 3.35, 0, 0, 0
5, 3289951,0.00, 100.00, 0.00, 3.35, 0, 0, 0
6, 3091273,0.00, 100.00, 0.00, 3.35, 0, 0, 0
7, 3083422,0.00, 100.00, 0.00, 3.35, 0, 0, 0
8, 3312620,0.00, 100.00, 0.00, 3.35, 0, 0, 0
9, 3205500,0.00, 100.00, 0.00, 3.35, 0, 0, 0
0, 6054800,0.00, 100.00, 0.00, 3.35, 0, 0, 0
1, 3451439,0.00, 100.00, 0.00, 3.35, 0, 0, 0
2, 3467924,0.00, 100.00, 0.00, 3.35, 0, 0, 0
3, 3160859,0.00, 100.00, 0.00, 3.35, 0, 0, 0
4, 3240907,0.00, 100.00, 0.00, 3.35, 0, 0, 0
5, 3512510,0.00, 100.00, 0.00, 3.35, 0, 0, 0
6, 3329345,0.00, 100.00, 0.00, 3.35, 0, 0, 0
7, 3330754,0.00, 100.00, 0.00, 3.35, 0, 0, 0
8, 3581776,0.00, 100.00, 0.00, 3.35, 0, 0, 0
9, 3368740,0.00, 100.00, 0.00, 3.35, 0, 0, 0
0, 6054800,0.00, 100.00, 0.00, 3.35, 0, 0, 0
1, 3622646,0.00, 100.00, 0.00, 3.35, 0, 0, 0
2, 3381319,0.00, 100.00, 0.00, 3.35, 0, 0, 0
3, 3332843,0.00, 100.00, 0.00, 3.35, 0, 0, 0
4, 3287082,0.00, 100.00, 0.00, 3.35, 0, 0, 0
5, 3221894,0.00, 100.00, 0.00, 3.35, 0, 0, 0
6, 3282792,0.00, 100.00, 0.00, 3.35, 0, 0, 0
7, 3806731,0.00, 100.00, 0.00, 3.35, 0, 0, 0
8, 3337143,0.00, 100.00, 0.00, 3.35, 0, 0, 0
9, 3439210,0.00, 100.00, 0.00, 3.35, 0, 0, 0
0, 6054800,0.00, 100.00, 0.00, 3.35, 0, 0, 0
1, 3731136,0.00, 100.00, 0.00, 3.35, 0, 0, 0
2, 3334607,0.00, 100.00, 0.00, 3.35, 0, 0, 0
3, 3155290,0.00, 100.00, 0.00, 3.35, 0, 0, 0
4, 3213995,0.00, 100.00, 0.00, 3.35, 0, 0, 0
5, 3389811,0.00, 100.00, 0.00, 3.35, 0, 0, 0
6, 3872481,0.00, 100.00, 0.00, 3.35, 0, 0, 0
7, 3311212,0.00, 100.00, 0.00, 3.35, 0, 0, 0
8, 3176948,0.00, 100.00, 0.00, 3.35, 0, 0, 0
9, 3259929,0.00, 100.00, 0.00, 3.35, 0, 0, 0
0, 6054800,0.00, 100.00, 0.00, 3.35, 0, 0, 0
1, 3556991,0.00, 100.00, 0.00, 3.35, 0, 0, 0
2, 3350747,0.00, 100.00, 0.00, 3.35, 0, 0, 0
3, 3149324,0.00, 100.00, 0.00, 3.35, 0, 0, 0
4, 3110806,0.00, 100.00, 0.00, 3.35, 0, 0, 0
5, 3550569,0.00, 100.00, 0.00, 3.35, 0, 0, 0
6, 3691943,0.00, 100.00, 0.00, 3.35, 0, 0, 0
7, 3291099,0.00, 100.00, 0.00, 3.35, 0, 0, 0
8, 3250495,0.00, 100.00, 0.00, 3.35, 0, 0, 0
9, 3205172,0.00, 100.00, 0.00, 3.35, 0, 0, 0
0, 6054800,0.00, 100.00, 0.00, 3.35, 0, 0, 0
1, 3389059,0.00, 100.00, 0.00, 3.35, 0, 0, 0
2, 3281346,0.00, 100.00, 0.00, 3.35, 0, 0, 0
3, 3039147,0.00, 100.00, 0.00, 3.35, 0, 0, 0
4, 3332613,0.00, 100.00, 0.00, 3.35, 0, 0, 0
5, 3673627,0.00, 100.00, 0.00, 3.35, 0, 0, 0
6, 3501541,0.00, 100.00, 0.00, 3.35, 0, 0, 0
7, 3303798,0.00, 100.00, 0.00, 3.35, 0, 0, 0
8, 3342925,0.00, 100.00, 0.00, 3.35, 0, 0, 0
9, 3319379,0.00, 100.00, 0.00, 3.35, 0, 0, 0
0, 6054800,0.00, 100.00, 0.00, 3.35, 0, 0, 0
1, 3442091,0.00, 100.00, 0.00, 3.35, 0, 0, 0
2, 3178784,0.00, 100.00, 0.00, 3.35, 0, 0, 0
3, 3222558,0.00, 100.00, 0.00, 3.35, 0, 0, 0
4, 3759998,0.00, 100.00, 0.00, 3.35, 0, 0, 0
5, 3450272,0.00, 100.00, 0.00, 3.35, 0, 0, 0
6, 3937906,0.00, 100.00, 0.00, 3.35, 0, 0, 0
7, 3108663,0.00, 100.00, 0.00, 3.35, 0, 0, 0
8, 3180129,0.00, 100.00, 0.00, 3.35, 0, 0, 0
9, 3431171,0.00, 100.00, 0.00, 3.35, 0, 0, 0
0, 6054800,0.00, 100.00, 0.00, 3.35, 0, 0, 0
1, 3286974,0.00, 100.00, 0.00, 3.35, 0, 0, 0
2, 3209239,0.00, 100.00, 0.00, 3.35, 0, 0, 0
3, 3590255,0.00, 100.00, 0.00, 3.35, 0, 0, 0
4, 3530304,0.00, 100.00, 0.00, 3.35, 0, 0, 0
5, 3340009,0.00, 100.00, 0.00, 3.35, 0, 0, 0
6, 3832170,0.00, 100.00, 0.00, 3.35, 0, 0, 0
7, 3283882,0.00, 100.00, 0.00, 3.35, 0, 0, 0
8, 3137854,0.00, 100.00, 0.00, 3.35, 0, 0, 0
9, 3219125,0.00, 100.00, 0.00, 3.35, 0, 0, 0
0, 6054800,0.00, 100.00, 0.00, 3.35, 0, 0, 0
1, 3420531,0.00, 100.00, 0.00, 3.35, 0, 0, 0
2, 3475403,0.00, 100.00, 0.00, 3.35, 0, 0, 0
3, 3731040,0.00, 100.00, 0.00, 3.35, 0, 0, 0
4, 3224673,0.00, 100.00, 0.00, 3.35, 0, 0, 0
5, 3502661,0.00, 100.00, 0.00, 3.35, 0, 0, 0
6, 3684521,0.00, 100.00, 0.00, 3.35, 0, 0, 0
7, 3292663,0.00, 100.00, 0.00, 3.35, 0, 0, 0
8, 3247049,0.00, 100.00, 0.00, 3.35, 0, 0, 0
9, 3313767,0.00, 100.00, 0.00, 3.35, 0, 0, 0
0, 6054800,0.00, 100.00, 0.00, 3.35, 0, 0, 0
1, -996461201,0.00, 100.00, 0.00, 3.35, 0, 0, 0
2, 3689207,0.00, 100.00, 0.00, 3.35, 0, 0, 0
3, 3256121,0.00, 100.00, 0.00, 3.35, 0, 0, 0
4, 3162791,0.00, 100.00, 0.00, 3.35, 0, 0, 0
5, 3421014,0.00, 100.00, 0.00, 3.35, 0, 0, 0
6, 3592632,0.00, 100.00, 0.00, 3.35, 0, 0, 0
7, 3501255,0.00, 100.00, 0.00, 3.35, 0, 0, 0
8, 3397466,0.00, 100.00, 0.00, 3.35, 0, 0, 0
9, 3211883,0.00, 100.00, 0.00, 3.35, 0, 0, 0
0, 6054800,0.00, 100.00, 0.00, 3.35, 0, 0, 0
1, 3648575,0.00, 100.00, 0.00, 3.35, 0, 0, 0
2, 3322845,0.00, 100.00, 0.00, 3.35, 0, 0, 0
3, 3184297,0.00, 100.00, 0.00, 3.35, 0, 0, 0
4, 3179958,0.00, 100.00, 0.00, 3.35, 0, 0, 0
5, 3650962,0.00, 100.00, 0.00, 3.35, 0, 0, 0
6, 3314906,0.00, 100.00, 0.00, 3.35, 0, 0, 0
7, 2938557,0.00, 100.00, 0.00, 3.35, 0, 0, 0
8, 2886941,0.00, 100.00, 0.00, 3.35, 0, 0, 0
9, 2799692,0.00, 100.00, 0.00, 3.35, 0, 0, 0
0, 6054800,0.00, 100.00, 0.00, 3.35, 0, 0, 0
1, 3094298,0.00, 100.00, 0.00, 3.35, 0, 0, 0
2, 2812869,0.00, 100.00, 0.00, 3.35, 0, 0, 0
3, 2846825,0.00, 100.00, 0.00, 3.35, 0, 0, 0
4, 2844750,0.00, 100.00, 0.00, 3.35, 0, 0, 0
5, 3314752,0.00, 100.00, 0.00, 3.35, 0, 0, 0
6, 3191265,0.00, 100.00, 0.00, 3.35, 0, 0, 0
7, 2950162,0.00, 100.00, 0.00, 3.35, 0, 0, 0
8, 2877094,0.00, 100.00, 0.00, 3.35, 0, 0, 0
9, 2728124,0.00, 100.00, 0.00, 3.35, 0, 0, 0
0, 6054800,0.00, 100.00, 0.00, 3.35, 0, 0, 0
1, 3233590,0.00, 100.00, 0.00, 3.35, 0, 0, 0
2, 2917736,0.00, 100.00, 0.00, 3.35, 0, 0, 0
3, 2841282,0.00, 100.00, 0.00, 3.35, 0, 0, 0
4, 2846354,0.00, 100.00, 0.00, 3.35, 0, 0, 0
5, 2794747,0.00, 100.00, 0.00, 3.35, 0, 0, 0
6, 2709223,0.00, 100.00, 0.00, 3.35, 0, 0, 0
7, 2838793,0.00, 100.00, 0.00, 3.35, 0, 0, 0
8, 3013351,0.00, 100.00, 0.00, 3.35, 0, 0, 0
9, 2853854,0.00, 100.00, 0.00, 3.35, 0, 0, 0
0, 6054800,0.00, 100.00, 0.00, 3.35, 0, 0, 0
1, 3061427,0.00, 100.00, 0.00, 3.35, 0, 0, 0
2, 3180156,0.00, 100.00, 0.00, 3.35, 0, 0, 0
3, 3156694,0.00, 100.00, 0.00, 3.35, 0, 0, 0
4, 2952881,0.00, 100.00, 0.00, 3.35, 0, 0, 0
5, 3141980,0.00, 100.00, 0.00, 3.35, 0, 0, 0
6, 3081726,0.00, 100.00, 0.00, 3.35, 0, 0, 0
7, 3035353,0.00, 100.00, 0.00, 3.35, 0, 0, 0
8, 2980886,0.00, 100.00, 0.00, 3.35, 0, 0, 0
9, 3141678,0.00, 100.00, 0.00, 3.35, 0, 0, 0
0, 6054800,0.00, 100.00, 0.00, 3.35, 0, 0, 0
1, 3487952,0.00, 100.00, 0.00, 3.35, 0, 0, 0
2, 3384060,0.00, 100.00, 0.00, 3.35, 0, 0, 0
3, 3615318,0.00, 100.00, 0.00, 3.35, 0, 0, 0
4, 3280195,0.00, 100.00, 0.00, 3.35, 0, 0, 0
5, 3165525,0.00, 100.00, 0.00, 3.35, 0, 0, 0
6, 3159080,0.00, 100.00, 0.00, 3.35, 0, 0, 0
7, 3382263,0.00, 100.00, 0.00, 3.35, 0, 0, 0
8, 3309511,0.00, 100.00, 0.00, 3.35, 0, 0, 0
9, 3344881,0.00, 100.00, 0.00, 3.35, 0, 0, 0
0, 6054800,0.00, 100.00, 0.00, 3.35, 0, 0, 0
1, 3537782,0.00, 100.00, 0.00, 3.35, 0, 0, 0
2, 3709765,0.00, 100.00, 0.00, 3.35, 0, 0, 0
3, 3379901,0.00, 100.00, 0.00, 3.35, 0, 0, 0
4, 3236124,0.00, 100.00, 0.00, 3.35, 0, 0, 0
5, 3356218,0.00, 100.00, 0.00, 3.35, 0, 0, 0
6, 3245777,0.00, 100.00, 0.00, 3.35, 0, 0, 0
7, 3239615,0.00, 100.00, 0.00, 3.35, 0, 0, 0
8, 3234177,0.00, 100.00, 0.00, 3.35, 0, 0, 0
9, 3083085,0.00, 100.00, 0.00, 3.35, 0, 0, 0
0, 6054800,0.00, 100.00, 0.00, 3.35, 0, 0, 0
1, 3761932,0.00, 100.00, 0.00, 3.35, 0, 0, 0
2, 3150926,0.00, 100.00, 0.00, 3.35, 0, 0, 0
3, 3440054,0.00, 100.00, 0.00, 3.35, 0, 0, 0
4, 3252990,0.00, 100.00, 0.00, 3.35, 0, 0, 0
5, 3154305,0.00, 100.00, 0.00, 3.35, 0, 0, 0
6, 3227440,0.00, 100.00, 0.00, 3.35, 0, 0, 0
7, 3452932,0.00, 100.00, 0.00, 3.35, 0, 0, 0
8, 3165661,0.00, 100.00, 0.00, 3.35, 0, 0, 0
9, 3416268,0.00, 100.00, 0.00, 3.35, 0, 0, 0
0, 6054800,0.00, 100.00, 0.00, 3.35, 0, 0, 0
1, 3334878,0.00, 100.00, 0.00, 3.35, 0, 0, 0
2, 3050306,0.00, 100.00, 0.00, 3.35, 0, 0, 0
3, 3406879,0.00, 100.00, 0.00, 3.35, 0, 0, 0
4, 3444246,0.00, 100.00, 0.00, 3.35, 0, 0, 0
5, 3235203,0.00, 100.00, 0.00, 3.35, 0, 0, 0
6, 3241261,0.00, 100.00, 0.00, 3.35, 0, 0, 0
7, 3102915,0.00, 100.00, 0.00, 3.35, 0, 0, 0
8, 3074469,0.00, 100.00, 0.00, 3.35, 0, 0, 0
9, 3076673,0.00, 100.00, 0.00, 3.35, 0, 0, 0
0, 6054800,0.00, 100.00, 0.00, 3.35, 0, 0, 0
1, 3426248,0.00, 100.00, 0.00, 3.35, 0, 0, 0
2, 3182184,0.00, 100.00, 0.00, 3.35, 0, 0, 0
3, 3374407,0.00, 100.00, 0.00, 3.35, 0, 0, 0
4, 3620146,0.00, 100.00, 0.00, 3.35, 0, 0, 0
5, 3403261,0.00, 100.00, 0.00, 3.35, 0, 0, 0
6, 3197592,0.00, 100.00, 0.00, 3.35, 0, 0, 0
7, 3205348,0.00, 100.00, 0.00, 3.35, 0, 0, 0
8, 3147466,0.00, 100.00, 0.00, 3.35, 0, 0, 0
9, 3543030,0.00, 100.00, 0.00, 3.35, 0, 0, 0
0, 6054800,0.00, 100.00, 0.00, 3.35, 0, 0, 0
1, 3598594,0.00, 100.00, 0.00, 3.35, 0, 0, 0
2, 3246906,0.00, 100.00, 0.00, 3.35, 0, 0, 0
3, 3598503,0.00, 100.00, 0.00, 3.35, 0, 0, 0
4, 3481658,0.00, 100.00, 0.00, 3.35, 0, 0, 0
5, 3371292,0.00, 100.00, 0.00, 3.35, 0, 0, 0
6, 3407755,0.00, 100.00, 0.00, 3.35, 0, 0, 0
7, 3243881,0.00, 100.00, 0.00, 3.35, 0, 0, 0
8, 3478005,0.00, 100.00, 0.00, 3.35, 0, 0, 0
9, 3827749,0.00, 100.00, 0.00, 3.35, 0, 0, 0
0, 6054800,0.00, 100.00, 0.00, 3.35, 0, 0, 0
1, 3309896,0.00, 100.00, 0.00, 3.35, 0, 0, 0
2, 3209144,0.00, 100.00, 0.00, 3.35, 0, 0, 0
3, 3489711,0.00, 100.00, 0.00, 3.35, 0, 0, 0
4, 3322548,0.00, 100.00, 0.00, 3.35, 0, 0, 0
5, 3536874,0.00, 100.00, 0.00, 3.35, 0, 0, 0
6, 3405094,0.00, 100.00, 0.00, 3.35, 0, 0, 0
7, 3533987,0.00, 100.00, 0.00, 3.35, 0, 0, 0
8, 3772081,0.00, 100.00, 0.00, 3.35, 0, 0, 0
9, 3356830,0.00, 100.00, 0.00, 3.35, 0, 0, 0
0, 6054800,0.00, 100.00, 0.00, 3.35, 0, 0, 0
1, 3385898,0.00, 100.00, 0.00, 3.35, 0, 0, 0
2, 3276656,0.00, 100.00, 0.00, 3.35, 0, 0, 0
3, 4135446,0.00, 100.00, 0.00, 3.35, 0, 0, 0
4, 3325347,0.00, 100.00, 0.00, 3.35, 0, 0, 0
5, 3083744,0.00, 100.00, 0.00, 3.35, 0, 0, 0
6, 3242955,0.00, 100.00, 0.00, 3.35, 0, 0, 0
7, 4137199,0.00, 100.00, 0.00, 3.35, 0, 0, 0
8, 3988877,0.00, 100.00, 0.00, 3.35, 0, 0, 0
9, 3287225,0.00, 100.00, 0.00, 3.35, 0, 0, 0
0, 6054800,0.00, 100.00, 0.00, 3.35, 0, 0, 0
1, 3280751,0.00, 100.00, 0.00, 3.35, 0, 0, 0
2, 3178779,0.00, 100.00, 0.00, 3.35, 0, 0, 0
3, 3064679,0.00, 100.00, 0.00, 3.35, 0, 0, 0
4, 3109714,0.00, 100.00, 0.00, 3.35, 0, 0, 0
5, 3325550,0.00, 100.00, 0.00, 3.35, 0, 0, 0
6, 3522627,0.00, 100.00, 0.00, 3.35, 0, 0, 0
7, 3433089,0.00, 100.00, 0.00, 3.35, 0, 0, 0
8, 3341746,0.00, 100.00, 0.00, 3.35, 0, 0, 0
9, 3149660,0.00, 100.00, 0.00, 3.35, 0, 0, 0
0, 6054800,0.00, 100.00, 0.00, 3.35, 0, 0, 0
1, 3341775,0.00, 100.00, 0.00, 3.35, 0, 0, 0
2, 3309011,0.00, 100.00, 0.00, 3.35, 0, 0, 0
3, 3134692,0.00, 100.00, 0.00, 3.35, 0, 0, 0
4, 3117120,0.00, 100.00, 0.00, 3.35, 0, 0, 0
5, 3471334,0.00, 100.00, 0.00, 3.35, 0, 0, 0
6, 3473354,0.00, 100.00, 0.00, 3.35, 0, 0, 0
7, 3448854,0.00, 100.00, 0.00, 3.35, 0, 0, 0
8, 3195152,0.00, 100.00, 0.00, 3.35, 0, 0, 0
9, 3128098,0.00, 100.00, 0.00, 3.35, 0, 0, 0
0, 6054800,0.00, 100.00, 0.00, 3.35, 0, 0, 0
1, 3453417,0.00, 100.00, 0.00, 3.35, 0, 0, 0
2, 3271428,0.00, 100.00, 0.00, 3.35, 0, 0, 0
3, 3263296,0.00, 100.00, 0.00, 3.35, 0, 0, 0
4, 3599683,0.00, 100.00, 0.00, 3.35, 0, 0, 0
5, 3472912,0.00, 100.00, 0.00, 3.35, 0, 0, 0
6, 3161021,0.00, 100.00, 0.00, 3.35, 0, 0, 0
7, 3293534,0.00, 100.00, 0.00, 3.35, 0, 0, 0
8, 3402863,0.00, 100.00, 0.00, 3.35, 0, 0, 0
9, 3562019,0.00, 100.00, 0.00, 3.35, 0, 0, 0
0, 6054800,0.00, 100.00, 0.00, 3.35, 0, 0, 0
1, 3326431,0.00, 100.00, 0.00, 3.35, 0, 0, 0
2, 3258440,0.00, 100.00, 0.00, 3.35, 0, 0, 0
3, 3374589,0.00, 100.00, 0.00, 3.35, 0, 0, 0
4, 3599779,0.00, 100.00, 0.00, 3.35, 0, 0, 0
5, 3345827,0.00, 100.00, 0.00, 3.35, 0, 0, 0
6, 3212044,0.00, 100.00, 0.00, 3.35, 0, 0, 0
7, 3472206,0.00, 100.00, 0.00, 3.35, 0, 0, 0
8, 3342268,0.00, 100.00, 0.00, 3.35, 0, 0, 0
9, 3432510,0.00, 100.00, 0.00, 3.35, 0, 0, 0
0, 6054800,0.00, 100.00, 0.00, 3.35, 0, 0, 0
1, 3337107,0.00, 100.00, 0.00, 3.35, 0, 0, 0
2, 3357475,0.00, 100.00, 0.00, 3.35, 0, 0, 0
3, 3486492,0.00, 100.00, 0.00, 3.35, 0, 0, 0
4, 3565169,0.00, 100.00, 0.00, 3.35, 0, 0, 0
5, 3222284,0.00, 100.00, 0.00, 3.35, 0, 0, 0
6, 3423445,0.00, 100.00, 0.00, 3.35, 0, 0, 0
7, 3969548,0.00, 100.00, 0.00, 3.35, 0, 0, 0
8, 3499757,0.00, 100.00, 0.00, 3.35, 0, 0, 0
9, 3246738,0.00, 100.00, 0.00, 3.35, 0, 0, 0
0, 6054800,0.00, 100.00, 0.00, 3.35, 0, 0, 0
1, 3149131,0.00, 100.00, 0.00, 3.35, 0, 0, 0
2, 3465645,0.00, 100.00, 0.00, 3.35, 0, 0, 0
3, 3875896,0.00, 100.00, 0.00, 3.35, 0, 0, 0
4, 3390625,0.00, 100.00, 0.00, 3.35, 0, 0, 0
5, 3235189,0.00, 100.00, 0.00, 3.35, 0, 0, 0
6, 3278069,0.00, 100.00, 0.00, 3.35, 0, 0, 0
7, 3396949,0.00, 100.00, 0.00, 3.35, 0, 0, 0
8, 3225348,0.00, 100.00, 0.00, 3.35, 0, 0, 0
9, 3147698,0.00, 100.00, 0.00, 3.35, 0, 0, 0
0, 6054800,0.00, 100.00, 0.00, 3.35, 0, 0, 0
1, 3655596,0.00, 100.00, 0.00, 3.35, 0, 0, 0
2, 3576967,0.00, 100.00, 0.00, 3.35, 0, 0, 0
3, 3488100,0.00, 100.00, 0.00, 3.35, 0, 0, 0
4, 3365443,0.00, 100.00, 0.00, 3.35, 0, 0, 0
5, 3065828,0.00, 100.00, 0.00, 3.35, 0, 0, 0
6, 3352065,0.00, 100.00, 0.00, 3.35, 0, 0, 0
7, 3327701,0.00, 100.00, 0.00, 3.35, 0, 0, 0
8, 3459049,0.00, 100.00, 0.00, 3.35, 0, 0, 0
9, 3320755,0.00, 100.00, 0.00, 3.35, 0, 0, 0
0, 6054800,0.00, 100.00, 0.00, 3.35, 0, 0, 0
1, 3742687,0.00, 100.00, 0.00, 3.35, 0, 0, 0
2, 3205642,0.00, 100.00, 0.00, 3.35, 0, 0, 0
3, 3114722,0.00, 100.00, 0.00, 3.35, 0, 0, 0
4, 3174726,0.00, 100.00, 0.00, 3.35, 0, 0, 0
5, 3313780,0.00, 100.00, 0.00, 3.35, 0, 0, 0
6, 3271734,0.00, 100.00, 0.00, 3.35, 0, 0, 0
7, 3178116,0.00, 100.00, 0.00, 3.35, 0, 0, 0
8, 3601192,0.00, 100.00, 0.00, 3.35, 0, 0, 0
9, 3194047,0.00, 100.00, 0.00, 3.35, 0, 0, 0
0, 6054800,0.00, 100.00, 0.00, 3.35, 0, 0, 0
1, 3712103,0.00, 100.00, 0.00, 3.35, 0, 0, 0
2, 3763754,0.00, 100.00, 0.00, 3.35, 0, 0, 0
3, 3365037,0