Thu Nov 22 16:21:56 2018
StepTime, x, v, f, xdes, vdes, fdes, cmd, IR, LSB, LSF
0, 5702953,0.00, 60.00, 0.00, 2.41, 0, 0, 0
1, 3505881,0.00, 60.00, 0.00, 2.41, 0, 0, 0
2, 3594509,0.00, 60.00, 0.00, 2.41, 0, 0, 0
3, 3504326,0.00, 60.00, 0.00, 2.41, 0, 0, 0
4, 3519413,0.00, 60.00, 0.00, 2.41, 0, 0, 0
5, 3607012,0.00, 60.00, 0.00, 2.41, 0, 0, 0
6, 3535745,0.00, 60.00, 0.00, 2.41, 0, 0, 0
7, 3542548,0.00, 60.00, 0.00, 2.41, 0, 0, 0
8, 3505555,0.00, 60.00, 0.00, 2.41, 0, 0, 0
9, 3641359,0.00, 60.00, 0.00, 2.41, 0, 0, 0
0, 3600643,0.00, 60.00, 0.00, 2.41, 0, 0, 0
1, 3609034,0.00, 60.00, 0.00, 2.41, 0, 0, 0
2, 3597742,0.00, 60.00, 0.00, 2.41, 0, 0, 0
3, 3596218,0.00, 60.00, 0.00, 2.41, 0, 0, 0
4, 3593516,0.00, 60.00, 0.00, 2.41, 0, 0, 0
5, 3585330,0.00, 60.00, 0.00, 2.41, 0, 0, 0
6, 3584534,0.00, 60.00, 0.00, 2.41, 0, 0, 0
7, 3585763,0.00, 60.00, 0.00, 2.41, 0, 0, 0
8, 3580485,0.00, 60.00, 0.00, 2.41, 0, 0, 0
9, 3581440,0.00, 60.00, 0.00, 2.41, 0, 0, 0
0, 3582625,0.00, 60.00, 0.00, 2.41, 0, 0, 0
1, 3583190,0.00, 60.00, 0.00, 2.41, 0, 0, 0
2, 3567187,0.00, 60.00, 0.00, 2.41, 0, 0, 0
3, 3592551,0.00, 60.00, 0.00, 2.41, 0, 0, 0
4, 3518676,0.00, 60.00, 0.00, 2.41, 0, 0, 0
5, 3517791,0.00, 60.00, 0.00, 2.41, 0, 0, 0
6, 3607434,0.00, 60.00, 0.00, 2.41, 0, 0, 0
7, 3595758,0.00, 60.00, 0.00, 2.41, 0, 0, 0
8, 3599231,0.00, 60.00, 0.00, 2.41, 0, 0, 0
9, 3545971,0.00, 60.00, 0.00, 2.41, 0, 0, 0
0, 3602783,0.00, 60.00, 0.00, 2.41, 0, 0, 0
1, 3592051,0.00, 60.00, 0.00, 2.41, 0, 0, 0
2, 3583348,0.00, 60.00, 0.00, 2.41, 0, 0, 0
3, 3567440,0.00, 60.00, 0.00, 2.41, 0, 0, 0
4, 3517033,0.00, 60.00, 0.00, 2.41, 0, 0, 0
5, 3570672,0.00, 60.00, 0.00, 2.41, 0, 0, 0
6, 3517522,0.00, 60.00, 0.00, 2.41, 0, 0, 0
7, 3516993,0.00, 60.00, 0.00, 2.41, 0, 0, 0
8, 3516168,0.00, 60.00, 0.00, 2.41, 0, 0, 0
9, 3575354,0.00, 60.00, 0.00, 2.41, 0, 0, 0
0, 3513250,0.00, 60.00, 0.00, 2.41, 0, 0, 0
1, 3528890,0.00, 60.00, 0.00, 2.41, 0, 0, 0
2, 3522541,0.00, 60.00, 0.00, 2.41, 0, 0, 0
3, 3521708,0.00, 60.00, 0.00, 2.41, 0, 0, 0
4, 3522813,0.00, 60.00, 0.00, 2.41, 0, 0, 0
5, 3523042,0.00, 60.00, 0.00, 2.41, 0, 0, 0
6, 3521301,0.00, 60.00, 0.00, 2.41, 0, 0, 0
7, 3516274,0.00, 60.00, 0.00, 2.41, 0, 0, 0
8, 3523078,0.00, 60.00, 0.00, 2.41, 0, 0, 0
9, 3530755,0.00, 60.00, 0.00, 2.41, 0, 0, 0
0, 3542316,0.00, 60.00, 0.00, 2.41, 0, 0, 0
1, 3541700,0.00, 60.00, 0.00, 2.41, 0, 0, 0
2, 3531825,0.00, 60.00, 0.00, 2.41, 0, 0, 0
3, 3511308,0.00, 60.00, 0.00, 2.41, 0, 0, 0
4, 3583848,0.00, 60.00, 0.00, 2.41, 0, 0, 0
5, 3512528,0.00, 60.00, 0.00, 2.41, 0, 0, 0
6, 3613953,0.00, 60.00, 0.00, 2.41, 0, 0, 0
7, 3511691,0.00, 60.00, 0.00, 2.41, 0, 0, 0
8, 3582701,0.00, 60.00, 0.00, 2.41, 0, 0, 0
9, 3581246,0.00, 60.00, 0.00, 2.41, 0, 0, 0
0, 3523459,0.00, 60.00, 0.00, 2.41, 0, 0, 0
1, 3506495,0.00, 60.00, 0.00, 2.41, 0, 0, 0
2, 3566592,0.00, 60.00, 0.00, 2.41, 0, 0, 0
3, 3575318,0.00, 60.00, 0.00, 2.41, 0, 0, 0
4, 3508723,0.00, 60.00, 0.00, 2.41, 0, 0, 0
5, 3607700,0.00, 60.00, 0.00, 2.41, 0, 0, 0
6, 3506694,0.00, 60.00, 0.00, 2.41, 0, 0, 0
7, 3582876,0.00, 60.00, 0.00, 2.41, 0, 0, 0
8, 3583173,0.00, 60.00, 0.00, 2.41, 0, 0, 0
9, 3553680,0.00, 60.00, 0.00, 2.41, 0, 0, 0
0, 3510637,0.00, 60.00, 0.00, 2.41, 0, 0, 0
1, 3564411,0.00, 60.00, 0.00, 2.41, 0, 0, 0
2, 3606027,0.00, 60.00, 0.00, 2.41, 0, 0, 0
3, 3516585,0.00, 60.00, 0.00, 2.41, 0, 0, 0
4, 3522042,0.00, 60.00, 0.00, 2.41, 0, 0, 0
5, 3518808,0.00, 60.00, 0.00, 2.41, 0, 0, 0
6, 3518412,0.00, 60.00, 0.00, 2.41, 0, 0, 0
7, 3519145,0.00, 60.00, 0.00, 2.41, 0, 0, 0
8, 3519625,0.00, 60.00, 0.00, 2.41, 0, 0, 0
9, 3527000,0.00, 60.00, 0.00, 2.41, 0, 0, 0
0, 3517282,0.00, 60.00, 0.00, 2.41, 0, 0, 0
1, 3512456,0.00, 60.00, 0.00, 2.41, 0, 0, 0
2, 3510366,0.00, 60.00, 0.00, 2.41, 0, 0, 0
3, 3510471,0.00, 60.00, 0.00, 2.41, 0, 0, 0
4, 3508537,0.00, 60.00, 0.00, 2.41, 0, 0, 0
5, 3518385,0.00, 60.00, 0.00, 2.41, 0, 0, 0
6, 3517541,0.00, 60.00, 0.00, 2.41, 0, 0, 0
7, 3505928,0.00, 60.00, 0.00, 2.41, 0, 0, 0
8, 3505477,0.00, 60.00, 0.00, 2.41, 0, 0, 0
9, 3502749,0.00, 60.00, 0.00, 2.41, 0, 0, 0
0, 3502730,0.00, 60.00, 0.00, 2.41, 0, 0, 0
1, 3502375,0.00, 60.00, 0.00, 2.41, 0, 0, 0
2, 3504062,0.00, 60.00, 0.00, 2.41, 0, 0, 0
3, 3509426,0.00, 60.00, 0.00, 2.41, 0, 0, 0
4, 3544724,0.00, 60.00, 0.00, 2.41, 0, 0, 0
5, 3507007,0.00, 60.00, 0.00, 2.41, 0, 0, 0
6, 3503621,0.00, 60.00, 0.00, 2.41, 0, 0, 0
7, 3502337,0.00, 60.00, 0.00, 2.41, 0, 0, 0
8, 3504377,0.00, 60.00, 0.00, 2.41, 0, 0, 0
9, 3502457,0.00, 60.00, 0.00, 2.41, 0, 0, 0
0, 3502359,0.00, 60.00, 0.00, 2.41, 0, 0, 0
1, 3502498,0.00, 60.00, 0.00, 2.41, 0, 0, 0
2, 3502403,0.00, 60.00, 0.00, 2.41, 0, 0, 0
3, 3502480,0.00, 60.00, 0.00, 2.41, 0, 0, 0
4, 3501962,0.00, 60.00, 0.00, 2.41, 0, 0, 0
5, 3505441,0.00, 60.00, 0.00, 2.41, 0, 0, 0
6, 3595850,0.00, 60.00, 0.00, 2.41, 0, 0, 0
7, 3947510,0.00, 60.00, 0.00, 2.41, 0, 0, 0
8, 3600899,0.00, 60.00, 0.00, 2.41, 0, 0, 0
9, 3533391,0.00, 60.00, 0.00, 2.41, 0, 0, 0
0, 3606853,0.00, 60.00, 0.00, 2.41, 0, 0, 0
1, 3610697,0.00, 60.00, 0.00, 2.41, 0, 0, 0
2, 3603084,0.00, 60.00, 0.00, 2.41, 0, 0, 0
3, 3521981,0.00, 60.00, 0.00, 2.41, 0, 0, 0
4, 3503503,0.00, 60.00, 0.00, 2.41, 0, 0, 0
5, 3504652,0.00, 60.00, 0.00, 2.41, 0, 0, 0
6, 3506083,0.00, 60.00, 0.00, 2.41, 0, 0, 0
7, 3612805,0.00, 60.00, 0.00, 2.41, 0, 0, 0
8, 3624841,0.00, 60.00, 0.00, 2.41, 0, 0, 0
9, 3603240,0.00, 60.00, 0.00, 2.41, 0, 0, 0
0, 3534484,0.00, 60.00, 0.00, 2.41, 0, 0, 0
1, 3552765,0.00, 60.00, 0.00, 2.41, 0, 0, 0
2, 3504929,0.00, 60.00, 0.00, 2.41, 0, 0, 0
3, 3505655,0.00, 60.00, 0.00, 2.41, 0, 0, 0
4, 3540034,0.00, 60.00, 0.00, 2.41, 0, 0, 0
5, 3504943,0.00, 60.00, 0.00, 2.41, 0, 0, 0
6, 3600934,0.00, 60.00, 0.00, 2.41, 0, 0, 0
7, 3585648,0.00, 60.00, 0.00, 2.41, 0, 0, 0
8, 3611357,0.00, 60.00, 0.00, 2.41, 0, 0, 0
9, 3504219,0.00, 60.00, 0.00, 2.41, 0, 0, 0
0, 3507722,0.00, 60.00, 0.00, 2.41, 0, 0, 0
1, 3505749,0.00, 60.00, 0.00, 2.41, 0, 0, 0
2, 3506483,0.00, 60.00, 0.00, 2.41, 0, 0, 0
3, 3508111,0.00, 60.00, 0.00, 2.41, 0, 0, 0
4, 3544408,0.00, 60.00, 0.00, 2.41, 0, 0, 0
5, 3547290,0.00, 60.00, 0.00, 2.41, 0, 0, 0
6, 3516163,0.00, 60.00, 0.00, 2.41, 0, 0, 0
7, 3605866,0.00, 60.00, 0.00, 2.41, 0, 0, 0
8, 3607026,0.00, 60.00, 0.00, 2.41, 0, 0, 0
9, 3614768,0.00, 60.00, 0.00, 2.41, 0, 0, 0
0, 3577529,0.00, 60.00, 0.00, 2.41, 0, 0, 0
1, 3739502,0.00, 60.00, 0.00, 2.41, 0, 0, 0
2, 3505054,0.00, 60.00, 0.00, 2.41, 0, 0, 0
3, 3587813,0.00, 60.00, 0.00, 2.41, 0, 0, 0
4, 3508111,0.00, 60.00, 0.00, 2.41, 0, 0, 0
5, 3540486,0.00, 60.00, 0.00, 2.41, 0, 0, 0
6, 3503680,0.00, 60.00, 0.00, 2.41, 0, 0, 0
7, 3606013,0.00, 60.00, 0.00, 2.41, 0, 0, 0
8, 3608117,0.00, 60.00, 0.00, 2.41, 0, 0, 0
9, 3587398,0.00, 60.00, 0.00, 2.41, 0, 0, 0
0, 3504220,0.00, 60.00, 0.00, 2.41, 0, 0, 0
1, 3604939,0.00, 60.00, 0.00, 2.41, 0, 0, 0
2, 3603099,0.00, 60.00, 0.00, 2.41, 0, 0, 0
3, 3597375,0.00, 60.00, 0.00, 2.41, 0, 0, 0
4, 3537730,0.00, 60.00, 0.00, 2.41, 0, 0, 0
5, 3557757,0.00, 60.00, 0.00, 2.41, 0, 0, 0
6, 3526479,0.00, 60.00, 0.00, 2.41, 0, 0, 0
7, 3507334,0.00, 60.00, 0.00, 2.41, 0, 0, 0
8, 3512539,0.00, 60.00, 0.00, 2.41, 0, 0, 0
9, 3505802,0.00, 60.00, 0.00, 2.41, 0, 0, 0
0, 3612466,0.00, 60.00, 0.00, 2.41, 0, 0, 0
1, 3564572,0.00, 60.00, 0.00, 2.41, 0, 0, 0
2, 3590890,0.00, 60.00, 0.00, 2.41, 0, 0, 0
3, 3538180,0.00, 60.00, 0.00, 2.41, 0, 0, 0
4, 3552948,0.00, 60.00, 0.00, 2.41, 0, 0, 0
5, 3593710,0.00, 60.00, 0.00, 2.41, 0, 0, 0
6, 3581440,0.00, 60.00, 0.00, 2.41, 0, 0, 0
7, 3592986,0.00, 60.00, 0.00, 2.41, 0, 0, 0
8, 3570974,0.00, 60.00, 0.00, 2.41, 0, 0, 0
9, 3602313,0.00, 60.00, 0.00, 2.41, 0, 0, 0
0, 3545785,0.00, 60.00, 0.00, 2.41, 0, 0, 0
1, 3602993,0.00, 60.00, 0.00, 2.41, 0, 0, 0
2, 3507690,0.00, 60.00, 0.00, 2.41, 0, 0, 0
3, 3589815,0.00, 60.00, 0.00, 2.41, 0, 0, 0
4, 3596792,0.00, 60.00, 0.00, 2.41, 0, 0, 0
5, 3591750,0.00, 60.00, 0.00, 2.41, 0, 0, 0
6, 3601570,0.00, 60.00, 0.00, 2.41, 0, 0, 0
7, 3598712,0.00, 60.00, 0.00, 2.41, 0, 0, 0
8, 3593748,0.00, 60.00, 0.00, 2.41, 0, 0, 0
9, 3609891,0.00, 60.00, 0.00, 2.41, 0, 0, 0
0, 3580371,0.00, 60.00, 0.00, 2.41, 0, 0, 0
1, 3519015,0.00, 60.00, 0.00, 2.41, 0, 0, 0
2, 3581976,0.00, 60.00, 0.00, 2.41, 0, 0, 0
3, 3524278,0.00, 60.00, 0.00, 2.41, 0, 0, 0
4, 3517378,0.00, 60.00, 0.00, 2.41, 0, 0, 0
5, 3581998,0.00, 60.00, 0.00, 2.41, 0, 0, 0
6, 3589381,0.00, 60.00, 0.00, 2.41, 0, 0, 0
7, 3586441,0.00, 60.00, 0.00, 2.41, 0, 0, 0
8, 3514891,0.00, 60.00, 0.00, 2.41, 0, 0, 0
9, 3526647,0.00, 60.00, 0.00, 2.41, 0, 0, 0
0, 3530074,0.00, 60.00, 0.00, 2.41, 0, 0, 0
1, 3573483,0.00, 60.00, 0.00, 2.41, 0, 0, 0
2, 3545993,0.00, 60.00, 0.00, 2.41, 0, 0, 0
3, 3625050,0.00, 60.00, 0.00, 2.41, 0, 0, 0
4, 3571390,0.00, 60.00, 0.00, 2.41, 0, 0, 0
5, 3516642,0.00, 60.00, 0.00, 2.41, 0, 0, 0
6, 3519066,0.00, 60.00, 0.00, 2.41, 0, 0, 0
7, 3517346,0.00, 60.00, 0.00, 2.41, 0, 0, 0
8, 3524201,0.00, 60.00, 0.00, 2.41, 0, 0, 0
9, 3513478,0.00, 60.00, 0.00, 2.41, 0, 0, 0
0, 3515625,0.00, 60.00, 0.00, 2.41, 0, 0, 0
1, 3513878,0.00, 60.00, 0.00, 2.41, 0, 0, 0
2, 3531740,0.00, 60.00, 0.00, 2.41, 0, 0, 0
3, 3545723,0.00, 60.00, 0.00, 2.41, 0, 0, 0
4, 3579627,0.00, 60.00, 0.00, 2.41, 0, 0, 0
5, 3515400,0.00, 60.00, 0.00, 2.41, 0, 0, 0
6, 3515425,0.00, 60.00, 0.00, 2.41, 0, 0, 0
7, 3520945,0.00, 60.00, 0.00, 2.41, 0, 0, 0
8, 3586980,0.00, 60.00, 0.00, 2.41, 0, 0, 0
9, 3515564,0.00, 60.00, 0.00, 2.41, 0, 0, 0
0, 3518081,0.00, 60.00, 0.00, 2.41, 0, 0, 0
1, 3520193,0.00, 60.00, 0.00, 2.41, 0, 0, 0
2, 3726213,0.00, 60.00, 0.00, 2.41, 0, 0, 0
3, 3513365,0.00, 60.00, 0.00, 2.41, 0, 0, 0
4, 3557416,0.00, 60.00, 0.00, 2.41, 0, 0, 0
5, 3543892,0.00, 60.00, 0.00, 2.41, 0, 0, 0
6, 3526880,0.00, 60.00, 0.00, 2.41, 0, 0, 0
7, 3520078,0.00, 60.00, 0.00, 2.41, 0, 0, 0
8, 3515661,0.00, 60.00, 0.00, 2.41, 0, 0, 0
9, 3520192,0.00, 60.00, 0.00, 2.41, 0, 0, 0
0, 3515986,0.00, 60.00, 0.00, 2.41, 0, 0, 0
1, 3513714,0.00, 60.00, 0.00, 2.41, 0, 0, 0
2, 3579850,0.00, 60.00, 0.00, 2.41, 0, 0, 0
3, 3529535,0.00, 60.00, 0.00, 2.41, 0, 0, 0
4, 3523373,0.00, 60.00, 0.00, 2.41, 0, 0, 0
5, 3563888,0.00, 60.00, 0.00, 2.41, 0, 0, 0
6, 3515374,0.00, 60.00, 0.00, 2.41, 0, 0, 0
7, 3516824,0.00, 60.00, 0.00, 2.41, 0, 0, 0
8, 3623195,0.00, 60.00, 0.00, 2.41, 0, 0, 0
9, 3521686,0.00, 60.00, 0.00, 2.41, 0, 0, 0
0, 3512357,0.00, 60.00, 0.00, 2.41, 0, 0, 0
1, 3515153,0.00, 60.00, 0.00, 2.41, 0, 0, 0
2, 3516773,0.00, 60.00, 0.00, 2.41, 0, 0, 0
3, 3504934,0.00, 60.00, 0.00, 2.41, 0, 0, 0
4, 3563205,0.00, 60.00, 0.00, 2.41, 0, 0, 0
5, 3598500,0.00, 60.00, 0.00, 2.41, 0, 0, 0
6, 3519125,0.00, 60.00, 0.00, 2.41, 0, 0, 0
7, 3514906,0.00, 60.00, 0.00, 2.41, 0, 0, 0
8, 3537800,0.00, 60.00, 0.00, 2.41, 0, 0, 0
9, 3674406,0.00, 60.00, 0.00, 2.41, 0, 0, 0
0, 3728755,0.00, 60.00, 0.00, 2.41, 0, 0, 0
1, 3690274,0.00, 60.00, 0.00, 2.41, 0, 0, 0
2, 3542832,0.00, 60.00, 0.00, 2.41, 0, 0, 0
3, 3584163,0.00, 60.00, 0.00, 2.41, 0, 0, 0
4, 3516299,0.00, 60.00, 0.00, 2.41, 0, 0, 0
5, 3516524,0.00, 60.00, 0.00, 2.41, 0, 0, 0
6, 3578327,0.00, 60.00, 0.00, 2.41, 0, 0, 0
7, 3594205,0.00, 60.00, 0.00, 2.41, 0, 0, 0
8, 3516260,0.00, 60.00, 0.00, 2.41, 0, 0, 0
9, 3507297,0.00, 60.00, 0.00, 2.41, 0, 0, 0
0, 3516797,0.00, 60.00, 0.00, 2.41, 0, 0, 0
1, 3592306,0.00, 60.00, 0.00, 2.41, 0, 0, 0
2, 3515958,0.00, 60.00, 0.00, 2.41, 0, 0, 0
3, 3516809,0.00, 60.00, 0.00, 2.41, 0, 0, 0
4, 3520745,0.00, 60.00, 0.00, 2.41, 0, 0, 0
5, 3515695,0.00, 60.00, 0.00, 2.41, 0, 0, 0
6, 3516735,0.00, 60.00, 0.00, 2.41, 0, 0, 0
7, 3517903,0.00, 60.00, 0.00, 2.41, 0, 0, 0
8, 3517218,0.00, 60.00, 0.00, 2.41, 0, 0, 0
9, 3513250,0.00, 60.00, 0.00, 2.41, 0, 0, 0
0, 3543275,0.00, 60.00, 0.00, 2.41, 0, 0, 0
1, 3594205,0.00, 60.00, 0.00, 2.41, 0, 0, 0
2, 3552405,0.00, 60.00, 0.00, 2.41, 0, 0, 0
3, 3555640,0.00, 60.00, 0.00, 2.41, 0, 0, 0
4, 3571315,0.00, 60.00, 0.00, 2.41, 0, 0, 0
5, 3520432,0.00, 60.00, 0.00, 2.41, 0, 0, 0
6, 3517489,0.00, 60.00, 0.00, 2.41, 0, 0, 0
7, 3547518,0.00, 60.00, 0.00, 2.41, 0, 0, 0
8, 3823775,0.00, 60.00, 0.00, 2.41, 0, 0, 0
9, 3552120,0.00, 60.00, 0.00, 2.41, 0, 0, 0
0, 3511112,0.00, 60.00, 0.00, 2.41, 0, 0, 0
1, 3511847,0.00, 60.00, 0.00, 2.41, 0, 0, 0
2, 3508929,0.00, 60.00, 0.00, 2.41, 0, 0, 0
3, 3542198,0.00, 60.00, 0.00, 2.41, 0, 0, 0
4, 3506838,0.00, 60.00, 0.00, 2.41, 0, 0, 0
5, 3579544,0.00, 60.00, 0.00, 2.41, 0, 0, 0
6, 3607446,0.00, 60.00, 0.00, 2.41, 0, 0, 0
7, -996362862,0.00, 60.00, 0.00, 2.41, 0, 0, 0
8, 3506686,0.00, 60.00, 0.00, 2.41, 0, 0, 0
9, 3507786,0.00, 60.00, 0.00, 2.41, 0, 0, 0
0, 3507974,0.00, 60.00, 0.00, 2.41, 0, 0, 0
1, 3530149,0.00, 60.00, 0.00, 2.41, 0, 0, 0
2, 3507518,0.00, 60.00, 0.00, 2.41, 0, 0, 0
3, 3510956,0.00, 60.00, 0.00, 2.41, 0, 0, 0
4, 3504543,0.00, 60.00, 0.00, 2.41, 0, 0, 0
5, 3505999,0.00, 60.00, 0.00, 2.41, 0, 0, 0
6, 3507372,0.00, 60.00, 0.00, 2.41, 0, 0, 0
7, 3505895,0.00, 60.00, 0.00, 2.41, 0, 0, 0
8, 3599596,0.00, 60.00, 0.00, 2.41, 0, 0, 0
9, 3600220,0.00, 60.00, 0.00, 2.41, 0, 0, 0
0, 3505862,0.00, 60.00, 0.00, 2.41, 0, 0, 0
1, 3505319,0.00, 60.00, 0.00, 2.41, 0, 0, 0
2, 3536441,0.00, 60.00, 0.00, 2.41, 0, 0, 0
3, 3536894,0.00, 60.00, 0.00, 2.41, 0, 0, 0
4, 3507869,0.00, 60.00, 0.00, 2.41, 0, 0, 0
5, 3572630,0.00, 60.00, 0.00, 2.41, 0, 0, 0
6, 3551312,0.00, 60.00, 0.00, 2.41, 0, 0, 0
7, 3585997,0.00, 60.00, 0.00, 2.41, 0, 0, 0
8, 3607271,0.00, 60.00, 0.00, 2.41, 0, 0, 0
9, 3504068,0.00, 60.00, 0.00, 2.41, 0, 0, 0
0, 3510557,0.00, 60.00, 0.00, 2.41, 0, 0, 0
1, 3504426,0.00, 60.00, 0.00, 2.41, 0, 0, 0
2, 3608714,0.00, 60.00, 0.00, 2.41, 0, 0, 0
3, 3614044,0.00, 60.00, 0.00, 2.41, 0, 0, 0
4, 3533848,0.00, 60.00, 0.00, 2.41, 0, 0, 0
5, 3508262,0.00, 60.00, 0.00, 2.41, 0, 0, 0
6, 3602452,0.00, 60.00, 0.00, 2.41, 0, 0, 0
7, 3606183,0.00, 60.00, 0.00, 2.41, 0, 0, 0
8, 3507850,0.00, 60.00, 0.00, 2.41, 0, 0, 0
9, 3540914,0.00, 60.00, 0.00, 2.41, 0, 0, 0
0, 3504784,0.00, 60.00, 0.00, 2.41, 0, 0, 0
1, 3606331,0.00, 60.00, 0.00, 2.41, 0, 0, 0
2, 3606092,0.00, 60.00, 0.00, 2.41, 0, 0, 0
3, 3504251,0.00, 60.00, 0.00, 2.41, 0, 0, 0
4, 3558162,0.00, 60.00, 0.00, 2.41, 0, 0, 0
5, 3587854,0.00, 60.00, 0.00, 2.41, 0, 0, 0
6, 3605794,0.00, 60.00, 0.00, 2.41, 0, 0, 0
7, 3608718,0.00, 60.00, 0.00, 2.41, 0, 0, 0
8, 3599252,0.00, 60.00, 0.00, 2.41, 0, 0, 0
9, 3595652,0.00, 60.00, 0.00, 2.41, 0, 0, 0
0, 3574650,0.00, 60.00, 0.00, 2.41, 0, 0, 0
1, 3600901,0.00, 60.00, 0.00, 2.41, 0, 0, 0
2, 3578090,0.00, 60.00, 0.00, 2.41, 0, 0, 0
3, 3508086,0.00, 60.00, 0.00, 2.41, 0, 0, 0
4, 3545333,0.00, 60.00, 0.00, 2.41, 0, 0, 0
5, 3582493,0.00, 60.00, 0.00, 2.41, 0, 0, 0
6, 3585274,0.00, 60.00, 0.00, 2.41, 0, 0, 0
7, 3567750,0.00, 60.00, 0.00, 2.41, 0, 0, 0
8, 3585782,0.00, 60.00, 0.00, 2.41, 0, 0, 0
9, 3515601,0.00, 60.00, 0.00, 2.41, 0, 0, 0
0, 3558938,0.00, 60.00, 0.00, 2.41, 0, 0, 0
1, 3560267,0.00, 60.00, 0.00, 2.41, 0, 0, 0
2, 3518667,0.00, 60.00, 0.00, 2.41, 0, 0, 0
3, 3519649,0.00, 60.00, 0.00, 2.41, 0, 0, 0
4, 3593775,0.00, 60.00, 0.00, 2.41, 0, 0, 0
5, 3512177,0.00, 60.00, 0.00, 2.41, 0, 0, 0
6, 3530519,0.00, 60.00, 0.00, 2.41, 0, 0, 0
7, 3515384,0.00, 60.00, 0.00, 2.41, 0, 0, 0
8, 3595830,0.00, 60.00, 0.00, 2.41, 0, 0, 0
9, 3580241,0.00, 60.00, 0.00, 2.41, 0, 0, 0
0, 3565523,0.00, 60.00, 0.00, 2.41, 0, 0, 0
1, 3597902,0.00, 60.00, 0.00, 2.41, 0, 0, 0
2, 3595572,0.00, 60.00, 0.00, 2.41, 0, 0, 0
3, 3541439,0.00, 60.00, 0.00, 2.41, 0, 0, 0
4, 3597751,0.00, 60.00, 0.00, 2.41, 0, 0, 0
5, 3519206,0.00, 60.00, 0.00, 2.41, 0, 0, 0
6, 3572643,0.00, 60.00, 0.00, 2.41, 0, 0, 0
7, 3579155,0.00, 60.00, 0.00, 2.41, 0, 0, 0
8, 3580708,0.00, 60.00, 0.00, 2.41, 0, 0, 0
9, 3600094,0.00, 60.00, 0.00, 2.41, 0, 0, 0
0, 3585443,0.00, 60.00, 0.00, 2.41, 0, 0, 0
1, 3511515,0.00, 60.00, 0.00, 2.41, 0, 0, 0
2, 3543562,0.00, 60.00, 0.00, 2.41, 0, 0, 0
3, 3517080,0.00, 60.00, 0.00, 2.41, 0, 0, 0
4, 3592844,0.00, 60.00, 0.00, 2.41, 0, 0, 0
5, 3517386,0.00, 60.00, 0.00, 2.41, 0, 0, 0
6, 3516990,0.00, 60.00, 0.00, 2.41, 0, 0, 0
7, 3571441,0.00, 60.00, 0.00, 2.41, 0, 0, 0
8, 3580067,0.00, 60.00, 0.00, 2.41, 0, 0, 0
9, 3514987,0.00, 60.00, 0.00, 2.41, 0, 0, 0
0, 3695338,0.00, 60.00, 0.00, 2.41, 0, 0, 0
1, 3716711,0.00, 60.00, 0.00, 2.41, 0, 0, 0
2, 3515711,0.00, 60.00, 0.00, 2.41, 0, 0, 0
3, 3516301,0.00, 60.00, 0.00, 2.41, 0, 0, 0
4, 3515569,0.00, 60.00, 0.00, 2.41, 0, 0, 0
5, 3522799,0.00, 60.00, 0.00, 2.41, 0, 0, 0
6, 3515423,0.00, 60.00, 0.00, 2.41, 0, 0, 0
7, 3581601,0.00, 60.00, 0.00, 2.41, 0, 0, 0
8, 3596084,0.00, 60.00, 0.00, 2.41, 0, 0, 0
9, 3522224,0.00, 60.00, 0.00, 2.41, 0, 0, 0
0, 3823535,0.00, 60.00, 0.00, 2.41, 0, 0, 0
1, 3584974,0.00, 60.00, 0.00, 2.41, 0, 0, 0
2, 3516174,0.00, 60.00, 0.00, 2.41, 0, 0, 0
3, 3525814,0.00, 60.00, 0.00, 2.41, 0, 0, 0
4, 3768689,0.00, 60.00, 0.00, 2.41, 0, 0, 0
5, 3549367,0.00, 60.00, 0.00, 2.41, 0, 0, 0
6, 3633088,0.00, 60.00, 0.00, 2.41, 0, 0, 0
7, 3516066,0.00, 60.00, 0.00, 2.41, 0, 0, 0
8, 3515809,0.00, 60.00, 0.00, 2.41, 0, 0, 0
9, 3516657,0.00, 60.00, 0.00, 2.41, 0, 0, 0
0, 3516660,0.00, 60.00, 0.00, 2.41, 0, 0, 0
1, 3571625,0.00, 60.00, 0.00, 2.41, 0, 0, 0
2, 3526743,0.00, 60.00, 0.00, 2.41, 0, 0, 0
3, 3630861,0.00, 60.00, 0.00, 2.41, 0, 0, 0
4, 3516580,0.00, 60.00, 0.00, 2.41, 0, 0, 0
5, 3681869,0.00, 60.00, 0.00, 2.41, 0, 0, 0
6, 3516505,0.00, 60.00, 0.00, 2.41, 0, 0, 0
7, 3577952,0.00, 60.00, 0.00, 2.41, 0, 0, 0
8, 3515851,0.00, 60.00, 0.00, 2.41, 0, 0, 0
9, 3516103,0.00, 60.00, 0.00, 2.41, 0, 0, 0
0, 3595094,0.00, 60.00, 0.00, 2.41, 0, 0, 0
1, 3515684,0.00, 60.00, 0.00, 2.41, 0, 0, 0
2, 3595460,0.00, 60.00, 0.00, 2.41, 0, 0, 0
3, 3516019,0.00, 60.00, 0.00, 2.41, 0, 0, 0
4, 3632342,0.00, 60.00, 0.00, 2.41, 0, 0, 0
5, 3522424,0.00, 60.00, 0.00, 2.41, 0, 0, 0
6, 3557467,0.00, 60.00, 0.00, 2.41, 0, 0, 0
7, 3519158,0.00, 60.00, 0.00, 2.41, 0, 0, 0
8, 3649363,0.00, 60.00, 0.00, 2.41, 0, 0, 0
9, 3518709,0.00, 60.00, 0.00, 2.41, 0, 0, 0
0, 3514928,0.00, 60.00, 0.00, 2.41, 0, 0, 0
1, 3941777,0.00, 60.00, 0.00, 2.41, 0, 0, 0
2, 3579709,0.00, 60.00, 0.00, 2.41, 0, 0, 0
3, 3516775,0.00, 60.00, 0.00, 2.41, 0, 0, 0
4, 3594338,0.00, 60.00, 0.00, 2.41, 0, 0, 0
5, 3576469,0.00, 60.00, 0.00, 2.41, 0, 0, 0
6, 3596173,0.00, 60.00, 0.00, 2.41, 0, 0, 0
7, 3594437,0.00, 60.00, 0.00, 2.41, 0, 0, 0
8, 3520640,0.00, 60.00, 0.00, 2.41, 0, 0, 0
9, 3576224,0.00, 60.00, 0.00, 2.41, 0, 0, 0
0, 3590356,0.00, 60.00, 0.00, 2.41, 0, 0, 0
1, 3505956,0.00, 60.00, 0.00, 2.41, 0, 0, 0
2, 3517803,0.00, 60.00, 0.00, 2.41, 0, 0, 0
3, 3577000,0.00, 60.00, 0.00, 2.41, 0, 0, 0
4, 3516350,0.00, 60.00, 0.00, 2.41, 0, 0, 0
5, 3516286,0.00, 60.00, 0.00, 2.41, 0, 0, 0
6, 3516535,0.00, 60.00, 0.00, 2.41, 0, 0, 0
7, 3579733,0.00, 60.00, 0.00, 2.41, 0, 0, 0
8, 3571569,0.00, 60.00, 0.00, 2.41, 0, 0, 0
9, 3516865,0.00, 60.00, 0.00, 2.41, 0, 0, 0
0, 3513451,0.00, 60.00, 0.00, 2.41, 0, 0, 0
1, 3515478,0.00, 60.00, 0.00, 2.41, 0, 0, 0
2, 3516909,0.00, 60.00, 0.00, 2.41, 0, 0, 0
3, 3515836,0.00, 60.00, 0.00, 2.41, 0, 0, 0
4, 3576660,0.00, 60.00, 0.00, 2.41, 0, 0, 0
5, 3537132,0.00, 60.00, 0.00, 2.41, 0, 0, 0
6, 3690645,0.00, 60.00, 0.00, 2.41, 0, 0, 0
7, 3519936,0.00, 60.00, 0.00, 2.41, 0, 0, 0
8, 3513158,0.00, 60.00, 0.00, 2.41, 0, 0, 0
9, 3519062,0.00, 60.00, 0.00, 2.41, 0, 0, 0
0, 3689806,0.00, 60.00, 0.00, 2.41, 0, 0, 0
1, 3593527,0.00, 60.00, 0.00, 2.41, 0, 0, 0
2, 3536002,0.00, 60.00, 0.00, 2.41, 0, 0, 0
3, 3518395,0.00, 60.00, 0.00, 2.41, 0, 0, 0
4, 3522223,0.00, 60.00, 0.00, 2.41, 0, 0, 0
5, 3550960,0.00, 60.00, 0.00, 2.41, 0, 0, 0
6, 3518129,0.00, 60.00, 0.00, 2.41, 0, 0, 0
7, 3519083,0.00, 60.00, 0.00, 2.41, 0, 0, 0
8, 3518131,0.00, 60.00, 0.00, 2.41, 0, 0, 0
9, 3633866,0.00, 60.00, 0.00, 2.41, 0, 0, 0
0, 3518815,0.00, 60.00, 0.00, 2.41, 0, 0, 0
1, 3692183,0.00, 60.00, 0.00, 2.41, 0, 0, 0
2, 3536473,0.00, 60.00, 0.00, 2.41, 0, 0, 0
3, 3895815,0.00, 60.00, 0.00, 2.41, 0, 0, 0
4, 3552232,0.00, 60.00, 0.00, 2.41, 0, 0, 0
5, 3899629,0.00, 60.00, 0.00, 2.41, 0, 0, 0
6, 3518462,0.00, 60.00, 0.00, 2.41, 0, 0, 0
7, 3517855,0.00, 60.00, 0.00, 2.41, 0, 0, 0
8, 3521368,0.00, 60.00, 0.00, 2.41, 0, 0, 0
9, 3515631,0.00, 60.00, 0.00, 2.41, 0, 0, 0
0, 3577089,0.00, 60.00, 0.00, 2.41, 0, 0, 0
1, 3515257,0.00, 60.00, 0.00, 2.41, 0, 0, 0
2, 3575770,0.00, 60.00, 0.00, 2.41, 0, 0, 0
3, 3593685,0.00, 60.00, 0.00, 2.41, 0, 0, 0
4, 3515114,0.00, 60.00, 0.00, 2.41, 0, 0, 0
5, 3601987,0.00, 60.00, 0.00, 2.41, 0, 0, 0
6, 3595354,0.00, 60.00, 0.00, 2.41, 0, 0, 0
7, 3520552,0.00, 60.00, 0.00, 2.41, 0, 0, 0
8, 3513616,0.00, 60.00, 0.00, 2.41, 0, 0, 0
9, 3595506,0.00, 60.00, 0.00, 2.41, 0, 0, 0
0, 3515724,0.00, 60.00, 0.00, 2.41, 0, 0, 0
1, 3582205,0.00, 60.00, 0.00, 2.41, 0, 0, 0
2, 3595816,0.00, 60.00, 0.00, 2.41, 0, 0, 0
3, 3517373,0.00, 60.00, 0.00, 2.41, 0, 0, 0
4, 3582698,0.00, 60.00, 0.00, 2.41, 0, 0, 0
5, 3572355,0.00, 60.00, 0.00, 2.41, 0, 0, 0
6, 3596163,0.00, 60.00, 0.00, 2.41, 0, 0, 0
7, 3585357,0.00, 60.00, 0.00, 2.41, 0, 0, 0
8, 3515969,0.00, 60.00, 0.00, 2.41, 0, 0, 0
9, 3547944,0.00, 60.00, 0.00, 2.41, 0, 0, 0
0, 3543634,0.00, 60.00, 0.00, 2.41, 0, 0, 0
1, 3517506,0.00, 60.00, 0.00, 2.41, 0, 0, 0
2, 3516239,0.00, 60.00, 0.00, 2.41, 0, 0, 0
3, 3578265,0.00, 60.00, 0.00, 2.41, 0, 0, 0
4, 3574822,0.00, 60.00, 0.00, 2.41, 0, 0, 0
5, 3516712,0.00, 60.00, 0.00, 2.41, 0, 0, 0
6, 3517188,0.00, 60.00, 0.00, 2.41, 0, 0, 0
7, 3525779,0.00, 60.00, 0.00, 2.41, 0, 0, 0
8, 3534537,0.00, 60.00, 0.00, 2.41, 0, 0, 0
9, 3644521,0.00, 60.00, 0.00, 2.41, 0, 0, 0
0, 3561512,0.00, 60.00, 0.00, 2.41, 0, 0, 0
1, 3572081,0.00, 60.00, 0.00, 2.41, 0, 0, 0
2, 3573039,0.00, 60.00, 0.00, 2.41, 0, 0, 0
3, 3515780,0.00, 60.00, 0.00, 2.41, 0, 0, 0
4, 3515975,0.00, 60.00, 0.00, 2.41, 0, 0, 0
5, 3516877,0.00, 60.00, 0.00, 2.41, 0, 0, 0
6, 3516118,0.00, 60.00, 0.00, 2.41, 0, 0, 0
7, 3515806,0.00, 60.00, 0.00, 2.41, 0, 0, 0
8, 3516588,0.00, 60.00, 0.00, 2.41, 0, 0, 0
9, 3517499,0.00, 60.00, 0.00, 2.41, 0, 0, 0
0, 3576679,0.00, 60.00, 0.00, 2.41, 0, 0, 0
1, 3515460,0.00, 60.00, 0.00, 2.41, 0, 0, 0
2, 3567166,0.00, 60.00, 0.00, 2.41, 0, 0, 0
3, 3556261,0.00, 60.00, 0.00, 2.41, 0, 0, 0
4, 3543285,0.00, 60.00, 0.00, 2.41, 0, 0, 0
5, 3514625,0.00, 60.00, 0.00, 2.41, 0, 0, 0
6, 3552757,0.00, 60.00, 0.00, 2.41, 0, 0, 0
7, 3579407,0.00, 60.00, 0.00, 2.41, 0, 0, 0
8, 3517310,0.00, 60.00, 0.00, 2.41, 0, 0, 0
9, 3567565,0.00, 60.00, 0.00, 2.41, 0, 0, 0
0, 3514406,0.00, 60.00, 0.00, 2.41, 0, 0, 0
1, 3516203,0.00, 60.00, 0.00, 2.41, 0, 0, 0
2, 3515823,0.00, 60.00, 0.00, 2.41, 0, 0, 0
3, 3515483,0.00, 60.00, 0.00, 2.41, 0, 0, 0
4, 3534068,0.00, 60.00, 0.00, 2.41, 0, 0, 0
5, 3521013,0.00, 60.00, 0.00, 2.41, 0, 0, 0
6, 3511790,0.00, 60.00, 0.00, 2.41, 0, 0, 0
7, 3518025,0.00, 60.00, 0.00, 2.41, 0, 0, 0
8, 3517283,0.00, 60.00, 0.00, 2.41, 0, 0, 0
9, 3579772,0.00, 60.00, 0.00, 2.41, 0, 0, 0
0, 3579737,0.00, 60.00, 0.00, 2.41, 0, 0, 0
1, 3550435,0.00, 60.00, 0.00, 2.41, 0, 0, 0
2, 3527270,0.00, 60.00, 0.00, 2.41, 0, 0, 0
3, 3516007,0.00, 60.00, 0.00, 2.41, 0, 0, 0
4, 3575597,0.00, 60.00, 0.00, 2.41, 0, 0, 0
5, 3565198,0.00, 60.00, 0.00, 2.41, 0, 0, 0
6, 3550896,0.00, 60.00, 0.00, 2.41, 0, 0, 0
7, 3522604,0.00, 60.00, 0.00, 2.41, 0, 0, 0
8, 3579331,0.00, 60.00, 0.00, 2.41, 0, 0, 0
9, 3517382,0.00, 60.00, 0.00, 2.41, 0, 0, 0
0, 3520067,0.00, 60.00, 0.00, 2.41, 0, 0, 0
1, 3577256,0.00, 60.00, 0.00, 2.41, 0, 0, 0
2, 3516268,0.00, 60.00, 0.00, 2.41, 0, 0, 0
3, 3579083,0.00, 60.00, 0.00, 2.41, 0, 0, 0
4, 3500837,0.00, 60.00, 0.00, 2.41, 0, 0, 0
5, 3528640,0.00, 60.00, 0.00, 2.41, 0, 0, 0
6, 3675598,0.00, 60.00, 0.00, 2.41, 0, 0, 0
7, 3524824,0.00, 60.00, 0.00, 2.41, 0, 0, 0
8, 3633707,0.00, 60.00, 0.00, 2.41, 0, 0, 0
9, 3825929,0.00, 60.00, 0.00, 2.41, 0, 0, 0
0, 3716334,0.00, 60.00, 0.00, 2.41, 0, 0, 0
1, 3758415,0.00, 60.00, 0.00, 2.41, 0, 0, 0
2, 3520761,0.00, 60.00, 0.00, 2.41, 0, 0, 0
3, 3517610,0.00, 60.00, 0.00, 2.41, 0, 0, 0
4, 3517714,0.00, 60.00, 0.00, 2.41, 0, 0, 0
5, 3515234,0.00, 60.00, 0.00, 2.41, 0, 0, 0
6, 3572922,0.00, 60.00, 0.00, 2.41, 0, 0, 0
7, 3588143,0.00, 60.00, 0.00, 2.41, 0, 0, 0
8, 3591160,0.00, 60.00, 0.00, 2.41, 0, 0, 0
9, 3516632,0.00, 60.00, 0.00, 2.41, 0, 0, 0
0, 3575776,0.00, 60.00, 0.00, 2.41, 0, 0, 0
1, 3531869,0.00, 60.00, 0.00, 2.41, 0, 0, 0
2, 3559544,0.00, 60.00, 0.00, 2.41, 0, 0, 0
3, 3583002,0.00, 60.00, 0.00, 2.41, 0, 0, 0
4, 3516599,0.00, 60.00, 0.00, 2.41, 0, 0, 0
5, 3519115,0.00, 60.00, 0.00, 2.41, 0, 0, 0
6, 3540756,0.00, 60.00, 0.00, 2.41, 0, 0, 0
7, 3516282,0.00, 60.00, 0.00, 2.41, 0, 0, 0
8, 3512043,0.00, 60.00, 0.00, 2.41, 0, 0, 0
9, 3577565,0.00, 60.00, 0.00, 2.41, 0, 0, 0
0, 3548661,0.00, 60.00, 0.00, 2.41, 0, 0, 0
1, 3582741,0.00, 60.00, 0.00, 2.41, 0, 0, 0
2, 3516740,0.00, 60.00, 0.00, 2.41, 0, 0, 0
3, 3516769,0.00, 60.00, 0.00, 2.41, 0, 0, 0
4, 3663917,0.00, 60.00, 0.00, 2.41, 0, 0, 0
5, 3517148,0.00, 60.00, 0.00, 2.41, 0, 0, 0
6, 3517442,0.00, 60.00, 0.00, 2.41, 0, 0, 0
7, -996314822,0.00, 60.00, 0.00, 2.41, 0, 0, 0
8, 3501936,0.00, 60.00, 0.00, 2.41, 0, 0, 0
9, 3649906,0.00, 60.00, 0.00, 2.41, 0, 0, 0
0, 3519301,0.00, 60.00, 0.00, 2.41, 0, 0, 0
1, 3521708,0.00, 60.00, 0.00, 2.41, 0, 0, 0
2, 3515508,0.00, 60.00, 0.00, 2.41, 0, 0, 0
3, 3545509,0.00, 60.00, 0.00, 2.41, 0, 0, 0
4, 3515668,0.00, 60.00, 0.00, 2.41, 0, 0, 0
5, 3518525,0.00, 60.00, 0.00, 2.41, 0, 0, 0
6, 3518112,0.00, 60.00, 0.00, 2.41, 0, 0, 0
7, 3576340,0.00, 60.00, 0.00, 2.41, 0, 0, 0
8, 3523061,0.00, 60.00, 0.00, 2.41, 0, 0, 0
9, 3518296,0.00, 60.00, 0.00, 2.41, 0, 0, 0
0, 3522393,0.00, 60.00, 0.00, 2.41, 0, 0, 0
1, 3524389,0.00, 60.00, 0.00, 2.41, 0, 0, 0
2, 3520959,0.00, 60.00, 0.00, 2.41, 0, 0, 0
3, 3520666,0.00, 60.00, 0.00, 2.41, 0, 0, 0
4, 3516643,0.00, 60.00, 0.00, 2.41, 0, 0, 0
5, 3528923,0.00, 60.00, 0.00, 2.41, 0, 0, 0
6, 3549755,0.00, 60.00, 0.00, 2.41, 0, 0, 0
7, 3581710,0.00, 60.00, 0.00, 2.41, 0, 0, 0
8, 3507791,0.00, 60.00, 0.00, 2.41, 0, 0, 0
9, 3512624,0.00, 60.00, 0.00, 2.41, 0, 0, 0
0, 3540335,0.00, 60.00, 0.00, 2.41, 0, 0, 0
1, 3506632,0.00, 60.00, 0.00, 2.41, 0, 0, 0
2, 3612373,0.00, 60.00, 0.00, 2.41, 0, 0, 0
3, 3506767,0.00, 60.00, 0.00, 2.41, 0, 0, 0
4, 3609411,0.00, 60.00, 0.00, 2.41, 0, 0, 0
5, 3506685,0.00, 60.00, 0.00, 2.41, 0, 0, 0
6, 3536631,0.00, 60.00, 0.00, 2.41, 0, 0, 0
7, 3505629,0.00, 60.00, 0.00, 2.41, 0, 0, 0
8, 3504618,0.00, 60.00, 0.00, 2.41, 0, 0, 0
9, 3504491,0.00, 60.00, 0.00, 2.41, 0, 0, 0
0, 3505891,0.00, 60.00, 0.00, 2.41, 0, 0, 0
1, 3519622,0.00, 60.00, 0.00, 2.41, 0, 0, 0
2, 3535649,0.00, 60.00, 0.00, 2.41, 0, 0, 0
3, 3595243,0.00, 60.00, 0.00, 2.41, 0, 0, 0
4, 3607095,0.00, 60.00, 0.00, 2.41, 0, 0, 0
5, 3568841,0.00, 60.00, 0.00, 2.41, 0, 0, 0
6, 3504020,0.00, 60.00, 0.00, 2.41, 0, 0, 0
7, 3535441,0.00, 60.00, 0.00, 2.41, 0, 0, 0
8, 3593635,0.00, 60.00, 0.00, 2.41, 0, 0, 0
9, 3605052,0.00, 60.00, 0.00, 2.41, 0, 0, 0
0, 3525663,0.00, 60.00, 0.00, 2.41, 0, 0, 0
1, 3525384,0.00, 60.00, 0.00, 2.41, 0, 0, 0
2, 3511035,0.00, 60.00, 0.00, 2.41, 0, 0, 0
3, 3601332,0.00, 60.00, 0.00, 2.41, 0, 0, 0
4, 3504652,0.00, 60.00, 0.00, 2.41, 0, 0, 0
5, 3593473,0.00, 60.00, 0.00, 2.41, 0, 0, 0
6, 3504917,0.00, 60.00, 0.00, 2.41, 0, 0, 0
7, 3540414,0.00, 60.00, 0.00, 2.41, 0, 0, 0
8, 3606061,0.00, 60.00, 0.00, 2.41, 0, 0, 0
9, 3689318,0.00, 60.00, 0.00, 2.41, 0, 0, 0
0, 3589237,0.00, 60.00, 0.00, 2.41, 0, 0, 0
1, 3537038,0.00, 60.00, 0.00, 2.41, 0, 0, 0
2, 3540360,0.00, 60.00, 0.00, 2.41, 0, 0, 0
3, 3530028,0.00, 60.00, 0.00, 2.41, 0, 0, 0
4, 3506571,0.00, 60.00, 0.00, 2.41, 0, 0, 0
5, 3596907,0.00, 60.00, 0.00, 2.41, 0, 0, 0
6, 3507476,0.00, 60.00, 0.00, 2.41, 0, 0, 0
7, 3508249,0.00, 60.00, 0.00, 2.41, 0, 0, 0
8, 3508583,0.00, 60.00, 0.00, 2.41, 0, 0, 0
9, 3575521,0.00, 60.00, 0.00, 2.41, 0, 0, 0
0, 3587650,0.00, 60.00, 0.00, 2.41, 0, 0, 0
1, 3578571,0.00, 60.00, 0.00, 2.41, 0, 0, 0
2, 3511946,0.00, 60.00, 0.00, 2.41, 0, 0, 0
3, 3562034,0.00, 60.00, 0.00, 2.41, 0, 0, 0
4, 3577893,0.00, 60.00, 0.00, 2.41, 0, 0, 0
5, 3512846,0.00, 60.00, 0.00, 2.41, 0, 0, 0
6, 3610126,0.00, 60.00, 0.00, 2.41, 0, 0, 0
7, 3513718,0.00, 60.00, 0.00, 2.41, 0, 0, 0
8, 3597818,0.00, 60.00, 0.00, 2.41, 0, 0, 0
9, 3613890,0.00, 60.00, 0.00, 2.41, 0, 0, 0
0, 3597006,0.00, 60.00, 0.00, 2.41, 0, 0, 0
1, 3522291,0.00, 60.00, 0.00, 2.41, 0, 0, 0
2, 3588479,0.00, 60.00, 0.00, 2.41, 0, 0, 0
3, 3605449,0.00, 60.00, 0.00, 2.41, 0, 0, 0
4, 3516072,0.00, 60.00, 0.00, 2.41, 0, 0, 0
5, 3520163,0.00, 60.00, 0.00, 2.41, 0, 0, 0
6, 3607231,0.00, 60.00, 0.00, 2.41, 0, 0, 0
7, 3561711,0.00, 60.00, 0.00, 2.41, 0, 0, 0
8, 3677619,0.00, 60.00, 0.00, 2.41, 0, 0, 0
9, 3514167,0.00, 60.00, 0.00, 2.41, 0, 0, 0
0, 3568422,0.00, 60.00, 0.00, 2.41, 0, 0, 0
1, 3516819,0.00, 60.00, 0.00, 2.41, 0, 0, 0
2, 3563679,0.00, 60.00, 0.00, 2.41, 0, 0, 0
3, 3564180,0.00, 60.00, 0.00, 2.41, 0, 0, 0
4, 3524035,0.00, 60.00, 0.00, 2.41, 0, 0, 0
5, 3515198,0.00, 60.00, 0.00, 2.41, 0, 0, 0
6, 3569906,0.00, 60.00, 0.00, 2.41, 0, 0, 0
7, 3516640,0.00, 60.00, 0.00, 2.41, 0, 0, 0
8, 3518815,0.00, 60.00, 0.00, 2.41, 0, 0, 0
9, 3580667,0.00, 60.00, 0.00, 2.41, 0, 0, 0
0, 3515740,0.00, 60.00, 0.00, 2.41, 0, 0, 0
1, 3516791,0.00, 60.00, 0.00, 2.41, 0, 0, 0
2, 3515636,0.00, 60.00, 0.00, 2.41, 0, 0, 0
3, 3521066,0.00, 60.00, 0.00, 2.41, 0, 0, 0
4, 3515994,0.00, 60.00, 0.00, 2.41, 0, 0, 0
5, 3598684,0.00, 60.00, 0.00, 2.41, 0, 0, 0
6, 3515318,0.00, 60.00, 0.00, 2.41, 0, 0, 0
7, 3595466,0.00, 60.00, 0.00, 2.41, 0, 0, 0
8, 3517504,0.00, 60.00, 0.00, 2.41, 0, 0, 0
9, 3516719,0.00, 60.00, 0.00, 2.41, 0, 0, 0
0, 3515740,0.00, 60.00, 0.00, 2.41, 0, 0, 0
1, 3515189,0.00, 60.00, 0.00, 2.41, 0, 0, 0
2, 3517222,0.00, 60.00, 0.00, 2.41, 0, 0, 0
3, 3554301,0.00, 60.00, 0.00, 2.41, 0, 0, 0
4, 3596293,0.00, 60.00, 0.00, 2.41, 0, 0, 0
5, 3544773,0.00, 60.00, 0.00, 2.41, 0, 0, 0
6, 3516953,0.00, 60.00, 0.00, 2.41, 0, 0, 0
7, 3529158,0.00, 60.00, 0.00, 2.41, 0, 0, 0
8, 3521871,0.00, 60.00, 0.00, 2.41, 0, 0, 0
9, 3516290,0.00, 60.00, 0.00, 2.41, 0, 0, 0
0, 3523601,0.00, 60.00, 0.00, 2.41, 0, 0, 0
1, 3516238,0.00, 60.00, 0.00, 2.41, 0, 0, 0
2, 3599258,0.00, 60.00, 0.00, 2.41, 0, 0, 0
3, 3516857,0.00, 60.00, 0.00, 2.41, 0, 0, 0
4, 3577673,0.00, 60.00, 0.00, 2.41, 0, 0, 0
5, 3514595,0.00, 60.00, 0.00, 2.41, 0, 0, 0
6, 3519561,0.00, 60.00, 0.00, 2.41, 0, 0, 0
7, 3519220,0.00, 60.00, 0.00, 2.41, 0, 0, 0
8, 3519579,0.00, 60.00, 0.00, 2.41, 0, 0, 0
9, 3520573,0.00, 60.00, 0.00, 2.41, 0, 0, 0
0, 3525768,0.00, 60.00, 0.00, 2.41, 0, 0, 0
1, 3885934,0.00, 60.00, 0.00, 2.41, 0, 0, 0
2, 3501838,0.00, 60.00, 0.00, 2.41, 0, 0, 0
3, 3521090,0.00, 60.00, 0.00, 2.41, 0, 0, 0
4, 3569271,0.00, 60.00, 0.00, 2.41, 0, 0, 0
5, 3539121,0.00, 60.00, 0.00, 2.41, 0, 0, 0
6, 3575664,0.00, 60.00, 0.00, 2.41, 0, 0, 0
7, 3613553,0.00, 60.00, 0.00, 2.41, 0, 0, 0
8, 3592380,0.00, 60.00, 0.00, 2.41, 0, 0, 0
9, 3517464,0.00, 60.00, 0.00, 2.41, 0, 0, 0
0, 3583786,0.00, 60.00, 0.00, 2.41, 0, 0, 0
1, 3567824,0.00, 60.00, 0.00, 2.41, 0, 0, 0
2, 3515938,0.00, 60.00, 0.00, 2.41, 0, 0, 0
3, 3515896,0.00, 60.00, 0.00, 2.41, 0, 0, 0
4, 3516562,0.00, 60.00, 0.00, 2.41, 0, 0, 0
5, 3516309,0.00, 60.00, 0.00, 2.41, 0, 0, 0
6, 3568645,0.00, 60.00, 0.00, 2.41, 0, 0, 0
7, 3578022,0.00, 60.00, 0.00, 2.41, 0, 0, 0
8, 3515663,0.00, 60.00, 0.00, 2.41, 0, 0, 0
9, 3579866,0.00, 60.00, 0.00, 2.41, 0, 0, 0
0, 3569636,0.00, 60.00, 0.00, 2.41, 0, 0, 0
1, 3516620,0.00, 60.00, 0.00, 2.41, 0, 0, 0
2, 3516639,0.00, 60.00, 0.00, 2.41, 0, 0, 0
3, 3518906,0.00, 60.00, 0.00, 2.41, 0, 0, 0
4, 3518553,0.00, 60.00, 0.00, 2.41, 0, 0, 0
5, 3515489,0.00, 60.00, 0.00, 2.41, 0, 0, 0
6, 3519303,0.00, 60.00, 0.00, 2.41, 0, 0, 0
7, 3511212,0.00, 60.00, 0.00, 2.41, 0, 0, 0
8, 3518447,0.00, 60.00, 0.00, 2.41, 0, 0, 0
9, 3626011,0.00, 60.00, 0.00, 2.41, 0, 0, 0
0, 3529660,0.00, 60.00, 0.00, 2.41, 0, 0, 0
1, 3549842,0.00, 60.00, 0.00, 2.41, 0, 0, 0
2, 3613830,0.00, 60.00, 0.00, 2.41, 0, 0, 0
3, 3518507,0.00, 60.00, 0.00, 2.41, 0, 0, 0
4, 3566897,0.00, 60.00, 0.00, 2.41, 0, 0, 0
5, 3518444,0.00, 60.00, 0.00, 2.41, 0, 0, 0
6, 3524826,0.00, 60.00, 0.00, 2.41, 0, 0, 0
7, 3517758,0.00, 60.00, 0.00, 2.41, 0, 0, 0
8, 3515000,0.00, 60.00, 0.00, 2.41, 0, 0, 0
9, 3518283,0.00, 60.00, 0.00, 2.41, 0, 0, 0
0, 3554231,0.00, 60.00, 0.00, 2.41, 0, 0, 0
1, 3583414,0.00, 60.00, 0.00, 2.41, 0, 0, 0
2, 3518197,0.00, 60.00, 0.00, 2.41, 0, 0, 0
3, 3580576,0.00, 60.00, 0.00, 2.41, 0, 0, 0
4, 3519370,0.00, 60.00, 0.00, 2.41, 0, 0, 0
5, 3518471,0.00, 60.00, 0.00, 2.41, 0, 0, 0
6, 3516738,0.00, 60.00, 0.00, 2.41, 0, 0, 0
7, 3529719,0.00, 60.00, 0.00, 2.41, 0, 0, 0
8, 3785871,0.00, 60.00, 0.00, 2.41, 0, 0, 0
9, 3505359,0.00, 60.00, 0.00, 2.41, 0, 0, 0
0, 3518449,0.00, 60.00, 0.00, 2.41, 0, 0, 0
1, 3536292,0.00, 60.00, 0.00, 2.41, 0, 0, 0
2, 3518875,0.00, 60.00, 0.00, 2.41, 0, 0, 0
3, 3517709,0.00, 60.00, 0.00, 2.41, 0, 0, 0
4, 3517018,0.00, 60.00, 0.00, 2.41, 0, 0, 0
5, 3523931,0.00, 60.00, 0.00, 2.41, 0, 0, 0
6, 3516306,0.00, 60.00, 0.00, 2.41, 0, 0, 0
7, 3526277,0.00, 60.00, 0.00, 2.41, 0, 0, 0
8, 3680729,0.00, 60.00, 0.00, 2.41, 0, 0, 0
9, 3581911,0.00, 60.00, 0.00, 2.41, 0, 0, 0
0, 3516218,0.00, 60.00, 0.00, 2.41, 0, 0, 0
1, 3528087,0.00, 60.00, 0.00, 2.41, 0, 0, 0
2, 3679866,0.00, 60.00, 0.00, 2.41, 0, 0, 0
3, 3560476,0.00, 60.00, 0.00, 2.41, 0, 0, 0
4, 3515352,0.00, 60.00, 0.00, 2.41, 0, 0, 0
5, 3577935,0.00, 60.00, 0.00, 2.41, 0, 0, 0
6, 3520088,0.00, 60.00, 0.00, 2.41, 0, 0, 0
7, 3520634,0.00, 60.00, 0.00, 2.41, 0, 0, 0
8, 3517611,0.00, 60.00, 0.00, 2.41, 0, 0, 0
9, 3519819,0.00, 60.00, 0.00, 2.41, 0, 0, 0
0, 3523383,0.00, 60.00, 0.00, 2.41, 0, 0, 0
1, 3520572,0.00, 60.00, 0.00, 2.41, 0, 0, 0
2, 3514344,0.00, 60.00, 0.00, 2.41, 0, 0, 0
3, 3512920,0.00, 60.00, 0.00, 2.41, 0, 0, 0
4, 3516390,0.00, 60.00, 0.00, 2.41, 0, 0, 0
5, 3507451,0.00, 60.00, 0.00, 2.41, 0, 0, 0
6, 3507632,0.00, 60.00, 0.00, 2.41, 0, 0, 0
7, 3514165,0.00, 60.00, 0.00, 2.41, 0, 0, 0
8, 3505846,0.00, 60.00, 0.00, 2.41, 0, 0, 0
9, 3539171,0.00, 60.00, 0.00, 2.41, 0, 0, 0
0, 3503313,0.00, 60.00, 0.00, 2.41, 0, 0, 0
1, 3510102,0.00, 60.00, 0.00, 2.41, 0, 0, 0
2, 3602606,0.00, 60.00, 0.00, 2.41, 0, 0, 0
3, 3504770,0.00, 60.00, 0.00, 2.41, 0, 0, 0
4, 3614617,0.00, 60.00, 0.00, 2.41, 0, 0, 0
5, 3536125,0.00, 60.00, 0.00, 2.41, 0, 0, 0
6, 3539024,0.00, 60.00, 0.00, 2.41, 0, 0, 0
7, 3540046,0.00, 60.00, 0.00, 2.41, 0, 0, 0
8, 3583114,0.00, 60.00, 0.00, 2.41, 0, 0, 0
9, 3538280,0.00, 60.00, 0.00, 2.41, 0, 0, 0
0, 3503760,0.00, 60.00, 0.00, 2.41, 0, 0, 0
1, 3509584,0.00, 60.00, 0.00, 2.41, 0, 0, 0
2, 3504651,0.00, 60.00, 0.00, 2.41, 0, 0, 0
3, 3604255,0.00, 60.00, 0.00, 2.41, 0, 0, 0
4, 3639318,0.00, 60.00, 0.00, 2.41, 0, 0, 0
5, 3503860,0.00, 60.00, 0.00, 2.41, 0, 0, 0
6, 3503792,0.00, 60.00, 0.00, 2.41, 0, 0, 0
7, 3504211,0.00, 60.00, 0.00, 2.41, 0, 0, 0
8, 3540467,0.00, 60.00, 0.00, 2.41, 0, 0, 0
9, 3637931,0.00, 60.00, 0.00, 2.41, 0, 0, 0
0, 3542987,0.00, 60.00, 0.00, 2.41, 0, 0, 0
1, 3604392,0.00, 60.00, 0.00, 2.41, 0, 0, 0
2, 3604156,0.00, 60.00, 0.00, 2.41, 0, 0, 0
3, 3552142,0.00, 60.00, 0.00, 2.41, 0, 0, 0
4, 3504214,0.00, 60.00, 0.00, 2.41, 0, 0, 0
5, 3508624,0.00, 60.00, 0.00, 2.41, 0, 0, 0
6, 3583722,0.00, 60.00, 0.00, 2.41, 0, 0, 0
7, 3605481,0.00, 60.00, 0.00, 2.41, 0, 0, 0
8, 3625716,0.00, 60.00, 0.00, 2.41, 0, 0, 0
9, 3503728,0.00, 60.00, 0.00, 2.41, 0, 0, 0
0, 3597905,0.00, 60.00, 0.00, 2.41, 0, 0, 0
1, 3504557,0.00, 60.00, 0.00, 2.41, 0, 0, 0
2, 3512019,0.00, 60.00, 0.00, 2.41, 0, 0, 0
3, 3503831,0.00, 60.00, 0.00, 2.41, 0, 0, 0
4, 3509167,0.00, 60.00, 0.00, 2.41, 0, 0, 0
5, 3594466,0.00, 60.00, 0.00, 2.41, 0, 0, 0
6, 3505379,0.00, 60.00, 0.00, 2.41, 0, 0, 0
7, 3531564,0.00, 60.00, 0.00, 2.41, 0, 0, 0
8, 3505703,0.00, 60.00, 0.00, 2.41, 0, 0, 0
9, 3567101,0.00, 60.00, 0.00, 2.41, 0, 0, 0
0, 3563090,0.00, 60.00, 0.00, 2.41, 0, 0, 0
1, 3515422,0.00, 60.00, 0.00, 2.41, 0, 0, 0
2, 3578503,0.00, 60.00, 0.00, 2.41, 0, 0, 0
3, 3515704,0.00, 60.00, 0.00, 2.41, 0, 0, 0
4, 3578937,0.00, 60.00, 0.00, 2.41, 0, 0, 0
5, 3523632,0.00, 60.00, 0.00, 2.41, 0, 0, 0
6, 3516150,0.00, 60.00, 0.00, 2.41, 0, 0, 0
7, 3517608,0.00, 60.00, 0.00, 2.41, 0, 0, 0
8, 3568482,0.00, 60.00, 0.00, 2.41, 0, 0, 0
9, 3599348,0.00, 60.00, 0.00, 2.41, 0, 0, 0
0, 3567626,0.00, 60.00, 0.00, 2.41, 0, 0, 0
1, 3600843,0.00, 60.00, 0.00, 2.41, 0, 0, 0
2, 3516808,0.00, 60.00, 0.00, 2.41, 0, 0, 0
3, 3582692,0.00, 60.00, 0.00, 2.41, 0, 0, 0
4, 3515234,0.00, 60.00, 0.00, 2.41, 0, 0, 0
5, 3516408,0.00, 60.00, 0.00, 2.41, 0, 0, 0
6, 3514521,0.00, 60.00, 0.00, 2.41, 0, 0, 0
7, 3515229,0.00, 60.00, 0.00, 2.41, 0, 0, 0
8, 3595640,0.00, 60.00, 0.00, 2.41, 0, 0, 0
9, 3586713,0.00, 60.00, 0.00, 2.41, 0, 0, 0
0, 3521677,0.00, 60.00, 0.00, 2.41, 0, 0, 0
1, 3514212,0.00, 60.00, 0.00, 2.41, 0, 0, 0
2, 3605388,0.00, 60.00, 0.00, 2.41, 0, 0, 0
3, 3589085,0.00, 60.00, 0.00, 2.41, 0, 0, 0
4, 3578508,0.00, 60.00, 0.00, 2.41, 0, 0, 0
5, 3517866,0.00, 60.00, 0.00, 2.41, 0, 0, 0
6, 3517197,0.00, 60.00, 0.00, 2.41, 0, 0, 0
7, 3592340,0.00, 60.00, 0.00, 2.41, 0, 0, 0
8, 3555057,0.00, 60.00, 0.00, 2.41, 0, 0, 0
9, 3523379,0.00, 60.00, 0.00, 2.41, 0, 0, 0
0, 3513734,0.00, 60.00, 0.00, 2.41, 0, 0, 0
1, 3514461,0.00, 60.00, 0.00, 2.41, 0, 0, 0
2, 3514319,0.00, 60.00, 0.00, 2.41, 0, 0, 0
3, 3524285,0.00, 60.00, 0.00, 2.41, 0, 0, 0
4, 3513316,0.00, 60.00, 0.00, 2.41, 0, 0, 0
5, 3585866,0.00, 60.00, 0.00, 2.41, 0, 0, 0
6, 3584191,0.00, 60.00, 0.00, 2.41, 0, 0, 0
7, 3595387,0.00, 60.00, 0.00, 2.41, 0, 0, 0
8, 3515251,0.00, 60.00, 0.00, 2.41, 0, 0, 0
9, -996411907,0.00, 60.00, 0.00, 2.41, 0, 0, 0
0, 3577770,0.00, 60.00, 0.00, 2.41, 0, 0, 0
1, 3515204,0.00, 60.00, 0.00, 2.41, 0, 0, 0
2, 3524146,0.00, 60.00, 0.00, 2.41, 0, 0, 0
3, 3536209,0.00, 60.00, 0.00, 2.41, 0, 0, 0
4, 3561069,0.00, 60.00, 0.00, 2.41, 0, 0, 0
5, 3577905,0.00, 60.00, 0.00, 2.41, 0, 0, 0
6, 3516553,0.00, 60.00, 0.00, 2.41, 0, 0, 0
7, 3517717,0.00, 60.00, 0.00, 2.41, 0, 0, 0
8, 3521464,0.00, 60.00, 0.00, 2.41, 0, 0, 0
9, 3575001,0.00, 60.00, 0.00, 2.41, 0, 0, 0
0, 3589092,0.00, 60.00, 0.00, 2.41, 0, 0, 0
1, 3598522,0.00, 60.00, 0.00, 2.41, 0, 0, 0
2, 3577552,0.00, 60.00, 0.00, 2.41, 0, 0, 0
3, 3595937,0.00, 60.00, 0.00, 2.41, 0, 0, 0
4, 3578974,0.00, 60.00, 0.00, 2.41, 0, 0, 0
5, 3577220,0.00, 60.00, 0.00, 2.41, 0, 0, 0
6, 3527910,0.00, 60.00, 0.00, 2.41, 0, 0, 0
7, 3562755,0.00, 60.00, 0.00, 2.41, 0, 0, 0
8, 3595637,0.00, 60.00, 0.00, 2.41, 0, 0, 0
9, 3581999,0.00, 60.00, 0.00, 2.41, 0, 0, 0
0, 3588602,0.00, 60.00, 0.00, 2.41, 0, 0, 0
1, 3598612,0.00, 60.00, 0.00, 2.41, 0, 0, 0
2, 3515360,0.00, 60.00, 0.00, 2.41, 0, 0, 0
3, 3594890,0.00, 60.00, 0.00, 2.41, 0, 0, 0
4, 3560933,0.00, 60.00, 0.00, 2.41, 0, 0, 0
5, 3515048,0.00, 60.00, 0.00, 2.41, 0, 0, 0
6, 3577993,0.00, 60.00, 0.00, 2.41, 0, 0, 0
7, 3818900,0.00, 60.00, 0.00, 2.41, 0, 0, 0
8, 3560913,0.00, 60.00, 0.00, 2.41, 0, 0, 0
9, 3556138,0.00, 60.00, 0.00, 2.41, 0, 0, 0
0, 3600117,0.00, 60.00, 0.00, 2.41, 0, 0, 0
1, 3515099,0.00, 60.00, 0.00, 2.41, 0, 0, 0
2, 3516838,0.00, 60.00, 0.00, 2.41, 0, 0, 0
3, 3516964,0.00, 60.00, 0.00, 2.41, 0, 0, 0
4, 3517149,0.00, 60.00, 0.00, 2.41, 0, 0, 0
5, 3516188,0.00, 60.00, 0.00, 2.41, 0, 0, 0
6, 3518080,0.00, 60.00, 0.00, 2.41, 0, 0, 0
7, 3517016,0.00, 60.00, 0.00, 2.41, 0, 0, 0
8, 3512530,0.00, 60.00, 0.00, 2.41, 0, 0, 0
9, 3555784,0.00, 60.00, 0.00, 2.41, 0, 0, 0
0, 3571848,0.00, 60.00, 0.00, 2.41, 0, 0, 0
1, 3516761,0.00, 60.00, 0.00, 2.41, 0, 0, 0
2, 3559631,0.00, 60.00, 0.00, 2.41, 0, 0, 0
3, 3516927,0.00, 60.00, 0.00, 2.41, 0, 0, 0
4, 3516036,0.00, 60.00, 0.00, 2.41, 0, 0, 0
5, 3519213,0.00, 60.00, 0.00, 2.41, 0, 0, 0
6, 3692005,0.00, 60.00, 0.00, 2.41, 0, 0, 0
7, 3518777,0.00, 60.00, 0.00, 2.41, 0, 0, 0
8, 3518452,0.00, 60.00, 0.00, 2.41, 0, 0, 0
9, 3517677,0.00, 60.00, 0.00, 2.41, 0, 0, 0
0, 3566190,0.00, 60.00, 0.00, 2.41, 0, 0, 0
1, 3558995,0.00, 60.00, 0.00, 2.41, 0, 0, 0
2, 3518989,0.00, 60.00, 0.00, 2.41, 0, 0, 0
3, 3514901,0.00, 60.00, 0.00, 2.41, 0, 0, 0
4, 3577520,0.00, 60.00, 0.00, 2.41, 0, 0, 0
5, 3515806,0.00, 60.00, 0.00, 2.41, 0, 0, 0
6, 3597199,0.00, 60.00, 0.00, 2.41, 0, 0, 0
7, 3515970,0.00, 60.00, 0.00, 2.41, 0, 0, 0
8, 3516980,0.00, 60.00, 0.00, 2.41, 0, 0, 0
9, 3520136,0.00, 60.00, 0.00, 2.41, 0, 0, 0
0, 3532344,0.00, 60.00, 0.00, 2.41, 0, 0, 0
1, 3516444,0.00, 60.00, 0.00, 2.41, 0, 0, 0
2, 3516321,0.00, 60.00, 0.00, 2.41, 0, 0, 0
3, 3516402,0.00, 60.00, 0.00, 2.41, 0, 0, 0
4, 3577582,0.00, 60.00, 0.00, 2.41, 0, 0, 0
5, 3518640,0.00, 60.00, 0.00, 2.41, 0, 0, 0
6, 3857845,0.00, 60.00, 0.00, 2.41, 0, 0, 0
7, 3556689,0.00, 60.00, 0.00, 2.41, 0, 0, 0
8, 3514895,0.00, 60.00, 0.00, 2.41, 0, 0, 0
9, 3659716,0.00, 60.00, 0.00, 2.41, 0, 0, 0
0, 3518835,0.00, 60.00, 0.00, 2.41, 0, 0, 0
1, 3514750,0.00, 60.00, 0.00, 2.41, 0, 0, 0
2, 3574391,0.00, 60.00, 0.00, 2.41, 0, 0, 0
3, 3516761,0.00, 60.00, 0.00, 2.41, 0, 0, 0
4, 3525509,0.00, 60.00, 0.00, 2.41, 0, 0, 0
5, 3517874,0.00, 60.00, 0.00, 2.41, 0, 0, 0
6, 3517040,0.00, 60.00, 0.00, 2.41, 0, 0, 0
7, 3571223,0.00, 60.00, 0.00, 2.41, 0, 0, 0
8, 3574248,0.00, 60.00, 0.00, 2.41, 0, 0, 0
9, 3525342,0.00, 60.00, 0.00, 2.41, 0, 0, 0
0, 3521446,0.00, 60.00, 0.00, 2.41, 0, 0, 0
1, 3513854,0.00, 60.00, 0.00, 2.41, 0, 0, 0
2, 3552200,0.00, 60.00, 0.00, 2.41, 0, 0, 0
3, 3519619,0.00, 60.00, 0.00, 2.41, 0, 0, 0
4, 3618649,0.00, 60.00, 0.00, 2.41, 0, 0, 0
5, 3665652,0.00, 60.00, 0.00, 2.41, 0, 0, 0
6, 3510637,0.00, 60.00, 0.00, 2.41, 0, 0, 0
7, 3506004,0.00, 60.00, 0.00, 2.41, 0, 0, 0
8, 3515569,0.00, 60.00, 0.00, 2.41, 0, 0, 0
9, 3506795,0.00, 60.00, 0.00, 2.41, 0, 0, 0
0, 3505701,0.00, 60.00, 0.00, 2.41, 0, 0, 0
1, 3504362,0.00, 60.00, 0.00, 2.41, 0, 0, 0
2, 3504423,0.00, 60.00, 0.00, 2.41, 0, 0, 0
3, 3511144,0.00, 60.00, 0.00, 2.41, 0, 0, 0
4, 3513344,0.00, 60.00, 0.00, 2.41, 0, 0, 0
5, 3505850,0.00, 60.00, 0.00, 2.41, 0, 0, 0
6, 3504680,0.00, 60.00, 0.00, 2.41, 0, 0, 0
7, 3607964,0.00, 60.00, 0.00, 2.41, 0, 0, 0
8, 3506820,0.00, 60.00, 0.00, 2.41, 0, 0, 0
9, 3505349,0.00, 60.00, 0.00, 2.41, 0, 0, 0
0, 3600006,0.00, 60.00, 0.00, 2.41, 0, 0, 0
1, 3603085,0.00, 60.00, 0.00, 2.41, 0, 0, 0
2, 3549375,0.00, 60.00, 0.00, 2.41, 0, 0, 0
3, 3544502,0.00, 60.00, 0.00, 2.41, 0, 0, 0
4, 3504503,0.00, 60.00, 0.00, 2.41, 0, 0, 0
5, 3604145,0.00, 60.00, 0.00, 2.41, 0, 0, 0
6, 3595432,0.00, 60.00, 0.00, 2.41, 0, 0, 0
7, 3510608,0.00, 60.00, 0.00, 2.41, 0, 0, 0
8, 3510930,0.00, 60.00, 0.00, 2.41, 0, 0, 0
9, 3504993,0.00, 60.00, 0.00, 2.41, 0, 0, 0
0, 3503712,0.00, 60.00, 0.00, 2.41, 0, 0, 0
1, 3603725,0.00, 60.00, 0.00, 2.41, 0, 0, 0
2, 3517834,0.00, 60.00, 0.00, 2.41, 0, 0, 0
3, 3505970,0.00, 60.00, 0.00, 2.41, 0, 0, 0
4, 3599823,0.00, 60.00, 0.00, 2.41, 0, 0, 0
5, 3607466,0.00, 60.00, 0.00, 2.41, 0, 0, 0
6, 3506097,0.00, 60.00, 0.00, 2.41, 0, 0, 0
7, 3549681,0.00, 60.00, 0.00, 2.41, 0, 0, 0
8, 3738423,0.00, 60.00, 0.00, 2.41, 0, 0, 0
9, 3523674,0.00, 60.00, 0.00, 2.41, 0, 0, 0
0, 3504170,0.00, 60.00, 0.00, 2.41, 0, 0, 0
1, 3539679,0.00, 60.00, 0.00, 2.41, 0, 0, 0
2, 3606116,0.00, 60.00, 0.00, 2.41, 0, 0, 0
3, 3600348,0.00, 60.00, 0.00, 2.41, 0, 0, 0
4, 3558238,0.00, 60.00, 0.00, 2.41, 0, 0, 0
5, 3603300,0.00, 60.00, 0.00, 2.41, 0, 0, 0
6, 3530074,0.00, 60.00, 0.00, 2.41, 0, 0, 0
7, 3582671,0.00, 60.00, 0.00, 2.41, 0, 0, 0
8, 3594362,0.00, 60.00, 0.00, 2.41, 0, 0, 0
9, 3591454,0.00, 60.00, 0.00, 2.41, 0, 0, 0
0, 3596491,0.00, 60.00, 0.00, 2.41, 0, 0, 0
1, 3581717,0.00, 60.00, 0.00, 2.41, 0, 0, 0
2, 3591664,0.00, 60.00, 0.00, 2.41, 0, 0, 0
3, 3585532,0.00, 60.00, 0.00, 2.41, 0, 0, 0
4, 3583128,0.00, 60.00, 0.00, 2.41, 0, 0, 0
5, 3585733,0.00, 60.00, 0.00, 2.41, 0, 0, 0
6, 3560013,0.00, 60.00, 0.00, 2.41, 0, 0, 0
7, 3583193,0.00, 60.00, 0.00, 2.41, 0, 0, 0
8, 3564433,0.00, 60.00, 0.00, 2.41, 0, 0, 0
9, 3608853,0.00, 60.00, 0.00, 2.41, 0, 0, 0
0, 3593965,0.00, 60.00, 0.00, 2.41, 0, 0, 0
1, 3587896,0.00, 60.00, 0.00, 2.41, 0, 0, 0
2, 3590276,0.00, 60.00, 0.00, 2.41, 0, 0, 0
3, 3587225,0.00, 60.00, 0.00, 2.41, 0, 0, 0
4, 3598204,0.00, 60.00, 0.00, 2.41, 0, 0, 0
5, 3515665,0.00, 60.00, 0.00, 2.41, 0, 0, 0
6, 3578231,0.00, 60.00, 0.00, 2.41, 0, 0, 0
7, 3516494,0.00, 60.00, 0.00, 2.41, 0, 0, 0
8, 3560995,0.00, 60.00, 0.00, 2.41, 0, 0, 0
9, 3517391,0.00, 60.00, 0.00, 2.41, 0, 0, 0
0, 3515631,0.00, 60.00, 0.00, 2.41, 0, 0, 0
1, 3576136,0.00, 60.00, 0.00, 2.41, 0, 0, 0
2, 3521540,0.00, 60.00, 0.00, 2.41, 0, 0, 0
3, 3594668,0.00, 60.00, 0.00, 2.41, 0, 0, 0
4, 3534580,0.00, 60.00, 0.00, 2.41, 0, 0, 0
5, 3522728,0.00, 60.00, 0.00, 2.41, 0, 0, 0
6, 3589982,0.00, 60.00, 0.00, 2.41, 0, 0, 0
7, 3518120,0.00, 60.00, 0.00, 2.41, 0, 0, 0
8, 3530087,0.00, 60.00, 0.00, 2.41, 0, 0, 0
9, 3665551,0.00, 60.00, 0.00, 2.41, 0, 0, 0
0, 3508061,0.00, 60.00, 0.00, 2.41, 0, 0, 0
1, 3572624,0.00, 60.00, 0.00, 2.41, 0, 0, 0
2, 3518132,0.00, 60.00, 0.00, 2.41, 0, 0, 0
3, 3614545,0.00, 60.00, 0.00, 2.41, 0, 0, 0
4, 3675423,0.00, 60.00, 0.00, 2.41, 0, 0, 0
5, 3516541,0.00, 60.00, 0.00, 2.41, 0, 0, 0
6, 3518250,0.00, 60.00, 0.00, 2.41, 0, 0, 0
7, 3518135,0.00, 60.00, 0.00, 2.41, 0, 0, 0
8, 3518148,0.00, 60.00, 0.00, 2.41, 0, 0, 0
9, 3573850,0.00, 60.00, 0.00, 2.41, 0, 0, 0
