Thu Nov 22 15:16:31 2018
StepTime, x, v, f, xdes, vdes, fdes, cmd, IR, LSB, LSF
6129035, 0.00, 0.00, -10.58, 100.00, 0.00, 0.00, 3.35, 0.00, -10, 0, 0
2977225, 0.00, 0.00, -10.58, 100.00, 0.00, 0.00, 3.35, 0.00, -10, 0, 0
2722807, 0.00, 0.00, -10.58, 100.00, 0.00, 0.00, 3.35, 0.00, -10, 0, 0
2771871, 0.00, 0.00, -10.58, 100.00, 0.00, 0.00, 3.35, 0.00, -10, 0, 0
2987092, 0.00, 0.00, -10.58, 100.00, 0.00, 0.00, 3.35, 0.00, -10, 0, 0
2998898, 0.00, 0.00, -10.58, 100.00, 0.00, 0.00, 3.35, 0.00, -10, 0, 0
2920042, 0.00, 0.00, -10.58, 100.00, 0.00, 0.00, 3.35, 0.00, -10, 0, 0
2682074, 0.00, 0.00, -10.58, 100.00, 0.00, 0.00, 3.35, 0.00, -10, 0, 0
3144468, 0.00, 0.00, -10.58, 100.00, 0.00, 0.00, 3.35, 0.00, -10, 0, 0
3134005, 0.00, 0.00, -10.58, 100.00, 0.00, 0.00, 3.35, 0.00, -10, 0, 0
6129035, 0.00, 0.00, -10.58, 100.00, 0.00, 0.00, 3.35, 0.00, -10, 0, 0
2715659, 0.00, 0.00, -10.58, 100.00, 0.00, 0.00, 3.35, 0.00, -10, 0, 0
2728026, 0.00, 0.00, -10.58, 100.00, 0.00, 0.00, 3.35, 0.00, -10, 0, 0
2840912, 0.00, 0.00, -10.58, 100.00, 0.00, 0.00, 3.35, 0.00, -10, 0, 0
2808779, 0.00, 0.00, -10.58, 100.00, 0.00, 0.00, 3.35, 0.00, -10, 0, 0
2743606, 0.00, 0.00, -10.58, 100.00, 0.00, 0.00, 3.35, 0.00, -10, 0, 0
2774927, 0.00, 0.00, -10.58, 100.00, 0.00, 0.00, 3.35, 0.00, -10, 0, 0
2768803, 0.00, 0.00, -10.58, 100.00, 0.00, 0.00, 3.35, 0.00, -10, 0, 0
2792862, 0.00, 0.00, -10.58, 100.00, 0.00, 0.00, 3.35, 0.00, -10, 0, 0
2625354, 0.00, 0.00, -10.58, 100.00, 0.00, 0.00, 3.35, 0.00, -10, 0, 0
6129035, 0.00, 0.00, -10.58, 100.00, 0.00, 0.00, 3.35, 0.00, -10, 0, 0
2728532, 0.00, 0.00, -10.58, 100.00, 0.00, 0.00, 3.35, 0.00, -10, 0, 0
2699505, 0.00, 0.00, -10.58, 100.00, 0.00, 0.00, 3.35, 0.00, -10, 0, 0
2702048, 0.00, 0.00, -10.58, 100.00, 0.00, 0.00, 3.35, 0.00, -10, 0, 0
2707274, 0.00, 0.00, -10.58, 100.00, 0.00, 0.00, 3.35, 0.00, -10, 0, 0
2704449, 0.00, 0.00, -10.58, 100.00, 0.00, 0.00, 3.35, 0.00, -10, 0, 0
2703267, 0.00, 0.00, -10.58, 100.00, 0.00, 0.00, 3.35, 0.00, -10, 0, 0
2705349, 0.00, 0.00, -10.58, 100.00, 0.00, 0.00, 3.35, 0.00, -10, 0, 0
2706484, 0.00, 0.00, -10.58, 100.00, 0.00, 0.00, 3.35, 0.00, -10, 0, 0
2703016, 0.00, 0.00, -10.58, 100.00, 0.00, 0.00, 3.35, 0.00, -10, 0, 0
6129035, 0.00, 0.00, -10.58, 100.00, 0.00, 0.00, 3.35, 0.00, -10, 0, 0
2815958, 0.00, 0.00, -10.58, 100.00, 0.00, 0.00, 3.35, 0.00, -10, 0, 0
2700488, 0.00, 0.00, -10.58, 100.00, 0.00, 0.00, 3.35, 0.00, -10, 0, 0
2708739, 0.00, 0.00, -10.58, 100.00, 0.00, 0.00, 3.35, 0.00, -10, 0, 0
2707509, 0.00, 0.00, -10.58, 100.00, 0.00, 0.00, 3.35, 0.00, -10, 0, 0
2746054, 0.00, 0.00, -10.58, 100.00, 0.00, 0.00, 3.35, 0.00, -10, 0, 0
3073961, 0.00, 0.00, -10.58, 100.00, 0.00, 0.00, 3.35, 0.00, -10, 0, 0
2990188, 0.00, 0.00, -10.58, 100.00, 0.00, 0.00, 3.35, 0.00, -10, 0, 0
2749166, 0.00, 0.00, -10.58, 100.00, 0.00, 0.00, 3.35, 0.00, -10, 0, 0
2890985, 0.00, 0.00, -10.58, 100.00, 0.00, 0.00, 3.35, 0.00, -10, 0, 0
6129035, 0.00, 0.00, -10.58, 100.00, 0.00, 0.00, 3.35, 0.00, -10, 0, 0
2828032, 0.00, 0.00, -10.58, 100.00, 0.00, 0.00, 3.35, 0.00, -10, 0, 0
3099521, 0.00, 0.00, -10.58, 100.00, 0.00, 0.00, 3.35, 0.00, -10, 0, 0
3301116, 0.00, 0.00, -10.58, 100.00, 0.00, 0.00, 3.35, 0.00, -10, 0, 0
3298962, 0.00, 0.00, -10.58, 100.00, 0.00, 0.00, 3.35, 0.00, -10, 0, 0
3234844, 0.00, 0.00, -10.58, 100.00, 0.00, 0.00, 3.35, 0.00, -10, 0, 0
3571759, 0.00, 0.00, -10.58, 100.00, 0.00, 0.00, 3.35, 0.00, -10, 0, 0
3818505, 0.00, 0.00, -10.58, 100.00, 0.00, 0.00, 3.35, 0.00, -10, 0, 0
3232233, 0.00, 0.00, -10.58, 100.00, 0.00, 0.00, 3.35, 0.00, -10, 0, 0
3214480, 0.00, 0.00, -10.58, 100.00, 0.00, 0.00, 3.35, 0.00, -10, 0, 0
6129035, 0.00, 0.00, -10.58, 100.00, 0.00, 0.00, 3.35, 0.00, -10, 0, 0
3716429, 0.00, 0.00, -10.58, 100.00, 0.00, 0.00, 3.35, 0.00, -10, 0, 0
3809674, 0.00, 0.00, -10.58, 100.00, 0.00, 0.00, 3.35, 0.00, -10, 0, 0
3199161, 0.00, 0.00, -10.58, 100.00, 0.00, 0.00, 3.35, 0.00, -10, 0, 0
3431526, 0.00, 0.00, -10.58, 100.00, 0.00, 0.00, 3.35, 0.00, -10, 0, 0
3888913, 0.00, 0.00, -10.58, 100.00, 0.00, 0.00, 3.35, 0.00, -10, 0, 0
3308833, 0.00, 0.00, -10.58, 100.00, 0.00, 0.00, 3.35, 0.00, -10, 0, 0
3233591, 0.00, 0.00, -10.58, 100.00, 0.00, 0.00, 3.35, 0.00, -10, 0, 0
3276973, 0.00, 0.00, -10.58, 100.00, 0.00, 0.00, 3.35, 0.00, -10, 0, 0
3209199, 0.00, 0.00, -10.58, 100.00, 0.00, 0.00, 3.35, 0.00, -10, 0, 0
6129035, 0.00, 0.00, -10.58, 100.00, 0.00, 0.00, 3.35, 0.00, -10, 0, 0
3701848, 0.00, 0.00, -10.58, 100.00, 0.00, 0.00, 3.35, 0.00, -10, 0, 0
3190383, 0.00, 0.00, -10.58, 100.00, 0.00, 0.00, 3.35, 0.00, -10, 0, 0
3102603, 0.00, 0.00, -10.58, 100.00, 0.00, 0.00, 3.35, 0.00, -10, 0, 0
3419094, 0.00, 0.00, -10.58, 100.00, 0.00, 0.00, 3.35, 0.00, -10, 0, 0
4251821, 0.00, 0.00, -10.58, 100.00, 0.00, 0.00, 3.35, 0.00, -10, 0, 0
3353044, 0.00, 0.00, -10.58, 100.00, 0.00, 0.00, 3.35, 0.00, -10, 0, 0
3208429, 0.00, 0.00, -10.58, 100.00, 0.00, 0.00, 3.35, 0.00, -10, 0, 0
3100473, 0.00, 0.00, -10.58, 100.00, 0.00, 0.00, 3.35, 0.00, -10, 0, 0
3467348, 0.00, 0.00, -10.58, 100.00, 0.00, 0.00, 3.35, 0.00, -10, 0, 0
6129035, 0.00, 0.00, -10.58, 100.00, 0.00, 0.00, 3.35, 0.00, -10, 0, 0
3341839, 0.00, 0.00, -10.58, 100.00, 0.00, 0.00, 3.35, 0.00, -10, 0, 0
3355769, 0.00, 0.00, -10.58, 100.00, 0.00, 0.00, 3.35, 0.00, -10, 0, 0
3378409, 0.00, 0.00, -10.58, 100.00, 0.00, 0.00, 3.35, 0.00, -10, 0, 0
3442877, 0.00, 0.00, -10.58, 100.00, 0.00, 0.00, 3.35, 0.00, -10, 0, 0
3484688, 0.00, 0.00, -10.58, 100.00, 0.00, 0.00, 3.35, 0.00, -10, 0, 0
3189754, 0.00, 0.00, -10.58, 100.00, 0.00, 0.00, 3.35, 0.00, -10, 0, 0
3260297, 0.00, 0.00, -10.58, 100.00, 0.00, 0.00, 3.35, 0.00, -10, 0, 0
3054168, 0.00, 0.00, -10.58, 100.00, 0.00, 0.00, 3.35, 0.00, -10, 0, 0
3783646, 0.00, 0.00, -10.58, 100.00, 0.00, 0.00, 3.35, 0.00, -10, 0, 0
6129035, 0.00, 0.00, -10.58, 100.00, 0.00, 0.00, 3.35, 0.00, -10, 0, 0
3181421, 0.00, 0.00, -10.58, 100.00, 0.00, 0.00, 3.35, 0.00, -10, 0, 0
3159631, 0.00, 0.00, -10.58, 100.00, 0.00, 0.00, 3.35, 0.00, -10, 0, 0
3202264, 0.00, 0.00, -10.58, 100.00, 0.00, 0.00, 3.35, 0.00, -10, 0, 0
3382156, 0.00, 0.00, -10.58, 100.00, 0.00, 0.00, 3.35, 0.00, -10, 0, 0
3303725, 0.00, 0.00, -10.58, 100.00, 0.00, 0.00, 3.35, 0.00, -10, 0, 0
3194267, 0.00, 0.00, -10.58, 100.00, 0.00, 0.00, 3.35, 0.00, -10, 0, 0
3115088, 0.00, 0.00, -10.58, 100.00, 0.00, 0.00, 3.35, 0.00, -10, 0, 0
3425562, 0.00, 0.00, -10.58, 100.00, 0.00, 0.00, 3.35, 0.00, -10, 0, 0
4146553, 0.00, 0.00, -10.58, 100.00, 0.00, 0.00, 3.35, 0.00, -10, 0, 0
6129035, 0.00, 0.00, -10.58, 100.00, 0.00, 0.00, 3.35, 0.00, -10, 0, 0
3330312, 0.00, 0.00, -10.58, 100.00, 0.00, 0.00, 3.35, 0.00, -10, 0, 0
3238091, 0.00, 0.00, -10.58, 100.00, 0.00, 0.00, 3.35, 0.00, -10, 0, 0
3423774, 0.00, 0.00, -10.58, 100.00, 0.00, 0.00, 3.35, 0.00, -10, 0, 0
3324387, 0.00, 0.00, -10.58, 100.00, 0.00, 0.00, 3.35, 0.00, -10, 0, 0
3428488, 0.00, 0.00, -10.58, 100.00, 0.00, 0.00, 3.35, 0.00, -10, 0, 0
3406916, 0.00, 0.00, -10.58, 100.00, 0.00, 0.00, 3.35, 0.00, -10, 0, 0
3574555, 0.00, 0.00, -10.58, 100.00, 0.00, 0.00, 3.35, 0.00, -10, 0, 0
3594098, 0.00, 0.00, -10.58, 100.00, 0.00, 0.00, 3.35, 0.00, -10, 0, 0
3989670, 0.00, 0.00, -10.58, 100.00, 0.00, 0.00, 3.35, 0.00, -10, 0, 0
6129035, 0.00, 0.00, -10.58, 100.00, 0.00, 0.00, 3.35, 0.00, -10, 0, 0
3227212, 0.00, 0.00, -10.58, 100.00, 0.00, 0.00, 3.35, 0.00, -10, 0, 0
3396284, 0.00, 0.00, -10.58, 100.00, 0.00, 0.00, 3.35, 0.00, -10, 0, 0
3339432, 0.00, 0.00, -10.58, 100.00, 0.00, 0.00, 3.35, 0.00, -10, 0, 0
3417337, 0.00, 0.00, -10.58, 100.00, 0.00, 0.00, 3.35, 0.00, -10, 0, 0
3430199, 0.00, 0.00, -10.58, 100.00, 0.00, 0.00, 3.35, 0.00, -10, 0, 0
3479012, 0.00, 0.00, -10.58, 100.00, 0.00, 0.00, 3.35, 0.00, -10, 0, 0
3410806, 0.00, 0.00, -10.58, 100.00, 0.00, 0.00, 3.35, 0.00, -10, 0, 0
3404965, 0.00, 0.00, -10.58, 100.00, 0.00, 0.00, 3.35, 0.00, -10, 0, 0
3479827, 0.00, 0.00, -10.58, 100.00, 0.00, 0.00, 3.35, 0.00, -10, 0, 0
6129035, 0.00, 0.00, -10.58, 100.00, 0.00, 0.00, 3.35, 0.00, -10, 0, 0
3282060, 0.00, 0.00, -10.58, 100.00, 0.00, 0.00, 3.35, 0.00, -10, 0, 0
3219992, 0.00, 0.00, -10.58, 100.00, 0.00, 0.00, 3.35, 0.00, -10, 0, 0
3336098, 0.00, 0.00, -10.58, 100.00, 0.00, 0.00, 3.35, 0.00, -10, 0, 0
3123017, 0.00, 0.00, -10.58, 100.00, 0.00, 0.00, 3.35, 0.00, -10, 0, 0
3424766, 0.00, 0.00, -10.58, 100.00, 0.00, 0.00, 3.35, 0.00, -10, 0, 0
3657868, 0.00, 0.00, -10.58, 100.00, 0.00, 0.00, 3.35, 0.00, -10, 0, 0
3170674, 0.00, 0.00, -10.58, 100.00, 0.00, 0.00, 3.35, 0.00, -10, 0, 0
3399216, 0.00, 0.00, -10.58, 100.00, 0.00, 0.00, 3.35, 0.00, -10, 0, 0
3427388, 0.00, 0.00, -10.58, 100.00, 0.00, 0.00, 3.35, 0.00, -10, 0, 0
6129035, 0.00, 0.00, -10.58, 100.00, 0.00, 0.00, 3.35, 0.00, -10, 0, 0
3244397, 0.00, 0.00, -10.58, 100.00, 0.00, 0.00, 3.35, 0.00, -10, 0, 0
3199895, 0.00, 0.00, -10.58, 100.00, 0.00, 0.00, 3.35, 0.00, -10, 0, 0
3072391, 0.00, 0.00, -10.58, 100.00, 0.00, 0.00, 3.35, 0.00, -10, 0, 0
3085313, 0.00, 0.00, -10.58, 100.00, 0.00, 0.00, 3.35, 0.00, -10, 0, 0
3520956, 0.00, 0.00, -10.58, 100.00, 0.00, 0.00, 3.35, 0.00, -10, 0, 0
3327106, 0.00, 0.00, -10.58, 100.00, 0.00, 0.00, 3.35, 0.00, -10, 0, 0
3040531, 0.00, 0.00, -10.58, 100.00, 0.00, 0.00, 3.35, 0.00, -10, 0, 0
3227280, 0.00, 0.00, -10.58, 100.00, 0.00, 0.00, 3.35, 0.00, -10, 0, 0
3799949, 0.00, 0.00, -10.58, 100.00, 0.00, 0.00, 3.35, 0.00, -10, 0, 0
6129035, 0.00, 0.00, -10.58, 100.00, 0.00, 0.00, 3.35, 0.00, -10, 0, 0
3412709, 0.00, 0.00, -10.58, 100.00, 0.00, 0.00, 3.35, 0.00, -10, 0, 0
3139875, 0.00, 0.00, -10.58, 100.00, 0.00, 0.00, 3.35, 0.00, -10, 0, 0
3073005, 0.00, 0.00, -10.58, 100.00, 0.00, 0.00, 3.35, 0.00, -10, 0, 0
3412549, 0.00, 0.00, -10.58, 100.00, 0.00, 0.00, 3.35, 0.00, -10, 0, 0
3695711, 0.00, 0.00, -10.58, 100.00, 0.00, 0.00, 3.35, 0.00, -10, 0, 0
3325142, 0.00, 0.00, -10.58, 100.00, 0.00, 0.00, 3.35, 0.00, -10, 0, 0
3062888, 0.00, 0.00, -10.58, 100.00, 0.00, 0.00, 3.35, 0.00, -10, 0, 0
3201211, 0.00, 0.00, -10.58, 100.00, 0.00, 0.00, 3.35, 0.00, -10, 0, 0
4077484, 0.00, 0.00, -10.58, 100.00, 0.00, 0.00, 3.35, 0.00, -10, 0, 0
6129035, 0.00, 0.00, -10.58, 100.00, 0.00, 0.00, 3.35, 0.00, -10, 0, 0
3460598, 0.00, 0.00, -10.58, 100.00, 0.00, 0.00, 3.35, 0.00, -10, 0, 0
3224558, 0.00, 0.00, -10.58, 100.00, 0.00, 0.00, 3.35, 0.00, -10, 0, 0
3535678, 0.00, 0.00, -10.58, 100.00, 0.00, 0.00, 3.35, 0.00, -10, 0, 0
3798527, 0.00, 0.00, -10.58, 100.00, 0.00, 0.00, 3.35, 0.00, -10, 0, 0
3542875, 0.00, 0.00, -10.58, 100.00, 0.00, 0.00, 3.35, 0.00, -10, 0, 0
3235182, 0.00, 0.00, -10.58, 100.00, 0.00, 0.00, 3.35, 0.00, -10, 0, 0
3116755, 0.00, 0.00, -10.58, 100.00, 0.00, 0.00, 3.35, 0.00, -10, 0, 0
3244228, 0.00, 0.00, -10.58, 100.00, 0.00, 0.00, 3.35, 0.00, -10, 0, 0
3385392, 0.00, 0.00, -10.58, 100.00, 0.00, 0.00, 3.35, 0.00, -10, 0, 0
6129035, 0.00, 0.00, -10.58, 100.00, 0.00, 0.00, 3.35, 0.00, -10, 0, 0
3255971, 0.00, 0.00, -10.58, 100.00, 0.00, 0.00, 3.35, 0.00, -10, 0, 0
3148978, 0.00, 0.00, -10.58, 100.00, 0.00, 0.00, 3.35, 0.00, -10, 0, 0
3284617, 0.00, 0.00, -10.58, 100.00, 0.00, 0.00, 3.35, 0.00, -10, 0, 0
3840635, 0.00, 0.00, -10.58, 100.00, 0.00, 0.00, 3.35, 0.00, -10, 0, 0
3386436, 0.00, 0.00, -10.58, 100.00, 0.00, 0.00, 3.35, 0.00, -10, 0, 0
3529070, 0.00, 0.00, -10.58, 100.00, 0.00, 0.00, 3.35, 0.00, -10, 0, 0
3374911, 0.00, 0.00, -10.58, 100.00, 0.00, 0.00, 3.35, 0.00, -10, 0, 0
3400271, 0.00, 0.00, -10.58, 100.00, 0.00, 0.00, 3.35, 0.00, -10, 0, 0
3400359, 0.00, 0.00, -10.58, 100.00, 0.00, 0.00, 3.35, 0.00, -10, 0, 0
6129035, 0.00, 0.00, -10.58, 100.00, 0.00, 0.00, 3.35, 0.00, -10, 0, 0
3213228, 0.00, 0.00, -10.58, 100.00, 0.00, 0.00, 3.35, 0.00, -10, 0, 0
3598564, 0.00, 0.00, -10.58, 100.00, 0.00, 0.00, 3.35, 0.00, -10, 0, 0
3660416, 0.00, 0.00, -10.58, 100.00, 0.00, 0.00, 3.35, 0.00, -10, 0, 0
3381799, 0.00, 0.00, -10.58, 100.00, 0.00, 0.00, 3.35, 0.00, -10, 0, 0
3251366, 0.00, 0.00, -10.58, 100.00, 0.00, 0.00, 3.35, 0.00, -10, 0, 0
3331746, 0.00, 0.00, -10.58, 100.00, 0.00, 0.00, 3.35, 0.00, -10, 0, 0
3125912, 0.00, 0.00, -10.58, 100.00, 0.00, 0.00, 3.35, 0.00, -10, 0, 0
3461219, 0.00, 0.00, -10.58, 100.00, 0.00, 0.00, 3.35, 0.00, -10, 0, 0
3575754, 0.00, 0.00, -10.58, 100.00, 0.00, 0.00, 3.35, 0.00, -10, 0, 0
6129035, 0.00, 0.00, -10.58, 100.00, 0.00, 0.00, 3.35, 0.00, -10, 0, 0
3739350, 0.00, 0.00, -10.58, 100.00, 0.00, 0.00, 3.35, 0.00, -10, 0, 0
3977686, 0.00, 0.00, -10.58, 100.00, 0.00, 0.00, 3.35, 0.00, -10, 0, 0
3989031, 0.00, 0.00, -10.58, 100.00, 0.00, 0.00, 3.35, 0.00, -10, 0, 0
3435388, 0.00, 0.00, -10.58, 100.00, 0.00, 0.00, 3.35, 0.00, -10, 0, 0
3382852, 0.00, 0.00, -10.58, 100.00, 0.00, 0.00, 3.35, 0.00, -10, 0, 0
3316401, 0.00, 0.00, -10.58, 100.00, 0.00, 0.00, 3.35, 0.00, -10, 0, 0
3338464, 0.00, 0.00, -10.58, 100.00, 0.00, 0.00, 3.35, 0.00, -10, 0, 0
3389792, 0.00, 0.00, -10.58, 100.00, 0.00, 0.00, 3.35, 0.00, -10, 0, 0
3151153, 0.00, 0.00, -10.58, 100.00, 0.00, 0.00, 3.35, 0.00, -10, 0, 0
6129035, 0.00, 0.00, -10.58, 100.00, 0.00, 0.00, 3.35, 0.00, -10, 0, 0
3270651, 0.00, 0.00, -10.58, 100.00, 0.00, 0.00, 3.35, 0.00, -10, 0, 0
3375819, 0.00, 0.00, -10.58, 100.00, 0.00, 0.00, 3.35, 0.00, -10, 0, 0
3465213, 0.00, 0.00, -10.58, 100.00, 0.00, 0.00, 3.35, 0.00, -10, 0, 0
3244808, 0.00, 0.00, -10.58, 100.00, 0.00, 0.00, 3.35, 0.00, -10, 0, 0
3519771, 0.00, 0.00, -10.58, 100.00, 0.00, 0.00, 3.35, 0.00, -10, 0, 0
3536504, 0.00, 0.00, -10.58, 100.00, 0.00, 0.00, 3.35, 0.00, -10, 0, 0
3400256, 0.00, 0.00, -10.58, 100.00, 0.00, 0.00, 3.35, 0.00, -10, 0, 0
3279481, 0.00, 0.00, -10.58, 100.00, 0.00, 0.00, 3.35, 0.00, -10, 0, 0
3527775, 0.00, 0.00, -10.58, 100.00, 0.00, 0.00, 3.35, 0.00, -10, 0, 0
6129035, 0.00, 0.00, -10.58, 100.00, 0.00, 0.00, 3.35, 0.00, -10, 0, 0
3449910, 0.00, 0.00, -10.58, 100.00, 0.00, 0.00, 3.35, 0.00, -10, 0, 0
3982424, 0.00, 0.00, -10.58, 100.00, 0.00, 0.00, 3.35, 0.00, -10, 0, 0
3435640, 0.00, 0.00, -10.58, 100.00, 0.00, 0.00, 3.35, 0.00, -10, 0, 0
3275568, 0.00, 0.00, -10.58, 100.00, 0.00, 0.00, 3.35, 0.00, -10, 0, 0
3577479, 0.00, 0.00, -10.58, 100.00, 0.00, 0.00, 3.35, 0.00, -10, 0, 0
3252177, 0.00, 0.00, -10.58, 100.00, 0.00, 0.00, 3.35, 0.00, -10, 0, 0
3281667, 0.00, 0.00, -10.58, 100.00, 0.00, 0.00, 3.35, 0.00, -10, 0, 0
3525669, 0.00, 0.00, -10.58, 100.00, 0.00, 0.00, 3.35, 0.00, -10, 0, 0
3248201, 0.00, 0.00, -10.58, 100.00, 0.00, 0.00, 3.35, 0.00, -10, 0, 0
6129035, 0.00, 0.00, -10.58, 100.00, 0.00, 0.00, 3.35, 0.00, -10, 0, 0
3666881, 0.00, 0.00, -10.58, 100.00, 0.00, 0.00, 3.35, 0.00, -10, 0, 0
4164241, 0.00, 0.00, -10.58, 100.00, 0.00, 0.00, 3.35, 0.00, -10, 0, 0
3512560, 0.00, 0.00, -10.58, 100.00, 0.00, 0.00, 3.35, 0.00, -10, 0, 0
3431633, 0.00, 0.00, -10.58, 100.00, 0.00, 0.00, 3.35, 0.00, -10, 0, 0
3466621, 0.00, 0.00, -10.58, 100.00, 0.00, 0.00, 3.35, 0.00, -10, 0, 0
3356563, 0.00, 0.00, -10.58, 100.00, 0.00, 0.00, 3.35, 0.00, -10, 0, 0
3683904, 0.00, 0.00, -10.58, 100.00, 0.00, 0.00, 3.35, 0.00, -10, 0, 0
3204422, 0.00, 0.00, -10.58, 100.00, 0.00, 0.00, 3.35, 0.00, -10, 0, 0
3309563, 0.00, 0.00, -10.58, 100.00, 0.00, 0.00, 3.35, 0.00, -10, 0, 0
6129035, 0.00, 0.00, -10.58, 100.00, 0.00, 0.00, 3.35, 0.00, -10, 0, 0
3786343, 0.00, 0.00, -10.58, 100.00, 0.00, 0.00, 3.35, 0.00, -10, 0, 0
3306235, 0.00, 0.00, -10.58, 100.00, 0.00, 0.00, 3.35, 0.00, -10, 0, 0
3313303, 0.00, 0.00, -10.58, 100.00, 0.00, 0.00, 3.35, 0.00, -10, 0, 0
3459839, 0.00, 0.00, -10.58, 100.00, 0.00, 0.00, 3.35, 0.00, -10, 0, 0
3088014, 0.00, 0.00, -10.58, 100.00, 0.00, 0.00, 3.35, 0.00, -10, 0, 0
3745605, 0.00, 0.00, -10.58, 100.00, 0.00, 0.00, 3.35, 0.00, -10, 0, 0
3658684, 0.00, 0.00, -10.58, 100.00, 0.00, 0.00, 3.35, 0.00, -10, 0, 0
3534626, 0.00, 0.00, -10.58, 100.00, 0.00, 0.00, 3.35, 0.00, -10, 0, 0
3214492, 0.00, 0.00, -10.58, 100.00, 0.00, 0.00, 3.35, 0.00, -10, 0, 0
6129035, 0.00, 0.00, -10.58, 100.00, 0.00, 0.00, 3.35, 0.00, -10, 0, 0
3998889, 0.00, 0.00, -10.58, 100.00, 0.00, 0.00, 3.35, 0.00, -10, 0, 0
3315798, 0.00, 0.00, -10.58, 100.00, 0.00, 0.00, 3.35, 0.00, -10, 0, 0
3085011, 0.00, 0.00, -10.58, 100.00, 0.00, 0.00, 3.35, 0.00, -10, 0, 0
3337380, 0.00, 0.00, -10.58, 100.00, 0.00, 0.00, 3.35, 0.00, -10, 0, 0
3055091, 0.00, 0.00, -10.58, 100.00, 0.00, 0.00, 3.35, 0.00, -10, 0, 0
3538512, 0.00, 0.00, -10.58, 100.00, 0.00, 0.00, 3.35, 0.00, -10, 0, 0
3465304, 0.00, 0.00, -10.58, 100.00, 0.00, 0.00, 3.35, 0.00, -10, 0, 0
3389697, 0.00, 0.00, -10.58, 100.00, 0.00, 0.00, 3.35, 0.00, -10, 0, 0
3226317, 0.00, 0.00, -10.58, 100.00, 0.00, 0.00, 3.35, 0.00, -10, 0, 0
6129035, 0.00, 0.00, -10.58, 100.00, 0.00, 0.00, 3.35, 0.00, -10, 0, 0
3759835, 0.00, 0.00, -10.58, 100.00, 0.00, 0.00, 3.35, 0.00, -10, 0, 0
3373630, 0.00, 0.00, -10.58, 100.00, 0.00, 0.00, 3.35, 0.00, -10, 0, 0
3209542, 0.00, 0.00, -10.58, 100.00, 0.00, 0.00, 3.35, 0.00, -10, 0, 0
3728223, 0.00, 0.00, -10.58, 100.00, 0.00, 0.00, 3.35, 0.00, -10, 0, 0
3856364, 0.00, 0.00, -10.58, 100.00, 0.00, 0.00, 3.35, 0.00, -10, 0, 0
3873720, 0.00, 0.00, -10.58, 100.00, 0.00, 0.00, 3.35, 0.00, -10, 0, 0
3372285, 0.00, 0.00, -10.58, 100.00, 0.00, 0.00, 3.35, 0.00, -10, 0, 0
3242364, 0.00, 0.00, -10.58, 100.00, 0.00, 0.00, 3.35, 0.00, -10, 0, 0
3388740, 0.00, 0.00, -10.58, 100.00, 0.00, 0.00, 3.35, 0.00, -10, 0, 0
6129035, 0.00, 0.00, -10.58, 100.00, 0.00, 0.00, 3.35, 0.00, -10, 0, 0
3477876, 0.00, 0.00, -10.58, 100.00, 0.00, 0.00, 3.35, 0.00, -10, 0, 0
-996762450, 0.00, 0.00, -10.58, 100.00, 0.00, 0.00, 3.35, 0.00, -10, 0, 0
3395113, 0.00, 0.00, -10.58, 100.00, 0.00, 0.00, 3.35, 0.00, -10, 0, 0
3606154, 0.00, 0.00, -10.58, 100.00, 0.00, 0.00, 3.35, 0.00, -10, 0, 0
3734581, 0.00, 0.00, -10.58, 100.00, 0.00, 0.00, 3.35, 0.00, -10, 0, 0
3397613, 0.00, 0.00, -10.58, 100.00, 0.00, 0.00, 3.35, 0.00, -10, 0, 0
3374639, 0.00, 0.00, -10.58, 100.00, 0.00, 0.00, 3.35, 0.00, -10, 0, 0
3398188, 0.00, 0.00, -10.58, 100.00, 0.00, 0.00, 3.35, 0.00, -10, 0, 0
3414955, 0.00, 0.00, -10.58, 100.00, 0.00, 0.00, 3.35, 0.00, -10, 0, 0
6129035, 0.00, 0.00, -10.58, 100.00, 0.00, 0.00, 3.35, 0.00, -10, 0, 0
3246021, 0.00, 0.00, -10.58, 100.00, 0.00, 0.00, 3.35, 0.00, -10, 0, 0
3348212, 0.00, 0.00, -10.58, 100.00, 0.00, 0.00, 3.35, 0.00, -10, 0, 0
3660219, 0.00, 0.00, -10.58, 100.00, 0.00, 0.00, 3.35, 0.00, -10, 0, 0
3593330, 0.00, 0.00, -10.58, 100.00, 0.00, 0.00, 3.35, 0.00, -10, 0, 0
3430181, 0.00, 0.00, -10.58, 100.00, 0.00, 0.00, 3.35, 0.00, -10, 0, 0
3019910, 0.00, 0.00, -10.58, 100.00, 0.00, 0.00, 3.35, 0.00, -10, 0, 0
2872697, 0.00, 0.00, -10.58, 100.00, 0.00, 0.00, 3.35, 0.00, -10, 0, 0
2774969, 0.00, 0.00, -10.58, 100.00, 0.00, 0.00, 3.35, 0.00, -10, 0, 0
2892623, 0.00, 0.00, -10.58, 100.00, 0.00, 0.00, 3.35, 0.00, -10, 0, 0
6129035, 0.00, 0.00, -10.58, 100.00, 0.00, 0.00, 3.35, 0.00, -10, 0, 0
2911796, 0.00, 0.00, -10.58, 100.00, 0.00, 0.00, 3.35, 0.00, -10, 0, 0
2983848, 0.00, 0.00, -10.58, 100.00, 0.00, 0.00, 3.35, 0.00, -10, 0, 0
3120621, 0.00, 0.00, -10.58, 100.00, 0.00, 0.00, 3.35, 0.00, -10, 0, 0
2743922, 0.00, 0.00, -10.58, 100.00, 0.00, 0.00, 3.35, 0.00, -10, 0, 0
2790724, 0.00, 0.00, -10.58, 100.00, 0.00, 0.00, 3.35, 0.00, -10, 0, 0
3101435, 0.00, 0.00, -10.58, 100.00, 0.00, 0.00, 3.35, 0.00, -10, 0, 0
3128437, 0.00, 0.00, -10.58, 100.00, 0.00, 0.00, 3.35, 0.00, -10, 0, 0
2991162, 0.00, 0.00, -10.58, 100.00, 0.00, 0.00, 3.35, 0.00, -10, 0, 0
2862762, 0.00, 0.00, -10.58, 100.00, 0.00, 0.00, 3.35, 0.00, -10, 0, 0
6129035, 0.00, 0.00, -10.58, 100.00, 0.00, 0.00, 3.35, 0.00, -10, 0, 0
3315348, 0.00, 0.00, -10.58, 100.00, 0.00, 0.00, 3.35, 0.00, -10, 0, 0
3373542, 0.00, 0.00, -10.58, 100.00, 0.00, 0.00, 3.35, 0.00, -10, 0, 0
3658000, 0.00, 0.00, -10.58, 100.00, 0.00, 0.00, 3.35, 0.00, -10, 0, 0
3443637, 0.00, 0.00, -10.58, 100.00, 0.00, 0.00, 3.35, 0.00, -10, 0, 0
3205863, 0.00, 0.00, -10.58, 100.00, 0.00, 0.00, 3.35, 0.00, -10, 0, 0
3366309, 0.00, 0.00, -10.58, 100.00, 0.00, 0.00, 3.35, 0.00, -10, 0, 0
3474780, 0.00, 0.00, -10.58, 100.00, 0.00, 0.00, 3.35, 0.00, -10, 0, 0
3374730, 0.00, 0.00, -10.58, 100.00, 0.00, 0.00, 3.35, 0.00, -10, 0, 0
3136457, 0.00, 0.00, -10.58, 100.00, 0.00, 0.00, 3.35, 0.00, -10, 0, 0
6129035, 0.00, 0.00, -10.58, 100.00, 0.00, 0.00, 3.35, 0.00, -10, 0, 0
3738236, 0.00, 0.00, -10.58, 100.00, 0.00, 0.00, 3.35, 0.00, -10, 0, 0
3684982, 0.00, 0.00, -10.58, 100.00, 0.00, 0.00, 3.35, 0.00, -10, 0, 0
3319135, 0.00, 0.00, -10.58, 100.00, 0.00, 0.00, 3.35, 0.00, -10, 0, 0
3202002, 0.00, 0.00, -10.58, 100.00, 0.00, 0.00, 3.35, 0.00, -10, 0, 0
3377528, 0.00, 0.00, -10.58, 100.00, 0.00, 0.00, 3.35, 0.00, -10, 0, 0
4025127, 0.00, 0.00, -10.58, 100.00, 0.00, 0.00, 3.35, 0.00, -10, 0, 0
3223188, 0.00, 0.00, -10.58, 100.00, 0.00, 0.00, 3.35, 0.00, -10, 0, 0
3271868, 0.00, 0.00, -10.58, 100.00, 0.00, 0.00, 3.35, 0.00, -10, 0, 0
3261792, 0.00, 0.00, -10.58, 100.00, 0.00, 0.00, 3.35, 0.00, -10, 0, 0
6129035, 0.00, 0.00, -10.58, 100.00, 0.00, 0.00, 3.35, 0.00, -10, 0, 0
3966355, 0.00, 0.00, -10.58, 100.00, 0.00, 0.00, 3.35, 0.00, -10, 0, 0
3232025, 0.00, 0.00, -10.58, 100.00, 0.00, 0.00, 3.35, 0.00, -10, 0, 0
3369923, 0.00, 0.00, -10.58, 100.00, 0.00, 0.00, 3.35, 0.00, -10, 0, 0
3076655, 0.00, 0.00, -10.58, 100.00, 0.00, 0.00, 3.35, 0.00, -10, 0, 0
3688167, 0.00, 0.00, -10.58, 100.00, 0.00, 0.00, 3.35, 0.00, -10, 0, 0
3698478, 0.00, 0.00, -10.58, 100.00, 0.00, 0.00, 3.35, 0.00, -10, 0, 0
3355720, 0.00, 0.00, -10.58, 100.00, 0.00, 0.00, 3.35, 0.00, -10, 0, 0
3190542, 0.00, 0.00, -10.58, 100.00, 0.00, 0.00, 3.35, 0.00, -10, 0, 0
3132097, 0.00, 0.00, -10.58, 100.00, 0.00, 0.00, 3.35, 0.00, -10, 0, 0
6129035, 0.00, 0.00, -10.58, 100.00, 0.00, 0.00, 3.35, 0.00, -10, 0, 0
3538222, 0.00, 0.00, -10.58, 100.00, 0.00, 0.00, 3.35, 0.00, -10, 0, 0
3266698, 0.00, 0.00, -10.58, 100.00, 0.00, 0.00, 3.35, 0.00, -10, 0, 0
3359551, 0.00, 0.00, -10.58, 100.00, 0.00, 0.00, 3.35, 0.00, -10, 0, 0
3312678, 0.00, 0.00, -10.58, 100.00, 0.00, 0.00, 3.35, 0.00, -10, 0, 0
3493943, 0.00, 0.00, -10.58, 100.00, 0.00, 0.00, 3.35, 0.00, -10, 0, 0
3539987, 0.00, 0.00, -10.58, 100.00, 0.00, 0.00, 3.35, 0.00, -10, 0, 0
3104806, 0.00, 0.00, -10.58, 100.00, 0.00, 0.00, 3.35, 0.00, -10, 0, 0
3092640, 0.00, 0.00, -10.58, 100.00, 0.00, 0.00, 3.35, 0.00, -10, 0, 0
3311900, 0.00, 0.00, -10.58, 100.00, 0.00, 0.00, 3.35, 0.00, -10, 0, 0
6129035, 0.00, 0.00, -10.58, 100.00, 0.00, 0.00, 3.35, 0.00, -10, 0, 0
3468653, 0.00, 0.00, -10.58, 100.00, 0.00, 0.00, 3.35, 0.00, -10, 0, 0
3545341, 0.00, 0.00, -10.58, 100.00, 0.00, 0.00, 3.35, 0.00, -10, 0, 0
3394881, 0.00, 0.00, -10.58, 100.00, 0.00, 0.00, 3.35, 0.00, -10, 0, 0
3179302, 0.00, 0.00, -10.58, 100.00, 0.00, 0.00, 3.35, 0.00, -10, 0, 0
3327551, 0.00, 0.00, -10.58, 100.00, 0.00, 0.00, 3.35, 0.00, -10, 0, 0
3227520, 0.00, 0.00, -10.58, 100.00, 0.00, 0.00, 3.35, 0.00, -10, 0, 0
3167423, 0.00, 0.00, -10.58, 100.00, 0.00, 0.00, 3.35, 0.00, -10, 0, 0
3160886, 0.00, 0.00, -10.58, 100.00, 0.00, 0.00, 3.35, 0.00, -10, 0, 0
3721360, 0.00, 0.00, -10.58, 100.00, 0.00, 0.00, 3.35, 0.00, -10, 0, 0
6129035, 0.00, 0.00, -10.58, 100.00, 0.00, 0.00, 3.35, 0.00, -10, 0, 0
3455953, 0.00, 0.00, -10.58, 100.00, 0.00, 0.00, 3.35, 0.00, -10, 0, 0
3125171, 0.00, 0.00, -10.58, 100.00, 0.00, 0.00, 3.35, 0.00, -10, 0, 0
3207562, 0.00, 0.00, -10.58, 100.00, 0.00, 0.00, 3.35, 0.00, -10, 0, 0
3131089, 0.00, 0.00, -10.58, 100.00, 0.00, 0.00, 3.35, 0.00, -10, 0, 0
3283104, 0.00, 0.00, -10.58, 100.00, 0.00, 0.00, 3.35, 0.00, -10, 0, 0
3371423, 0.00, 0.00, -10.58, 100.00, 0.00, 0.00, 3.35, 0.00, -10, 0, 0
3175765, 0.00, 0.00, -10.58, 100.00, 0.00, 0.00, 3.35, 0.00, -10, 0, 0
3139619, 0.00, 0.00, -10.58, 100.00, 0.00, 0.00, 3.35, 0.00, -10, 0, 0
3676908, 0.00, 0.00, -10.58, 100.00, 0.00, 0.00, 3.35, 0.00, -10, 0, 0
6129035, 0.00, 0.00, -10.58, 100.00, 0.00, 0.00, 3.35, 0.00, -10, 0, 0
3363131, 0.00, 0.00, -10.58, 100.00, 0.00, 0.00, 3.35, 0.00, -10, 0, 0
3516477, 0.00, 0.00, -10.58, 100.00, 0.00, 0.00, 3.35, 0.00, -10, 0, 0
3349934, 0.00, 0.00, -10.58, 100.00, 0.00, 0.00, 3.35, 0.00, -10, 0, 0
3381769, 0.00, 0.00, -10.58, 100.00, 0.00, 0.00, 3.35, 0.00, -10, 0, 0
3740871, 0.00, 0.00, -10.58, 100.00, 0.00, 0.00, 3.35, 0.00, -10, 0, 0
3277417, 0.00, 0.00, -10.58, 100.00, 0.00, 0.00, 3.35, 0.00, -10, 0, 0
3324864, 0.00, 0.00, -10.58, 100.00, 0.00, 0.00, 3.35, 0.00, -10, 0, 0
3675806, 0.00, 0.00, -10.58, 100.00, 0.00, 0.00, 3.35, 0.00, -10, 0, 0
3640091, 0.00, 0.00, -10.58, 100.00, 0.00, 0.00, 3.35, 0.00, -10, 0, 0
6129035, 0.00, 0.00, -10.58, 100.00, 0.00, 0.00, 3.35, 0.00, -10, 0, 0
3570776, 0.00, 0.00, -10.58, 100.00, 0.00, 0.00, 3.35, 0.00, -10, 0, 0
3248992, 0.00, 0.00, -10.58, 100.00, 0.00, 0.00, 3.35, 0.00, -10, 0, 0
3311601, 0.00, 0.00, -10.58, 100.00, 0.00, 0.00, 3.35, 0.00, -10, 0, 0
3339781, 0.00, 0.00, -10.58, 100.00, 0.00, 0.00, 3.35, 0.00, -10, 0, 0
3178533, 0.00, 0.00, -10.58, 100.00, 0.00, 0.00, 3.35, 0.00, -10, 0, 0
3312055, 0.00, 0.00, -10.58, 100.00, 0.00, 0.00, 3.35, 0.00, -10, 0, 0
3709917, 0.00, 0.00, -10.58, 100.00, 0.00, 0.00, 3.35, 0.00, -10, 0, 0
3138912, 0.00, 0.00, -10.58, 100.00, 0.00, 0.00, 3.35, 0.00, -10, 0, 0
3557970, 0.00, 0.00, -10.58, 100.00, 0.00, 0.00, 3.35, 0.00, -10, 0, 0
6129035, 0.00, 0.00, -10.58, 100.00, 0.00, 0.00, 3.35, 0.00, -10, 0, 0
3459596, 0.00, 0.00, -10.58, 100.00, 0.00, 0.00, 3.35, 0.00, -10, 0, 0
3389566, 0.00, 0.00, -10.58, 100.00, 0.00, 0.00, 3.35, 0.00, -10, 0, 0
3260306, 0.00, 0.00, -10.58, 100.00, 0.00, 0.00, 3.35, 0.00, -10, 0, 0
3187184, 0.00, 0.00, -10.58, 100.00, 0.00, 0.00, 3.35, 0.00, -10, 0, 0
3094343, 0.00, 0.00, -10.58, 100.00, 0.00, 0.00, 3.35, 0.00, -10, 0, 0
3632740, 0.00, 0.00, -10.58, 100.00, 0.00, 0.00, 3.35, 0.00, -10, 0, 0
3344788, 0.00, 0.00, -10.58, 100.00, 0.00, 0.00, 3.35, 0.00, -10, 0, 0
3212492, 0.00, 0.00, -10.58, 100.00, 0.00, 0.00, 3.35, 0.00, -10, 0, 0
3460366, 0.00, 0.00, -10.58, 100.00, 0.00, 0.00, 3.35, 0.00, -10, 0, 0
6129035, 0.00, 0.00, -10.58, 100.00, 0.00, 0.00, 3.35, 0.00, -10, 0, 0
3475545, 0.00, 0.00, -10.58, 100.00, 0.00, 0.00, 3.35, 0.00, -10, 0, 0
3228625, 0.00, 0.00, -10.58, 100.00, 0.00, 0.00, 3.35, 0.00, -10, 0, 0
3252390, 0.00, 0.00, -10.58, 100.00, 0.00, 0.00, 3.35, 0.00, -10, 0, 0
3271751, 0.00, 0.00, -10.58, 100.00, 0.00, 0.00, 3.35, 0.00, -10, 0, 0
3552163, 0.00, 0.00, -10.58, 100.00, 0.00, 0.00, 3.35, 0.00, -10, 0, 0
3711422, 0.00, 0.00, -10.58, 100.00, 0.00, 0.00, 3.35, 0.00, -10, 0, 0
3412948, 0.00, 0.00, -10.58, 100.00, 0.00, 0.00, 3.35, 0.00, -10, 0, 0
3309129, 0.00, 0.00, -10.58, 100.00, 0.00, 0.00, 3.35, 0.00, -10, 0, 0
3344366, 0.00, 0.00, -10.58, 100.00, 0.00, 0.00, 3.35, 0.00, -10, 0, 0
6129035, 0.00, 0.00, -10.58, 100.00, 0.00, 0.00, 3.35, 0.00, -10, 0, 0
3475583, 0.00, 0.00, -10.58, 100.00, 0.00, 0.00, 3.35, 0.00, -10, 0, 0
3111587, 0.00, 0.00, -10.58, 100.00, 0.00, 0.00, 3.35, 0.00, -10, 0, 0
3056477, 0.00, 0.00, -10.58, 100.00, 0.00, 0.00, 3.35, 0.00, -10, 0, 0
3339040, 0.00, 0.00, -10.58, 100.00, 0.00, 0.00, 3.35, 0.00, -10, 0, 0
3608469, 0.00, 0.00, -10.58, 100.00, 0.00, 0.00, 3.35, 0.00, -10, 0, 0
3543808, 0.00, 0.00, -10.58, 100.00, 0.00, 0.00, 3.35, 0.00, -10, 0, 0
3249280, 0.00, 0.00, -10.58, 100.00, 0.00, 0.00, 3.35, 0.00, -10, 0, 0
3219195, 0.00, 0.00, -10.58, 100.00, 0.00, 0.00, 3.35, 0.00, -10, 0, 0
3585435, 0.00, 0.00, -10.58, 100.00, 0.00, 0.00, 3.35, 0.00, -10, 0, 0
6129035, 0.00, 0.00, -10.58, 100.00, 0.00, 0.00, 3.35, 0.00, -10, 0, 0
3640296, 0.00, 0.00, -10.58, 100.00, 0.00, 0.00, 3.35, 0.00, -10, 0, 0
3161573, 0.00, 0.00, -10.58, 100.00, 0.00, 0.00, 3.35, 0.00, -10, 0, 0
3286757, 0.00, 0.00, -10.58, 100.00, 0.00, 0.00, 3.35, 0.00, -10, 0, 0
3466442, 0.00, 0.00, -10.58, 100.00, 0.00, 0.00, 3.35, 0.00, -10, 0, 0
3478761, 0.00, 0.00, -10.58, 100.00, 0.00, 0.00, 3.35, 0.00, -10, 0, 0
3386029, 0.00, 0.00, -10.58, 100.00, 0.00, 0.00, 3.35, 0.00, -10, 0, 0
3255101, 0.00, 0.00, -10.58, 100.00, 0.00, 0.00, 3.35, 0.00, -10, 0, 0
3179964, 0.00, 0.00, -10.58, 100.00, 0.00, 0.00, 3.35, 0.00, -10, 0, 0
3342228, 0.00, 0.00, -10.58, 100.00, 0.00, 0.00, 3.35, 0.00, -10, 0, 0
6129035, 0.00, 0.00, -10.58, 100.00, 0.00, 0.00, 3.35, 0.00, -10, 0, 0
3496442, 0.00, 0.00, -10.58, 100.00, 0.00, 0.00, 3.35, 0.00, -10, 0, 0
3313874, 0.00, 0.00, -10.58, 100.00, 0.00, 0.00, 3.35, 0.00, -10, 0, 0
3481095, 0.00, 0.00, -10.58, 100.00, 0.00, 0.00, 3.35, 0.00, -10, 0, 0
3765217, 0.00, 0.00, -10.58, 100.00, 0.00, 0.00, 3.35, 0.00, -10, 0, 0
3416846, 0.00, 0.00, -10.58, 100.00, 0.00, 0.00, 3.35, 0.00, -10, 0, 0
3441183, 0.00, 0.00, -10.58, 100.00, 0.00, 0.00, 3.35, 0.00, -10, 0, 0
3327718, 0.00, 0.00, -10.58, 100.00, 0.00, 0.00, 3.35, 0.00, -10, 0, 0
3605886, 0.00, 0.00, -10.58, 100.00, 0.00, 0.00, 3.35, 0.00, -10, 0, 0
3872273, 0.00, 0.00, -10.58, 100.00, 0.00, 0.00, 3.35, 0.00, -10, 0, 0
6129035, 0.00, 0.00, -10.58, 100.00, 0.00, 0.00, 3.35, 0.00, -10, 0, 0
3300542, 0.00, 0.00, -10.58, 100.00, 0.00, 0.00, 3.35, 0.00, -10, 0, 0
3383069, 0.00, 0.00, -10.58, 100.00, 0.00, 0.00