Thu Nov 22 15:39:36 2018
StepTime, x, v, f, xdes, vdes, fdes, cmd, IR, LSB, LSF
6109678,0.00, 100.00, 0.00, 2.45, 0, 0, 0
2961034,0.00, 100.00, 0.00, 2.45, 0, 0, 0
2662851,0.00, 100.00, 0.00, 2.45, 0, 0, 0
2847654,0.00, 100.00, 0.00, 2.45, 0, 0, 0
2781211,0.00, 100.00, 0.00, 2.45, 0, 0, 0
2919412,0.00, 100.00, 0.00, 2.45, 0, 0, 0
3041147,0.00, 100.00, 0.00, 2.45, 0, 0, 0
2728363,0.00, 100.00, 0.00, 2.45, 0, 0, 0
2828265,0.00, 100.00, 0.00, 2.45, 0, 0, 0
2833422,0.00, 100.00, 0.00, 2.45, 0, 0, 0
6109678,0.00, 100.00, 0.00, 2.45, 0, 0, 0
2834728,0.00, 100.00, 0.00, 2.45, 0, 0, 0
3156093,0.00, 100.00, 0.00, 2.45, 0, 0, 0
3213381,0.00, 100.00, 0.00, 2.45, 0, 0, 0
3195834,0.00, 100.00, 0.00, 2.45, 0, 0, 0
3187041,0.00, 100.00, 0.00, 2.45, 0, 0, 0
3134989,0.00, 100.00, 0.00, 2.45, 0, 0, 0
3165512,0.00, 100.00, 0.00, 2.45, 0, 0, 0
3035101,0.00, 100.00, 0.00, 2.45, 0, 0, 0
3072861,0.00, 100.00, 0.00, 2.45, 0, 0, 0
6109678,0.00, 100.00, 0.00, 2.45, 0, 0, 0
3232500,0.00, 100.00, 0.00, 2.45, 0, 0, 0
3106807,0.00, 100.00, 0.00, 2.45, 0, 0, 0
3119288,0.00, 100.00, 0.00, 2.45, 0, 0, 0
3109598,0.00, 100.00, 0.00, 2.45, 0, 0, 0
3123359,0.00, 100.00, 0.00, 2.45, 0, 0, 0
3112495,0.00, 100.00, 0.00, 2.45, 0, 0, 0
3082807,0.00, 100.00, 0.00, 2.45, 0, 0, 0
2842239,0.00, 100.00, 0.00, 2.45, 0, 0, 0
2821359,0.00, 100.00, 0.00, 2.45, 0, 0, 0
6109678,0.00, 100.00, 0.00, 2.45, 0, 0, 0
2830673,0.00, 100.00, 0.00, 2.45, 0, 0, 0
2693566,0.00, 100.00, 0.00, 2.45, 0, 0, 0
2709673,0.00, 100.00, 0.00, 2.45, 0, 0, 0
2703449,0.00, 100.00, 0.00, 2.45, 0, 0, 0
2708136,0.00, 100.00, 0.00, 2.45, 0, 0, 0
2705295,0.00, 100.00, 0.00, 2.45, 0, 0, 0
2709602,0.00, 100.00, 0.00, 2.45, 0, 0, 0
2708005,0.00, 100.00, 0.00, 2.45, 0, 0, 0
2711947,0.00, 100.00, 0.00, 2.45, 0, 0, 0
6109678,0.00, 100.00, 0.00, 2.45, 0, 0, 0
2894451,0.00, 100.00, 0.00, 2.45, 0, 0, 0
2806063,0.00, 100.00, 0.00, 2.45, 0, 0, 0
2750707,0.00, 100.00, 0.00, 2.45, 0, 0, 0
2801647,0.00, 100.00, 0.00, 2.45, 0, 0, 0
2854690,0.00, 100.00, 0.00, 2.45, 0, 0, 0
2933916,0.00, 100.00, 0.00, 2.45, 0, 0, 0
2875645,0.00, 100.00, 0.00, 2.45, 0, 0, 0
3130288,0.00, 100.00, 0.00, 2.45, 0, 0, 0
2727124,0.00, 100.00, 0.00, 2.45, 0, 0, 0
6109678,0.00, 100.00, 0.00, 2.45, 0, 0, 0
2725515,0.00, 100.00, 0.00, 2.45, 0, 0, 0
2824470,0.00, 100.00, 0.00, 2.45, 0, 0, 0
2917599,0.00, 100.00, 0.00, 2.45, 0, 0, 0
3259244,0.00, 100.00, 0.00, 2.45, 0, 0, 0
2798873,0.00, 100.00, 0.00, 2.45, 0, 0, 0
2694969,0.00, 100.00, 0.00, 2.45, 0, 0, 0
2583828,0.00, 100.00, 0.00, 2.45, 0, 0, 0
2727841,0.00, 100.00, 0.00, 2.45, 0, 0, 0
2787500,0.00, 100.00, 0.00, 2.45, 0, 0, 0
6109678,0.00, 100.00, 0.00, 2.45, 0, 0, 0
3223432,0.00, 100.00, 0.00, 2.45, 0, 0, 0
3198475,0.00, 100.00, 0.00, 2.45, 0, 0, 0
3373030,0.00, 100.00, 0.00, 2.45, 0, 0, 0
3591806,0.00, 100.00, 0.00, 2.45, 0, 0, 0
3142435,0.00, 100.00, 0.00, 2.45, 0, 0, 0
3084573,0.00, 100.00, 0.00, 2.45, 0, 0, 0
3099151,0.00, 100.00, 0.00, 2.45, 0, 0, 0
3236025,0.00, 100.00, 0.00, 2.45, 0, 0, 0
3517689,0.00, 100.00, 0.00, 2.45, 0, 0, 0
6109678,0.00, 100.00, 0.00, 2.45, 0, 0, 0
3162771,0.00, 100.00, 0.00, 2.45, 0, 0, 0
3231470,0.00, 100.00, 0.00, 2.45, 0, 0, 0
3512816,0.00, 100.00, 0.00, 2.45, 0, 0, 0
3302063,0.00, 100.00, 0.00, 2.45, 0, 0, 0
3254746,0.00, 100.00, 0.00, 2.45, 0, 0, 0
3003157,0.00, 100.00, 0.00, 2.45, 0, 0, 0
3169103,0.00, 100.00, 0.00, 2.45, 0, 0, 0
3078088,0.00, 100.00, 0.00, 2.45, 0, 0, 0
3697540,0.00, 100.00, 0.00, 2.45, 0, 0, 0
6109678,0.00, 100.00, 0.00, 2.45, 0, 0, 0
3260516,0.00, 100.00, 0.00, 2.45, 0, 0, 0
3125047,0.00, 100.00, 0.00, 2.45, 0, 0, 0
3913875,0.00, 100.00, 0.00, 2.45, 0, 0, 0
3360185,0.00, 100.00, 0.00, 2.45, 0, 0, 0
3141955,0.00, 100.00, 0.00, 2.45, 0, 0, 0
3213881,0.00, 100.00, 0.00, 2.45, 0, 0, 0
3260392,0.00, 100.00, 0.00, 2.45, 0, 0, 0
3186662,0.00, 100.00, 0.00, 2.45, 0, 0, 0
3411105,0.00, 100.00, 0.00, 2.45, 0, 0, 0
6109678,0.00, 100.00, 0.00, 2.45, 0, 0, 0
3381616,0.00, 100.00, 0.00, 2.45, 0, 0, 0
3311259,0.00, 100.00, 0.00, 2.45, 0, 0, 0
3784533,0.00, 100.00, 0.00, 2.45, 0, 0, 0
3364159,0.00, 100.00, 0.00, 2.45, 0, 0, 0
3208486,0.00, 100.00, 0.00, 2.45, 0, 0, 0
3345237,0.00, 100.00, 0.00, 2.45, 0, 0, 0
3182585,0.00, 100.00, 0.00, 2.45, 0, 0, 0
3218401,0.00, 100.00, 0.00, 2.45, 0, 0, 0
3218580,0.00, 100.00, 0.00, 2.45, 0, 0, 0
6109678,0.00, 100.00, 0.00, 2.45, 0, 0, 0
3252405,0.00, 100.00, 0.00, 2.45, 0, 0, 0
3581195,0.00, 100.00, 0.00, 2.45, 0, 0, 0
3453995,0.00, 100.00, 0.00, 2.45, 0, 0, 0
3524082,0.00, 100.00, 0.00, 2.45, 0, 0, 0
3308752,0.00, 100.00, 0.00, 2.45, 0, 0, 0
3130223,0.00, 100.00, 0.00, 2.45, 0, 0, 0
3247803,0.00, 100.00, 0.00, 2.45, 0, 0, 0
3309114,0.00, 100.00, 0.00, 2.45, 0, 0, 0
3301678,0.00, 100.00, 0.00, 2.45, 0, 0, 0
6109678,0.00, 100.00, 0.00, 2.45, 0, 0, 0
3459408,0.00, 100.00, 0.00, 2.45, 0, 0, 0
3594505,0.00, 100.00, 0.00, 2.45, 0, 0, 0
3215398,0.00, 100.00, 0.00, 2.45, 0, 0, 0
3446616,0.00, 100.00, 0.00, 2.45, 0, 0, 0
3201538,0.00, 100.00, 0.00, 2.45, 0, 0, 0
3077921,0.00, 100.00, 0.00, 2.45, 0, 0, 0
3161470,0.00, 100.00, 0.00, 2.45, 0, 0, 0
3346177,0.00, 100.00, 0.00, 2.45, 0, 0, 0
3098464,0.00, 100.00, 0.00, 2.45, 0, 0, 0
6109678,0.00, 100.00, 0.00, 2.45, 0, 0, 0
3662438,0.00, 100.00, 0.00, 2.45, 0, 0, 0
3850005,0.00, 100.00, 0.00, 2.45, 0, 0, 0
3165528,0.00, 100.00, 0.00, 2.45, 0, 0, 0
3350065,0.00, 100.00, 0.00, 2.45, 0, 0, 0
3296652,0.00, 100.00, 0.00, 2.45, 0, 0, 0
3114629,0.00, 100.00, 0.00, 2.45, 0, 0, 0
3113609,0.00, 100.00, 0.00, 2.45, 0, 0, 0
3428444,0.00, 100.00, 0.00, 2.45, 0, 0, 0
3049861,0.00, 100.00, 0.00, 2.45, 0, 0, 0
6109678,0.00, 100.00, 0.00, 2.45, 0, 0, 0
3685837,0.00, 100.00, 0.00, 2.45, 0, 0, 0
3509015,0.00, 100.00, 0.00, 2.45, 0, 0, 0
3241443,0.00, 100.00, 0.00, 2.45, 0, 0, 0
3496120,0.00, 100.00, 0.00, 2.45, 0, 0, 0
3581033,0.00, 100.00, 0.00, 2.45, 0, 0, 0
3386080,0.00, 100.00, 0.00, 2.45, 0, 0, 0
3247742,0.00, 100.00, 0.00, 2.45, 0, 0, 0
3185577,0.00, 100.00, 0.00, 2.45, 0, 0, 0
3099469,0.00, 100.00, 0.00, 2.45, 0, 0, 0
6109678,0.00, 100.00, 0.00, 2.45, 0, 0, 0
3588655,0.00, 100.00, 0.00, 2.45, 0, 0, 0
3418686,0.00, 100.00, 0.00, 2.45, 0, 0, 0
3179080,0.00, 100.00, 0.00, 2.45, 0, 0, 0
3440893,0.00, 100.00, 0.00, 2.45, 0, 0, 0
3254924,0.00, 100.00, 0.00, 2.45, 0, 0, 0
3404291,0.00, 100.00, 0.00, 2.45, 0, 0, 0
3314204,0.00, 100.00, 0.00, 2.45, 0, 0, 0
3408927,0.00, 100.00, 0.00, 2.45, 0, 0, 0
3400370,0.00, 100.00, 0.00, 2.45, 0, 0, 0
6109678,0.00, 100.00, 0.00, 2.45, 0, 0, 0
3509787,0.00, 100.00, 0.00, 2.45, 0, 0, 0
3248000,0.00, 100.00, 0.00, 2.45, 0, 0, 0
3277635,0.00, 100.00, 0.00, 2.45, 0, 0, 0
4066912,0.00, 100.00, 0.00, 2.45, 0, 0, 0
3354890,0.00, 100.00, 0.00, 2.45, 0, 0, 0
3571403,0.00, 100.00, 0.00, 2.45, 0, 0, 0
3447510,0.00, 100.00, 0.00, 2.45, 0, 0, 0
3558797,0.00, 100.00, 0.00, 2.45, 0, 0, 0
3711459,0.00, 100.00, 0.00, 2.45, 0, 0, 0
6109678,0.00, 100.00, 0.00, 2.45, 0, 0, 0
3533683,0.00, 100.00, 0.00, 2.45, 0, 0, 0
3216584,0.00, 100.00, 0.00, 2.45, 0, 0, 0
3710741,0.00, 100.00, 0.00, 2.45, 0, 0, 0
3927842,0.00, 100.00, 0.00, 2.45, 0, 0, 0
3458236,0.00, 100.00, 0.00, 2.45, 0, 0, 0
3253153,0.00, 100.00, 0.00, 2.45, 0, 0, 0
3600469,0.00, 100.00, 0.00, 2.45, 0, 0, 0
3503066,0.00, 100.00, 0.00, 2.45, 0, 0, 0
3205900,0.00, 100.00, 0.00, 2.45, 0, 0, 0
6109678,0.00, 100.00, 0.00, 2.45, 0, 0, 0
3288668,0.00, 100.00, 0.00, 2.45, 0, 0, 0
3191921,0.00, 100.00, 0.00, 2.45, 0, 0, 0
3477494,0.00, 100.00, 0.00, 2.45, 0, 0, 0
3203493,0.00, 100.00, 0.00, 2.45, 0, 0, 0
3121665,0.00, 100.00, 0.00, 2.45, 0, 0, 0
3343335,0.00, 100.00, 0.00, 2.45, 0, 0, 0
3300275,0.00, 100.00, 0.00, 2.45, 0, 0, 0
3565178,0.00, 100.00, 0.00, 2.45, 0, 0, 0
3228893,0.00, 100.00, 0.00, 2.45, 0, 0, 0
6109678,0.00, 100.00, 0.00, 2.45, 0, 0, 0
3658603,0.00, 100.00, 0.00, 2.45, 0, 0, 0
3335959,0.00, 100.00, 0.00, 2.45, 0, 0, 0
3977231,0.00, 100.00, 0.00, 2.45, 0, 0, 0
3268300,0.00, 100.00, 0.00, 2.45, 0, 0, 0
3129557,0.00, 100.00, 0.00, 2.45, 0, 0, 0
3302232,0.00, 100.00, 0.00, 2.45, 0, 0, 0
3771314,0.00, 100.00, 0.00, 2.45, 0, 0, 0
3469982,0.00, 100.00, 0.00, 2.45, 0, 0, 0
3245880,0.00, 100.00, 0.00, 2.45, 0, 0, 0
6109678,0.00, 100.00, 0.00, 2.45, 0, 0, 0
3226912,0.00, 100.00, 0.00, 2.45, 0, 0, 0
3320489,0.00, 100.00, 0.00, 2.45, 0, 0, 0
3245188,0.00, 100.00, 0.00, 2.45, 0, 0, 0
3111146,0.00, 100.00, 0.00, 2.45, 0, 0, 0
3068829,0.00, 100.00, 0.00, 2.45, 0, 0, 0
3507113,0.00, 100.00, 0.00, 2.45, 0, 0, 0
4134632,0.00, 100.00, 0.00, 2.45, 0, 0, 0
3872593,0.00, 100.00, 0.00, 2.45, 0, 0, 0
3191391,0.00, 100.00, 0.00, 2.45, 0, 0, 0
6109678,0.00, 100.00, 0.00, 2.45, 0, 0, 0
3544947,0.00, 100.00, 0.00, 2.45, 0, 0, 0
3206974,0.00, 100.00, 0.00, 2.45, 0, 0, 0
3121590,0.00, 100.00, 0.00, 2.45, 0, 0, 0
3121524,0.00, 100.00, 0.00, 2.45, 0, 0, 0
3412763,0.00, 100.00, 0.00, 2.45, 0, 0, 0
3359188,0.00, 100.00, 0.00, 2.45, 0, 0, 0
3388951,0.00, 100.00, 0.00, 2.45, 0, 0, 0
3872922,0.00, 100.00, 0.00, 2.45, 0, 0, 0
3185960,0.00, 100.00, 0.00, 2.45, 0, 0, 0
6109678,0.00, 100.00, 0.00, 2.45, 0, 0, 0
3243765,0.00, 100.00, 0.00, 2.45, 0, 0, 0
3042516,0.00, 100.00, 0.00, 2.45, 0, 0, 0
3147125,0.00, 100.00, 0.00, 2.45, 0, 0, 0
3077681,0.00, 100.00, 0.00, 2.45, 0, 0, 0
3686230,0.00, 100.00, 0.00, 2.45, 0, 0, 0
3361371,0.00, 100.00, 0.00, 2.45, 0, 0, 0
3429557,0.00, 100.00, 0.00, 2.45, 0, 0, 0
3362363,0.00, 100.00, 0.00, 2.45, 0, 0, 0
3198110,0.00, 100.00, 0.00, 2.45, 0, 0, 0
6109678,0.00, 100.00, 0.00, 2.45, 0, 0, 0
3382163,0.00, 100.00, 0.00, 2.45, 0, 0, 0
3279020,0.00, 100.00, 0.00, 2.45, 0, 0, 0
3205766,0.00, 100.00, 0.00, 2.45, 0, 0, 0
3549318,0.00, 100.00, 0.00, 2.45, 0, 0, 0
3463783,0.00, 100.00, 0.00, 2.45, 0, 0, 0
3304244,0.00, 100.00, 0.00, 2.45, 0, 0, 0
3283786,0.00, 100.00, 0.00, 2.45, 0, 0, 0
3891480,0.00, 100.00, 0.00, 2.45, 0, 0, 0
3373270,0.00, 100.00, 0.00, 2.45, 0, 0, 0
6109678,0.00, 100.00, 0.00, 2.45, 0, 0, 0
3352923,0.00, 100.00, 0.00, 2.45, 0, 0, 0
3071495,0.00, 100.00, 0.00, 2.45, 0, 0, 0
3080423,0.00, 100.00, 0.00, 2.45, 0, 0, 0
3561739,0.00, 100.00, 0.00, 2.45, 0, 0, 0
3579823,0.00, 100.00, 0.00, 2.45, 0, 0, 0
3242902,0.00, 100.00, 0.00, 2.45, 0, 0, 0
3232499,0.00, 100.00, 0.00, 2.45, 0, 0, 0
3413936,0.00, 100.00, 0.00, 2.45, 0, 0, 0
3278594,0.00, 100.00, 0.00, 2.45, 0, 0, 0
6109678,0.00, 100.00, 0.00, 2.45, 0, 0, 0
3397246,0.00, 100.00, 0.00, 2.45, 0, 0, 0
3093035,0.00, 100.00, 0.00, 2.45, 0, 0, 0
3122955,0.00, 100.00, 0.00, 2.45, 0, 0, 0
3815648,0.00, 100.00, 0.00, 2.45, 0, 0, 0
3453124,0.00, 100.00, 0.00, 2.45, 0, 0, 0
3218235,0.00, 100.00, 0.00, 2.45, 0, 0, 0
3503542,0.00, 100.00, 0.00, 2.45, 0, 0, 0
3747227,0.00, 100.00, 0.00, 2.45, 0, 0, 0
3384148,0.00, 100.00, 0.00, 2.45, 0, 0, 0
6109678,0.00, 100.00, 0.00, 2.45, 0, 0, 0
3344370,0.00, 100.00, 0.00, 2.45, 0, 0, 0
3225767,0.00, 100.00, 0.00, 2.45, 0, 0, 0
3571922,0.00, 100.00, 0.00, 2.45, 0, 0, 0
3761507,0.00, 100.00, 0.00, 2.45, 0, 0, 0
-996601009,0.00, 100.00, 0.00, 2.45, 0, 0, 0
3073745,0.00, 100.00, 0.00, 2.45, 0, 0, 0
3079038,0.00, 100.00, 0.00, 2.45, 0, 0, 0
3185515,0.00, 100.00, 0.00, 2.45, 0, 0, 0
3242999,0.00, 100.00, 0.00, 2.45, 0, 0, 0
6109678,0.00, 100.00, 0.00, 2.45, 0, 0, 0
3323740,0.00, 100.00, 0.00, 2.45, 0, 0, 0
3096028,0.00, 100.00, 0.00, 2.45, 0, 0, 0
3579379,0.00, 100.00, 0.00, 2.45, 0, 0, 0
3363726,0.00, 100.00, 0.00, 2.45, 0, 0, 0
3389191,0.00, 100.00, 0.00, 2.45, 0, 0, 0
3044009,0.00, 100.00, 0.00, 2.45, 0, 0, 0
3414442,0.00, 100.00, 0.00, 2.45, 0, 0, 0
3402451,0.00, 100.00, 0.00, 2.45, 0, 0, 0
3244788,0.00, 100.00, 0.00, 2.45, 0, 0, 0
6109678,0.00, 100.00, 0.00, 2.45, 0, 0, 0
3498698,0.00, 100.00, 0.00, 2.45, 0, 0, 0
3386787,0.00, 100.00, 0.00, 2.45, 0, 0, 0
3798732,0.00, 100.00, 0.00, 2.45, 0, 0, 0
3356017,0.00, 100.00, 0.00, 2.45, 0, 0, 0
3302864,0.00, 100.00, 0.00, 2.45, 0, 0, 0
3147459,0.00, 100.00, 0.00, 2.45, 0, 0, 0
3020098,0.00, 100.00, 0.00, 2.45, 0, 0, 0
2918217,0.00, 100.00, 0.00, 2.45, 0, 0, 0
2831982,0.00, 100.00, 0.00, 2.45, 0, 0, 0
6109678,0.00, 100.00, 0.00, 2.45, 0, 0, 0
3176428,0.00, 100.00, 0.00, 2.45, 0, 0, 0
3756261,0.00, 100.00, 0.00, 2.45, 0, 0, 0
3234816,0.00, 100.00, 0.00, 2.45, 0, 0, 0
2815297,0.00, 100.00, 0.00, 2.45, 0, 0, 0
2701470,0.00, 100.00, 0.00, 2.45, 0, 0, 0
2710282,0.00, 100.00, 0.00, 2.45, 0, 0, 0
2968012,0.00, 100.00, 0.00, 2.45, 0, 0, 0
3116733,0.00, 100.00, 0.00, 2.45, 0, 0, 0
2975782,0.00, 100.00, 0.00, 2.45, 0, 0, 0
6109678,0.00, 100.00, 0.00, 2.45, 0, 0, 0
2904745,0.00, 100.00, 0.00, 2.45, 0, 0, 0
3102138,0.00, 100.00, 0.00, 2.45, 0, 0, 0
3167321,0.00, 100.00, 0.00, 2.45, 0, 0, 0
2875844,0.00, 100.00, 0.00, 2.45, 0, 0, 0
2833535,0.00, 100.00, 0.00, 2.45, 0, 0, 0
2995895,0.00, 100.00, 0.00, 2.45, 0, 0, 0
2851273,0.00, 100.00, 0.00, 2.45, 0, 0, 0
3062490,0.00, 100.00, 0.00, 2.45, 0, 0, 0
3106624,0.00, 100.00, 0.00, 2.45, 0, 0, 0
6109678,0.00, 100.00, 0.00, 2.45, 0, 0, 0
2901315,0.00, 100.00, 0.00, 2.45, 0, 0, 0
3017351,0.00, 100.00, 0.00, 2.45, 0, 0, 0
3085033,0.00, 100.00, 0.00, 2.45, 0, 0, 0
3061421,0.00, 100.00, 0.00, 2.45, 0, 0, 0
3299374,0.00, 100.00, 0.00, 2.45, 0, 0, 0
2872666,0.00, 100.00, 0.00, 2.45, 0, 0, 0
2814455,0.00, 100.00, 0.00, 2.45, 0, 0, 0
2690843,0.00, 100.00, 0.00, 2.45, 0, 0, 0
3007880,0.00, 100.00, 0.00, 2.45, 0, 0, 0
6109678,0.00, 100.00, 0.00, 2.45, 0, 0, 0
2942943,0.00, 100.00, 0.00, 2.45, 0, 0, 0
3214108,0.00, 100.00, 0.00, 2.45, 0, 0, 0
3085567,0.00, 100.00, 0.00, 2.45, 0, 0, 0
3118247,0.00, 100.00, 0.00, 2.45, 0, 0, 0
2958730,0.00, 100.00, 0.00, 2.45, 0, 0, 0
3219268,0.00, 100.00, 0.00, 2.45, 0, 0, 0
3142869,0.00, 100.00, 0.00, 2.45, 0, 0, 0
3304815,0.00, 100.00, 0.00, 2.45, 0, 0, 0
3196900,0.00, 100.00, 0.00, 2.45, 0, 0, 0
6109678,0.00, 100.00, 0.00, 2.45, 0, 0, 0
3330182,0.00, 100.00, 0.00, 2.45, 0, 0, 0
3228198,0.00, 100.00, 0.00, 2.45, 0, 0, 0
3541540,0.00, 100.00, 0.00, 2.45, 0, 0, 0
3564757,0.00, 100.00, 0.00, 2.45, 0, 0, 0
3170166,0.00, 100.00, 0.00, 2.45, 0, 0, 0
3388953,0.00, 100.00, 0.00, 2.45, 0, 0, 0
3330774,0.00, 100.00, 0.00, 2.45, 0, 0, 0
3483379,0.00, 100.00, 0.00, 2.45, 0, 0, 0
3266409,0.00, 100.00, 0.00, 2.45, 0, 0, 0
6109678,0.00, 100.00, 0.00, 2.45, 0, 0, 0
3544551,0.00, 100.00, 0.00, 2.45, 0, 0, 0
3544421,0.00, 100.00, 0.00, 2.45, 0, 0, 0
3693205,0.00, 100.00, 0.00, 2.45, 0, 0, 0
3198732,0.00, 100.00, 0.00, 2.45, 0, 0, 0
3478753,0.00, 100.00, 0.00, 2.45, 0, 0, 0
3984765,0.00, 100.00, 0.00, 2.45, 0, 0, 0
3340507,0.00, 100.00, 0.00, 2.45, 0, 0, 0
3247424,0.00, 100.00, 0.00, 2.45, 0, 0, 0
3332214,0.00, 100.00, 0.00, 2.45, 0, 0, 0
6109678,0.00, 100.00, 0.00, 2.45, 0, 0, 0
3617796,0.00, 100.00, 0.00, 2.45, 0, 0, 0
3714798,0.00, 100.00, 0.00, 2.45, 0, 0, 0
3533530,0.00, 100.00, 0.00, 2.45, 0, 0, 0
3246807,0.00, 100.00, 0.00, 2.45, 0, 0, 0
3451528,0.00, 100.00, 0.00, 2.45, 0, 0, 0
3828014,0.00, 100.00, 0.00, 2.45, 0, 0, 0
3555003,0.00, 100.00, 0.00, 2.45, 0, 0, 0
3470929,0.00, 100.00, 0.00, 2.45, 0, 0, 0
3193405,0.00, 100.00, 0.00, 2.45, 0, 0, 0
6109678,0.00, 100.00, 0.00, 2.45, 0, 0, 0
3995701,0.00, 100.00, 0.00, 2.45, 0, 0, 0
3198641,0.00, 100.00, 0.00, 2.45, 0, 0, 0
3485479,0.00, 100.00, 0.00, 2.45, 0, 0, 0
3318616,0.00, 100.00, 0.00, 2.45, 0, 0, 0
3276463,0.00, 100.00, 0.00, 2.45, 0, 0, 0
3194651,0.00, 100.00, 0.00, 2.45, 0, 0, 0
3248783,0.00, 100.00, 0.00, 2.45, 0, 0, 0
3056280,0.00, 100.00, 0.00, 2.45, 0, 0, 0
3153870,0.00, 100.00, 0.00, 2.45, 0, 0, 0
6109678,0.00, 100.00, 0.00, 2.45, 0, 0, 0
3412871,0.00, 100.00, 0.00, 2.45, 0, 0, 0
3393486,0.00, 100.00, 0.00, 2.45, 0, 0, 0
3535848,0.00, 100.00, 0.00, 2.45, 0, 0, 0
3237664,0.00, 100.00, 0.00, 2.45, 0, 0, 0
3473063,0.00, 100.00, 0.00, 2.45, 0, 0, 0
3347292,0.00, 100.00, 0.00, 2.45, 0, 0, 0
3535009,0.00, 100.00, 0.00, 2.45, 0, 0, 0
3197241,0.00, 100.00, 0.00, 2.45, 0, 0, 0
3638842,0.00, 100.00, 0.00, 2.45, 0, 0, 0
6109678,0.00, 100.00, 0.00, 2.45, 0, 0, 0
3487411,0.00, 100.00, 0.00, 2.45, 0, 0, 0
3418663,0.00, 100.00, 0.00, 2.45, 0, 0, 0
3196263,0.00, 100.00, 0.00, 2.45, 0, 0, 0
3626083,0.00, 100.00, 0.00, 2.45, 0, 0, 0
3677585,0.00, 100.00, 0.00, 2.45, 0, 0, 0
3168612,0.00, 100.00, 0.00, 2.45, 0, 0, 0
3162190,0.00, 100.00, 0.00, 2.45, 0, 0, 0
3230590,0.00, 100.00, 0.00, 2.45, 0, 0, 0
3589200,0.00, 100.00, 0.00, 2.45, 0, 0, 0
6109678,0.00, 100.00, 0.00, 2.45, 0, 0, 0
3214291,0.00, 100.00, 0.00, 2.45, 0, 0, 0
3111167,0.00, 100.00, 0.00, 2.45, 0, 0, 0
3099863,0.00, 100.00, 0.00, 2.45, 0, 0, 0
3431586,0.00, 100.00, 0.00, 2.45, 0, 0, 0
3599362,0.00, 100.00, 0.00, 2.45, 0, 0, 0
3127023,0.00, 100.00, 0.00, 2.45, 0, 0, 0
3142859,0.00, 100.00, 0.00, 2.45, 0, 0, 0
33544