Thu Nov 22 15:23:25 2018
StepTime, x, v, f, xdes, vdes, fdes, cmd, IR, LSB, LSF
6248491, 0.00, 0.00, -10.58, 100.00, 0.00, 0.00, 3.35, 0.00, -10, 0, 0
3076997, 0.00, 0.00, -10.58, 100.00, 0.00, 0.00, 3.35, 0.00, -10, 0, 0
2765548, 0.00, 0.00, -10.58, 100.00, 0.00, 0.00, 3.35, 0.00, -10, 0, 0
2818443, 0.00, 0.00, -10.58, 100.00, 0.00, 0.00, 3.35, 0.00, -10, 0, 0
3473853, 0.00, 0.00, -10.58, 100.00, 0.00, 0.00, 3.35, 0.00, -10, 0, 0
3341084, 0.00, 0.00, -10.58, 100.00, 0.00, 0.00, 3.35, 0.00, -10, 0, 0
3483458, 0.00, 0.00, -10.58, 100.00, 0.00, 0.00, 3.35, 0.00, -10, 0, 0
3252439, 0.00, 0.00, -10.58, 100.00, 0.00, 0.00, 3.35, 0.00, -10, 0, 0
3143430, 0.00, 0.00, -10.58, 100.00, 0.00, 0.00, 3.35, 0.00, -10, 0, 0
3560510, 0.00, 0.00, -10.58, 100.00, 0.00, 0.00, 3.35, 0.00, -10, 0, 0
6248491, 0.00, 0.00, -10.58, 100.00, 0.00, 0.00, 3.35, 0.00, -10, 0, 0
3806019, 0.00, 0.00, -10.58, 100.00, 0.00, 0.00, 3.35, 0.00, -10, 0, 0
3151528, 0.00, 0.00, -10.58, 100.00, 0.00, 0.00, 3.35, 0.00, -10, 0, 0
3021748, 0.00, 0.00, -10.58, 100.00, 0.00, 0.00, 3.35, 0.00, -10, 0, 0
3418789, 0.00, 0.00, -10.58, 100.00, 0.00, 0.00, 3.35, 0.00, -10, 0, 0
3453766, 0.00, 0.00, -10.58, 100.00, 0.00, 0.00, 3.35, 0.00, -10, 0, 0
3301786, 0.00, 0.00, -10.58, 100.00, 0.00, 0.00, 3.35, 0.00, -10, 0, 0
3229823, 0.00, 0.00, -10.58, 100.00, 0.00, 0.00, 3.35, 0.00, -10, 0, 0
3089581, 0.00, 0.00, -10.58, 100.00, 0.00, 0.00, 3.35, 0.00, -10, 0, 0
3117758, 0.00, 0.00, -10.58, 100.00, 0.00, 0.00, 3.35, 0.00, -10, 0, 0
6248491, 0.00, 0.00, -10.58, 100.00, 0.00, 0.00, 3.35, 0.00, -10, 0, 0
3247783, 0.00, 0.00, -10.58, 100.00, 0.00, 0.00, 3.35, 0.00, -10, 0, 0
3121259, 0.00, 0.00, -10.58, 100.00, 0.00, 0.00, 3.35, 0.00, -10, 0, 0
3103113, 0.00, 0.00, -10.58, 100.00, 0.00, 0.00, 3.35, 0.00, -10, 0, 0
3142553, 0.00, 0.00, -10.58, 100.00, 0.00, 0.00, 3.35, 0.00, -10, 0, 0
2903998, 0.00, 0.00, -10.58, 100.00, 0.00, 0.00, 3.35, 0.00, -10, 0, 0
2817463, 0.00, 0.00, -10.58, 100.00, 0.00, 0.00, 3.35, 0.00, -10, 0, 0
2848085, 0.00, 0.00, -10.58, 100.00, 0.00, 0.00, 3.35, 0.00, -10, 0, 0
2835113, 0.00, 0.00, -10.58, 100.00, 0.00, 0.00, 3.35, 0.00, -10, 0, 0
2703051, 0.00, 0.00, -10.58, 100.00, 0.00, 0.00, 3.35, 0.00, -10, 0, 0
6248491, 0.00, 0.00, -10.58, 100.00, 0.00, 0.00, 3.35, 0.00, -10, 0, 0
2676591, 0.00, 0.00, -10.58, 100.00, 0.00, 0.00, 3.35, 0.00, -10, 0, 0
2704969, 0.00, 0.00, -10.58, 100.00, 0.00, 0.00, 3.35, 0.00, -10, 0, 0
2709492, 0.00, 0.00, -10.58, 100.00, 0.00, 0.00, 3.35, 0.00, -10, 0, 0
2707621, 0.00, 0.00, -10.58, 100.00, 0.00, 0.00, 3.35, 0.00, -10, 0, 0
2705620, 0.00, 0.00, -10.58, 100.00, 0.00, 0.00, 3.35, 0.00, -10, 0, 0
2610397, 0.00, 0.00, -10.58, 100.00, 0.00, 0.00, 3.35, 0.00, -10, 0, 0
2704865, 0.00, 0.00, -10.58, 100.00, 0.00, 0.00, 3.35, 0.00, -10, 0, 0
3055249, 0.00, 0.00, -10.58, 100.00, 0.00, 0.00, 3.35, 0.00, -10, 0, 0
3136666, 0.00, 0.00, -10.58, 100.00, 0.00, 0.00, 3.35, 0.00, -10, 0, 0
6248491, 0.00, 0.00, -10.58, 100.00, 0.00, 0.00, 3.35, 0.00, -10, 0, 0
2831205, 0.00, 0.00, -10.58, 100.00, 0.00, 0.00, 3.35, 0.00, -10, 0, 0
2692265, 0.00, 0.00, -10.58, 100.00, 0.00, 0.00, 3.35, 0.00, -10, 0, 0
2697508, 0.00, 0.00, -10.58, 100.00, 0.00, 0.00, 3.35, 0.00, -10, 0, 0
3024176, 0.00, 0.00, -10.58, 100.00, 0.00, 0.00, 3.35, 0.00, -10, 0, 0
3205476, 0.00, 0.00, -10.58, 100.00, 0.00, 0.00, 3.35, 0.00, -10, 0, 0
2862537, 0.00, 0.00, -10.58, 100.00, 0.00, 0.00, 3.35, 0.00, -10, 0, 0
2847174, 0.00, 0.00, -10.58, 100.00, 0.00, 0.00, 3.35, 0.00, -10, 0, 0
2771439, 0.00, 0.00, -10.58, 100.00, 0.00, 0.00, 3.35, 0.00, -10, 0, 0
2966452, 0.00, 0.00, -10.58, 100.00, 0.00, 0.00, 3.35, 0.00, -10, 0, 0
6248491, 0.00, 0.00, -10.58, 100.00, 0.00, 0.00, 3.35, 0.00, -10, 0, 0
3266606, 0.00, 0.00, -10.58, 100.00, 0.00, 0.00, 3.35, 0.00, -10, 0, 0
2856404, 0.00, 0.00, -10.58, 100.00, 0.00, 0.00, 3.35, 0.00, -10, 0, 0
2856628, 0.00, 0.00, -10.58, 100.00, 0.00, 0.00, 3.35, 0.00, -10, 0, 0
2726114, 0.00, 0.00, -10.58, 100.00, 0.00, 0.00, 3.35, 0.00, -10, 0, 0
2879935, 0.00, 0.00, -10.58, 100.00, 0.00, 0.00, 3.35, 0.00, -10, 0, 0
2808330, 0.00, 0.00, -10.58, 100.00, 0.00, 0.00, 3.35, 0.00, -10, 0, 0
2841459, 0.00, 0.00, -10.58, 100.00, 0.00, 0.00, 3.35, 0.00, -10, 0, 0
2696630, 0.00, 0.00, -10.58, 100.00, 0.00, 0.00, 3.35, 0.00, -10, 0, 0
2758539, 0.00, 0.00, -10.58, 100.00, 0.00, 0.00, 3.35, 0.00, -10, 0, 0
6248491, 0.00, 0.00, -10.58, 100.00, 0.00, 0.00, 3.35, 0.00, -10, 0, 0
2773958, 0.00, 0.00, -10.58, 100.00, 0.00, 0.00, 3.35, 0.00, -10, 0, 0
2743922, 0.00, 0.00, -10.58, 100.00, 0.00, 0.00, 3.35, 0.00, -10, 0, 0
2782887, 0.00, 0.00, -10.58, 100.00, 0.00, 0.00, 3.35, 0.00, -10, 0, 0
3178740, 0.00, 0.00, -10.58, 100.00, 0.00, 0.00, 3.35, 0.00, -10, 0, 0
3319296, 0.00, 0.00, -10.58, 100.00, 0.00, 0.00, 3.35, 0.00, -10, 0, 0
3367528, 0.00, 0.00, -10.58, 100.00, 0.00, 0.00, 3.35, 0.00, -10, 0, 0
3210398, 0.00, 0.00, -10.58, 100.00, 0.00, 0.00, 3.35, 0.00, -10, 0, 0
3210983, 0.00, 0.00, -10.58, 100.00, 0.00, 0.00, 3.35, 0.00, -10, 0, 0
3103432, 0.00, 0.00, -10.58, 100.00, 0.00, 0.00, 3.35, 0.00, -10, 0, 0
6248491, 0.00, 0.00, -10.58, 100.00, 0.00, 0.00, 3.35, 0.00, -10, 0, 0
4144447, 0.00, 0.00, -10.58, 100.00, 0.00, 0.00, 3.35, 0.00, -10, 0, 0
4034336, 0.00, 0.00, -10.58, 100.00, 0.00, 0.00, 3.35, 0.00, -10, 0, 0
3355730, 0.00, 0.00, -10.58, 100.00, 0.00, 0.00, 3.35, 0.00, -10, 0, 0
3340248, 0.00, 0.00, -10.58, 100.00, 0.00, 0.00, 3.35, 0.00, -10, 0, 0
3528975, 0.00, 0.00, -10.58, 100.00, 0.00, 0.00, 3.35, 0.00, -10, 0, 0
3440003, 0.00, 0.00, -10.58, 100.00, 0.00, 0.00, 3.35, 0.00, -10, 0, 0
3447226, 0.00, 0.00, -10.58, 100.00, 0.00, 0.00, 3.35, 0.00, -10, 0, 0
3399796, 0.00, 0.00, -10.58, 100.00, 0.00, 0.00, 3.35, 0.00, -10, 0, 0
3356767, 0.00, 0.00, -10.58, 100.00, 0.00, 0.00, 3.35, 0.00, -10, 0, 0
6248491, 0.00, 0.00, -10.58, 100.00, 0.00, 0.00, 3.35, 0.00, -10, 0, 0
3582044, 0.00, 0.00, -10.58, 100.00, 0.00, 0.00, 3.35, 0.00, -10, 0, 0
3337131, 0.00, 0.00, -10.58, 100.00, 0.00, 0.00, 3.35, 0.00, -10, 0, 0
3177619, 0.00, 0.00, -10.58, 100.00, 0.00, 0.00, 3.35, 0.00, -10, 0, 0
3261914, 0.00, 0.00, -10.58, 100.00, 0.00, 0.00, 3.35, 0.00, -10, 0, 0
3276186, 0.00, 0.00, -10.58, 100.00, 0.00, 0.00, 3.35, 0.00, -10, 0, 0
3457421, 0.00, 0.00, -10.58, 100.00, 0.00, 0.00, 3.35, 0.00, -10, 0, 0
3456770, 0.00, 0.00, -10.58, 100.00, 0.00, 0.00, 3.35, 0.00, -10, 0, 0
3360674, 0.00, 0.00, -10.58, 100.00, 0.00, 0.00, 3.35, 0.00, -10, 0, 0
3702312, 0.00, 0.00, -10.58, 100.00, 0.00, 0.00, 3.35, 0.00, -10, 0, 0
6248491, 0.00, 0.00, -10.58, 100.00, 0.00, 0.00, 3.35, 0.00, -10, 0, 0
3593455, 0.00, 0.00, -10.58, 100.00, 0.00, 0.00, 3.35, 0.00, -10, 0, 0
3372506, 0.00, 0.00, -10.58, 100.00, 0.00, 0.00, 3.35, 0.00, -10, 0, 0
3397847, 0.00, 0.00, -10.58, 100.00, 0.00, 0.00, 3.35, 0.00, -10, 0, 0
3197046, 0.00, 0.00, -10.58, 100.00, 0.00, 0.00, 3.35, 0.00, -10, 0, 0
3435715, 0.00, 0.00, -10.58, 100.00, 0.00, 0.00, 3.35, 0.00, -10, 0, 0
3395232, 0.00, 0.00, -10.58, 100.00, 0.00, 0.00, 3.35, 0.00, -10, 0, 0
3323936, 0.00, 0.00, -10.58, 100.00, 0.00, 0.00, 3.35, 0.00, -10, 0, 0
3563063, 0.00, 0.00, -10.58, 100.00, 0.00, 0.00, 3.35, 0.00, -10, 0, 0
3447596, 0.00, 0.00, -10.58, 100.00, 0.00, 0.00, 3.35, 0.00, -10, 0, 0
6248491, 0.00, 0.00, -10.58, 100.00, 0.00, 0.00, 3.35, 0.00, -10, 0, 0
4065926, 0.00, 0.00, -10.58, 100.00, 0.00, 0.00, 3.35, 0.00, -10, 0, 0
3270028, 0.00, 0.00, -10.58, 100.00, 0.00, 0.00, 3.35, 0.00, -10, 0, 0
3355458, 0.00, 0.00, -10.58, 100.00, 0.00, 0.00, 3.35, 0.00, -10, 0, 0
3611126, 0.00, 0.00, -10.58, 100.00, 0.00, 0.00, 3.35, 0.00, -10, 0, 0
3406046, 0.00, 0.00, -10.58, 100.00, 0.00, 0.00, 3.35, 0.00, -10, 0, 0
3249583, 0.00, 0.00, -10.58, 100.00, 0.00, 0.00, 3.35, 0.00, -10, 0, 0
3584298, 0.00, 0.00, -10.58, 100.00, 0.00, 0.00, 3.35, 0.00, -10, 0, 0
3299089, 0.00, 0.00, -10.58, 100.00, 0.00, 0.00, 3.35, 0.00, -10, 0, 0
3246703, 0.00, 0.00, -10.58, 100.00, 0.00, 0.00, 3.35, 0.00, -10, 0, 0
6248491, 0.00, 0.00, -10.58, 100.00, 0.00, 0.00, 3.35, 0.00, -10, 0, 0
3682515, 0.00, 0.00, -10.58, 100.00, 0.00, 0.00, 3.35, 0.00, -10, 0, 0
3200880, 0.00, 0.00, -10.58, 100.00, 0.00, 0.00, 3.35, 0.00, -10, 0, 0
3210362, 0.00, 0.00, -10.58, 100.00, 0.00, 0.00, 3.35, 0.00, -10, 0, 0
3424137, 0.00, 0.00, -10.58, 100.00, 0.00, 0.00, 3.35, 0.00, -10, 0, 0
3305932, 0.00, 0.00, -10.58, 100.00, 0.00, 0.00, 3.35, 0.00, -10, 0, 0
3552080, 0.00, 0.00, -10.58, 100.00, 0.00, 0.00, 3.35, 0.00, -10, 0, 0
3456240, 0.00, 0.00, -10.58, 100.00, 0.00, 0.00, 3.35, 0.00, -10, 0, 0
3358510, 0.00, 0.00, -10.58, 100.00, 0.00, 0.00, 3.35, 0.00, -10, 0, 0
3374084, 0.00, 0.00, -10.58, 100.00, 0.00, 0.00, 3.35, 0.00, -10, 0, 0
6248491, 0.00, 0.00, -10.58, 100.00, 0.00, 0.00, 3.35, 0.00, -10, 0, 0
3278736, 0.00, 0.00, -10.58, 100.00, 0.00, 0.00, 3.35, 0.00, -10, 0, 0
3109087, 0.00, 0.00, -10.58, 100.00, 0.00, 0.00, 3.35, 0.00, -10, 0, 0
3246469, 0.00, 0.00, -10.58, 100.00, 0.00, 0.00, 3.35, 0.00, -10, 0, 0
3160229, 0.00, 0.00, -10.58, 100.00, 0.00, 0.00, 3.35, 0.00, -10, 0, 0
3401474, 0.00, 0.00, -10.58, 100.00, 0.00, 0.00, 3.35, 0.00, -10, 0, 0
3648011, 0.00, 0.00, -10.58, 100.00, 0.00, 0.00, 3.35, 0.00, -10, 0, 0
3370041, 0.00, 0.00, -10.58, 100.00, 0.00, 0.00, 3.35, 0.00, -10, 0, 0
3249215, 0.00, 0.00, -10.58, 100.00, 0.00, 0.00, 3.35, 0.00, -10, 0, 0
3178089, 0.00, 0.00, -10.58, 100.00, 0.00, 0.00, 3.35, 0.00, -10, 0, 0
6248491, 0.00, 0.00, -10.58, 100.00, 0.00, 0.00, 3.35, 0.00, -10, 0, 0
3438957, 0.00, 0.00, -10.58, 100.00, 0.00, 0.00, 3.35, 0.00, -10, 0, 0
3203714, 0.00, 0.00, -10.58, 100.00, 0.00, 0.00, 3.35, 0.00, -10, 0, 0
3189573, 0.00, 0.00, -10.58, 100.00, 0.00, 0.00, 3.35, 0.00, -10, 0, 0
3485476, 0.00, 0.00, -10.58, 100.00, 0.00, 0.00, 3.35, 0.00, -10, 0, 0
3609214, 0.00, 0.00, -10.58, 100.00, 0.00, 0.00, 3.35, 0.00, -10, 0, 0
3288014, 0.00, 0.00, -10.58, 100.00, 0.00, 0.00, 3.35, 0.00, -10, 0, 0
3240562, 0.00, 0.00, -10.58, 100.00, 0.00, 0.00, 3.35, 0.00, -10, 0, 0
3310203, 0.00, 0.00, -10.58, 100.00, 0.00, 0.00, 3.35, 0.00, -10, 0, 0
3299968, 0.00, 0.00, -10.58, 100.00, 0.00, 0.00, 3.35, 0.00, -10, 0, 0
6248491, 0.00, 0.00, -10.58, 100.00, 0.00, 0.00, 3.35, 0.00, -10, 0, 0
3370564, 0.00, 0.00, -10.58, 100.00, 0.00, 0.00, 3.35, 0.00, -10, 0, 0
3107375, 0.00, 0.00, -10.58, 100.00, 0.00, 0.00, 3.35, 0.00, -10, 0, 0
3238054, 0.00, 0.00, -10.58, 100.00, 0.00, 0.00, 3.35, 0.00, -10, 0, 0
3670488, 0.00, 0.00, -10.58, 100.00, 0.00, 0.00, 3.35, 0.00, -10, 0, 0
3853795, 0.00, 0.00, -10.58, 100.00, 0.00, 0.00, 3.35, 0.00, -10, 0, 0
3771120, 0.00, 0.00, -10.58, 100.00, 0.00, 0.00, 3.35, 0.00, -10, 0, 0
3295689, 0.00, 0.00, -10.58, 100.00, 0.00, 0.00, 3.35, 0.00, -10, 0, 0
3432124, 0.00, 0.00, -10.58, 100.00, 0.00, 0.00, 3.35, 0.00, -10, 0, 0
3507399, 0.00, 0.00, -10.58, 100.00, 0.00, 0.00, 3.35, 0.00, -10, 0, 0
6248491, 0.00, 0.00, -10.58, 100.00, 0.00, 0.00, 3.35, 0.00, -10, 0, 0
3531285, 0.00, 0.00, -10.58, 100.00, 0.00, 0.00, 3.35, 0.00, -10, 0, 0
3433970, 0.00, 0.00, -10.58, 100.00, 0.00, 0.00, 3.35, 0.00, -10, 0, 0
3631957, 0.00, 0.00, -10.58, 100.00, 0.00, 0.00, 3.35, 0.00, -10, 0, 0
3414970, 0.00, 0.00, -10.58, 100.00, 0.00, 0.00, 3.35, 0.00, -10, 0, 0
4000200, 0.00, 0.00, -10.58, 100.00, 0.00, 0.00, 3.35, 0.00, -10, 0, 0
3327570, 0.00, 0.00, -10.58, 100.00, 0.00, 0.00, 3.35, 0.00, -10, 0, 0
3248534, 0.00, 0.00, -10.58, 100.00, 0.00, 0.00, 3.35, 0.00, -10, 0, 0
3485201, 0.00, 0.00, -10.58, 100.00, 0.00, 0.00, 3.35, 0.00, -10, 0, 0
3303279, 0.00, 0.00, -10.58, 100.00, 0.00, 0.00, 3.35, 0.00, -10, 0, 0
6248491, 0.00, 0.00, -10.58, 100.00, 0.00, 0.00, 3.35, 0.00, -10, 0, 0
3823033, 0.00, 0.00, -10.58, 100.00, 0.00, 0.00, 3.35, 0.00, -10, 0, 0
3854331, 0.00, 0.00, -10.58, 100.00, 0.00, 0.00, 3.35, 0.00, -10, 0, 0
3339439, 0.00, 0.00, -10.58, 100.00, 0.00, 0.00, 3.35, 0.00, -10, 0, 0
4028185, 0.00, 0.00, -10.58, 100.00, 0.00, 0.00, 3.35, 0.00, -10, 0, 0
3464047, 0.00, 0.00, -10.58, 100.00, 0.00, 0.00, 3.35, 0.00, -10, 0, 0
3293971, 0.00, 0.00, -10.58, 100.00, 0.00, 0.00, 3.35, 0.00, -10, 0, 0
3284703, 0.00, 0.00, -10.58, 100.00, 0.00, 0.00, 3.35, 0.00, -10, 0, 0
3344828, 0.00, 0.00, -10.58, 100.00, 0.00, 0.00, 3.35, 0.00, -10, 0, 0
3073646, 0.00, 0.00, -10.58, 100.00, 0.00, 0.00, 3.35, 0.00, -10, 0, 0
6248491, 0.00, 0.00, -10.58, 100.00, 0.00, 0.00, 3.35, 0.00, -10, 0, 0
4085807, 0.00, 0.00, -10.58, 100.00, 0.00, 0.00, 3.35, 0.00, -10, 0, 0
3452548, 0.00, 0.00, -10.58, 100.00, 0.00, 0.00, 3.35, 0.00, -10, 0, 0
3517592, 0.00, 0.00, -10.58, 100.00, 0.00, 0.00, 3.35, 0.00, -10, 0, 0
3604406, 0.00, 0.00, -10.58, 100.00, 0.00, 0.00, 3.35, 0.00, -10, 0, 0
3253205, 0.00, 0.00, -10.58, 100.00, 0.00, 0.00, 3.35, 0.00, -10, 0, 0
3186021, 0.00, 0.00, -10.58, 100.00, 0.00, 0.00, 3.35, 0.00, -10, 0, 0
3346285, 0.00, 0.00, -10.58, 100.00, 0.00, 0.00, 3.35, 0.00, -10, 0, 0
3167052, 0.00, 0.00, -10.58, 100.00, 0.00, 0.00, 3.35, 0.00, -10, 0, 0
3164560, 0.00, 0.00, -10.58, 100.00, 0.00, 0.00, 3.35, 0.00, -10, 0, 0
6248491, 0.00, 0.00, -10.58, 100.00, 0.00, 0.00, 3.35, 0.00, -10, 0, 0
3382250, 0.00, 0.00, -10.58, 100.00, 0.00, 0.00, 3.35, 0.00, -10, 0, 0
3116385, 0.00, 0.00, -10.58, 100.00, 0.00, 0.00, 3.35, 0.00, -10, 0, 0
3361017, 0.00, 0.00, -10.58, 100.00, 0.00, 0.00, 3.35, 0.00, -10, 0, 0
3775511, 0.00, 0.00, -10.58, 100.00, 0.00, 0.00, 3.35, 0.00, -10, 0, 0
3262203, 0.00, 0.00, -10.58, 100.00, 0.00, 0.00, 3.35, 0.00, -10, 0, 0
3232724, 0.00, 0.00, -10.58, 100.00, 0.00, 0.00, 3.35, 0.00, -10, 0, 0
3556474, 0.00, 0.00, -10.58, 100.00, 0.00, 0.00, 3.35, 0.00, -10, 0, 0
3331566, 0.00, 0.00, -10.58, 100.00, 0.00, 0.00, 3.35, 0.00, -10, 0, 0
3541012, 0.00, 0.00, -10.58, 100.00, 0.00, 0.00, 3.35, 0.00, -10, 0, 0
6248491, 0.00, 0.00, -10.58, 100.00, 0.00, 0.00, 3.35, 0.00, -10, 0, 0
3348844, 0.00, 0.00, -10.58, 100.00, 0.00, 0.00, 3.35, 0.00, -10, 0, 0
3215601, 0.00, 0.00, -10.58, 100.00, 0.00, 0.00, 3.35, 0.00, -10, 0, 0
3313084, 0.00, 0.00, -10.58, 100.00, 0.00, 0.00, 3.35, 0.00, -10, 0, 0
3300227, 0.00, 0.00, -10.58, 100.00, 0.00, 0.00, 3.35, 0.00, -10, 0, 0
3251111, 0.00, 0.00, -10.58, 100.00, 0.00, 0.00, 3.35, 0.00, -10, 0, 0
3406567, 0.00, 0.00, -10.58, 100.00, 0.00, 0.00, 3.35, 0.00, -10, 0, 0
3338965, 0.00, 0.00, -10.58, 100.00, 0.00, 0.00, 3.35, 0.00, -10, 0, 0
3397662, 0.00, 0.00, -10.58, 100.00, 0.00, 0.00, 3.35, 0.00, -10, 0, 0
3596123, 0.00, 0.00, -10.58, 100.00, 0.00, 0.00, 3.35, 0.00, -10, 0, 0
6248491, 0.00, 0.00, -10.58, 100.00, 0.00, 0.00, 3.35, 0.00, -10, 0, 0
3291167, 0.00, 0.00, -10.58, 100.00, 0.00, 0.00, 3.35, 0.00, -10, 0, 0
3212000, 0.00, 0.00, -10.58, 100.00, 0.00, 0.00, 3.35, 0.00, -10, 0, 0
3383998, 0.00, 0.00, -10.58, 100.00, 0.00, 0.00, 3.35, 0.00, -10, 0, 0
3163381, 0.00, 0.00, -10.58, 100.00, 0.00, 0.00, 3.35, 0.00, -10, 0, 0
3198104, 0.00, 0.00, -10.58, 100.00, 0.00, 0.00, 3.35, 0.00, -10, 0, 0
3169182, 0.00, 0.00, -10.58, 100.00, 0.00, 0.00, 3.35, 0.00, -10, 0, 0
3166835, 0.00, 0.00, -10.58, 100.00, 0.00, 0.00, 3.35, 0.00, -10, 0, 0
3495344, 0.00, 0.00, -10.58, 100.00, 0.00, 0.00, 3.35, 0.00, -10, 0, 0
3928389, 0.00, 0.00, -10.58, 100.00, 0.00, 0.00, 3.35, 0.00, -10, 0, 0
6248491, 0.00, 0.00, -10.58, 100.00, 0.00, 0.00, 3.35, 0.00, -10, 0, 0
3254839, 0.00, 0.00, -10.58, 100.00, 0.00, 0.00, 3.35, 0.00, -10, 0, 0
3039947, 0.00, 0.00, -10.58, 100.00, 0.00, 0.00, 3.35, 0.00, -10, 0, 0
3222004, 0.00, 0.00, -10.58, 100.00, 0.00, 0.00, 3.35, 0.00, -10, 0, 0
3300246, 0.00, 0.00, -10.58, 100.00, 0.00, 0.00, 3.35, 0.00, -10, 0, 0
3188104, 0.00, 0.00, -10.58, 100.00, 0.00, 0.00, 3.35, 0.00, -10, 0, 0
3035411, 0.00, 0.00, -10.58, 100.00, 0.00, 0.00, 3.35, 0.00, -10, 0, 0
3350793, 0.00, 0.00, -10.58, 100.00, 0.00, 0.00, 3.35, 0.00, -10, 0, 0
-996405944, 0.00, 0.00, -10.58, 100.00, 0.00, 0.00, 3.35, 0.00, -10, 0, 0
3212958, 0.00, 0.00, -10.58, 100.00, 0.00, 0.00, 3.35, 0.00, -10, 0, 0
6248491, 0.00, 0.00, -10.58, 100.00, 0.00, 0.00, 3.35, 0.00, -10, 0, 0
3182871, 0.00, 0.00, -10.58, 100.00, 0.00, 0.00, 3.35, 0.00, -10, 0, 0
3017363, 0.00, 0.00, -10.58, 100.00, 0.00, 0.00, 3.35, 0.00, -10, 0, 0
3389423, 0.00, 0.00, -10.58, 100.00, 0.00, 0.00, 3.35, 0.00, -10, 0, 0
3464530, 0.00, 0.00, -10.58, 100.00, 0.00, 0.00, 3.35, 0.00, -10, 0, 0
3269934, 0.00, 0.00, -10.58, 100.00, 0.00, 0.00, 3.35, 0.00, -10, 0, 0
3125266, 0.00, 0.00, -10.58, 100.00, 0.00, 0.00, 3.35, 0.00, -10, 0, 0
3343421, 0.00, 0.00, -10.58, 100.00, 0.00, 0.00, 3.35, 0.00, -10, 0, 0
3593574, 0.00, 0.00, -10.58, 100.00, 0.00, 0.00, 3.35, 0.00, -10, 0, 0
3442186, 0.00, 0.00, -10.58, 100.00, 0.00, 0.00, 3.35, 0.00, -10, 0, 0
6248491, 0.00, 0.00, -10.58, 100.00, 0.00, 0.00, 3.35, 0.00, -10, 0, 0
3231876, 0.00, 0.00, -10.58, 100.00, 0.00, 0.00, 3.35, 0.00, -10, 0, 0
3222028, 0.00, 0.00, -10.58, 100.00, 0.00, 0.00, 3.35, 0.00, -10, 0, 0
3165893, 0.00, 0.00, -10.58, 100.00, 0.00, 0.00, 3.35, 0.00, -10, 0, 0
3360333, 0.00, 0.00, -10.58, 100.00, 0.00, 0.00, 3.35, 0.00, -10, 0, 0
3179794, 0.00, 0.00, -10.58, 100.00, 0.00, 0.00, 3.35, 0.00, -10, 0, 0
3355959, 0.00, 0.00, -10.58, 100.00, 0.00, 0.00, 3.35, 0.00, -10, 0, 0
3401122, 0.00, 0.00, -10.58, 100.00, 0.00, 0.00, 3.35, 0.00, -10, 0, 0
3548216, 0.00, 0.00, -10.58, 100.00, 0.00, 0.00, 3.35, 0.00, -10, 0, 0
3621374, 0.00, 0.00, -10.58, 100.00, 0.00, 0.00, 3.35, 0.00, -10, 0, 0
6248491, 0.00, 0.00, -10.58, 100.00, 0.00, 0.00, 3.35, 0.00, -10, 0, 0
3251980, 0.00, 0.00, -10.58, 100.00, 0.00, 0.00, 3.35, 0.00, -10, 0, 0
3367281, 0.00, 0.00, -10.58, 100.00, 0.00, 0.00, 3.35, 0.00, -10, 0, 0
3272371, 0.00, 0.00, -10.58, 100.00, 0.00, 0.00, 3.35, 0.00, -10, 0, 0
3215823, 0.00, 0.00, -10.58, 100.00, 0.00, 0.00, 3.35, 0.00, -10, 0, 0
3203269, 0.00, 0.00, -10.58, 100.00, 0.00, 0.00, 3.35, 0.00, -10, 0, 0
3669268, 0.00, 0.00, -10.58, 100.00, 0.00, 0.00, 3.35, 0.00, -10, 0, 0
3188864, 0.00, 0.00, -10.58, 100.00, 0.00, 0.00, 3.35, 0.00, -10, 0, 0
3176062, 0.00, 0.00, -10.58, 100.00, 0.00, 0.00, 3.35, 0.00, -10, 0, 0
3290350, 0.00, 0.00, -10.58, 100.00, 0.00, 0.00, 3.35, 0.00, -10, 0, 0
6248491, 0.00, 0.00, -10.58, 100.00, 0.00, 0.00, 3.35, 0.00, -10, 0, 0
3184090, 0.00, 0.00, -10.58, 100.00, 0.00, 0.00, 3.35, 0.00, -10, 0, 0
3212350, 0.00, 0.00, -10.58, 100.00, 0.00, 0.00, 3.35, 0.00, -10, 0, 0
3364899, 0.00, 0.00, -10.58, 100.00, 0.00, 0.00, 3.35, 0.00, -10, 0, 0
3277256, 0.00, 0.00, -10.58, 100.00, 0.00, 0.00, 3.35, 0.00, -10, 0, 0
3439313, 0.00, 0.00, -10.58, 100.00, 0.00, 0.00, 3.35, 0.00, -10, 0, 0
3727308, 0.00, 0.00, -10.58, 100.00, 0.00, 0.00, 3.35, 0.00, -10, 0, 0
3165005, 0.00, 0.00, -10.58, 100.00, 0.00, 0.00, 3.35, 0.00, -10, 0, 0
3497848, 0.00, 0.00, -10.58, 100.00, 0.00, 0.00, 3.35, 0.00, -10, 0, 0
3198731, 0.00, 0.00, -10.58, 100.00, 0.00, 0.00, 3.35, 0.00, -10, 0, 0
6248491, 0.00, 0.00, -10.58, 100.00, 0.00, 0.00, 3.35, 0.00, -10, 0, 0
3347837, 0.00, 0.00, -10.58, 100.00, 0.00, 0.00, 3.35, 0.00, -10, 0, 0
3306668, 0.00, 0.00, -10.58, 100.00, 0.00, 0.00, 3.35, 0.00, -10, 0, 0
3120436, 0.00, 0.00, -10.58, 100.00, 0.00, 0.00, 3.35, 0.00, -10, 0, 0
3016005, 0.00, 0.00, -10.58, 100.00, 0.00, 0.00, 3.35, 0.00, -10, 0, 0
3366809, 0.00, 0.00, -10.58, 100.00, 0.00, 0.00, 3.35, 0.00, -10, 0, 0
3628515, 0.00, 0.00, -10.58, 100.00, 0.00, 0.00, 3.35, 0.00, -10, 0, 0
3189617, 0.00, 0.00, -10.58, 100.00, 0.00, 0.00, 3.35, 0.00, -10, 0, 0
3434019, 0.00, 0.00, -10.58, 100.00, 0.00, 0.00, 3.35, 0.00, -10, 0, 0
3620891, 0.00, 0.00, -10.58, 100.00, 0.00, 0.00, 3.35, 0.00, -10, 0, 0
6248491, 0.00, 0.00, -10.58, 100.00, 0.00, 0.00, 3.35, 0.00, -10, 0, 0
3271255, 0.00, 0.00, -10.58, 100.00, 0.00, 0.00, 3.35, 0.00, -10, 0, 0
3161095, 0.00, 0.00, -10.58, 100.00, 0.00, 0.00, 3.35, 0.00, -10, 0, 0
3188313, 0.00, 0.00, -10.58, 100.00, 0.00, 0.00, 3.35, 0.00, -10, 0, 0
3565295, 0.00, 0.00, -10.58, 100.00, 0.00, 0.00, 3.35, 0.00, -10, 0, 0
3721419, 0.00, 0.00, -10.58, 100.00, 0.00, 0.00, 3.35, 0.00, -10, 0, 0
3386614, 0.00, 0.00, -10.58, 100.00, 0.00, 0.00, 3.35, 0.00, -10, 0, 0
3160338, 0.00, 0.00, -10.58, 100.00, 0.00, 0.00, 3.35, 0.00, -10, 0, 0
3749343, 0.00, 0.00, -10.58, 100.00, 0.00, 0.00, 3.35, 0.00, -10, 0, 0
4083143, 0.00, 0.00, -10.58, 100.00, 0.00, 0.00, 3.35, 0.00, -10, 0, 0
6248491, 0.00, 0.00, -10.58, 100.00, 0.00, 0.00, 3.35, 0.00, -10, 0, 0
3436938, 0.00, 0.00, -10.58, 100.00, 0.00, 0.00, 3.35, 0.00, -10, 0, 0
3328909, 0.00, 0.00, -10.58, 100.00, 0.00, 0.00, 3.35, 0.00, -10, 0, 0
3499255, 0.00, 0.00, -10.58, 100.00, 0.00, 0.00, 3.35, 0.00, -10, 0, 0
3353160, 0.00, 0.00, -10.58, 100.00, 0.00, 0.00, 3.35, 0.00, -10, 0, 0
3392056, 0.00, 0.00, -10.58, 100.00, 0.00, 0.00, 3.35, 0.00, -10, 0, 0
3385192, 0.00, 0.00, -10.58, 100.00, 0.00, 0.00, 3.35, 0.00, -10, 0, 0
3237177, 0.00, 0.00, -10.58, 100.00, 0.00, 0.00, 3.35, 0.00, -10, 0, 0
3248130, 0.00, 0.00, -10.58, 100.00, 0.00, 0.00, 3.35, 0.00, -10, 0, 0
3570862, 0.00, 0.00, -10.58, 100.00, 0.00, 0.00, 3.35, 0.00, -10, 0, 0
6248491, 0.00, 0.00, -10.58, 100.00, 0.00, 0.00, 3.35, 0.00, -10, 0, 0
3315647, 0.00, 0.00, -10.58, 100.00, 0.00, 0.00, 3.35, 0.00, -10, 0, 0
3385134, 0.00, 0.00, -10.58, 100.00, 0.00, 0.00, 3.35, 0.00, -10, 0, 0
3710264, 0.00, 0.00, -10.58, 100.00, 0.00, 0.00, 3.35, 0.00, -10, 0, 0
3359834, 0.00, 0.00, -10.58, 100.00, 0.00, 0.00, 3.35, 0.00, -10, 0, 0
3056779, 0.00, 0.00, -10.58, 100.00, 0.00, 0.00, 3.35, 0.00, -10, 0, 0
3365325, 0.00, 0.00, -10.58, 100.00, 0.00, 0.00, 3.35, 0.00, -10, 0, 0
3140804, 0.00, 0.00, -10.58, 100.00, 0.00, 0.00, 3.35, 0.00, -10, 0, 0
3211023, 0.00, 0.00, -10.58, 100.00, 0.00, 0.00, 3.35, 0.00, -10, 0, 0
3211867, 0.00, 0.00, -10.58, 100.00, 0.00, 0.00, 3.35, 0.00, -10, 0, 0
6248491, 0.00, 0.00, -10.58, 100.00, 0.00, 0.00, 3.35, 0.00, -10, 0, 0
3134106, 0.00, 0.00, -10.58, 100.00, 0.00, 0.00, 3.35, 0.00, -10, 0, 0
3481254, 0.00, 0.00, -10.58, 100.00, 0.00, 0.00, 3.35, 0.00, -10, 0, 0
3635044, 0.00, 0.00, -10.58, 100.00, 0.00, 0.00, 3.35, 0.00, -10, 0, 0
3398118, 0.00, 0.00, -10.58, 100.00, 0.00, 0.00, 3.35, 0.00, -10, 0, 0
3388642, 0.00, 0.00, -10.58, 100.00, 0.00, 0.00, 3.35, 0.00, -10, 0, 0
3392224, 0.00, 0.00, -10.58, 100.00, 0.00, 0.00, 3.35, 0.00, -10, 0, 0
3223986, 0.00, 0.00, -10.58, 100.00, 0.00, 0.00, 3.35, 0.00, -10, 0, 0
3300707, 0.00, 0.00, -10.58, 100.00, 0.00, 0.00, 3.35, 0.00, -10, 0, 0
3350295, 0.00, 0.00, -10.58, 100.00, 0.00, 0.00, 3.35, 0.00, -10, 0, 0
6248491, 0.00, 0.00, -10.58, 100.00, 0.00, 0.00, 3.35, 0.00, -10, 0, 0
3526892, 0.00, 0.00, -10.58, 100.00, 0.00, 0.00, 3.35, 0.00, -10, 0, 0
3689974, 0.00, 0.00, -10.58, 100.00, 0.00, 0.00, 3.35, 0.00, -10, 0, 0
3347792, 0.00, 0.00, -10.58, 100.00, 0.00, 0.00, 3.35, 0.00, -10, 0, 0
3422735, 0.00, 0.00, -10.58, 100.00, 0.00, 0.00, 3.35, 0.00, -10, 0, 0
3493218, 0.00, 0.00, -10.58, 100.00, 0.00, 0.00, 3.35, 0.00, -10, 0, 0
3446591, 0.00, 0.00, -10.58, 100.00, 0.00, 0.00, 3.35, 0.00, -10, 0, 0
3132684, 0.00, 0.00, -10.58, 100.00, 0.00, 0.00, 3.35, 0.00, -10, 0, 0
3346145, 0.00, 0.00, -10.58, 100.00, 0.00, 0.00, 3.35, 0.00, -10, 0, 0
3420231, 0.00, 0.00, -10.58, 100.00, 0.00, 0.00, 3.35, 0.00, -10, 0, 0
6248491, 0.00, 0.00, -10.58, 100.00, 0.00, 0.00, 3.35, 0.00, -10, 0, 0
4027376, 0.00, 0.00, -10.58, 100.00, 0.00, 0.00, 3.35, 0.00, -10, 0, 0
3453684, 0.00, 0.00, -10.58, 100.00, 0.00, 0.00, 3.35, 0.00, -10, 0, 0
3775702, 0.00, 0.00, -10.58, 100.00, 0.00, 0.00, 3.35, 0.00, -10, 0, 0
3371318, 0.00, 0.00, -10.58, 100.00, 0.00, 0.00, 3.35, 0.00, -10, 0, 0
3222218, 0.00, 0.00, -10.58, 100.00, 0.00, 0.00, 3.35, 0.00, -10, 0, 0
3257152, 0.00, 0.00, -10.58, 100.00, 0.00, 0.00, 3.35, 0.00, -10, 0, 0
3594272, 0.00, 0.00, -10.58, 100.00, 0.00, 0.00, 3.35, 0.00, -10, 0, 0
3515538, 0.00, 0.00, -10.58, 100.00, 0.00, 0.00, 3.35, 0.00, -10, 0, 0
3409741, 0.00, 0.00, -10.58, 100.00, 0.00, 0.00, 3.35, 0.00, -10, 0, 0
6248491, 0.00, 0.00, -10.58, 100.00, 0.00, 0.00, 3.35, 0.00, -10, 0, 0
3345397, 0.00, 0.00, -10.58, 100.00, 0.00, 0.00, 3.35, 0.00, -10, 0, 0
3515101, 0.00, 0.00, -10.58, 100.00, 0.00, 0.00, 3.35, 0.00, -10, 0, 0
3433305, 0.00, 0.00, -10.58, 100.00, 0.00, 0.00, 3.35, 0.00, -10, 0, 0
3240511, 0.00, 0.00, -10.58, 100.00, 0.00, 0.00, 3.35, 0.00, -10, 0, 0
3385340, 0.00, 0.00, -10.58, 100.00, 0.00, 0.00, 3.35, 0.00, -10, 0, 0
3383217, 0.00, 0.00, -10.58, 100.00, 0.00, 0.00, 3.35, 0.00, -10, 0, 0
3298975, 0.00, 0.00, -10.58, 100.00, 0.00, 0.00, 3.35, 0.00, -10, 0, 0
3307374, 0.00, 0.00, -10.58, 100.00, 0.00, 0.00, 3.35, 0.00, -10, 0, 0
3685304, 0.00, 0.00, -10.58, 100.00, 0.00, 0.00, 3.35, 0.00, -10, 0, 0
6248491, 0.00, 0.00, -10.58, 100.00, 0.00, 0.00, 3.35, 0.00, -10, 0, 0
3256931, 0.00, 0.00, -10.58, 100.00, 0.00, 0.00, 3.35, 0.00, -10, 0, 0
3499547, 0.00, 0.00, -10.58, 100.00, 0.00, 0.00, 3.35, 0.00, -10, 0, 0
3337280, 0.00, 0.00, -10.58, 100.00, 0.00, 0.00, 3.35, 0.00, -10, 0, 0
3386698, 0.00, 0.00, -10.58, 100.00, 0.00, 0.00, 3.35, 0.00, -10, 0, 0
3544153, 0.00, 0.00, -10.58, 100.00, 0.00, 0.00, 3.35, 0.00, -10, 0, 0
3579833, 0.00, 0.00, -10.58, 100.00, 0.00, 0.00, 3.35, 0.00, -10, 0, 0
3295521, 0.00, 0.00, -10.58, 100.00, 0.00, 0.00, 3.35, 0.00, -10, 0, 0
3443458, 0.00, 0.00, -10.58, 100.00, 0.00, 0.00, 3.35, 0.00, -10, 0, 0
3687355, 0.00, 0.00, -10.58, 100.00, 0.00, 0.00, 3.35, 0.00, -10, 0, 0
6248491, 0.00, 0.00, -10.58, 100.00, 0.00, 0.00, 3.35, 0.00, -10, 0, 0
3655953, 0.00, 0.00, -10.58, 100.00, 0.00, 0.00, 3.35, 0.00, -10, 0, 0
3884853, 0.00, 0.00, -10.58, 100.00, 0.00, 0.00, 3.35, 0.00, -10, 0, 0
3236625, 0.00, 0.00, -10.58, 100.00, 0.00, 0.00, 3.35, 0.00, -10, 0, 0
3150016, 0.00, 0.00, -10.58, 100.00, 0.00, 0.00, 3.35, 0.00, -10, 0, 0
3413010, 0.00, 0.00, -10.58, 100.00, 0.00, 0.00, 3.35, 0.00, -10, 0, 0
3083423, 0.00, 0.00, -10.58, 100.00, 0.00, 0.00, 3.35, 0.00, -10, 0, 0
3628843, 0.00, 0.00, -10.58, 100.00, 0.00, 0.00, 3.35, 0.00, -10, 0, 0
3371978, 0.00, 0.00, -10.58, 100.00, 0.00, 0.00, 3.35, 0.00, -10, 0, 0
3235336, 0.00, 0.00, -10.58, 100.00, 0.00, 0.00, 3.35, 0.00, -10, 0, 0
6248491, 0.00, 0.00, -10.58, 100.00, 0.00, 0.00, 3.35, 0.00, -10, 0, 0
3751787, 0.00, 0.00, -10.58, 100.00, 0.00, 0.00, 3.35, 0.00, -10, 0, 0
3793361, 0.00, 0.00, -10.58, 100.00, 0.00, 0.00, 3.35, 0.00, -10, 0, 0
3423134, 0.00, 0.00, -10.58, 100.00, 0.00, 0.00, 3.35, 0.00, -10, 0, 0
3554032, 0.00, 0.00, -10.58, 100.00, 0.00, 0.00, 3.35, 0.00, -10, 0, 0
3379107, 0.00, 0.00, -10.58, 100.00, 0.00, 0.00, 3.35, 0.00, -10, 0, 0
3561233, 0.00, 0.00, -10.58, 100.00, 0.00, 0.00, 3.35, 0.00, -10, 0, 0
3551403, 0.00, 0.00, -10.58, 100.00, 0.00, 0.00, 3.35, 0.00, -10, 0, 0
3725439, 0.00, 0.00, -10.58, 100.00, 0.00, 0.00, 3.35, 0.00, -10, 0, 0
3531292, 0.00, 0.00, -10.58, 100.00, 0.00, 0.00, 3.35, 0.00, -10, 0, 0
6248491, 0.00, 0.00, -10.58, 100.00, 0.00, 0.00, 3.35, 0.00, -10, 0, 0
4227846, 0.00, 0.00, -10.58, 100.00, 0.00, 0.00, 3.35, 0.00, -10, 0, 0
3516412, 0.00, 0.00, -10.58, 100.00, 0.00, 0.00, 3.35, 0.00, -10, 0, 0
3221435, 0.00, 0.00, -10.58, 100.00, 0.00, 0.00, 3.35, 0.00, -10, 0, 0
3494519, 0.00, 0.00, -10.58, 100.00, 0.00, 0.00, 3.35, 0.00, -10, 0, 0
3873385, 0.00, 0.00, -10.58, 100.00, 0.00, 0.00, 3.35, 0.00, -10, 0, 0
3358023, 0.00, 0.00, -10.58, 100.00, 0.00, 0.00, 3.35, 0.00, -10, 0, 0
3251400, 0.00, 0.00, -10.58, 100.00, 0.00, 0.00, 3.35, 0.00, -10, 0, 0
3411807, 0.00, 0.00, -10.58, 100.00, 0.00, 0.00, 3.35, 0.00, -10, 0, 0
3217839, 0.00, 0.00, -10.58, 100.00, 0.00, 0.00, 3.35, 0.00, -10, 0, 0
6248491, 0.00, 0.00, -10.58, 100.00, 0.00, 0.00, 3.35, 0.00, -10, 0, 0
3183022, 0.00, 0.00, -10.58, 100.00, 0.00, 0.00, 3.35, 0.00, -10, 0, 0
3309455, 0.00, 0.00, -10.58, 100.00, 0.00, 0.00, 3.35, 0.00, -10, 0, 0
3151829, 0.00, 0.00, -10.58, 100.00, 0.00, 0.00, 3.35, 0.00, -10, 0, 0
3540857, 0.00, 0.00, -10.58, 100.00, 0.00, 0.00, 3.35, 0.00, -10, 0, 0
3859047, 0.00, 0.00, -10.58, 100.00, 0.00, 0.00, 3.35, 0.00, -10, 0, 0
3363233, 0.00, 0.00, -10.58, 100.00, 0.00, 0.00, 3.35, 0.00, -10, 0, 0
3379558, 0.00, 0.00, -10.58, 100.00, 0.00, 0.00, 3.35, 0.00, -10, 0, 0
3398324, 0.00, 0.00, -10.58, 100.00, 0.00, 0.00, 3.35, 0.00, -10, 0, 0
3496940, 0.00, 0.00, -10.58, 100.00, 0.00, 0.00, 3.35, 0.00, -10, 0, 0
6248491, 0.00, 0.00, -10.58, 100.00, 0.00, 0.00, 3.35, 0.00, -10, 0, 0
3571152, 0.00, 0.00, -10.58, 100.00, 0.00, 0.00, 3.35, 0.00, -10, 0, 0
3216536, 0.00, 0.00, -10.58, 100.00, 0.00, 0.00, 3.35, 0.00, -10, 0, 0
3549145, 0.00, 0.00, -10.58, 100.00, 0.00, 0.00, 3.35, 0.00, -10, 0, 0
3469740, 0.00, 0.00, -10.58, 100.00, 0.00, 0.00, 3.35, 0.00, -10, 0, 0
3902201, 0.00, 0.00, -10.58, 100.00, 0.00, 0.00, 3.35, 0.00, -10, 0, 0
3285392, 0.00, 0.00, -10.58, 100.00, 0.00, 0.00, 3.35, 0.00, -10, 0, 0
3235682, 0.00, 0.00, -10.58, 100.00, 0.00, 0.00, 3.35, 0.00, -10, 0, 0
3220169, 0.00, 0.00, -10.58, 100.00, 0.00, 0.00, 3.35, 0.00, -10, 0, 0
3534226, 0.00, 0.00, -10.58, 100.00, 0.00, 0.00, 3.35, 0.00, -10, 0, 0
6248491, 0.00, 0.00, -10.58, 100.00, 0.00, 0.00, 3.35, 0.00, -10, 0, 0
3530691, 0.00, 0.00, -10.58, 100.00, 0.00, 0.00, 3.35, 0.00, -10, 0, 0
3583118, 0.00, 0.00, -10.58, 100.00, 0.00, 0.00, 3.35, 0.00, -10, 0, 0
3360566, 0.00, 0.00, -10.58, 100.00, 0.00, 0.00, 3.35, 0.00, -10, 0, 0
3316316, 0.00, 0.00, -10.58, 100.00, 0.00, 0.00, 3.35, 0.00, -10, 0, 0
3444056, 0.00, 0.00, -10.58, 100.00, 0.00, 0.00, 3.35, 0.00, -10, 0, 0
3274153, 0.00, 0.00, -10.58, 100.00, 0.00, 0.00, 3.35, 0.00, -10, 0, 0
3359953, 0.00, 0.00, -10.58, 100.00, 0.00, 0.00, 3.35, 0.00, -10, 0, 0
3604149, 0.00, 0.00, -10.58, 100.00, 0.00, 0.00, 3.35, 0.00, -10, 0, 0
3515855, 0.00, 0.00, -10.58, 100.00, 0.00, 0.00, 3.35, 0.00, -10, 0, 0
6248491, 0.00, 0.00, -10.58, 100.00, 0.00, 0.00, 3.35, 0.00, -10, 0, 0
3594402, 0.00, 0.00, -10.58, 100.00, 0.00, 0.00, 3.35, 0.00, -10, 0, 0
3691790, 0.00, 0.00, -10.58, 100.00, 0.00, 0.00, 3.35, 0.00, -10, 0, 0
3482542, 0.00, 0.00, -10.58, 100.00, 0.00, 0.00, 3.35, 0.00, -10, 0, 0
3840530, 0.00, 0.00, -10.58, 100.00, 0.00, 0.00, 3.35, 0.00, -10, 0, 0
3328995, 0.00, 0.00, -10.58, 100.00, 0.00, 0.00, 3.35, 0.00, -10, 0, 0
3521692, 0.00, 0.00, -10.58, 100.00, 0.00, 0.00, 3.35, 0.00, -10, 0, 0
3395219, 0.00, 0.00, -10.58, 100.00, 0.00, 0.00, 3.35, 0.00, -10, 0, 0
3190120, 0.00, 0.00, -10.58, 100.00, 0.00, 0.00, 3.35, 0.00, -10, 0, 0
3272304, 0.00, 0.00, -10.58, 100.00, 0.00, 0.00, 3.35, 0.00, -10, 0, 0
6248491, 0.00, 0.00, -10.58, 100.00, 0.00, 0.00, 3.35, 0.00, -10, 0, 0
3573197, 0.00, 0.00, -10.58, 100.00, 0.00, 0.00, 3.35, 0.00, -10, 0, 0
3257754, 0.00, 0.00, -10.58, 100.00, 0.00, 0.00, 3.35, 0.00, -10, 0, 0
3569351, 0.00, 0.00, -10.58, 100.00, 0.00, 0.00, 3.35, 0.00, -10, 0, 0
4105478, 0.00, 0.00, -10.58, 100.00, 0.00, 0.00, 3.35, 0.00, -10, 0, 0
3360314, 0.00, 0.00, -10.58, 100.00, 0.00, 0.00, 3.35, 0.00, -10, 0, 0
3181264, 0.00, 0.00, -10.58, 100.00, 0.00, 0.00, 3.35, 0.00, -10, 0, 0
3413557, 0.00, 0.00, -10.58, 100.00, 0.00, 0.00, 3.35, 0.00, -10, 0, 0
3287950, 0.00, 0.00, -10.58, 100.00, 0.00, 0.00, 3.35, 0.00, -10, 0, 0
3746566, 0.00, 0.00, -10.58, 100.00, 0.00, 0.00, 3.35, 0.00, -10, 0, 0
6248491, 0.00, 0.00, -10.58, 100.00, 0.00, 0.00, 3.35, 0.00, -10, 0, 0
3485893, 0.00, 0.00, -10.58, 100.00, 0.00, 0.00, 3.35, 0.00, -10, 0, 0
3187728, 0.00, 0.00, -10.58, 100.00, 0.00, 0.00, 3.35, 0.00, -10, 0, 0
3495986, 0.00, 0.00, -10.58, 100.00, 0.00, 0.00, 3.35, 0.00, -10, 0, 0
3358964, 0.00, 0.00, -10.58, 100.00, 0.00, 0.00, 3.35, 0.00, -10, 0, 0
3254165, 0.00, 0.00, -10.58, 100.00, 0.00, 0.00, 3.35, 0.00, -10, 0, 0
3247409, 0.00, 0.00, -10.58, 100.00, 0.00, 0.00, 3.35, 0.00, -10, 0, 0
3167986, 0.00, 0.00, -10.58, 100.00, 0.00, 0.00, 3.35, 0.00, -10, 0, 0
3566853, 0.00, 0.00, -10.58, 100.00, 0.00, 0.00, 3.35, 0.00, -10, 0, 0
3440009, 0.00, 0.00, -10.58, 100.00, 0.00, 0.00, 3.35, 0.00, -10, 0, 0
6248491, 0.00, 0.00, -10.58, 100.00, 0.00, 0.00, 3.35, 0.00, -10, 0, 0
3750179, 0.00, 0.00, -10.58, 100.00, 0.00, 0.00, 3.35, 0.00, -10, 0, 0
3565504, 0.00, 0.00, -10.58, 100.00, 0.00, 0.00, 3.35, 0.00, -10, 0, 0
3682636, 0.00, 0.00, -10.58, 100.00, 0.00, 0.00, 3.35, 0.00, -10, 0, 0
3423995, 0.00, 0.00, -10.58, 100.00, 0.00, 0.00, 3.35, 0.00, -10, 0, 0
3190888, 0.00, 0.00, -10.58, 100.00, 0.00, 0.00, 3.35, 0.00, -10, 0, 0
3248684, 0.00, 0.00, -10.58, 100.00, 0.00, 0.00, 3.35, 0.00, -10, 0, 0
3467970, 0.00, 0.00, -10.58, 100.00, 0.00, 0.00, 3.35, 0.00, -10, 0, 0
3668467, 0.00, 0.00, -10.58, 100.00, 0.00, 0.00, 3.35, 0.00, -10, 0, 0
3360701, 0.00, 0.00, -10.58, 100.00, 0.00, 0.00, 3.35, 0.00, -10, 0, 0
6248491, 0.00, 0.00, -10.58, 100.00, 0.00, 0.00, 3.35, 0.00, -10, 0, 0
3216842, 0.00, 0.00, -10.58, 100.00, 0.00, 0.00, 3.35, 0.00, -10, 0, 0
3617534, 0.00, 0.00, -10.58, 100.00, 0.00, 0.00, 3.35, 0.00, -10, 0, 0
3835465, 0.00, 0.00, -10.58, 100.00, 0.00, 0.00, 3.35, 0.00, -10, 0, 0
3232747, 0.00, 0.00, -10.58, 100.00, 0.00, 0.00, 3.35, 0.00, -10, 0, 0
3170045, 0.00, 0.00, -10.58, 100.00, 0.00, 0.00, 3.35, 0.00, -10, 0, 0
3918482, 0.00, 0.00, -10.58, 100.00, 0.00, 0.00, 3.35, 0.00, -10, 0, 0
3898513, 0.00, 0.00, -10.58, 100.00, 0.00, 0.00, 3.35, 0.00, -10, 0, 0
3946331, 0.00, 0.00, -10.58, 100.00, 0.00, 0.00, 3.35, 0.00, -10, 0, 0
3209849, 0.00, 0.00, -10.58, 100.00, 0.00, 0.00, 3.35, 0.00, -10, 0, 0
6248491, 0.00, 0.00, -10.58, 100.00, 0.00, 0.00, 3.35, 0.00, -10, 0, 0
3267331, 0.00, 0.00, -10.58, 100.00, 0.00, 0.00, 3.35, 0.00, -10, 0, 0
3249203, 0.00, 0.00, -10.58, 100.00, 0.00, 0.00, 3.35, 0.00, -10, 0, 0
3384778, 0.00, 0.00, -10.58, 100.00, 0.00, 0.00, 3.35, 0.00, -10, 0, 0
3187563, 0.00, 0.00, -10.58, 100.00, 0.00, 0.00, 3.35, 0.00, -10, 0, 0
3719678, 0.00, 0.00, -10.58, 100.00, 0.00, 0.00, 3.35, 0.00, -10, 0, 0
3585920, 0.00, 0.00, -10.58, 100.00, 0.00, 0.00, 3.35, 0.00, -10, 0, 0
3751464, 0.00, 0.00, -10.58, 100.00, 0.00, 0.00, 3.35, 0.00, -10, 0, 0
3271272, 0.00, 0.00, -10.58, 100.00, 0.00, 0.00, 3.35, 0.00, -10, 0, 0
3165728, 0.00, 0.00, -10.58, 100.00, 0.00, 0.00, 3.35, 0.00, -10, 0, 0
6248491, 0.00, 0.00, -10.58, 100.00, 0.00, 0.00, 3.35, 0.00, -10, 0, 0
3219366, 0.00, 0.00, -10.58, 100.00, 0.00, 0.00, 3.35, 0.00, -10, 0, 0
3010801, 0.00, 0.00, -10.58, 100.00, 0.00, 0.00, 3.35, 0.00, -10, 0, 0
3079715, 0.00, 0.00, -10.58, 100.00, 0.00, 0.00, 3.35, 0.00, -10, 0, 0
3587587, 0.00, 0.00, -10.58, 100.00, 0.00, 0.00, 3.35, 0.00, -10, 0, 0
3062304, 0.00, 0.00, -10.58, 100.00, 0.00, 0.00, 3.35, 0.00, -10, 0, 0
3440779, 0.00, 0.00, -10.58, 100.00, 0.00, 0.00, 3.35, 0.00, -10, 0, 0
3713094, 0.00, 0.00, -10.58, 100.00, 0.00, 0.00, 3.35, 0.00, -10, 0, 0
3203891, 0.00, 0.00, -10.58, 100.00, 0.00, 0.00, 3.35, 0.00, -10, 0, 0
3252553, 0.00, 0.00, -10.58, 100.00, 0.00, 0.00, 3.35, 0.00, -10, 0, 0
6248491, 0.00, 0.00, -10.58, 100.00, 0.00, 0.00, 3.35, 0.00, -10, 0, 0
3321197, 0.00, 0.00, -10.58, 100.00, 0.00, 0.00, 3.35, 0.00, -10, 0, 0
3010397, 0.00, 0.00, -10.58, 100.00, 0.00, 0.00, 3.35, 0.00, -10, 0, 0
3260229, 0.00, 0.00, -10.58, 100.00, 0.00, 0.00, 3.35, 0.00, -10, 0, 0
3647219, 0.00, 0.00, -10.58, 100.00, 0.00, 0.00, 3.35, 0.00, -10, 0, 0
3230376, 0.00, 0.00, -10.58, 100.00, 0.00, 0.00, 3.35, 0.00, -10, 0, 0
3587119, 0.00, 0.00, -10.58, 100.00, 0.00, 0.00, 3.35, 0.00, -10, 0, 0
3931912, 0.00, 0.00, -10.58, 100.00, 0.00, 0.00, 3.35, 0.00, -10, 0, 0
3208744, 0.00, 0.00, -10.58, 100.00, 0.00, 0.00, 3.35, 0.00, -10, 0, 0
3232835, 0.00, 0.00, -10.58, 100.00, 0.00, 0.00, 3.35, 0.00, -10, 0, 0
6248491, 0.00, 0.00, -10.58, 100.00, 0.00, 0.00, 3.35, 0.00, -10, 0, 0
3476005, 0.00, 0.00, -10.58, 100.00, 0.00, 0.00, 3.35, 0.00, -10, 0, 0
3406287, 0.00, 0.00, -10.58, 100.00, 0.00, 0.00, 3.35, 0.00, -10, 0, 0
3724707, 0.00, 0.00, -10.58, 100.00, 0.00, 0.00, 3.35, 0.00, -10, 0, 0
3266531, 0.00, 0.00, -10.58, 100.00, 0.00, 0.00, 3.35, 0.00, -10, 0, 0
3145231, 0.00, 0.00, -10.58, 100.00, 0.00, 0.00, 3.35, 0.00, -10, 0, 0
3297882, 0.00, 0.00, -10.58, 100.00, 0.00, 0.00, 3.35, 0.00, -10, 0, 0
3191513, 0.00, 0.00, -10.58, 100.00, 0.00, 0.00, 3.35, 0.00, -10, 0, 0
3244660, 0.00, 0.00, -10.58, 100.00, 0.00, 0.00, 3.35, 0.00, -10, 0, 0
3277428, 0.00, 0.00, -10.58, 100.00, 0.00, 0.00, 3.35, 0.00, -10, 0, 0
6248491, 0.00, 0.00, -10.58, 100.00, 0.00, 0.00, 3.35, 0.00, -10, 0, 0
3248094, 0.00, 0.00, -10.58, 100.00, 0.00, 0.00, 3.35, 0.00, -10, 0, 0
3475480, 0.00, 0.00, -10.58, 100.00, 0.00, 0.00, 3.35, 0.00, -10, 0, 0
3306111, 0.00, 0.00, -10.58, 100.00, 0.00, 0.00, 3.35, 0.00, -10, 0, 0
3264413, 0.00, 0.00, -10.58, 100.00, 0.00, 0.00, 3.35, 0.00, -10, 0, 0
3066594, 0.00, 0.00, -10.58, 100.00, 0.00, 0.00, 3.35, 0.00, -10, 0, 0
3129868, 0.00, 0.00, -10.58, 100.00, 0.00, 0.00, 3.35, 0.00, -10, 0, 0
3735648, 0.00, 0.00, -10.58, 100.00, 0.00, 0.00, 3.35, 0.00, -10, 0, 0
3524703, 0.00, 0.00, -10.58, 100.00, 0.00, 0.00, 3.35, 0.00, -10, 0, 0
3150136, 0.00, 0.00, -10.58, 100.00, 0.00, 0.00, 3.35, 0.00, -10, 0, 0
6248491, 0.00, 0.00, -10.58, 100.00, 0.00, 0.00, 3.35, 0.00, -10, 0, 0
-996587705, 0.00, 0.00, -10.58, 100.00, 0.00, 0.00, 3.35, 0.00, -10, 0, 0
3605552, 0.00, 0.00, -10.58, 100.00, 0.00, 0.00, 3.35, 0.00, -10, 0, 0
3479953, 0.00, 0.00, -10.58, 100.00, 0.00, 0.00, 3.35, 0.00, -10, 0, 0
3332946, 0.00, 0.00, -10.58, 100.00, 0.00, 0.00, 3.35, 0.00, -10, 0, 0
3321237, 0.00, 0.00, -10.58, 100.00, 0.00, 0.00, 3.35, 0.00, -10, 0, 0
3555111, 0.00, 0.00, -10.58, 100.00, 0.00, 0.00, 3.35, 0.00, -10, 0, 0
3797589, 0.00, 0.00, -10.58, 100.00, 0.00, 0.00, 3.35, 0.00, -10, 0, 0
3275456, 0.00, 0.00, -10.58, 100.00, 0.00, 0.00, 3.35, 0.00, -10, 0, 0
3358843, 0.00, 0.00, -10.58, 100.00, 0.00, 0.00, 3.35, 0.00, -10, 0, 0
6248491, 0.00, 0.00, -10.58, 100.00, 0.00, 0.00, 3.35, 0.00, -10, 0, 0
4102364, 0.00, 0.00, -10.58, 100.00, 0.00, 0.00, 3.35, 0.00, -10, 0, 0
3346325, 0.00, 0.00, -10.58, 100.00, 0.00, 0.00, 3.35, 0.00, -10, 0, 0
3242395, 0.00, 0.00, -10.58, 100.00, 0.00, 0.00, 3.35, 0.00, -10, 0, 0
3080685, 0.00, 0.00, -10.58, 100.00, 0.00, 0.00, 3.35, 0.00, -10, 0, 0
2980973, 0.00, 0.00, -10.58, 100.00, 0.00, 0.00, 3.35, 0.00, -10, 0, 0
2859215, 0.00, 0.00, -10.58, 100.00, 0.00, 0.00, 3.35, 0.00, -10, 0, 0
2935506, 0.00, 0.00, -10.58, 100.00, 0.00, 0.00, 3.35, 0.00, -10, 0, 0
2696034, 0.00, 0.00, -10.58, 100.00, 0.00, 0.00, 3.35, 0.00, -10, 0, 0
2705364, 0.00, 0.00, -10.58, 100.00, 0.00, 0.00, 3.35, 0.00, -10, 0, 0
6248491, 0.00, 0.00, -10.58, 100.00, 0.00, 0.00, 3.35, 0.00, -10, 0, 0
2860397, 0.00, 0.00, -10.58, 100.00, 0.00, 0.00, 3.35, 0.00, -10, 0, 0
2802295, 0.00, 0.00, -10.58, 100.00, 0.00, 0.00, 3.35, 0.00, -10, 0, 0
2704639, 0.00, 0.00, -10.58, 100.00, 0.00, 0.00, 3.35, 0.00, -10, 0, 0
2704656, 0.00, 0.00, -10.58, 100.00, 0.00, 0.00, 3.35, 0.00, -10, 0, 0
2764373, 0.00, 0.00, -10.58, 100.00, 0.00, 0.00, 3.35, 0.00, -10, 0, 0
2907760, 0.00, 0.00, -10.58, 100.00, 0.00, 0.00, 3.35, 0.00, -10, 0, 0
2837175, 0.00, 0.00, -10.58, 100.00, 0.00, 0.00, 3.35, 0.00, -10, 0, 0
2840376, 0.00, 0.00, -10.58, 100.00, 0.00, 0.00, 3.35, 0.00, -10, 0, 0
2841249, 0.00, 0.00, -10.58, 100.00, 0.00, 0.00, 3.35, 0.00, -10, 0, 0
6248491, 0.00, 0.00, -10.58, 100.00, 0.00, 0.00, 3.35, 0.00, -10, 0, 0
2882662, 0.00, 0.00, -10.58, 100.00, 0.00, 0.00, 3.35, 0.00, -10, 0, 0
2988603, 0.00, 0.00, -10.58, 100.00, 0.00, 0.00, 3.35, 0.00, -10, 0, 0
2776561, 0.00, 0.00, -10.58, 100.00, 0.00, 0.00, 3.35, 0.00, -10, 0, 0
2976742, 0.00, 0.00, -10.58, 100.00, 0.00, 0.00, 3.35, 0.00, -10, 0, 0
2967688, 0.00, 0.00, -10.58, 100.00, 0.00, 0.00, 3.35, 0.00, -10, 0, 0
3107487, 0.00, 0.00, -10.58, 100.00, 0.00, 0.00, 3.35, 0.00, -10, 0, 0
3096361, 0.00, 0.00, -10.58, 100.00, 0.00, 0.00, 3.35, 0.00, -10, 0, 0
3031148, 0.00, 0.00, -10.58, 100.00, 0.00, 0.00, 3.35, 0.00, -10, 0, 0
2790320, 0.00, 0.00, -10.58, 100.00, 0.00, 0.00, 3.35, 0.00, -10, 0, 0
6248491, 0.00, 0.00, -10.58, 100.00, 0.00, 0.00, 3.35, 0.00, -10, 0, 0
2838162, 0.00, 0.00, -10.58, 100.00, 0.00, 0.00, 3.35, 0.00, -10, 0, 0
2939281, 0.00, 0.00, -10.58, 100.00, 0.00, 0.00, 3.35, 0.00, -10, 0, 0
2692329, 0.00, 0.00, -10.58, 100.00, 0.00, 0.00, 3.35, 0.00, -10, 0, 0
2998062, 0.00, 0.00, -10.58, 100.00, 0.00, 0.00, 3.35, 0.00, -10, 0, 0
2861399, 0.00, 0.00, -10.58, 100.00, 0.00, 0.00, 3.35, 0.00, -10, 0, 0
2650688, 0.00, 0.00, -10.58, 100.00, 0.00, 0.00, 3.35, 0.00, -10, 0, 0
2811345, 0.00, 0.00, -10.58, 100.00, 0.00, 0.00, 3.35, 0.00, -10, 0, 0
2601592, 0.00, 0.00, -10.58, 100.00, 0.00, 0.00, 3.35, 0.00, -10, 0, 0
2872906, 0.00, 0.00, -10.58, 100.00, 0.00, 0.00, 3.35, 0.00, -10, 0, 0
6248491, 0.00, 0.00, -10.58, 100.00, 0.00, 0.00, 3.35, 0.00, -10, 0, 0
2976261, 0.00, 0.00, -10.58, 100.00, 0.00, 0.00, 3.35, 0.00, -10, 0, 0
3222017, 0.00, 0.00, -10.58, 100.00, 0.00, 0.00, 3.35, 0.00, -10, 0, 0
3139817, 0.00, 0.00, -10.58, 100.00, 0.00, 0.00, 3.35, 0.00, -10, 0, 0
2998910, 0.00, 0.00, -10.58, 100.00, 0.00, 0.00, 3.35, 0.00, -10, 0, 0
2915754, 0.00, 0.00, -10.58, 100.00, 0.00, 0.00, 3.35, 0.00, -10, 0, 0
3129762, 0.00, 0.00, -10.58, 100.00, 0.00, 0.00, 3.35, 0.00, -10, 0, 0
3320664, 0.00, 0.00, -10.58, 100.00, 0.00, 0.00, 3.35, 0.00, -10, 0, 0
3275545, 0.00, 0.00, -10.58, 100.00, 0.00, 0.00, 3.35, 0.00, -10, 0, 0
3136357, 0.00, 0.00, -10.58, 100.00, 0.00, 0.00, 3.35, 0.00, -10, 0, 0
6248491, 0.00, 0.00, -10.58, 100.00, 0.00, 0.00, 3.35, 0.00, -10, 0, 0
3292418, 0.00, 0.00, -10.58, 100.00, 0.00, 0.00, 3.35, 0.00, -10, 0, 0
3389968, 0.00, 0.00, -10.58, 100.00, 0.00, 0.00, 3.35, 0.00, -10, 0, 0
3598917, 0.00, 0.00, -10.58, 100.00, 0.00, 0.00, 3.35, 0.00, -10, 0, 0
3367284, 0.00, 0.00, -10.58, 100.00, 0.00, 0.00, 3.35, 0.00, -10, 0, 0
3199561, 0.00, 0.00, -10.58, 100.00, 0.00, 0.00, 3.35, 0.00, -10, 0, 0
3364854, 0.00, 0.00, -10.58, 100.00, 0.00, 0.00, 3.35, 0.00, -10, 0, 0
3902360, 0.00, 0.00, -10.58, 100.00, 0.00, 0.00, 3.35, 0.00, -10, 0, 0
3202963, 0.00, 0.00, -10.58, 100.00, 0.00, 0.00, 3.35, 0.00, -10, 0, 0
3044130, 0.00, 0.00, -10.58, 100.00, 0.00, 0.00, 3.35, 0.00, -10, 0, 0
6248491, 0.00, 0.00, -10.58, 100.00, 0.00, 0.00, 3.35, 0.00, -10, 0, 0
3255052, 0.00, 0.00, -10.58, 100.00, 0.00, 0.00, 3.35, 0.00, -10, 0, 0
3584980, 0.00, 0.00, -10.58, 100.00, 0.00, 0.00, 3.35, 0.00, -10, 0, 0
3283315, 0.00, 0.00, -10.58, 100.00, 0.00, 0.00, 3.35, 0.00, -10, 0, 0
3239068, 0.00, 0.00, -10.58, 100.00, 0.00, 0.00, 3.35, 0.00, -10, 0, 0
3095621, 0.00, 0.00, -10.58, 100.00, 0.00, 0.00, 3.35, 0.00, -10, 0, 0
3466759, 0.00, 0.00, -10.58, 100.00, 0.00, 0.00, 3.35, 0.00, -10, 0, 0
3724151, 0.00, 0.00, -10.58, 100.00, 0.00, 0.00, 3.35, 0.00, -10, 0, 0
3123133, 0.00, 0.00, -10.58, 100.00, 0.00, 0.00, 3.35, 0.00, -10, 0, 0
3236952, 0.00, 0.00, -10.58, 100.00, 0.00, 0.00, 3.35, 0.00, -10, 0, 0
6248491, 0.00, 0.00, -10.58, 100.00, 0.00, 0.00, 3.35, 0.00, -10, 0, 0
3428429, 0.00, 0.00, -10.58, 100.00, 0.00, 0.00, 3.35, 0.00, -10, 0, 0
3657269, 0.00, 0.00, -10.58, 100.00, 0.00, 0.00, 3.35, 0.00, -10, 0, 0
3421928, 0.00, 0.00, -10.58, 100.00, 0.00, 0.00, 3.35, 0.00, -10, 0, 0
3417536, 0.00, 0.00, -10.58, 100.00, 0.00, 0.00, 3.35, 0.00, -10, 0, 0
3307689, 0.00, 0.00, -10.58, 100.00, 0.00, 0.00, 3.35, 0.00, -10, 0, 0
3187208, 0.00, 0.00, -10.58, 100.00, 0.00, 0.00, 3.35, 0.00, -10, 0, 0
3847803, 0.00, 0.00, -10.58, 100.00, 0.00, 0.00, 3.35, 0.00, -10, 0, 0
3216003, 0.00, 0.00, -10.58, 100.00, 0.00, 0.00, 3.35, 0.00, -10, 0, 0
3170090, 0.00, 0.00, -10.58, 100.00, 0.00, 0.00, 3.35, 0.00, -10, 0, 0
6248491, 0.00, 0.00, -10.58, 100.00, 0.00, 0.00, 3.35, 0.00, -10, 0, 0
3672396, 0.00, 0.00, -10.58, 100.00, 0.00, 0.00, 3.35, 0.00, -10, 0, 0
3451135, 0.00, 0.00, -10.58, 100.00, 0.00, 0.00, 3.35, 0.00, -10, 0, 0
3288124, 0.00, 0.00, -10.58, 100.00, 0.00, 0.00, 3.35, 0.00, -10, 0, 0
3209979, 0.00, 0.00, -10.58, 100.00, 0.00, 0.00, 3.35, 0.00, -10, 0, 0
3192712, 0.00, 0.00, -10.58, 100.00, 0.00, 0.00, 3.35, 0.00, -10, 0, 0
3431352, 0.00, 0.00, -10.58, 100.00, 0.00, 0.00, 3.35, 0.00, -10, 0, 0
3264895, 0.00, 0.00, -10.58, 100.00, 0.00, 0.00, 3.35, 0.00, -10, 0, 0
3114652, 0.00, 0.00, -10.58, 100.00, 0.00, 0.00, 3.35, 0.00, -10, 0, 0
3106365, 0.00, 0.00, -10.58, 100.00, 0.00, 0.00, 3.35, 0.00, -10, 0, 0
6248491, 0.00, 0.00, -10.58, 100.00, 0.00, 0.00, 3.35, 0.00, -10, 0, 0
3773563, 0.00, 0.00, -10.58, 100.00, 0.00, 0.00, 3.35, 0.00, -10, 0, 0
3635246, 0.00, 0.00, -10.58, 100.00, 0.00, 0.00, 3.35, 0.00, -10, 0, 0
3380776, 0.00, 0.00, -10.58, 100.00, 0.00, 0.00, 3.35, 0.00, -10, 0, 0
3242462, 0.00, 0.00, -10.58, 100.00, 0.00, 0.00, 3.35, 0.00, -10, 0, 0
3258767, 0.00, 0.00, -10.58, 100.00, 0.00, 0.00, 3.35, 0.00, -10, 0, 0
3380159, 0.00, 0.00, -10.58, 100.00, 0.00, 0.00, 3.35, 0.00, -10, 0, 0
3458076, 0.00, 0.00, -10.58, 100.00, 0.00, 0.00, 3.35, 0.00, -10, 0, 0
3271771, 0.00, 0.00, -10.58, 100.00, 0.00, 0.00, 3.35, 0.00, -10, 0, 0
3448181, 0.00, 0.00, -10.58, 100.00, 0.00, 0.00, 3.35, 0.00, -10, 0, 0
6248491, 0.00, 0.00, -10.58, 100.00, 0.00, 0.00, 3.35, 0.00, -10, 0, 0
3661042, 0.00, 0.00, -10.58, 100.00, 0.00, 0.00, 3.35, 0.00, -10, 0, 0
3320646, 0.00, 0.00, -10.58, 100.00, 0.00, 0.00, 3.35, 0.00, -10, 0, 0
3102837, 0.00, 0.00, -10.58, 100.00, 0.00, 0.00, 3.35, 0.00, -10, 0, 0
3401216, 0.00, 0.00, -10.58, 100.00, 0.00, 0.00, 3.35, 0.00, -10, 0, 0
3588114, 0.00, 0.00, -10.58, 100.00, 0.00, 0.00, 3.35, 0.00, -10, 0, 0
3356875, 0.00, 0.00, -10.58, 100.00, 0.00, 0.00, 3.35, 0.00, -10, 0, 0
3249954, 0.00, 0.00, -10.58, 100.00, 0.00, 0.00, 3.35, 0.00, -10, 0, 0
3398686, 0.00, 0.00, -10.58, 100.00, 0.00, 0.00, 3.35, 0.00, -10, 0, 0
3668965, 0.00, 0.00, -10.58, 100.00, 0.00, 0.00, 3.35, 0.00, -10, 0, 0
6248491, 0.00, 0.00, -10.58, 100.00, 0.00, 0.00, 3.35, 0.00, -10, 0, 0
3862807, 0.00, 0.00, -10.58, 100.00, 0.00, 0.00, 3.35, 0.00, -10, 0, 0
3409100, 0.00, 0.00, -10.58, 100.00, 0.00, 0.00, 3.35, 0.00, -10, 0, 0
3391541, 0.00, 0.00, -10.58, 100.00, 0.00, 0.00, 3.35, 0.00, -10, 0, 0
3374552, 0.00, 0.00, -10.58, 100.00, 0.00, 0.00, 3.35, 0.00, -10, 0, 0
3230344, 0.00, 0.00, -10.58, 100.00, 0.00, 0.00, 3.35, 0.00, -10, 0, 0
3285428, 0.00, 0.00, -10.58, 100.00, 0.00, 0.00, 3.35, 0.00, -10, 0, 0
3400093, 0.00, 0.00, -10.58, 100.00, 0.00, 0.00, 3.35, 0.00, -10, 0, 0
3521785, 0.00, 0.00, -10.58, 100.00, 0.00, 0.00, 3.35, 0.00, -10, 0, 0
3201668, 0.00, 0.00, -10.58, 100.00, 0.00, 0.00, 3.35, 0.00, -10, 0, 0
6248491, 0.00, 0.00, -10.58, 100.00, 0.00, 0.00, 3.35, 0.00, -10, 0, 0
3598051, 0.00, 0.00, -10.58, 100.00, 0.00, 0.00, 3.35, 0.00, -10, 0, 0
3146421, 0.00, 0.00, -10.58, 100.00, 0.00, 0.00, 3.35, 0.00, -10, 0, 0
3078350, 0.00, 0.00, -10.58, 100.00, 0.00, 0.00, 3.35, 0.00, -10, 0, 0
3296184, 0.00, 0.00, -10.58, 100.00, 0.00, 0.00, 3.35, 0.00, -10, 0, 0
3235626, 0.00, 0.00, -10.58, 100.00, 0.00, 0.00, 3.35, 0.00, -10, 0, 0
3106714, 0.00, 0.00, -10.58, 100.00, 0.00, 0.00, 3.35, 0.00, -10, 0, 0
3408647, 0.00, 0.00, -10.58, 100.00, 0.00, 0.00, 3.35, 0.00, -10, 0, 0
3572927, 0.00, 0.00, -10.58, 100.00, 0.00, 0.00, 3.35, 0.00, -10, 0, 0
3201396, 0.00, 0.00, -10.58, 100.00, 0.00, 0.00, 3.35, 0.00, -10, 0, 0
6248491, 0.00, 0.00, -10.58, 100.00, 0.00, 0.00, 3.35, 0.00, -10, 0, 0
4096606, 0.00, 0.00, -10.58, 100.00, 0.00, 0.00, 3.35, 0.00, -10, 0, 0
3225578, 0.00, 0.00, -10.58, 100.00, 0.00, 0.00, 3.35, 0.00, -10, 0, 0
3101491, 0.00, 0.00, -10.58, 100.00, 0.00, 0.00, 3.35, 0.00, -10, 0, 0
3260437, 0.00, 0.00, -10.58, 100.00, 0.00, 0.00, 3.35, 0.00, -10, 0, 0
3105401, 0.00, 0.00, -10.58, 100.00, 0.00, 0.00, 3.35, 0.00, -10, 0, 0
3607230, 0.00, 0.00, -10.58, 100.00, 0.00, 0.00, 3.35, 0.00, -10, 0, 0
3447880, 0.00, 0.00, -10.58, 100.00, 0.00, 0.00, 3.35, 0.00, -10, 0, 0
3380120, 0.00, 0.00, -10.58, 100.00, 0.00, 0.00, 3.35, 0.00, -10, 0, 0
3098776, 0.00, 0.00, -10.58, 100.00, 0.00, 0.00, 3.35, 0.00, -10, 0, 0
6248491, 0.00, 0.00, -10.58, 100.00, 0.00, 0.00, 3.35, 0.00, -10, 0, 0
3627826, 0.00, 0.00, -10.58, 100.00, 0.00, 0.00, 3.35, 0.00, -10, 0, 0
3169720, 0.00, 0.00, -10.58, 100.00, 0.00, 0.00, 3.35, 0.00, -10, 0, 0
3203868, 0.00, 0.00, -10.58, 100.00, 0.00, 0.00, 3.35, 0.00, -10, 0, 0
3238969, 0.00, 0.00, -10.58, 100.00, 0.00, 0.00, 3.35, 0.00, -10, 0, 0
3459130, 0.00, 0.00, -10.58, 100.00, 0.00, 0.00, 3.35, 0.00, -10, 0, 0
3459613, 0.00, 0.00, -10.58, 100.00, 0.00, 0.00, 3.35, 0.00, -10, 0, 0
3421243, 0.00, 0.00, -10.58, 100.00, 0.00, 0.00, 3.35, 0.00, -10, 0, 0
3384619, 0.00, 0.00, -10.58, 100.00, 0.00, 0.00, 3.35, 0.00, -10, 0, 0
3184803, 0.00, 0.00, -10.58, 100.00, 0.00, 0.00, 3.35, 0.00, -10, 0, 0
6248491, 0.00, 0.00, -10.58, 100.00, 0.00, 0.00, 3.35, 0.00, -10, 0, 0
3449023, 0.00, 0.00, -10.58, 100.00, 0.00, 0.00, 3.35, 0.00, -10, 0, 0
3220517, 0.00, 0.00, -10.58, 100.00, 0.00, 0.00, 3.35, 0.00, -10, 0, 0
3121826, 0.00, 0.00, -10.58, 100.00, 0.00, 0.00, 3.35, 0.00, -10, 0, 0
3601015, 0.00, 0.00, -10.58, 100.00, 0.00, 0.00, 3.35, 0.00, -10, 0, 0
3527359, 0.00, 0.00, -10.58, 100.00, 0.00, 0.00, 3.35, 0.00, -10, 0, 0
3349335, 0.00, 0.00, -10.58, 100.00, 0.00, 0.00, 3.35, 0.00, -10, 0, 0
3213223, 0.00, 0.00, -10.58, 100.00, 0.00, 0.00, 3.35, 0.00, -10, 0, 0
3255736, 0.00, 0.00, -10.58, 100.00, 0.00, 0.00, 3.35, 0.00, -10, 0, 0
3092527, 0.00, 0.00, -10.58, 100.00, 0.00, 0.00, 3.35, 0.00, -10, 0, 0
6248491, 0.00, 0.00, -10.58, 100.00, 0.00, 0.00, 3.35, 0.00, -10, 0, 0
3531299, 0.00, 0.00, -10.58, 100.00, 0.00, 0.00, 3.35, 0.00, -10, 0, 0
3282393, 0.00, 0.00, -10.58, 100.00, 0.00, 0.00, 3.35, 0.00, -10, 0, 0
3542554, 0.00, 0.00, -10.58, 100.00, 0.00, 0.00, 3.35, 0.00, -10, 0, 0
3753489, 0.00, 0.00, -10.58, 100.00, 0.00, 0.00, 3.35, 0.00, -10, 0, 0
3419432, 0.00, 0.00, -10.58, 100.00, 0.00, 0.00, 3.35, 0.00, -10, 0, 0
3491811, 0.00, 0.00, -10.58, 100.00, 0.00, 0.00, 3.35, 0.00, -10, 0, 0
3423439, 0.00, 0.00, -10.58, 100.00, 0.00, 0.00, 3.35, 0.00, -10, 0, 0
3454702, 0.00, 0.00, -10.58, 100.00, 0.00, 0.00, 3.35, 0.00, -10, 0, 0
3189382, 0.00, 0.00, -10.58, 100.00, 0.00, 0.00, 3.35, 0.00, -10, 0, 0
6248491, 0.00, 0.00, -10.58, 100.00, 0.00, 0.00, 3.35, 0.00, -10, 0, 0
3512432, 0.00, 0.00, -10.58, 100.00, 0.00, 0.00, 3.35, 0.00, -10, 0, 0
3267684, 0.00, 0.00, -10.58, 100.00, 0.00, 0.00, 3.35, 0.00, -10, 0, 0
3543212, 0.00, 0.00, -10.58, 100.00, 0.00, 0.00, 3.35, 0.00, -10, 0, 0
3458316, 0.00, 0.00, -10.58, 100.00, 0.00, 0.00, 3.35, 0.00, -10, 0, 0
3941870, 0.00, 0.00, -10.58, 100.00, 0.00, 0.00, 3.35, 0.00, -10, 0, 0
3354844, 0.00, 0.00, -10.58, 100.00, 0.00, 0.00, 3.35, 0.00, -10, 0, 0
3149571, 0.00, 0.00, -10.58, 100.00, 0.00, 0.00, 3.35, 0.00, -10, 0, 0
3292234, 0.00, 0.00, -10.58, 100.00, 0.00, 0.00, 3.35, 0.00, -10, 0, 0
3312579, 0.00, 0.00, -10.58, 100.00, 0.00, 0.00, 3.35, 0.00, -10, 0, 0
6248491, 0.00, 0.00, -10.58, 100.00, 0.00, 0.00, 3.35, 0.00, -10, 0, 0
3431001, 0.00, 0.00, -10.58, 100.00, 0.00, 0.00, 3.35, 0.00, -10, 0, 0
3206917, 0.00, 0.00, -10.58, 100.00, 0.00, 0.00, 3.35, 0.00, -10, 0, 0
3583129, 0.00, 0.00, -10.58, 100.00, 0.00, 0.00, 3.35, 0.00, -10, 0, 0
3409111, 0.00, 0.00, -10.58, 100.00, 0.00, 0.00, 3.35, 0.00, -10, 0, 0
3963949, 0.00, 0.00, -10.58, 100.00, 0.00, 0.00, 3.35, 0.00, -10, 0, 0
3350129, 0.00, 0.00, -10.58, 100.00, 0.00, 0.00, 3.35, 0.00, -10, 0, 0
3400398, 0.00, 0.00, -10.58, 100.00, 0.00, 0.00, 3.35, 0.00, -10, 0, 0
3387341, 0.00, 0.00, -10.58, 100.00, 0.00, 0.00, 3.35, 0.00, -10, 0, 0
3288809, 0.00, 0.00, -10.58, 100.00, 0.00, 0.00, 3.35, 0.00, -10, 0, 0
6248491, 0.00, 0.00, -10.58, 100.00, 0.00, 0.00, 3.35, 0.00, -10, 0, 0
3275040, 0.00, 0.00, -10.58, 100.00, 0.00, 0.00, 3.35, 0.00, -10, 0, 0
3514965, 0.00, 0.00, -10.58, 100.00, 0.00, 0.00, 3.35, 0.00, -10, 0, 0
3236386, 0.00, 0.00, -10.58, 100.00, 0.00, 0.00, 3.35, 0.00, -10, 0, 0
3327683, 0.00, 0.00, -10.58, 100.00, 0.00, 0.00, 3.35, 0.00, -10, 0, 0
3503243, 0.00, 0.00, -10.58, 100.00, 0.00, 0.00, 3.35, 0.00, -10, 0, 0
3514451, 0.00, 0.00, -10.58, 100.00, 0.00, 0.00, 3.35, 0.00, -10, 0, 0
3592115, 0.00, 0.00, -10.58, 100.00, 0.00, 0.00, 3.35, 0.00, -10, 0, 0
3397956, 0.00, 0.00, -10.58, 100.00, 0.00, 0.00, 3.35, 0.00, -10, 0, 0
3474142, 0.00, 0.00, -10.58, 100.00, 0.00, 0.00, 3.35, 0.00, -10, 0, 0
6248491, 0.00, 0.00, -10.58, 100.00, 0.00, 0.00, 3.35, 0.00, -10, 0, 0
3731665, 0.00, 0.00, -10.58, 100.00, 0.00, 0.00, 3.35, 0.00, -10, 0, 0
3310701, 0.00, 0.00, -10.58, 100.00, 0.00, 0.00, 3.35, 0.00, -10, 0, 0
3442489, 0.00, 0.00, -10.58, 100.00, 0.00, 0.00, 3.35, 0.00, -10, 0, 0
3750945, 0.00, 0.00, -10.58, 100.00, 0.00, 0.00, 3.35, 0.00, -10, 0, 0
3360493, 0.00, 0.00, -10.58, 100.00, 0.00, 0.00, 3.35, 0.00, -10, 0, 0
3401041, 0.00, 0.00, -10.58, 100.00, 0.00, 0.00, 3.35, 0.00, -10, 0, 0
3472704, 0.00, 0.00, -10.58, 100.00, 0.00, 0.00, 3.35, 0.00, -10, 0, 0
3601981, 0.00, 0.00, -10.58, 100.00, 0.00, 0.00, 3.35, 0.00, -10, 0, 0
3273328, 0.00, 0.00, -10.58, 100.00, 0.00, 0.00, 3.35, 0.00, -10, 0, 0
6248491, 0.00, 0.00, -10.58, 100.00, 0.00, 0.00, 3.35, 0.00, -10, 0, 0
3283303, 0.00, 0.00, -10.58, 100.00, 0.00, 0.00, 3.35, 0.00, -10, 0, 0
3126145, 0.00, 0.00, -10.58, 100.00, 0.00, 0.00, 3.35, 0.00, -10, 0, 0
3370266, 0.00, 0.00, -10.58, 100.00, 0.00, 0.00, 3.35, 0.00, -10, 0, 0
3834385, 0.00, 0.00, -10.58, 100.00, 0.00, 0.00, 3.35, 0.00, -10, 0, 0
3375632, 0.00, 0.00, -10.58, 100.00, 0.00, 0.00, 3.35, 0.00, -10, 0, 0
3245406, 0.00, 0.00, -10.58, 100.00, 0.00, 0.00, 3.35, 0.00, -10, 0, 0
3404000, 0.00, 0.00, -10.58, 100.00, 0.00, 0.00, 3.35, 0.00, -10, 0, 0
3211849, 0.00, 0.00, -10.58, 100.00, 0.00, 0.00, 3.35, 0.00, -10, 0, 0
3556526, 0.00, 0.00, -10.58, 100.00, 0.00, 0.00, 3.35, 0.00, -10, 0, 0
6248491, 0.00, 0.00, -10.58, 100.00, 0.00, 0.00, 3.35, 0.00, -10, 0, 0
3397535, 0.00, 0.00, -10.58, 100.00, 0.00, 0.00, 3.35, 0.00, -10, 0, 0
3254808, 0.00, 0.00, -10.58, 100.00, 0.00, 0.00, 3.35, 0.00, -10, 0, 0
3420273, 0.00, 0.00, -10.58, 100.00, 0.00, 0.00, 3.35, 0.00, -10, 0, 0
3382765, 0.00, 0.00, -10.58, 100.00, 0.00, 0.00, 3.35, 0.00, -10, 0, 0
3457742, 0.00, 0.00, -10.58, 100.00, 0.00, 0.00, 3.35, 0.00, -10, 0, 0
3503835, 0.00, 0.00, -10.58, 100.00, 0.00, 0.00, 3.35, 0.00, -10, 0, 0
3416028, 0.00, 0.00, -10.58, 100.00, 0.00, 0.00, 3.35, 0.00, -10, 0, 0
3545826, 0.00, 0.00, -10.58, 100.00, 0.00, 0.00, 3.35, 0.00, -10, 0, 0
3906303, 0.00, 0.00, -10.58, 100.00, 0.00, 0.00, 3.35, 0.00, -10, 0, 0
6248491, 0.00, 0.00, -10.58, 100.00, 0.00, 0.00, 3.35, 0.00, -10, 0, 0
3211009, 0.00, 0.00, -10.58, 100.00, 0.00, 0.00, 3.35, 0.00, -10, 0, 0
3128669, 0.00, 0.00, -10.58, 100.00, 0.00, 0.00, 3.35, 0.00, -10, 0, 0
3452499, 0.00, 0.00, -10.58, 100.00, 0.00, 0.00, 3.35, 0.00, -10, 0, 0
3302104, 0.00, 0.00, -10.58, 100.00, 0.00, 0.00, 3.35, 0.00, -10, 0, 0
3112082, 0.00, 0.00, -10.58, 100.00, 0.00, 0.00, 3.35, 0.00, -10, 0, 0
3078444, 0.00, 0.00, -10.58, 100.00, 0.00, 0.00, 3.35, 0.00, -10, 0, 0
3262016, 0.00, 0.00, -10.58, 100.00, 0.00, 0.00, 3.35, 0.00, -10, 0, 0
3472907, 0.00, 0.00, -10.58, 100.00, 0.00, 0.00, 3.35, 0.00, -10, 0, 0
3192000, 0.00, 0.00, -10.58, 100.00, 0.00, 0.00, 3.35, 0.00, -10, 0, 0
6248491, 0.00, 0.00, -10.58, 100.00, 0.00, 0.00, 3.35, 0.00, -10, 0, 0
3378772, 0.00, 0.00, -10.58, 100.00, 0.00, 0.00, 3.35, 0.00, -10, 0, 0
3150547, 0.00, 0.00, -10.58, 100.00, 0.00, 0.00, 3.35, 0.00, -10, 0, 0
3495131, 0.00, 0.00, -10.58, 100.00, 0.00, 0.00, 3.35, 0.00, -10, 0, 0
3344425, 0.00, 0.00, -10.58, 100.00, 0.00, 0.00, 3.35, 0.00, -10, 0, 0
3109339, 0.00, 0.00, -10.58, 100.00, 0.00, 0.00, 3.35, 0.00, -10, 0, 0
3049703, 0.00, 0.00, -10.58, 100.00, 0.00, 0.00, 3.35, 0.00, -10, 0, 0
3422897, 0.00, 0.00, -10.58, 100.00, 0.00, 0.00, 3.35, 0.00, -10, 0, 0
3576549, 0.00, 0.00, -10.58, 100.00, 0.00, 0.00, 3.35, 0.00, -10, 0, 0
3350566, 0.00, 0.00, -10.58, 100.00, 0.00, 0.00, 3.35, 0.00, -10, 0, 0
6248491, 0.00, 0.00, -10.58, 100.00, 0.00, 0.00, 3.35, 0.00, -10, 0, 0
3603785, 0.00, 0.00, -10.58, 100.00, 0.00, 0.00, 3.35, 0.00, -10, 0, 0
3567044, 0.00, 0.00, -10.58, 100.00, 0.00, 0.00, 3.35, 0.00, -10, 0, 0
3788130, 0.00, 0.00, -10.58, 100.00, 0.00, 0.00, 3.35, 0.00, -10, 0, 0
3324887, 0.00, 0.00, -10.58, 100.00, 0.00, 0.00, 3.35, 0.00, -10, 0, 0
3223215, 0.00, 0.00, -10.58, 100.00, 0.00, 0.00, 3.35, 0.00, -10, 0, 0
3497528, 0.00, 0.00, -10.58, 100.00, 0.00, 0.00, 3.35, 0.00, -10, 0, 0
3721017, 0.00, 0.00, -10.58, 100.00, 0.00, 0.00, 3.35, 0.00, -10, 0, 0
3270705, 0.00, 0.00, -10.58, 100.00, 0.00, 0.00, 3.35, 0.00, -10, 0, 0
3299704, 0.00, 0.00, -10.58, 100.00, 0.00, 0.00, 3.35, 0.00, -10, 0, 0
6248491, 0.00, 0.00, -10.58, 100.00, 0.00, 0.00, 3.35, 0.00, -10, 0, 0
3477770, 0.00, 0.00, -10.58, 100.00, 0.00, 0.00, 3.35, 0.00, -10, 0, 0
3111355, 0.00, 0.00, -10.58, 100.00, 0.00, 0.00, 3.35, 0.00, -10, 0, 0
3119776, 0.00, 0.00, -10.58, 100.00, 0.00, 0.00, 3.35, 0.00, -10, 0, 0
3115704, 0.00, 0.00, -10.58, 100.00, 0.00, 0.00, 3.35, 0.00, -10, 0, 0
3649557, 0.00, 0.00, -10.58, 100.00, 0.00, 0.00, 3.35, 0.00, -10, 0, 0
3567475, 0.00, 0.00, -10.58, 100.00, 0.00, 0.00, 3.35, 0.00, -10, 0, 0
3557932, 0.00, 0.00, -10.58, 100.00, 0.00, 0.00, 3.35, 0.00, -10, 0, 0
3698291, 0.00, 0.00, -10.58, 100.00, 0.00, 0.00, 3.35, 0.00, -10, 0, 0
3151625, 0.00, 0.00, -10.58, 100.00, 0.00, 0.00, 3.35, 0.00, -10, 0, 0
6248491, 0.00, 0.00, -10.58, 100.00, 0.00, 0.00, 3.35, 0.00, -10, 0, 0
3430462, 0.00, 0.00, -10.58, 100.00, 0.00, 0.00, 3.35, 0.00, -10, 0, 0
3202742, 0.00, 0.00, -10.58, 100.00, 0.00, 0.00, 3.35, 0.00, -10, 0, 0
3110768, 0.00, 0.00, -10.58, 100.00, 0.00, 0.00, 3.35, 0.00, -10, 0, 0
3135532, 0.00, 0.00, -10.58, 100.00, 0.00, 0.00, 3.35, 0.00, -10, 0, 0
3435917, 0.00, 0.00, -10.58, 100.00, 0.00, 0.00, 3.35, 0.00, -10, 0, 0
3288567, 0.00, 0.00, -10.58, 100.00, 0.00, 0.00, 3.35, 0.00, -10, 0, 0
3482495, 0.00, 0.00, -10.58, 100.00, 0.00, 0.00, 3.35, 0.00, -10, 0, 0
3778798, 0.00, 0.00, -10.58, 100.00, 0.00, 0.00, 3.35, 0.00, -10, 0, 0
3360082, 0.00, 0.00, -10.58, 100.00, 0.00, 0.00, 3.35, 0.00, -10, 0, 0
6248491, 0.00, 0.00, -10.58, 100.00, 0.00, 0.00, 3.35, 0.00, -10, 0, 0
3506591, 0.00, 0.00, -10.58, 100.00, 0.00, 0.00, 3.35, 0.00, -10, 0, 0
3247778, 0.00, 0.00, -10.58, 100.00, 0.00, 0.00, 3.35, 0.00, -10, 0, 0
3097829, 0.00, 0.00, -10.58, 100.00, 0.00, 0.00, 3.35, 0.00, -10, 0, 0
3440026, 0.00, 0.00, -10.58, 100.00, 0.00, 0.00, 3.35, 0.00, -10, 0, 0
3507513, 0.00, 0.00, -10.58, 100.00, 0.00, 0.00, 3.35, 0.00, -10, 0, 0
3162706, 0.00, 0.00, -10.58, 100.00, 0.00, 0.00, 3.35, 0.00, -10, 0, 0
3512701, 0.00, 0.00, -10.58, 100.00, 0.00, 0.00, 3.35, 0.00, -10, 0, 0
3243278, 0.00, 0.00, -10.58, 100.00, 0.00, 0.00, 3.35, 0.00, -10, 0, 0
3208427, 0.00, 0.00, -10.58, 100.00, 0.00, 0.00, 3.35, 0.00, -10, 0, 0
6248491, 0.00, 0.00, -10.58, 100.00, 0.00, 0.00, 3.35, 0.00, -10, 0, 0
-996469290, 0.00, 0.00, -10.58, 100.00, 0.00, 0.00, 3.35, 0.00, -10, 0, 0
3124196, 0.00, 0.00, -10.58, 100.00, 0.00, 0.00, 3.35, 0.00, -10, 0, 0
3352491, 0.00, 0.00, -10.58, 100.00, 0.00, 0.00, 3.35, 0.00, -10, 0, 0
3588819, 0.00, 0.00, -10.58, 100.00, 0.00, 0.00, 3.35, 0.00, -10, 0, 0
3241591, 0.00, 0.00, -10.58, 100.00, 0.00, 0.00, 3.35, 0.00, -10, 0, 0
3209221, 0.00, 0.00, -10.58, 100.00, 0.00, 0.00, 3.35, 0.00, -10, 0, 0
3570816, 0.00, 0.00, -10.58, 100.00, 0.00, 0.00, 3.35, 0.00, -10, 0, 0
3326809, 0.00, 0.00, -10.58, 100.00, 0.00, 0.00, 3.35, 0.00, -10, 0, 0
3237582, 0.00, 0.00, -10.58, 100.00, 0.00, 0.00, 3.35, 0.00, -10, 0, 0
6248491, 0.00, 0.00, -10.58, 100.00, 0.00, 0.00, 3.35, 0.00, -10, 0, 0
3315840, 0.00, 0.00, -10.58, 100.00, 0.00, 0.00, 3.35, 0.00, -10, 0, 0
3044595, 0.00, 0.00, -10.58, 100.00, 0.00, 0.00, 3.35, 0.00, -10, 0, 0
3150226, 0.00, 0.00, -10.58, 100.00, 0.00, 0.00, 3.35, 0.00, -10, 0, 0
3200207, 0.00, 0.00, -10.58, 100.00, 0.00, 0.00, 3.35, 0.00, -10, 0, 0
2884257, 0.00, 0.00, -10.58, 100.00, 0.00, 0.00, 3.35, 0.00, -10, 0, 0
2924383, 0.00, 0.00, -10.58, 100.00, 0.00, 0.00, 3.35, 0.00, -10, 0, 0
3290076, 0.00, 0.00, -10.58, 100.00, 0.00, 0.00, 3.35, 0.00, -10, 0, 0
3119984, 0.00, 0.00, -10.58, 100.00, 0.00, 0.00, 3.35, 0.00, -10, 0, 0
2785205, 0.00, 0.00, -10.58, 100.00, 0.00, 0.00, 3.35, 0.00, -10, 0, 0
6248491, 0.00, 0.00, -10.58, 100.00, 0.00, 0.00, 3.35, 0.00, -10, 0, 0
3337314, 0.00, 0.00, -10.58, 100.00, 0.00, 0.00, 3.35, 0.00, -10, 0, 0
3285282, 0.00, 0.00, -10.58, 100.00, 0.00, 0.00, 3.35, 0.00, -10, 0, 0
3342843, 0.00, 0.00, -10.58, 100.00, 0.00, 0.00, 3.35, 0.00, -10, 0, 0
3483249, 0.00, 0.00, -10.58, 100.00, 0.00, 0.00, 3.35, 0.00, -10, 0, 0
3515403, 0.00, 0.00, -10.58, 100.00, 0.00, 0.00, 3.35, 0.00, -10, 0, 0
3350698, 0.00, 0.00, -10.58, 100.00, 0.00, 0.00, 3.35, 0.00, -10, 0, 0
3252733, 0.00, 0.00, -10.58, 100.00, 0.00, 0.00, 3.35, 0.00, -10, 0, 0
3319458, 0.00, 0.00, -10.58, 100.00, 0.00, 0.00, 3.35, 0.00, -10, 0, 0
3520736, 0.00, 0.00, -10.58, 100.00, 0.00, 0.00, 3.35, 0.00, -10, 0, 0
6248491, 0.00, 0.00, -10.58, 100.00, 0.00, 0.00, 3.35, 0.00, -10, 0, 0
3204436, 0.00, 0.00, -10.58, 100.00, 0.00, 0.00, 3.35, 0.00, -10, 0, 0
3456418, 0.00, 0.00, -10.58, 100.00, 0.00, 0.00, 3.35, 0.00, -10, 0, 0
3436105, 0.00, 0.00, -10.58, 100.00, 0.00, 0.00, 3.35, 0.00, -10, 0, 0
3243736, 0.00, 0.00, -10.58, 100.00, 0.00, 0.00, 3.35, 0.00, -10, 0, 0
3536317, 0.00, 0.00, -10.58, 100.00, 0.00, 0.00, 3.35, 0.00, -10, 0, 0
3517086, 0.00, 0.00, -10.58, 100.00, 0.00, 0.00, 3.35, 0.00, -10, 0, 0
3656545, 0.00, 0.00, -10.58, 100.00, 0.00, 0.00, 3.35, 0.00, -10, 0, 0
3695915, 0.00, 0.00, -10.58, 100.00, 0.00, 0.00, 3.35, 0.00, -10, 0, 0
3556574, 0.00, 0.00, -10.58, 100.00, 0.00, 0.00, 3.35, 0.00, -10, 0, 0
6248491, 0.00, 0.00, -10.58, 100.00, 0.00, 0.00, 3.35, 0.00, -10, 0, 0
3774045, 0.00, 0.00, -10.58, 100.00, 0.00, 0.00, 3.35, 0.00, -10, 0, 0
3444643, 0.00, 0.00, -10.58, 100.00, 0.00, 0.00, 3.35, 0.00, -10, 0, 0
3410377, 0.00, 0.00, -10.58, 100.00, 0.00, 0.00, 3.35, 0.00, -10, 0, 0
3320218, 0.00, 0.00, -10.58, 100.00, 0.00, 0.00, 3.35, 0.00, -10, 0, 0
3424000, 0.00, 0.00, -10.58, 100.00, 0.00, 0.00, 3.35, 0.00, -10, 0, 0
3450898, 0.00, 0.00, -10.58, 100.00, 0.00, 0.00, 3.35, 0.00, -10, 0, 0
3669030, 0.00, 0.00, -10.58, 100.00, 0.00, 0.00, 3.35, 0.00, -10, 0, 0
3510313, 0.00, 0.00, -10.58, 100.00, 0.00, 0.00, 3.35, 0.00, -10, 0, 0
3348589, 0.00, 0.00, -10.58, 100.00, 0.00, 0.00, 3.35, 0.00, -10, 0, 0
6248491, 0.00, 0.00, -10.58, 100.00, 0.00, 0.00, 3.35, 0.00, -10, 0, 0
3862921, 0.00, 0.00, -10.58, 100.00, 0.00, 0.00, 3.35, 0.00, -10, 0, 0
3892576, 0.00, 0.00, -10.58, 100.00, 0.00, 0.00, 3.35, 0.00, -10, 0, 0
3564933, 0.00, 0.00, -10.58, 100.00, 0.00, 0.00, 3.35, 0.00, -10, 0, 0
3299973, 0.00, 0.00, -10.58, 100.00, 0.00, 0.00, 3.35, 0.00, -10, 0, 0
3345564, 0.00, 0.00, -10.58, 100.00, 0.00, 0.00, 3.35, 0.00, -10, 0, 0
3122364, 0.00, 0.00, -10.58, 100.00, 0.00, 0.00, 3.35, 0.00, -10, 0, 0
3227662, 0.00, 0.00, -10.58, 100.00, 0.00, 0.00, 3.35, 0.00, -10, 0, 0
3163283, 0.00, 0.00, -10.58, 100.00, 0.00, 0.00, 3.35, 0.00, -10, 0, 0
3469073, 0.00, 0.00, -10.58, 100.00, 0.00, 0.00, 3.35, 0.00, -10, 0, 0
6248491, 0.00, 0.00, -10.58, 100.00, 0.00, 0.00, 3.35, 0.00, -10, 0, 0
3660417, 0.00, 0.00, -10.58, 100.00, 0.00, 0.00, 3.35, 0.00, -10, 0, 0
3676779, 0.00, 0.00, -10.58, 100.00, 0.00, 0.00, 3.35, 0.00, -10, 0, 0
3359669, 0.00, 0.00, -10.58, 100.00, 0.00, 0.00, 3.35, 0.00, -10, 0, 0
3039348, 0.00, 0.00, -10.58, 100.00, 0.00, 0.00, 3.35, 0.00, -10, 0, 0
3155680, 0.00, 0.00, -10.58, 100.00, 0.00, 0.00, 3.35, 0.00, -10, 0, 0
3271421, 0.00, 0.00, -10.58, 100.00, 0.00, 0.00, 3.35, 0.00, -10, 0, 0
3099134, 0.00, 0.00, -10.58, 100.00, 0.00, 0.00, 3.35, 0.00, -10, 0, 0
3381618, 0.00, 0.00, -10.58, 100.00, 0.00, 0.00, 3.35, 0.00, -10, 0, 0
3713762, 0.00, 0.00, -10.58, 100.00, 0.00, 0.00, 3.35, 0.00, -10, 0, 0
6248491, 0.00, 0.00, -10.58, 100.00, 0.00, 0.00, 3.35, 0.00, -10, 0, 0
3690359, 0.00, 0.00, -10.58, 100.00, 0.00, 0.00, 3.35, 0.00, -10, 0, 0
3698931, 0.00, 0.00, -10.58, 100.00, 0.00, 0.00, 3.35, 0.00, -10, 0, 0
3282637, 0.00, 0.00, -10.58, 100.00, 0.00, 0.00, 3.35, 0.00, -10, 0, 0
3353389, 0.00, 0.00, -10.58, 100.00, 0.00, 0.00, 3.35, 0.00, -10, 0, 0
3580997, 0.00, 0.00, -10.58, 100.00, 0.00, 0.00, 3.35, 0.00, -10, 0, 0
3258684, 0.00, 0.00, -10.58, 100.00, 0.00, 0.00, 3.35, 0.00, -10, 0, 0
3501439, 0.00, 0.00, -10.58, 100.00, 0.00, 0.00, 3.35, 0.00, -10, 0, 0
3681613, 0.00, 0.00, -10.58, 100.00, 0.00, 0.00, 3.35, 0.00, -10, 0, 0
3363676, 0.00, 0.00, -10.58, 100.00, 0.00, 0.00, 3.35, 0.00, -10, 0, 0
6248491, 0.00, 0.00, -10.58, 100.00, 0.00, 0.00, 3.35, 0.00, -10, 0, 0
3369007, 0.00, 0.00, -10.58, 100.00, 0.00, 0.00, 3.35, 0.00, -10, 0, 0
3406704, 0.00, 0.00, -10.58, 100.00, 0.00, 0.00, 3.35, 0.00, -10, 0, 0
3243520, 0.00, 0.00, -10.58, 100.00, 0.00, 0.00, 3.35, 0.00, -10, 0, 0
3125636, 0.00, 0.00, -10.58, 100.00, 0.00, 0.00, 3.35, 0.00, -10, 0, 0
3163468, 0.00, 0.00, -10.58, 100.00, 0.00, 0.00, 3.35, 0.00, -10, 0, 0
3170969, 0.00, 0.00, -10.58, 100.00, 0.00, 0.00, 3.35, 0.00, -10, 0, 0
3155219, 0.00, 0.00, -10.58, 100.00, 0.00, 0.00, 3.35, 0.00, -10, 0, 0
3100025, 0.00, 0.00, -10.58, 100.00, 0.00, 0.00, 3.35, 0.00, -10, 0, 0
3309309, 0.00, 0.00, -10.58, 100.00, 0.00, 0.00, 3.35, 0.00, -10, 0, 0
6248491, 0.00, 0.00, -10.58, 100.00, 0.00, 0.00, 3.35, 0.00, -10, 0, 0
3388792, 0.00, 0.00, -10.58, 100.00, 0.00, 0.00, 3.35, 0.00, -10, 0, 0
3201177, 0.00, 0.00, -10.58, 100.00, 0.00, 0.00, 3.35, 0.00, -10, 0, 0
3103819, 0.00, 0.00, -10.58, 100.00, 0.00, 0.00, 3.35, 0.00, -10, 0, 0
3162717, 0.00, 0.00, -10.58, 100.00, 0.00, 0.00, 3.35, 0.00, -10, 0, 0
3333631, 0.00, 0.00, -10.58, 100.00, 0.00, 0.00, 3.35, 0.00, -10, 0, 0
3460302, 0.00, 0.00, -10.58, 100.00, 0.00, 0.00, 3.35, 0.00, -10, 0, 0
3650526, 0.00, 0.00, -10.58, 100.00, 0.00, 0.00, 3.35, 0.00, -10, 0, 0
3324752, 0.00, 0.00, -10.58, 100.00, 0.00, 0.00, 3.35, 0.00, -10, 0, 0
3393458, 0.00, 0.00, -10.58, 100.00, 0.00, 0.00, 3.35, 0.00, -10, 0, 0
6248491, 0.00, 0.00, -10.58, 100.00, 0.00, 0.00, 3.35, 0.00, -10, 0, 0
3640168, 0.00, 0.00, -10.58, 100.00, 0.00, 0.00, 3.35, 0.00, -10, 0, 0
3201527, 0.00, 0.00, -10.58, 100.00, 0.00, 0.00, 3.35, 0.00, -10, 0, 0
3426311, 0.00, 0.00, -10.58, 100.00, 0.00, 0.00, 3.35, 0.00, -10, 0, 0
3225092, 0.00, 0.00, -10.58, 100.00, 0.00, 0.00, 3.35, 0.00, -10, 0, 0
3474821, 0.00, 0.00, -10.58, 100.00, 0.00, 0.00, 3.35, 0.00, -10, 0, 0
3662110, 0.00, 0.00, -10.58, 100.00, 0.00, 0.00, 3.35, 0.00, -10, 0, 0
3655128, 0.00, 0.00, -10.58, 100.00, 0.00, 0.00, 3.35, 0.00, -10, 0, 0
3402398, 0.00, 0.00, -10.58, 100.00, 0.00, 0.00, 3.35, 0.00, -10, 0, 0
3355752, 0.00, 0.00, -10.58, 100.00, 0.00, 0.00, 3.35, 0.00, -10, 0, 0
6248491, 0.00, 0.00, -10.58, 100.00, 0.00, 0.00, 3.35, 0.00, -10, 0, 0
3647934, 0.00, 0.00, -10.58, 100.00, 0.00, 0.00, 3.35, 0