Thu Nov 22 15:48:04 2018
StepTime, x, v, f, xdes, vdes, fdes, cmd, IR, LSB, LSF
0, 5902752,0.00, 100.00, 0.00, 3.35, 0, 0, 0
1, 2994976,0.00, 100.00, 0.00, 3.35, 0, 0, 0
2, 2683143,0.00, 100.00, 0.00, 3.35, 0, 0, 0
3, 2719179,0.00, 100.00, 0.00, 3.35, 0, 0, 0
4, 2765547,0.00, 100.00, 0.00, 3.35, 0, 0, 0
5, 2827041,0.00, 100.00, 0.00, 3.35, 0, 0, 0
6, 2984358,0.00, 100.00, 0.00, 3.35, 0, 0, 0
7, 2977441,0.00, 100.00, 0.00, 3.35, 0, 0, 0
8, 3017895,0.00, 100.00, 0.00, 3.35, 0, 0, 0
9, 3524590,0.00, 100.00, 0.00, 3.35, 0, 0, 0
0, 5902752,0.00, 100.00, 0.00, 3.35, 0, 0, 0
1, 2901826,0.00, 100.00, 0.00, 3.35, 0, 0, 0
2, 2849548,0.00, 100.00, 0.00, 3.35, 0, 0, 0
3, 2809587,0.00, 100.00, 0.00, 3.35, 0, 0, 0
4, 2876863,0.00, 100.00, 0.00, 3.35, 0, 0, 0
5, 2821970,0.00, 100.00, 0.00, 3.35, 0, 0, 0
6, 2825911,0.00, 100.00, 0.00, 3.35, 0, 0, 0
7, 2856322,0.00, 100.00, 0.00, 3.35, 0, 0, 0
8, 2749223,0.00, 100.00, 0.00, 3.35, 0, 0, 0
9, 2663333,0.00, 100.00, 0.00, 3.35, 0, 0, 0
0, 5902752,0.00, 100.00, 0.00, 3.35, 0, 0, 0
1, 2704781,0.00, 100.00, 0.00, 3.35, 0, 0, 0
2, 2706071,0.00, 100.00, 0.00, 3.35, 0, 0, 0
3, 2710111,0.00, 100.00, 0.00, 3.35, 0, 0, 0
4, 2707301,0.00, 100.00, 0.00, 3.35, 0, 0, 0
5, 2704819,0.00, 100.00, 0.00, 3.35, 0, 0, 0
6, 2711210,0.00, 100.00, 0.00, 3.35, 0, 0, 0
7, 2708020,0.00, 100.00, 0.00, 3.35, 0, 0, 0
8, 2709764,0.00, 100.00, 0.00, 3.35, 0, 0, 0
9, 2702552,0.00, 100.00, 0.00, 3.35, 0, 0, 0
0, 5902752,0.00, 100.00, 0.00, 3.35, 0, 0, 0
1, 2737631,0.00, 100.00, 0.00, 3.35, 0, 0, 0
2, 2700531,0.00, 100.00, 0.00, 3.35, 0, 0, 0
3, 2703202,0.00, 100.00, 0.00, 3.35, 0, 0, 0
4, 2683368,0.00, 100.00, 0.00, 3.35, 0, 0, 0
5, 2869406,0.00, 100.00, 0.00, 3.35, 0, 0, 0
6, 3139072,0.00, 100.00, 0.00, 3.35, 0, 0, 0
7, 2675353,0.00, 100.00, 0.00, 3.35, 0, 0, 0
8, 2849890,0.00, 100.00, 0.00, 3.35, 0, 0, 0
9, 2916784,0.00, 100.00, 0.00, 3.35, 0, 0, 0
0, 5902752,0.00, 100.00, 0.00, 3.35, 0, 0, 0
1, 2849522,0.00, 100.00, 0.00, 3.35, 0, 0, 0
2, 2871618,0.00, 100.00, 0.00, 3.35, 0, 0, 0
3, 2913938,0.00, 100.00, 0.00, 3.35, 0, 0, 0
4, 2940843,0.00, 100.00, 0.00, 3.35, 0, 0, 0
5, 2954183,0.00, 100.00, 0.00, 3.35, 0, 0, 0
6, 3360125,0.00, 100.00, 0.00, 3.35, 0, 0, 0
7, 2967923,0.00, 100.00, 0.00, 3.35, 0, 0, 0
8, 2868596,0.00, 100.00, 0.00, 3.35, 0, 0, 0
9, 2838001,0.00, 100.00, 0.00, 3.35, 0, 0, 0
0, 5902752,0.00, 100.00, 0.00, 3.35, 0, 0, 0
1, 2708233,0.00, 100.00, 0.00, 3.35, 0, 0, 0
2, 2994461,0.00, 100.00, 0.00, 3.35, 0, 0, 0
3, 3092782,0.00, 100.00, 0.00, 3.35, 0, 0, 0
4, 2863276,0.00, 100.00, 0.00, 3.35, 0, 0, 0
5, 2884009,0.00, 100.00, 0.00, 3.35, 0, 0, 0
6, 2695075,0.00, 100.00, 0.00, 3.35, 0, 0, 0
7, 2798717,0.00, 100.00, 0.00, 3.35, 0, 0, 0
8, 2806159,0.00, 100.00, 0.00, 3.35, 0, 0, 0
9, 2785312,0.00, 100.00, 0.00, 3.35, 0, 0, 0
0, 5902752,0.00, 100.00, 0.00, 3.35, 0, 0, 0
1, 2988910,0.00, 100.00, 0.00, 3.35, 0, 0, 0
2, 2864547,0.00, 100.00, 0.00, 3.35, 0, 0, 0
3, 3035799,0.00, 100.00, 0.00, 3.35, 0, 0, 0
4, 3204500,0.00, 100.00, 0.00, 3.35, 0, 0, 0
5, 3215493,0.00, 100.00, 0.00, 3.35, 0, 0, 0
6, 3024530,0.00, 100.00, 0.00, 3.35, 0, 0, 0
7, 3263730,0.00, 100.00, 0.00, 3.35, 0, 0, 0
8, 3515378,0.00, 100.00, 0.00, 3.35, 0, 0, 0
9, 3731125,0.00, 100.00, 0.00, 3.35, 0, 0, 0
0, 5902752,0.00, 100.00, 0.00, 3.35, 0, 0, 0
1, 3291790,0.00, 100.00, 0.00, 3.35, 0, 0, 0
2, 3094655,0.00, 100.00, 0.00, 3.35, 0, 0, 0
3, 3554340,0.00, 100.00, 0.00, 3.35, 0, 0, 0
4, 3876552,0.00, 100.00, 0.00, 3.35, 0, 0, 0
5, 3322271,0.00, 100.00, 0.00, 3.35, 0, 0, 0
6, 3304246,0.00, 100.00, 0.00, 3.35, 0, 0, 0
7, 3147374,0.00, 100.00, 0.00, 3.35, 0, 0, 0
8, 3350619,0.00, 100.00, 0.00, 3.35, 0, 0, 0
9, 3390647,0.00, 100.00, 0.00, 3.35, 0, 0, 0
0, 5902752,0.00, 100.00, 0.00, 3.35, 0, 0, 0
1, 3314370,0.00, 100.00, 0.00, 3.35, 0, 0, 0
2, 3219760,0.00, 100.00, 0.00, 3.35, 0, 0, 0
3, 3592352,0.00, 100.00, 0.00, 3.35, 0, 0, 0
4, 3810364,0.00, 100.00, 0.00, 3.35, 0, 0, 0
5, 3250785,0.00, 100.00, 0.00, 3.35, 0, 0, 0
6, 3237187,0.00, 100.00, 0.00, 3.35, 0, 0, 0
7, 3066901,0.00, 100.00, 0.00, 3.35, 0, 0, 0
8, 3200568,0.00, 100.00, 0.00, 3.35, 0, 0, 0
9, 3250724,0.00, 100.00, 0.00, 3.35, 0, 0, 0
0, 5902752,0.00, 100.00, 0.00, 3.35, 0, 0, 0
1, 3212088,0.00, 100.00, 0.00, 3.35, 0, 0, 0
2, 3094129,0.00, 100.00, 0.00, 3.35, 0, 0, 0
3, 3549537,0.00, 100.00, 0.00, 3.35, 0, 0, 0
4, 3464095,0.00, 100.00, 0.00, 3.35, 0, 0, 0
5, 3259213,0.00, 100.00, 0.00, 3.35, 0, 0, 0
6, 3399540,0.00, 100.00, 0.00, 3.35, 0, 0, 0
7, 3310694,0.00, 100.00, 0.00, 3.35, 0, 0, 0
8, 3485261,0.00, 100.00, 0.00, 3.35, 0, 0, 0
9, 3353985,0.00, 100.00, 0.00, 3.35, 0, 0, 0
0, 5902752,0.00, 100.00, 0.00, 3.35, 0, 0, 0
1, 3173547,0.00, 100.00, 0.00, 3.35, 0, 0, 0
2, 3542942,0.00, 100.00, 0.00, 3.35, 0, 0, 0
3, 3727328,0.00, 100.00, 0.00, 3.35, 0, 0, 0
4, 3529796,0.00, 100.00, 0.00, 3.35, 0, 0, 0
5, 3475246,0.00, 100.00, 0.00, 3.35, 0, 0, 0
6, 3308296,0.00, 100.00, 0.00, 3.35, 0, 0, 0
7, 3316735,0.00, 100.00, 0.00, 3.35, 0, 0, 0
8, 3764032,0.00, 100.00, 0.00, 3.35, 0, 0, 0
9, 3452720,0.00, 100.00, 0.00, 3.35, 0, 0, 0
0, 5902752,0.00, 100.00, 0.00, 3.35, 0, 0, 0
1, 3516689,0.00, 100.00, 0.00, 3.35, 0, 0, 0
2, -996253250,0.00, 100.00, 0.00, 3.35, 0, 0, 0
3, 3922275,0.00, 100.00, 0.00, 3.35, 0, 0, 0
4, 3412347,0.00, 100.00, 0.00, 3.35, 0, 0, 0
5, 3232048,0.00, 100.00, 0.00, 3.35, 0, 0, 0
6, 3255323,0.00, 100.00, 0.00, 3.35, 0, 0, 0
7, 3397574,0.00, 100.00, 0.00, 3.35, 0, 0, 0
8, 3416259,0.00, 100.00, 0.00, 3.35, 0, 0, 0
9, 3266631,0.00, 100.00, 0.00, 3.35, 0, 0, 0
0, 5902752,0.00, 100.00, 0.00, 3.35, 0, 0, 0
1, 3801333,0.00, 100.00, 0.00, 3.35, 0, 0, 0
2, 3537311,0.00, 100.00, 0.00, 3.35, 0, 0, 0
3, 3646653,0.00, 100.00, 0.00, 3.35, 0, 0, 0
4, 3193667,0.00, 100.00, 0.00, 3.35, 0, 0, 0
5, 3152921,0.00, 100.00, 0.00, 3.35, 0, 0, 0
6, 3240463,0.00, 100.00, 0.00, 3.35, 0, 0, 0
7, 3083184,0.00, 100.00, 0.00, 3.35, 0, 0, 0
8, 3091614,0.00, 100.00, 0.00, 3.35, 0, 0, 0
9, 3623959,0.00, 100.00, 0.00, 3.35, 0, 0, 0
0, 5902752,0.00, 100.00, 0.00, 3.35, 0, 0, 0
1, 3236079,0.00, 100.00, 0.00, 3.35, 0, 0, 0
2, 3309260,0.00, 100.00, 0.00, 3.35, 0, 0, 0
3, 3196258,0.00, 100.00, 0.00, 3.35, 0, 0, 0
4, 3048917,0.00, 100.00, 0.00, 3.35, 0, 0, 0
5, 2840322,0.00, 100.00, 0.00, 3.35, 0, 0, 0
6, 2820087,0.00, 100.00, 0.00, 3.35, 0, 0, 0
7, 2704227,0.00, 100.00, 0.00, 3.35, 0, 0, 0
8, 2725084,0.00, 100.00, 0.00, 3.35, 0, 0, 0
9, 3076267,0.00, 100.00, 0.00, 3.35, 0, 0, 0
0, 5902752,0.00, 100.00, 0.00, 3.35, 0, 0, 0
1, 2998799,0.00, 100.00, 0.00, 3.35, 0, 0, 0
2, 2772983,0.00, 100.00, 0.00, 3.35, 0, 0, 0
3, 3067462,0.00, 100.00, 0.00, 3.35, 0, 0, 0
4, 2972346,0.00, 100.00, 0.00, 3.35, 0, 0, 0
5, 2973310,0.00, 100.00, 0.00, 3.35, 0, 0, 0
6, 2988449,0.00, 100.00, 0.00, 3.35, 0, 0, 0
7, 3015178,0.00, 100.00, 0.00, 3.35, 0, 0, 0
8, 2896198,0.00, 100.00, 0.00, 3.35, 0, 0, 0
9, 3033508,0.00, 100.00, 0.00, 3.35, 0, 0, 0
0, 5902752,0.00, 100.00, 0.00, 3.35, 0, 0, 0
1, 2931667,0.00, 100.00, 0.00, 3.35, 0, 0, 0
2, 3031768,0.00, 100.00, 0.00, 3.35, 0, 0, 0
3, 2782545,0.00, 100.00, 0.00, 3.35, 0, 0, 0
4, 2807450,0.00, 100.00, 0.00, 3.35, 0, 0, 0
5, 3186644,0.00, 100.00, 0.00, 3.35, 0, 0, 0
6, 3108912,0.00, 100.00, 0.00, 3.35, 0, 0, 0
7, 2904479,0.00, 100.00, 0.00, 3.35, 0, 0, 0
8, 3114596,0.00, 100.00, 0.00, 3.35, 0, 0, 0
9, 2907843,0.00, 100.00, 0.00, 3.35, 0, 0, 0
0, 5902752,0.00, 100.00, 0.00, 3.35, 0, 0, 0
1, 3228234,0.00, 100.00, 0.00, 3.35, 0, 0, 0
2, 3320027,0.00, 100.00, 0.00, 3.35, 0, 0, 0
3, 3450239,0.00, 100.00, 0.00, 3.35, 0, 0, 0
4, 3194115,0.00, 100.00, 0.00, 3.35, 0, 0, 0
5, 3532917,0.00, 100.00, 0.00, 3.35, 0, 0, 0
6, 3196671,0.00, 100.00, 0.00, 3.35, 0, 0, 0
7, 3301235,0.00, 100.00, 0.00, 3.35, 0, 0, 0
8, 3253025,0.00, 100.00, 0.00, 3.35, 0, 0, 0
9, 3524694,0.00, 100.00, 0.00, 3.35, 0, 0, 0
0, 5902752,0.00, 100.00, 0.00, 3.35, 0, 0, 0
1, 3250046,0.00, 100.00, 0.00, 3.35, 0, 0, 0
2, 3408206,0.00, 100.00, 0.00, 3.35, 0, 0, 0
3, 3765106,0.00, 100.00, 0.00, 3.35, 0, 0, 0
4, 3135431,0.00, 100.00, 0.00, 3.35, 0, 0, 0
5, 3356268,0.00, 100.00, 0.00, 3.35, 0, 0, 0
6, 3640377,0.00, 100.00, 0.00, 3.35, 0, 0, 0
7, 3223998,0.00, 100.00, 0.00, 3.35, 0, 0, 0
8, 3050100,0.00, 100.00, 0.00, 3.35, 0, 0, 0
9, 3127802,0.00, 100.00, 0.00, 3.35, 0, 0, 0
0, 5902752,0.00, 100.00, 0.00, 3.35, 0, 0, 0
1, 3658699,0.00, 100.00, 0.00, 3.35, 0, 0, 0
2, 3324729,0.00, 100.00, 0.00, 3.35, 0, 0, 0
3, 3183178,0.00, 100.00, 0.00, 3.35, 0, 0, 0
4, 3180284,0.00, 100.00, 0.00, 3.35, 0, 0, 0
5, 3386112,0.00, 100.00, 0.00, 3.35, 0, 0, 0
6, 3327483,0.00, 100.00, 0.00, 3.35, 0, 0, 0
7, 3109943,0.00, 100.00, 0.00, 3.35, 0, 0, 0
8, 3315896,0.00, 100.00, 0.00, 3.35, 0, 0, 0
9, 3345034,0.00, 100.00, 0.00, 3.35, 0, 0, 0
0, 5902752,0.00, 100.00, 0.00, 3.35, 0, 0, 0
1, 3366628,0.00, 100.00, 0.00, 3.35, 0, 0, 0
2, 3082403,0.00, 100.00, 0.00, 3.35, 0, 0, 0
3, 3327057,0.00, 100.00, 0.00, 3.35, 0, 0, 0
4, 3200880,0.00, 100.00, 0.00, 3.35, 0, 0, 0
5, 3574563,0.00, 100.00, 0.00, 3.35, 0, 0, 0
6, 3237945,0.00, 100.00, 0.00, 3.35, 0, 0, 0
7, 3151663,0.00, 100.00, 0.00, 3.35, 0, 0, 0
8, 3120690,0.00, 100.00, 0.00, 3.35, 0, 0, 0
9, 3409051,0.00, 100.00, 0.00, 3.35, 0, 0, 0
0, 5902752,0.00, 100.00, 0.00, 3.35, 0, 0, 0
1, 3428825,0.00, 100.00, 0.00, 3.35, 0, 0, 0
2, 3236925,0.00, 100.00, 0.00, 3.35, 0, 0, 0
3, 3057724,0.00, 100.00, 0.00, 3.35, 0, 0, 0
4, 3127675,0.00, 100.00, 0.00, 3.35, 0, 0, 0
5, 3135946,0.00, 100.00, 0.00, 3.35, 0, 0, 0
6, 3140297,0.00, 100.00, 0.00, 3.35, 0, 0, 0
7, 3164386,0.00, 100.00, 0.00, 3.35, 0, 0, 0
8, 3077785,0.00, 100.00, 0.00, 3.35, 0, 0, 0
9, 3556267,0.00, 100.00, 0.00, 3.35, 0, 0, 0
0, 5902752,0.00, 100.00, 0.00, 3.35, 0, 0, 0
1, 3961812,0.00, 100.00, 0.00, 3.35, 0, 0, 0
2, 3473785,0.00, 100.00, 0.00, 3.35, 0, 0, 0
3, 3383749,0.00, 100.00, 0.00, 3.35, 0, 0, 0
4, 3395732,0.00, 100.00, 0.00, 3.35, 0, 0, 0
5, 3595776,0.00, 100.00, 0.00, 3.35, 0, 0, 0
6, 3215385,0.00, 100.00, 0.00, 3.35, 0, 0, 0
7, 3189468,0.00, 100.00, 0.00, 3.35, 0, 0, 0
8, 3809714,0.00, 100.00, 0.00, 3.35, 0, 0, 0
9, 3419721,0.00, 100.00, 0.00, 3.35, 0, 0, 0
0, 5902752,0.00, 100.00, 0.00, 3.35, 0, 0, 0
1, 3402194,0.00, 100.00, 0.00, 3.35, 0, 0, 0
2, 3262756,0.00, 100.00, 0.00, 3.35, 0, 0, 0
3, 3345769,0.00, 100.00, 0.00, 3.35, 0, 0, 0
4, 3151957,0.00, 100.00, 0.00, 3.35, 0, 0, 0
5, 3146174,0.00, 100.00, 0.00, 3.35, 0, 0, 0
6, 3118176,0.00, 100.00, 0.00, 3.35, 0, 0, 0
7, 3523677,0.00, 100.00, 0.00, 3.35, 0, 0, 0
8, 3585591,0.00, 100.00, 0.00, 3.35, 0, 0, 0
9, 3475800,0.00, 100.00, 0.00, 3.35, 0, 0, 0
0, 5902752,0.00, 100.00, 0.00, 3.35, 0, 0, 0
1, 3539626,0.00, 100.00, 0.00, 3.35, 0, 0, 0
2, 3230250,0.00, 100.00, 0.00, 3.35, 0, 0, 0
3, 3202011,0.00, 100.00, 0.00, 3.35, 0, 0, 0
4, 3127708,0.00, 100.00, 0.00, 3.35, 0, 0, 0
5, 3145739,0.00, 100.00, 0.00, 3.35, 0, 0, 0
6, 3532322,0.00, 100.00, 0.00, 3.35, 0, 0, 0
7, 3514871,0.00, 100.00, 0.00, 3.35, 0, 0, 0
8, 3162891,0.00, 100.00, 0.00, 3.35, 0, 0, 0
9, 3408583,0.00, 100.00, 0.00, 3.35, 0, 0, 0
0, 5902752,0.00, 100.00, 0.00, 3.35, 0, 0, 0
1, 3322520,0.00, 100.00, 0.00, 3.35, 0, 0, 0
2, 3070112,0.00, 100.00, 0.00, 3.35, 0, 0, 0
3, 3261078,0.00, 100.00, 0.00, 3.35, 0, 0, 0
4, 3192802,0.00, 100.00, 0.00, 3.35, 0, 0, 0
5, 3427792,0.00, 100.00, 0.00, 3.35, 0, 0, 0
6, 3342595,0.00, 100.00, 0.00, 3.35, 0, 0, 0
7, 3775969,0.00, 100.00, 0.00, 3.35, 0, 0, 0
8, 3185792,0.00, 100.00, 0.00, 3.35, 0, 0, 0
9, 3521375,0.00, 100.00, 0.00, 3.35, 0, 0, 0
0, 5902752,0.00, 100.00, 0.00, 3.35, 0, 0, 0
1, 3384885,0.00, 100.00, 0.00, 3.35, 0, 0, 0
2, 3179557,0.00, 100.00, 0.00, 3.35, 0, 0, 0
3, 3288907,0.00, 100.00, 0.00, 3.35, 0, 0, 0
4, 3217865,0.00, 100.00, 0.00, 3.35, 0, 0, 0
5, 3465380,0.00, 100.00, 0.00, 3.35, 0, 0, 0
6, 3637460,0.00, 100.00, 0.00, 3.35, 0, 0, 0
7, 3297803,0.00, 100.00, 0.00, 3.35, 0, 0, 0
8, 3132271,0.00, 100.00, 0.00, 3.35, 0, 0, 0
9, 3421191,0.00, 100.00, 0.00, 3.35, 0, 0, 0
0, 5902752,0.00, 100.00, 0.00, 3.35, 0, 0, 0
1, 3350312,0.00, 100.00, 0.00, 3.35, 0, 0, 0
2, 3290265,0.00, 100.00, 0.00, 3.35, 0, 0, 0
3, 3201501,0.00, 100.00, 0.00, 3.35, 0, 0, 0
4, 3463297,0.00, 100.00, 0.00, 3.35, 0, 0, 0
5, 3371533,0.00, 100.00, 0.00, 3.35, 0, 0, 0
6, 3786046,0.00, 100.00, 0.00, 3.35, 0, 0, 0
7, 3221898,0.00, 100.00, 0.00, 3.35, 0, 0, 0
8, 3173705,0.00, 100.00, 0.00, 3.35, 0, 0, 0
9, 3440204,0.00, 100.00, 0.00, 3.35, 0, 0, 0
0, 5902752,0.00, 100.00, 0.00, 3.35, 0, 0, 0
1, 3431642,0.00, 100.00, 0.00, 3.35, 0, 0, 0
2, 3506045,0.00, 100.00, 0.00, 3.35, 0, 0, 0
3, 3281622,0.00, 100.00, 0.00, 3.35, 0, 0, 0
4, 3459081,0.00, 100.00, 0.00, 3.35, 0, 0, 0
5, 3631821,0.00, 100.00, 0.00, 3.35, 0, 0, 0
6, 3197890,0.00, 100.00, 0.00, 3.35, 0, 0, 0
7, 3172401,0.00, 100.00, 0.00, 3.35, 0, 0, 0
8, 3172991,0.00, 100.00, 0.00, 3.35, 0, 0, 0
9, 3429224,0.00, 100.00, 0.00, 3.35, 0, 0, 0
0, 5902752,0.00, 100.00, 0.00, 3.35, 0, 0, 0
1, 3377640,0.00, 100.00, 0.00, 3.35, 0, 0, 0
2, 3125803,0.00, 100.00, 0.00, 3.35, 0, 0, 0
3, 3135354,0.00, 100.00, 0.00, 3.35, 0, 0, 0
4, 3632792,0.00, 100.00, 0.00, 3.35, 0, 0, 0
5, 3208095,0.00, 100.00, 0.00, 3.35, 0, 0, 0
6, 3195911,0.00, 100.00, 0.00, 3.35, 0, 0, 0
7, 3250542,0.00, 100.00, 0.00, 3.35, 0, 0, 0
8, 3150439,0.00, 100.00, 0.00, 3.35, 0, 0, 0
9, 3286847,0.00, 100.00, 0.00, 3.35, 0, 0, 0
0, 5902752,0.00, 100.00, 0.00, 3.35, 0, 0, 0
1, 3395208,0.00, 100.00, 0.00, 3.35, 0, 0, 0
2, 3171250,0.00, 100.00, 0.00, 3.35, 0, 0, 0
3, 3264569,0.00, 100.00, 0.00, 3.35, 0, 0, 0
4, 3580592,0.00, 100.00, 0.00, 3.35, 0, 0, 0
5, 3218735,0.00, 100.00, 0.00, 3.35, 0, 0, 0
6, 3070271,0.00, 100.00, 0.00, 3.35, 0, 0, 0
7, 3188629,0.00, 100.00, 0.00, 3.35, 0, 0, 0
8, 3210699,0.00, 100.00, 0.00, 3.35, 0, 0, 0
9, 3284958,0.00, 100.00, 0.00, 3.35, 0, 0, 0
0, 5902752,0.00, 100.00, 0.00, 3.35, 0, 0, 0
1, 3294104,0.00, 100.00, 0.00, 3.35, 0, 0, 0
2, 3312527,0.00, 100.00, 0.00, 3.35, 0, 0, 0
3, 3871641,0.00, 100.00, 0.00, 3.35, 0, 0, 0
4, 3261443,0.00, 100.00, 0.00, 3.35, 0, 0, 0
5, 3442291,0.00, 100.00, 0.00, 3.35, 0, 0, 0
6, 3388320,0.00, 100.00, 0.00, 3.35, 0, 0, 0
7, 3294186,0.00, 100.00, 0.00, 3.35, 0, 0, 0
8, 3323089,0.00, 100.00, 0.00, 3.35, 0, 0, 0
9, 3271868,0.00, 100.00, 0.00, 3.35, 0, 0, 0
0, 5902752,0.00, 100.00, 0.00, 3.35, 0, 0, 0
1, 3129627,0.00, 100.00, 0.00, 3.35, 0, 0, 0
2, 3683007,0.00, 100.00, 0.00, 3.35, 0, 0, 0
3, 3578149,0.00, 100.00, 0.00, 3.35, 0, 0, 0
4, 4003891,0.00, 100.00, 0.00, 3.35, 0, 0, 0
5, 3314533,0.00, 100.00, 0.00, 3.35, 0, 0, 0
6, 3512207,0.00, 100.00, 0.00, 3.35, 0, 0, 0
7, 3708138,0.00, 100.00, 0.00, 3.35, 0, 0, 0
8, 3497951,0.00, 100.00, 0.00, 3.35, 0, 0, 0
9, 3257550,0.00, 100.00, 0.00, 3.35, 0, 0, 0
0, 5902752,0.00, 100.00, 0.00, 3.35, 0, 0, 0
1, 3411855,0.00, 100.00, 0.00, 3.35, 0, 0, 0
2, 3851720,0.00, 100.00, 0.00, 3.35, 0, 0, 0
3, 3491473,0.00, 100.00, 0.00, 3.35, 0, 0, 0
4, 3271371,0.00, 100.00, 0.00, 3.35, 0, 0, 0
5, 3153109,0.00, 100.00, 0.00, 3.35, 0, 0, 0
6, 3124167,0.00, 100.00, 0.00, 3.35, 0, 0, 0
7, 3216501,0.00, 100.00, 0.00, 3.35, 0, 0, 0
8, 3219361,0.00, 100.00, 0.00, 3.35, 0, 0, 0
9, 3212239,0.00, 100.00, 0.00, 3.35, 0, 0, 0
0, 5902752,0.00, 100.00, 0.00, 3.35, 0, 0, 0
1, 3703315,0.00, 100.00, 0.00, 3.35, 0, 0, 0
2, 3151596,0.00, 100.00, 0.00, 3.35, 0, 0, 0
3, 3148198,0.00, 100.00, 0.00, 3.35, 0, 0, 0
4, 3320739,0.00, 100.00, 0.00, 3.35, 0, 0, 0
5, 3252898,0.00, 100.00, 0.00, 3.35, 0, 0, 0
6, 3236694,0.00, 100.00, 0.00, 3.35, 0, 0, 0
7, 3277978,0.00, 100.00, 0.00, 3.35, 0, 0, 0
8, 3145551,0.00, 100.00, 0.00, 3.35, 0, 0, 0
9, 3149374,0.00, 100.00, 0.00, 3.35, 0, 0, 0
0, 5902752,0.00, 100.00, 0.00, 3.35, 0, 0, 0
1, 3748554,0.00, 100.00, 0.00, 3.35, 0, 0, 0
2, 3178481,0.00, 100.00, 0.00, 3.35, 0, 0, 0
3, 3396375,0.00, 100.00, 0.00, 3.35, 0, 0, 0
4, 3522892,0.00, 100.00, 0.00, 3.35, 0, 0, 0
5, 3240330,0.00, 100.00, 0.00, 3.35, 0, 0, 0
6, 3146432,0.00, 100.00, 0.00, 3.35, 0, 0, 0
7, 3469442,0.00, 100.00, 0.00, 3.35, 0, 0, 0
8, 3206175,0.00, 100.00, 0.00, 3.35, 0, 0, 0
9, 3426209,0.00, 100.00, 0.00, 3.35, 0, 0, 0
0, 5902752,0.00, 100.00, 0.00, 3.35, 0, 0, 0
1, 3329472,0.00, 100.00, 0.00, 3.35, 0, 0, 0
2, 3034491,0.00, 100.00, 0.00, 3.35, 0, 0, 0
3, 3375895,0.00, 100.00, 0.00, 3.35, 0, 0, 0
4, 3257348,0.00, 100.00, 0.00, 3.35, 0, 0, 0
5, 3249019,0.00, 100.00, 0.00, 3.35, 0, 0, 0
6, 3150201,0.00, 100.00, 0.00, 3.35, 0, 0, 0
7, 3141998,0.00, 100.00, 0.00, 3.35, 0, 0, 0
8, 3198589,0.00, 100.00, 0.00, 3.35, 0, 0, 0
9, 3559889,0.00, 100.00, 0.00, 3.35, 0, 0, 0
0, 5902752,0.00, 100.00, 0.00, 3.35, 0, 0, 0
1, 3619653,0.00, 100.00, 0.00, 3.35, 0, 0, 0
2, 3241521,0.00, 100.00, 0.00, 3.35, 0, 0, 0
3, 3455135,0.00, 100.00, 0.00, 3.35, 0, 0, 0
4, 3505245,0.00, 100.00, 0.00, 3.35, 0, 0, 0
5, 3267397,0.00, 100.00, 0.00, 3.35, 0, 0, 0
6, 3261199,0.00, 100.00, 0.00, 3.35, 0, 0, 0
7, 3272434,0.00, 100.00, 0.00, 3.35, 0, 0, 0
8, 3325005,0.00, 100.00, 0.00, 3.35, 0, 0, 0
9, 3527181,0.00, 100.00, 0.00, 3.35, 0, 0, 0
0, 5902752,0.00, 100.00, 0.00, 3.35, 0, 0, 0
1, 3387190,0.00, 100.00, 0.00, 3.35, 0, 0, 0
2, 3067449,0.00, 100.00, 0.00, 3.35, 0, 0, 0
3, 3682115,0.00, 100.00, 0.00, 3.35, 0, 0, 0
4, 3385129,0.00, 100.00, 0.00, 3.35, 0, 0, 0
5, 3133257,0.00, 100.00, 0.00, 3.35, 0, 0, 0
6, 3068448,0.00, 100.00, 0.00, 3.35, 0, 0, 0
7, 3187856,0.00, 100.00, 0.00, 3.35, 0, 0, 0
8, 3424852,0.00, 100.00, 0.00, 3.35, 0, 0, 0
9, 3291396,0.00, 100.00, 0.00, 3.35, 0, 0, 0
0, 5902752,0.00, 100.00, 0.00, 3.35, 0, 0, 0
1, 3387643,0.00, 100.00, 0.00, 3.35, 0, 0, 0
2, 3221372,0.00, 100.00, 0.00, 3.35, 0, 0, 0
3, 3422784,0.00, 100.00, 0.00, 3.35, 0, 0, 0
4, 3276567,0.00, 100.00, 0.00, 3.35, 0, 0, 0
5, 3142905,0.00, 100.00, 0.00, 3.35, 0, 0, 0
6, 3050790,0.00, 100.00, 0.00, 3.35, 0, 0, 0
7, 3692246,0.00, 100.00, 0.00, 3.35, 0, 0, 0
8, 3483462,0.00, 100.00, 0.00, 3.35, 0, 0, 0
9, 3263548,0.00, 100.00, 0.00, 3.35, 0, 0, 0
0, 5902752,0.00, 100.00, 0.00, 3.35, 0, 0, 0
1, 3479324,0.00, 100.00, 0.00, 3.35, 0, 0, 0
2, 3356509,0.00, 100.00, 0.00, 3.35, 0, 0, 0
3, 3343760,0.00, 100.00, 0.00, 3.35, 0, 0, 0
4, 3313643,0.00, 100.00, 0.00, 3.35, 0, 0, 0
5, 3168342,0.00, 100.00, 0.00, 3.35, 0, 0, 0
6, 3360142,0.00, 100.00, 0.00, 3.35, 0, 0, 0
7, 3988248,0.00, 100.00, 0.00, 3.35, 0, 0, 0
8, 3498307,0.00, 100.00, 0.00, 3.35, 0, 0, 0
9, 3471690,0.00, 100.00, 0.00, 3.35, 0, 0, 0
0, 5902752,0.00, 100.00, 0.00, 3.35, 0, 0, 0
1, 3326067,0.00, 100.00, 0.00, 3.35, 0, 0, 0
2, 3435171,0.00, 100.00, 0.00, 3.35, 0, 0, 0
3, 3437442,0.00, 100.00, 0.00, 3.35, 0, 0, 0
4, 3205683,0.00, 100.00, 0.00, 3.35, 0, 0, 0
5, 3428724,0.00, 100.00, 0.00, 3.35, 0, 0, 0
6, 3444882,0.00, 100.00, 0.00, 3.35, 0, 0, 0
7, 3726073,0.00, 100.00, 0.00, 3.35, 0, 0, 0
8, 4122781,0.00, 100.00, 0.00, 3.35, 0, 0, 0
9, 3353358,0.00, 100.00, 0.00, 3.35, 0, 0, 0
0, 5902752,0.00, 100.00, 0.00, 3.35, 0, 0, 0
1, -996111585,0.00, 100.00, 0.00, 3.35, 0, 0, 0
2, 3280073,0.00, 100.00, 0.00, 3.35, 0, 0, 0
3, 3226751,0.00, 100.00, 0.00, 3.35, 0, 0, 0
4, 3265297,0.00, 100.00, 0.00, 3.35, 0, 0, 0
5, 3476355,0.00, 100.00, 0.00, 3.35, 0, 0, 0
6, 3615244,0.00, 100.00, 0.00, 3.35, 0, 0, 0
7, 3579650,0.00, 100.00, 0.00, 3.35, 0, 0, 0
8, 3432678,0.00, 100.00, 0.00, 3.35, 0, 0, 0
9, 3063655,0.00, 100.00, 0.00, 3.35, 0, 0, 0
0, 5902752,0.00, 100.00, 0.00, 3.35, 0, 0, 0
1, 3538426,0.00, 100.00, 0.00, 3.35, 0, 0, 0
2, 3084120,0.00, 100.00, 0.00, 3.35, 0, 0, 0
3, 3045059,0.00, 100.00, 0.00, 3.35, 0, 0, 0
4, 3256698,0.00, 100.00, 0.00, 3.35, 0, 0, 0
5, 3757308,0.00, 100.00, 0.00, 3.35, 0, 0, 0
6, 3154274,0.00, 100.00, 0.00, 3.35, 0, 0, 0
7, 3646038,0.00, 100.00, 0.00, 3.35, 0, 0, 0
8, 3305026,0.00, 100.00, 0.00, 3.35, 0, 0, 0
9, 3151240,0.00, 100.00, 0.00, 3.35, 0, 0, 0
0, 5902752,0.00, 100.00, 0.00, 3.35, 0, 0, 0
1, 2975408,0.00, 100.00, 0.00, 3.35, 0, 0, 0
2, 2957092,0.00, 100.00, 0.00, 3.35, 0, 0, 0
3, 2812523,0.00, 100.00, 0.00, 3.35, 0, 0, 0
4, 3196137,0.00, 100.00, 0.00, 3.35, 0, 0, 0
5, 3048235,0.00, 100.00, 0.00, 3.35, 0, 0, 0
6, 2689270,0.00, 100.00, 0.00, 3.35, 0, 0, 0
7, 3057233,0.00, 100.00, 0.00, 3.35, 0, 0, 0
8, 3041690,0.00, 100.00, 0.00, 3.35, 0, 0, 0
9, 2680755,0.00, 100.00, 0.00, 3.35, 0, 0, 0
0, 5902752,0.00, 100.00, 0.00, 3.35, 0, 0, 0
1, 2876226,0.00, 100.00, 0.00, 3.35, 0, 0, 0
2, 3137059,0.00, 100.00, 0.00, 3.35, 0, 0, 0
3, 2836837,0.00, 100.00, 0.00, 3.35, 0, 0, 0
4, 3054481,0.00, 100.00, 0.00, 3.35, 0, 0, 0
5, 2943844,0.00, 100.00, 0.00, 3.35, 0, 0, 0
6, 2963483,0.00, 100.00, 0.00, 3.35, 0, 0, 0
7, 2985365,0.00, 100.00, 0.00, 3.35, 0, 0, 0
8, 2588871,0.00, 100.00, 0.00, 3.35, 0, 0, 0
9, 2745958,0.00, 100.00, 0.00, 3.35, 0, 0, 0
0, 5902752,0.00, 100.00, 0.00, 3.35, 0, 0, 0
1, 2635204,0.00, 100.00, 0.00, 3.35, 0, 0, 0
2, 2926824,0.00, 100.00, 0.00, 3.35, 0, 0, 0
3, 2724192,0.00, 100.00, 0.00, 3.35, 0, 0, 0
4, 2652344,0.00, 100.00, 0.00, 3.35, 0, 0, 0
5, 2969454,0.00, 100.00, 0.00, 3.35, 0, 0, 0
6, 2918263,0.00, 100.00, 0.00, 3.35, 0, 0, 0
7, 2960584,0.00, 100.00, 0.00, 3.35, 0, 0, 0
8, 2815556,0.00, 100.00, 0.00, 3.35, 0, 0, 0
9, 3118261,0.00, 100.00, 0.00, 3.35, 0, 0, 0
0, 5902752,0.00, 100.00, 0.00, 3.35, 0, 0, 0
1, 3064605,0.00, 100.00, 0.00, 3.35, 0, 0, 0
2, 2991756,0.00, 100.00, 0.00, 3.35, 0, 0, 0
3, 2971181,0.00, 100.00, 0.00, 3.35, 0, 0, 0
4, 2862074,0.00, 100.00, 0.00, 3.35, 0, 0, 0
5, 3131804,0.00, 100.00, 0.00, 3.35, 0, 0, 0
6, 3341896,0.00, 100.00, 0.00, 3.35, 0, 0, 0
7, 3526341,0.00, 100.00, 0.00, 3.35, 0, 0, 0
8, 3359709,0.00, 100.00, 0.00, 3.35, 0, 0, 0
9, 3124464,0.00, 100.00, 0.00, 3.35, 0, 0, 0
0, 5902752,0.00, 100.00, 0.00, 3.35, 0, 0, 0
1, 3270536,0.00, 100.00, 0.00, 3.35, 0, 0, 0
2, 3476864,0.00, 100.00, 0.00, 3.35, 0, 0, 0
3, 3372963,0.00, 100.00, 0.00, 3.35, 0, 0, 0
4, 3231408,0.00, 100.00, 0.00, 3.35, 0, 0, 0
5, 3243161,0.00, 100.00, 0.00, 3.35, 0, 0, 0
6, 3529483,0.00, 100.00, 0.00, 3.35, 0, 0, 0
7, 3818080,0.00, 100.00, 0.00, 3.35, 0, 0, 0
8, 3520052,0.00, 100.00, 0.00, 3.35, 0, 0, 0
9, 3471432,0.00, 100.00, 0.00, 3.35, 0, 0, 0
0, 5902752,0.00, 100.00, 0.00, 3.35, 0, 0, 0
1, 3912329,0.00, 100.00, 0.00, 3.35, 0, 0, 0
2, 4128635,0.00, 100.00, 0.00, 3.35, 0, 0, 0
3, 3362954,0.00, 100.00, 0.00, 3.35, 0, 0, 0
4, 3307727,0.00, 100.00, 0.00, 3.35, 0, 0, 0
5, 3585424,0.00, 100.00, 0.00, 3.35, 0, 0, 0
6, 3959969,0.00, 100.00, 0.00, 3.35, 0, 0, 0
7, 3366403,0.00, 100.00, 0.00, 3.35, 0, 0, 0
8, 3443172,0.00, 100.00, 0.00, 3.35, 0, 0, 0
9, 3504699,0.00, 100.00, 0.00, 3.35, 0, 0, 0
0, 5902752,0.00, 100.00, 0.00, 3.35, 0, 0, 0
1, 3593551,0.00, 100.00, 0.00, 3.35, 0, 0, 0
2, 3203654,0.00, 100.00, 0.00, 3.35, 0, 0, 0
3, 3160494,0.00, 100.00, 0.00, 3.35, 0, 0, 0
4, 3515053,0.00, 100.00, 0.00, 3.35, 0, 0, 0
5, 4009609,0.00, 100.00, 0.00, 3.35, 0, 0, 0
6, 4130746,0.00, 100.00, 0.00, 3.35, 0, 0, 0
7, 3455435,0.00, 100.00, 0.00, 3.35, 0, 0, 0
8, 3509832,0.00, 100.00, 0.00, 3.35, 0, 0, 0
9, 3780121,0.00, 100.00, 0.00, 3.35, 0, 0, 0
0, 5902752,0.00, 100.00, 0.00, 3.35, 0, 0, 0
1, 3299575,0.00, 100.00, 0.00, 3.35, 0, 0, 0
2, 3138071,0.00, 100.00, 0.00, 3.35, 0, 0, 0
3, 3618039,0.00, 100.00, 0.00, 3.35, 0, 0, 0
4, 3914098,0.00, 100.00, 0.00, 3.35, 0, 0, 0
5, 4347466,0.00, 100.00, 0.00, 3.35, 0, 0, 0
6, 3466933,0.00, 100.00, 0.00, 3.35, 0, 0, 0
7, 3169855,0.00, 100.00, 0.00, 3.35, 0, 0, 0
8, 3440074,0.00, 100.00, 0.00, 3.35, 0, 0, 0
9, 3101684,0.00, 100.00, 0.00, 3.35, 0, 0, 0
0, 5902752,0.00, 100.00, 0.00, 3.35, 0, 0, 0
1, 3239244,0.00, 100.00, 0.00, 3.35, 0, 0, 0
2, 3351803,0.00, 100.00, 0.00, 3.35, 0, 0, 0
3, 3977834,0.00, 100.00, 0.00, 3.35, 0, 0, 0
4, 3490713,0.00, 100.00, 0.00, 3.35, 0, 0, 0
5, 3398103,0.00, 100.00, 0.00, 3.35, 0, 0, 0
6, 3297061,0.00, 100.00, 0.00, 3.35, 0, 0, 0
7, 3341608,0.00, 100.00, 0.00, 3.35, 0, 0, 0
8, 3126013,0.00, 100.00, 0.00, 3.35, 0, 0, 0
9, 3327223,0.00, 100.00, 0.00, 3.35, 0, 0, 0
0, 5902752,0.00, 100.00, 0.00, 3.35, 0, 0, 0
1, 3406529,0.00, 100.00, 0.00, 3.35, 0, 0, 0
2, 3556344,0.00, 100.00, 0.00, 3.35, 0, 0, 0
3, 3161159,0.00, 100.00, 0.00, 3.35, 0, 0, 0
4, 3220868,0.00, 100.00, 0.00, 3.35, 0, 0, 0
5, 3346383,0.00, 100.00, 0.00, 3.35, 0, 0, 0
6, 3248918,0.00, 100.00, 0.00, 3.35, 0, 0, 0
7, 2985826,0.00, 100.00, 0.00, 3.35, 0, 0, 0
8, 3372466,0.00, 100.00, 0.00, 3.35, 0, 0, 0
9, 3237741,0.00, 100.00, 0.00, 3.35, 0, 0, 0
0, 5902752,0.00, 100.00, 0.00, 3.35, 0, 0, 0
1, 3395884,0.00, 100.00, 0.00, 3.35, 0, 0, 0
2, 3740465,0.00, 100.00, 0.00, 3.35, 0, 0, 0
3, 3178844,0.00, 100.00, 0.00, 3.35, 0, 0, 0
4, 3150092,0.00, 100.00, 0.00, 3.35, 0, 0, 0
5, 3208537,0.00, 100.00, 0.00, 3.35, 0, 0, 0
6, 3421345,0.00, 100.00, 0.00, 3.35, 0, 0, 0
7, 3255489,0.00, 100.00, 0.00, 3.35, 0, 0, 0
8, 3541506,0.00, 100.00, 0.00, 3.35, 0, 0, 0
9, 3275286,0.00, 100.00, 0.00, 3.35, 0, 0, 0
0, 5902752,0.00, 100.00, 0.00, 3.35, 0, 0, 0
1, 3909948,0.00, 100.00, 0.00, 3.35, 0, 0, 0
2, 3220226,0.00, 100.00, 0.00, 3.35, 0, 0, 0
3, 3188757,0.00, 100.00, 0.00, 3.35, 0, 0, 0
4, 3687481,0.00, 100.00, 0.00, 3.35, 0, 0, 0
5, 3561389,0.00, 100.00, 0.00, 3.35, 0, 0, 0
6, 3406569,0.00, 100.00, 0.00, 3.35, 0, 0, 0
7, 3512214,0.00, 100.00, 0.00, 3.35, 0, 0, 0
8, 3243259,0.00, 100.00, 0.00, 3.35, 0, 0, 0
9, 3387058,0.00, 100.00, 0.00, 3.35, 0, 0, 0
0, 5902752,0.00, 100.00, 0.00, 3.35, 0, 0, 0
1, 3374613,0.00, 100.00, 0.00, 3.35, 0, 0, 0
2, 3510148,0.00, 100.00, 0.00, 3.35, 0, 0, 0
3, 3608417,0.00, 100.00, 0.00, 3.35, 0, 0, 0
4, 3637709,0.00, 100.00, 0.00, 3.35, 0, 0, 0
5, 3429156,0.00, 100.00, 0.00, 3.35, 0, 0, 0
6, 3126197,0.00, 100.00, 0.00, 3.35, 0, 0, 0
7, 3255797,0.00, 100.00, 0.00, 3.35, 0, 0, 0
8, 3171566,0.00, 100.00, 0.00, 3.35, 0, 0, 0
9, 3297679,0.00, 100.00, 0.00, 3.35, 0, 0, 0
0, 5902752,0.00, 100.00, 0.00, 3.35, 0, 0, 0
1, 3491232,0.00, 100.00, 0.00, 3.35, 0, 0, 0
2, 3289920,0.00, 100.00, 0.00, 3.35, 0, 0, 0
3, 3769028,0.00, 100.00, 0.00, 3.35, 0, 0, 0
4, 3682882,0.00, 100.00, 0.00, 3.35, 0, 0, 0
5, 3561123,0.00, 100.00, 0.00, 3.35, 0, 0, 0
6, 3243195,0.00, 100.00, 0.00, 3.35, 0, 0, 0
7, 3249136,0.00, 100.00, 0.00, 3.35, 0, 0, 0
8, 3427156,0.00, 100.00, 0.00, 3.35, 0, 0, 0
9, 3728254,0.00, 100.00, 0.00, 3.35, 0, 0, 0
0, 5902752,0.00, 100.00, 0.00, 3.35, 0, 0, 0
1, 3384949,0.00, 100.00, 0.00, 3.35, 0, 0, 0
2, 3029328,0.00, 100.00, 0.00, 3.35, 0, 0, 0
3, 3378176,0.00, 100.00, 0.00, 3.35, 0, 0, 0
4, 3176359,0.00, 100.00, 0.00, 3.35, 0, 0, 0
5, 3170854,0.00, 100.00, 0.00, 3.35, 0, 0, 0
6, 3197325,0.00, 100.00, 0.00, 3.35, 0, 0, 0
7, 3205323,0.00, 100.00, 0.00, 3.35, 0, 0, 0
8, 3445726,0.00, 100.00, 0.00, 3.35, 0, 0, 0
9, 3699586,0.00, 100.00, 0.00, 3.35, 0, 0, 0
0, 5902752,0.00, 100.00, 0.00, 3.35, 0, 0, 0
1, 3339659,0.00, 100.00, 0.00, 3.35, 0, 0, 0
2, 3090542,0.00, 100.00, 0.00, 3.35, 0, 0, 0
3, 3435056,0.00, 100.00, 0.00, 3.35, 0, 0, 0
4, 3869345,0.00, 100.00, 0.00, 3.35, 0, 0, 0
5, 3301320,0.00, 100.00, 0.00, 3.35, 0, 0, 0
6, 3257113,0.00, 100.00, 0.00, 3.35, 0, 0, 0
7, 3558512,0.00, 100.00, 0.00, 3.35, 0, 0, 0
8, 3674857,0.00, 100.00, 0.00, 3.35, 0, 0, 0
9, 3357343,0.00, 100.00, 0.00, 3.35, 0, 0, 0
0, 5902752,0.00, 100.00, 0.00, 3.35, 0, 0, 0
1, 3546237,0.00, 100.00, 0.00, 3.35, 0, 0, 0
2, 3190287,0.00, 100.00, 0.00, 3.35, 0, 0, 0
3, 3224203,0.00, 100.00, 0.00, 3.35, 0, 0, 0
4, 3328020,0.00, 100.00, 0.00, 3.35, 0, 0, 0
5, 3205079,0.00, 100.00, 0.00, 3.35, 0, 0, 0
6, 3302390,0.00, 100.00, 0.00, 3.35, 0, 0, 0
7, 3495721,0.00, 100.00, 0.00, 3.35, 0, 0, 0
8, 3455630,0.00, 100.00, 0.00, 3.35, 0, 0, 0
9, 3178847,0.00, 100.00, 0.00, 3.35, 0, 0, 0
0, 5902752,0.00, 100.00, 0.00, 3.35, 0, 0, 0
1, 3393255,0.00, 100.00, 0.00, 3.35, 0, 0, 0
2, 3314120,0.00, 100.00, 0.00, 3.35, 0, 0, 0
3, 3517932,0.00, 100.00, 0.00, 3.35, 0, 0, 0
4, 3343005,0.00, 100.00, 0.00, 3.35, 0, 0, 0
5, 3394206,0.00, 100.00, 0.00, 3.35, 0, 0, 0
6, 3646149,0.00, 100.00, 0.00, 3.35, 0, 0, 0
7, 3670132,0.00, 100.00, 0.00, 3.35, 0, 0, 0
8, 3590705,0.00, 100.00, 0.00, 3.35, 0, 0, 0
9, 3327799,0.00, 100.00, 0.00, 3.35, 0, 0, 0
0, 5902752,0.00, 100.00, 0.00, 3.35, 0, 0, 0
1, 3417496,0.00, 100.00, 0.00, 3.35, 0, 0, 0
2, 3461178,0.00, 100.00, 0.00, 3.35, 0, 0, 0
3, 3471978,0.00, 100.00, 0.00, 3.35, 0, 0, 0
4, 3211413,0.00, 100.00, 0.00, 3.35, 0, 0, 0
5, 3508746,0.00, 100.00, 0.00, 3.35, 0, 0, 0
6, 3510702,0.00, 100.00, 0.00, 3.35, 0, 0, 0
7, 3627827,0.00, 100.00, 0.00, 3.35, 0, 0, 0
8, 3770282,0.00, 100.00, 0.00, 3.35, 0, 0, 0
9, 3204769,0.00, 100.00, 0.00, 3.35, 0, 0, 0
0, 5902752,0.00, 100.00, 0.00, 3.35, 0, 0, 0
1, 3676740,0.00, 100.00, 0.00, 3.35, 0, 0, 0
2, 3495688,0.00, 100.00, 0.00, 3.35, 0, 0, 0
3, 3174472,0.00, 100.00, 0.00, 3.35, 0, 0, 0
4, 3785747,0.00, 100.00, 0.00, 3.35, 0, 0, 0
5, 3765611,0.00, 100.00, 0.00, 3.35, 0, 0, 0
6, 3150166,0.00, 100.00, 0.00, 3.35, 0, 0, 0
7, 3342379,0.00, 100.00, 0.00, 3.35, 0, 0, 0
8, 3350775,0.00, 100.00, 0.00, 3.35, 0, 0, 0
9, 3442100,0.00, 100.00, 0.00, 3.35, 0, 0, 0
0, 5902752,0.00, 100.00, 0.00, 3.35, 0, 0, 0
1, 3513469,0.00, 100.00, 0.00, 3.35, 0, 0, 0
2, 3207894,0.00, 100.00, 0.00, 3.35, 0, 0, 0
3, 3350993,0.00, 100.00, 0.00, 3.35, 0, 0, 0
4, 3765375,0.00, 100.00, 0.00, 3.35, 0, 0, 0
5, 3189244,0.00, 100.00, 0.00, 3.35, 0, 0, 0
6, 3220983,0.00, 100.00, 0.00, 3.35, 0, 0, 0
7, 3110107,0.00, 100.00, 0.00, 3.35, 0, 0, 0
8, 3406859,0.00, 100.00, 0.00, 3.35, 0, 0, 0
9, 3260197,0.00, 100.00, 0.00, 3.35, 0, 0, 0
0, 5902752,0.00, 100.00, 0.00, 3.35, 0, 0, 0
1, 3433620,0.00, 100.00, 0.00, 3.35, 0, 0, 0
2, 3335729,0.00, 100.00, 0.00, 3.35, 0, 0, 0
3, 3399730,0.00, 100.00, 0.00, 3.35, 0, 0, 0
4, 3658303,0.00, 100.00, 0.00, 3.35, 0, 0, 0
5, 3375528,0.00, 100.00, 0.00, 3.35, 0, 0, 0
6, 3406794,0.00, 100.00, 0.00, 3.35, 0, 0, 0
7, 4203266,0.00, 100.00, 0.00, 3.35, 0, 0, 0
8, 3362960,0.00, 100.00, 0.00, 3.35, 0, 0, 0
9, 3144644,0.00, 100.00, 0.00, 3.35, 0, 0, 0
0, 5902752,0.00, 100.00, 0.00, 3.35, 0, 0, 0
1, 3250125,0.00, 100.00, 0.00, 3.35, 0, 0, 0
2, 3619929,0.00, 100.00, 0.00, 3.35, 0, 0, 0
3, 3787779,0.00, 100.00, 0.00, 3.35, 0, 0, 0
4, 3518466,0.00, 100.00, 0.00, 3.35, 0, 0, 0
5, 3270201,0.00, 100.00, 0.00, 3.35, 0, 0, 0
6, 3538716,0.00, 100.00, 0.00, 3.35, 0, 0, 0
7, 3633741,0.00, 100.00, 0.00, 3.35, 0, 0, 0
8, 3389043,0.00, 100.00, 0.00, 3.35, 0, 0, 0
9, 3271052,0.00, 100.00, 0.00, 3.35, 0, 0, 0
0, 5902752,0.00, 100.00, 0.00, 3.35, 0, 0, 0
1, 3588075,0.00, 100.00, 0.00, 3.35, 0, 0, 0
2, 3743972,0.00, 100.00, 0.00, 3.35, 0, 0, 0
3, 3390919,0.00, 100.00, 0.00, 3.35, 0, 0, 0
4, 3384132,0.00, 100.00, 0.00, 3.35, 0, 0, 0
5, 3213377,0.00, 100.00, 0.00, 3.35, 0, 0, 0
6, 3609574,0.00, 100.00, 0.00, 3.35, 0, 0, 0
7, 3193162,0.00, 100.00, 0.00, 3.35, 0, 0, 0
8, 3108062,0.00, 100.00, 0.00, 3.35, 0, 0, 0
9, 3083010,0.00, 100.00, 0.00, 3.35, 0, 0, 0
0, 5902752,0.00, 100.00, 0.00, 3.35, 0, 0, 0
1, 3849336,0.00, 100.00, 0.00, 3.35, 0, 0, 0
2, 3465251,0.00, 100.00, 0.00, 3.35, 0, 0, 0
3, 3391130,0.00, 100.00, 0.00, 3.35, 0, 0, 0
4, 3468814,0.00, 100.00, 0.00, 3.35, 0, 0, 0
5, 3723608,0.00, 100.00, 0.00, 3.35, 0, 0, 0
6, 3817504,0.00, 100.00, 0.00, 3.35, 0, 0, 0
7, 3362491,0.00, 100.00, 0.00, 3.35, 0, 0, 0
8, 3077977,0.00, 100.00, 0.00, 3.35, 0, 0, 0
9, 3420736,0.00, 100.00, 0.00, 3.35, 0, 0, 0
0, 5902752,0.00, 100.00, 0.00, 3.35, 0, 0, 0
1, 3496248,0.00, 100.00, 0.00, 3.35, 0, 0, 0
2, 3225060,0.00, 100.00, 0.00, 3.35, 0, 0, 0
3, 3270533,0.00, 100.00, 0.00, 3.35, 0, 0, 0
4, 3195639,0.00, 100.00, 0.00, 3.35, 0, 0, 0
5, 3426975,0.00, 100.00, 0.00, 3.35, 0, 0, 0
6, 3982915,0.00, 100.00, 0.00, 3.35, 0, 0, 0
7, 3213023,0.00, 100.00, 0.00, 3.35, 0, 0, 0
8, 3425983,0.00, 100.00, 0.00, 3.35, 0, 0, 0
9, 3682234,0.00, 100.00, 0.00, 3.35, 0, 0, 0
0, 5902752,0.00, 100.00, 0.00, 3.35, 0, 0, 0
1, 3664218,0.00, 100.00, 0.00, 3.35, 0, 0, 0
2, 3265768,0.00, 100.00, 0.00, 3.35, 0, 0, 0
3, 3367772,0.00, 100.00, 0.00, 3.35, 0, 0, 0
4, 3113807,0.00, 100.00, 0.00, 3.35, 0, 0, 0
5, 3252678,0.00, 100.00, 0.00, 3.35, 0, 0, 0
6, 3266930,0.00, 100.00, 0.00, 3.35, 0, 0, 0
7, 3191150,0.00, 100.00, 0.00, 3.35, 0, 0, 0
8, 3484948,0.00, 100.00, 0.00, 3.35, 0, 0, 0
9, 3529228,0.00, 100.00, 0.00, 3.35, 0, 0, 0
0, 5902752,0.00, 100.00, 0.00, 3.35, 0, 0, 0
1, 3477250,0.00, 100.00, 0.00, 3.35, 0, 0, 0
2, 3245026,0.00, 100.00, 0.00, 3.35, 0, 0, 0
3, 3436364,0.00, 100.00, 0.00, 3.35, 0, 0, 0
4, 3515908,0.00, 100.00, 0.00, 3.35, 0, 0, 0
5, 3507592,0.00, 100.00, 0.00, 3.35, 0, 0, 0
6, 3220891,0.00, 100.00, 0.00, 3.35, 0, 0, 0
7, 3382116,0.00, 100.00, 0.00, 3.35, 0, 0, 0
8, -996187877,0.00, 100.00, 0.00, 3.35, 0, 0, 0
9, 3266738,0.00, 100.00, 0.00, 3.35, 0, 0, 0
0, 5902752,0.00, 100.00, 0.00, 3.35, 0, 0, 0
1, 3482291,0.00, 100.00, 0.00, 3.35, 0, 0, 0
2, 3054190,0.00, 100.00, 0.00, 3.35, 0, 0, 0
3, 3470946,0.00, 100.00, 0.00, 3.35, 0, 0, 0
4, 3559709,0.00, 100.00, 0.00, 3.35, 0, 0, 0
5, 3196074,0.00, 100.00, 0.00, 3.35, 0, 0, 0
6, 3542933,0.00, 100.00, 0.00, 3.35, 0, 0, 0
7, 3560819,0.00, 100.00, 0.00, 3.35, 0, 0, 0
8, 3324372,0.00, 100.00, 0.00, 3.35, 0, 0, 0
9, 3344460,0.00, 100.00, 0.00, 3.35, 0, 0, 0
0, 5902752,0.00, 100.00, 0.00, 3.35, 0, 0, 0
1, 3394857,0.00, 100.00, 0.00, 3.35, 0, 0, 0
2, 3326231,0.00, 100.00, 0.00, 3.35, 0, 0, 0
3, 3452924,0.00, 100.00, 0.00, 3.35, 0, 0, 0
4, 3058721,0.00, 100.00, 0.00, 3.35, 0, 0, 0
5, 3769672,0.00, 100.00, 0.00, 3.35, 0, 0, 0
6, 3631506,0.00, 100.00, 0.00, 3.35, 0, 0, 0
7, 3234947,0.00, 100.00, 0.00, 3.35, 0, 0, 0
8, 3167582,0.00, 100.00, 0.00, 3.35, 0, 0, 0
9, 3341292,0.00, 100.00, 0.00, 3.35, 0, 0, 0
0, 5902752,0.00, 100.00, 0.00, 3.35, 0, 0, 0
1, 3466152,0.00, 100.00, 0.00, 3.35, 0, 0, 0
2, 3466321,0.00, 100.00, 0.00, 3.35, 0, 0, 0
3, 3221423,0.00, 100.00, 0.00, 3.35, 0, 0, 0
4, 3206985,0.00, 100.00, 0.00, 3.35, 0, 0, 0
5, 3622218,0.00, 100.00, 0.00, 3.35, 0, 0, 0
6, 3130798,0.00, 100.00, 0.00, 3.35, 0, 0, 0
7, 3501927,0.00, 100.00, 0.00, 3.35, 0, 0, 0
8, 3165813,0.00, 100.00, 0.00, 3.35, 0, 0, 0
9, 3644829,0.00, 100.00, 0.00, 3.35, 0, 0, 0
0, 5902752,0.00, 100.00, 0.00, 3.35, 0, 0, 0
1, 3191497,0.00, 100.00, 0.00, 3.35, 0, 0, 0
2, 3308882,0.00, 100.00, 0.00, 3.35, 0, 0, 0
3, 3099469,0.00, 100.00, 0.00, 3.35, 0, 0, 0
4, 3582353,0.00, 100.00, 0.00, 3.35, 0, 0, 0
5, 3699738,0.00, 100.00, 0.00, 3.35, 0, 0, 0
6, 3139479,0.00, 100.00, 0.00, 3.35, 0, 0, 0
7, 3324871,0.00, 100.00, 0.00, 3.35, 0, 0, 0
8, 3144964,0.00, 100.00, 0.00, 3.35, 0, 0, 0
9, 3198869,0.00, 100.00, 0.00, 3.35, 0, 0, 0
0, 5902752,0.00, 100.00, 0.00, 3.35, 0, 0, 0
1, 3183019,0.00, 100.00, 0.00, 3.35, 0, 0, 0
2, 3118208,0.00, 100.00, 0.00, 3.35, 0, 0, 0
3, 3216184,0.00, 100.00, 0.00, 3.35, 0, 0, 0
4, 3637941,0.00, 100.00, 0.00, 3.35, 0, 0, 0
5, 3627514,0.00, 100.00, 0.00, 3.35, 0, 0, 0
6, 3201030,0.00, 100.00, 0.00, 3.35, 0, 0, 0
7, 3291927,0.00, 100.00, 0.00, 3.35, 0, 0, 0
8, 3170163,0.00, 100.00, 0.00, 3.35, 0, 0, 0
9, 3316973,0.00, 100.00, 0.00, 3.35, 0, 0, 0
0, 5902752,0.00, 100.00, 0.00, 3.35, 0, 0, 0
1, 3319418,0.00, 100.00, 0.00, 3.35, 0, 0, 0
2, 3164262,0.00, 100.00, 0.00, 3.35, 0, 0, 0
3, 3664613,0.00, 100.00, 0.00, 3.35, 0, 0, 0
4, 3599196,0.00, 100.00, 0.00, 3.35, 0, 0, 0
5, 3205248,0.00, 100.00, 0.00, 3.35, 0, 0, 0
6, 3110447,0.00, 100.00, 0.00, 3.35, 0, 0, 0
7, 3238847,0.00, 100.00, 0.00, 3.35, 0, 0, 0
8, 3230293,0.00, 100.00, 0.00, 3.35, 0, 0, 0
9, 3155012,0.00, 100.00, 0.00, 3.35, 0, 0, 0
0, 5902752,0.00, 100.00, 0.00, 3.35, 0, 0, 0
1, 3387218,0.00, 100.00, 0.00, 3.35, 0, 0, 0
2, 3235994,0.00, 100.00, 0.00, 3.35, 0, 0, 0
3, 3446775,0.00, 100.00, 0.00, 3.35, 0, 0, 0
4, 3996732,0.00, 100.00, 0.00, 3.35, 0, 0, 0
5, 3888250,0.00, 100.00, 0.00, 3.35, 0, 0, 0
6, 3219442,0.00, 100.00, 0.00, 3.35, 0, 0, 0
7, 3257639,0.00, 100.00, 0.00, 3.35, 0, 0, 0
8, 3250884,0.00, 100.00, 0.00, 3.35, 0, 0, 0
9, 3121608,0.00, 100.00, 0.00, 3.35, 0, 0, 0
0, 5902752,0.00, 100.00, 0.00, 3.35, 0, 0, 0
1, 3409760,0.00, 100.00, 0.00, 3.35, 0, 0, 0
2, 3524806,0.00, 100.00, 0.00, 3.35, 0, 0, 0
3, 3717420,0.00, 100.00, 0.00, 3.35, 0, 0, 0
4, 3922021,0.00, 100.00, 0.00, 3.35, 0, 0, 0
5, 3499014,0.00, 100.00, 0.00, 3.35, 0, 0, 0
6, 3260695,0.00, 100.00, 0.00, 3.35, 0, 0, 0
7, 3790892,0.00, 100.00, 0.00, 3.35, 0, 0, 0
8, 3513181,0.00, 100.00, 0.00, 3.35, 0, 0, 0
9, 3415082,0.00, 100.00, 0.00, 3.35, 0, 0, 0
0, 5902752,0.00, 100.00, 0.00, 3.35, 0, 0, 0
1, 3788317,0.00, 100.00, 0.00, 3.35, 0, 0, 0
2, 3309747,0.00, 100.00, 0.00, 3.35, 0, 0, 0
3, 3510015,0.00, 100.00, 0.00, 3.35, 0, 0, 0
4, 3194822,0.00, 100.00, 0.00, 3.35, 0, 0, 0
5, 3180353,0.00, 100.00, 0.00, 3.35, 0, 0, 0
6, 3380842,0.00, 100.00, 0.00, 3.35, 0, 0, 0
7, 3500126,0.00, 100.00, 0.00, 3.35, 0, 0, 0
8, 3697090,0.00, 100.00, 0.00, 3.35, 0, 0, 0
9, 3486939,0.00, 100.00, 0.00, 3.35, 0, 0, 0
0, 5902752,0.00, 100.00, 0.00, 3.35, 0, 0, 0
1, 4108122,0.00, 100.00, 0.00, 3.35, 0, 0, 0
2, 3303379,0.00, 100.00, 0.00, 3.35, 0, 0, 0
3, 3781991,0.00, 100.00, 0.00, 3.35, 0, 0, 0
4, 3453576,0.00, 100.00, 0.00, 3.35, 0, 0, 0
5, 3406215,0.00, 100.00, 0.00, 3.35, 0, 0, 0
6, 3834060,0.00, 100.00, 0.00, 3.35, 0, 0, 0
7, 3348727,0.00, 100.00, 0.00, 3.35, 0, 0, 0
8, 3345891,0.00, 100.00, 0.00, 3.35, 0, 0, 0
9, 3579292,0.00, 100.00, 0.00, 3.35, 0, 0, 0
0, 5902752,0.00, 100.00, 0.00, 3.35, 0, 0, 0
1, 3345698,0.00, 100.00, 0.00, 3.35, 0, 0, 0
2, 3369181,0.00, 100.00, 0.00, 3.35, 0, 0, 0
3, 3312513,0.00, 100.00, 0.00, 3.35, 0, 0, 0
4, 3291489,0.00, 100.00, 0.00, 3.35, 0, 0, 0
5, 3542542,0.00, 100.00, 0.00, 3.35, 0, 0, 0
6, 3530804,0.00, 100.00, 0.00, 3.35, 0, 0, 0
7, 3271042,0.00, 100.00, 0.00, 3.35, 0, 0, 0
8, 3368482,0.00, 100.00, 0.00, 3.35, 0, 0, 0
9, 3642614,0.00, 100.00, 0.00, 3.35, 0, 0, 0
0, 5902752,0.00, 100.00, 0.00, 3.35, 0, 0, 0
1, 3375304,0.00, 100.00, 0.00, 3.35, 0, 0, 0
2, 4326238,0.00, 100.00, 0.00, 3.35, 0, 0, 0
3, 3554525,0.00, 100.00, 0.00, 3.35, 0, 0, 0
4, 3323886,0.00, 100.00, 0.00, 3.35, 0, 0, 0
5, 3561009,0.00, 100.00, 0.00, 3.35, 0, 0, 0
6, 3224564,0.00, 100.00, 0.00, 3.35, 0, 0, 0
7, 3285710,0.00, 100.00, 0.00, 3.35, 0, 0, 0
8, 3738529,0.00, 100.00, 0.00, 3.35, 0, 0, 0
9, 3276339,0.00, 100.00, 0.00, 3.35, 0, 0, 0
0, 5902752,0.00, 100.00, 0.00, 3.35, 0, 0, 0
1, 3563840,0.00, 100.00, 0.00, 3.35, 0, 0, 0
2, 3527853,0.00, 100.00, 0.00, 3.35, 0, 0, 0
3, 3393390,0.00, 100.00, 0.00, 3.35, 0, 0, 0
4, 3487889,0.00, 100.00, 0.00, 3.35, 0, 0, 0
5, 3289498,0.00, 100.00, 0.00, 3.35, 0, 0, 0
6, 3272995,0.00, 100.00, 0.00, 3.35, 0, 0, 0
7, 3430500,0.00, 100.00, 0.00, 3.35, 0, 0, 0
8, 3442697,0.00, 100.00, 0.00, 3.35, 0, 0, 0
9, 3264664,0.00, 100.00, 0.00, 3.35, 0, 0, 0
0, 5902752,0.00, 100.00, 0.00, 3.35, 0, 0, 0
1, 3414530,0.00, 100.00, 0.00, 3.35, 0, 0, 0
2, 3189188,0.00, 100.00, 0.00, 3.35, 0, 0, 0
3, 3204994,0.00, 100.00, 0.00, 3.35, 0, 0, 0
4, 3370148,0.00, 100.00, 0.00, 3.35, 0, 0, 0
5, 3377472,0.00, 100.00, 0.00, 3.35, 0, 0, 0
6, 3397250,0.00, 100.00, 0.00, 3.35, 0, 0, 0
7, 3732560,0.00, 100.00, 0.00, 3.35, 0, 0, 0
8, 3504770,0.00, 100.00, 0.00, 3.35, 0, 0, 0
9, 3336402,0.00, 100.00, 0.00, 3.35, 0, 0, 0
0, 5902752,0.00, 100.00, 0.00, 3.35, 0, 0, 0
1, 3414184,0.00, 100.00, 0.00, 3.35, 0, 0, 0
2, 3344334,0.00, 100.00, 0.00, 3.35, 0, 0, 0
3, 3274896,0.00, 100.00, 0.00, 3.35, 0, 0, 0
4, 3200617,0.00, 100.00, 0.00, 3.35, 0, 0, 0
5, 3360527,0.00, 100.00, 0.00, 3.35, 0, 0, 0
6, 3829262,0.00, 100.00, 0.00, 3.35, 0, 0, 0
7, 3571958,0.00, 100.00, 0.00, 3.35, 0, 0, 0
8, 3407428,0.00, 100.00, 0.00, 3.35, 0, 0, 0
9, 3226229,0.00, 100.00, 0.00, 3.35, 0, 0, 0
0, 5902752,0.00, 100.00, 0.00, 3.35, 0, 0, 0
1, 4114261,0.00, 100.00, 0.00, 3.35, 0, 0, 0
2, 3339335,0.00, 100.00, 0.00, 3.35, 0, 0, 0
3, 3065240,0.00, 100.00, 0.00, 3.35, 0, 0, 0
4, 3391353,0.00, 100.00, 0.00, 3.35, 0, 0, 0
5, 3510661,0.00, 100.00, 0.00, 3.35, 0, 0, 0
6, 3589608,0.00, 100.00, 0.00, 3.35, 0, 0, 0
7, 3347708,0.00, 100.00, 0.00, 3.35, 0, 0, 0
8, 3141163,0.00, 100.00, 0.00, 3.35, 0, 0, 0
9, 3253241,0.00, 100.00, 0.00, 3.35, 0, 0, 0
0, 5902752,0.00, 100.00, 0.00, 3.35, 0, 0, 0
1, 3911537,0.00, 100.00, 0.00, 3.35, 0, 0, 0
2, 3105376,0.00, 100.00, 0.00, 3.35, 0, 0, 0
3, 3080876,0.00, 100.00, 0.00, 3.35, 0, 0, 0
4, 3543110,0.00, 100.00, 0.00, 3.35, 0, 0, 0
5, 3579729,0.00, 100.00, 0.00, 3.35, 0, 0, 0
6, 3354235,0.00, 100.00, 0.00, 3.35, 0, 0, 0
7, 3263245,0.00, 100.00, 0.00, 3.35, 0, 0, 0
8, 3141906,0.00, 100.00, 0.00, 3.35, 0, 0, 0
9, 3160521,0.00, 100.00, 0.00, 3.35, 0, 0, 0
0, 5902752,0.00, 100.00, 0.00, 3.35, 0, 0, 0
1, 3573076,0.00, 100.00, 0.00, 3.35, 0, 0, 0
2, 3056170,0.00, 100.00, 0.00, 3.35, 0, 0, 0
3, 3178501,0.00, 100.00, 0.00, 3.35, 0, 0, 0
4, 3682934,0.00, 100.00, 0.00, 3.35, 0, 0, 0
5, 3477888,0.00, 100.00, 0.00, 3.35, 0, 0, 0
6, 3409302,0.00, 100.00, 0.00, 3.35, 0, 0, 0
7, 3194911,0.00, 100.00, 0.00, 3.35, 0, 0, 0
8, 3298577,0.00, 100.00, 0.00, 3.35, 0, 0, 0
9, 3245256,0.00, 100.00, 0.00, 3.35, 0, 0, 0
0, 5902752,0.00, 100.00, 0.00, 3.35, 0, 0, 0
1, 3639432,0.00, 100.00, 0.00, 3.35, 0, 0, 0
2, 3388817,0.00, 100.00, 0.00, 3.35, 0, 0, 0
3, 3442009,0.00, 100.00, 0.00, 3.35, 0, 0, 0
4, 3719722,0.00, 100.00, 0.00, 3.35, 0, 0, 0
5, 4017671,0.00, 100.00, 0.00, 3.35, 0, 0, 0
6, 3121830,0.00, 100.00, 0.00, 3.35, 0, 0, 0
7, 3202770,0.00, 100.00, 0.00, 3.35, 0, 0, 0
8, 3140291,0.00, 100.00, 0.00, 3.35, 0, 0, 0
9, 3262827,0.00, 100.00, 0.00, 3.35, 0, 0, 0
0, 5902752,0.00, 100.00, 0.00, 3.35, 0, 0, 0
1, 3166663,0.00, 100.00, 0.00, 3.35, 0, 0, 0
2, 3487301,0.00, 100.00, 0.00, 3.35, 0, 0, 0
3, 3666643,0.00, 100.00, 0.00, 3.35, 0, 0, 0
4, 3632541,0.00, 100.00, 0.00, 3.35, 0, 0, 0
5, 3962805,0.00, 100.00, 0.00, 3.35, 0, 0, 0
6, 3204388,0.00, 100.00, 0.00, 3.35, 0, 0, 0
7, 3082067,0.00, 100.00, 0.00, 3.35, 0, 0, 0
8, 3624741,