Thu Nov 22 15:32:04 2018
StepTime, x, v, f, xdes, vdes, fdes, cmd, IR, LSB, LSF
5444522,0.00, 100.00, 0.00, 2.45, 0, 0, 0
2761707,0.00, 100.00, 0.00, 2.45, 0, 0, 0
2701943,0.00, 100.00, 0.00, 2.45, 0, 0, 0
2730109,0.00, 100.00, 0.00, 2.45, 0, 0, 0
2760744,0.00, 100.00, 0.00, 2.45, 0, 0, 0
2702460,0.00, 100.00, 0.00, 2.45, 0, 0, 0
2557787,0.00, 100.00, 0.00, 2.45, 0, 0, 0
2870905,0.00, 100.00, 0.00, 2.45, 0, 0, 0
2740355,0.00, 100.00, 0.00, 2.45, 0, 0, 0
2792625,0.00, 100.00, 0.00, 2.45, 0, 0, 0
5444522,0.00, 100.00, 0.00, 2.45, 0, 0, 0
2880553,0.00, 100.00, 0.00, 2.45, 0, 0, 0
2687101,0.00, 100.00, 0.00, 2.45, 0, 0, 0
3001797,0.00, 100.00, 0.00, 2.45, 0, 0, 0
2901568,0.00, 100.00, 0.00, 2.45, 0, 0, 0
2878011,0.00, 100.00, 0.00, 2.45, 0, 0, 0
2821478,0.00, 100.00, 0.00, 2.45, 0, 0, 0
2869178,0.00, 100.00, 0.00, 2.45, 0, 0, 0
2767738,0.00, 100.00, 0.00, 2.45, 0, 0, 0
2732366,0.00, 100.00, 0.00, 2.45, 0, 0, 0
5444522,0.00, 100.00, 0.00, 2.45, 0, 0, 0
2801121,0.00, 100.00, 0.00, 2.45, 0, 0, 0
2738741,0.00, 100.00, 0.00, 2.45, 0, 0, 0
-997283811,0.00, 100.00, 0.00, 2.45, 0, 0, 0
2710551,0.00, 100.00, 0.00, 2.45, 0, 0, 0
2698420,0.00, 100.00, 0.00, 2.45, 0, 0, 0
2709698,0.00, 100.00, 0.00, 2.45, 0, 0, 0
2706948,0.00, 100.00, 0.00, 2.45, 0, 0, 0
2709066,0.00, 100.00, 0.00, 2.45, 0, 0, 0
2704826,0.00, 100.00, 0.00, 2.45, 0, 0, 0
5444522,0.00, 100.00, 0.00, 2.45, 0, 0, 0
2693022,0.00, 100.00, 0.00, 2.45, 0, 0, 0
2704823,0.00, 100.00, 0.00, 2.45, 0, 0, 0
2708713,0.00, 100.00, 0.00, 2.45, 0, 0, 0
2700103,0.00, 100.00, 0.00, 2.45, 0, 0, 0
3221170,0.00, 100.00, 0.00, 2.45, 0, 0, 0
2785807,0.00, 100.00, 0.00, 2.45, 0, 0, 0
2689702,0.00, 100.00, 0.00, 2.45, 0, 0, 0
3173525,0.00, 100.00, 0.00, 2.45, 0, 0, 0
2907590,0.00, 100.00, 0.00, 2.45, 0, 0, 0
5444522,0.00, 100.00, 0.00, 2.45, 0, 0, 0
2862465,0.00, 100.00, 0.00, 2.45, 0, 0, 0
2712387,0.00, 100.00, 0.00, 2.45, 0, 0, 0
3073199,0.00, 100.00, 0.00, 2.45, 0, 0, 0
2953745,0.00, 100.00, 0.00, 2.45, 0, 0, 0
2919593,0.00, 100.00, 0.00, 2.45, 0, 0, 0
2932900,0.00, 100.00, 0.00, 2.45, 0, 0, 0
2872978,0.00, 100.00, 0.00, 2.45, 0, 0, 0
3268798,0.00, 100.00, 0.00, 2.45, 0, 0, 0
3213893,0.00, 100.00, 0.00, 2.45, 0, 0, 0
5444522,0.00, 100.00, 0.00, 2.45, 0, 0, 0
2835692,0.00, 100.00, 0.00, 2.45, 0, 0, 0
2766677,0.00, 100.00, 0.00, 2.45, 0, 0, 0
2900363,0.00, 100.00, 0.00, 2.45, 0, 0, 0
3233800,0.00, 100.00, 0.00, 2.45, 0, 0, 0
3150321,0.00, 100.00, 0.00, 2.45, 0, 0, 0
2784976,0.00, 100.00, 0.00, 2.45, 0, 0, 0
2838129,0.00, 100.00, 0.00, 2.45, 0, 0, 0
2844762,0.00, 100.00, 0.00, 2.45, 0, 0, 0
2849180,0.00, 100.00, 0.00, 2.45, 0, 0, 0
5444522,0.00, 100.00, 0.00, 2.45, 0, 0, 0
2911763,0.00, 100.00, 0.00, 2.45, 0, 0, 0
2958309,0.00, 100.00, 0.00, 2.45, 0, 0, 0
2839147,0.00, 100.00, 0.00, 2.45, 0, 0, 0
3160006,0.00, 100.00, 0.00, 2.45, 0, 0, 0
3571380,0.00, 100.00, 0.00, 2.45, 0, 0, 0
3301371,0.00, 100.00, 0.00, 2.45, 0, 0, 0
2998643,0.00, 100.00, 0.00, 2.45, 0, 0, 0
3089452,0.00, 100.00, 0.00, 2.45, 0, 0, 0
3117150,0.00, 100.00, 0.00, 2.45, 0, 0, 0
5444522,0.00, 100.00, 0.00, 2.45, 0, 0, 0
3468514,0.00, 100.00, 0.00, 2.45, 0, 0, 0
3224916,0.00, 100.00, 0.00, 2.45, 0, 0, 0
3218288,0.00, 100.00, 0.00, 2.45, 0, 0, 0
3599984,0.00, 100.00, 0.00, 2.45, 0, 0, 0
3746365,0.00, 100.00, 0.00, 2.45, 0, 0, 0
3877264,0.00, 100.00, 0.00, 2.45, 0, 0, 0
3386700,0.00, 100.00, 0.00, 2.45, 0, 0, 0
3200978,0.00, 100.00, 0.00, 2.45, 0, 0, 0
3398733,0.00, 100.00, 0.00, 2.45, 0, 0, 0
5444522,0.00, 100.00, 0.00, 2.45, 0, 0, 0
3502958,0.00, 100.00, 0.00, 2.45, 0, 0, 0
3419834,0.00, 100.00, 0.00, 2.45, 0, 0, 0
3408171,0.00, 100.00, 0.00, 2.45, 0, 0, 0
3540281,0.00, 100.00, 0.00, 2.45, 0, 0, 0
3466154,0.00, 100.00, 0.00, 2.45, 0, 0, 0
3345770,0.00, 100.00, 0.00, 2.45, 0, 0, 0
3106566,0.00, 100.00, 0.00, 2.45, 0, 0, 0
3101220,0.00, 100.00, 0.00, 2.45, 0, 0, 0
3343784,0.00, 100.00, 0.00, 2.45, 0, 0, 0
5444522,0.00, 100.00, 0.00, 2.45, 0, 0, 0
3212374,0.00, 100.00, 0.00, 2.45, 0, 0, 0
3114059,0.00, 100.00, 0.00, 2.45, 0, 0, 0
3577239,0.00, 100.00, 0.00, 2.45, 0, 0, 0
3188109,0.00, 100.00, 0.00, 2.45, 0, 0, 0
3391504,0.00, 100.00, 0.00, 2.45, 0, 0, 0
3667293,0.00, 100.00, 0.00, 2.45, 0, 0, 0
3168413,0.00, 100.00, 0.00, 2.45, 0, 0, 0
3155029,0.00, 100.00, 0.00, 2.45, 0, 0, 0
3245558,0.00, 100.00, 0.00, 2.45, 0, 0, 0
5444522,0.00, 100.00, 0.00, 2.45, 0, 0, 0
3301515,0.00, 100.00, 0.00, 2.45, 0, 0, 0
3584063,0.00, 100.00, 0.00, 2.45, 0, 0, 0
3714689,0.00, 100.00, 0.00, 2.45, 0, 0, 0
3216328,0.00, 100.00, 0.00, 2.45, 0, 0, 0
3520860,0.00, 100.00, 0.00, 2.45, 0, 0, 0
3626449,0.00, 100.00, 0.00, 2.45, 0, 0, 0
3203691,0.00, 100.00, 0.00, 2.45, 0, 0, 0
3282055,0.00, 100.00, 0.00, 2.45, 0, 0, 0
3287275,0.00, 100.00, 0.00, 2.45, 0, 0, 0
5444522,0.00, 100.00, 0.00, 2.45, 0, 0, 0
3103625,0.00, 100.00, 0.00, 2.45, 0, 0, 0
3726949,0.00, 100.00, 0.00, 2.45, 0, 0, 0
3122410,0.00, 100.00, 0.00, 2.45, 0, 0, 0
3165202,0.00, 100.00, 0.00, 2.45, 0, 0, 0
3426048,0.00, 100.00, 0.00, 2.45, 0, 0, 0
3544178,0.00, 100.00, 0.00, 2.45, 0, 0, 0
3161119,0.00, 100.00, 0.00, 2.45, 0, 0, 0
3163859,0.00, 100.00, 0.00, 2.45, 0, 0, 0
3235116,0.00, 100.00, 0.00, 2.45, 0, 0, 0
5444522,0.00, 100.00, 0.00, 2.45, 0, 0, 0
3470375,0.00, 100.00, 0.00, 2.45, 0, 0, 0
3830053,0.00, 100.00, 0.00, 2.45, 0, 0, 0
3377633,0.00, 100.00, 0.00, 2.45, 0, 0, 0
3222273,0.00, 100.00, 0.00, 2.45, 0, 0, 0
3445598,0.00, 100.00, 0.00, 2.45, 0, 0, 0
3565668,0.00, 100.00, 0.00, 2.45, 0, 0, 0
3093734,0.00, 100.00, 0.00, 2.45, 0, 0, 0
3326995,0.00, 100.00, 0.00, 2.45, 0, 0, 0
3158197,0.00, 100.00, 0.00, 2.45, 0, 0, 0
5444522,0.00, 100.00, 0.00, 2.45, 0, 0, 0
3795129,0.00, 100.00, 0.00, 2.45, 0, 0, 0
3462569,0.00, 100.00, 0.00, 2.45, 0, 0, 0
3262487,0.00, 100.00, 0.00, 2.45, 0, 0, 0
3145065,0.00, 100.00, 0.00, 2.45, 0, 0, 0
3439073,0.00, 100.00, 0.00, 2.45, 0, 0, 0
3276452,0.00, 100.00, 0.00, 2.45, 0, 0, 0
3193710,0.00, 100.00, 0.00, 2.45, 0, 0, 0
3076624,0.00, 100.00, 0.00, 2.45, 0, 0, 0
3261306,0.00, 100.00, 0.00, 2.45, 0, 0, 0
5444522,0.00, 100.00, 0.00, 2.45, 0, 0, 0
3728336,0.00, 100.00, 0.00, 2.45, 0, 0, 0
3222952,0.00, 100.00, 0.00, 2.45, 0, 0, 0
3083318,0.00, 100.00, 0.00, 2.45, 0, 0, 0
3104220,0.00, 100.00, 0.00, 2.45, 0, 0, 0
3256472,0.00, 100.00, 0.00, 2.45, 0, 0, 0
3287897,0.00, 100.00, 0.00, 2.45, 0, 0, 0
3178057,0.00, 100.00, 0.00, 2.45, 0, 0, 0
3092994,0.00, 100.00, 0.00, 2.45, 0, 0, 0
3543542,0.00, 100.00, 0.00, 2.45, 0, 0, 0
5444522,0.00, 100.00, 0.00, 2.45, 0, 0, 0
3331244,0.00, 100.00, 0.00, 2.45, 0, 0, 0
3165415,0.00, 100.00, 0.00, 2.45, 0, 0, 0
3427982,0.00, 100.00, 0.00, 2.45, 0, 0, 0
3121246,0.00, 100.00, 0.00, 2.45, 0, 0, 0
3651207,0.00, 100.00, 0.00, 2.45, 0, 0, 0
3478126,0.00, 100.00, 0.00, 2.45, 0, 0, 0
3140411,0.00, 100.00, 0.00, 2.45, 0, 0, 0
3301231,0.00, 100.00, 0.00, 2.45, 0, 0, 0
3396400,0.00, 100.00, 0.00, 2.45, 0, 0, 0
5444522,0.00, 100.00, 0.00, 2.45, 0, 0, 0
3398505,0.00, 100.00, 0.00, 2.45, 0, 0, 0
3318948,0.00, 100.00, 0.00, 2.45, 0, 0, 0
3413239,0.00, 100.00, 0.00, 2.45, 0, 0, 0
3286713,0.00, 100.00, 0.00, 2.45, 0, 0, 0
3373381,0.00, 100.00, 0.00, 2.45, 0, 0, 0
3440359,0.00, 100.00, 0.00, 2.45, 0, 0, 0
3183653,0.00, 100.00, 0.00, 2.45, 0, 0, 0
3309500,0.00, 100.00, 0.00, 2.45, 0, 0, 0
3939224,0.00, 100.00, 0.00, 2.45, 0, 0, 0
5444522,0.00, 100.00, 0.00, 2.45, 0, 0, 0
3427048,0.00, 100.00, 0.00, 2.45, 0, 0, 0
3243428,0.00, 100.00, 0.00, 2.45, 0, 0, 0
3345896,0.00, 100.00, 0.00, 2.45, 0, 0, 0
3428363,0.00, 100.00, 0.00, 2.45, 0, 0, 0
3474993,0.00, 100.00, 0.00, 2.45, 0, 0, 0
3422000,0.00, 100.00, 0.00, 2.45, 0, 0, 0
3556862,0.00, 100.00, 0.00, 2.45, 0, 0, 0
3645801,0.00, 100.00, 0.00, 2.45, 0, 0, 0
3184053,0.00, 100.00, 0.00, 2.45, 0, 0, 0
5444522,0.00, 100.00, 0.00, 2.45, 0, 0, 0
3281668,0.00, 100.00, 0.00, 2.45, 0, 0, 0
3204619,0.00, 100.00, 0.00, 2.45, 0, 0, 0
3212250,0.00, 100.00, 0.00, 2.45, 0, 0, 0
3258115,0.00, 100.00, 0.00, 2.45, 0, 0, 0
3181378,0.00, 100.00, 0.00, 2.45, 0, 0, 0
3032495,0.00, 100.00, 0.00, 2.45, 0, 0, 0
3578017,0.00, 100.00, 0.00, 2.45, 0, 0, 0
3232006,0.00, 100.00, 0.00, 2.45, 0, 0, 0
3386782,0.00, 100.00, 0.00, 2.45, 0, 0, 0
5444522,0.00, 100.00, 0.00, 2.45, 0, 0, 0
3440707,0.00, 100.00, 0.00, 2.45, 0, 0, 0
3368533,0.00, 100.00, 0.00, 2.45, 0, 0, 0
3393111,0.00, 100.00, 0.00, 2.45, 0, 0, 0
3396469,0.00, 100.00, 0.00, 2.45, 0, 0, 0
3293869,0.00, 100.00, 0.00, 2.45, 0, 0, 0
3302013,0.00, 100.00, 0.00, 2.45, 0, 0, 0
3707977,0.00, 100.00, 0.00, 2.45, 0, 0, 0
3327374,0.00, 100.00, 0.00, 2.45, 0, 0, 0
3355443,0.00, 100.00, 0.00, 2.45, 0, 0, 0
5444522,0.00, 100.00, 0.00, 2.45, 0, 0, 0
3328750,0.00, 100.00, 0.00, 2.45, 0, 0, 0
3307665,0.00, 100.00, 0.00, 2.45, 0, 0, 0
3433627,0.00, 100.00, 0.00, 2.45, 0, 0, 0
3168150,0.00, 100.00, 0.00, 2.45, 0, 0, 0
3236187,0.00, 100.00, 0.00, 2.45, 0, 0, 0
3477705,0.00, 100.00, 0.00, 2.45, 0, 0, 0
3288537,0.00, 100.00, 0.00, 2.45, 0, 0, 0
3184352,0.00, 100.00, 0.00, 2.45, 0, 0, 0
3308501,0.00, 100.00, 0.00, 2.45, 0, 0, 0
5444522,0.00, 100.00, 0.00, 2.45, 0, 0, 0
3407371,0.00, 100.00, 0.00, 2.45, 0, 0, 0
3271493,0.00, 100.00, 0.00, 2.45, 0, 0, 0
3206305,0.00, 100.00, 0.00, 2.45, 0, 0, 0
3183005,0.00, 100.00, 0.00, 2.45, 0, 0, 0
3434993,0.00, 100.00, 0.00, 2.45, 0, 0, 0
3453379,0.00, 100.00, 0.00, 2.45, 0, 0, 0
3292373,0.00, 100.00, 0.00, 2.45, 0, 0, 0
3267547,0.00, 100.00, 0.00, 2.45, 0, 0, 0
3275404,0.00, 100.00, 0.00, 2.45, 0, 0, 0
5444522,0.00, 100.00, 0.00, 2.45, 0, 0, 0
3332160,0.00, 100.00, 0.00, 2.45, 0, 0, 0
3322432,0.00, 100.00, 0.00, 2.45, 0, 0, 0
3249478,0.00, 100.00, 0.00, 2.45, 0, 0, 0
3209476,0.00, 100.00, 0.00, 2.45, 0, 0, 0
3495795,0.00, 100.00, 0.00, 2.45, 0, 0, 0
3727292,0.00, 100.00, 0.00, 2.45, 0, 0, 0
3302750,0.00, 100.00, 0.00, 2.45, 0, 0, 0
3222100,0.00, 100.00, 0.00, 2.45, 0, 0, 0
3527046,0.00, 100.00, 0.00, 2.45, 0, 0, 0
5444522,0.00, 100.00, 0.00, 2.45, 0, 0, 0
3428888,0.00, 100.00, 0.00, 2.45, 0, 0, 0
3276330,0.00, 100.00, 0.00, 2.45, 0, 0, 0
3121707,0.00, 100.00, 0.00, 2.45, 0, 0, 0
3547496,0.00, 100.00, 0.00, 2.45, 0, 0, 0
3466080,0.00, 100.00, 0.00, 2.45, 0, 0, 0
3241398,0.00, 100.00, 0.00, 2.45, 0, 0, 0
3248412,0.00, 100.00, 0.00, 2.45, 0, 0, 0
3125214,0.00, 100.00, 0.00, 2.45, 0, 0, 0
3297738,0.00, 100.00, 0.00, 2.45, 0, 0, 0
5444522,0.00, 100.00, 0.00, 2.45, 0, 0, 0
3340784,0.00, 100.00, 0.00, 2.45, 0, 0, 0
3255790,0.00, 100.00, 0.00, 2.45, 0, 0, 0
3148730,0.00, 100.00, 0.00, 2.45, 0, 0, 0
3322848,0.00, 100.00, 0.00, 2.45, 0, 0, 0
3624167,0.00, 100.00, 0.00, 2.45, 0, 0, 0
3307522,0.00, 100.00, 0.00, 2.45, 0, 0, 0
3259690,0.00, 100.00, 0.00, 2.45, 0, 0, 0
3172098,0.00, 100.00, 0.00, 2.45, 0, 0, 0
3330069,0.00, 100.00, 0.00, 2.45, 0, 0, 0
5444522,0.00, 100.00, 0.00, 2.45, 0, 0, 0
3463133,0.00, 100.00, 0.00, 2.45, 0, 0, 0
3164136,0.00, 100.00, 0.00, 2.45, 0, 0, 0
3473177,0.00, 100.00, 0.00, 2.45, 0, 0, 0
3630730,0.00, 100.00, 0.00, 2.45, 0, 0, 0
3348935,0.00, 100.00, 0.00, 2.45, 0, 0, 0
3440350,0.00, 100.00, 0.00, 2.45, 0, 0, 0
3428761,0.00, 100.00, 0.00, 2.45, 0, 0, 0
3442136,0.00, 100.00, 0.00, 2.45, 0, 0, 0
4244432,0.00, 100.00, 0.00, 2.45, 0, 0, 0
5444522,0.00, 100.00, 0.00, 2.45, 0, 0, 0
3404645,0.00, 100.00, 0.00, 2.45, 0, 0, 0
3153912,0.00, 100.00, 0.00, 2.45, 0, 0, 0
3675096,0.00, 100.00, 0.00, 2.45, 0, 0, 0
3272419,0.00, 100.00, 0.00, 2.45, 0, 0, 0
3230818,0.00, 100.00, 0.00, 2.45, 0, 0, 0
3099256,0.00, 100.00, 0.00, 2.45, 0, 0, 0
3203165,0.00, 100.00, 0.00, 2.45, 0, 0, 0
3644518,0.00, 100.00, 0.00, 2.45, 0, 0, 0
3644531,0.00, 100.00, 0.00, 2.45, 0, 0, 0
5444522,0.00, 100.00, 0.00, 2.45, 0, 0, 0
3310894,0.00, 100.00, 0.00, 2.45, 0, 0, 0
3575718,0.00, 100.00, 0.00, 2.45, 0, 0, 0
3558270,0.00, 100.00, 0.00, 2.45, 0, 0, 0
3467905,0.00, 100.00, 0.00, 2.45, 0, 0, 0
3274174,0.00, 100.00, 0.00, 2.45, 0, 0, 0
3154458,0.00, 100.00, 0.00, 2.45, 0, 0, 0
3313875,0.00, 100.00, 0.00, 2.45, 0, 0, 0
3350599,0.00, 100.00, 0.00, 2.45, 0, 0, 0
3333210,0.00, 100.00, 0.00, 2.45, 0, 0, 0
5444522,0.00, 100.00, 0.00, 2.45, 0, 0, 0
3170737,0.00, 100.00, 0.00, 2.45, 0, 0, 0
3431218,0.00, 100.00, 0.00, 2.45, 0, 0, 0
3685421,0.00, 100.00, 0.00, 2.45, 0, 0, 0
3609984,0.00, 100.00, 0.00, 2.45, 0, 0, 0
3269380,0.00, 100.00, 0.00, 2.45, 0, 0, 0
3229917,0.00, 100.00, 0.00, 2.45, 0, 0, 0
3138308,0.00, 100.00, 0.00, 2.45, 0, 0, 0
3306682,0.00, 100.00, 0.00, 2.45, 0, 0, 0
3201110,0.00, 100.00, 0.00, 2.45, 0, 0, 0
5444522,0.00, 100.00, 0.00, 2.45, 0, 0, 0
3568840,0.00, 100.00, 0.00, 2.45, 0, 0, 0
3455754,0.00, 100.00, 0.00, 2.45, 0, 0, 0
3308520,0.00, 100.00, 0.00, 2.45, 0, 0, 0
3268095,0.00, 100.00, 0.00, 2.45, 0, 0, 0
3360020,0.00, 100.00, 0.00, 2.45, 0, 0, 0
3320720,0.00, 100.00, 0.00, 2.45, 0, 0, 0
3350370,0.00, 100.00, 0.00, 2.45, 0, 0, 0
3216525,0.00, 100.00, 0.00, 2.45, 0, 0, 0
3027496,0.00, 100.00, 0.00, 2.45, 0, 0, 0
5444522,0.00, 100.00, 0.00, 2.45, 0, 0, 0
3981191,0.00, 100.00, 0.00, 2.45, 0, 0, 0
3162993,0.00, 100.00, 0.00, 2.45, 0, 0, 0
3199507,0.00, 100.00, 0.00, 2.45, 0, 0, 0
3264139,0.00, 100.00, 0.00, 2.45, 0, 0, 0
3255643,0.00, 100.00, 0.00, 2.45, 0, 0, 0
3361944,0.00, 100.00, 0.00, 2.45, 0, 0, 0
3301122,0.00, 100.00, 0.00, 2.45, 0, 0, 0
3251277,0.00, 100.00, 0.00, 2.45, 0, 0, 0
3265574,0.00, 100.00, 0.00, 2.45, 0, 0, 0
5444522,0.00, 100.00, 0.00, 2.45, 0, 0, 0
3877502,0.00, 100.00, 0.00, 2.45, 0, 0, 0
3186219,0.00, 100.00, 0.00, 2.45, 0, 0, 0
3829785,0.00, 100.00, 0.00, 2.45, 0, 0, 0
3343323,0.00, 100.00, 0.00, 2.45, 0, 0, 0
3264048,0.00, 100.00, 0.00, 2.45, 0, 0, 0
3278275,0.00, 100.00, 0.00, 2.45, 0, 0, 0
3381767,0.00, 100.00, 0.00, 2.45, 0, 0, 0
3277526,0.00, 100.00, 0.00, 2.45, 0, 0, 0
3503219,0.00, 100.00, 0.00, 2.45, 0, 0, 0
5444522,0.00, 100.00, 0.00, 2.45, 0, 0, 0
3486255,0.00, 100.00, 0.00, 2.45, 0, 0, 0
3456714,0.00, 100.00, 0.00, 2.45, 0, 0, 0
3310755,0.00, 100.00, 0.00, 2.45, 0, 0, 0
3493985,0.00, 100.00, 0.00, 2.45, 0, 0, 0
-996660834,0.00, 100.00, 0.00, 2.45, 0, 0, 0
3362835,0.00, 100.00, 0.00, 2.45, 0, 0, 0
3218186,0.00, 100.00, 0.00, 2.45, 0, 0, 0
3397382,0.00, 100.00, 0.00, 2.45, 0, 0, 0
3713299,0.00, 100.00, 0.00, 2.45, 0, 0, 0
5444522,0.00, 100.00, 0.00, 2.45, 0, 0, 0
3441906,0.00, 100.00, 0.00, 2.45, 0, 0, 0
3358039,0.00, 100.00, 0.00, 2.45, 0, 0, 0
3449689,0.00, 100.00, 0.00, 2.45, 0, 0, 0
3236436,0.00, 100.00, 0.00, 2.45, 0, 0, 0
3441206,0.00, 100.00, 0.00, 2.45, 0, 0, 0
3231476,0.00, 100.00, 0.00, 2.45, 0, 0, 0
3547520,0.00, 100.00, 0.00, 2.45, 0, 0, 0
3627534,0.00, 100.00, 0.00, 2.45, 0, 0, 0
3152816,0.00, 100.00, 0.00, 2.45, 0, 0, 0
5444522,0.00, 100.00, 0.00, 2.45, 0, 0, 0
3338553,0.00, 100.00, 0.00, 2.45, 0, 0, 0
3288428,0.00, 100.00, 0.00, 2.45, 0, 0, 0
3078486,0.00, 100.00, 0.00, 2.45, 0, 0, 0
2923757,0.00, 100.00, 0.00, 2.45, 0, 0, 0
2837956,0.00, 100.00, 0.00, 2.45, 0, 0, 0
2800489,0.00, 100.00, 0.00, 2.45, 0, 0, 0
3107777,0.00, 100.00, 0.00, 2.45, 0, 0, 0
3008591,0.00, 100.00, 0.00, 2.45, 0, 0, 0
2680396,0.00, 100.00, 0.00, 2.45, 0, 0, 0
5444522,0.00, 100.00, 0.00, 2.45, 0, 0, 0
2689641,0.00, 100.00, 0.00, 2.45, 0, 0, 0
2747629,0.00, 100.00, 0.00, 2.45, 0, 0, 0
2684010,0.00, 100.00, 0.00, 2.45, 0, 0, 0
2681035,0.00, 100.00, 0.00, 2.45, 0, 0, 0
2913775,0.00, 100.00, 0.00, 2.45, 0, 0, 0
2910029,0.00, 100.00, 0.00, 2.45, 0, 0, 0
2711165,0.00, 100.00, 0.00, 2.45, 0, 0, 0
2973567,0.00, 100.00, 0.00, 2.45, 0, 0, 0
3240262,0.00, 100.00, 0.00, 2.45, 0, 0, 0
5444522,0.00, 100.00, 0.00, 2.45, 0, 0, 0
2985843,0.00, 100.00, 0.00, 2.45, 0, 0, 0
2858460,0.00, 100.00, 0.00, 2.45, 0, 0, 0
2848566,0.00, 100.00, 0.00, 2.45, 0, 0, 0
2829455,0.00, 100.00, 0.00, 2.45, 0, 0, 0
2839056,0.00, 100.00, 0.00, 2.45, 0, 0, 0
2808203,0.00, 100.00, 0.00, 2.45, 0, 0, 0
3005771,0.00, 100.00, 0.00, 2.45, 0, 0, 0
3046853,0.00, 100.00, 0.00, 2.45, 0, 0, 0
2925088,0.00, 100.00, 0.00, 2.45, 0, 0, 0
5444522,0.00, 100.00, 0.00, 2.45, 0, 0, 0
2787176,0.00, 100.00, 0.00, 2.45, 0, 0, 0
2850260,0.00, 100.00, 0.00, 2.45, 0, 0, 0
2843562,0.00, 100.00, 0.00, 2.45, 0, 0, 0
2696103,0.00, 100.00, 0.00, 2.45, 0, 0, 0
2726336,0.00, 100.00, 0.00, 2.45, 0, 0, 0
2975706,0.00, 100.00, 0.00, 2.45, 0, 0, 0
3015734,0.00, 100.00, 0.00, 2.45, 0, 0, 0
2897074,0.00, 100.00, 0.00, 2.45, 0, 0, 0
2784396,0.00, 100.00, 0.00, 2.45, 0, 0, 0
5444522,0.00, 100.00, 0.00, 2.45, 0, 0, 0
3074312,0.00, 100.00, 0.00, 2.45, 0, 0, 0
3599346,0.00, 100.00, 0.00, 2.45, 0, 0, 0
3090125,0.00, 100.00, 0.00, 2.45, 0, 0, 0
3060792,0.00, 100.00, 0.00, 2.45, 0, 0, 0
3134353,0.00, 100.00, 0.00, 2.45, 0, 0, 0
3266740,0.00, 100.00, 0.00, 2.45, 0, 0, 0
3248541,0.00, 100.00, 0.00, 2.45, 0, 0, 0
3058241,0.00, 100.00, 0.00, 2.45, 0, 0, 0
3247547,0.00, 100.00, 0.00, 2.45, 0, 0, 0
5444522,0.00, 100.00, 0.00, 2.45, 0, 0, 0
3350866,0.00, 100.00, 0.00, 2.45, 0, 0, 0
3291945,0.00, 100.00, 0.00, 2.45, 0, 0, 0
3846286,0.00, 100.00, 0.00, 2.45, 0, 0, 0
3353417,0.00, 100.00, 0.00, 2.45, 0, 0, 0
3305405,0.00, 100.00, 0.00, 2.45, 0, 0, 0
3540216,0.00, 100.00, 0.00, 2.45, 0, 0, 0
3456030,0.00, 100.00, 0.00, 2.45, 0, 0, 0
3263439,0.00, 100.00, 0.00, 2.45, 0, 0, 0
3358240,0.00, 100.00, 0.00, 2.45, 0, 0, 0
5444522,0.00, 100.00, 0.00, 2.45, 0, 0, 0
3590367,0.00, 100.00, 0.00, 2.45, 0, 0, 0
3826158,0.00, 100.00, 0.00, 2.45, 0, 0, 0
3392699,0.00, 100.00, 0.00, 2.45, 0, 0, 0
3123452,0.00, 100.00, 0.00, 2.45, 0, 0, 0
3244213,0.00, 100.00, 0.00, 2.45, 0, 0, 0
3246408,0.00, 100.00, 0.00, 2.45, 0, 0, 0
3093431,0.00, 100.00, 0.00, 2.45, 0, 0, 0
3168370,0.00, 100.00, 0.00, 2.45, 0, 0, 0
3782130,0.00, 100.00, 0.00, 2.45, 0, 0, 0
5444522,0.00, 100.00, 0.00, 2.45, 0, 0, 0
3352886,0.00, 100.00, 0.00, 2.45, 0, 0, 0
3979245,0.00, 100.00, 0.00, 2.45, 0, 0, 0
3190379,0.00, 100.00, 0.00, 2.45, 0, 0, 0
3177396,0.00, 100.00, 0.00, 2.45, 0, 0, 0
3516386,0.00, 100.00, 0.00, 2.45, 0, 0, 0
3144647,0.00, 100.00, 0.00, 2.45, 0, 0, 0
3137575,0.00, 100.00, 0.00, 2.45, 0, 0, 0
3618922,0.00, 100.00, 0.00, 2.45, 0, 0, 0
3592215,0.00, 100.00, 0.00, 2.45, 0, 0, 0
5444522,0.00, 100.00, 0.00, 2.45, 0, 0, 0
3589159,0.00, 100.00, 0.00, 2.45, 0, 0, 0
3729005,0.00, 100.00, 0.00, 2.45, 0, 0, 0
3208488,0.00, 100.00, 0.00, 2.45, 0, 0, 0
3021932,0.00, 100.00, 0.00, 2.45, 0, 0, 0
3263218,0.00, 100.00, 0.00, 2.45, 0, 0, 0
3194336,0.00, 100.00, 0.00, 2.45, 0, 0, 0
3275369,0.00, 100.00, 0.00, 2.45, 0, 0, 0
3552209,0.00, 100.00, 0.00, 2.45, 0, 0, 0
3249390,0.00, 100.00, 0.00, 2.45, 0, 0, 0
5444522,0.00, 100.00, 0.00, 2.45, 0, 0, 0
3584435,0.00, 100.00, 0.00, 2.45, 0, 0, 0
3443125,0.00, 100.00, 0.00, 2.45, 0, 0, 0
3249674,0.00, 100.00, 0.00, 2.45, 0, 0, 0
3061855,0.00, 100.00, 0.00, 2.45, 0, 0, 0
3158859,0.00, 100.00, 0.00, 2.45, 0, 0, 0
3025817,0.00, 100.00, 0.00, 2.45, 0, 0, 0
3450638,0.00, 100.00, 0.00, 2.45, 0, 0, 0
3554063,0.00, 100.00, 0.00, 2.45, 0, 0, 0
3218372,0.00, 100.00, 0.00, 2.45, 0, 0, 0
5444522,0.00, 100.00, 0.00, 2.45, 0, 0, 0
3560781,0.00, 100.00, 0.00, 2.45, 0, 0, 0
3445275,0.00, 100.00, 0.00, 2.45, 0, 0, 0
3247562,0.00, 100.00, 0.00, 2.45, 0, 0, 0
3072652,0.00, 100.00, 0.00, 2.45, 0, 0, 0
3238320,0.00, 100.00, 0.00, 2.45, 0, 0, 0
3195097,0.00, 100.00, 0.00, 2.45, 0, 0, 0
3677995,0.00, 100.00, 0.00, 2.45, 0, 0, 0
3343721,0.00, 100.00, 0.00, 2.45, 0, 0, 0
3032640,0.00, 100.00, 0.00, 2.45, 0, 0, 0
5444522,0.00, 100.00, 0.00, 2.45, 0, 0, 0
3559781,0.00, 100.00, 0.00, 2.45, 0, 0, 0
3903163,0.00, 100.00, 0.00, 2.45, 0, 0, 0
3378639,0.00, 100.00, 0.00, 2.45, 0, 0, 0
3062445,0.00, 100.00, 0.00, 2.45, 0, 0, 0
3132150,0.00, 100.00, 0.00, 2.45, 0, 0, 0
3465573,0.00, 100.00, 0.00, 2.45, 0, 0, 0
3760054,0.00, 100.00, 0.00, 2.45, 0, 0, 0
3520637,0.00, 100.00, 0.00, 2.45, 0, 0, 0
3496829,0.00, 100.00, 0.00, 2.45, 0, 0, 0
5444522,0.00, 100.00, 0.00, 2.45, 0, 0, 0
3445816,0.00, 100.00, 0.00, 2.45, 0, 0, 0
3281976,0.00, 100.00, 0.00, 2.45, 0, 0, 0
3257453,0.00, 100.00, 0.00, 2.45, 0, 0, 0
3011174,0.00, 100.00, 0.00, 2.45, 0, 0, 0
3546977,0.00, 100.00, 0.00, 2.45, 0, 0, 0
3622349,0.00, 100.00, 0.00, 2.45, 0, 0, 0
3326891,0.00, 100.00, 0.00, 2.45, 0, 0, 0
3117818,0.00, 100.00, 0.00, 2.45, 0, 0, 0
3408989,0.00, 100.00, 0.00, 2.45, 0, 0, 0
5444522,0.00, 100.00, 0.00, 2.45, 0, 0, 0
3479676,0.00, 100.00, 0.00, 2.45, 0, 0, 0
3518199,0.00, 100.00, 0.00, 2.45, 0, 0, 0
3216465,0.00, 100.00, 0.00, 2.45, 0, 0, 0
3358291,0.00, 100.00, 0.00, 2.45, 0, 0, 0
3369824,0.00, 100.00, 0.00, 2.45, 0, 0, 0
3717968,0.00, 100.00, 0.00, 2.45, 0, 0, 0
3437714,0.00, 100.00, 0.00, 2.45, 0, 0, 0
3488161,0.00, 100.00, 0.00, 2.45, 0, 0, 0
3460890,0.00, 100.00, 0.00, 2.45, 0, 0, 0
5444522,0.00, 100.00, 0.00, 2.45, 0, 0, 0
3442466,0.00, 100.00, 0.00, 2.45, 0, 0, 0
3167284,0.00, 100.00, 0.00, 2.45, 0, 0, 0
3082323,0.00, 100.00, 0.00, 2.45, 0, 0, 0
3431014,0.00, 100.00, 0.00, 2.45, 0, 0, 0
3512067,0.00, 100.00, 0.00, 2.45, 0, 0, 0
3644624,0.00, 100.00, 0.00, 2.45, 0, 0, 0
3241847,0.00, 100.00, 0.00, 2.45, 0, 0, 0
3156603,0.00, 100.00, 0.00, 2.45, 0, 0, 0
3438985,0.00, 100.00, 0.00, 2.45, 0, 0, 0
5444522,0.00, 100.00, 0.00, 2.45, 0, 0, 0
3398650,0.00, 100.00, 0.00, 2.45, 0, 0, 0
3312287,0.00, 100.00, 0.00, 2.45, 0, 0, 0
3171480,0.00, 100.00, 0.00, 2.45, 0, 0, 0
3649988,0.00, 100.00, 0.00, 2.45, 0, 0, 0
3473648,0.00, 100.00, 0.00, 2.45, 0, 0, 0
3745665,0.00, 100.00, 0.00, 2.45, 0, 0, 0
3373397,0.00, 100.00, 0.00, 2.45, 0, 0, 0
3211639,0.00, 100.00, 0.00, 2.45, 0, 0, 0
3370453,0.00, 100.00, 0.00, 2.45, 0, 0, 0
5444522,0.00, 100.00, 0.00, 2.45, 0, 0, 0
3530172,0.00, 100.00, 0.00, 2.45, 0, 0, 0
3217937,0.00, 100.00, 0.00, 2.45, 0, 0, 0
3472298,0.00, 100.00, 0.00, 2.45, 0, 0, 0
3568986,0.00, 100.00, 0.00, 2.45, 0, 0, 0
3402683,0.00, 100.00, 0.00, 2.45, 0, 0, 0
3383805,0.00, 100.00, 0.00, 2.45, 0, 0, 0
3256318,0.00, 100.00, 0.00, 2.45, 0, 0, 0
3231804,0.00, 100.00, 0.00, 2.45, 0, 0, 0
3169451,0.00, 100.00, 0.00, 2.45, 0, 0, 0
5444522,0.00, 100.00, 0.00, 2.45, 0, 0, 0
3166511,0.00, 100.00, 0.00, 2.45, 0, 0, 0
3438614,0.00, 100.00, 0.00, 2.45, 0, 0, 0
3545850,0.00, 100.00, 0.00, 2.45, 0, 0, 0
3190764,0.00, 100.00, 0.00, 2.45, 0, 0, 0
3262324,0.00, 100.00, 0.00, 2.45, 0, 0, 0
3546799,0.00, 100.00, 0.00, 2.45, 0, 0, 0
3372669,0.00, 100.00, 0.00, 2.45, 0, 0, 0
3081459,0.00, 100.00, 0.00, 2.45, 0, 0, 0
3322963,0.00, 100.00, 0.00, 2.45, 0, 0, 0
5444522,0.00, 100.00, 0.00, 2.45, 0, 0, 0
3109782,0.00, 100.00, 0.00, 2.45, 0, 0, 0
3443555,0.00, 100.00, 0.00, 2.45, 0, 0, 0
3469707,0.00, 100.00, 0.00, 2.45, 0, 0, 0
3194348,0.00, 100.00, 0.00, 2.45, 0, 0, 0
3364574,0.00, 100.00, 0.00, 2.45, 0, 0, 0
3543426,0.00, 100.00, 0.00, 2.45, 0, 0, 0
3577188,0.00, 100.00, 0.00, 2.45, 0, 0, 0
3209095,0.00, 100.00, 0.00, 2.45, 0, 0, 0
3397103,0.00, 100.00, 0.00, 2.45, 0, 0, 0
5444522,0.00, 100.00, 0.00, 2.45, 0, 0, 0
3728070,0.00, 100.00, 0.00, 2.45, 0, 0, 0
3788003,0.00, 100.00, 0.00, 2.45, 0, 0, 0
3316859,0.00, 100.00, 0.00, 2.45, 0, 0, 0
3223254,0.00, 100.00, 0.00, 2.45, 0, 0, 0
3187283,0.00, 100.00, 0.00, 2.45, 0, 0, 0
3185594,0.00, 100.00, 0.00, 2.45, 0, 0, 0
3269870,0.00, 100.00, 0.00, 2.45, 0, 0, 0
3075683,0.00, 100.00, 0.00, 2.45, 0, 0, 0
3106041,0.00, 100.00, 0.00, 2.45, 0, 0, 0
5444522,0.00, 100.00, 0.00, 2.45, 0, 0, 0
3689355,0.00, 100.00, 0.00, 2.45, 0, 0, 0
3669707,0.00, 100.00, 0.00, 2.45, 0, 0, 0
3357981,0.00, 100.00, 0.00, 2.45, 0, 0, 0
3182462,0.00, 100.00, 0.00, 2.45, 0, 0, 0
3363606,0.00, 100.00, 0.00, 2.45, 0, 0, 0
3613478,0.00, 100.00, 0.00, 2.45, 0, 0, 0
3248132,0.00, 100.00, 0.00, 2.45, 0, 0, 0
3111624,0.00, 100.00, 0.00, 2.45, 0, 0, 0
3101635,0.00, 100.00, 0.00, 2.45, 0, 0, 0
5444522,0.00, 100.00, 0.00, 2.45, 0, 0, 0
3981110,0.00, 100.00, 0.00, 2.45, 0, 0, 0
3205431,0.00, 100.00, 0.00, 2.45, 0, 0, 0
3380153,0.00, 100.00, 0.00, 2.45, 0, 0, 0
3053453,0.00, 100.00, 0.00, 2.45, 0, 0, 0
3266698,0.00, 100.00, 0.00, 2.45, 0, 0, 0
3448134,0.00, 100.00, 0.00, 2.45, 0, 0, 0
3516920,0.00, 100.00, 0.00, 2.45, 0, 0, 0
3308851,0.00, 100.00, 0.00, 2.45, 0, 0, 0
3227341,0.00, 100.00, 0.00, 2.45, 0, 0, 0
5444522,0.00, 100.00, 0.00, 2.45, 0, 0, 0
3297906,0.00, 100.00, 0.00, 2.45, 0, 0, 0
3390953,0.00, 100.00, 0.00, 2.45, 0, 0, 0
3409763,0.00, 100.00, 0.00, 2.45, 0, 0, 0
3197078,0.00, 100.00, 0.00, 2.45, 0, 0, 0
3273387,0.00, 100.00, 0.00, 2.45, 0, 0, 0
3391830,0.00, 100.00, 0.00, 2.45, 0, 0, 0
3231439,0.00, 100.00, 0.00, 2.45, 0, 0, 0
3061613,0.00, 100.00, 0.00, 2.45, 0, 0, 0
3469424,0.00, 100.00, 0.00, 2.45, 0, 0, 0
5444522,0.00, 100.00, 0.00, 2.45, 0, 0, 0
3487465,0.00, 100.00, 0.00, 2.45, 0, 0, 0
3090885,0.00, 100.00, 0.00, 2.45, 0, 0, 0
3180478,0.00, 100.00, 0.00, 2.45, 0, 0, 0
3138279,0.00, 100.00, 0.00, 2.45, 0, 0, 0
3244507,0.00, 100.00, 0.00, 2.45, 0, 0, 0
3361459,0.00, 100.00, 0.00, 2.45, 0, 0, 0
3195954,0.00, 100.00, 0.00, 2.45, 0, 0, 0
3392676,0.00, 100.00, 0.00, 2.45, 0, 0, 0
3565741,0.00, 100.00, 0.00, 2.45, 0, 0, 0
5444522,0.00, 100.00, 0.00, 2.45, 0, 0, 0
3411789,0.00, 100.00, 0.00, 2.45, 0, 0, 0
3368842,0.00, 100.00, 0.00, 2.45, 0, 0, 0
3255964,0.00, 100.00, 0.00, 2.45, 0, 0, 0
3530426,0.00, 100.00, 0.00, 2.45, 0, 0, 0
3394280,0.00, 100.00, 0.00, 2.45, 0, 0, 0
3230318,0.00, 100.00, 0.00, 2.45, 0, 0, 0
3065578,0.00, 100.00, 0.00, 2.45, 0, 0, 0
3647732,0.00, 100.00, 0.00, 2.45, 0, 0, 0
3826493,0.00, 100.00, 0.00, 2.45, 0, 0, 0
5444522,0.00, 100.00, 0.00, 2.45, 0, 0, 0
3739344,0.00, 100.00, 0.00, 2.45, 0, 0, 0
3255983,0.00, 100.00, 0.00, 2.45, 0, 0, 0
3365438,0.00, 100.00, 0.00, 2.45, 0, 0, 0
3397600,0.00, 100.00, 0.00, 2.45, 0, 0, 0
3201489,0.00, 100.00, 0.00, 2.45, 0, 0, 0
3325485,0.00, 100.00, 0.00, 2.45, 0, 0, 0
3587756,0.00, 100.00, 0.00, 2.45, 0, 0, 0
3528792,0.00, 100.00, 0.00, 2.45, 0, 0, 0
3606379,0.00, 100.00, 0.00, 2.45, 0, 0, 0
5444522,0.00, 100.00, 0.00, 2.45, 0, 0, 0
3423964,0.00, 100.00, 0.00, 2.45, 0, 0, 0
3167344,0.00, 100.00, 0.00, 2.45, 0, 0, 0
3398089,0.00, 100.00, 0.00, 2.45, 0, 0, 0
3445701,0.00, 100.00, 0.00, 2.45, 0, 0, 0
3160426,0.00, 100.00, 0.00, 2.45, 0, 0, 0
3590425,0.00, 100.00, 0.00, 2.45, 0, 0, 0
3532819,0.00, 100.00, 0.00, 2.45, 0, 0, 0
3119629,0.00, 100.00, 0.00, 2.45, 0, 0, 0
3387125,0.00, 100.00, 0.00, 2.45, 0, 0, 0
5444522,0.00, 100.00, 0.00, 2.45, 0, 0, 0
3356230,0.00, 100.00, 0.00, 2.45, 0, 0, 0
3247703,0.00, 100.00, 0.00, 2.45, 0, 0, 0
3076606,0.00, 100.00, 0.00, 2.45, 0, 0, 0
3181753,0.00, 100.00, 0.00, 2.45, 0, 0, 0
3205584,0.00, 100.00, 0.00, 2.45, 0, 0, 0
3537402,0.00, 100.00, 0.00, 2.45, 0, 0, 0
3215574,0.00, 100.00, 0.00, 2.45, 0, 0, 0
3077288,0.00, 100.00, 0.00, 2.45, 0, 0, 0
3427222,0.00, 100.00, 0.00, 2.45, 0, 0, 0
5444522,0.00, 100.00, 0.00, 2.45, 0, 0, 0
3489461,0.00, 100.00, 0.00, 2.45, 0, 0, 0
3271987,0.00, 100.00, 0.00, 2.45, 0, 0, 0
3215532,0.00, 100.00, 0.00, 2.45, 0, 0, 0
3090114,0.00, 100.00, 0.00, 2.45, 0, 0, 0
3337337,0.00, 100.00, 0.00, 2.45, 0, 0, 0
-996270176,0.00, 100.00, 0.00, 2.45, 0, 0, 0
3535780,0.00, 100.00, 0.00, 2.45, 0, 0, 0
3192883,0.00, 100.00, 0.00, 2.45, 0, 0, 0
3635441,0.00, 100.00, 0.00, 2.45, 0, 0, 0
5444522,0.00, 100.00, 0.00, 2.45, 0, 0, 0
3338245,0.00, 100.00, 0.00, 2.45, 0, 0, 0
3257479,0.00, 100.00, 0.00, 2.45, 0, 0, 0
3085244,0.00, 100.00, 0.00, 2.45, 0, 0, 0
3486770,0.00, 100.00, 0.00, 2.45, 0, 0, 0
3526534,0.00, 100.00, 0.00, 2.45, 0, 0, 0
3340897,0.00, 100.00, 0.00, 2.45, 0, 0, 0
3237400,0.00, 100.00, 0.00, 2.45, 0, 0, 0
3092506,0.00, 100.00, 0.00, 2.45, 0, 0, 0
3392587,0.00, 100.00, 0.00, 2.45, 0, 0, 0
5444522,0.00, 100.00, 0.00, 2.45, 0, 0, 0
3338823,0.00, 100.00, 0.00, 2.45, 0, 0, 0
3043822,0.00, 100.00, 0.00, 2.45, 0, 0, 0
3110556,0.00, 100.00, 0.00, 2.45, 0, 0, 0
3576528,0.00, 100.00, 0.00, 2.45, 0, 0, 0
3262594,0.00, 100.00, 0.00, 2.45, 0, 0, 0
3100681,0.00, 100.00, 0.00, 2.45, 0, 0, 0
3117969,0.00, 100.00, 0.00, 2.45, 0, 0, 0
3201157,0.00, 100.00, 0.00, 2.45, 0, 0, 0
3411998,0.00, 100.00, 0.00, 2.45, 0, 0, 0
5444522,0.00, 100.00, 0.00, 2.45, 0, 0, 0
3670625,0.00, 100.00, 0.00, 2.45, 0, 0, 0
3303426,0.00, 100.00, 0.00, 2.45, 0, 0, 0
3655099,0.00, 100.00, 0.00, 2.45, 0, 0, 0
3866634,0.00, 100.00, 0.00, 2.45, 0, 0, 0
3197650,0.00, 100.00, 0.00, 2.45, 0, 0, 0
3124553,0.00, 100.00, 0.00, 2.45, 0, 0, 0
3273940,0.00, 100.00, 0.00, 2.45, 0, 0, 0
3196996,0.00, 100.00, 0.00, 2.45, 0, 0, 0
3869536,0.00, 100.00, 0.00, 2.45, 0, 0, 0
5444522,0.00, 100.00, 0.00, 2.45, 0, 0, 0
3304507,0.00, 100.00, 0.00, 2.45, 0, 0, 0
3605300,0.00, 100.00, 0.00, 2.45, 0, 0, 0
4015470,0.00, 100.00, 0.00, 2.45, 0, 0, 0
3966928,0.00, 100.00, 0.00, 2.45, 0, 0, 0
3204864,0.00, 100.00, 0.00, 2.45, 0, 0, 0
3062709,0.00, 100.00, 0.00, 2.45, 0, 0, 0
3325946,0.00, 100.00, 0.00, 2.45, 0, 0, 0
3559818,0.00, 100.00, 0.00, 2.45, 0, 0, 0
3229652,0.00, 100.00, 0.00, 2.45, 0, 0, 0
5444522,0.00, 100.00, 0.00, 2.45, 0, 0, 0
3423535,0.00, 100.00, 0.00, 2.45, 0, 0, 0
3736011,0.00, 100.00, 0.00, 2.45, 0, 0, 0
3258342,0.00, 100.00, 0.00, 2.45, 0, 0, 0
3370699,0.00, 100.00, 0.00, 2.45, 0, 0, 0
3442502,0.00, 100.00, 0.00, 2.45, 0, 0, 0
3552859,0.00, 100.00, 0.00, 2.45, 0, 0, 0
3462094,0.00, 100.00, 0.00, 2.45, 0, 0, 0
3271716,0.00, 100.00, 0.00, 2.45, 0, 0, 0
3179191,0.00, 100.00, 0.00, 2.45, 0, 0, 0
5444522,0.00, 100.00, 0.00, 2.45, 0, 0, 0
4010013,0.00, 100.00, 0.00, 2.45, 0, 0, 0
3408450,0.00, 100.00, 0.00, 2.45, 0, 0, 0
4013452,0.00, 100.00, 0.00, 2.45, 0, 0, 0
3268664,0.00, 100.00, 0.00, 2.45, 0, 0, 0
3162784,0.00, 100.00, 0.00, 2.45, 0, 0, 0
3415902,0.00, 100.00, 0.00, 2.45, 0, 0, 0
3466741,0.00, 100.00, 0.00, 2.45, 0, 0, 0
3326750,0.00, 100.00, 0.00, 2.45, 0, 0, 0
3496243,0.00, 100.00, 0.00, 2.45, 0, 0, 0
5444522,0.00, 100.00, 0.00, 2.45, 0, 0, 0
3448300,0.00, 100.00, 0.00, 2.45, 0, 0, 0
3276693,0.00, 100.00, 0.00, 2.45, 0, 0, 0
3425858,0.00, 100.00, 0.00, 2.45, 0, 0, 0
3151846,0.00, 100.00, 0.00, 2.45, 0, 0, 0
3069597,0.00, 100.00, 0.00, 2.45, 0, 0, 0
3370610,0.00, 100.00, 0.00, 2.45, 0, 0, 0
3166938,0.00, 100.00, 0.00, 2.45, 0, 0, 0
3229428,0.00, 100.00, 0.00, 2.45, 0, 0, 0
3564229,0.00, 100.00, 0.00, 2.45, 0, 0, 0
5444522,0.00, 100.00, 0.00, 2.45, 0, 0, 0
3255208,0.00, 100.00, 0.00, 2.45, 0, 0, 0
3452612,0.00, 100.00, 0.00, 2.45, 0, 0, 0
3202815,0.00, 100.00, 0.00, 2.45, 0, 0, 0
3283122,0.00, 100.00, 0.00, 2.45, 0, 0, 0
3185191,0.00, 100.00, 0.00, 2.45, 0, 0, 0
3323464,0.00, 100.00, 0.00, 2.45, 0, 0, 0
3201872,0.00, 100.00, 0.00, 2.45, 0, 0, 0
3520301,0.00, 100.00, 0.00, 2.45, 0, 0, 0
3587880,0.00, 100.00, 0.00, 2.45, 0, 0, 0
5444522,0.00, 100.00, 0.00, 2.45, 0, 0, 0
3402285,0.00, 100.00, 0.00, 2.45, 0, 0, 0
3452444,0.00, 100.00, 0.00, 2.45, 0, 0, 0
3369674,0.00, 100.00, 0.00, 2.45, 0, 0, 0
3372751,0.00, 100.00, 0.00, 2.45, 0, 0, 0
3313767,0.00, 100.00, 0.00, 2.45, 0, 0, 0
3121319,0.00, 100.00, 0.00, 2.45, 0, 0, 0
3536533,0.00, 100.00, 0.00, 2.45, 0, 0, 0
3529628,0.00, 100.00, 0.00, 2.45, 0, 0, 0
3347219,0.00, 100.00, 0.00, 2.45, 0, 0, 0
5444522,0.00, 100.00, 0.00, 2.45, 0, 0, 0
3322085,0.00, 100.00, 0.00, 2.45, 0, 0, 0
3225986,0.00, 100.00, 0.00, 2.45, 0, 0, 0
3391014,0.00, 100.00, 0.00, 2.45, 0, 0, 0
3392323,0.00, 100.00, 0.00, 2.45, 0, 0, 0
3107996,0.00, 100.00, 0.00, 2.45, 0, 0, 0
3212182,0.00, 100.00, 0.00, 2.45, 0, 0, 0
3238926,0.00, 100.00, 0.00, 2.45, 0, 0, 0
3702804,0.00, 100.00, 0.00, 2.45, 0, 0, 0
3384687,0.00, 100.00, 0.00, 2.45, 0, 0, 0
5444522,0.00, 100.00, 0.00, 2.45, 0, 0, 0
3186297,0.00, 100.00, 0.00, 2.45, 0, 0, 0
3312115,0.00, 100.00, 0.00, 2.45, 0, 0, 0
3553607,0.00, 100.00, 0.00, 2.45, 0, 0, 0
3354300,0.00, 100.00, 0.00, 2.45, 0, 0, 0
3226999,0.00, 100.00, 0.00, 2.45, 0, 0, 0
3430974,0.00, 100.00, 0.00, 2.45, 0, 0, 0
3520756,0.00, 100.00, 0.00, 2.45, 0, 0, 0
3355217,0.00, 100.00, 0.00, 2.45, 0, 0, 0
3253455,0.00, 100.00, 0.00, 2.45, 0, 0, 0
5444522,0.00, 100.00, 0.00, 2.45, 0, 0, 0
3240937,0.00, 100.00, 0.00, 2.45, 0, 0, 0
3091515,0.00, 100.00, 0.00, 2.45, 0, 0, 0
3455302,0.00, 100.00, 0.00, 2.45, 0, 0, 0
3382602,0.00, 100.00, 0.00, 2.45, 0, 0, 0
3077618,0.00, 100.00, 0.00, 2.45, 0, 0, 0
3309542,0.00, 100.00, 0.00, 2.45, 0, 0, 0
3675213,0.00, 100.00, 0.00, 2.45, 0, 0, 0
3240671,0.00, 100.00, 0.00, 2.45, 0, 0, 0
3392715,0.00, 100.00, 0.00, 2.45, 0, 0, 0
5444522,0.00, 100.00, 0.00, 2.45, 0, 0, 0
3316248,0.00, 100.00, 0.00, 2.45, 0, 0, 0
4014106,0.00, 100.00, 0.00, 2.45, 0, 0, 0
3664572,0.00, 100.00, 0.00, 2.45, 0, 0, 0
3139486,0.00, 100.00, 0.00, 2.45, 0, 0, 0
3674927,0.00, 100.00, 0.00, 2.45, 0, 0, 0
3815368,0.00, 100.00, 0.00, 2.45, 0, 0, 0
3847211,0.00, 100.00, 0.00, 2.45, 0, 0, 0
3441357,0.00, 100.00, 0.00, 2.45, 0, 0, 0
3126455,0.00, 100.00, 0.00, 2.45, 0, 0, 0
5444522,0.00, 100.00, 0.00, 2.45, 0, 0, 0
3337712,0.00, 100.00, 0.00, 2.45, 0, 0, 0
3111972,0.00, 100.00, 0.00, 2.45, 0, 0, 0
3048259,0.00, 100.00, 0.00, 2.45, 0, 0, 0
3241363,0.00, 100.00, 0.00, 2.45, 0, 0, 0
3414925,0.00, 100.00, 0.00, 2.45, 0, 0, 0
3817634,0.00, 100.00, 0.00, 2.45, 0, 0, 0
3849096,0.00, 100.00, 0.00, 2.45, 0, 0, 0
3360318,0.00, 100.00, 0.00, 2.45, 0, 0, 0
3367900,0.00, 100.00, 0.00, 2.45, 0, 0, 0
5444522,0.00, 100.00, 0.00, 2.45, 0, 0, 0
3528043,0.00, 100.00, 0.00, 2.45, 0, 0, 0
3246658,0.00, 100.00, 0.00, 2.45, 0, 0, 0
3177217,0.00, 100.00, 0.00, 2.45, 0, 0, 0
3385755,0.00, 100.00, 0.00, 2.45, 0, 0, 0
3582561,0.00, 100.00, 0.00, 2.45, 0, 0, 0
3443179,0.00, 100.00, 0.00, 2.45, 0, 0, 0
3455066,0.00, 100.00, 0.00, 2.45, 0, 0, 0
3371032,0.00, 100.00, 0.00, 2.45, 0, 0, 0
3453444,0.00, 100.00, 0.00, 2.45, 0, 0, 0
5444522,0.00, 100.00, 0.00, 2.45, 0, 0, 0
3319695,0.00, 100.00, 0.00, 2.45, 0, 0, 0
3067792,0.00, 100.00, 0.00, 2.45, 0, 0, 0
3475204,0.00, 100.00, 0.00, 2.45, 0, 0, 0
3520268,0.00, 100.00, 0.00, 2.45, 0, 0, 0
3139653,0.00, 100.00, 0.00, 2.45, 0, 0, 0
3614186,0.00, 100.00, 0.00, 2.45, 0, 0, 0
3241038,0.00, 100.00, 0.00, 2.45, 0, 0, 0
3410223,0.00, 100.00, 0.00, 2.45, 0, 0, 0
3480720,0.00, 100.00, 0.00, 2.45, 0, 0, 0
5444522,0.00, 100.00, 0.00, 2.45, 0, 0, 0
3372006,0.00, 100.00, 0.00, 2.45, 0, 0, 0
3477696,0.00, 100.00, 0.00, 2.45, 0, 0, 0
3633833,0.00, 100.00, 0.00, 2.45, 0, 0, 0
3488604,0.00, 100.00, 0.00, 2.45, 0, 0, 0
3326350,0.00, 100.00, 0.00, 2.45, 0, 0, 0
3971297,0.00, 100.00, 0.00, 2.45, 0, 0, 0
3379391,0.00, 100.00, 0.00, 2.45, 0, 0, 0
3013713,0.00, 100.00, 0.00, 2.45, 0, 0, 0
3408236,0.00, 100.00, 0.00, 2.45, 0, 0, 0
5444522,0.00, 100.00, 0.00, 2.45, 0, 0, 0
3278279,0.00, 100.00, 0.00, 2.45, 0, 0, 0
3306752,0.00, 100.00, 0.00, 2.45, 0, 0, 0
3725917,0.00, 100.00, 0.00, 2.45, 0, 0, 0
3182773,0.00, 100.00, 0.00, 2.45, 0, 0, 0
3131343,0.00, 100.00, 0.00, 2.45, 0, 0, 0
3547223,0.00, 100.00, 0.00, 2.45, 0, 0, 0
3361205,0.00, 100.00, 0.00, 2.45, 0, 0, 0
3246375,0.00, 100.00, 0.00, 2.45, 0, 0, 0
3529495,0.00, 100.00, 0.00, 2.45, 0, 0, 0
5444522,0.00, 100.00, 0.00, 2.45, 0, 0, 0
3376236,0.00, 100.00, 0.00, 2.45, 0, 0, 0
3624505,0.00, 100.00, 0.00, 2.45, 0, 0, 0
3352878,0.00, 100.00, 0.00, 2.45, 0, 0, 0
3087558,0.00, 100.00, 0.00, 2.45, 0, 0, 0
3460905,0.00, 100.00, 0.00, 2.45, 0, 0, 0
3342347,0.00, 100.00, 0.00, 2.45, 0, 0, 0
3241830,0.00, 100.00, 0.00, 2.45, 0, 0, 0
3313226,0.00, 100.00, 0.00, 2.45, 0, 0, 0
3387269,0.00, 100.00, 0.00, 2.45, 0, 0, 0
5444522,0.00, 100.00, 0.00, 2.45, 0, 0, 0
3638195,0.00, 100.00, 0.00, 2.45, 0, 0, 0
3648691,0.00, 100.00, 0.00, 2.45, 0, 0, 0
3347779,0.00, 100.00, 0.00, 2.45, 0, 0, 0
3325234,0.00, 100.00, 0.00, 2.45, 0, 0, 0
4122980,0.00, 100.00, 0.00, 2.45, 0, 0, 0
3596733,0.00, 100.00, 0.00, 2.45, 0, 0, 0
3313025,0.00, 100.00, 0.00, 2.45, 0, 0, 0
3442715,0.00, 100.00, 0.00, 2.45, 0, 0, 0
3225647,0.00, 100.00, 0.00, 2.45, 0, 0, 0
5444522,0.00, 100.00, 0.00, 2.45, 0, 0, 0
3645760,0.00, 100.00, 0.00, 2.45, 0, 0, 0
3079108,0.00, 100.00, 0.00, 2.45, 0, 0, 0
3286105,0.00, 100.00, 0.00, 2.45, 0, 0, 0
3472252,0.00, 100.00, 0.00, 2.45, 0, 0, 0
3845281,0.00, 100.00, 0.00, 2.45, 0, 0, 0
3523525,0.00, 100.00, 0.00, 2.45, 0, 0, 0
3169716,0.00, 100.00, 0.00, 2.45, 0, 0, 0
3283033,0.00, 100.00, 0.00, 2.45, 0, 0, 0
3282284,0.00, 100.00, 0.00, 2.45, 0, 0, 0
5444522,0.00, 100.00, 0.00, 2.45, 0, 0, 0
3279198,0.00, 100.00, 0.00, 2.45, 0, 0, 0
3259894,0.00, 100.00, 0.00, 2.45, 0, 0, 0
3040844,0.00, 100.00, 0.00, 2.45, 0, 0, 0
3264267,0.00, 100.00, 0.00, 2.45, 0, 0, 0
3313390,0.00, 100.00, 0.00, 2.45, 0, 0, 0
3088324,0.00, 100.00, 0.00, 2.45, 0, 0, 0
3042174,0.00, 100.00, 0.00, 2.45, 0, 0, 0
3181762,0.00, 100.00, 0.00, 2.45, 0, 0, 0
3567366,0.00, 100.00, 0.00, 2.45, 0, 0, 0
5444522,0.00, 100.00, 0.00, 2.45, 0, 0, 0
3332924,0.00, 100.00, 0.00, 2.45, 0, 0, 0
3404938,0.00, 100.00, 0.00, 2.45, 0, 0, 0
3242589,0.00, 100.00, 0.00, 2.45, 0, 0, 0
3486680,0.00, 100.00, 0.00, 2.45, 0, 0, 0
3715364,0.00, 100.00, 0.00, 2.45, 0, 0, 0
3196284,0.00, 100.00, 0.00, 2.45, 0, 0, 0
3100860,0.00, 100.00, 0.00, 2.45, 0, 0, 0
3407516,0.00, 100.00, 0.00, 2.45, 0, 0, 0
4041268,0.00, 100.00, 0.00, 2.45, 0, 0, 0
5444522,0.00, 100.00, 0.00, 2.45, 0, 0, 0
3325268,0.00, 100.00, 0.00, 2.45, 0, 0, 0
3103068,0.00, 100.00, 0.00, 2.45, 0, 0, 0
3411173,0.00, 100.00, 0.00, 2.45, 0, 0, 0
3249229,0.00, 100.00, 0.00, 2.45, 0, 0, 0
3243176,0.00, 100.00, 0.00, 2.45, 0, 0, 0
3042942,0.00, 100.00, 0.00, 2.45, 0, 0, 0
3477085,0.00, 100.00, 0.00, 2.45, 0, 0, 0
3521515,0.00, 100.00, 0.00, 2.45, 0, 0, 0
3247958,0.00, 100.00, 0.00, 2.45, 0, 0, 0
5444522,0.00, 100.00, 0.00, 2.45, 0, 0, 0
3344650,0.00, 100.00, 0.00, 2.45, 0, 0, 0
3340726,0.00, 100.00, 0.00, 2.45, 0, 0, 0
3464615,0.00, 100.00, 0.00, 2.45, 0, 0, 0
3222675,0.00, 100.00, 0.00, 2.45, 0, 0, 0
3281454,0.00, 100.00, 0.00, 2.45, 0, 0, 0
3331671,0.00, 100.00, 0.00, 2.45, 0, 0, 0
3525314,0.00, 100.00, 0.00, 2.45, 0, 0, 0
3244379,0.00, 100.00, 0.00, 2.45, 0, 0, 0
3992985,0.00, 100.00, 0.00, 2.45, 0, 0, 0
5444522,0.00, 100.00, 0.00, 2.45, 0, 0, 0
3472724,0.00, 100.00, 0.00, 2.45, 0, 0, 0
3537850,0.00, 100.00, 0.00, 2.45, 0, 0, 0
3281608,0.00, 100.00, 0.00, 2.45, 0, 0, 0
3346792,0.00, 100.00, 0.00, 2.45, 0, 0, 0
3489147,0.00, 100.00, 0.00, 2.45, 0, 0, 0
3544416,0.00, 100.00, 0.00, 2.45, 0, 0, 0
3524269,0.00, 100.00, 0.00, 2.45, 0, 0, 0
3629788,0.00, 100.00, 0.00, 2.45, 0, 0, 0
3472115,0.00, 100.00, 0.00, 2.45, 0, 0, 0
5444522,0.00, 100.00, 0.00, 2.45, 0, 0, 0
3593559,0.00, 100.00, 0.00, 2.45, 0, 0, 0
3384775,0.00, 100.00, 0.00, 2.45, 0, 0, 0
3112488,0.00, 100.00, 0.00, 2.45, 0, 0, 0
3188757,0.00, 100.00, 0.00, 2.45, 0, 0, 0
3581422,0.00, 100.00, 0.00, 2.45, 0, 0, 0
3549236,0.00, 100.00, 0.00, 2.45, 0, 0, 0
3177045,0.00, 100.00, 0.00, 2.45, 0, 0, 0
3490638,0.00, 100.00, 0.00, 2.45, 0, 0, 0
3316263,0.00, 100.00, 0.00, 2.45, 0, 0, 0
5444522,0.00, 100.00, 0.00, 2.45, 0, 0, 0
3493017,0.00, 100.00, 0.00, 2.45, 0, 0, 0
3500010,0.00, 100.00, 0.00, 2.45, 0, 0, 0
3202917,0.00, 100.00, 0.00, 2.45, 0, 0, 0
3461813,0.00, 100.00, 0.00, 2.45, 0, 0, 0
3858807,0.00, 100.00, 0.00, 2.45, 0, 0, 0
3161300,0.00, 100.00, 0.00, 2.45, 0, 0, 0
3462461,0.00, 100.00, 0.00, 2.45, 0, 0, 0
3885467,0.00, 100.00, 0.00, 2.45, 0, 0, 0
3119346,0.00, 100.00, 0.00, 2.45, 0, 0, 0
5444522,0.00, 100.00, 0.00, 2.45, 0, 0, 0
3804769,0.00, 100.00, 0.00, 2.45, 0, 0, 0
3209356,0.00, 100.00, 0.00, 2.45, 0, 0, 0
3392255,0.00, 100.00, 0.00, 2.45, 0, 0, 0
3472437,0.00, 100.00, 0.00, 2.45, 0, 0, 0
3474718,0.00, 100.00, 0.00, 2.45, 0, 0, 0
3279858,0.00, 100.00, 0.00, 2.45, 0, 0, 0
3738029,0.00, 100.00, 0.00, 2.45, 0, 0, 0
3579388,0.00, 100.00, 0.00, 2.45, 0, 0, 0
-996756393,0.00, 100.00, 0.00, 2.45, 0, 0, 0
5444522,0.00, 100.00, 0.00, 2.45, 0, 0, 0
3414925,0.00, 100.00, 0.00, 2.45, 0, 0, 0
3331755,0.00, 100.00, 0.00, 2.45, 0, 0, 0
3640825,0.00, 100.00, 0.00, 2.45, 0, 0, 0
3539598,0.00, 100.00, 0.00, 2.45, 0, 0, 0
3439250,0.00, 100.00, 0.00, 2.45, 0, 0, 0
3239372,0.00, 100.00, 0.00, 2.45, 0, 0, 0
3483478,0.00, 100.00, 0.00, 2.45, 0, 0, 0
3429790,0.00, 100.00, 0.00, 2.45, 0, 0, 0
3279926,0.00, 100.00, 0.00, 2.45, 0, 0, 0
5444522,0.00, 100.00, 0.00, 2.45, 0, 0, 0
3423457,0.00, 100.00, 0.00, 2.45, 0, 0, 0
3422932,0.00, 100.00, 0.00, 2.45, 0, 0, 0
3702844,0.00, 100.00, 0.00, 2.45, 0, 0, 0
3471275,0.00, 100.00, 0.00, 2.45, 0, 0, 0
3237201,0.00, 100.00, 0.00, 2.45, 0, 0, 0
3853823,0.00, 100.00, 0.00, 2.45, 0, 0, 0
3776976,0.00, 100.00, 0.00, 2.45, 0, 0, 0
3404346,0.00, 100.00, 0.00, 2.45, 0, 0, 0
3188585,0.00, 100.00, 0.00, 2.45, 0, 0, 0
5444522,0.00, 100.00, 0.00, 2.45, 0, 0, 0
3688266,0.00, 100.00, 0.00, 2.45, 0, 0, 0
3669296,0.00, 100.00, 0.00, 2.45, 0, 0, 0
3502981,0.00, 100.00, 0.00, 2.45, 0, 0, 0
3510087,0.00, 100.00, 0.00, 2.45, 0, 0, 0
3277693,0.00, 100.00, 0.00, 2.45, 0, 0, 0
3247328,0.00, 100.00, 0.00, 2.45, 0, 0, 0
3268001,0.00, 100.00, 0.00, 2.45, 0, 0, 0
3236325,0.00, 100.00, 0.00, 2.45, 0, 0, 0
3243094,0.00, 100.00, 0.00, 2.45, 0, 0, 0
5444522,0.00, 100.00, 0.00, 2.45, 0, 0, 0
3761938,0.00, 100.00, 0.00, 2.45, 0, 0, 0
3197660,0.00, 100.00, 0.00, 2.45, 0, 0, 0
3117538,0.00, 100.00, 0.00, 2.45, 0, 0, 0
3295401,0.00, 100.00, 0.00, 2.45, 0, 0, 0
3232031,0.00, 100.00, 0.00, 2.45, 0, 0, 0
3401871,0.00, 100.00, 0.00, 2.45, 0, 0, 0
3351614,0.00, 100.00, 0.00, 2.45, 0, 0, 0
3082837,0.00, 100.00, 0.00, 2.45, 0, 0, 0
3075160,0.00, 100.00, 0.00, 2.45, 0, 0, 0
5444522,0.00, 100.00, 0.00, 2.45, 0, 0, 0
3930926,0.00, 100.00, 0.00, 2.45, 0, 0, 0
3575719,0.00, 100.00, 0.00, 2.45, 0, 0, 0
3245098,0.00, 100.00, 0.00, 2.45, 0, 0, 0
3105180,0.00, 100.00, 0.00, 2.45, 0, 0, 0
3159697,0.00, 100.00, 0.00, 2.45, 0, 0, 0
3355554,0.00, 100.00, 0.00, 2.45, 0, 0, 0
3244801,0.00, 100.00, 0.00, 2.45, 0, 0, 0
3041493,0.00, 100.00, 0.00, 2.45, 0, 0, 0
3486493,0.00, 100.00, 0.00, 2.45, 0, 0, 0
5444522,0.00, 100.00, 0.00, 2.45, 0, 0, 0
3564227,0.00, 100.00, 0.00, 2.45, 0, 0, 0
3294774,0.00, 100.00, 0.00, 2.45, 0, 0, 0
3175490,0.00, 100.00, 0.00, 2.45, 0, 0, 0
3382077,0.00, 100.00, 0.00, 2.45, 0, 0, 0
3500478,0.00, 100.00, 0.00, 2.45, 0, 0, 0
3568622,0.00, 100.00, 0.00, 2.45, 0, 0, 0
3271561,0.00, 100.00, 0.00, 2.45, 0, 0, 0
3510064,0.00, 100.00, 0.00, 2.45, 0, 0, 0
3681755,0.00, 100.00, 0.00, 2.45, 0, 0, 0
5444522,0.00, 100.00, 0.00, 2.45, 0, 0, 0
3868167,0.00, 100.00, 0.00, 2.45, 0, 0, 0
3259297,0.00, 100.00, 0.00, 2.45, 0, 0, 0
3128845,0.00, 100.00, 0.00, 2.45, 0, 0, 0
3551553,0.00, 100.00, 0.00, 2.45, 0, 0, 0
3365267,0.00, 100.00, 0.00, 2.45, 0, 0, 0
3235207,0.00, 100.00, 0.00, 2.45, 0, 0, 0
3456603,0.00, 100.00, 0.00, 2.45, 0, 0, 0
3332142,0.00, 100.00, 0.00, 2.45, 0, 0, 0
3613541,0.00, 100.00, 0.00, 2.45, 0, 0, 0
5444522,0.00, 100.00, 0.00, 2.45, 0, 0, 0
3503859,0.00, 100.00, 0.00, 2.45, 0, 0, 0
3222903,0.00, 100.00, 0.00, 2.45, 0, 0, 0
3113924,0.00, 100.00, 0.00, 2.45, 0, 0, 0
3264644,0.00, 100.00, 0.00, 2.45, 0, 0, 0
3400785,0.00, 100.00, 0.00, 2.45, 0, 0, 0
3213740,0.00, 100.00, 0.00, 2.45, 0, 0, 0
3527297,0.00, 100.00, 0.00, 2.45, 0, 0, 0
3500754,0.00, 100.00, 0.00, 2.45, 0, 0, 0
3127913,0.00, 100.00, 0.00, 2.45, 0, 0, 0
5444522,0.00, 100.00, 0.00, 2.45, 0, 0, 0
3497421,0.00, 100.00, 0.00, 2.45, 0, 0, 0
3599431,0.00, 100.00, 0.00, 2.45, 0, 0, 0
3179855,0.00, 100.00, 0.00, 2.45, 0, 0, 0
3247682,0.00, 100.00, 0.00, 2.45, 0, 0, 0
3166793,0.00, 100.00, 0.00, 2.45, 0, 0, 0
3300593,0.00, 100.00, 0.00, 2.45, 0, 0, 0
3312219,0.00, 100.00, 0.00, 2.45, 0, 0, 0
3798741,0.00, 100.00, 0.00, 2.45, 0, 0, 0
3191045,0.00, 100.00, 0.00, 2.45, 0, 0, 0
5444522,0.00, 100.00, 0.00, 2.45, 0, 0, 0
3434114,0.00, 100.00, 0.00, 2.45, 0, 0, 0
3171487,0.00, 100.00, 0.00, 2.45, 0, 0, 0
3252257,0.00, 100.00, 0.00, 2.45, 0, 0, 0
3317304,0.00, 100.00, 0.00, 2.45, 0, 0, 0
3149911,0.00, 100.00, 0.00, 2.45, 0, 0, 0
3719260,0.00, 100.00, 0.00, 2.45, 0, 0, 0
3409459,0.00, 100.00, 0.00, 2.45, 0, 0, 0
3466035,0.00, 100.00, 0.00, 2.45, 0, 0, 0
3218090,0.00, 100.00, 0.00, 2.45, 0, 0, 0
5444522,0.00, 100.00, 0.00, 2.45, 0, 0, 0
3414744,0.00, 100.00, 0.00, 2.45, 0, 0, 0
3246980,0.00, 100.00, 0.00, 2.45, 0, 0, 0
3443517,0.00, 100.00, 0.00, 2.45, 0, 0, 0
3334081,0.00, 100.00, 0.00, 2.45, 0, 0, 0
3621778,0.00, 100.00, 0.00, 2.45, 0, 0, 0
3893459,0.00, 100.00, 0.00, 2.45, 0, 0, 0
3245447,0.00, 100.00, 0.00, 2.45, 0, 0, 0
3300947,0.00, 100.00, 0.00, 2.45, 0, 0, 0
3415433,0.00, 100.00, 0.00, 2.45, 0, 0, 0
5444522,0.00, 100.00, 0.00, 2.45, 0, 0, 0
3476803,0.00, 100.00, 0.00, 2.45, 0, 0, 0
3255630,0.00, 100.00, 0.00, 2.45, 0, 0, 0
3089608,0.00, 100.00, 0.00, 2.45, 0, 0, 0
3393315,0.00, 100.00, 0.00, 2.45, 0, 0, 0
3734297,0.00, 100.00, 0.00, 2.45, 0, 0, 0
3162417,0.00, 100.00, 0.00, 2.45, 0, 0, 0
3399036,0.00, 100.00, 0.00, 2.45, 0, 0, 0
3302076,0.00, 100.00, 0.00, 2.45, 0, 0, 0
3479065,0.00, 100.00, 0.00, 2.45, 0, 0, 0
5444522,0.00, 100.00, 0.00, 2.45, 0, 0, 0
3445625,0.00, 100.00, 0.00, 2.45, 0, 0, 0
3065235,0.00, 100.00, 0.00, 2.45, 0, 0, 0
3322437,0.00, 100.00, 0.00, 2.45, 0, 0, 0
3394616,0.00, 100.00, 0.00, 2.45, 0, 0, 0
3783933,0.00, 100.00, 0.00, 2.45, 0, 0, 0
3363026,0.00, 100.00, 0.00, 2.45, 0, 0, 0
3443523,0.00, 100.00, 0.00, 2.45, 0, 0, 0
3420659,0.00, 100.00, 0.00, 2.45, 0, 0, 0
3415114,0.00, 100.00, 0.00, 2.45, 0, 0, 0
5444522,0.00, 100.00, 0.00, 2.45, 0, 0, 0
3485882,0.00, 100.00, 0.00, 2.45, 0, 0, 0
3062985,0.00, 100.00, 0.00, 2.45, 0, 0, 0
3411153,0.00, 100.00, 0.00, 2.45, 0, 0, 0
3909340,0.00, 100.00, 0.00, 2.45, 0, 0, 0
3337453,0.00, 100.00, 0.00, 2.45, 0, 0, 0
3525254,0.00, 100.00, 0.00, 2.45, 0, 0, 0
3349399,0.00, 100.00, 0.00, 2.45, 0, 0, 0
3458625,0.00, 100.00, 0.00, 2.45, 0, 0, 0
3593448,0.00, 100.00, 0.00, 2.45, 0, 0, 0
5444522,0.00, 100.00, 0.00, 2.45, 0, 0, 0
3274283,0.00, 100.00, 0.00, 2.45, 0, 0, 0
3509504,0.00, 100.00, 0.00, 2.45, 0, 0, 0
3979911,0.00, 100.00, 0.00, 2.45, 0, 0, 0
3730892,0.00, 100.00, 0.00, 2.45, 0, 0, 0
3490775,0.00, 100.00, 0.00, 2.45, 0, 0, 0
3416735,0.00, 100.00, 0.00, 2.45, 0, 0, 0
3399631,0.00, 100.00, 0.00, 2.45, 0, 0, 0
3503511,0.00, 100.00, 0.00, 2.45, 0, 0, 0
3218285,0.00, 100.00, 0.00, 2.45, 0, 0, 0
5444522,0.00, 100.00, 0.00, 2.45, 0, 0, 0
3717690,0.00, 100.00, 0.00, 2.45, 0, 0, 0
3555644,0.00, 100.00, 0.00, 2.45, 0, 0, 0
3696620,0.00, 100.00, 0.00, 2.45, 0, 0, 0
3393452,0.00, 100.00, 0.00, 2.45, 0, 0, 0
3467857,0.00, 100.00, 0.00, 2.45, 0, 0, 0
3490344,0.00, 100.00, 0.00, 2.45, 0, 0, 0
3333728,0.00, 100.00, 0.00, 2.45, 0, 0, 0
3272123,0.00, 100.00, 0.00, 2.45, 0, 0, 0
3321245,0.00, 100.00, 0.00, 2.45, 0, 0, 0
5444522,0.00, 100.00, 0.00, 2.45, 0, 0, 0
3878651,0.00, 100.00, 0.00, 2.45, 0, 0, 0
3571361,0.00, 100.00, 0.00, 2.45, 0, 0, 0
3592065,0.00, 100.00, 0.00, 2.45, 0, 0, 0
3233538,0.00, 100.00, 0.00, 2.45, 0, 0, 0
3214377,0.00, 100.00, 0.00, 2.45, 0, 0, 0
3262982,0.00, 100.00, 0.00, 2.45, 0, 0, 0
3273876,0.00, 100.00, 0.00, 2.45, 0, 0, 0
3061370,0.00, 100.00, 0.00, 2.45, 0, 0, 0
3325616,0.00, 100.00, 0.00, 2.45, 0, 0, 0
5444522,0.00, 100.00, 0.00, 2.45, 0, 0, 0
3260924,0.00, 100.00, 0.00, 2.45, 0, 0, 0
3345859,0.00, 100.00, 0.00, 2.45, 0, 0, 0
3319214,0.00, 100.00, 0.00, 2.45, 0, 0, 0
3248081,0.00, 100.00, 0.00, 2.45, 0, 0, 0
3250164,0.00, 100.00, 0.00, 2.45, 0, 0, 0
3242333,0.00, 100.00, 0.00, 2.45, 0, 0, 0
3263931,0.00, 100.00, 0.00, 2.45, 0, 0, 0
3079230,0.00, 100.00, 0.00, 2.45, 0, 0, 0
3391318,0.00, 100.00, 0.00, 2.45, 0, 0, 0
5444522,0.00, 100.00, 0.00, 2.45, 0, 0, 0
3434630,0.00, 100.00, 0.00, 2.45, 0, 0, 0
3346139,0.00, 100.00, 0.00, 2.45, 0, 0, 0
3331688,0.00, 100.00, 0.00, 2.45, 0, 0, 0
3067506,0.00, 100.00, 0.00, 2.45, 0, 0, 0
3290611,0.00, 100.00, 0.00, 2.45, 0, 0, 0
3266348,0.00, 100.00, 0.00, 2.45, 0, 0, 0
3075480,0.00, 100.00, 0.00, 2.45, 0, 0, 0
3672190,0.00, 100.00, 0.00, 2.45, 0, 0, 0
3619973,0.00, 100.00, 0.00, 2.45, 0, 0, 0
5444522,0.00, 100.00, 0.00, 2.45, 0, 0, 0
3119426,0.00, 100.00, 0.00, 2.45, 0, 0, 0
3388596,0.00, 100.00, 0.00, 2.45, 0, 0, 0
3185265,0.00, 100.00, 0.00, 2.45, 0, 0, 0
3254678,0.00, 100.00, 0.00, 2.45, 0, 0, 0
3241288,0.00, 100.00, 0.00, 2.45, 0, 0, 0
3046161,0.00, 100.00, 0.00, 2.45, 0, 0, 0
3291422,0.00, 100.00, 0.00, 2.45, 0, 0, 0
3332776,0.00, 100.00, 0.00, 2.45, 0, 0, 0
3627912,0.00, 100.00, 0.00, 2.45, 0, 0, 0
5444522,0.00, 100.00, 0.00, 2.45, 0, 0, 0
3171953,0.00, 100.00, 0.00, 2.45, 0, 0, 0
3668295,0.00, 100.00, 0.00, 2.45, 0, 0, 0
3568195,0.00, 100.00, 0.00, 2.45, 0, 0, 0
3216646,0.00, 100.00, 0.00, 2.45, 0, 0, 0
3303734,0.00, 100.00, 0.00, 2.45, 0, 0, 0
3194251,0.00, 100.00, 0.00, 2.45, 0, 0, 0
3408535,0.00, 100.00, 0.00, 2.45, 0, 0, 0
3538564,0.00, 100.00, 0.00, 2.45, 0, 0, 0
3375373,0.00, 100.00, 0.00, 2.45, 0, 0, 0
5444522,0.00, 100.00, 0.00, 2.45, 0, 0, 0
3414447,0.00, 100.00, 0.00, 2.45, 0, 0, 0
3895140,0.00, 100.00, 0.00, 2.45, 0, 0, 0
3187125,0.00, 100.00, 0.00, 2.45, 0, 0, 0
3251365,0.00, 100.00, 0.00, 2.45, 0, 0, 0
3050951,0.00, 100.00, 0.00, 2.45, 0, 0, 0
3146743,0.00, 100.00, 0.00, 2.45, 0, 0, 0
3420608,0.00, 100.00, 0.00, 2.45, 0, 0, 0
3794137,0.00, 100.00, 0.00, 2.45, 0, 0, 0
3421446,0.00, 100.00, 0.00, 2.45, 0, 0, 0
5444522,0.00, 100.00, 0.00, 2.45, 0, 0, 0
3559697,0.00, 100.00, 0.00, 2.45, 0, 0, 0
4074630,0.00, 100.00, 0.00, 2.45, 0, 0, 0
3546357,0.00, 100.00, 0.00, 2.45, 0, 0, 0
3217536,0.00, 100.00, 0.00, 2.45, 0, 0, 0
3203281,0.00, 100.00, 0.00, 2.45, 0, 0, 0
3619037,0.00, 100.00, 0.00, 2.45, 0, 0, 0
3751026,0.00, 100.00, 0.00, 2.45, 0, 0, 0
3226245,0.00, 100.00, 0.00, 2.45, 0, 0, 0
3248675,0.00, 100.00, 0.00, 2.45, 0, 0, 0
5444522,0.00, 100.00, 0.00, 2.45, 0, 0, 0
3399033,0.00, 100.00, 0.00, 2.45, 0, 0, 0
3634443,0.00, 100.00, 0.00, 2.45, 0, 0, 0
3427135,0.00, 100.00, 0.00, 2.45, 0, 0, 0
3196515,0.00, 100.00, 0.00, 2.45, 0, 0, 0
3565113,0.00, 100.00, 0.00, 2.45, 0, 0, 0
3640035,0.00, 100.00, 0.00, 2.45, 0, 0, 0
3352323,0.00, 100.00, 0.00, 2.45, 0, 0, 0
3168510,0.00, 100.00, 0.00, 2.45, 0, 0, 0
3178859,0.00, 100.00, 0.00, 2.45, 0, 0, 0
5444522,0.00, 100.00, 0.00, 2.45, 0, 0, 0
3584029,0.00, 100.00, 0.00, 2.45, 0, 0, 0
3199162,0.00, 100.00, 0.00, 2.45, 0, 0, 0
3056186,0.00, 100.00, 0.00, 2.45, 0, 0, 0
3162521,0.00, 100.00, 0.00, 2.45, 0, 0, 0
3252052,0.00, 100.00, 0.00, 2.45, 0, 0, 0
3843115,0.00, 100.00, 0.00, 2.45, 0, 0, 0
3673423,0.00, 100.00, 0.00, 2.45, 0, 0, 0
3352161,0.00, 100.00, 0.00, 2.45, 0, 0, 0
3385256,0.00, 100.00, 0.00, 2.45, 0, 0, 0
5444522,0.00, 100.00, 0.00, 2.45, 0, 0, 0
3565802,0.00, 100.00, 0.00, 2.45, 0, 0, 0
3394805,0.00, 100.00, 0.00, 2.45, 0, 0, 0
3062210,0.00, 100.00, 0.00, 2.45, 0, 0, 0
3357527,0.00, 100.00, 0.00, 2.45, 0, 0, 0
3456479,0.00, 100.00, 0.00, 2.45, 0, 0, 0
3445249,0.00, 100.00, 0.00, 2.45, 0, 0, 0
3368214,0.00, 100.00, 0.00, 2.45, 0, 0, 0
3352663,0.00, 100.00, 0.00, 2.45, 0, 0, 0
3447024,0.00, 100.00, 0.00, 2.45, 0, 0, 0
5444522,0.00, 100.00, 0.00, 2.45, 0, 0, 0
3490282,0.00, 100.00, 0.00, 2.45, 0, 0, 0
3193818,0.00, 100.00, 0.00, 2.45, 0, 0, 0
3572859,0.00, 100.00, 0.00, 2.45, 0, 0, 0
3607788,0.00, 100.00, 0.00, 2.45, 0, 0, 0
3531319,0.00, 100.00, 0.00, 2.45, 0, 0, 0
3665900,0.00, 100.00, 0.00, 2.45, 0, 0, 0
3223311,0.00, 100.00, 0.00, 2.45, 0, 0, 0
3090698,0.00, 100.00, 0.00, 2.45, 0, 0, 0
3656006,0.00, 100.00, 0.00, 2.45, 0, 0, 0
5444522,0.00, 100.00, 0.00, 2.45, 0, 0, 0
3372910,0.00, 100.00, 0.00, 2.45, 0, 0, 0
3548466,0.00, 100.00, 0.00, 2.45, 0, 0, 0
3615558,0.00, 100.00, 0.00, 2.45, 0, 0, 0
3188302,0.00, 100.00, 0.00, 2.45, 0, 0, 0
3318636,0.00, 100.00, 0.00, 2.45, 0, 0, 0
3517959,0.00, 100.00, 0.00, 2.45, 0, 0, 0
3230014,0.00, 100.00, 0.00, 2.45, 0, 0, 0
3196042,0.00, 100.00, 0.00, 2.45, 0, 0, 0
3113968,0.00, 100.00, 0.00, 2.45, 0, 0, 0
5444522,0.00, 100.00, 0.00, 2.45, 0, 0, 0
3276246,0.00, 100.00, 0.00, 2.45, 0, 0, 0
3347516,0.00, 100.00, 0.00, 2.45, 0, 0, 0
3776937,0.00, 100.00, 0.00, 2.45, 0, 0, 0
3168553,0.00, 100.00, 0.00, 2.45, 0, 0, 0
3167233,0.00, 100.00, 0.00, 2.45, 0, 0, 0
3396231,0.00, 100.00, 0.00, 2.45, 0, 0, 0
3101629,0.00, 100.00, 0.00, 2.45, 0, 0, 0
3096636,0.00, 100.00, 0.00, 2.45, 0, 0, 0
3275923,0.00, 100.00, 0.00, 2.45, 0, 0, 0
5444522,0.00, 100.00, 0.00, 2.45, 0, 0, 0
3261656,0.00, 100.00, 0.00, 2.45, 0, 0, 0
-996537995,0.00, 100.00, 0.00, 2.45, 0, 0, 0
3501960,0.00, 100.00, 0.00, 2.45, 0, 0, 0
3265124,0.00, 100.00, 0.00, 2.45, 0, 0, 0
3525460,0.00, 100.00, 0.00, 2.45, 0, 0, 0
3691978,0.00, 100.00, 0.00, 2.45, 0, 0, 0
3394577,0.00, 100.00, 0.00, 2.45, 0, 0, 0
3204221,0.00, 100.00, 0.00, 2.45, 0, 0, 0
3427717,0.00, 100.00, 0.00, 2.45, 0, 0, 0
5444522,0.00, 100.00, 0.00, 2.45, 0, 0, 0
3487873,0.00, 100.00, 0.00, 2.45, 0, 0, 0
3695725,0.00, 100.00, 0.00, 2.45, 0, 0, 0
3380953,0.00, 100.00, 0.00, 2.45, 0, 0, 0
3040023,0.00, 100.00, 0.00, 2.45, 0, 0, 0
3692972,0.00, 100.00, 0.00, 2.45, 0, 0, 0
3552385,0.00, 100.00, 0.00, 2.45, 0, 0, 0
3124852,0.00, 100.00, 0.00, 2.45, 0, 0, 0
3111826,0.00, 100.00, 0.00, 2.45, 0, 0, 0
3035223,0.00, 100.00, 0.00, 2.45, 0, 0, 0
5444522,0.00, 100.00, 0.00, 2.45, 0, 0, 0
3680646,0.00, 100.00, 0.00, 2.45, 0, 0, 0
3492344,0.00, 100.00, 0.00, 2.45, 0, 0, 0
3265960,0.00, 100.00, 0.00, 2.45, 0, 0, 0
3224704,0.00, 100.00, 0.00, 2.45, 0, 0, 0
3741069,0.00, 100.00, 0.00, 2.45, 0, 0, 0
3320774,0.00, 100.00, 0.00, 2.45, 0, 0, 0
3246096,0.00, 100.00, 0.00, 2.45, 0, 0, 0
3328753,0.00, 100.00, 0.00, 2.45, 0, 0, 0
3133134,0.00, 100.00, 0.00, 2.45, 0, 0, 0
5444522,0.00, 100.00, 0.00, 2.45, 0, 0, 0
3798953,0.00, 100.00, 0.00, 2.45, 0, 0, 0
3219681,0.00, 100.00, 0.00, 2.45, 0, 0, 0
3265078,0.00, 100.00, 0.00, 2.45, 0, 0, 0
3469100,0.00, 100.00, 0.00, 2.45, 0, 0, 0
3698343,0.00, 100.00, 0.00, 2.45, 0, 0, 0
3375746,0.00, 100.00, 0.00, 2.45, 0, 0, 0
3165530,0.00, 100.00, 0.00, 2.45, 0, 0, 0
3274356,0.00, 100.00, 0.00, 2.45, 0, 0, 0
3244072,0.00, 100.00, 0.00, 2.45, 0, 0, 0
5444522,0.00, 100.00, 0.00, 2.45, 0, 0, 0
3486975,0.00, 100.00, 0.00, 2.45, 0, 0, 0
3287458,0.00, 100.00, 0.00, 2.45, 0, 0, 0
3195519,0.00, 100.00, 0.00, 2.45, 0, 0, 0
3570782,0.00, 100.00, 0.00, 2.45, 0, 0, 0
3612475,0.00, 100.00, 0.00, 2.45, 0, 0, 0
3239567,0.00, 100.00, 0.00, 2.45, 0, 0, 0
3021747,0.00, 100.00, 0.00, 2.45, 0, 0, 0
3174539,0.00, 100.00, 0.00, 2.45, 0, 0, 0
3291383,0.00, 100.00, 0.00, 2.45, 0, 0, 0
5444522,0.00, 100.00, 0.00, 2.45, 0, 0, 0
3669411,0.00, 100.00, 0.00, 2.45, 0, 0, 0
3477701,0.00, 100.00, 0.00, 2.45, 0, 0, 0
3268675,0.00, 100.00, 0.00, 2.45, 0, 0, 0
3295223,0.00, 100.00, 0.00, 2.45, 0, 0, 0
3178161,0.00, 100.00, 0.00, 2.45, 0, 0, 0
3398182,0.00, 100.00, 0.00, 2.45, 0, 0, 0
3113934,0.00, 100.00, 0.00, 2.45, 0, 0, 0
3463675,0.00, 100.00, 0.00, 2.45, 0, 0, 0
3603021,0.00, 100.00, 0.00, 2.45, 0, 0, 0
5444522,0.00, 100.00, 0.00, 2.45, 0, 0, 0
3653789,0.00, 100.00, 0.00, 2.45, 0, 0, 0
3203513,0.00, 100.00, 0.00, 2.45, 0, 0, 0
3082821,0.00, 100.00, 0.00, 2.45, 0, 0, 0
3317235,0.00, 100.00, 0.00, 2.45, 0, 0, 0
3495737,0.00, 100.00, 0.00, 2.45, 0, 0, 0
3051880,0.00, 100.00, 0.00, 2.45, 0, 0, 0
3133607,0.00, 100.00, 0.00, 2.45, 0, 0, 0
3325636,0.00, 100.00, 0.00, 2.45, 0, 0, 0
3979532,0.00, 100.00, 0.00, 2.45, 0, 0, 0
5444522,0.00, 100.00, 0.00, 2.45, 0, 0, 0
3458316,0.00, 100.00, 0.00, 2.45, 0, 0, 0
3115285,0.00, 100.00, 0.00, 2.45, 0, 0, 0
3254865,0.00, 100.00, 0.00, 2.45, 0, 0, 0
3241282,0.00, 100.00, 0.00, 2.45, 0, 0, 0
3391968,0.00, 100.00, 0.00, 2.45, 0, 0, 0
3070552,0.00, 100.00, 0.00, 2.45, 0, 0, 0
3261214,0.00, 100.00, 0.00, 2.45, 0, 0, 0
3551890,0.00, 100.00, 0.00, 2.45, 0, 0, 0
3298839,0.00, 100.00, 0.00, 2.45, 0, 0, 0
5444522,0.00, 100.00, 0.00, 2.45, 0, 0, 0
3318259,0.00, 100.00, 0.00, 2.45, 0, 0, 0
3145731,0.00, 100.00, 0.00, 2.45, 0, 0, 0
3389642,0.00, 100.00, 0.00, 2.45, 0, 0, 0
3245892,0.00, 100.00, 0.00, 2.45, 0, 0, 0
3136514,0.00, 100.00, 0.00, 2.45, 0, 0, 0
3312948,0.00, 100.00, 0.00, 2.45, 0, 0, 0
3671407,0.00, 100.00, 0.00, 2.45, 0, 0, 0
3493328,0.00, 100.00, 0.00, 2.45, 0, 0, 0
3511681,0.00, 100.00, 0.00, 2.45, 0, 0, 0
5444522,0.00, 100.00, 0.00, 2.45, 0, 0, 0
3338807,0.00, 100.00, 0.00, 2.45, 0, 0, 0
3338798,0.00, 100.00, 0.00, 2.45, 0, 0, 0
3162755,0.00, 100.00, 0.00, 2.45, 0, 0, 0
3272093,0.00, 100.00, 0.00, 2.45, 0, 0, 0
3050192,0.00, 100.00, 0.00, 2.45, 0, 0, 0
3527945,0.00, 100.00, 0.00, 2.45, 0, 0, 0
3724837,0.00, 100.00, 0.00, 2.45, 0, 0, 0
3291653,0.00, 100.00, 0.00, 2.45, 0, 0, 0
3971690,0.00, 100.00, 0.00, 2.45, 0, 0, 0
5444522,0.00, 100.00, 0.00, 2.45, 0, 0, 0
3229728,0.00, 100.00, 0.00, 2.45, 0, 0, 0
3431674,0.00, 100.00, 0.00, 2.45, 0, 0, 0
3195906,0.00, 100.00, 0.00, 2.45, 0, 0, 0
3034989,0.00, 100.00, 0.00, 2.45, 0, 0, 0
3117355,0.00, 100.00, 0.00, 2.45, 0, 0, 0
3441792,0.00, 100.00, 0.00, 2.45, 0, 0, 0
3662850,0.00, 100.00, 0.00, 2.45, 0, 0, 0
3325614,0.00, 100.00, 0.00, 2.45, 0, 0, 0
3888004,0.00, 100.00, 0.00, 2.45, 0, 0, 0
5444522,0.00, 100.00, 0.00, 2.45, 0, 0, 0
3255862,0.00, 100.00, 0.00, 2.45, 0, 0, 0
3462832,0.00, 100.00, 0.00, 2.45, 0, 0, 0
3192066,0.00, 100.00, 0.00, 2.45, 0, 0, 0
3047551,0.00, 100.00, 0.00, 2.45, 0, 0, 0
3302175,0.00, 100.00, 0.00, 2.45, 0, 0, 0
3575695,0.00, 100.00, 0.00, 2.45, 0, 0, 0
3235778,0.00, 100.00, 0.00, 2.45, 0, 0, 0
3472142,0.00, 100.00, 0.00, 2.45, 0, 0, 0
3858625,0.00, 100.00, 0.00, 2.45, 0, 0, 0
5444522,0.00, 100.00, 0.00, 2.45, 0, 0, 0
3417013,0.00, 100.00, 0.00, 2.45, 0, 0, 0
3239091,0.00, 100.00, 0.00, 2.45, 0, 0, 0
3417469,0.00, 100.00, 0.00, 2.45, 0, 0, 0
3063910,0.00, 100.00, 0.00, 2.45, 0, 0, 0
3755609,0.00, 100.00, 0.00, 2.45, 0, 0, 0
3807812,0.00, 100.00, 0.00, 2.45, 0, 0, 0
3205558,0.00, 100.00, 0.00, 2.45, 0, 0, 0
3456580,0.00, 100.00, 0.00, 2.45, 0, 0, 0
3516587,0.00, 100.00, 0.00, 2.45, 0, 0, 0
5444522,0.00, 100.00, 0.00, 2.45, 0, 0, 0
3546045,0.00, 100.00, 0.00, 2.45, 0, 0, 0
3336391,0.00, 100.00, 0.00, 2.45, 0, 0, 0
3310125,0.00, 100.00, 0.00, 2.45, 0, 0, 0
3402360,0.00, 100.00, 0.00, 2.45, 0, 0, 0
3824392,0.00, 100.00, 0.00, 2.45, 0, 0, 0
3401979,0.00, 100.00, 0.00, 2.45, 0, 0, 0
3483541,0.00, 100.00, 0.00, 2.45, 0, 0, 0
4115107,0.00, 100.00, 0.00, 2.45, 0, 0, 0
3483165,0.00, 100.00, 0.00, 2.45, 0, 0, 0
5444522,0.00, 100.00, 0.00, 2.45, 0, 0, 0
3210778,0.00, 100.00, 0.00, 2.45, 0, 0, 0
3133424,0.00, 100.00, 0.00, 2.45, 0, 0, 0
3249406,0.00, 100.00, 0.00, 2.45, 0, 0, 0
3743151,0.00, 100.00, 0.00, 2.45, 0, 0, 0
3459807,0.00, 100.00, 0.00, 2.45, 0, 0, 0
3294346,0.00, 100.00, 0.00, 2.45, 0, 0, 0
3538560,0.00, 100.00, 0.00, 2.45, 0, 0, 0
3448630,0.00, 100.00, 0.00, 2.45, 0, 0, 0
3574173,0.00, 100.00, 0.00, 2.45, 0, 0, 0
5444522,0.00, 100.00, 0.00, 2.45, 0, 0, 0
3561849,0.00, 100.00, 0.00, 2.45, 0, 0, 0
3438952,0.00, 100.00, 0.00, 2.45, 0, 0, 0
3633141,0.00, 100.00, 0.00, 2.45, 0, 0, 0
3567630,0.00, 100.00, 0.00, 2.45, 0, 0, 0
3113491,0.00, 100.00, 0.00, 2.45, 0, 0, 0
3067233,0.00, 100.00, 0.00, 2.45, 0, 0, 0
3316282,0.00, 100.00, 0.00, 2.45, 0, 0, 0
3192759,0.00, 100.00, 0.00, 2.45, 0, 0, 0
3273785,0.00, 100.00, 0.00, 2.45, 0, 0, 0
5444522,0.00, 100.00, 0.00, 2.45, 0, 0, 0
3305473,0.00, 100.00, 0.00, 2.45, 0, 0, 0
3602614,0.00, 100.00, 0.00, 2.45, 0, 0, 0
3344589,0.00, 100.00, 0.00, 2.45, 0, 0, 0
3107469,0.00, 100.00, 0.00, 2.45, 0, 0, 0
3089370,0.00, 100.00, 0.00, 2.45, 0, 0, 0
3071864,0.00, 100.00, 0.00, 2.45, 0, 0, 0
3578825,0.00, 100.00, 0.00, 2.45, 0, 0, 0
3814811,0.00, 100.00, 0.00, 2.45, 0, 0, 0
3381562,0.00, 100.00, 0.00, 2.45, 0, 0, 0
5444522,0.00, 100.00, 0.00, 2.45, 0, 0, 0
3413470,0.00, 100.00, 0.00, 2.45, 0, 0, 0
3587496,0.00, 100.00, 0.00, 2.45, 0, 0, 0
3355295,0.00, 100.00, 0.00, 2.45, 0, 0, 0
3223329,0.00, 100.00, 0.00, 2.45, 0, 0, 0
3104154,0.00, 100.00, 0.00, 2.45, 0, 0, 0
3044430,0.00, 100.00, 0.00, 2.45, 0, 0, 0
3402135,0.00, 100.00, 0.00, 2.45, 0, 0, 0
3333394,0.00, 100.00, 0.00, 2.45, 0, 0, 0
3072940,0.00, 100.00, 0.00, 2.45, 0, 0, 0
5444522,0.00, 100.00, 0.00, 2.45, 0, 0, 0
3617904,0.00, 100.00, 0.00, 2.45, 0, 0, 0
3846652,0.00, 100.00, 0.00, 2.45, 0, 0, 0
3214200,0.00, 100.00, 0.00, 2.45, 0, 0, 0
3072077,0.00, 100.00, 0.00, 2.45, 0, 0, 0
3087126,0.00, 100.00, 0.00, 2.45, 0, 0, 0
3095760,0.00, 100.00, 0.00, 2.45, 0, 0, 0
3360769,0.00, 100.00, 0.00, 2.45, 0, 0, 0
3467217,0.00, 100.00, 0.00, 2.45, 0, 0, 0
3276459,0.00, 100.00, 0.00, 2.45, 0, 0, 0
5444522,0.00, 100.00, 0.00, 2.45, 0, 0, 0
3864464,0.00, 100.00, 0.00, 2.45, 0, 0, 0
3248320,0.00, 100.00, 0.00, 2.45, 0, 0, 0
3363811,0.00, 100.00, 0.00, 2.45, 0, 0, 0
3394209,0.00, 100.00, 0.00, 2.45, 0, 0, 0
3106244,0.00, 100.00, 0.00, 2.45, 0, 0, 0
3308994,0.00, 100.00, 0.00, 2.45, 0, 0, 0
3367114,0.00, 100.00, 0.00, 2.45, 0, 0, 0
3258902,0.00, 100.00, 0.00, 2.45, 0, 0, 0
3108049,0.00, 100.00, 0.00, 2.45, 0, 0, 0
5444522,0.00, 100.00, 0.00, 2.45, 0, 0, 0
3347050,0.00, 100.00, 0.00, 2.45, 0, 0, 0
3488824,0.00, 100.00, 0.00, 2.45, 0, 0, 0
3358588,0.00, 100.00, 0.00, 2.45, 0, 0, 0
3242885,0.00, 100.00, 0.00, 2.45, 0, 0, 0
3280163,0.00, 100.00, 0.00, 2.45, 0, 0, 0
3200610,0.00, 100.00, 0.00, 2.45, 0, 0, 0
3279074,0.00, 100.00, 0.00, 2.45, 0, 0, 0
3075432,0.00, 100.00, 0.00, 2.45, 0, 0, 0
3317677,0.00, 100.00, 0.00, 2.45, 0, 0, 0
5444522,0.00, 100.00, 0.00, 2.45, 0, 0, 0
3418909,0.00, 100.00, 0.00, 2.45, 0, 0, 0
3948404,0.00, 100.00, 0.00, 2.45, 0, 0, 0
3403875,0.00, 100.00, 0.00, 2.45, 0, 0, 0
3210352,0.00, 100.00, 0.00, 2.45, 0, 0, 0
3345014,0.00, 100.00, 0.00, 2.45, 0, 0, 0
3212771,0.00, 100.00, 0.00, 2.45, 0, 0, 0
3050722,0.00, 100.00, 0.00, 2.45, 0, 0, 0
3519548,0.00, 100.00, 0.00, 2.45, 0, 0, 0
3873188,0.00, 100.00, 0.00, 2.45, 0, 0, 0
5444522,0.00, 100.00, 0.00, 2.45, 0, 0, 0
3558327,0.00, 100.00, 0.00, 2.45, 0, 0, 0
3465943,0.00, 100.00, 0.00, 2.45, 0, 0, 0
3238829,0.00, 100.00, 0.00, 2.45, 0, 0, 0
3075818,0.00, 100.00, 0.00, 2.45, 0, 0, 0
3276954,0.00, 100.00, 0.00, 2.45, 0, 0, 0
3205581,0.00, 100.00, 0.00, 2.45, 0, 0, 0
3136211,0.00, 100.00, 0.00, 2.45, 0, 0, 0
3582035,0.00, 100.00, 0.00, 2.45, 0, 0, 0
3209141,0.00, 100.00, 0.00, 2.45, 0, 0, 0
5444522,0.00, 100.00, 0.00, 2.45, 0, 0, 0
3499839,0.00, 100.00, 0.00, 2.45, 0, 0, 0
3796318,0.00, 100.00, 0.00, 2.45, 0, 0, 0
3367681,0.00, 100.00, 0.00, 2.45, 0, 0, 0
3106607,0.00, 100.00, 0.00, 2.45, 0, 0, 0
3462201,0.00, 100.00, 0.00, 2.45, 0, 0, 0
3132882,0.00, 100.00, 0.00, 2.45, 0, 0, 0
3410035,0.00, 100.00, 0.00, 2.45, 0, 0, 0
3883974,0.00, 100.00, 0.00, 2.45, 0, 0, 0
3311838,0.00, 100.00, 0.00, 2.45, 0, 0, 0
5444522,0.00, 100.00, 0.00, 2.45, 0, 0, 0
3384764,0.00, 100.00, 0.00, 2.45, 0, 0, 0
3516269,0.00, 100.00, 0.00, 2.45, 0, 0, 0
3387189,0.00, 100.00, 0.00, 2.45, 0, 0, 0
3274938,0.00, 100.00, 0.00, 2.45, 0, 0, 0
3200363,0.00, 100.00, 0.00, 2.45, 0, 0, 0
3621016,0.00, 100.00, 0.00, 2.45, 0, 0, 0
3726766,0.00, 100.00, 0.00, 2.45, 0, 0, 0
3491613,0.00, 100.00, 0.00, 2.45, 0, 0, 0
3407597,0.00, 100.00, 0.00, 2.45, 0, 0, 0
5444522,0.00, 100.00, 0.00, 2.45, 0, 0, 0
3719250,0.00, 100.00, 0.00, 2.45, 0, 0, 0
3324713,0.00, 100.00, 0.00, 2.45, 0, 0, 0
3399728,0.00, 100.00, 0.00, 2.45, 0, 0, 0
3234979,0.00, 100.00, 0.00, 2.45, 0, 0, 0
3579235,0.00, 100.00, 0.00, 2.45, 0, 0, 0
3777360,0.00, 100.00, 0.00, 2.45, 0, 0, 0
3503552,0.00, 100.00, 0.00, 2.45, 0, 0, 0
3306637,0.00, 100.00, 0.00, 2.45, 0, 0, 0
3189832,0.00, 100.00, 0.00, 2.45, 0, 0, 0
5444522,0.00, 100.00, 0.00, 2.45, 0, 0, 0
4005146,0.00, 100.00, 0.00, 2.45, 0, 0, 0
3193875,0.00, 100.00, 0.00, 2.45, 0, 0, 0
3077422,0.00, 100.00, 0.00, 2.45, 0, 0, 0
3247354,0.00, 100.00, 0.00, 2.45, 0, 0, 0
3558881,0.00, 100.00, 0.00, 2.45, 0, 0, 0
3283965,0.00, 100.00, 0.00, 2.45, 0, 0, 0
3245664,0.00, 100.00, 0.00, 2.45, 0, 0, 0
3191959,0.00, 100.00, 0.00, 2.45, 0, 0, 0
3175698,0.00, 100.00, 0.00, 2.45, 0, 0, 0
5444522,0.00, 100.00, 0.00, 2.45, 0, 0, 0
3673975,0.00, 100.00, 0.00, 2.45, 0, 0, 0
3277238,0.00, 100.00, 0.00, 2.45, 0, 0, 0
3116637,0.00, 100.00, 0.00, 2.45, 0, 0, 0
3509530,0.00, 100.00, 0.00, 2.45, 0, 0, 0
4178033,0.00, 100.00, 0.00, 2.45, 0, 0, 0
4012974,0.00, 100.00, 0.00, 2.45, 0, 0, 0
3380006,0.00, 100.00, 0.00, 2.45, 0, 0, 0
3168770,0.00, 100.00, 0.00, 2.45, 0, 0, 0
3259448,0.00, 100.00, 0.00, 2.45, 0, 0, 0
5444522,0.00, 100.00, 0.00, 2.45, 0, 0, 0
3293643,0.00, 100.00, 0.00, 2.45, 0, 0, 0
3192638,0.00, 100.00, 0.00, 2.45, 0, 0, 0
3574497,0.00, 100.00, 0.00, 2.45, 0, 0, 0
3661027,0.00, 100.00, 0.00, 2.45, 0, 0, 0
3590687,0.00, 100.00, 0.00, 2.45, 0, 0, 0
3323321,0.00, 100.00, 0.00, 2.45, 0, 0, 0
3147673,0.00, 100.00, 0.00, 2.45, 0, 0, 0
3438359,0.00, 100.00, 0.00, 2.45, 0, 0, 0
3142536,0.00, 100.00, 0.00, 2.45, 0, 0, 0
5444522,0.00, 100.00, 0.00, 2.45, 0, 0, 0
3157680,0.00, 100.00, 0.00, 2.45, 0, 0, 0
3101612,0.00, 100.00, 0.00, 2.45, 0, 0, 0
3540856,0.00, 100.00, 0.00, 2.45, 0, 0, 0
3138659,0.00, 100.00, 0.00, 2.45, 0, 0, 0
3849041,0.00, 100.00, 0.00, 2.45, 0, 0, 0
-996618068,0.00, 100.00, 0.00, 2.45, 0, 0, 0
3257744,0.00, 100.00, 0.00, 2.45, 0, 0, 0
3381950,0.00, 100.00, 0.00, 2.45, 0, 0, 0
3250409,0.00, 100.00, 0.00, 2.45, 0, 0, 0
5444522,0.00, 100.00, 0.00, 2.45, 0, 0, 0
3412782,0.00, 100.00, 0.00, 2.45, 0, 0, 0
3547000,0.00, 100.00, 0.00, 2.45, 0, 0, 0
3408465,0.00, 100.00, 0.00, 2.45, 0, 0, 0
3108338,0.00, 100.00, 0.00, 2.45, 0, 0, 0
3019069,0.00, 100.00, 0.00, 2.45, 0, 0, 0
2921412,0.00, 100.00, 0.00, 2.45, 0, 0, 0
3019148,0.00, 100.00, 0.00, 2.45, 0, 0, 0
2972876,0.00, 100.00, 0.00, 2.45, 0, 0, 0
2977415,0.00, 100.00, 0.00, 2.45, 0, 0, 0
5444522,0.00, 100.00, 0.00, 2.45, 0, 0, 0
3107446,0.00, 100.00, 0.00, 2.45, 0, 0, 0
3114144,0.00, 100.00, 0.00, 2.45, 0, 0, 0
3102687,0.00, 100.00, 0.00, 2.45, 0, 0, 0
2794699,0.00, 100.00, 0.00, 2.45, 0, 0, 0
2881599,0.00, 100.00, 0.00, 2.45, 0, 0, 0
3094212,0.00, 100.00, 0.00, 2.45, 0, 0, 0
3092800,0.00, 100.00, 0.00, 2.45, 0, 0, 0
3016618,0.00, 100.00, 0.00, 2.45, 0, 0, 0
3248609,0.00, 100.00, 0.00, 2.45, 0, 0, 0
5444522,0.00, 100.00, 0.00, 2.45, 0, 0, 0
3158885,0.00, 100.00, 0.00, 2.45, 0, 0, 0
3204096,0.00, 100.00, 0.00, 2.45, 0, 0, 0
3512418,0.00, 100.00, 0.00, 2.45, 0, 0, 0
3225778,0.00, 100.00, 0.00, 2.45, 0, 0, 0
3082990,0.00, 100.00, 0.00, 2.45, 0, 0, 0
3508344,0.00, 100.00, 0.00, 2.45, 0, 0, 0
3774579,0.00, 100.00, 0.00, 2.45, 0, 0, 0
3523588,0.00, 100.00, 0.00, 2.45, 0, 0, 0
3400103,0.00, 100.00, 0.00, 2.45, 0, 0, 0
5444522,0.00, 100.00, 0.00, 2.45, 0, 0, 0
3634091,0.00, 100.00, 0.00, 2.45, 0, 0, 0
3833748,0.00, 100.00, 0.00, 2.45, 0, 0, 0
3253664,0.00, 100.00, 0.00, 2.45, 0, 0, 0
3215744,0.00, 100.00, 0.00, 2.45, 0, 0, 0
3124000,0.00, 100.00, 0.00, 2.45, 0, 0, 0
3542631,0.00, 100.00, 0.00, 2.45, 0, 0, 0
3308187,0.00, 100.00, 0.00, 2.45, 0, 0, 0
3146375,0.00, 100.00, 0.00, 2.45, 0, 0, 0
3280835,0.00, 100.00, 0.00, 2.45, 0, 0, 0
5444522,0.00, 100.00, 0.00, 2.45, 0, 0, 0
3477986,0.00, 100.00, 0.00, 2.45, 0, 0, 0
3603490,0.00, 100.00, 0.00, 2.45, 0, 0, 0
3234879,0.00, 100.00, 0.00, 2.45, 0, 0, 0
3081850,0.00, 100.00, 0.00, 2.45, 0, 0, 0
3196721,0.00, 100.00, 0.00, 2.45, 0, 0, 0
3486065,0.00, 100.00, 0.00, 2.45, 0, 0, 0
3234339,0.00, 100.00, 0.00, 2.45, 0, 0, 0
3235410,0.00, 100.00, 0.00, 2.45, 0, 0, 0
3344141,0.00, 100.00, 0.00, 2.45, 0, 0, 0
5444522,0.00, 100.00, 0.00, 2.45, 0, 0, 0
3744579,0.00, 100.00, 0.00, 2.45, 0, 0, 0
3519827,0.00, 100.00, 0.00, 2.45, 0, 0, 0
3249892,0.00, 100.00, 0.00, 2.45, 0, 0, 0
3155771,0.00, 100.00, 0.00, 2.45, 0, 0, 0
3446437,0.00, 100.00, 0.00, 2.45, 0, 0, 0
3429730,0.00, 100.00, 0.00, 2.45, 0, 0, 0
3236950,0.00, 100.00, 0.00, 2.45, 0, 0, 0
3052475,0.00, 100.00, 0.00, 2.45, 0, 0, 0
3305215,0.00, 100.00, 0.00, 2.45, 0, 0, 0
5444522,0.00, 100.00, 0.00, 2.45, 0, 0, 0
3322912,0.00, 100.00, 0.00, 2.45, 0, 0, 0
3092480,0.00, 100.00, 0.00, 2.45, 0, 0, 0
3118572,0.00, 100.00, 0.00, 2.45, 0, 0, 0
3164303,0.00, 100.00, 0.00, 2.45, 0, 0, 0
3492848,0.00, 100.00, 0.00, 2.45, 0, 0, 0
4061125,0.00, 100.00, 0.00, 2.45, 0, 0, 0
3212830,0.00, 100.00, 0.00, 2.45, 0, 0, 0
3264542,0.00, 100.00, 0.00, 2.45, 0, 0, 0
3537602,0.00, 100.00, 0.00, 2.45, 0, 0, 0
5444522,0.00, 100.00, 0.00, 2.45, 0, 0, 0
3712089,0.00, 100.00, 0.00, 2.45, 0, 0, 0
3237553,0.00, 100.00, 0.00, 2.45, 0, 0, 0
3125985,0.00, 100.00, 0.00, 2.45, 0, 0, 0
3252894,0.00, 100.00, 0.00, 2.45, 0, 0, 0
3243871,0.00, 100.00, 0.00, 2.45, 0, 0, 0
3240247,0.00, 100.00, 0.00, 2.45, 0, 0, 0
3199148,0.00, 100.00, 0.00, 2.45, 0, 0, 0
3316011,0.00, 100.00, 0.00, 2.45, 0, 0, 0
3504952,0.00, 100.00, 0.00, 2.45, 0, 0, 0
5444522,0.00, 100.00, 0.00, 2.45, 0, 0, 0
3463917,0.00, 100.00, 0.00, 2.45, 0, 0, 0
3158007,0.00, 100.00, 0.00, 2.45, 0, 0, 0
3103141,0.00, 100.00, 0.00, 2.45, 0, 0, 0
3292781,0.00, 100.00, 0.00, 2.45, 0, 0, 0
3213113,0.00, 100.00, 0.00, 2.45, 0, 0, 0
3079329,0.00, 100.00, 0.00, 2.45, 0, 0, 0
3159996,0.00, 100.00, 0.00, 2.45, 0, 0, 0
3333271,0.00, 100.00, 0.00, 2.45, 0, 0, 0
3677858,0.00, 100.00, 0.00, 2.45, 0, 0, 0
5444522,0.00, 100.00, 0.00, 2.45, 0, 0, 0
3361891,0.00, 100.00, 0.00, 2.45, 0, 0, 0
3094269,0.00, 100.00, 0.00, 2.45, 0, 0, 0
3102964,0.00, 100.00, 0.00, 2.45, 0, 0, 0
3461877,0.00, 100.00, 0.00, 2.45, 0, 0, 0
3354906,0.00, 100.00, 0.00, 2.45, 0, 0, 0
3200848,0.00, 100.00, 0.00, 2.45, 0, 0, 0
3645496,0.00, 100.00, 0.00, 2.45, 0, 0, 0
3729566,0.00, 100.00, 0.00, 2.45, 0, 0, 0
3186688,0.00, 100.00, 0.00, 2.45, 0, 0, 0
5444522,0.00, 100.00, 0.00, 2.45, 0, 0, 0
3494134,0.00, 100.00, 0.00, 2.45, 0, 0, 0
3358431,0.00, 100.00, 0.00, 2.45, 0, 0, 0
3438403,0.00, 100.00, 0.00, 2.45, 0, 0, 0
3377330,0.00, 100.00, 0.00, 2.45, 0, 0, 0
3179596,0.00, 100.00, 0.00, 2.45, 0, 0, 0
3280571,0.00, 100.00, 0.00, 2.45, 0, 0, 0
3571596,0.00, 100.00, 0.00, 2.45, 0, 0, 0
3338607,0.00, 100.00, 0.00, 2.45, 0, 0, 0
3097152,0.00, 100.00, 0.00, 2.45, 0, 0, 0
5444522,0.00, 100.00, 0.00, 2.45, 0, 0, 0
3474038,0.00, 100.00, 0.00, 2.45, 0, 0, 0
3246009,0.00, 100.00, 0.00, 2.45, 0, 0, 0
3265244,0.00, 100.00, 0.00, 2.45, 0, 0, 0
3223270,0.00, 100.00, 0.00, 2.45, 0, 0, 0
3111751,0.00, 100.00, 0.00, 2.45, 0, 0, 0
3411358,0.00, 100.00, 0.00, 2.45, 0, 0, 0
3433564,0.00, 100.00, 0.00, 2.45, 0, 0, 0
3183714,0.00, 100.00, 0.00, 2.45, 0, 0, 0
3055159,0.00, 100.00, 0.00, 2.45, 0, 0, 0
5444522,0.00, 100.00, 0.00, 2.45, 0, 0, 0
3428276,0.00, 100.00, 0.00, 2.45, 0, 0, 0
3245036,0.00, 100.00, 0.00, 2.45, 0, 0, 0
3247257,0.00, 100.00, 0.00, 2.45, 0, 0, 0
3212676,0.00, 100.00, 0.00, 2.45, 0, 0, 0
3129671,0.00, 100.00, 0.00, 2.45, 0, 0, 0
3255437,0.00, 100.00, 0.00, 2.45, 0, 0, 0
3574086,0.00, 100.00, 0.00, 2.45, 0, 0, 0
3352209,0.00, 100.00, 0.00, 2.45, 0, 0, 0
3102498,0.00, 100.00, 0.00, 2.45, 0, 0, 0
5444522,0.00, 100.00, 0.00, 2.45, 0, 0, 0
3549411,0.00, 100.00, 0.00, 2.45, 0, 0, 0
3460071,0.00, 100.00, 0.00, 2.45, 0, 0, 0
3349032,0.00, 100.00, 0.00, 2.45, 0, 0, 0
3206135,0.00, 100.00, 0.00, 2.45, 0, 0, 0
3510375,0.00, 100.00, 0.00, 2.45, 0, 0, 0
3697068,0.00, 100.00, 0.00, 2.45, 0, 0, 0
3194655,0.00, 100.00, 0.00, 2.45, 0, 0, 0
3103194,0.00, 100.00, 0.00, 2.45, 0, 0, 0
3092572,0.00, 100.00, 0.00, 2.45, 0, 0, 0
5444522,0.00, 100.00, 0.00, 2.45, 0, 0, 0
3438329,0.00, 100.00, 0.00, 2.45, 0, 0, 0
3141093,0.00, 100.00, 0.00, 2.45, 0, 0, 0
3041491,0.00, 100.00, 0.00, 2.45, 0, 0, 0
3063616,0.00, 100.00, 0.00, 2.45, 0, 0, 0
3406081,0.00, 100.00, 0.00, 2.45, 0, 0, 0
3635226,0.00, 100.00, 0.00, 2.45, 0, 0, 0
3326240,0.00, 100.00, 0.00, 2.45, 0, 0, 0
3223515,0.00, 100.00, 0.00, 2.45, 0, 0, 0
3147432,0.00, 100.00, 0.00, 2.45, 0, 0, 0
5444522,0.00, 100.00, 0.00, 2.45, 0, 0, 0
3300337,0.00, 100.00, 0.00, 2.45, 0, 0, 0
3361023,0.00, 100.00, 0.00, 2.45, 0, 0, 0
3182285,0.00, 100.00, 0.00, 2.45, 0, 0, 0
3432182,0.00, 100.00, 0.00, 2.45, 0, 0, 0
3481985,0.00, 100.00, 0.00, 2.45, 0, 0, 0
3337818,0.00, 100.00, 0.00, 2.45, 0, 0, 0
3265084,0.00, 100.00, 0.00, 2.45, 0, 0, 0
3501488,0.00, 100.00, 0.00, 2.45, 0, 0, 0
3180487,0.00, 100.00, 0.00, 2.45, 0, 0, 0
5444522,0.00, 100.00, 0.00, 2.45, 0, 0, 0
3608427,0.00, 100.00, 0.00, 2.45, 0, 0, 0
3266021,0.00, 100.00, 0.00, 2.45, 0, 0, 0
3237891,0.00, 100.00, 0.00, 2.45, 0, 0, 0
3431120,0.00, 100.00, 0.00, 2.45, 0, 0, 0
3752988,0.00, 100.00, 0.00, 2.45, 0, 0, 0
3244959,0.00, 100.00, 0.00, 2.45, 0, 0, 0
3183080,0.00, 100.00, 0.00, 2.45, 0, 0, 0
3274680,0.00, 100.00, 0.00, 2.45, 0, 0, 0
3156740,0.00, 100.00, 0.00, 2.45, 0, 0, 0
5444522,0.00, 100.00, 0.00, 2.45, 0, 0, 0
3333919,0.00, 100.00, 0.00, 2.45, 0, 0, 0
3178887,0.00, 100.00, 0.00, 2.45, 0, 0, 0
3353709,0.00, 100.00, 0.00, 2.45, 0, 0, 0
3676857,0.00, 100.00, 0.00, 2.45, 0, 0, 0
3599565,0.00, 100.00, 0.00, 2.45, 0, 0, 0
3312905,0.00, 100.00, 0.00, 2.45, 0, 0, 0
3275825,0.00, 100.00, 0.00, 2.45, 0, 0, 0
3173995,0.00, 100.00, 0.00, 2.45, 0, 0, 0
3116301,0.00, 100.00, 0.00, 2.45, 0, 0, 0
5444522,0.00, 100.00, 0.00, 2.45, 0, 0, 0
3230701,0.00, 100.00, 0.00, 2.45, 0, 0, 0
3087441,0.00, 100.00, 0.00, 2.45, 0, 0, 0
3505199,0.00, 100.00, 0.00, 2.45, 0, 0, 0
3626770,0.00, 100.00, 0.00, 2.45, 0, 0, 0
3485807,0.00, 100.00, 0.00, 2.45, 0, 0, 0
3269932,0.00, 100.00, 0.00, 2.45, 0, 0, 0
3227594,0.00, 100.00, 0.00, 2.45, 0, 0, 0
3194439,0.00, 100.00, 0.00, 2.45, 0, 0, 0
3188478,0.00, 100.00, 0.00, 2.45, 0, 0, 0
5444522,0.00, 100.00, 0.00, 2.45, 0, 0, 0
3314924,0.00, 100.00, 0.00, 2.45, 0, 0, 0
3495999,0.00, 100.00, 0.00, 2.45, 0, 0, 0
3734806,0.00, 100.00, 0.00, 2.45, 0, 0, 0
3272054,0.00, 100.00, 0.00, 2.45, 0, 0, 0
3836591,0.00, 100.00, 0.00, 2.45, 0, 0, 0
3303784,0.00, 100.00, 0.00, 2.45, 0, 0, 0
3191771,0.00, 100.00, 0.00, 2.45, 0, 0, 0
3430675,0.00, 100.00, 0.00, 2.45, 0, 0, 0
3238818,0.00, 100.00, 0.00, 2.45, 0, 0, 0
5444522,0.00, 100.00, 0.00, 2.45, 0, 0, 0
3340706,0.00, 100.00, 0.00, 2.45, 0, 0, 0
3266589,0.00, 100.00, 0.00, 2.45, 0, 0, 0
3799444,0.00, 100.00, 0.00, 2.45, 0, 0, 0
3393958,0.00, 100.00, 0.00, 2.45, 0, 0, 0
3769532,0.00, 100.00, 0.00, 2.45, 0, 0, 0
3251403,0.00, 100.00, 0.00, 2.45, 0, 0, 0
3056181,0.00, 100.00, 0.00, 2.45, 0, 0, 0
3176947,0.00, 100.00, 0.00, 2.45, 0, 0, 0
3507189,0.00, 100.00, 0.00, 2.45, 0, 0, 0
5444522,0.00, 100.00, 0.00, 2.45, 0, 0, 0
3438108,0.00, 100.00, 0.00, 2.45, 0, 0, 0
3520780,0.00, 100.00, 0.00, 2.45, 0, 0, 0
3268224,0.00, 100.00, 0.00, 2.45, 0, 0, 0
3674652,0.00, 100.00, 0.00, 2.45, 0, 0, 0
3600247,0.00, 100.00, 0.00, 2.45, 0, 0, 0
3221046,0.00, 100.00, 0.00, 2.45, 0, 0, 0
3056020,0.00, 100.00, 0.00, 2.45, 0, 0, 0
3201204,0.00, 100.00, 0.00, 2.45, 0, 0, 0
3145098,0.00, 100.00, 0.00, 2.45, 0, 0, 0
5444522,0.00, 100.00, 0.00, 2.45, 0, 0, 0
3702516,0.00, 100.00, 0.00, 2.45, 0, 0, 0
3637864,0.00, 100.00, 0.00, 2.45, 0, 0, 0
3320841,0.00, 100.00, 0.00, 2.45, 0, 0, 0
3243368,0.00, 100.00, 0.00, 2.45, 0, 0, 0
3370375,0.00, 100.00, 0.00, 2.45, 0, 0, 0
3524678,0.00, 100.00, 0.00, 2.45, 0, 0, 0
3388098,0.00, 100.00, 0.00, 2.45, 0, 0, 0
3237051,0.00, 100.00, 0.00, 2.45, 0, 0, 0
3092181,0.00, 100.00, 0.00, 2.45, 0, 0, 0
5444522,0.00, 100.00, 0.00, 2.45, 0, 0, 0
3725357,0.00, 100.00, 0.00, 2.45, 0, 0, 0
3243034,0.00, 100.00, 0.00, 2.45, 0, 0, 0
3184230,0.00, 100.00, 0.00, 2.45, 0, 0, 0
3221986,0.00, 100.00, 0.00, 2.45, 0, 0, 0
3318509,0.00, 100.00, 0.00, 2.45, 0, 0, 0
3438968,0.00, 100.00, 0.00, 2.45, 0, 0, 0
3332520,0.00, 100.00, 0.00, 2.45, 0, 0, 0
3305754,0.00, 100.00, 0.00, 2.45, 0, 0, 0
3267195,0.00, 100.00, 0.00, 2.45, 0, 0, 0
5444522,0.00, 100.00, 0.00, 2.45, 0, 0, 0
3748335,0.00, 100.00, 0.00, 2.45, 0, 0, 0
3427263,0.00, 100.00, 0.00, 2.45, 0, 0, 0
3125895,0.00, 100.00, 0.00, 2.45, 0, 0, 0
3808708,0.00, 100.00, 0.00, 2.45, 0, 0, 0
3832560,0.00, 100.00, 0.00, 2.45, 0, 0, 0
3396566,0.00, 100.00, 0.00, 2.45, 0, 0, 0
3396125,0.00, 100.00, 0.00, 2.45, 0, 0, 0
3364395,0.00, 100.00, 0.00, 2.45, 0, 0, 0
3526265,0.00, 100.00, 0.00, 2.45, 0, 0, 0
5444522,0.00, 100.00, 0.00, 2.45, 0, 0, 0
3281619,0.00, 100.00, 0.00, 2.45, 0, 0, 0
3080850,0.00, 100.00, 0.00, 2.45, 0, 0, 0
3284302,0.00, 100.00, 0.00, 2.45, 0, 0, 0
4234475,0.00, 100.00, 0.00, 2.45, 0, 0, 0
3288208,0.00, 100.00, 0.00, 2.45, 0, 0, 0
3128057,0.00, 100.00, 0.00, 2.45, 0, 0, 0
3203942,0.00, 100.00, 0.00, 2.45, 0, 0, 0
3543110,0.00, 100.00, 0.00, 2.45, 0, 0, 0
3556915,0.00, 100.00, 0.00, 2.45, 0, 0, 0
5444522,0.00, 100.00, 0.00, 2.45, 0, 0, 0
3409991,0.00, 100.00, 0.00, 2.45, 0, 0, 0
3130896,0.00, 100.00, 0.00, 2.45, 0, 0, 0
3374467,0.00, 100.00, 0.00, 2.45, 0, 0, 0
3335840,0.00, 100.00, 0.00, 2.45, 0, 0, 0
3293262,0.00, 100.00, 0.00, 2.45, 0, 0, 0
3170098,0.00, 100.00, 0.00, 2.45, 0, 0, 0
3449390,0.00, 100.00, 0.00, 2.45, 0, 0, 0
3486518,0.00, 100.00, 0.00, 2.45, 0, 0, 0
3400455,0.00, 100.00, 0.00, 2.45, 0, 0, 0
5444522,0.00, 100.00, 0.00, 2.45, 0, 0, 0
3339155,0.00, 100.00, 0.00, 2.45, 0, 0, 0
3117032,0.00, 100.00, 0.00, 2.45, 0, 0, 0
3606703,0.00, 100.00, 0.00, 2.45, 0, 0, 0
3411353,0.00, 100.00, 0.00, 2.45, 0, 0, 0
3284605,0.00, 100.00, 0.00, 2.45, 0, 0, 0
3165491,0.00, 100.00, 0.00, 2.45, 0, 0, 0
3484989,0.00, 100.00, 0.00, 2.45, 0, 0, 0
3629406,0.00, 100.00, 0.00, 2.45, 0, 0, 0
3414875,0.00, 100.00, 0.00, 2.45, 0, 0, 0
5444522,0.00, 100.00, 0.00, 2.45, 0, 0, 0
3406798,0.00, 100.00, 0.00, 2.45, 0, 0, 0
3092118,0.00, 100.00, 0.00, 2.45, 0, 0, 0
3613203,0.00, 100.00, 0.00, 2.45, 0, 0, 0
3237553,0.00, 100.00, 0.00, 2.45, 0, 0, 0
3216229,0.00, 100.00, 0.00, 2.45, 0, 0, 0
3316626,0.00, 100.00, 0.00, 2.45, 0, 0, 0
3744494,0.00, 100.00, 0.00, 2.45, 0, 0, 0
3242328,0.00, 100.00, 0.00, 2.45, 0, 0, 0
3303183,0.00, 100.00, 0.00, 2.45, 0, 0, 0
5444522,0.00, 100.00, 0.00, 2.45, 0, 0, 0
3494585,0.00, 100.00, 0.00, 2.45, 0, 0, 0
3363858,0.00, 100.00, 0.00, 2.45, 0, 0, 0
-996526183,0.00, 100.00, 0.00, 2.45, 0, 0, 0
3266429,0.00, 100.00, 0.00, 2.45, 0, 0, 0
3340862,0.00, 100.00, 0.00, 2.45, 0, 0, 0
3479135,0.00, 100.00, 0.00, 2.45, 0, 0, 0
3656174,0.00, 100.00, 0.00, 2.45, 0, 0, 0
3944885,0.00, 100.00, 0.00, 2.45, 0, 0, 0
3208171,0.00, 100.00, 0.00, 2.45, 0, 0, 0
5444522,0.00, 100.00, 0.00, 2.45, 0, 0, 0
3710446,0.00, 100.00, 0.00, 2.45, 0, 0, 0
3162950,0.00, 100.00, 0.00, 2.45, 0, 0, 0
3203095,0.00, 100.00, 0.00, 2.45, 0, 0, 0
3107754,0.00, 100.00, 0.00, 2.45, 0, 0, 0
3459162,0.00, 100.00, 0.00, 2.45, 0, 0, 0
3568799,0.00, 100.00, 0.00, 2.45, 0, 0, 0
3140650,0.00, 100.00, 0.00, 2.45, 0, 0, 0
3920847,0.00, 100.00, 0.00, 2.45, 0, 0, 0
3487153,0.00, 100.00, 0.00, 2.45, 0, 0, 0
5444522,0.00, 100.00, 0.00, 2.45, 0, 0, 0
3597869,0.00, 100.00, 0.00, 2.45, 0, 0, 0
3413027,0.00, 100.00, 0.00, 2.45, 0, 0, 0
3127443,0.00, 100.00, 0.00, 2.45, 0, 0, 0
3265856,0.00, 100.00, 0.00, 2.45, 0, 0, 0
3678535,0.00, 100.00, 0.00, 2.45, 0, 0, 0
3285490,0.00, 100.00, 0.00, 2.45, 0, 0, 0
3413370,0.00, 100.00, 0.00, 2.45, 0, 0, 0
3266731,0.00, 100.00, 0.00, 2.45, 0, 0, 0
3252342,0.00, 100.00, 0.00, 2.45, 0, 0, 0
5444522,0.00, 100.00, 0.00, 2.45, 0, 0, 0
3470485,0.00, 100.00, 0.00, 2.45, 0, 0, 0
3543495,0.00, 100.00, 0.00, 2.45, 0, 0, 0
3125469,0.00, 100.00, 0.00, 2.45, 0, 0, 0
3363208,0.00, 100.00, 0.00, 2.45, 0, 0, 0
3634422,0.00, 100.00, 0.00, 2.45, 0, 0, 0
3309207,0.00, 100.00, 0.00, 2.45, 0, 0, 0
3264832,0.00, 100.00, 0.00, 2.45, 0, 0, 0
3351378,0.00, 100.00, 0.00, 2.45, 0, 0, 0
3233688,0.00, 100.00, 0.00, 2.45, 0, 0, 0
5444522,0.00, 100.00, 0.00, 2.45, 0, 0, 0
3381021,0.00, 100.00, 0.00, 2.45, 0, 0, 0
3130280,0.00, 100.00, 0.00, 2.45, 0, 0, 0
3103054,0.00, 100.00, 0.00, 2.45, 0, 0, 0
3787754,0.00, 100.00, 0.00, 2.45, 0, 0, 0
3245819,0.00, 100.00, 0.00, 2.45, 0, 0, 0
3153436,0.00, 100.00, 0.00, 2.45, 0, 0, 0
3372480,0.00, 100.00, 0.00, 2.45, 0, 0, 0
3343663,0.00, 100.00, 0.00, 2.45, 0, 0, 0
3162332,0.00, 100.00, 0.00, 2.45, 0, 0, 0
5444522,0.00, 100.00, 0