Thu Nov 22 15:22:00 2018
StepTime, x, v, f, xdes, vdes, fdes, cmd, IR, LSB, LSF
5629160, 0.00, 0.00, -10.58, 100.00, 0.00, 0.00, 3.35, 0.00, -10, 0, 0
2919580, 0.00, 0.00, -10.58, 100.00, 0.00, 0.00, 3.35, 0.00, -10, 0, 0
2805838, 0.00, 0.00, -10.58, 100.00, 0.00, 0.00, 3.35, 0.00, -10, 0, 0
3139316, 0.00, 0.00, -10.58, 100.00, 0.00, 0.00, 3.35, 0.00, -10, 0, 0
3402635, 0.00, 0.00, -10.58, 100.00, 0.00, 0.00, 3.35, 0.00, -10, 0, 0
3001466, 0.00, 0.00, -10.58, 100.00, 0.00, 0.00, 3.35, 0.00, -10, 0, 0
2790480, 0.00, 0.00, -10.58, 100.00, 0.00, 0.00, 3.35, 0.00, -10, 0, 0
2863716, 0.00, 0.00, -10.58, 100.00, 0.00, 0.00, 3.35, 0.00, -10, 0, 0
2779636, 0.00, 0.00, -10.58, 100.00, 0.00, 0.00, 3.35, 0.00, -10, 0, 0
2673055, 0.00, 0.00, -10.58, 100.00, 0.00, 0.00, 3.35, 0.00, -10, 0, 0
5629160, 0.00, 0.00, -10.58, 100.00, 0.00, 0.00, 3.35, 0.00, -10, 0, 0
2686083, 0.00, 0.00, -10.58, 100.00, 0.00, 0.00, 3.35, 0.00, -10, 0, 0
2727065, 0.00, 0.00, -10.58, 100.00, 0.00, 0.00, 3.35, 0.00, -10, 0, 0
2692462, 0.00, 0.00, -10.58, 100.00, 0.00, 0.00, 3.35, 0.00, -10, 0, 0
2711293, 0.00, 0.00, -10.58, 100.00, 0.00, 0.00, 3.35, 0.00, -10, 0, 0
2720133, 0.00, 0.00, -10.58, 100.00, 0.00, 0.00, 3.35, 0.00, -10, 0, 0
2699191, 0.00, 0.00, -10.58, 100.00, 0.00, 0.00, 3.35, 0.00, -10, 0, 0
2712560, 0.00, 0.00, -10.58, 100.00, 0.00, 0.00, 3.35, 0.00, -10, 0, 0
2708559, 0.00, 0.00, -10.58, 100.00, 0.00, 0.00, 3.35, 0.00, -10, 0, 0
2729588, 0.00, 0.00, -10.58, 100.00, 0.00, 0.00, 3.35, 0.00, -10, 0, 0
5629160, 0.00, 0.00, -10.58, 100.00, 0.00, 0.00, 3.35, 0.00, -10, 0, 0
2883097, 0.00, 0.00, -10.58, 100.00, 0.00, 0.00, 3.35, 0.00, -10, 0, 0
3034083, 0.00, 0.00, -10.58, 100.00, 0.00, 0.00, 3.35, 0.00, -10, 0, 0
3230113, 0.00, 0.00, -10.58, 100.00, 0.00, 0.00, 3.35, 0.00, -10, 0, 0
2686524, 0.00, 0.00, -10.58, 100.00, 0.00, 0.00, 3.35, 0.00, -10, 0, 0
2712333, 0.00, 0.00, -10.58, 100.00, 0.00, 0.00, 3.35, 0.00, -10, 0, 0
2706975, 0.00, 0.00, -10.58, 100.00, 0.00, 0.00, 3.35, 0.00, -10, 0, 0
2714318, 0.00, 0.00, -10.58, 100.00, 0.00, 0.00, 3.35, 0.00, -10, 0, 0
2713684, 0.00, 0.00, -10.58, 100.00, 0.00, 0.00, 3.35, 0.00, -10, 0, 0
2682873, 0.00, 0.00, -10.58, 100.00, 0.00, 0.00, 3.35, 0.00, -10, 0, 0
5629160, 0.00, 0.00, -10.58, 100.00, 0.00, 0.00, 3.35, 0.00, -10, 0, 0
2698512, 0.00, 0.00, -10.58, 100.00, 0.00, 0.00, 3.35, 0.00, -10, 0, 0
2600747, 0.00, 0.00, -10.58, 100.00, 0.00, 0.00, 3.35, 0.00, -10, 0, 0
2681886, 0.00, 0.00, -10.58, 100.00, 0.00, 0.00, 3.35, 0.00, -10, 0, 0
2564933, 0.00, 0.00, -10.58, 100.00, 0.00, 0.00, 3.35, 0.00, -10, 0, 0
2562116, 0.00, 0.00, -10.58, 100.00, 0.00, 0.00, 3.35, 0.00, -10, 0, 0
2564501, 0.00, 0.00, -10.58, 100.00, 0.00, 0.00, 3.35, 0.00, -10, 0, 0
2603747, 0.00, 0.00, -10.58, 100.00, 0.00, 0.00, 3.35, 0.00, -10, 0, 0
2715125, 0.00, 0.00, -10.58, 100.00, 0.00, 0.00, 3.35, 0.00, -10, 0, 0
2704946, 0.00, 0.00, -10.58, 100.00, 0.00, 0.00, 3.35, 0.00, -10, 0, 0
5629160, 0.00, 0.00, -10.58, 100.00, 0.00, 0.00, 3.35, 0.00, -10, 0, 0
2669865, 0.00, 0.00, -10.58, 100.00, 0.00, 0.00, 3.35, 0.00, -10, 0, 0
2595300, 0.00, 0.00, -10.58, 100.00, 0.00, 0.00, 3.35, 0.00, -10, 0, 0
3034086, 0.00, 0.00, -10.58, 100.00, 0.00, 0.00, 3.35, 0.00, -10, 0, 0
3057505, 0.00, 0.00, -10.58, 100.00, 0.00, 0.00, 3.35, 0.00, -10, 0, 0
2856869, 0.00, 0.00, -10.58, 100.00, 0.00, 0.00, 3.35, 0.00, -10, 0, 0
2719207, 0.00, 0.00, -10.58, 100.00, 0.00, 0.00, 3.35, 0.00, -10, 0, 0
3318170, 0.00, 0.00, -10.58, 100.00, 0.00, 0.00, 3.35, 0.00, -10, 0, 0
3143259, 0.00, 0.00, -10.58, 100.00, 0.00, 0.00, 3.35, 0.00, -10, 0, 0
2863804, 0.00, 0.00, -10.58, 100.00, 0.00, 0.00, 3.35, 0.00, -10, 0, 0
5629160, 0.00, 0.00, -10.58, 100.00, 0.00, 0.00, 3.35, 0.00, -10, 0, 0
2951248, 0.00, 0.00, -10.58, 100.00, 0.00, 0.00, 3.35, 0.00, -10, 0, 0
3131443, 0.00, 0.00, -10.58, 100.00, 0.00, 0.00, 3.35, 0.00, -10, 0, 0
3220079, 0.00, 0.00, -10.58, 100.00, 0.00, 0.00, 3.35, 0.00, -10, 0, 0
3353277, 0.00, 0.00, -10.58, 100.00, 0.00, 0.00, 3.35, 0.00, -10, 0, 0
2763191, 0.00, 0.00, -10.58, 100.00, 0.00, 0.00, 3.35, 0.00, -10, 0, 0
2806067, 0.00, 0.00, -10.58, 100.00, 0.00, 0.00, 3.35, 0.00, -10, 0, 0
2700170, 0.00, 0.00, -10.58, 100.00, 0.00, 0.00, 3.35, 0.00, -10, 0, 0
2882988, 0.00, 0.00, -10.58, 100.00, 0.00, 0.00, 3.35, 0.00, -10, 0, 0
2768040, 0.00, 0.00, -10.58, 100.00, 0.00, 0.00, 3.35, 0.00, -10, 0, 0
5629160, 0.00, 0.00, -10.58, 100.00, 0.00, 0.00, 3.35, 0.00, -10, 0, 0
2832703, 0.00, 0.00, -10.58, 100.00, 0.00, 0.00, 3.35, 0.00, -10, 0, 0
2729833, 0.00, 0.00, -10.58, 100.00, 0.00, 0.00, 3.35, 0.00, -10, 0, 0
2867767, 0.00, 0.00, -10.58, 100.00, 0.00, 0.00, 3.35, 0.00, -10, 0, 0
3200630, 0.00, 0.00, -10.58, 100.00, 0.00, 0.00, 3.35, 0.00, -10, 0, 0
2867604, 0.00, 0.00, -10.58, 100.00, 0.00, 0.00, 3.35, 0.00, -10, 0, 0
2841433, 0.00, 0.00, -10.58, 100.00, 0.00, 0.00, 3.35, 0.00, -10, 0, 0
2743738, 0.00, 0.00, -10.58, 100.00, 0.00, 0.00, 3.35, 0.00, -10, 0, 0
2972838, 0.00, 0.00, -10.58, 100.00, 0.00, 0.00, 3.35, 0.00, -10, 0, 0
3225019, 0.00, 0.00, -10.58, 100.00, 0.00, 0.00, 3.35, 0.00, -10, 0, 0
5629160, 0.00, 0.00, -10.58, 100.00, 0.00, 0.00, 3.35, 0.00, -10, 0, 0
2756138, 0.00, 0.00, -10.58, 100.00, 0.00, 0.00, 3.35, 0.00, -10, 0, 0
2716417, 0.00, 0.00, -10.58, 100.00, 0.00, 0.00, 3.35, 0.00, -10, 0, 0
2871369, 0.00, 0.00, -10.58, 100.00, 0.00, 0.00, 3.35, 0.00, -10, 0, 0
3144338, 0.00, 0.00, -10.58, 100.00, 0.00, 0.00, 3.35, 0.00, -10, 0, 0
3627525, 0.00, 0.00, -10.58, 100.00, 0.00, 0.00, 3.35, 0.00, -10, 0, 0
3408657, 0.00, 0.00, -10.58, 100.00, 0.00, 0.00, 3.35, 0.00, -10, 0, 0
3268790, 0.00, 0.00, -10.58, 100.00, 0.00, 0.00, 3.35, 0.00, -10, 0, 0
3142718, 0.00, 0.00, -10.58, 100.00, 0.00, 0.00, 3.35, 0.00, -10, 0, 0
3379239, 0.00, 0.00, -10.58, 100.00, 0.00, 0.00, 3.35, 0.00, -10, 0, 0
5629160, 0.00, 0.00, -10.58, 100.00, 0.00, 0.00, 3.35, 0.00, -10, 0, 0
3231494, 0.00, 0.00, -10.58, 100.00, 0.00, 0.00, 3.35, 0.00, -10, 0, 0
3103366, 0.00, 0.00, -10.58, 100.00, 0.00, 0.00, 3.35, 0.00, -10, 0, 0
3347645, 0.00, 0.00, -10.58, 100.00, 0.00, 0.00, 3.35, 0.00, -10, 0, 0
3772397, 0.00, 0.00, -10.58, 100.00, 0.00, 0.00, 3.35, 0.00, -10, 0, 0
3234865, 0.00, 0.00, -10.58, 100.00, 0.00, 0.00, 3.35, 0.00, -10, 0, 0
3918832, 0.00, 0.00, -10.58, 100.00, 0.00, 0.00, 3.35, 0.00, -10, 0, 0
3300637, 0.00, 0.00, -10.58, 100.00, 0.00, 0.00, 3.35, 0.00, -10, 0, 0
3238750, 0.00, 0.00, -10.58, 100.00, 0.00, 0.00, 3.35, 0.00, -10, 0, 0
3180437, 0.00, 0.00, -10.58, 100.00, 0.00, 0.00, 3.35, 0.00, -10, 0, 0
5629160, 0.00, 0.00, -10.58, 100.00, 0.00, 0.00, 3.35, 0.00, -10, 0, 0
3287828, 0.00, 0.00, -10.58, 100.00, 0.00, 0.00, 3.35, 0.00, -10, 0, 0
3140536, 0.00, 0.00, -10.58, 100.00, 0.00, 0.00, 3.35, 0.00, -10, 0, 0
3521549, 0.00, 0.00, -10.58, 100.00, 0.00, 0.00, 3.35, 0.00, -10, 0, 0
3543663, 0.00, 0.00, -10.58, 100.00, 0.00, 0.00, 3.35, 0.00, -10, 0, 0
3449764, 0.00, 0.00, -10.58, 100.00, 0.00, 0.00, 3.35, 0.00, -10, 0, 0
3502688, 0.00, 0.00, -10.58, 100.00, 0.00, 0.00, 3.35, 0.00, -10, 0, 0
3302860, 0.00, 0.00, -10.58, 100.00, 0.00, 0.00, 3.35, 0.00, -10, 0, 0
3198869, 0.00, 0.00, -10.58, 100.00, 0.00, 0.00, 3.35, 0.00, -10, 0, 0
3307231, 0.00, 0.00, -10.58, 100.00, 0.00, 0.00, 3.35, 0.00, -10, 0, 0
5629160, 0.00, 0.00, -10.58, 100.00, 0.00, 0.00, 3.35, 0.00, -10, 0, 0
3155149, 0.00, 0.00, -10.58, 100.00, 0.00, 0.00, 3.35, 0.00, -10, 0, 0
3598723, 0.00, 0.00, -10.58, 100.00, 0.00, 0.00, 3.35, 0.00, -10, 0, 0
3810330, 0.00, 0.00, -10.58, 100.00, 0.00, 0.00, 3.35, 0.00, -10, 0, 0
3264224, 0.00, 0.00, -10.58, 100.00, 0.00, 0.00, 3.35, 0.00, -10, 0, 0
3391281, 0.00, 0.00, -10.58, 100.00, 0.00, 0.00, 3.35, 0.00, -10, 0, 0
3617618, 0.00, 0.00, -10.58, 100.00, 0.00, 0.00, 3.35, 0.00, -10, 0, 0
3421374, 0.00, 0.00, -10.58, 100.00, 0.00, 0.00, 3.35, 0.00, -10, 0, 0
3399853, 0.00, 0.00, -10.58, 100.00, 0.00, 0.00, 3.35, 0.00, -10, 0, 0
3508001, 0.00, 0.00, -10.58, 100.00, 0.00, 0.00, 3.35, 0.00, -10, 0, 0
5629160, 0.00, 0.00, -10.58, 100.00, 0.00, 0.00, 3.35, 0.00, -10, 0, 0
3563119, 0.00, 0.00, -10.58, 100.00, 0.00, 0.00, 3.35, 0.00, -10, 0, 0
3535477, 0.00, 0.00, -10.58, 100.00, 0.00, 0.00, 3.35, 0.00, -10, 0, 0
3444059, 0.00, 0.00, -10.58, 100.00, 0.00, 0.00, 3.35, 0.00, -10, 0, 0
3457972, 0.00, 0.00, -10.58, 100.00, 0.00, 0.00, 3.35, 0.00, -10, 0, 0
4058248, 0.00, 0.00, -10.58, 100.00, 0.00, 0.00, 3.35, 0.00, -10, 0, 0
3209686, 0.00, 0.00, -10.58, 100.00, 0.00, 0.00, 3.35, 0.00, -10, 0, 0
3283377, 0.00, 0.00, -10.58, 100.00, 0.00, 0.00, 3.35, 0.00, -10, 0, 0
3365542, 0.00, 0.00, -10.58, 100.00, 0.00, 0.00, 3.35, 0.00, -10, 0, 0
3198276, 0.00, 0.00, -10.58, 100.00, 0.00, 0.00, 3.35, 0.00, -10, 0, 0
5629160, 0.00, 0.00, -10.58, 100.00, 0.00, 0.00, 3.35, 0.00, -10, 0, 0
3748154, 0.00, 0.00, -10.58, 100.00, 0.00, 0.00, 3.35, 0.00, -10, 0, 0
3494867, 0.00, 0.00, -10.58, 100.00, 0.00, 0.00, 3.35, 0.00, -10, 0, 0
3184259, 0.00, 0.00, -10.58, 100.00, 0.00, 0.00, 3.35, 0.00, -10, 0, 0
3188932, 0.00, 0.00, -10.58, 100.00, 0.00, 0.00, 3.35, 0.00, -10, 0, 0
4381876, 0.00, 0.00, -10.58, 100.00, 0.00, 0.00, 3.35, 0.00, -10, 0, 0
3569381, 0.00, 0.00, -10.58, 100.00, 0.00, 0.00, 3.35, 0.00, -10, 0, 0
3503792, 0.00, 0.00, -10.58, 100.00, 0.00, 0.00, 3.35, 0.00, -10, 0, 0
3451936, 0.00, 0.00, -10.58, 100.00, 0.00, 0.00, 3.35, 0.00, -10, 0, 0
3611653, 0.00, 0.00, -10.58, 100.00, 0.00, 0.00, 3.35, 0.00, -10, 0, 0
5629160, 0.00, 0.00, -10.58, 100.00, 0.00, 0.00, 3.35, 0.00, -10, 0, 0
3209626, 0.00, 0.00, -10.58, 100.00, 0.00, 0.00, 3.35, 0.00, -10, 0, 0
3400691, 0.00, 0.00, -10.58, 100.00, 0.00, 0.00, 3.35, 0.00, -10, 0, 0
3188285, 0.00, 0.00, -10.58, 100.00, 0.00, 0.00, 3.35, 0.00, -10, 0, 0
3452478, 0.00, 0.00, -10.58, 100.00, 0.00, 0.00, 3.35, 0.00, -10, 0, 0
3502104, 0.00, 0.00, -10.58, 100.00, 0.00, 0.00, 3.35, 0.00, -10, 0, 0
3238105, 0.00, 0.00, -10.58, 100.00, 0.00, 0.00, 3.35, 0.00, -10, 0, 0
3189926, 0.00, 0.00, -10.58, 100.00, 0.00, 0.00, 3.35, 0.00, -10, 0, 0
3358196, 0.00, 0.00, -10.58, 100.00, 0.00, 0.00, 3.35, 0.00, -10, 0, 0
3751961, 0.00, 0.00, -10.58, 100.00, 0.00, 0.00, 3.35, 0.00, -10, 0, 0
5629160, 0.00, 0.00, -10.58, 100.00, 0.00, 0.00, 3.35, 0.00, -10, 0, 0
3529595, 0.00, 0.00, -10.58, 100.00, 0.00, 0.00, 3.35, 0.00, -10, 0, 0
3271679, 0.00, 0.00, -10.58, 100.00, 0.00, 0.00, 3.35, 0.00, -10, 0, 0
3654785, 0.00, 0.00, -10.58, 100.00, 0.00, 0.00, 3.35, 0.00, -10, 0, 0
4156693, 0.00, 0.00, -10.58, 100.00, 0.00, 0.00, 3.35, 0.00, -10, 0, 0
3363522, 0.00, 0.00, -10.58, 100.00, 0.00, 0.00, 3.35, 0.00, -10, 0, 0
3329598, 0.00, 0.00, -10.58, 100.00, 0.00, 0.00, 3.35, 0.00, -10, 0, 0
3624843, 0.00, 0.00, -10.58, 100.00, 0.00, 0.00, 3.35, 0.00, -10, 0, 0
3966987, 0.00, 0.00, -10.58, 100.00, 0.00, 0.00, 3.35, 0.00, -10, 0, 0
3557960, 0.00, 0.00, -10.58, 100.00, 0.00, 0.00, 3.35, 0.00, -10, 0, 0
5629160, 0.00, 0.00, -10.58, 100.00, 0.00, 0.00, 3.35, 0.00, -10, 0, 0
3484642, 0.00, 0.00, -10.58, 100.00, 0.00, 0.00, 3.35, 0.00, -10, 0, 0
3276244, 0.00, 0.00, -10.58, 100.00, 0.00, 0.00, 3.35, 0.00, -10, 0, 0
3216288, 0.00, 0.00, -10.58, 100.00, 0.00, 0.00, 3.35, 0.00, -10, 0, 0
3484913, 0.00, 0.00, -10.58, 100.00, 0.00, 0.00, 3.35, 0.00, -10, 0, 0
3146899, 0.00, 0.00, -10.58, 100.00, 0.00, 0.00, 3.35, 0.00, -10, 0, 0
3726021, 0.00, 0.00, -10.58, 100.00, 0.00, 0.00, 3.35, 0.00, -10, 0, 0
3909901, 0.00, 0.00, -10.58, 100.00, 0.00, 0.00, 3.35, 0.00, -10, 0, 0
3943093, 0.00, 0.00, -10.58, 100.00, 0.00, 0.00, 3.35, 0.00, -10, 0, 0
3160059, 0.00, 0.00, -10.58, 100.00, 0.00, 0.00, 3.35, 0.00, -10, 0, 0
5629160, 0.00, 0.00, -10.58, 100.00, 0.00, 0.00, 3.35, 0.00, -10, 0, 0
3279810, 0.00, 0.00, -10.58, 100.00, 0.00, 0.00, 3.35, 0.00, -10, 0, 0
3347425, 0.00, 0.00, -10.58, 100.00, 0.00, 0.00, 3.35, 0.00, -10, 0, 0
3563312, 0.00, 0.00, -10.58, 100.00, 0.00, 0.00, 3.35, 0.00, -10, 0, 0
3456046, 0.00, 0.00, -10.58, 100.00, 0.00, 0.00, 3.35, 0.00, -10, 0, 0
3748965, 0.00, 0.00, -10.58, 100.00, 0.00, 0.00, 3.35, 0.00, -10, 0, 0
3509702, 0.00, 0.00, -10.58, 100.00, 0.00, 0.00, 3.35, 0.00, -10, 0, 0
3343875, 0.00, 0.00, -10.58, 100.00, 0.00, 0.00, 3.35, 0.00, -10, 0, 0
3365462, 0.00, 0.00, -10.58, 100.00, 0.00, 0.00, 3.35, 0.00, -10, 0, 0
3133499, 0.00, 0.00, -10.58, 100.00, 0.00, 0.00, 3.35, 0.00, -10, 0, 0
5629160, 0.00, 0.00, -10.58, 100.00, 0.00, 0.00, 3.35, 0.00, -10, 0, 0
3463689, 0.00, 0.00, -10.58, 100.00, 0.00, 0.00, 3.35, 0.00, -10, 0, 0
3527729, 0.00, 0.00, -10.58, 100.00, 0.00, 0.00, 3.35, 0.00, -10, 0, 0
3186299, 0.00, 0.00, -10.58, 100.00, 0.00, 0.00, 3.35, 0.00, -10, 0, 0
3503093, 0.00, 0.00, -10.58, 100.00, 0.00, 0.00, 3.35, 0.00, -10, 0, 0
3611862, 0.00, 0.00, -10.58, 100.00, 0.00, 0.00, 3.35, 0.00, -10, 0, 0
3328024, 0.00, 0.00, -10.58, 100.00, 0.00, 0.00, 3.35, 0.00, -10, 0, 0
3537051, 0.00, 0.00, -10.58, 100.00, 0.00, 0.00, 3.35, 0.00, -10, 0, 0
3415835, 0.00, 0.00, -10.58, 100.00, 0.00, 0.00, 3.35, 0.00, -10, 0, 0
3249250, 0.00, 0.00, -10.58, 100.00, 0.00, 0.00, 3.35, 0.00, -10, 0, 0
5629160, 0.00, 0.00, -10.58, 100.00, 0.00, 0.00, 3.35, 0.00, -10, 0, 0
3485796, 0.00, 0.00, -10.58, 100.00, 0.00, 0.00, 3.35, 0.00, -10, 0, 0
3181041, 0.00, 0.00, -10.58, 100.00, 0.00, 0.00, 3.35, 0.00, -10, 0, 0
3510238, 0.00, 0.00, -10.58, 100.00, 0.00, 0.00, 3.35, 0.00, -10, 0, 0
3806873, 0.00, 0.00, -10.58, 100.00, 0.00, 0.00, 3.35, 0.00, -10, 0, 0
3445490, 0.00, 0.00, -10.58, 100.00, 0.00, 0.00, 3.35, 0.00, -10, 0, 0
3402847, 0.00, 0.00, -10.58, 100.00, 0.00, 0.00, 3.35, 0.00, -10, 0, 0
3965660, 0.00, 0.00, -10.58, 100.00, 0.00, 0.00, 3.35, 0.00, -10, 0, 0
3221453, 0.00, 0.00, -10.58, 100.00, 0.00, 0.00, 3.35, 0.00, -10, 0, 0
3247175, 0.00, 0.00, -10.58, 100.00, 0.00, 0.00, 3.35, 0.00, -10, 0, 0
5629160, 0.00, 0.00, -10.58, 100.00, 0.00, 0.00, 3.35, 0.00, -10, 0, 0
3293918, 0.00, 0.00, -10.58, 100.00, 0.00, 0.00, 3.35, 0.00, -10, 0, 0
3376065, 0.00, 0.00, -10.58, 100.00, 0.00, 0.00, 3.35, 0.00, -10, 0, 0
3599831, 0.00, 0.00, -10.58, 100.00, 0.00, 0.00, 3.35, 0.00, -10, 0, 0
3274683, 0.00, 0.00, -10.58, 100.00, 0.00, 0.00, 3.35, 0.00, -10, 0, 0
3215351, 0.00, 0.00, -10.58, 100.00, 0.00, 0.00, 3.35, 0.00, -10, 0, 0
3196550, 0.00, 0.00, -10.58, 100.00, 0.00, 0.00, 3.35, 0.00, -10, 0, 0
4000087, 0.00, 0.00, -10.58, 100.00, 0.00, 0.00, 3.35, 0.00, -10, 0, 0
3490231, 0.00, 0.00, -10.58, 100.00, 0.00, 0.00, 3.35, 0.00, -10, 0, 0
3192907, 0.00, 0.00, -10.58, 100.00, 0.00, 0.00, 3.35, 0.00, -10, 0, 0
5629160, 0.00, 0.00, -10.58, 100.00, 0.00, 0.00, 3.35, 0.00, -10, 0, 0
3324902, 0.00, 0.00, -10.58, 100.00, 0.00, 0.00, 3.35, 0.00, -10, 0, 0
3924501, 0.00, 0.00, -10.58, 100.00, 0.00, 0.00, 3.35, 0.00, -10, 0, 0
3364228, 0.00, 0.00, -10.58, 100.00, 0.00, 0.00, 3.35, 0.00, -10, 0, 0
3356605, 0.00, 0.00, -10.58, 100.00, 0.00, 0.00, 3.35, 0.00, -10, 0, 0
3211693, 0.00, 0.00, -10.58, 100.00, 0.00, 0.00, 3.35, 0.00, -10, 0, 0
3684881, 0.00, 0.00, -10.58, 100.00, 0.00, 0.00, 3.35, 0.00, -10, 0, 0
4098968, 0.00, 0.00, -10.58, 100.00, 0.00, 0.00, 3.35, 0.00, -10, 0, 0
3417178, 0.00, 0.00, -10.58, 100.00, 0.00, 0.00, 3.35, 0.00, -10, 0, 0
3363587, 0.00, 0.00, -10.58, 100.00, 0.00, 0.00, 3.35, 0.00, -10, 0, 0
5629160, 0.00, 0.00, -10.58, 100.00, 0.00, 0.00, 3.35, 0.00, -10, 0, 0
3717176, 0.00, 0.00, -10.58, 100.00, 0.00, 0.00, 3.35, 0.00, -10, 0, 0
3689734, 0.00, 0.00, -10.58, 100.00, 0.00, 0.00, 3.35, 0.00, -10, 0, 0
3323391, 0.00, 0.00, -10.58, 100.00, 0.00, 0.00, 3.35, 0.00, -10, 0, 0
3288963, 0.00, 0.00, -10.58, 100.00, 0.00, 0.00, 3.35, 0.00, -10, 0, 0
3368684, 0.00, 0.00, -10.58, 100.00, 0.00, 0.00, 3.35, 0.00, -10, 0, 0
4111629, 0.00, 0.00, -10.58, 100.00, 0.00, 0.00, 3.35, 0.00, -10, 0, 0
3493701, 0.00, 0.00, -10.58, 100.00, 0.00, 0.00, 3.35, 0.00, -10, 0, 0
3208962, 0.00, 0.00, -10.58, 100.00, 0.00, 0.00, 3.35, 0.00, -10, 0, 0
3276964, 0.00, 0.00, -10.58, 100.00, 0.00, 0.00, 3.35, 0.00, -10, 0, 0
5629160, 0.00, 0.00, -10.58, 100.00, 0.00, 0.00, 3.35, 0.00, -10, 0, 0
3734962, 0.00, 0.00, -10.58, 100.00, 0.00, 0.00, 3.35, 0.00, -10, 0, 0
3286141, 0.00, 0.00, -10.58, 100.00, 0.00, 0.00, 3.35, 0.00, -10, 0, 0
3315077, 0.00, 0.00, -10.58, 100.00, 0.00, 0.00, 3.35, 0.00, -10, 0, 0
3209945, 0.00, 0.00, -10.58, 100.00, 0.00, 0.00, 3.35, 0.00, -10, 0, 0
3742403, 0.00, 0.00, -10.58, 100.00, 0.00, 0.00, 3.35, 0.00, -10, 0, 0
3484112, 0.00, 0.00, -10.58, 100.00, 0.00, 0.00, 3.35, 0.00, -10, 0, 0
3298302, 0.00, 0.00, -10.58, 100.00, 0.00, 0.00, 3.35, 0.00, -10, 0, 0
3160972, 0.00, 0.00, -10.58, 100.00, 0.00, 0.00, 3.35, 0.00, -10, 0, 0
3739897, 0.00, 0.00, -10.58, 100.00, 0.00, 0.00, 3.35, 0.00, -10, 0, 0
5629160, 0.00, 0.00, -10.58, 100.00, 0.00, 0.00, 3.35, 0.00, -10, 0, 0
3420604, 0.00, 0.00, -10.58, 100.00, 0.00, 0.00, 3.35, 0.00, -10, 0, 0
3262150, 0.00, 0.00, -10.58, 100.00, 0.00, 0.00, 3.35, 0.00, -10, 0, 0
3416522, 0.00, 0.00, -10.58, 100.00, 0.00, 0.00, 3.35, 0.00, -10, 0, 0
3521613, 0.00, 0.00, -10.58, 100.00, 0.00, 0.00, 3.35, 0.00, -10, 0, 0
3572766, 0.00, 0.00, -10.58, 100.00, 0.00, 0.00, 3.35, 0.00, -10, 0, 0
3392624, 0.00, 0.00, -10.58, 100.00, 0.00, 0.00, 3.35, 0.00, -10, 0, 0
3465440, 0.00, 0.00, -10.58, 100.00, 0.00, 0.00, 3.35, 0.00, -10, 0, 0
3535056, 0.00, 0.00, -10.58, 100.00, 0.00, 0.00, 3.35, 0.00, -10, 0, 0
4007324, 0.00, 0.00, -10.58, 100.00, 0.00, 0.00, 3.35, 0.00, -10, 0, 0
5629160, 0.00, 0.00, -10.58, 100.00, 0.00, 0.00, 3.35, 0.00, -10, 0, 0
3311579, 0.00, 0.00, -10.58, 100.00, 0.00, 0.00, 3.35, 0.00, -10, 0, 0
3374614, 0.00, 0.00, -10.58, 100.00, 0.00, 0.00, 3.35, 0.00, -10, 0, 0
3276335, 0.00, 0.00, -10.58, 100.00, 0.00, 0.00, 3.35, 0.00, -10, 0, 0
3257951, 0.00, 0.00, -10.58, 100.00, 0.00, 0.00, 3.35, 0.00, -10, 0, 0
3367971, 0.00, 0.00, -10.58, 100.00, 0.00, 0.00, 3.35, 0.00, -10, 0, 0
3182144, 0.00, 0.00, -10.58, 100.00, 0.00, 0.00, 3.35, 0.00, -10, 0, 0
3703640, 0.00, 0.00, -10.58, 100.00, 0.00, 0.00, 3.35, 0.00, -10, 0, 0
3513314, 0.00, 0.00, -10.58, 100.00, 0.00, 0.00, 3.35, 0.00, -10, 0, 0
3886194, 0.00, 0.00, -10.58, 100.00, 0.00, 0.00, 3.35, 0.00, -10, 0, 0
5629160, 0.00, 0.00, -10.58, 100.00, 0.00, 0.00, 3.35, 0.00, -10, 0, 0
3277414, 0.00, 0.00, -10.58, 100.00, 0.00, 0.00, 3.35, 0.00, -10, 0, 0
3452782, 0.00, 0.00, -10.58, 100.00, 0.00, 0.00, 3.35, 0.00, -10, 0, 0
3541422, 0.00, 0.00, -10.58, 100.00, 0.00, 0.00, 3.35, 0.00, -10, 0, 0
3414808, 0.00, 0.00, -10.58, 100.00, 0.00, 0.00, 3.35, 0.00, -10, 0, 0
3290636, 0.00, 0.00, -10.58, 100.00, 0.00, 0.00, 3.35, 0.00, -10, 0, 0
3657645, 0.00, 0.00, -10.58, 100.00, 0.00, 0.00, 3.35, 0.00, -10, 0, 0
-996474535, 0.00, 0.00, -10.58, 100.00, 0.00, 0.00, 3.35, 0.00, -10, 0, 0
3345579, 0.00, 0.00, -10.58, 100.00, 0.00, 0.00, 3.35, 0.00, -10, 0, 0
3829171, 0.00, 0.00, -10.58, 100.00, 0.00, 0.00, 3.35, 0.00, -10, 0, 0
5629160, 0.00, 0.00, -10.58, 100.00, 0.00, 0.00, 3.35, 0.00, -10, 0, 0
3468915, 0.00, 0.00, -10.58, 100.00, 0.00, 0.00, 3.35, 0.00, -10, 0, 0
3134645, 0.00, 0.00, -10.58, 100.00, 0.00, 0.00, 3.35, 0.00, -10, 0, 0
3179391, 0.00, 0.00, -10.58, 100.00, 0.00, 0.00, 3.35, 0.00, -10, 0, 0
3244858, 0.00, 0.00, -10.58, 100.00, 0.00, 0.00, 3.35, 0.00, -10, 0, 0
3529965, 0.00, 0.00, -10.58, 100.00, 0.00, 0.00, 3.35, 0.00, -10, 0, 0
3377431, 0.00, 0.00, -10.58, 100.00, 0.00, 0.00, 3.35, 0.00, -10, 0, 0
3196602, 0.00, 0.00, -10.58, 100.00, 0.00, 0.00, 3.35, 0.00, -10, 0, 0
3596125, 0.00, 0.00, -10.58, 100.00, 0.00, 0.00, 3.35, 0.00, -10, 0, 0
3850873, 0.00, 0.00, -10.58, 100.00, 0.00, 0.00, 3.35, 0.00, -10, 0, 0
5629160, 0.00, 0.00, -10.58, 100.00, 0.00, 0.00, 3.35, 0.00, -10, 0, 0
3631889, 0.00, 0.00, -10.58, 100.00, 0.00, 0.00, 3.35, 0.00, -10, 0, 0
3360127, 0.00, 0.00, -10.58, 100.00, 0.00, 0.00, 3.35, 0.00, -10, 0, 0
3193746, 0.00, 0.00, -10.58, 100.00, 0.00, 0.00, 3.35, 0.00, -10, 0, 0
3566602, 0.00, 0.00, -10.58, 100.00, 0.00, 0.00, 3.35, 0.00, -10, 0, 0
3543391, 0.00, 0.00, -10.58, 100.00, 0.00, 0.00, 3.35, 0.00, -10, 0, 0
3360719, 0.00, 0.00, -10.58, 100.00, 0.00, 0.00, 3.35, 0.00, -10, 0, 0
3228692, 0.00, 0.00, -10.58, 100.00, 0.00, 0.00, 3.35, 0.00, -10, 0, 0
3291303, 0.00, 0.00, -10.58, 100.00, 0.00, 0.00, 3.35, 0.00, -10, 0, 0
3388849, 0.00, 0.00, -10.58, 100.00, 0.00, 0.00, 3.35, 0.00, -10, 0, 0
5629160, 0.00, 0.00, -10.58, 100.00, 0.00, 0.00, 3.35, 0.00, -10, 0, 0
3662039, 0.00, 0.00, -10.58, 100.00, 0.00, 0.00, 3.35, 0.00, -10, 0, 0
3251782, 0.00, 0.00, -10.58, 100.00, 0.00, 0.00, 3.35, 0.00, -10, 0, 0
3437473, 0.00, 0.00, -10.58, 100.00, 0.00, 0.00, 3.35, 0.00, -10, 0, 0
3976011, 0.00, 0.00, -10.58, 100.00, 0.00, 0.00, 3.35, 0.00, -10, 0, 0
3373077, 0.00, 0.00, -10.58, 100.00, 0.00, 0.00, 3.35, 0.00, -10, 0, 0
3379183, 0.00, 0.00, -10.58, 100.00, 0.00, 0.00, 3.35, 0.00, -10, 0, 0
3175202, 0.00, 0.00, -10.58, 100.00, 0.00, 0.00, 3.35, 0.00, -10, 0, 0
3783021, 0.00, 0.00, -10.58, 100.00, 0.00, 0.00, 3.35, 0.00, -10, 0, 0
3478241, 0.00, 0.00, -10.58, 100.00, 0.00, 0.00, 3.35, 0.00, -10, 0, 0
5629160, 0.00, 0.00, -10.58, 100.00, 0.00, 0.00, 3.35, 0.00, -10, 0, 0
3195547, 0.00, 0.00, -10.58, 100.00, 0.00, 0.00, 3.35, 0.00, -10, 0, 0
3404495, 0.00, 0.00, -10.58, 100.00, 0.00, 0.00, 3.35, 0.00, -10, 0, 0
3887295, 0.00, 0.00, -10.58, 100.00, 0.00, 0.00, 3.35, 0.00, -10, 0, 0
3467722, 0.00, 0.00, -10.58, 100.00, 0.00, 0.00, 3.35, 0.00, -10, 0, 0
3555622, 0.00, 0.00, -10.58, 100.00, 0.00, 0.00, 3.35, 0.00, -10, 0, 0
3431607, 0.00, 0.00, -10.58, 100.00, 0.00, 0.00, 3.35, 0.00, -10, 0, 0
3519333, 0.00, 0.00, -10.58, 100.00, 0.00, 0.00, 3.35, 0.00, -10, 0, 0
3399399, 0.00, 0.00, -10.58, 100.00, 0.00, 0.00, 3.35, 0.00, -10, 0, 0
3206661, 0.00, 0.00, -10.58, 100.00, 0.00, 0.00, 3.35, 0.00, -10, 0, 0
5629160, 0.00, 0.00, -10.58, 100.00, 0.00, 0.00, 3.35, 0.00, -10, 0, 0
3801700, 0.00, 0.00, -10.58, 100.00, 0.00, 0.00, 3.35, 0.00, -10, 0, 0
3996056, 0.00, 0.00, -10.58, 100.00, 0.00, 0.00, 3.35, 0.00, -10, 0, 0
3705443, 0.00, 0.00, -10.58, 100.00, 0.00, 0.00, 3.35, 0.00, -10, 0, 0
3350238, 0.00, 0.00, -10.58, 100.00, 0.00, 0.00, 3.35, 0.00, -10, 0, 0
3432444, 0.00, 0.00, -10.58, 100.00, 0.00, 0.00, 3.35, 0.00, -10, 0, 0
3180150, 0.00, 0.00, -10.58, 100.00, 0.00, 0.00, 3.35, 0.00, -10, 0, 0
3320756, 0.00, 0.00, -10.58, 100.00, 0.00, 0.00, 3.35, 0.00, -10, 0, 0
3602489, 0.00, 0.00, -10.58, 100.00, 0.00, 0.00, 3.35, 0.00, -10, 0, 0
3420356, 0.00, 0.00, -10.58, 100.00, 0.00, 0.00, 3.35, 0.00, -10, 0, 0
5629160, 0.00, 0.00, -10.58, 100.00, 0.00, 0.00, 3.35, 0.00, -10, 0, 0
3877299, 0.00, 0.00, -10.58, 100.00, 0.00, 0.00, 3.35, 0.00, -10, 0, 0
3844313, 0.00, 0.00, -10.58, 100.00, 0.00, 0.00, 3.35, 0.00, -10, 0, 0
3232621, 0.00, 0.00, -10.58, 100.00, 0.00, 0.00, 3.35, 0.00, -10, 0, 0
3199312, 0.00, 0.00, -10.58, 100.00, 0.00, 0.00, 3.35, 0.00, -10, 0, 0
3345044, 0.00, 0.00, -10.58, 100.00, 0.00, 0.00, 3.35, 0.00, -10, 0, 0
3323892, 0.00, 0.00, -10.58, 100.00, 0.00, 0.00, 3.35, 0.00, -10, 0, 0
3396443, 0.00, 0.00, -10.58, 100.00, 0.00, 0.00, 3.35, 0.00, -10, 0, 0
3241927, 0.00, 0.00, -10.58, 100.00, 0.00, 0.00, 3.35, 0.00, -10, 0, 0
3482763, 0.00, 0.00, -10.58, 100.00, 0.00, 0.00, 3.35, 0.00, -10, 0, 0
5629160, 0.00, 0.00, -10.58, 100.00, 0.00, 0.00, 3.35, 0.00, -10, 0, 0
3638116, 0.00, 0.00, -10.58, 100.00, 0.00, 0.00, 3.35, 0.00, -10, 0, 0
3580643, 0.00, 0.00, -10.58, 100.00, 0.00, 0.00, 3.35, 0.00, -10, 0, 0
3168534, 0.00, 0.00, -10.58, 100.00, 0.00, 0.00, 3.35, 0.00, -10, 0, 0
3248743, 0.00, 0.00, -10.58, 100.00, 0.00, 0.00, 3.35, 0.00, -10, 0, 0
3219343, 0.00, 0.00, -10.58, 100.00, 0.00, 0.00, 3.35, 0.00, -10, 0, 0
3196773, 0.00, 0.00, -10.58, 100.00, 0.00, 0.00, 3.35, 0.00, -10, 0, 0
3232241, 0.00, 0.00, -10.58, 100.00, 0.00, 0.00, 3.35, 0.00, -10, 0, 0
3512977, 0.00, 0.00, -10.58, 100.00, 0.00, 0.00, 3.35, 0.00, -10, 0, 0
3718188, 0.00, 0.00, -10.58, 100.00, 0.00, 0.00, 3.35, 0.00, -10, 0, 0
5629160, 0.00, 0.00, -10.58, 100.00, 0.00, 0.00, 3.35, 0.00, -10, 0, 0
3650930, 0.00, 0.00, -10.58, 100.00, 0.00, 0.00, 3.35, 0.00, -10, 0, 0
3403788, 0.00, 0.00, -10.58, 100.00, 0.00, 0.00, 3.35, 0.00, -10, 0, 0
3249585, 0.00, 0.00, -10.58, 100.00, 0.00, 0.00, 3.35, 0.00, -10, 0, 0
3266725, 0.00, 0.00, -10.58, 100.00, 0.00, 0.00, 3.35, 0.00, -10, 0, 0
3382325, 0.00, 0.00, -10.58, 100.00, 0.00, 0.00, 3.35, 0.00, -10, 0, 0
3446822, 0.00, 0.00, -10.58, 100.00, 0.00, 0.00, 3.35, 0.00, -10, 0, 0
3400054, 0.00, 0.00, -10.58, 100.00, 0.00, 0.00, 3.35, 0.00, -10, 0, 0
3698417, 0.00, 0.00, -10.58, 100.00, 0.00, 0.00, 3.35, 0.00, -10, 0, 0
3400303, 0.00, 0.00, -10.58, 100.00, 0.00, 0.00, 3.35, 0.00, -10, 0, 0
5629160, 0.00, 0.00, -10.58, 100.00, 0.00, 0.00, 3.35, 0.00, -10, 0, 0
3772839, 0.00, 0.00, -10.58, 100.00, 0.00, 0.00, 3.35, 0.00, -10, 0, 0
3349787, 0.00, 0.00, -10.58, 100.00, 0.00, 0.00, 3.35, 0.00, -10, 0, 0
3336045, 0.00, 0.00, -10.58, 100.00, 0.00, 0.00, 3.35, 0.00, -10, 0, 0
3512245, 0.00, 0.00, -10.58, 100.00, 0.00, 0.00, 3.35, 0.00, -10, 0, 0
3338891, 0.00, 0.00, -10.58, 100.00, 0.00, 0.00, 3.35, 0.00, -10, 0, 0
3418792, 0.00, 0.00, -10.58, 100.00, 0.00, 0.00, 3.35, 0.00, -10, 0, 0
3615431, 0.00, 0.00, -10.58, 100.00, 0.00, 0.00, 3.35, 0.00, -10, 0, 0
3330726, 0.00, 0.00, -10.58, 100.00, 0.00, 0.00, 3.35, 0.00, -10, 0, 0
3288564, 0.00, 0.00, -10.58, 100.00, 0.00, 0.00, 3.35, 0.00, -10, 0, 0
5629160, 0.00, 0.00, -10.58, 100.00, 0.00, 0.00, 3.35, 0.00, -10, 0, 0
4464146, 0.00, 0.00, -10.58, 100.00, 0.00, 0.00, 3.35, 0.00, -10, 0, 0
3342310, 0.00, 0.00, -10.58, 100.00, 0.00, 0.00, 3.35, 0.00, -10, 0, 0
3315842, 0.00, 0.00, -10.58, 100.00, 0.00, 0.00, 3.35, 0.00, -10, 0, 0
3153941, 0.00, 0.00, -10.58, 100.00, 0.00, 0.00, 3.35, 0.00, -10, 0, 0
3468351, 0.00, 0.00, -10.58, 100.00, 0.00, 0.00, 3.35, 0.00, -10, 0, 0
3690099, 0.00, 0.00, -10.58, 100.00, 0.00, 0.00, 3.35, 0.00, -10, 0, 0
3357802, 0.00, 0.00, -10.58, 100.00, 0.00, 0.00, 3.35, 0.00, -10, 0, 0
3231425, 0.00, 0.00, -10.58, 100.00, 0.00, 0.00, 3.35, 0.00, -10, 0, 0
3205215, 0.00, 0.00, -10.58, 100.00, 0.00, 0.00, 3.35, 0.00, -10, 0, 0
5629160, 0.00, 0.00, -10.58, 100.00, 0.00, 0.00, 3.35, 0.00, -10, 0, 0
3448259, 0.00, 0.00, -10.58, 100.00, 0.00, 0.00, 3.35, 0.00, -10, 0, 0
3245291, 0.00, 0.00, -10.58, 100.00, 0.00, 0.00, 3.35, 0.00, -10, 0, 0
3200623, 0.00, 0.00, -10.58, 100.00, 0.00, 0.00, 3.35, 0.00, -10, 0, 0
3576928, 0.00, 0.00, -10.58, 100.00, 0.00, 0.00, 3.35, 0.00, -10, 0, 0
3782160, 0.00, 0.00, -10.58, 100.00, 0.00, 0.00, 3.35, 0.00, -10, 0, 0
3396069, 0.00, 0.00, -10.58, 100.00, 0.00, 0.00, 3.35, 0.00, -10, 0, 0
3250510, 0.00, 0.00, -10.58, 100.00, 0.00, 0.00, 3.35, 0.00, -10, 0, 0
3269244, 0.00, 0.00, -10.58, 100.00, 0.00, 0.00, 3.35, 0.00, -10, 0, 0
3126773, 0.00, 0.00, -10.58, 100.00, 0.00, 0.00, 3.35, 0.00, -10, 0, 0
5629160, 0.00, 0.00, -10.58, 100.00, 0.00, 0.00, 3.35, 0.00, -10, 0, 0
3612527, 0.00, 0.00, -10.58, 100.00, 0.00, 0.00, 3.35, 0.00, -10, 0, 0
3283917, 0.00, 0.00, -10.58, 100.00, 0.00, 0.00, 3.35, 0.00, -10, 0, 0
3246724, 0.00, 0.00, -10.58, 100.00, 0.00, 0.00, 3.35, 0.00, -10, 0, 0
3504318, 0.00, 0.00, -10.58, 100.00, 0.00, 0.00, 3.35, 0.00, -10, 0, 0
3783233, 0.00, 0.00, -10.58, 100.00, 0.00, 0.00, 3.35, 0.00, -10, 0, 0
3264714, 0.00, 0.00, -10.58, 100.00, 0.00, 0.00, 3.35, 0.00, -10, 0, 0
3241823, 0.00, 0.00, -10.58, 100.00, 0.00, 0.00, 3.35, 0.00, -10, 0, 0
3261049, 0.00, 0.00, -10.58, 100.00, 0.00, 0.00, 3.35, 0.00, -10, 0, 0
3301374, 0.00, 0.00, -10.58, 100.00, 0.00, 0.00, 3.35, 0.00, -10, 0, 0
5629160, 0.00, 0.00, -10.58, 100.00, 0.00, 0.00, 3.35, 0.00, -10, 0, 0
3349484, 0.00, 0.00, -10.58, 100.00, 0.00, 0.00, 3.35, 0.00, -10, 0, 0
3181978, 0.00, 0.00, -10.58, 100.00, 0.00, 0.00, 3.35, 0.00, -10, 0, 0
3589397, 0.00, 0.00, -10.58, 100.00, 0.00, 0.00, 3.35, 0.00, -10, 0, 0
3856007, 0.00, 0.00, -10.58, 100.00, 0.00, 0.00, 3.35, 0.00, -10, 0, 0
3502497, 0.00, 0.00, -10.58, 100.00, 0.00, 0.00, 3.35, 0.00, -10, 0, 0
3465652, 0.00, 0.00, -10.58, 100.00, 0.00, 0.00, 3.35, 0.00, -10, 0, 0
3527353, 0.00, 0.00, -10.58, 100.00, 0.00, 0.00, 3.35, 0.00, -10, 0, 0
3316470, 0.00, 0.00, -10.58, 100.00, 0.00, 0.00, 3.35, 0.00, -10, 0, 0
3352317, 0.00, 0.00, -10.58, 100.00, 0.00, 0.00, 3.35, 0.00, -10, 0, 0
5629160, 0.00, 0.00, -10.58, 100.00, 0.00, 0.00, 3.35, 0.00, -10, 0, 0
3291620, 0.00, 0.00, -10.58, 100.00, 0.00, 0.00, 3.35, 0.00, -10, 0, 0
3432541, 0.00, 0.00, -10.58, 100.00, 0.00, 0.00, 3.35, 0.00, -10, 0, 0
3860193, 0.00, 0.00, -10.58, 100.00, 0.00, 0.00, 3.35, 0.00, -10, 0, 0
3440311, 0.00, 0.00, -10.58, 100.00, 0.00, 0.00, 3.35, 0.00, -10, 0, 0
3257087, 0.00, 0.00, -10.58, 100.00, 0.00, 0.00, 3.35, 0.00, -10, 0, 0
3217686, 0.00, 0.00, -10.58, 100.00, 0.00, 0.00, 3.35, 0.00, -10, 0, 0
3282353, 0.00, 0.00, -10.58, 100.00, 0.00, 0.00, 3.35, 0.00, -10, 0, 0
3524437, 0.00, 0.00, -10.58, 100.00, 0.00, 0.00, 3.35, 0.00, -10, 0, 0
3424710, 0.00, 0.00, -10.58, 100.00, 0.00, 0.00, 3.35, 0.00, -10, 0, 0
5629160, 0.00, 0.00, -10.58, 100.00, 0.00, 0.00, 3.35, 0.00, -10, 0, 0
3872078, 0.00, 0.00, -10.58, 100.00, 0.00, 0.00, 3.35, 0.00, -10, 0, 0
3878102, 0.00, 0.00, -10.58, 100.00, 0.00, 0.00