Thu Nov 22 16:10:52 2018
StepTime, x, v, f, xdes, vdes, fdes, cmd, IR, LSB, LSF
0, 109,0.00, 60.00, 0.00, 2.41, 0, 0, 0
1, 5659,0.00, 60.00, 0.00, 2.41, 0, 0, 0
2, 1357,0.00, 60.00, 0.00, 2.41, 0, 0, 0
3, 90,0.00, 60.00, 0.00, 2.41, 0, 0, 0
4, 89,0.00, 60.00, 0.00, 2.41, 0, 0, 0
5, 87,0.00, 60.00, 0.00, 2.41, 0, 0, 0
6, 411,0.00, 60.00, 0.00, 2.41, 0, 0, 0
7, 961,0.00, 60.00, 0.00, 2.41, 0, 0, 0
8, 136,0.00, 60.00, 0.00, 2.41, 0, 0, 0
9, 114,0.00, 60.00, 0.00, 2.41, 0, 0, 0
0, 87,0.00, 60.00, 0.00, 2.41, 0, 0, 0
1, 87,0.00, 60.00, 0.00, 2.41, 0, 0, 0
2, 79,0.00, 60.00, 0.00, 2.41, 0, 0, 0
3, 75,0.00, 60.00, 0.00, 2.41, 0, 0, 0
4, 77,0.00, 60.00, 0.00, 2.41, 0, 0, 0
5, 2784,0.00, 60.00, 0.00, 2.41, 0, 0, 0
6, 239,0.00, 60.00, 0.00, 2.41, 0, 0, 0
7, 520,0.00, 60.00, 0.00, 2.41, 0, 0, 0
8, 110,0.00, 60.00, 0.00, 2.41, 0, 0, 0
9, 1179,0.00, 60.00, 0.00, 2.41, 0, 0, 0
0, 8186,0.00, 60.00, 0.00, 2.41, 0, 0, 0
1, 506,0.00, 60.00, 0.00, 2.41, 0, 0, 0
2, 505,0.00, 60.00, 0.00, 2.41, 0, 0, 0
3, 123,0.00, 60.00, 0.00, 2.41, 0, 0, 0
4, 97,0.00, 60.00, 0.00, 2.41, 0, 0, 0
5, 135,0.00, 60.00, 0.00, 2.41, 0, 0, 0
6, 77,0.00, 60.00, 0.00, 2.41, 0, 0, 0
7, 2538,0.00, 60.00, 0.00, 2.41, 0, 0, 0
8, 101,0.00, 60.00, 0.00, 2.41, 0, 0, 0
9, 688,0.00, 60.00, 0.00, 2.41, 0, 0, 0
0, 1854,0.00, 60.00, 0.00, 2.41, 0, 0, 0
1, 915,0.00, 60.00, 0.00, 2.41, 0, 0, 0
2, 476,0.00, 60.00, 0.00, 2.41, 0, 0, 0
3, 882,0.00, 60.00, 0.00, 2.41, 0, 0, 0
4, 519,0.00, 60.00, 0.00, 2.41, 0, 0, 0
5, 1710,0.00, 60.00, 0.00, 2.41, 0, 0, 0
6, 270,0.00, 60.00, 0.00, 2.41, 0, 0, 0
7, 7246,0.00, 60.00, 0.00, 2.41, 0, 0, 0
8, 478,0.00, 60.00, 0.00, 2.41, 0, 0, 0
9, 506,0.00, 60.00, 0.00, 2.41, 0, 0, 0
0, 118,0.00, 60.00, 0.00, 2.41, 0, 0, 0
1, 107,0.00, 60.00, 0.00, 2.41, 0, 0, 0
2, 114,0.00, 60.00, 0.00, 2.41, 0, 0, 0
3, 189,0.00, 60.00, 0.00, 2.41, 0, 0, 0
4, 6449,0.00, 60.00, 0.00, 2.41, 0, 0, 0
5, 936,0.00, 60.00, 0.00, 2.41, 0, 0, 0
6, 486,0.00, 60.00, 0.00, 2.41, 0, 0, 0
7, 120,0.00, 60.00, 0.00, 2.41, 0, 0, 0
8, 110,0.00, 60.00, 0.00, 2.41, 0, 0, 0
9, 142,0.00, 60.00, 0.00, 2.41, 0, 0, 0
0, 6836,0.00, 60.00, 0.00, 2.41, 0, 0, 0
1, 129,0.00, 60.00, 0.00, 2.41, 0, 0, 0
2, 593,0.00, 60.00, 0.00, 2.41, 0, 0, 0
3, 136,0.00, 60.00, 0.00, 2.41, 0, 0, 0
4, 102,0.00, 60.00, 0.00, 2.41, 0, 0, 0
5, 1792,0.00, 60.00, 0.00, 2.41, 0, 0, 0
6, 158,0.00, 60.00, 0.00, 2.41, 0, 0, 0
7, 6623,0.00, 60.00, 0.00, 2.41, 0, 0, 0
8, 111,0.00, 60.00, 0.00, 2.41, 0, 0, 0
9, 502,0.00, 60.00, 0.00, 2.41, 0, 0, 0
0, 122,0.00, 60.00, 0.00, 2.41, 0, 0, 0
1, 281,0.00, 60.00, 0.00, 2.41, 0, 0, 0
2, 910,0.00, 60.00, 0.00, 2.41, 0, 0, 0
3, 120,0.00, 60.00, 0.00, 2.41, 0, 0, 0
4, 81,0.00, 60.00, 0.00, 2.41, 0, 0, 0
5, 88,0.00, 60.00, 0.00, 2.41, 0, 0, 0
6, 84,0.00, 60.00, 0.00, 2.41, 0, 0, 0
7, 191,0.00, 60.00, 0.00, 2.41, 0, 0, 0
8, 109,0.00, 60.00, 0.00, 2.41, 0, 0, 0
9, 98,0.00, 60.00, 0.00, 2.41, 0, 0, 0
0, 87,0.00, 60.00, 0.00, 2.41, 0, 0, 0
1, 6234,0.00, 60.00, 0.00, 2.41, 0, 0, 0
2, 138,0.00, 60.00, 0.00, 2.41, 0, 0, 0
3, 552,0.00, 60.00, 0.00, 2.41, 0, 0, 0
4, 92,0.00, 60.00, 0.00, 2.41, 0, 0, 0
5, 1799,0.00, 60.00, 0.00, 2.41, 0, 0, 0
6, 156,0.00, 60.00, 0.00, 2.41, 0, 0, 0
7, 83,0.00, 60.00, 0.00, 2.41, 0, 0, 0
8, 80,0.00, 60.00, 0.00, 2.41, 0, 0, 0
9, 129,0.00, 60.00, 0.00, 2.41, 0, 0, 0
0, 894,0.00, 60.00, 0.00, 2.41, 0, 0, 0
1, 80,0.00, 60.00, 0.00, 2.41, 0, 0, 0
2, 104,0.00, 60.00, 0.00, 2.41, 0, 0, 0
3, 1011,0.00, 60.00, 0.00, 2.41, 0, 0, 0
4, 3337,0.00, 60.00, 0.00, 2.41, 0, 0, 0
5, 3094,0.00, 60.00, 0.00, 2.41, 0, 0, 0
6, 1230,0.00, 60.00, 0.00, 2.41, 0, 0, 0
7, 113,0.00, 60.00, 0.00, 2.41, 0, 0, 0
8, 88,0.00, 60.00, 0.00, 2.41, 0, 0, 0
9, 99,0.00, 60.00, 0.00, 2.41, 0, 0, 0
0, 87,0.00, 60.00, 0.00, 2.41, 0, 0, 0
1, 123,0.00, 60.00, 0.00, 2.41, 0, 0, 0
2, 127,0.00, 60.00, 0.00, 2.41, 0, 0, 0
3, 5663,0.00, 60.00, 0.00, 2.41, 0, 0, 0
4, 87,0.00, 60.00, 0.00, 2.41, 0, 0, 0
5, 924,0.00, 60.00, 0.00, 2.41, 0, 0, 0
6, 106,0.00, 60.00, 0.00, 2.41, 0, 0, 0
7, 86,0.00, 60.00, 0.00, 2.41, 0, 0, 0
8, 77,0.00, 60.00, 0.00, 2.41, 0, 0, 0
9, 1118,0.00, 60.00, 0.00, 2.41, 0, 0, 0
0, 5462,0.00, 60.00, 0.00, 2.41, 0, 0, 0
1, 398,0.00, 60.00, 0.00, 2.41, 0, 0, 0
2, 508,0.00, 60.00, 0.00, 2.41, 0, 0, 0
3, 123,0.00, 60.00, 0.00, 2.41, 0, 0, 0
4, 85,0.00, 60.00, 0.00, 2.41, 0, 0, 0
5, 120,0.00, 60.00, 0.00, 2.41, 0, 0, 0
6, 132,0.00, 60.00, 0.00, 2.41, 0, 0, 0
7, 5275,0.00, 60.00, 0.00, 2.41, 0, 0, 0
8, 77,0.00, 60.00, 0.00, 2.41, 0, 0, 0
9, 88,0.00, 60.00, 0.00, 2.41, 0, 0, 0
0, 90,0.00, 60.00, 0.00, 2.41, 0, 0, 0
1, 82,0.00, 60.00, 0.00, 2.41, 0, 0, 0
2, 78,0.00, 60.00, 0.00, 2.41, 0, 0, 0
3, 498,0.00, 60.00, 0.00, 2.41, 0, 0, 0
4, 895,0.00, 60.00, 0.00, 2.41, 0, 0, 0
5, 1745,0.00, 60.00, 0.00, 2.41, 0, 0, 0
6, 130,0.00, 60.00, 0.00, 2.41, 0, 0, 0
7, 185,0.00, 60.00, 0.00, 2.41, 0, 0, 0
8, 83,0.00, 60.00, 0.00, 2.41, 0, 0, 0
9, 113,0.00, 60.00, 0.00, 2.41, 0, 0, 0
0, 88,0.00, 60.00, 0.00, 2.41, 0, 0, 0
1, 87,0.00, 60.00, 0.00, 2.41, 0, 0, 0
2, 105,0.00, 60.00, 0.00, 2.41, 0, 0, 0
3, 93,0.00, 60.00, 0.00, 2.41, 0, 0, 0
4, 1175,0.00, 60.00, 0.00, 2.41, 0, 0, 0
5, 5423,0.00, 60.00, 0.00, 2.41, 0, 0, 0
6, 511,0.00, 60.00, 0.00, 2.41, 0, 0, 0
7, 480,0.00, 60.00, 0.00, 2.41, 0, 0, 0
8, 113,0.00, 60.00, 0.00, 2.41, 0, 0, 0
9, 95,0.00, 60.00, 0.00, 2.41, 0, 0, 0
0, 80,0.00, 60.00, 0.00, 2.41, 0, 0, 0
1, 1827,0.00, 60.00, 0.00, 2.41, 0, 0, 0
2, 161,0.00, 60.00, 0.00, 2.41, 0, 0, 0
3, 5286,0.00, 60.00, 0.00, 2.41, 0, 0, 0
4, 95,0.00, 60.00, 0.00, 2.41, 0, 0, 0
5, 1091,0.00, 60.00, 0.00, 2.41, 0, 0, 0
6, 175,0.00, 60.00, 0.00, 2.41, 0, 0, 0
7, 95,0.00, 60.00, 0.00, 2.41, 0, 0, 0
8, 91,0.00, 60.00, 0.00, 2.41, 0, 0, 0
9, 2478,0.00, 60.00, 0.00, 2.41, 0, 0, 0
0, 205,0.00, 60.00, 0.00, 2.41, 0, 0, 0
1, 482,0.00, 60.00, 0.00, 2.41, 0, 0, 0
2, 1915,0.00, 60.00, 0.00, 2.41, 0, 0, 0
3, 89,0.00, 60.00, 0.00, 2.41, 0, 0, 0
4, 5131,0.00, 60.00, 0.00, 2.41, 0, 0, 0
5, 149,0.00, 60.00, 0.00, 2.41, 0, 0, 0
6, 511,0.00, 60.00, 0.00, 2.41, 0, 0, 0
7, 153,0.00, 60.00, 0.00, 2.41, 0, 0, 0
8, 104,0.00, 60.00, 0.00, 2.41, 0, 0, 0
9, 1769,0.00, 60.00, 0.00, 2.41, 0, 0, 0
0, 554,0.00, 60.00, 0.00, 2.41, 0, 0, 0
1, 1632,0.00, 60.00, 0.00, 2.41, 0, 0, 0
2, 1580,0.00, 60.00, 0.00, 2.41, 0, 0, 0
3, 85,0.00, 60.00, 0.00, 2.41, 0, 0, 0
4, 83,0.00, 60.00, 0.00, 2.41, 0, 0, 0
5, 89,0.00, 60.00, 0.00, 2.41, 0, 0, 0
6, 92,0.00, 60.00, 0.00, 2.41, 0, 0, 0
7, 87,0.00, 60.00, 0.00, 2.41, 0, 0, 0
8, 87,0.00, 60.00, 0.00, 2.41, 0, 0, 0
9, 1037,0.00, 60.00, 0.00, 2.41, 0, 0, 0
0, 5421,0.00, 60.00, 0.00, 2.41, 0, 0, 0
1, 447,0.00, 60.00, 0.00, 2.41, 0, 0, 0
2, 497,0.00, 60.00, 0.00, 2.41, 0, 0, 0
3, 103,0.00, 60.00, 0.00, 2.41, 0, 0, 0
4, 96,0.00, 60.00, 0.00, 2.41, 0, 0, 0
5, 169,0.00, 60.00, 0.00, 2.41, 0, 0, 0
6, 2471,0.00, 60.00, 0.00, 2.41, 0, 0, 0
7, 163,0.00, 60.00, 0.00, 2.41, 0, 0, 0
8, 472,0.00, 60.00, 0.00, 2.41, 0, 0, 0
9, 1815,0.00, 60.00, 0.00, 2.41, 0, 0, 0
0, 141,0.00, 60.00, 0.00, 2.41, 0, 0, 0
1, 5278,0.00, 60.00, 0.00, 2.41, 0, 0, 0
2, 107,0.00, 60.00, 0.00, 2.41, 0, 0, 0
3, 506,0.00, 60.00, 0.00, 2.41, 0, 0, 0
4, 119,0.00, 60.00, 0.00, 2.41, 0, 0, 0
5, 101,0.00, 60.00, 0.00, 2.41, 0, 0, 0
6, 5328,0.00, 60.00, 0.00, 2.41, 0, 0, 0
7, 132,0.00, 60.00, 0.00, 2.41, 0, 0, 0
8, 445,0.00, 60.00, 0.00, 2.41, 0, 0, 0
9, 221,0.00, 60.00, 0.00, 2.41, 0, 0, 0
0, 116,0.00, 60.00, 0.00, 2.41, 0, 0, 0
1, 92,0.00, 60.00, 0.00, 2.41, 0, 0, 0
2, 1194,0.00, 60.00, 0.00, 2.41, 0, 0, 0
3, 5621,0.00, 60.00, 0.00, 2.41, 0, 0, 0
4, 463,0.00, 60.00, 0.00, 2.41, 0, 0, 0
5, 916,0.00, 60.00, 0.00, 2.41, 0, 0, 0
6, 134,0.00, 60.00, 0.00, 2.41, 0, 0, 0
7, 80,0.00, 60.00, 0.00, 2.41, 0, 0, 0
8, 102,0.00, 60.00, 0.00, 2.41, 0, 0, 0
9, 102,0.00, 60.00, 0.00, 2.41, 0, 0, 0
0, 3674,0.00, 60.00, 0.00, 2.41, 0, 0, 0
1, 127,0.00, 60.00, 0.00, 2.41, 0, 0, 0
2, 1788,0.00, 60.00, 0.00, 2.41, 0, 0, 0
3, 89,0.00, 60.00, 0.00, 2.41, 0, 0, 0
4, 5378,0.00, 60.00, 0.00, 2.41, 0, 0, 0
5, 221,0.00, 60.00, 0.00, 2.41, 0, 0, 0
6, 470,0.00, 60.00, 0.00, 2.41, 0, 0, 0
7, 137,0.00, 60.00, 0.00, 2.41, 0, 0, 0
8, 105,0.00, 60.00, 0.00, 2.41, 0, 0, 0
9, 93,0.00, 60.00, 0.00, 2.41, 0, 0, 0
0, 5266,0.00, 60.00, 0.00, 2.41, 0, 0, 0
1, 181,0.00, 60.00, 0.00, 2.41, 0, 0, 0
2, 558,0.00, 60.00, 0.00, 2.41, 0, 0, 0
3, 84,0.00, 60.00, 0.00, 2.41, 0, 0, 0
4, 137,0.00, 60.00, 0.00, 2.41, 0, 0, 0
5, 137,0.00, 60.00, 0.00, 2.41, 0, 0, 0
6, 5329,0.00, 60.00, 0.00, 2.41, 0, 0, 0
7, 94,0.00, 60.00, 0.00, 2.41, 0, 0, 0
8, 454,0.00, 60.00, 0.00, 2.41, 0, 0, 0
9, 122,0.00, 60.00, 0.00, 2.41, 0, 0, 0
0, 108,0.00, 60.00, 0.00, 2.41, 0, 0, 0
1, 40237,0.00, 60.00, 0.00, 2.41, 0, 0, 0
2, 262,0.00, 60.00, 0.00, 2.41, 0, 0, 0
3, 602,0.00, 60.00, 0.00, 2.41, 0, 0, 0
4, 246,0.00, 60.00, 0.00, 2.41, 0, 0, 0
5, 6018,0.00, 60.00, 0.00, 2.41, 0, 0, 0
6, 142,0.00, 60.00, 0.00, 2.41, 0, 0, 0
7, 448,0.00, 60.00, 0.00, 2.41, 0, 0, 0
8, 550,0.00, 60.00, 0.00, 2.41, 0, 0, 0
9, 93,0.00, 60.00, 0.00, 2.41, 0, 0, 0
0, 97,0.00, 60.00, 0.00, 2.41, 0, 0, 0
1, 92,0.00, 60.00, 0.00, 2.41, 0, 0, 0
2, 126,0.00, 60.00, 0.00, 2.41, 0, 0, 0
3, 81,0.00, 60.00, 0.00, 2.41, 0, 0, 0
4, 120,0.00, 60.00, 0.00, 2.41, 0, 0, 0
5, 110,0.00, 60.00, 0.00, 2.41, 0, 0, 0
6, 78,0.00, 60.00, 0.00, 2.41, 0, 0, 0
7, 4461,0.00, 60.00, 0.00, 2.41, 0, 0, 0
8, 1177,0.00, 60.00, 0.00, 2.41, 0, 0, 0
9, 502,0.00, 60.00, 0.00, 2.41, 0, 0, 0
0, 172,0.00, 60.00, 0.00, 2.41, 0, 0, 0
1, 130,0.00, 60.00, 0.00, 2.41, 0, 0, 0
2, 98,0.00, 60.00, 0.00, 2.41, 0, 0, 0
3, 5240,0.00, 60.00, 0.00, 2.41, 0, 0, 0
4, 89,0.00, 60.00, 0.00, 2.41, 0, 0, 0
5, 998,0.00, 60.00, 0.00, 2.41, 0, 0, 0
6, 94,0.00, 60.00, 0.00, 2.41, 0, 0, 0
7, 81,0.00, 60.00, 0.00, 2.41, 0, 0, 0
8, 78,0.00, 60.00, 0.00, 2.41, 0, 0, 0
9, 1688,0.00, 60.00, 0.00, 2.41, 0, 0, 0
0, 2143,0.00, 60.00, 0.00, 2.41, 0, 0, 0
1, 496,0.00, 60.00, 0.00, 2.41, 0, 0, 0
2, 495,0.00, 60.00, 0.00, 2.41, 0, 0, 0
3, 3195,0.00, 60.00, 0.00, 2.41, 0, 0, 0
4, 157,0.00, 60.00, 0.00, 2.41, 0, 0, 0
5, 5333,0.00, 60.00, 0.00, 2.41, 0, 0, 0
6, 123,0.00, 60.00, 0.00, 2.41, 0, 0, 0
7, 455,0.00, 60.00, 0.00, 2.41, 0, 0, 0
8, 119,0.00, 60.00, 0.00, 2.41, 0, 0, 0
9, 208,0.00, 60.00, 0.00, 2.41, 0, 0, 0
0, 106,0.00, 60.00, 0.00, 2.41, 0, 0, 0
1, 5140,0.00, 60.00, 0.00, 2.41, 0, 0, 0
2, 132,0.00, 60.00, 0.00, 2.41, 0, 0, 0
3, 502,0.00, 60.00, 0.00, 2.41, 0, 0, 0
4, 93,0.00, 60.00, 0.00, 2.41, 0, 0, 0
5, 104,0.00, 60.00, 0.00, 2.41, 0, 0, 0
6, 251,0.00, 60.00, 0.00, 2.41, 0, 0, 0
7, 5163,0.00, 60.00, 0.00, 2.41, 0, 0, 0
8, 504,0.00, 60.00, 0.00, 2.41, 0, 0, 0
9, 506,0.00, 60.00, 0.00, 2.41, 0, 0, 0
0, 89,0.00, 60.00, 0.00, 2.41, 0, 0, 0
1, 128,0.00, 60.00, 0.00, 2.41, 0, 0, 0
2, 99,0.00, 60.00, 0.00, 2.41, 0, 0, 0
3, 1776,0.00, 60.00, 0.00, 2.41, 0, 0, 0
4, 495,0.00, 60.00, 0.00, 2.41, 0, 0, 0
5, 1669,0.00, 60.00, 0.00, 2.41, 0, 0, 0
6, 301,0.00, 60.00, 0.00, 2.41, 0, 0, 0
7, 5301,0.00, 60.00, 0.00, 2.41, 0, 0, 0
8, 515,0.00, 60.00, 0.00, 2.41, 0, 0, 0
9, 459,0.00, 60.00, 0.00, 2.41, 0, 0, 0
0, 92,0.00, 60.00, 0.00, 2.41, 0, 0, 0
1, 107,0.00, 60.00, 0.00, 2.41, 0, 0, 0
2, 75,0.00, 60.00, 0.00, 2.41, 0, 0, 0
3, 1648,0.00, 60.00, 0.00, 2.41, 0, 0, 0
4, 2211,0.00, 60.00, 0.00, 2.41, 0, 0, 0
5, 910,0.00, 60.00, 0.00, 2.41, 0, 0, 0
6, 521,0.00, 60.00, 0.00, 2.41, 0, 0, 0
7, 90,0.00, 60.00, 0.00, 2.41, 0, 0, 0
8, 93,0.00, 60.00, 0.00, 2.41, 0, 0, 0
9, 5070,0.00, 60.00, 0.00, 2.41, 0, 0, 0
0, 111,0.00, 60.00, 0.00, 2.41, 0, 0, 0
1, 496,0.00, 60.00, 0.00, 2.41, 0, 0, 0
2, 95,0.00, 60.00, 0.00, 2.41, 0, 0, 0
3, 87,0.00, 60.00, 0.00, 2.41, 0, 0, 0
4, 3392,0.00, 60.00, 0.00, 2.41, 0, 0, 0
5, 115,0.00, 60.00, 0.00, 2.41, 0, 0, 0
6, 481,0.00, 60.00, 0.00, 2.41, 0, 0, 0
7, 2326,0.00, 60.00, 0.00, 2.41, 0, 0, 0
8, 82,0.00, 60.00, 0.00, 2.41, 0, 0, 0
9, 1766,0.00, 60.00, 0.00, 2.41, 0, 0, 0
0, 123,0.00, 60.00, 0.00, 2.41, 0, 0, 0
1, 5204,0.00, 60.00, 0.00, 2.41, 0, 0, 0
2, 127,0.00, 60.00, 0.00, 2.41, 0, 0, 0
3, 451,0.00, 60.00, 0.00, 2.41, 0, 0, 0
4, 85,0.00, 60.00, 0.00, 2.41, 0, 0, 0
5, 177,0.00, 60.00, 0.00, 2.41, 0, 0, 0
6, 139,0.00, 60.00, 0.00, 2.41, 0, 0, 0
7, 5061,0.00, 60.00, 0.00, 2.41, 0, 0, 0
8, 252,0.00, 60.00, 0.00, 2.41, 0, 0, 0
9, 487,0.00, 60.00, 0.00, 2.41, 0, 0, 0
0, 97,0.00, 60.00, 0.00, 2.41, 0, 0, 0
1, 135,0.00, 60.00, 0.00, 2.41, 0, 0, 0
2, 135,0.00, 60.00, 0.00, 2.41, 0, 0, 0
3, 5090,0.00, 60.00, 0.00, 2.41, 0, 0, 0
4, 76,0.00, 60.00, 0.00, 2.41, 0, 0, 0
5, 1043,0.00, 60.00, 0.00, 2.41, 0, 0, 0
6, 122,0.00, 60.00, 0.00, 2.41, 0, 0, 0
7, 94,0.00, 60.00, 0.00, 2.41, 0, 0, 0
8, 97,0.00, 60.00, 0.00, 2.41, 0, 0, 0
9, 2258,0.00, 60.00, 0.00, 2.41, 0, 0, 0
0, 115,0.00, 60.00, 0.00, 2.41, 0, 0, 0
1, 564,0.00, 60.00, 0.00, 2.41, 0, 0, 0
2, 2137,0.00, 60.00, 0.00, 2.41, 0, 0, 0
3, 501,0.00, 60.00, 0.00, 2.41, 0, 0, 0
4, 35056,0.00, 60.00, 0.00, 2.41, 0, 0, 0
5, 137,0.00, 60.00, 0.00, 2.41, 0, 0, 0
6, 543,0.00, 60.00, 0.00, 2.41, 0, 0, 0
7, 153,0.00, 60.00, 0.00, 2.41, 0, 0, 0
8, 5525,0.00, 60.00, 0.00, 2.41, 0, 0, 0
9, 87,0.00, 60.00, 0.00, 2.41, 0, 0, 0
0, 526,0.00, 60.00, 0.00, 2.41, 0, 0, 0
1, 136,0.00, 60.00, 0.00, 2.41, 0, 0, 0
2, 113,0.00, 60.00, 0.00, 2.41, 0, 0, 0
3, 1096,0.00, 60.00, 0.00, 2.41, 0, 0, 0
4, 4967,0.00, 60.00, 0.00, 2.41, 0, 0, 0
5, 920,0.00, 60.00, 0.00, 2.41, 0, 0, 0
6, 538,0.00, 60.00, 0.00, 2.41, 0, 0, 0
7, 89,0.00, 60.00, 0.00, 2.41, 0, 0, 0
8, 91,0.00, 60.00, 0.00, 2.41, 0, 0, 0
9, 102,0.00, 60.00, 0.00, 2.41, 0, 0, 0
0, 316,0.00, 60.00, 0.00, 2.41, 0, 0, 0
1, 5163,0.00, 60.00, 0.00, 2.41, 0, 0, 0
2, 168,0.00, 60.00, 0.00, 2.41, 0, 0, 0
3, 488,0.00, 60.00, 0.00, 2.41, 0, 0, 0
4, 98,0.00, 60.00, 0.00, 2.41, 0, 0, 0
5, 144,0.00, 60.00, 0.00, 2.41, 0, 0, 0
6, 94,0.00, 60.00, 0.00, 2.41, 0, 0, 0
7, 5047,0.00, 60.00, 0.00, 2.41, 0, 0, 0
8, 117,0.00, 60.00, 0.00, 2.41, 0, 0, 0
9, 578,0.00, 60.00, 0.00, 2.41, 0, 0, 0
0, 99,0.00, 60.00, 0.00, 2.41, 0, 0, 0
1, 88,0.00, 60.00, 0.00, 2.41, 0, 0, 0
2, 1108,0.00, 60.00, 0.00, 2.41, 0, 0, 0
3, 5251,0.00, 60.00, 0.00, 2.41, 0, 0, 0
4, 551,0.00, 60.00, 0.00, 2.41, 0, 0, 0
5, 945,0.00, 60.00, 0.00, 2.41, 0, 0, 0
6, 125,0.00, 60.00, 0.00, 2.41, 0, 0, 0
7, 250,0.00, 60.00, 0.00, 2.41, 0, 0, 0
8, 961,0.00, 60.00, 0.00, 2.41, 0, 0, 0
9, 104,0.00, 60.00, 0.00, 2.41, 0, 0, 0
0, 117,0.00, 60.00, 0.00, 2.41, 0, 0, 0
1, 2094,0.00, 60.00, 0.00, 2.41, 0, 0, 0
2, 162,0.00, 60.00, 0.00, 2.41, 0, 0, 0
3, 1441,0.00, 60.00, 0.00, 2.41, 0, 0, 0
4, 2053,0.00, 60.00, 0.00, 2.41, 0, 0, 0
5, 963,0.00, 60.00, 0.00, 2.41, 0, 0, 0
6, 487,0.00, 60.00, 0.00, 2.41, 0, 0, 0
7, 133,0.00, 60.00, 0.00, 2.41, 0, 0, 0
8, 2014,0.00, 60.00, 0.00, 2.41, 0, 0, 0
9, 148,0.00, 60.00, 0.00, 2.41, 0, 0, 0
0, 5245,0.00, 60.00, 0.00, 2.41, 0, 0, 0
1, 84,0.00, 60.00, 0.00, 2.41, 0, 0, 0
2, 466,0.00, 60.00, 0.00, 2.41, 0, 0, 0
3, 135,0.00, 60.00, 0.00, 2.41, 0, 0, 0
4, 163,0.00, 60.00, 0.00, 2.41, 0, 0, 0
5, 101,0.00, 60.00, 0.00, 2.41, 0, 0, 0
6, 5151,0.00, 60.00, 0.00, 2.41, 0, 0, 0
7, 142,0.00, 60.00, 0.00, 2.41, 0, 0, 0
8, 448,0.00, 60.00, 0.00, 2.41, 0, 0, 0
9, 205,0.00, 60.00, 0.00, 2.41, 0, 0, 0
0, 180,0.00, 60.00, 0.00, 2.41, 0, 0, 0
1, 96,0.00, 60.00, 0.00, 2.41, 0, 0, 0
2, 1748,0.00, 60.00, 0.00, 2.41, 0, 0, 0
3, 2147,0.00, 60.00, 0.00, 2.41, 0, 0, 0
4, 522,0.00, 60.00, 0.00, 2.41, 0, 0, 0
5, 878,0.00, 60.00, 0.00, 2.41, 0, 0, 0
6, 1531,0.00, 60.00, 0.00, 2.41, 0, 0, 0
7, 140,0.00, 60.00, 0.00, 2.41, 0, 0, 0
8, 87,0.00, 60.00, 0.00, 2.41, 0, 0, 0
9, 1758,0.00, 60.00, 0.00, 2.41, 0, 0, 0
0, 218,0.00, 60.00, 0.00, 2.41, 0, 0, 0
1, 5120,0.00, 60.00, 0.00, 2.41, 0, 0, 0
2, 201,0.00, 60.00, 0.00, 2.41, 0, 0, 0
3, 443,0.00, 60.00, 0.00, 2.41, 0, 0, 0
4, 129,0.00, 60.00, 0.00, 2.41, 0, 0, 0
5, 164,0.00, 60.00, 0.00, 2.41, 0, 0, 0
6, 86,0.00, 60.00, 0.00, 2.41, 0, 0, 0
7, 5035,0.00, 60.00, 0.00, 2.41, 0, 0, 0
8, 144,0.00, 60.00, 0.00, 2.41, 0, 0, 0
9, 492,0.00, 60.00, 0.00, 2.41, 0, 0, 0
0, 95,0.00, 60.00, 0.00, 2.41, 0, 0, 0
1, 92,0.00, 60.00, 0.00, 2.41, 0, 0, 0
2, 3481,0.00, 60.00, 0.00, 2.41, 0, 0, 0
3, 143,0.00, 60.00, 0.00, 2.41, 0, 0, 0
4, 430,0.00, 60.00, 0.00, 2.41, 0, 0, 0
5, 1757,0.00, 60.00, 0.00, 2.41, 0, 0, 0
6, 137,0.00, 60.00, 0.00, 2.41, 0, 0, 0
7, 5109,0.00, 60.00, 0.00, 2.41, 0, 0, 0
8, 190,0.00, 60.00, 0.00, 2.41, 0, 0, 0
9, 466,0.00, 60.00, 0.00, 2.41, 0, 0, 0
0, 89,0.00, 60.00, 0.00, 2.41, 0, 0, 0
1, 84,0.00, 60.00, 0.00, 2.41, 0, 0, 0
2, 195,0.00, 60.00, 0.00, 2.41, 0, 0, 0
3, 5093,0.00, 60.00, 0.00, 2.41, 0, 0, 0
4, 210,0.00, 60.00, 0.00, 2.41, 0, 0, 0
5, 1034,0.00, 60.00, 0.00, 2.41, 0, 0, 0
6, 97,0.00, 60.00, 0.00, 2.41, 0, 0, 0
7, 84,0.00, 60.00, 0.00, 2.41, 0, 0, 0
8, 102,0.00, 60.00, 0.00, 2.41, 0, 0, 0
9, 2222,0.00, 60.00, 0.00, 2.41, 0, 0, 0
0, 129,0.00, 60.00, 0.00, 2.41, 0, 0, 0
1, 507,0.00, 60.00, 0.00, 2.41, 0, 0, 0
2, 2105,0.00, 60.00, 0.00, 2.41, 0, 0, 0
3, 546,0.00, 60.00, 0.00, 2.41, 0, 0, 0
4, 491,0.00, 60.00, 0.00, 2.41, 0, 0, 0
5, 2334,0.00, 60.00, 0.00, 2.41, 0, 0, 0
6, 29007,0.00, 60.00, 0.00, 2.41, 0, 0, 0
7, 438,0.00, 60.00, 0.00, 2.41, 0, 0, 0
8, 456,0.00, 60.00, 0.00, 2.41, 0, 0, 0
9, 106,0.00, 60.00, 0.00, 2.41, 0, 0, 0
0, 183,0.00, 60.00, 0.00, 2.41, 0, 0, 0
1, 138,0.00, 60.00, 0.00, 2.41, 0, 0, 0
2, 5496,0.00, 60.00, 0.00, 2.41, 0, 0, 0
3, 77,0.00, 60.00, 0.00, 2.41, 0, 0, 0
4, 478,0.00, 60.00, 0.00, 2.41, 0, 0, 0
5, 146,0.00, 60.00, 0.00, 2.41, 0, 0, 0
6, 92,0.00, 60.00, 0.00, 2.41, 0, 0, 0
7, 92,0.00, 60.00, 0.00, 2.41, 0, 0, 0
8, 966,0.00, 60.00, 0.00, 2.41, 0, 0, 0
9, 5088,0.00, 60.00, 0.00, 2.41, 0, 0, 0
0, 503,0.00, 60.00, 0.00, 2.41, 0, 0, 0
1, 499,0.00, 60.00, 0.00, 2.41, 0, 0, 0
2, 124,0.00, 60.00, 0.00, 2.41, 0, 0, 0
3, 88,0.00, 60.00, 0.00, 2.41, 0, 0, 0
4, 77,0.00, 60.00, 0.00, 2.41, 0, 0, 0
5, 1681,0.00, 60.00, 0.00, 2.41, 0, 0, 0
6, 2234,0.00, 60.00, 0.00, 2.41, 0, 0, 0
7, 523,0.00, 60.00, 0.00, 2.41, 0, 0, 0
8, 413,0.00, 60.00, 0.00, 2.41, 0, 0, 0
9, 281,0.00, 60.00, 0.00, 2.41, 0, 0, 0
0, 5159,0.00, 60.00, 0.00, 2.41, 0, 0, 0
1, 124,0.00, 60.00, 0.00, 2.41, 0, 0, 0
2, 471,0.00, 60.00, 0.00, 2.41, 0, 0, 0
3, 125,0.00, 60.00, 0.00, 2.41, 0, 0, 0
4, 125,0.00, 60.00, 0.00, 2.41, 0, 0, 0
5, 134,0.00, 60.00, 0.00, 2.41, 0, 0, 0
6, 5186,0.00, 60.00, 0.00, 2.41, 0, 0, 0
7, 141,0.00, 60.00, 0.00, 2.41, 0, 0, 0
8, 472,0.00, 60.00, 0.00, 2.41, 0, 0, 0
9, 102,0.00, 60.00, 0.00, 2.41, 0, 0, 0
0, 97,0.00, 60.00, 0.00, 2.41, 0, 0, 0
1, 196,0.00, 60.00, 0.00, 2.41, 0, 0, 0
2, 5205,0.00, 60.00, 0.00, 2.41, 0, 0, 0
3, 82,0.00, 60.00, 0.00, 2.41, 0, 0, 0
4, 444,0.00, 60.00, 0.00, 2.41, 0, 0, 0
5, 173,0.00, 60.00, 0.00, 2.41, 0, 0, 0
6, 136,0.00, 60.00, 0.00, 2.41, 0, 0, 0
7, 82,0.00, 60.00, 0.00, 2.41, 0, 0, 0
8, 5150,0.00, 60.00, 0.00, 2.41, 0, 0, 0
9, 126,0.00, 60.00, 0.00, 2.41, 0, 0, 0
0, 496,0.00, 60.00, 0.00, 2.41, 0, 0, 0
1, 105,0.00, 60.00, 0.00, 2.41, 0, 0, 0
2, 230,0.00, 60.00, 0.00, 2.41, 0, 0, 0
3, 133,0.00, 60.00, 0.00, 2.41, 0, 0, 0
4, 4992,0.00, 60.00, 0.00, 2.41, 0, 0, 0
5, 203,0.00, 60.00, 0.00, 2.41, 0, 0, 0
6, 522,0.00, 60.00, 0.00, 2.41, 0, 0, 0
7, 82,0.00, 60.00, 0.00, 2.41, 0, 0, 0
8, 85,0.00, 60.00, 0.00, 2.41, 0, 0, 0
9, 217,0.00, 60.00, 0.00, 2.41, 0, 0, 0
0, 5241,0.00, 60.00, 0.00, 2.41, 0, 0, 0
1, 461,0.00, 60.00, 0.00, 2.41, 0, 0, 0
2, 506,0.00, 60.00, 0.00, 2.41, 0, 0, 0
3, 94,0.00, 60.00, 0.00, 2.41, 0, 0, 0
4, 92,0.00, 60.00, 0.00, 2.41, 0, 0, 0
5, 135,0.00, 60.00, 0.00, 2.41, 0, 0, 0
6, 2451,0.00, 60.00, 0.00, 2.41, 0, 0, 0
7, 214,0.00, 60.00, 0.00, 2.41, 0, 0, 0
8, 438,0.00, 60.00, 0.00, 2.41, 0, 0, 0
9, 2068,0.00, 60.00, 0.00, 2.41, 0, 0, 0
0, 117,0.00, 60.00, 0.00, 2.41, 0, 0, 0
1, 1421,0.00, 60.00, 0.00, 2.41, 0, 0, 0
2, 1682,0.00, 60.00, 0.00, 2.41, 0, 0, 0
3, 2037,0.00, 60.00, 0.00, 2.41, 0, 0, 0
4, 476,0.00, 60.00, 0.00, 2.41, 0, 0, 0
5, 891,0.00, 60.00, 0.00, 2.41, 0, 0, 0
6, 1567,0.00, 60.00, 0.00, 2.41, 0, 0, 0
7, 174,0.00, 60.00, 0.00, 2.41, 0, 0, 0
8, 91,0.00, 60.00, 0.00, 2.41, 0, 0, 0
9, 5053,0.00, 60.00, 0.00, 2.41, 0, 0, 0
0, 76,0.00, 60.00, 0.00, 2.41, 0, 0, 0
1, 444,0.00, 60.00, 0.00, 2.41, 0, 0, 0
2, 125,0.00, 60.00, 0.00, 2.41, 0, 0, 0
3, 112,0.00, 60.00, 0.00, 2.41, 0, 0, 0
4, 972,0.00, 60.00, 0.00, 2.41, 0, 0, 0
5, 5045,0.00, 60.00, 0.00, 2.41, 0, 0, 0
6, 514,0.00, 60.00, 0.00, 2.41, 0, 0, 0
7, 487,0.00, 60.00, 0.00, 2.41, 0, 0, 0
8, 108,0.00, 60.00, 0.00, 2.41, 0, 0, 0
9, 88,0.00, 60.00, 0.00, 2.41, 0, 0, 0
0, 113,0.00, 60.00, 0.00, 2.41, 0, 0, 0
1, 993,0.00, 60.00, 0.00, 2.41, 0, 0, 0
2, 4970,0.00, 60.00, 0.00, 2.41, 0, 0, 0
3, 447,0.00, 60.00, 0.00, 2.41, 0, 0, 0
4, 445,0.00, 60.00, 0.00, 2.41, 0, 0, 0
5, 196,0.00, 60.00, 0.00, 2.41, 0, 0, 0
6, 103,0.00, 60.00, 0.00, 2.41, 0, 0, 0
7, 92,0.00, 60.00, 0.00, 2.41, 0, 0, 0
8, 5040,0.00, 60.00, 0.00, 2.41, 0, 0, 0
9, 115,0.00, 60.00, 0.00, 2.41, 0, 0, 0
0, 454,0.00, 60.00, 0.00, 2.41, 0, 0, 0
1, 133,0.00, 60.00, 0.00, 2.41, 0, 0, 0
2, 165,0.00, 60.00, 0.00, 2.41, 0, 0, 0
3, 126,0.00, 60.00, 0.00, 2.41, 0, 0, 0
4, 4958,0.00, 60.00, 0.00, 2.41, 0, 0, 0
5, 140,0.00, 60.00, 0.00, 2.41, 0, 0, 0
6, 436,0.00, 60.00, 0.00, 2.41, 0, 0, 0
7, 86,0.00, 60.00, 0.00, 2.41, 0, 0, 0
8, 27731,0.00, 60.00, 0.00, 2.41, 0, 0, 0
9, 213,0.00, 60.00, 0.00, 2.41, 0, 0, 0
0, 441,0.00, 60.00, 0.00, 2.41, 0, 0, 0
1, 93,0.00, 60.00, 0.00, 2.41, 0, 0, 0
2, 221,0.00, 60.00, 0.00, 2.41, 0, 0, 0
3, 100,0.00, 60.00, 0.00, 2.41, 0, 0, 0
4, 5004,0.00, 60.00, 0.00, 2.41, 0, 0, 0
5, 254,0.00, 60.00, 0.00, 2.41, 0, 0, 0
6, 466,0.00, 60.00, 0.00, 2.41, 0, 0, 0
7, 90,0.00, 60.00, 0.00, 2.41, 0, 0, 0
8, 106,0.00, 60.00, 0.00, 2.41, 0, 0, 0
9, 162,0.00, 60.00, 0.00, 2.41, 0, 0, 0
0, 5114,0.00, 60.00, 0.00, 2.41, 0, 0, 0
1, 78,0.00, 60.00, 0.00, 2.41, 0, 0, 0
2, 451,0.00, 60.00, 0.00, 2.41, 0, 0, 0
3, 90,0.00, 60.00, 0.00, 2.41, 0, 0, 0
4, 172,0.00, 60.00, 0.00, 2.41, 0, 0, 0
5, 184,0.00, 60.00, 0.00, 2.41, 0, 0, 0
6, 5036,0.00, 60.00, 0.00, 2.41, 0, 0, 0
7, 184,0.00, 60.00, 0.00, 2.41, 0, 0, 0
8, 438,0.00, 60.00, 0.00, 2.41, 0, 0, 0
9, 100,0.00, 60.00, 0.00, 2.41, 0, 0, 0
0, 86,0.00, 60.00, 0.00, 2.41, 0, 0, 0
1, 184,0.00, 60.00, 0.00, 2.41, 0, 0, 0
2, 5191,0.00, 60.00, 0.00, 2.41, 0, 0, 0
3, 118,0.00, 60.00, 0.00, 2.41, 0, 0, 0
4, 452,0.00, 60.00, 0.00, 2.41, 0, 0, 0
5, 219,0.00, 60.00, 0.00, 2.41, 0, 0, 0
6, 129,0.00, 60.00, 0.00, 2.41, 0, 0, 0
7, 95,0.00, 60.00, 0.00, 2.41, 0, 0, 0
8, 5080,0.00, 60.00, 0.00, 2.41, 0, 0, 0
9, 138,0.00, 60.00, 0.00, 2.41, 0, 0, 0
0, 481,0.00, 60.00, 0.00, 2.41, 0, 0, 0
1, 98,0.00, 60.00, 0.00, 2.41, 0, 0, 0
2, 110,0.00, 60.00, 0.00, 2.41, 0, 0, 0
3, 355,0.00, 60.00, 0.00, 2.41, 0, 0, 0
4, 5145,0.00, 60.00, 0.00, 2.41, 0, 0, 0
5, 938,0.00, 60.00, 0.00, 2.41, 0, 0, 0
6, 440,0.00, 60.00, 0.00, 2.41, 0, 0, 0
7, 89,0.00, 60.00, 0.00, 2.41, 0, 0, 0
8, 235,0.00, 60.00, 0.00, 2.41, 0, 0, 0
9, 492,0.00, 60.00, 0.00, 2.41, 0, 0, 0
0, 107,0.00, 60.00, 0.00, 2.41, 0, 0, 0
1, 243,0.00, 60.00, 0.00, 2.41, 0, 0, 0
2, 5198,0.00, 60.00, 0.00, 2.41, 0, 0, 0
3, 113,0.00, 60.00, 0.00, 2.41, 0, 0, 0
4, 552,0.00, 60.00, 0.00, 2.41, 0, 0, 0
5, 151,0.00, 60.00, 0.00, 2.41, 0, 0, 0
6, 96,0.00, 60.00, 0.00, 2.41, 0, 0, 0
7, 102,0.00, 60.00, 0.00, 2.41, 0, 0, 0
8, 1696,0.00, 60.00, 0.00, 2.41, 0, 0, 0
9, 192,0.00, 60.00, 0.00, 2.41, 0, 0, 0
0, 5044,0.00, 60.00, 0.00, 2.41, 0, 0, 0
1, 108,0.00, 60.00, 0.00, 2.41, 0, 0, 0
2, 464,0.00, 60.00, 0.00, 2.41, 0, 0, 0
3, 95,0.00, 60.00, 0.00, 2.41, 0, 0, 0
4, 111,0.00, 60.00, 0.00, 2.41, 0, 0, 0
5, 208,0.00, 60.00, 0.00, 2.41, 0, 0, 0
6, 5091,0.00, 60.00, 0.00, 2.41, 0, 0, 0
7, 124,0.00, 60.00, 0.00, 2.41, 0, 0, 0
8, 452,0.00, 60.00, 0.00, 2.41, 0, 0, 0
9, 208,0.00, 60.00, 0.00, 2.41, 0, 0, 0
0, 121,0.00, 60.00, 0.00, 2.41, 0, 0, 0
1, 86,0.00, 60.00, 0.00, 2.41, 0, 0, 0
2, 5355,0.00, 60.00, 0.00, 2.41, 0, 0, 0
3, 125,0.00, 60.00, 0.00, 2.41, 0, 0, 0
4, 607,0.00, 60.00, 0.00, 2.41, 0, 0, 0
5, 123,0.00, 60.00, 0.00, 2.41, 0, 0, 0
6, 86,0.00, 60.00, 0.00, 2.41, 0, 0, 0
7, 94,0.00, 60.00, 0.00, 2.41, 0, 0, 0
8, 1717,0.00, 60.00, 0.00, 2.41, 0, 0, 0
9, 2920,0.00, 60.00, 0.00, 2.41, 0, 0, 0
0, 542,0.00, 60.00, 0.00, 2.41, 0, 0, 0
1, 459,0.00, 60.00, 0.00, 2.41, 0, 0, 0
2, 2433,0.00, 60.00, 0.00, 2.41, 0, 0, 0
3, 152,0.00, 60.00, 0.00, 2.41, 0, 0, 0
4, 426,0.00, 60.00, 0.00, 2.41, 0, 0, 0
5, 2221,0.00, 60.00, 0.00, 2.41, 0, 0, 0
6, 132,0.00, 60.00, 0.00, 2.41, 0, 0, 0
7, 469,0.00, 60.00, 0.00, 2.41, 0, 0, 0
8, 1712,0.00, 60.00, 0.00, 2.41, 0, 0, 0
9, 381,0.00, 60.00, 0.00, 2.41, 0, 0, 0
0, 4994,0.00, 60.00, 0.00, 2.41, 0, 0, 0
1, 494,0.00, 60.00, 0.00, 2.41, 0, 0, 0
2, 479,0.00, 60.00, 0.00, 2.41, 0, 0, 0
3, 127,0.00, 60.00, 0.00, 2.41, 0, 0, 0
4, 86,0.00, 60.00, 0.00, 2.41, 0, 0, 0
5, 110,0.00, 60.00, 0.00, 2.41, 0, 0, 0
6, 1735,0.00, 60.00, 0.00, 2.41, 0, 0, 0
7, 920,0.00, 60.00, 0.00, 2.41, 0, 0, 0
8, 428,0.00, 60.00, 0.00, 2.41, 0, 0, 0
9, 2933,0.00, 60.00, 0.00, 2.41, 0, 0, 0
