Thu Nov 29 11:45:01 2018
Controller Frequency: 1.50 kHz
Time(s), Time(ns), x, v, f, xdes, vdes, cmd, LSB, LSF
154242, 212986011, 0.001, 0.000, -454.994, 250.000, 0.000, 2.350, 0, 0 
154242, 214506674, 0.002, 0.000, -454.967, 250.000, 0.000, 2.350, 0, 0 
154242, 216120857, 0.002, 0.000, -454.981, 250.000, 0.000, 2.350, 0, 0 
154242, 217707341, 0.003, 0.000, -454.967, 250.000, 0.000, 2.350, 0, 0 
154242, 219289060, 0.003, 0.000, -454.981, 250.000, 0.000, 2.350, 0, 0 
154242, 220872469, 0.005, 0.000, -454.981, 250.000, 0.000, 2.350, 0, 0 
154242, 222463763, 0.005, 0.000, -454.981, 250.000, 0.000, 2.350, 0, 0 
154242, 224048844, 0.006, 0.000, -454.981, 250.000, 0.000, 2.350, 0, 0 
154242, 225583042, 0.006, 0.000, -454.994, 250.000, 0.000, 2.350, 0, 0 
154242, 227108625, 0.007, 0.000, -454.994, 250.000, 0.000, 2.350, 0, 0 
154242, 228687626, 0.007, 0.000, -454.981, 250.000, 0.000, 2.350, 0, 0 
154242, 230207180, 0.008, 0.000, -454.981, 250.000, 0.000, 2.350, 0, 0 
154242, 231740742, 0.008, 0.000, -454.981, 250.000, 0.000, 2.350, 0, 0 
154242, 233273919, 0.008, 0.000, -454.994, 250.000, 0.000, 2.350, 0, 0 
154242, 234812464, 0.008, 0.000, -454.967, 250.000, 0.000, 2.350, 0, 0 
154242, 236350734, 0.008, 0.000, -454.967, 250.000, 0.000, 2.350, 0, 0 
154242, 237888798, 0.008, 0.000, -454.967, 250.000, 0.000, 2.350, 0, 0 
154242, 239429664, 0.009, 0.000, -454.967, 250.000, 0.000, 2.350, 0, 0 
154242, 240960978, 0.009, 0.000, -454.981, 250.000, 0.000, 2.350, 0, 0 
154242, 242464715, 0.009, 0.000, -454.981, 250.000, 0.000, 2.350, 0, 0 
154242, 243976887, 0.009, 0.000, -454.981, 250.000, 0.000, 2.350, 0, 0 
154242, 245482200, 0.009, 0.000, -454.994, 250.000, 0.000, 2.350, 0, 0 
154242, 246986344, 0.010, 0.000, -454.967, 250.000, 0.000, 2.350, 0, 0 
154242, 248490531, 0.010, 0.000, -454.981, 250.000, 0.000, 2.350, 0, 0 
154242, 249994968, 0.010, 0.000, -454.981, 250.000, 0.000, 2.350, 0, 0 
154242, 251499288, 0.011, 0.000, -454.994, 250.000, 0.000, 2.350, 0, 0 
154242, 253005532, 0.011, 0.000, -454.967, 250.000, 0.000, 2.350, 0, 0 
154242, 254509931, 0.013, 0.000, -454.981, 250.000, 0.000, 2.350, 0, 0 
154242, 256016222, 0.013, 0.000, -454.981, 250.000, 0.000, 2.350, 0, 0 
154242, 257521111, 0.013, 0.000, -454.981, 250.000, 0.000, 2.350, 0, 0 
154242, 259040355, 0.014, 0.000, -454.981, 250.000, 0.000, 2.350, 0, 0 
154242, 260546769, 0.014, 0.000, -454.967, 250.000, 0.000, 2.350, 0, 0 
154242, 262052287, 0.014, 0.000, -454.994, 250.000, 0.000, 2.350, 0, 0 
154242, 263557777, 0.015, 0.000, -454.981, 250.000, 0.000, 2.350, 0, 0 
154242, 265064251, 0.015, 0.000, -454.967, 250.000, 0.000, 2.350, 0, 0 
154242, 266570723, 0.016, 0.000, -454.967, 250.000, 0.000, 2.350, 0, 0 
154242, 268075960, 0.016, 0.000, -454.981, 250.000, 0.000, 2.350, 0, 0 
154242, 269582385, 0.016, 0.000, -454.967, 250.000, 0.000, 2.350, 0, 0 
154242, 271090134, 0.017, 0.000, -454.994, 250.000, 0.000, 2.350, 0, 0 
154242, 272599128, 0.017, 0.000, -454.994, 250.000, 0.000, 2.350, 0, 0 
154242, 274224233, 0.018, 0.000, -454.981, 250.000, 0.000, 2.350, 0, 0 
154242, 275826272, 0.018, 0.000, -454.967, 250.000, 0.000, 2.350, 0, 0 
154242, 277415545, 0.020, 0.000, -454.981, 250.000, 0.000, 2.350, 0, 0 
154242, 278944366, 0.020, 0.000, -454.967, 250.000, 0.000, 2.350, 0, 0 
154242, 280489942, 0.020, 0.000, -454.994, 250.000, 0.000, 2.350, 0, 0 
154242, 282002831, 0.021, 0.000, -454.981, 250.000, 0.000, 2.350, 0, 0 
154242, 283515681, 0.021, 0.000, -454.967, 250.000, 0.000, 2.350, 0, 0 
154242, 285028717, 0.022, 0.000, -454.994, 250.000, 0.000, 2.350, 0, 0 
154242, 286541499, 0.023, 0.000, -454.981, 250.000, 0.000, 2.350, 0, 0 
154242, 288057238, 0.023, 0.000, -454.981, 250.000, 0.000, 2.350, 0, 0 
154242, 289615150, 0.024, 0.000, -454.981, 250.000, 0.000, 2.350, 0, 0 
154242, 291140650, 0.024, 0.000, -454.981, 250.000, 0.000, 2.350, 0, 0 
154242, 292656922, 0.025, 0.000, -454.981, 250.000, 0.000, 2.350, 0, 0 
154242, 294217817, 0.025, 0.000, -454.981, 250.000, 0.000, 2.350, 0, 0 
154242, 295778711, 0.025, 0.000, -454.994, 250.000, 0.000, 2.350, 0, 0 
154242, 297316948, 0.026, 0.000, -454.981, 250.000, 0.000, 2.350, 0, 0 
154242, 298865857, 0.026, 0.000, -454.994, 250.000, 0.000, 2.350, 0, 0 
154242, 300407756, 0.026, 0.000, -454.981, 250.000, 0.000, 2.350, 0, 0 
154242, 301912191, 0.028, 0.000, -454.967, 250.000, 0.000, 2.350, 0, 0 
154242, 303463532, 0.028, 0.000, -454.981, 250.000, 0.000, 2.350, 0, 0 
154242, 305022458, 0.029, 0.000, -454.967, 250.000, 0.000, 2.350, 0, 0 
154242, 306609204, 0.029, 0.000, -454.967, 250.000, 0.000, 2.350, 0, 0 
154242, 308222643, 0.029, 0.000, -454.981, 250.000, 0.000, 2.350, 0, 0 
154242, 309833770, 0.029, 0.000, -454.994, 250.000, 0.000, 2.350, 0, 0 
154242, 311441139, 0.030, 0.000, -454.967, 250.000, 0.000, 2.350, 0, 0 
154242, 313049936, 0.031, 0.000, -454.981, 250.000, 0.000, 2.350, 0, 0 
154242, 314621328, 0.032, 0.000, -454.994, 250.000, 0.000, 2.350, 0, 0 
154242, 316140364, 0.032, 0.000, -454.994, 250.000, 0.000, 2.350, 0, 0 
154242, 317713619, 0.032, 0.000, -454.981, 250.000, 0.000, 2.350, 0, 0 
154242, 319301797, 0.033, 0.000, -454.981, 250.000, 0.000, 2.350, 0, 0 
154242, 320893564, 0.033, 0.000, -454.994, 250.000, 0.000, 2.350, 0, 0 
154242, 322400273, 0.033, 0.000, -454.981, 250.000, 0.000, 2.350, 0, 0 
154242, 323904846, 0.034, 0.000, -454.981, 250.000, 0.000, 2.350, 0, 0 
154242, 325409054, 0.034, 0.000, -454.981, 250.000, 0.000, 2.350, 0, 0 
154242, 326912953, 0.034, 0.000, -454.981, 250.000, 0.000, 2.350, 0, 0 
154242, 328416687, 0.036, 0.000, -454.981, 250.000, 0.000, 2.350, 0, 0 
154242, 329920594, 0.036, 0.000, -454.981, 250.000, 0.000, 2.350, 0, 0 
154242, 331424307, 0.036, 0.000, -454.967, 250.000, 0.000, 2.350, 0, 0 
154242, 332932614, 0.037, 0.000, -454.994, 250.000, 0.000, 2.350, 0, 0 
154242, 334506285, 0.037, 0.000, -454.981, 250.000, 0.000, 2.350, 0, 0 
154242, 336130350, 0.038, 0.000, -454.981, 250.000, 0.000, 2.350, 0, 0 
154242, 337728263, 0.039, 0.000, -454.967, 250.000, 0.000, 2.350, 0, 0 
154242, 339234200, 0.039, 0.000, -454.981, 250.000, 0.000, 2.350, 0, 0 
154242, 340741471, 0.040, 0.000, -454.994, 250.000, 0.000, 2.350, 0, 0 
154242, 342336425, 0.041, 0.000, -454.994, 250.000, 0.000, 2.350, 0, 0 
154242, 343937858, 0.041, 0.000, -454.967, 250.000, 0.000, 2.350, 0, 0 
154242, 345527750, 0.043, 0.000, -454.981, 250.000, 0.000, 2.350, 0, 0 
154242, 347130360, 0.043, 0.000, -454.994, 250.000, 0.000, 2.350, 0, 0 
154242, 348638647, 0.043, 0.000, -454.981, 250.000, 0.000, 2.350, 0, 0 
154242, 350174668, 0.044, 0.000, -454.981, 250.000, 0.000, 2.350, 0, 0 
154242, 351772292, 0.044, 0.000, -454.981, 250.000, 0.000, 2.350, 0, 0 
154242, 353281238, 0.045, 0.000, -454.994, 250.000, 0.000, 2.350, 0, 0 
154242, 354855793, 0.046, 0.000, -454.967, 250.000, 0.000, 2.350, 0, 0 
154242, 356440659, 0.046, 0.000, -454.981, 250.000, 0.000, 2.350, 0, 0 
154242, 358019578, 0.047, 0.000, -454.967, 250.000, 0.000, 2.350, 0, 0 
154242, 359585569, 0.048, 0.000, -454.981, 250.000, 0.000, 2.350, 0, 0 
154242, 361183865, 0.048, 0.000, -454.981, 250.000, 0.000, 2.350, 0, 0 
154242, 362786404, 0.049, 0.000, -454.967, 250.000, 0.000, 2.350, 0, 0 
154242, 364385475, 0.049, 0.000, -454.994, 250.000, 0.000, 2.350, 0, 0 
154242, 365928334, 0.049, 0.000, -454.981, 250.000, 0.000, 2.350, 0, 0 
154242, 367520982, 0.051, 0.000, -454.967, 250.000, 0.000, 2.350, 0, 0 
154242, 369103984, 0.051, 0.000, -454.994, 250.000, 0.000, 2.350, 0, 0 
154242, 370638671, 0.051, 0.000, -454.981, 250.000, 0.000, 2.350, 0, 0 
154242, 372213618, 0.052, 0.000, -454.994, 250.000, 0.000, 2.350, 0, 0 
154242, 373796051, 0.052, 0.000, -454.981, 250.000, 0.000, 2.350, 0, 0 
154242, 375378201, 0.052, 0.000, -454.967, 250.000, 0.000, 2.350, 0, 0 
154242, 376958262, 0.053, 0.000, -454.967, 250.000, 0.000, 2.350, 0, 0 
154242, 378467095, 0.054, 0.000, -454.981, 250.000, 0.000, 2.350, 0, 0 
154242, 379973840, 0.054, 0.000, -454.994, 250.000, 0.000, 2.350, 0, 0 
154242, 381481429, 0.054, 0.000, -454.981, 250.000, 0.000, 2.350, 0, 0 
154242, 383011852, 0.055, 0.000, -454.967, 250.000, 0.000, 2.350, 0, 0 
154242, 384521701, 0.056, 0.000, -454.981, 250.000, 0.000, 2.350, 0, 0 
154242, 386085539, 0.056, 0.000, -454.967, 250.000, 0.000, 2.350, 0, 0 
154242, 387600118, 0.057, 0.000, -454.981, 250.000, 0.000, 2.350, 0, 0 
154242, 389156434, 0.059, 0.000, -454.981, 250.000, 0.000, 2.350, 0, 0 
154242, 390777075, 0.059, 0.000, -454.967, 250.000, 0.000, 2.350, 0, 0 
154242, 392383762, 0.059, 0.000, -454.967, 250.000, 0.000, 2.350, 0, 0 
154242, 393896310, 0.060, 0.000, -454.994, 250.000, 0.000, 2.350, 0, 0 
154242, 395408533, 0.061, 0.000, -454.967, 250.000, 0.000, 2.350, 0, 0 
154242, 396998688, 0.061, 0.000, -454.981, 250.000, 0.000, 2.350, 0, 0 
154242, 398556286, 0.062, 0.000, -454.981, 250.000, 0.000, 2.350, 0, 0 
154242, 400073233, 0.062, 0.000, -454.981, 250.000, 0.000, 2.350, 0, 0 
154242, 401585883, 0.063, 0.000, -454.981, 250.000, 0.000, 2.350, 0, 0 
154242, 403159806, 0.063, 0.000, -454.981, 250.000, 0.000, 2.350, 0, 0 
154242, 404733848, 0.064, 0.000, -454.981, 250.000, 0.000, 2.350, 0, 0 
154242, 406328185, 0.064, 0.000, -454.981, 250.000, 0.000, 2.350, 0, 0 
154242, 407918379, 0.064, 0.000, -454.967, 250.000, 0.000, 2.350, 0, 0 
154242, 409486280, 0.064, 0.000, -454.994, 250.000, 0.000, 2.350, 0, 0 
154242, 411061445, 0.066, 0.000, -454.994, 250.000, 0.000, 2.350, 0, 0 
154242, 412605796, 0.066, 0.000, -454.981, 250.000, 0.000, 2.350, 0, 0 
154242, 414159953, 0.066, 0.000, -454.981, 250.000, 0.000, 2.350, 0, 0 
154242, 415716019, 0.067, 0.000, -454.981, 250.000, 0.000, 2.350, 0, 0 
154242, 417231367, 0.068, 0.000, -454.994, 250.000, 0.000, 2.350, 0, 0 
154242, 418745837, 0.068, 0.000, -454.981, 250.000, 0.000, 2.350, 0, 0 
154242, 420260560, 0.068, 0.000, -454.981, 250.000, 0.000, 2.350, 0, 0 
154242, 421773951, 0.068, 0.000, -454.981, 250.000, 0.000, 2.350, 0, 0 
154242, 423285519, 0.069, 0.000, -454.981, 250.000, 0.000, 2.350, 0, 0 
154242, 424797977, 0.070, 0.000, -454.981, 250.000, 0.000, 2.350, 0, 0 
154242, 426310932, 0.071, 0.000, -454.967, 250.000, 0.000, 2.350, 0, 0 
154242, 427824140, 0.071, 0.000, -454.981, 250.000, 0.000, 2.350, 0, 0 
154242, 429398124, 0.072, 0.000, -454.981, 250.000, 0.000, 2.350, 0, 0 
154242, 430916301, 0.074, 0.000, -454.967, 250.000, 0.000, 2.350, 0, 0 
154242, 432438245, 0.075, 0.000, -454.981, 250.000, 0.000, 2.350, 0, 0 
154242, 433950543, 0.075, 0.000, -454.994, 250.000, 0.000, 2.350, 0, 0 
154242, 435525987, 0.075, 0.000, -454.981, 250.000, 0.000, 2.350, 0, 0 
154242, 437124844, 0.076, 0.000, -454.967, 250.000, 0.000, 2.350, 0, 0 
154242, 438711993, 0.077, 0.000, -454.981, 250.000, 0.000, 2.350, 0, 0 
154242, 440308118, 0.077, 0.000, -454.967, 250.000, 0.000, 2.350, 0, 0 
154242, 441896037, 0.078, 0.000, -454.981, 250.000, 0.000, 2.350, 0, 0 
154242, 443464704, 0.079, 0.000, -454.981, 250.000, 0.000, 2.350, 0, 0 
154242, 445017281, 0.079, 0.000, -454.981, 250.000, 0.000, 2.350, 0, 0 
154242, 446534099, 0.079, 0.000, -454.994, 250.000, 0.000, 2.350, 0, 0 
154242, 448050604, 0.079, 0.000, -454.981, 250.000, 0.000, 2.350, 0, 0 
154242, 449618713, 0.080, 0.000, -454.981, 250.000, 0.000, 2.350, 0, 0 
154242, 451204069, 0.080, 0.000, -454.967, 250.000, 0.000, 2.350, 0, 0 
154242, 452793757, 0.080, 0.000, -454.994, 250.000, 0.000, 2.350, 0, 0 
154242, 454307266, 0.080, 0.000, -454.981, 250.000, 0.000, 2.350, 0, 0 
154242, 455837446, 0.082, 0.000, -454.967, 250.000, 0.000, 2.350, 0, 0 
154242, 457351626, 0.083, 0.000, -454.981, 250.000, 0.000, 2.350, 0, 0 
154242, 458865805, 0.084, 0.000, -454.967, 250.000, 0.000, 2.350, 0, 0 
154242, 460477723, 0.084, 0.000, -454.981, 250.000, 0.000, 2.350, 0, 0 
154242, 462027783, 0.085, 0.000, -454.981, 250.000, 0.000, 2.350, 0, 0 
154242, 463541878, 0.086, 0.000, -454.981, 250.000, 0.000, 2.350, 0, 0 
154242, 465063821, 0.086, 0.000, -454.981, 250.000, 0.000, 2.350, 0, 0 
154242, 466586091, 0.086, 0.000, -454.967, 250.000, 0.000, 2.350, 0, 0 
154242, 468142076, 0.086, 0.000, -454.994, 250.000, 0.000, 2.350, 0, 0 
154242, 469679293, 0.087, 0.000, -454.967, 250.000, 0.000, 2.350, 0, 0 
154242, 471227666, 0.089, 0.000, -454.994, 250.000, 0.000, 2.350, 0, 0 
154242, 472740931, 0.089, 0.000, -454.967, 250.000, 0.000, 2.350, 0, 0 
154242, 474286467, 0.089, 0.000, -454.981, 250.000, 0.000, 2.350, 0, 0 
154242, 475848727, 0.089, 0.000, -454.967, 250.000, 0.000, 2.350, 0, 0 
154242, 477387508, 0.090, 0.000, -454.994, 250.000, 0.000, 2.350, 0, 0 
154242, 478904924, 0.091, 0.000, -454.994, 250.000, 0.000, 2.350, 0, 0 
154242, 480425563, 0.091, 0.000, -454.994, 250.000, 0.000, 2.350, 0, 0 
154242, 481954030, 0.091, 0.000, -454.994, 250.000, 0.000, 2.350, 0, 0 
154242, 483527063, 0.091, 0.000, -454.967, 250.000, 0.000, 2.350, 0, 0 
154242, 485040409, 0.092, 0.000, -454.981, 250.000, 0.000, 2.350, 0, 0 
154242, 486553217, 0.093, 0.000, -454.967, 250.000, 0.000, 2.350, 0, 0 
154242, 488069310, 0.093, 0.000, -454.981, 250.000, 0.000, 2.350, 0, 0 
154242, 489583681, 0.093, 0.000, -454.994, 250.000, 0.000, 2.350, 0, 0 
154242, 491222875, 0.094, 0.000, -454.981, 250.000, 0.000, 2.350, 0, 0 
154242, 492794313, 0.095, 0.000, -454.981, 250.000, 0.000, 2.350, 0, 0 
154242, 494323018, 0.097, 0.000, -455.008, 250.000, 0.000, 2.350, 0, 0 
154242, 495929264, 0.097, 0.000, -454.994, 250.000, 0.000, 2.350, 0, 0 
154242, 497534884, 0.098, 0.000, -454.981, 250.000, 0.000, 2.350, 0, 0 
154242, 499096348, 0.099, 0.000, -454.994, 250.000, 0.000, 2.350, 0, 0 
154242, 500613671, 0.100, 0.000, -454.994, 250.000, 0.000, 2.350, 0, 0 
154242, 502129561, 0.100, 0.000, -454.981, 250.000, 0.000, 2.350, 0, 0 
154242, 503685785, 0.100, 0.000, -454.967, 250.000, 0.000, 2.350, 0, 0 
154242, 505246868, 0.101, 0.000, -454.981, 250.000, 0.000, 2.350, 0, 0 
154242, 506876384, 0.101, 0.000, -454.967, 250.000, 0.000, 2.350, 0, 0 
154242, 508390051, 0.102, 0.000, -454.981, 250.000, 0.000, 2.350, 0, 0 
154242, 509928318, 0.102, 0.000, -454.967, 250.000, 0.000, 2.350, 0, 0 
154242, 511450599, 0.102, 0.000, -454.994, 250.000, 0.000, 2.350, 0, 0 
154242, 513020291, 0.103, 0.000, -454.981, 250.000, 0.000, 2.350, 0, 0 
154242, 514601478, 0.105, 0.000, -454.981, 250.000, 0.000, 2.350, 0, 0 
154242, 516114689, 0.106, 0.000, -454.967, 250.000, 0.000, 2.350, 0, 0 
154242, 517695036, 0.106, 0.000, -454.994, 250.000, 0.000, 2.350, 0, 0 
154242, 519207755, 0.106, 0.000, -454.967, 250.000, 0.000, 2.350, 0, 0 
154242, 520720519, 0.107, 0.000, -454.994, 250.000, 0.000, 2.350, 0, 0 
154242, 522276814, 0.108, 0.000, -454.981, 250.000, 0.000, 2.350, 0, 0 
154242, 523795281, 0.109, 0.000, -454.981, 250.000, 0.000, 2.350, 0, 0 
154242, 525307103, 0.109, 0.000, -454.981, 250.000, 0.000, 2.350, 0, 0 
154242, 526819334, 0.109, 0.000, -454.981, 250.000, 0.000, 2.350, 0, 0 
154242, 528335759, 0.109, 0.000, -454.967, 250.000, 0.000, 2.350, 0, 0 
154242, 529891021, 0.109, 0.000, -454.994, 250.000, 0.000, 2.350, 0, 0 
154242, 531489536, 0.110, 0.000, -454.981, 250.000, 0.000, 2.350, 0, 0 
154242, 533097727, 0.112, 0.000, -454.967, 250.000, 0.000, 2.350, 0, 0 
154242, 534683220, 0.112, 0.000, -454.967, 250.000, 0.000, 2.350, 0, 0 
154242, 536198865, 0.112, 0.000, -454.981, 250.000, 0.000, 2.350, 0, 0 
154242, 537856187, 0.113, 0.000, -454.967, 250.000, 0.000, 2.350, 0, 0 
154242, 539460984, 0.114, 0.000, -454.981, 250.000, 0.000, 2.350, 0, 0 
154242, 540983984, 0.114, 0.000, -454.981, 250.000, 0.000, 2.350, 0, 0 
154242, 542504266, 0.114, 0.000, -454.994, 250.000, 0.000, 2.350, 0, 0 
154242, 544023140, 0.115, 0.000, -454.967, 250.000, 0.000, 2.350, 0, 0 
154242, 545600422, 0.116, 0.000, -454.994, 250.000, 0.000, 2.350, 0, 0 
154242, 547209308, 0.116, 0.000, -454.981, 250.000, 0.000, 2.350, 0, 0 
154242, 548728558, 0.116, 0.000, -454.981, 250.000, 0.000, 2.350, 0, 0 
154242, 550290693, 0.116, 0.000, -454.981, 250.000, 0.000, 2.350, 0, 0 
154242, 551874249, 0.117, 0.000, -454.994, 250.000, 0.000, 2.350, 0, 0 
154242, 553477725, 0.117, 0.000, -454.981, 250.000, 0.000, 2.350, 0, 0 
154242, 555068256, 0.117, 0.000, -454.994, 250.000, 0.000, 2.350, 0, 0 
154242, 556659027, 0.117, 0.000, -454.967, 250.000, 0.000, 2.350, 0, 0 
154242, 558215887, 0.118, 0.000, -454.981, 250.000, 0.000, 2.350, 0, 0 
154242, 559811005, 0.118, 0.000, -454.994, 250.000, 0.000, 2.350, 0, 0 
154242, 561400183, 0.118, 0.000, -454.981, 250.000, 0.000, 2.350, 0, 0 
154242, 563007778, 0.118, 0.000, -454.981, 250.000, 0.000, 2.350, 0, 0 
154242, 564589684, 0.120, 0.000, -454.981, 250.000, 0.000, 2.350, 0, 0 
154242, 566202100, 0.121, 0.000, -454.981, 250.000, 0.000, 2.350, 0, 0 
154242, 567815600, 0.121, 0.000, -454.981, 250.000, 0.000, 2.350, 0, 0 
154242, 569472552, 0.122, 0.000, -454.967, 250.000, 0.000, 2.350, 0, 0 
154242, 571077688, 0.122, 0.000, -454.981, 250.000, 0.000, 2.350, 0, 0 
154242, 572592329, 0.122, 0.000, -454.967, 250.000, 0.000, 2.350, 0, 0 
154242, 574111991, 0.122, 0.000, -454.981, 250.000, 0.000, 2.350, 0, 0 
154242, 575698640, 0.123, 0.000, -454.994, 250.000, 0.000, 2.350, 0, 0 
154242, 577218082, 0.124, 0.000, -454.967, 250.000, 0.000, 2.350, 0, 0 
154242, 578740245, 0.125, 0.000, -454.981, 250.000, 0.000, 2.350, 0, 0 
154242, 580252049, 0.126, 0.000, -454.967, 250.000, 0.000, 2.350, 0, 0 
154242, 581795756, 0.126, 0.000, -454.981, 250.000, 0.000, 2.350, 0, 0 
154242, 583309361, 0.126, 0.000, -454.981, 250.000, 0.000, 2.350, 0, 0 
154242, 584935490, 0.128, 0.000, -454.967, 250.000, 0.000, 2.350, 0, 0 
154242, 586450453, 0.129, 0.000, -454.981, 250.000, 0.000, 2.350, 0, 0 
154242, 587963095, 0.130, 0.000, -454.967, 250.000, 0.000, 2.350, 0, 0 
154242, 589546678, 0.130, 0.000, -454.981, 250.000, 0.000, 2.350, 0, 0 
154242, 591133173, 0.130, 0.000, -454.981, 250.000, 0.000, 2.350, 0, 0 
154242, 592649549, 0.130, 0.000, -454.967, 250.000, 0.000, 2.350, 0, 0 
154242, 594163450, 0.130, 0.000, -454.994, 250.000, 0.000, 2.350, 0, 0 
154242, 595684428, 0.131, 0.000, -454.981, 250.000, 0.000, 2.350, 0, 0 
154242, 597272691, 0.132, 0.000, -454.967, 250.000, 0.000, 2.350, 0, 0 
154242, 598786086, 0.133, 0.000, -454.994, 250.000, 0.000, 2.350, 0, 0 
154242, 600445794, 0.133, 0.000, -454.994, 250.000, 0.000, 2.350, 0, 0 
154242, 602037537, 0.133, 0.000, -454.981, 250.000, 0.000, 2.350, 0, 0 
154242, 603551642, 0.135, 0.000, -454.994, 250.000, 0.000, 2.350, 0, 0 
154242, 605069168, 0.136, 0.000, -454.981, 250.000, 0.000, 2.350, 0, 0 
154242, 606584558, 0.137, 0.000, -454.967, 250.000, 0.000, 2.350, 0, 0 
154242, 608098075, 0.138, 0.000, -454.994, 250.000, 0.000, 2.350, 0, 0 
154242, 609612604, 0.138, 0.000, -454.994, 250.000, 0.000, 2.350, 0, 0 
154242, 611126908, 0.138, 0.000, -454.994, 250.000, 0.000, 2.350, 0, 0 
154242, 612642325, 0.138, 0.000, -454.994, 250.000, 0.000, 2.350, 0, 0 
154242, 614156399, 0.138, 0.000, -454.994, 250.000, 0.000, 2.350, 0, 0 
154242, 615716512, 0.139, 0.000, -454.981, 250.000, 0.000, 2.350, 0, 0 
154242, 617323159, 0.140, 0.000, -454.981, 250.000, 0.000, 2.350, 0, 0 
154242, 618928679, 0.140, 0.000, -454.967, 250.000, 0.000, 2.350, 0, 0 
154242, 620532886, 0.140, 0.000, -454.981, 250.000, 0.000, 2.350, 0, 0 
154242, 622139381, 0.141, 0.000, -454.967, 250.000, 0.000, 2.350, 0, 0 
154242, 623654219, 0.143, 0.000, -454.994, 250.000, 0.000, 2.350, 0, 0 
154242, 625167392, 0.144, 0.000, -454.967, 250.000, 0.000, 2.350, 0, 0 
154242, 626680480, 0.145, 0.000, -454.953, 250.000, 0.000, 2.350, 0, 0 
154242, 628196930, 0.146, 0.000, -454.981, 250.000, 0.000, 2.350, 0, 0 
154242, 629710393, 0.147, 0.000, -454.967, 250.000, 0.000, 2.350, 0, 0 
154242, 631253592, 0.147, 0.000, -454.981, 250.000, 0.000, 2.350, 0, 0 
154242, 632781190, 0.147, 0.000, -454.981, 250.000, 0.000, 2.350, 0, 0 
154242, 634303931, 0.147, 0.000, -454.967, 250.000, 0.000, 2.350, 0, 0 
154242, 635816830, 0.147, 0.000, -454.967, 250.000, 0.000, 2.350, 0, 0 
154242, 637373954, 0.147, 0.000, -454.994, 250.000, 0.000, 2.350, 0, 0 
154242, 638903374, 0.148, 0.000, -454.994, 250.000, 0.000, 2.350, 0, 0 
154242, 640469404, 0.150, 0.000, -454.981, 250.000, 0.000, 2.350, 0, 0 
154242, 642062752, 0.151, 0.000, -454.967, 250.000, 0.000, 2.350, 0, 0 
154242, 643651512, 0.151, 0.000, -454.994, 250.000, 0.000, 2.350, 0, 0 
154242, 645188658, 0.151, 0.000, -454.981, 250.000, 0.000, 2.350, 0, 0 
154242, 646837773, 0.151, 0.000, -454.981, 250.000, 0.000, 2.350, 0, 0 
154242, 648357273, 0.151, 0.000, -454.967, 250.000, 0.000, 2.350, 0, 0 
154242, 649900935, 0.152, 0.000, -454.967, 250.000, 0.000, 2.350, 0, 0 
154242, 651437591, 0.153, 0.000, -454.994, 250.000, 0.000, 2.350, 0, 0 
154242, 653030118, 0.154, 0.000, -454.981, 250.000, 0.000, 2.350, 0, 0 
154242, 654601613, 0.155, 0.000, -454.981, 250.000, 0.000, 2.350, 0, 0 
154242, 656197845, 0.155, 0.000, -454.981, 250.000, 0.000, 2.350, 0, 0 
154242, 657792220, 0.155, 0.000, -454.981, 250.000, 0.000, 2.350, 0, 0 
154242, 659385113, 0.155, 0.000, -454.981, 250.000, 0.000, 2.350, 0, 0 
154242, 660976164, 0.156, 0.000, -454.981, 250.000, 0.000, 2.350, 0, 0 
154242, 662552273, 0.158, 0.000, -454.981, 250.000, 0.000, 2.350, 0, 0 
154242, 664166947, 0.159, 0.000, -454.981, 250.000, 0.000, 2.350, 0, 0 
154242, 665771234, 0.160, 0.000, -454.981, 250.000, 0.000, 2.350, 0, 0 
154242, 667379247, 0.160, 0.000, -454.994, 250.000, 0.000, 2.350, 0, 0 
154242, 668895748, 0.160, 0.000, -454.967, 250.000, 0.000, 2.350, 0, 0 
154242, 670423346, 0.160, 0.000, -454.981, 250.000, 0.000, 2.350, 0, 0 
154242, 671940243, 0.160, 0.000, -454.981, 250.000, 0.000, 2.350, 0, 0 
154242, 673524888, 0.160, 0.000, -454.981, 250.000, 0.000, 2.350, 0, 0 
154242, 675130560, 0.160, 0.000, -454.981, 250.000, 0.000, 2.350, 0, 0 
154242, 676696118, 0.160, 0.000, -454.981, 250.000, 0.000, 2.350, 0, 0 
154242, 678314373, 0.161, 0.000, -454.981, 250.000, 0.000, 2.350, 0, 0 
154242, 679926185, 0.162, 0.000, -454.994, 250.000, 0.000, 2.350, 0, 0 
154242, 681529085, 0.163, 0.000, -454.981, 250.000, 0.000, 2.350, 0, 0 
154242, 683044940, 0.164, 0.000, -454.967, 250.000, 0.000, 2.350, 0, 0 
154242, 684612228, 0.166, 0.000, -454.967, 250.000, 0.000, 2.350, 0, 0 
154242, 686127815, 0.166, 0.000, -454.981, 250.000, 0.000, 2.350, 0, 0 
154242, 687684843, 0.166, 0.000, -454.994, 250.000, 0.000, 2.350, 0, 0 
154242, 689238104, 0.166, 0.000, -454.967, 250.000, 0.000, 2.350, 0, 0 
154242, 690753405, 0.167, 0.000, -454.981, 250.000, 0.000, 2.350, 0, 0 
154242, 692271239, 0.168, 0.000, -454.994, 250.000, 0.000, 2.350, 0, 0 
154242, 693825352, 0.169, 0.000, -454.981, 250.000, 0.000, 2.350, 0, 0 
154242, 695341628, 0.170, 0.000, -454.967, 250.000, 0.000, 2.350, 0, 0 
154242, 696946665, 0.170, 0.000, -454.981, 250.000, 0.000, 2.350, 0, 0 
154242, 698548223, 0.170, 0.000, -454.981, 250.000, 0.000, 2.350, 0, 0 
154242, 700071039, 0.170, 0.000, -454.967, 250.000, 0.000, 2.350, 0, 0 
154242, 701589691, 0.170, 0.000, -454.967, 250.000, 0.000, 2.350, 0, 0 
154242, 703160092, 0.170, 0.000, -454.967, 250.000, 0.000, 2.350, 0, 0 
154242, 704777082, 0.170, 0.000, -454.981, 250.000, 0.000, 2.350, 0, 0 
154242, 706383652, 0.170, 0.000, -454.981, 250.000, 0.000, 2.350, 0, 0 
154242, 707991347, 0.170, 0.000, -454.981, 250.000, 0.000, 2.350, 0, 0 
154242, 709546732, 0.170, 0.000, -454.967, 250.000, 0.000, 2.350, 0, 0 
154242, 711060670, 0.170, 0.000, -454.981, 250.000, 0.000, 2.350, 0, 0 
154242, 712578145, 0.170, 0.000, -454.981, 250.000, 0.000, 2.350, 0, 0 
154242, 714091171, 0.170, 0.000, -454.981, 250.000, 0.000, 2.350, 0, 0 
154242, 715605025, 0.170, 0.000, -454.981, 250.000, 0.000, 2.350, 0, 0 
154242, 717125801, 0.171, 0.000, -454.981, 250.000, 0.000, 2.350, 0, 0 
154242, 718689056, 0.171, 0.000, -454.981, 250.000, 0.000, 2.350, 0, 0 
154242, 720285819, 0.171, 0.000, -454.967, 250.000, 0.000, 2.350, 0, 0 
154242, 721879270, 0.173, 0.000, -454.981, 250.000, 0.000, 2.350, 0, 0 
154242, 723394484, 0.173, 0.000, -454.967, 250.000, 0.000, 2.350, 0, 0 
154242, 724947359, 0.173, 0.000, -454.981, 250.000, 0.000, 2.350, 0, 0 
154242, 726462755, 0.173, 0.000, -454.981, 250.000, 0.000, 2.350, 0, 0 
154242, 727976129, 0.173, 0.000, -454.981, 250.000, 0.000, 2.350, 0, 0 
154242, 729540755, 0.173, 0.000, -454.994, 250.000, 0.000, 2.350, 0, 0 
154242, 731069620, 0.173, 0.000, -454.967, 250.000, 0.000, 2.350, 0, 0 
154242, 732583584, 0.173, 0.000, -454.981, 250.000, 0.000, 2.350, 0, 0 
154242, 734101665, 0.173, 0.000, -454.981, 250.000, 0.000, 2.350, 0, 0 
154242, 735619755, 0.173, 0.000, -454.967, 250.000, 0.000, 2.350, 0, 0 
154242, 737202276, 0.173, 0.000, -454.981, 250.000, 0.000, 2.350, 0, 0 
154242, 738808957, 0.173, 0.000, -454.967, 250.000, 0.000, 2.350, 0, 0 
154242, 740366376, 0.173, 0.000, -454.994, 250.000, 0.000, 2.350, 0, 0 
154242, 741918540, 0.173, 0.000, -454.981, 250.000, 0.000, 2.350, 0, 0 
154242, 743432578, 0.173, 0.000, -454.981, 250.000, 0.000, 2.350, 0, 0 
154242, 745039813, 0.173, 0.000, -454.981, 250.000, 0.000, 2.350, 0, 0 
154242, 746601421, 0.173, 0.000, -454.994, 250.000, 0.000, 2.350, 0, 0 
154242, 748124140, 0.173, 0.000, -455.008, 250.000, 0.000, 2.350, 0, 0 
154242, 749652540, 0.173, 0.000, -454.981, 250.000, 0.000, 2.350, 0, 0 
154242, 751193131, 0.173, 0.000, -454.981, 250.000, 0.000, 2.350, 0, 0 
154242, 752709208, 0.173, 0.000, -454.981, 250.000, 0.000, 2.350, 0, 0 
154242, 754236425, 0.173, 0.000, -454.967, 250.000, 0.000, 2.350, 0, 0 
154242, 755840642, 0.173, 0.000, -454.981, 250.000, 0.000, 2.350, 0, 0 
154242, 757419984, 0.173, 0.000, -454.981, 250.000, 0.000, 2.350, 0, 0 
154242, 758999236, 0.173, 0.000, -454.981, 250.000, 0.000, 2.350, 0, 0 
154242, 760579386, 0.173, 0.000, -454.981, 250.000, 0.000, 2.350, 0, 0 
154242, 762098762, 0.173, 0.000, -454.994, 250.000, 0.000, 2.350, 0, 0 
154242, 763613329, 0.173, 0.000, -454.981, 250.000, 0.000, 2.350, 0, 0 
154242, 765129829, 0.173, 0.000, -454.967, 250.000, 0.000, 2.350, 0, 0 
154242, 766645954, 0.174, 0.000, -454.994, 250.000, 0.000, 2.350, 0, 0 
154242, 768163484, 0.175, 0.000, -454.967, 250.000, 0.000, 2.350, 0, 0 
154242, 769814749, 0.175, 0.000, -454.981, 250.000, 0.000, 2.350, 0, 0 
154242, 771446958, 0.175, 0.000, -454.981, 250.000, 0.000, 2.350, 0, 0 
154242, 773005136, 0.175, 0.000, -454.981, 250.000, 0.000, 2.350, 0, 0 
154242, 774610140, 0.175, 0.000, -454.981, 250.000, 0.000, 2.350, 0, 0 
154242, 776174605, 0.175, 0.000, -454.967, 250.000, 0.000, 2.350, 0, 0 
154242, 777733692, 0.175, 0.000, -454.967, 250.000, 0.000, 2.350, 0, 0 
154242, 779310237, 0.175, 0.000, -454.981, 250.000, 0.000, 2.350, 0, 0 
154242, 780916000, 0.175, 0.000, -454.981, 250.000, 0.000, 2.350, 0, 0 
154242, 782433667, 0.175, 0.000, -454.981, 250.000, 0.000, 2.350, 0, 0 
154242, 783950945, 0.175, 0.000, -454.967, 250.000, 0.000, 2.350, 0, 0 
154242, 785466746, 0.175, 0.000, -454.967, 250.000, 0.000, 2.350, 0, 0 
154242, 787080465, 0.175, 0.000, -454.994, 250.000, 0.000, 2.350, 0, 0 
154242, 788691204, 0.175, 0.000, -454.981, 250.000, 0.000, 2.350, 0, 0 
154242, 790293195, 0.175, 0.000, -454.994, 250.000, 0.000, 2.350, 0, 0 
154242, 791876393, 0.175, 0.000, -454.981, 250.000, 0.000, 2.350, 0, 0 
154242, 793456663, 0.175, 0.000, -454.967, 250.000, 0.000, 2.350, 0, 0 
154242, 794981688, 0.175, 0.000, -454.981, 250.000, 0.000, 2.350, 0, 0 
154242, 796494292, 0.175, 0.000, -454.981, 250.000, 0.000, 2.350, 0, 0 
154242, 798013386, 0.175, 0.000, -454.981, 250.000, 0.000, 2.350, 0, 0 
154242, 799526990, 0.175, 0.000, -454.981, 250.000, 0.000, 2.350, 0, 0 
154242, 801040033, 0.175, 0.000, -454.981, 250.000, 0.000, 2.350, 0, 0 
154242, 802594006, 0.175, 0.000, -454.981, 250.000, 0.000, 2.350, 0, 0 
154242, 804112622, 0.176, 0.000, -454.981, 250.000, 0.000, 2.350, 0, 0 
154242, 805627694, 0.177, 0.000, -454.994, 250.000, 0.000, 2.350, 0, 0 
154242, 807142179, 0.178, 0.000, -454.981, 250.000, 0.000, 2.350, 0, 0 
154242, 808733738, 0.179, 0.000, -454.981, 250.000, 0.000, 2.350, 0, 0 
154242, 810318146, 0.179, 0.000, -454.981, 250.000, 0.000, 2.350, 0, 0 
154242, 811910557, 0.179, 0.000, -454.994, 250.000, 0.000, 2.350, 0, 0 
154242, 813498641, 0.179, 0.000, -454.981, 250.000, 0.000, 2.350, 0, 0 
154242, 815084506, 0.179, 0.000, -454.981, 250.000, 0.000, 2.350, 0, 0 
154242, 816601710, 0.179, 0.000, -454.981, 250.000, 0.000, 2.350, 0, 0 
154242, 818167111, 0.179, 0.000, -454.981, 250.000, 0.000, 2.350, 0, 0 
154242, 819742356, 0.179, 0.000, -454.967, 250.000, 0.000, 2.350, 0, 0 
154242, 821254554, 0.179, 0.000, -454.981, 250.000, 0.000, 2.350, 0, 0 
154242, 822833797, 0.179, 0.000, -454.994, 250.000, 0.000, 2.350, 0, 0 
154242, 824421016, 0.179, 0.000, -454.981, 250.000, 0.000, 2.350, 0, 0 
154242, 825937533, 0.179, 0.000, -454.981, 250.000, 0.000, 2.350, 0, 0 
154242, 827461642, 0.179, 0.000, -454.967, 250.000, 0.000, 2.350, 0, 0 
154242, 829003777, 0.179, 0.000, -454.981, 250.000, 0.000, 2.350, 0, 0 
154242, 830598167, 0.179, 0.000, -454.994, 250.000, 0.000, 2.350, 0, 0 
154242, 832123144, 0.179, 0.000, -454.994, 250.000, 0.000, 2.350, 0, 0 
154242, 833694668, 0.179, 0.000, -454.981, 250.000, 0.000, 2.350, 0, 0 
154242, 835214872, 0.179, 0.000, -454.981, 250.000, 0.000, 2.350, 0, 0 
154242, 836820385, 0.179, 0.000, -454.981, 250.000, 0.000, 2.350, 0, 0 
154242, 838399481, 0.179, 0.000, -454.994, 250.000, 0.000, 2.350, 0, 0 
154242, 839978347, 0.179, 0.000, -454.994, 250.000, 0.000, 2.350, 0, 0 
154242, 841558543, 0.179, 0.000, -454.981, 250.000, 0.000, 2.350, 0, 0 
154242, 843137627, 0.179, 0.000, -454.981, 250.000, 0.000, 2.350, 0, 0 
154242, 844702690, 0.179, 0.000, -454.981, 250.000, 0.000, 2.350, 0, 0 
154242, 846220126, 0.179, 0.000, -454.967, 250.000, 0.000, 2.350, 0, 0 
154242, 847793421, 0.179, 0.000, -454.981, 250.000, 0.000, 2.350, 0, 0 
154242, 849418523, 0.181, 0.000, -454.967, 250.000, 0.000, 2.350, 0, 0 
154242, 850984365, 0.181, 0.000, -454.981, 250.000, 0.000, 2.350, 0, 0 
154242, 852569982, 0.182, 0.000, -454.981, 250.000, 0.000, 2.350, 0, 0 
154242, 854151315, 0.183, 0.000, -454.981, 250.000, 0.000, 2.350, 0, 0 
154242, 855737684, 0.184, 0.000, -454.967, 250.000, 0.000, 2.350, 0, 0 
154242, 857260552, 0.185, 0.000, -454.994, 250.000, 0.000, 2.350, 0, 0 
154242, 858845992, 0.186, 0.000, -454.981, 250.000, 0.000, 2.350, 0, 0 
154242, 860363210, 0.187, 0.000, -454.981, 250.000, 0.000, 2.350, 0, 0 
154242, 861882081, 0.189, 0.000, -454.981, 250.000, 0.000, 2.350, 0, 0 
154242, 863464543, 0.190, 0.000, -454.967, 250.000, 0.000, 2.350, 0, 0 
154242, 865077789, 0.191, 0.000, -454.981, 250.000, 0.000, 2.350, 0, 0 
154242, 866627972, 0.192, 0.000, -454.994, 250.000, 0.000, 2.350, 0, 0 
154242, 868171301, 0.193, 0.000, -454.981, 250.000, 0.000, 2.350, 0, 0 
154242, 869748331, 0.194, 0.000, -454.981, 250.000, 0.000, 2.350, 0, 0 
154242, 871324406, 0.196, 0.000, -454.981, 250.000, 0.000, 2.350, 0, 0 
154242, 872903540, 0.197, 0.000, -454.981, 250.000, 0.000, 2.350, 0, 0 
154242, 874482603, 0.198, 0.000, -454.981, 250.000, 0.000, 2.350, 0, 0 
154242, 876086502, 0.199, 0.000, -454.967, 250.000, 0.000, 2.350, 0, 0 
154242, 877668268, 0.200, 0.000, -454.981, 250.000, 0.000, 2.350, 0, 0 
154242, 879187981, 0.201, 0.000, -454.981, 250.000, 0.000, 2.350, 0, 0 
154242, 880808528, 0.202, 0.000, -454.981, 250.000, 0.000, 2.350, 0, 0 
154242, 882376748, 0.204, 0.000, -454.994, 250.000, 0.000, 2.350, 0, 0 
154242, 883985948, 0.204, 0.000, -454.994, 250.000, 0.000, 2.350, 0, 0 
154242, 885572127, 0.204, 0.000, -454.981, 250.000, 0.000, 2.350, 0, 0 
154242, 887155672, 0.204, 0.000, -454.981, 250.000, 0.000, 2.350, 0, 0 
154242, 888675509, 0.204, 0.000, -454.981, 250.000, 0.000, 2.350, 0, 0 
154242, 890238077, 0.204, 0.000, -454.967, 250.000, 0.000, 2.350, 0, 0 
154242, 891824403, 0.204, 0.000, -454.981, 250.000, 0.000, 2.350, 0, 0 
154242, 893410982, 0.204, 0.000, -454.967, 250.000, 0.000, 2.350, 0, 0 
154242, 894925753, 0.204, 0.000, -454.953, 250.000, 0.000, 2.350, 0, 0 
154242, 896486031, 0.204, 0.000, -454.994, 250.000, 0.000, 2.350, 0, 0 
154242, 897998284, 0.204, 0.000, -454.981, 250.000, 0.000, 2.350, 0, 0 
154242, 899560176, 0.204, 0.000, -454.994, 250.000, 0.000, 2.350, 0, 0 
154242, 901147452, 0.204, 0.000, -454.994, 250.000, 0.000, 2.350, 0, 0 
154242, 902748025, 0.204, 0.000, -454.994, 250.000, 0.000, 2.350, 0, 0 
154242, 904265863, 0.204, 0.000, -454.981, 250.000, 0.000, 2.350, 0, 0 
154242, 905778597, 0.204, 0.000, -454.981, 250.000, 0.000, 2.350, 0, 0 
154242, 907291468, 0.204, 0.000, -454.967, 250.000, 0.000, 2.350, 0, 0 
154242, 908819218, 0.204, 0.000, -454.994, 250.000, 0.000, 2.350, 0, 0 
154242, 910346291, 0.204, 0.000, -454.981, 250.000, 0.000, 2.350, 0, 0 
154242, 911898561, 0.204, 0.000, -454.967, 250.000, 0.000, 2.350, 0, 0 
154242, 913429862, 0.204, 0.000, -454.967, 250.000, 0.000, 2.350, 0, 0 
154242, 914943332, 0.204, 0.000, -454.967, 250.000, 0.000, 2.350, 0, 0 
154242, 916460078, 0.204, 0.000, -454.981, 250.000, 0.000, 2.350, 0, 0 
154242, 917989604, 0.204, 0.000, -454.994, 250.000, 0.000, 2.350, 0, 0 
154242, 919516249, 0.204, 0.000, -454.981, 250.000, 0.000, 2.350, 0, 0 
154242, 921031879, 0.204, 0.000, -454.994, 250.000, 0.000, 2.350, 0, 0 
154242, 922556483, 0.205, 0.000, -454.994, 250.000, 0.000, 2.350, 0, 0 
154242, 924151033, 0.206, 0.000, -454.981, 250.000, 0.000, 2.350, 0, 0 
154242, 925665375, 0.207, 0.000, -454.967, 250.000, 0.000, 2.350, 0, 0 
154242, 927219234, 0.208, 0.000, -454.981, 250.000, 0.000, 2.350, 0, 0 
154242, 928737154, 0.209, 0.000, -454.981, 250.000, 0.000, 2.350, 0, 0 
154242, 930255061, 0.210, 0.000, -454.981, 250.000, 0.000, 2.350, 0, 0 
154242, 931774328, 0.212, 0.000, -454.994, 250.000, 0.000, 2.350, 0, 0 
154242, 933341733, 0.213, 0.000, -454.981, 250.000, 0.000, 2.350, 0, 0 
154242, 934864938, 0.214, 0.000, -454.967, 250.000, 0.000, 2.350, 0, 0 
154242, 936386227, 0.215, 0.000, -454.981, 250.000, 0.000, 2.350, 0, 0 
154242, 937950078, 0.216, 0.000, -454.967, 250.000, 0.000, 2.350, 0, 0 
154242, 939478946, 0.217, 0.000, -454.981, 250.000, 0.000, 2.350, 0, 0 
154242, 940997688, 0.219, 0.000, -454.981, 250.000, 0.000, 2.350, 0, 0 
154242, 942552723, 0.220, 0.000, -454.981, 250.000, 0.000, 2.350, 0, 0 
154242, 944067438, 0.221, 0.000, -454.994, 250.000, 0.000, 2.350, 0, 0 
154242, 945584583, 0.222, 0.000, -454.967, 250.000, 0.000, 2.350, 0, 0 
154242, 947202687, 0.222, 0.000, -454.981, 250.000, 0.000, 2.350, 0, 0 
154242, 948784644, 0.222, 0.000, -454.994, 250.000, 0.000, 2.350, 0, 0 
154242, 950371030, 0.222, 0.000, -454.981, 250.000, 0.000, 2.350, 0, 0 
154242, 951885696, 0.222, 0.000, -454.994, 250.000, 0.000, 2.350, 0, 0 
154242, 953409772, 0.222, 0.000, -454.994, 250.000, 0.000, 2.350, 0, 0 
154242, 954934837, 0.222, 0.000, -454.994, 250.000, 0.000, 2.350, 0, 0 
154242, 956484599, 0.222, 0.000, -454.967, 250.000, 0.000, 2.350, 0, 0 
154242, 958106854, 0.223, 0.000, -454.967, 250.000, 0.000, 2.350, 0, 0 
154242, 959675152, 0.224, 0.000, -454.981, 250.000, 0.000, 2.350, 0, 0 
154242, 961266382, 0.225, 0.000, -454.994, 250.000, 0.000, 2.350, 0, 0 
154242, 962858337, 0.225, 0.000, -454.981, 250.000, 0.000, 2.350, 0, 0 
154242, 964453465, 0.225, 0.000, -454.967, 250.000, 0.000, 2.350, 0, 0 
154242, 966018917, 0.225, 0.000, -454.981, 250.000, 0.000, 2.350, 0, 0 
154242, 967593425, 0.227, 0.000, -454.981, 250.000, 0.000, 2.350, 0, 0 
154242, 969155037, 0.228, 0.000, -454.981, 250.000, 0.000, 2.350, 0, 0 
154242, 970756421, 0.229, 0.000, -454.981, 250.000, 0.000, 2.350, 0, 0 
154242, 972339531, 0.229, 0.000, -454.981, 250.000, 0.000, 2.350, 0, 0 
154242, 973965240, 0.229, 0.000, -454.981, 250.000, 0.000, 2.350, 0, 0 
154242, 975480114, 0.229, 0.000, -454.967, 250.000, 0.000, 2.350, 0, 0 
154242, 976992146, 0.229, 0.000, -454.994, 250.000, 0.000, 2.350, 0, 0 
154242, 978573413, 0.229, 0.000, -454.967, 250.000, 0.000, 2.350, 0, 0 
154242, 980157714, 0.229, 0.000, -454.967, 250.000, 0.000, 2.350, 0, 0 
154242, 981672020, 0.229, 0.000, -454.981, 250.000, 0.000, 2.350, 0, 0 
154242, 983185339, 0.230, 0.000, -454.994, 250.000, 0.000, 2.350, 0, 0 
154242, 984701979, 0.231, 0.000, -454.981, 250.000, 0.000, 2.350, 0, 0 
154242, 986278830, 0.232, 0.000, -454.981, 250.000, 0.000, 2.350, 0, 0 
154242, 987791485, 0.233, 0.000, -454.981, 250.000, 0.000, 2.350, 0, 0 
154242, 989343996, 0.235, 0.000, -454.994, 250.000, 0.000, 2.350, 0, 0 
154242, 990857250, 0.236, 0.000, -454.994, 250.000, 0.000, 2.350, 0, 0 
154242, 992373182, 0.236, 0.000, -454.981, 250.000, 0.000, 2.350, 0, 0 
154242, 993885880, 0.236, 0.000, -454.994, 250.000, 0.000, 2.350, 0, 0 
154242, 995399028, 0.236, 0.000, -454.967, 250.000, 0.000, 2.350, 0, 0 
154242, 996912271, 0.236, 0.000, -454.981, 250.000, 0.000, 2.350, 0, 0 
154242, 998425043, 0.236, 0.000, -454.981, 250.000, 0.000, 2.350, 0, 0 
154242, 999948111, 0.236, 0.000, -454.981, 250.000, 0.000, 2.350, 0, 0 
154243, 1472022, 0.236, 0.000, -454.994, 250.000, 0.000, 2.350, 0, 0 
154243, 2990247, 0.237, 0.000, -454.967, 250.000, 0.000, 2.350, 0, 0 
154243, 4599819, 0.238, 0.000, -454.981, 250.000, 0.000, 2.350, 0, 0 
154243, 6116752, 0.239, 0.000, -454.981, 250.000, 0.000, 2.350, 0, 0 
154243, 7631934, 0.240, 0.000, -454.981, 250.000, 0.000, 2.350, 0, 0 
154243, 9153622, 0.242, 0.000, -454.981, 250.000, 0.000, 2.350, 0, 0 
154243, 10678800, 0.243, 0.000, -454.981, 250.000, 0.000, 2.350, 0, 0 
154243, 12204678, 0.244, 0.000, -454.994, 250.000, 0.000, 2.350, 0, 0 
154243, 13722792, 0.244, 0.000, -454.981, 250.000, 0.000, 2.350, 0, 0 
154243, 15243297, 0.244, 0.000, -454.981, 250.000, 0.000, 2.350, 0, 0 
154243, 16765157, 0.244, 0.000, -454.994, 250.000, 0.000, 2.350, 0, 0 
154243, 18286782, 0.244, 0.000, -454.953, 250.000, 0.000, 2.350, 0, 0 
154243, 19855865, 0.244, 0.000, -454.967, 250.000, 0.000, 2.350, 0, 0 
154243, 21370306, 0.244, 0.000, -454.981, 250.000, 0.000, 2.350, 0, 0 
154243, 22885712, 0.244, 0.000, -454.981, 250.000, 0.000, 2.350, 0, 0 
154243, 24400776, 0.244, 0.000, -454.967, 250.000, 0.000, 2.350, 0, 0 
154243, 25911967, 0.244, 0.000, -454.994, 250.000, 0.000, 2.350, 0, 0 
154243, 27423180, 0.245, 0.000, -454.981, 250.000, 0.000, 2.350, 0, 0 
154243, 28935879, 0.246, 0.000, -454.981, 250.000, 0.000, 2.350, 0, 0 
154243, 30445634, 0.247, 0.000, -454.967, 250.000, 0.000, 2.350, 0, 0 
154243, 31955268, 0.248, 0.000, -454.981, 250.000, 0.000, 2.350, 0, 0 
154243, 33463624, 0.250, 0.000, -454.967, 250.000, 0.000, 2.350, 0, 0 
154243, 34991551, 0.251, 0.000, -454.967, 250.000, 0.000, 2.350, 0, 0 
154243, 36500592, 0.252, 0.000, -454.994, 250.000, 0.000, 2.350, 0, 0 
154243, 38006577, 0.253, 0.000, -454.967, 250.000, 0.000, 2.350, 0, 0 
154243, 39514691, 0.254, 0.000, -454.994, 250.000, 0.000, 2.350, 0, 0 
154243, 41022583, 0.255, 0.000, -454.994, 250.000, 0.000, 2.350, 0, 0 
154243, 42597851, 0.255, 0.000, -454.981, 250.000, 0.000, 2.350, 0, 0 
154243, 44177889, 0.255, 0.000, -454.981, 250.000, 0.000, 2.350, 0, 0 
154243, 45757716, 0.256, 0.000, -454.981, 250.000, 0.000, 2.350, 0, 0 
154243, 47337397, 0.258, 0.000, -454.967, 250.000, 0.000, 2.350, 0, 0 
154243, 48843294, 0.259, 0.000, -454.981, 250.000, 0.000, 2.350, 0, 0 
154243, 50443773, 0.260, 0.000, -454.967, 250.000, 0.000, 2.350, 0, 0 
154243, 51974963, 0.261, 0.000, -454.981, 250.000, 0.000, 2.350, 0, 0 
154243, 53479102, 0.261, 0.000, -454.981, 250.000, 0.000, 2.350, 0, 0 
154243, 54983015, 0.262, 0.000, -454.994, 250.000, 0.000, 2.350, 0, 0 
154243, 56488269, 0.262, 0.000, -454.994, 250.000, 0.000, 2.350, 0, 0 
154243, 58071929, 0.262, 0.000, -454.967, 250.000, 0.000, 2.350, 0, 0 
154243, 59661640, 0.262, 0.000, -454.981, 250.000, 0.000, 2.350, 0, 0 
154243, 61250251, 0.263, 0.000, -454.981, 250.000, 0.000, 2.350, 0, 0 
154243, 62838850, 0.265, 0.000, -454.994, 250.000, 0.000, 2.350, 0, 0 
154243, 64436694, 0.266, 0.000, -454.981, 250.000, 0.000, 2.350, 0, 0 
154243, 65951486, 0.266, 0.000, -454.994, 250.000, 0.000, 2.350, 0, 0 
154243, 67540358, 0.266, 0.000, -454.994, 250.000, 0.000, 2.350, 0, 0 
154243, 69128634, 0.266, 0.000, -454.981, 250.000, 0.000, 2.350, 0, 0 
154243, 70717024, 0.267, 0.000, -454.967, 250.000, 0.000, 2.350, 0, 0 
154243, 72307320, 0.268, 0.000, -454.967, 250.000, 0.000, 2.350, 0, 0 
154243, 73895466, 0.269, 0.000, -454.967, 250.000, 0.000, 2.350, 0, 0 
154243, 75486007, 0.269, 0.000, -454.967, 250.000, 0.000, 2.350, 0, 0 
154243, 77092770, 0.269, 0.000, -454.994, 250.000, 0.000, 2.350, 0, 0 
154243, 78687003, 0.269, 0.000, -454.994, 250.000, 0.000, 2.350, 0, 0 
154243, 80282445, 0.270, 0.000, -454.967, 250.000, 0.000, 2.350, 0, 0 
154243, 81887558, 0.271, 0.000, -454.994, 250.000, 0.000, 2.350, 0, 0 
154243, 83482019, 0.271, 0.000, -454.967, 250.000, 0.000, 2.350, 0, 0 
154243, 85070445, 0.271, 0.000, -454.981, 250.000, 0.000, 2.350, 0, 0 
154243, 86659205, 0.271, 0.000, -454.981, 250.000, 0.000, 2.350, 0, 0 
154243, 88239683, 0.273, 0.000, -454.981, 250.000, 0.000, 2.350, 0, 0 
154243, 89822956, 0.274, 0.000, -454.981, 250.000, 0.000, 2.350, 0, 0 
154243, 91408816, 0.274, 0.000, -454.994, 250.000, 0.000, 2.350, 0, 0 
154243, 92986232, 0.274, 0.000, -454.967, 250.000, 0.000, 2.350, 0, 0 
154243, 94566185, 0.275, 0.000, -454.981, 250.000, 0.000, 2.350, 0, 0 
154243, 96146907, 0.276, 0.000, -454.981, 250.000, 0.000, 2.350, 0, 0 
154243, 97763155, 0.277, 0.000, -454.981, 250.000, 0.000, 2.350, 0, 0 
154243, 99300223, 0.277, 0.000, -454.967, 250.000, 0.000, 2.350, 0, 0 
154243, 100870857, 0.277, 0.000, -454.967, 250.000, 0.000, 2.350, 0, 0 
154243, 102440989, 0.277, 0.000, -454.994, 250.000, 0.000, 2.350, 0, 0 
154243, 104009888, 0.278, 0.000, -454.981, 250.000, 0.000, 2.350, 0, 0 
154243, 105515445, 0.279, 0.000, -454.967, 250.000, 0.000, 2.350, 0, 0 
154243, 107080190, 0.281, 0.000, -454.994, 250.000, 0.000, 2.350, 0, 0 
154243, 108646019, 0.281, 0.000, -454.981, 250.000, 0.000, 2.350, 0, 0 
154243, 110211138, 0.281, 0.000, -454.994, 250.000, 0.000, 2.350, 0, 0 
154243, 111767104, 0.281, 0.000, -454.994, 250.000, 0.000, 2.350, 0, 0 
154243, 113296554, 0.282, 0.000, -454.981, 250.000, 0.000, 2.350, 0, 0 
154243, 114807123, 0.283, 0.000, -454.967, 250.000, 0.000, 2.350, 0, 0 
154243, 116317046, 0.283, 0.000, -454.967, 250.000, 0.000, 2.350, 0, 0 
154243, 117835860, 0.283, 0.000, -454.981, 250.000, 0.000, 2.350, 0, 0 
154243, 119404234, 0.283, 0.000, -454.967, 250.000, 0.000, 2.350, 0, 0 
154243, 120968463, 0.283, 0.000, -454.981, 250.000, 0.000, 2.350, 0, 0 
154243, 122533240, 0.284, 0.000, -454.981, 250.000, 0.000, 2.350, 0, 0 
154243, 124039287, 0.285, 0.000, -454.994, 250.000, 0.000, 2.350, 0, 0 
154243, 125546576, 0.286, 0.000, -454.981, 250.000, 0.000, 2.350, 0, 0 
154243, 127053554, 0.286, 0.000, -454.994, 250.000, 0.000, 2.350, 0, 0 
154243, 128594030, 0.286, 0.000, -454.981, 250.000, 0.000, 2.350, 0, 0 
154243, 130201026, 0.288, 0.000, -454.994, 250.000, 0.000, 2.350, 0, 0 
154243, 131711772, 0.289, 0.000, -454.981, 250.000, 0.000, 2.350, 0, 0 
154243, 133225426, 0.290, 0.000, -454.994, 250.000, 0.000, 2.350, 0, 0 
154243, 134738391, 0.290, 0.000, -454.981, 250.000, 0.000, 2.350, 0, 0 
154243, 136255016, 0.290, 0.000, -454.967, 250.000, 0.000, 2.350, 0, 0 
154243, 137768233, 0.290, 0.000, -454.981, 250.000, 0.000, 2.350, 0, 0 
154243, 139316291, 0.291, 0.000, -454.967, 250.000, 0.000, 2.350, 0, 0 
154243, 140844402, 0.292, 0.000, -454.967, 250.000, 0.000, 2.350, 0, 0 
154243, 142357130, 0.292, 0.000, -454.981, 250.000, 0.000, 2.350, 0, 0 
154243, 143898726, 0.292, 0.000, -454.981, 250.000, 0.000, 2.350, 0, 0 
154243, 145417384, 0.292, 0.000, -454.981, 250.000, 0.000, 2.350, 0, 0 
154243, 147013228, 0.293, 0.000, -454.981, 250.000, 0.000, 2.350, 0, 0 
154243, 148602749, 0.293, 0.000, -454.981, 250.000, 0.000, 2.350, 0, 0 
154243, 150121599, 0.293, 0.000, -454.981, 250.000, 0.000, 2.350, 0, 0 
154243, 151637411, 0.294, 0.000, -454.981, 250.000, 0.000, 2.350, 0, 0 
154243, 153263610, 0.294, 0.000, -454.981, 250.000, 0.000, 2.350, 0, 0 
154243, 154846069, 0.296, 0.000, -454.981, 250.000, 0.000, 2.350, 0, 0 
154243, 156428964, 0.296, 0.000, -455.008, 250.000, 0.000, 2.350, 0, 0 
154243, 158007911, 0.296, 0.000, -454.981, 250.000, 0.000, 2.350, 0, 0 
154243, 159625621, 0.297, 0.000, -454.981, 250.000, 0.000, 2.350, 0, 0 
154243, 161183135, 0.297, 0.000, -454.981, 250.000, 0.000, 2.350, 0, 0 
154243, 162725744, 0.297, 0.000, -454.967, 250.000, 0.000, 2.350, 0, 0 
154243, 164312510, 0.298, 0.000, -454.981, 250.000, 0.000, 2.350, 0, 0 
154243, 165828042, 0.299, 0.000, -454.967, 250.000, 0.000, 2.350, 0, 0 
154243, 167341259, 0.299, 0.000, -454.994, 250.000, 0.000, 2.350, 0, 0 
154243, 168854943, 0.299, 0.000, -454.967, 250.000, 0.000, 2.350, 0, 0 
154243, 170367702, 0.299, 0.000, -454.981, 250.000, 0.000, 2.350, 0, 0 
154243, 171895031, 0.300, 0.000, -454.994, 250.000, 0.000, 2.350, 0, 0 
154243, 173409702, 0.301, 0.000, -454.981, 250.000, 0.000, 2.350, 0, 0 
154243, 174952547, 0.302, 0.000, -454.994, 250.000, 0.000, 2.350, 0, 0 
154243, 176470297, 0.302, 0.000, -454.981, 250.000, 0.000, 2.350, 0, 0 
154243, 177987372, 0.302, 0.000, -454.981, 250.000, 0.000, 2.350, 0, 0 
154243, 179573100, 0.304, 0.000, -454.967, 250.000, 0.000, 2.350, 0, 0 
154243, 181159884, 0.305, 0.000, -454.981, 250.000, 0.000, 2.350, 0, 0 
154243, 182678814, 0.305, 0.000, -454.967, 250.000, 0.000, 2.350, 0, 0 
154243, 184196412, 0.305, 0.000, -454.981, 250.000, 0.000, 2.350, 0, 0 
154243, 185741017, 0.306, 0.000, -454.981, 250.000, 0.000, 2.350, 0, 0 
154243, 187321116, 0.307, 0.000, -454.994, 250.000, 0.000, 2.350, 0, 0 
154243, 188900264, 0.307, 0.000, -454.981, 250.000, 0.000, 2.350, 0, 0 
154243, 190518059, 0.307, 0.000, -454.981, 250.000, 0.000, 2.350, 0, 0 
154243, 192037423, 0.308, 0.000, -454.967, 250.000, 0.000, 2.350, 0, 0 
154243, 193551615, 0.309, 0.000, -454.994, 250.000, 0.000, 2.350, 0, 0 
154243, 195065090, 0.309, 0.000, -454.967, 250.000, 0.000, 2.350, 0, 0 
154243, 196580245, 0.309, 0.000, -454.981, 250.000, 0.000, 2.350, 0, 0 
154243, 198093523, 0.309, 0.000, -454.967, 250.000, 0.000, 2.350, 0, 0 
154243, 199606548, 0.311, 0.000, -454.994, 250.000, 0.000, 2.350, 0, 0 
154243, 201133506, 0.312, 0.000, -454.994, 250.000, 0.000, 2.350, 0, 0 
154243, 202661025, 0.312, 0.000, -454.994, 250.000, 0.000, 2.350, 0, 0 
154243, 204194934, 0.312, 0.000, -454.994, 250.000, 0.000, 2.350, 0, 0 
154243, 205747231, 0.313, 0.000, -454.981, 250.000, 0.000, 2.350, 0, 0 
154243, 207262526, 0.314, 0.000, -454.994, 250.000, 0.000, 2.350, 0, 0 
154243, 208781010, 0.315, 0.000, -454.994, 250.000, 0.000, 2.350, 0, 0 
154243, 210298173, 0.315, 0.000, -454.981, 250.000, 0.000, 2.350, 0, 0 
154243, 211882517, 0.316, 0.000, -454.981, 250.000, 0.000, 2.350, 0, 0 
154243, 213465971, 0.317, 0.000, -454.967, 250.000, 0.000, 2.350, 0, 0 
154243, 215050584, 0.319, 0.000, -454.981, 250.000, 0.000, 2.350, 0, 0 
154243, 216603768, 0.319, 0.000, -454.967, 250.000, 0.000, 2.350, 0, 0 
154243, 218175116, 0.320, 0.000, -454.981, 250.000, 0.000, 2.350, 0, 0 
154243, 219698765, 0.321, 0.000, -454.994, 250.000, 0.000, 2.350, 0, 0 
154243, 221349943, 0.321, 0.000, -454.981, 250.000, 0.000, 2.350, 0, 0 
154243, 222951836, 0.322, 0.000, -454.981, 250.000, 0.000, 2.350, 0, 0 
154243, 224534203, 0.323, 0.000, -454.981, 250.000, 0.000, 2.350, 0, 0 
154243, 226113174, 0.323, 0.000, -454.981, 250.000, 0.000, 2.350, 0, 0 
154243, 227692029, 0.323, 0.000, -454.994, 250.000, 0.000, 2.350, 0, 0 
154243, 229212482, 0.324, 0.000, -454.981, 250.000, 0.000, 2.350, 0, 0 
154243, 230796799, 0.325, 0.000, -454.967, 250.000, 0.000, 2.350, 0, 0 
154243, 232384825, 0.325, 0.000, -454.981, 250.000, 0.000, 2.350, 0, 0 
154243, 233899349, 0.325, 0.000, -454.994, 250.000, 0.000, 2.350, 0, 0 
154243, 235412427, 0.327, 0.000, -454.981, 250.000, 0.000, 2.350, 0, 0 
154243, 236968549, 0.328, 0.000, -454.981, 250.000, 0.000, 2.350, 0, 0 
154243, 238482024, 0.329, 0.000, -454.981, 250.000, 0.000, 2.350, 0, 0 
154243, 240018636, 0.329, 0.000, -454.981, 250.000, 0.000, 2.350, 0, 0 
154243, 241611439, 0.330, 0.000, -454.994, 250.000, 0.000, 2.350, 0, 0 
154243, 243146522, 0.331, 0.000, -454.981, 250.000, 0.000, 2.350, 0, 0 
154243, 244728430, 0.331, 0.000, -454.981, 250.000, 0.000, 2.350, 0, 0 
154243, 246309443, 0.331, 0.000, -454.967, 250.000, 0.000, 2.350, 0, 0 
154243, 247898814, 0.332, 0.000, -454.981, 250.000, 0.000, 2.350, 0, 0 
154243, 249462165, 0.334, 0.000, -454.967, 250.000, 0.000, 2.350, 0, 0 
154243, 251077097, 0.335, 0.000, -454.967, 250.000, 0.000, 2.350, 0, 0 
154243, 252689336, 0.336, 0.000, -454.981, 250.000, 0.000, 2.350, 0, 0 
154243, 254292847, 0.337, 0.000, -454.994, 250.000, 0.000, 2.350, 0, 0 
154243, 255814002, 0.337, 0.000, -454.994, 250.000, 0.000, 2.350, 0, 0 
154243, 257329522, 0.337, 0.000, -454.967, 250.000, 0.000, 2.350, 0, 0 
154243, 258896653, 0.338, 0.000, -454.981, 250.000, 0.000, 2.350, 0, 0 
154243, 260476663, 0.339, 0.000, -454.981, 250.000, 0.000, 2.350, 0, 0 
154243, 262063304, 0.339, 0.000, -454.981, 250.000, 0.000, 2.350, 0, 0 
154243, 263630246, 0.339, 0.000, -454.981, 250.000, 0.000, 2.350, 0, 0 
154243, 265144863, 0.340, 0.000, -454.981, 250.000, 0.000, 2.350, 0, 0 
154243, 266658101, 0.342, 0.000, -454.981, 250.000, 0.000, 2.350, 0, 0 
154243, 268213455, 0.342, 0.000, -454.994, 250.000, 0.000, 2.350, 0, 0 
154243, 269775470, 0.342, 0.000, -454.994, 250.000, 0.000, 2.350, 0, 0 
154243, 271292096, 0.342, 0.000, -454.967, 250.000, 0.000, 2.350, 0, 0 
154243, 272811408, 0.343, 0.000, -454.994, 250.000, 0.000, 2.350, 0, 0 
154243, 274398467, 0.343, 0.000, -454.981, 250.000, 0.000, 2.350, 0, 0 
154243, 275984288, 0.343, 0.000, -454.967, 250.000, 0.000, 2.350, 0, 0 
154243, 277568973, 0.344, 0.000, -454.981, 250.000, 0.000, 2.350, 0, 0 
154243, 279152894, 0.345, 0.000, -454.981, 250.000, 0.000, 2.350, 0, 0 
154243, 280739399, 0.345, 0.000, -454.967, 250.000, 0.000, 2.350, 0, 0 
154243, 282260528, 0.345, 0.000, -454.981, 250.000, 0.000, 2.350, 0, 0 
154243, 283881888, 0.346, 0.000, -454.981, 250.000, 0.000, 2.350, 0, 0 
154243, 285397012, 0.346, 0.000, -454.967, 250.000, 0.000, 2.350, 0, 0 
154243, 286914128, 0.346, 0.000, -454.967, 250.000, 0.000, 2.350, 0, 0 
154243, 288453736, 0.346, 0.000, -454.981, 250.000, 0.000, 2.350, 0, 0 
154243, 290030009, 0.347, 0.000, -454.981, 250.000, 0.000, 2.350, 0, 0 
154243, 291542263, 0.348, 0.000, -454.981, 250.000, 0.000, 2.350, 0, 0 
154243, 293054160, 0.350, 0.000, -454.967, 250.000, 0.000, 2.350, 0, 0 
154243, 294565572, 0.350, 0.000, -454.981, 250.000, 0.000, 2.350, 0, 0 
154243, 296076146, 0.350, 0.000, -454.967, 250.000, 0.000, 2.350, 0, 0 
154243, 297587811, 0.350, 0.000, -454.981, 250.000, 0.000, 2.350, 0, 0 
154243, 299152145, 0.351, 0.000, -454.981, 250.000, 0.000, 2.350, 0, 0 
154243, 300694837, 0.351, 0.000, -454.981, 250.000, 0.000, 2.350, 0, 0 
154243, 302255544, 0.352, 0.000, -454.981, 250.000, 0.000, 2.350, 0, 0 
154243, 303772895, 0.353, 0.000, -454.981, 250.000, 0.000, 2.350, 0, 0 
154243, 305348503, 0.354, 0.000, -454.994, 250.000, 0.000, 2.350, 0, 0 
154243, 306925971, 0.354, 0.000, -454.981, 250.000, 0.000, 2.350, 0, 0 
154243, 308483003, 0.354, 0.000, -454.994, 250.000, 0.000, 2.350, 0, 0 
154243, 310062618, 0.355, 0.000, -454.981, 250.000, 0.000, 2.350, 0, 0 
154243, 311685437, 0.355, 0.000, -454.981, 250.000, 0.000, 2.350, 0, 0 
154243, 313253571, 0.355, 0.000, -454.981, 250.000, 0.000, 2.350, 0, 0 
154243, 314890978, 0.356, 0.000, -454.981, 250.000, 0.000, 2.350, 0, 0 
154243, 316435994, 0.358, 0.000, -454.994, 250.000, 0.000, 2.350, 0, 0 
154243, 317960071, 0.359, 0.000, -454.994, 250.000, 0.000, 2.350, 0, 0 
154243, 319478570, 0.359, 0.000, -454.981, 250.000, 0.000, 2.350, 0, 0 
154243, 321080229, 0.360, 0.000, -454.967, 250.000, 0.000, 2.350, 0, 0 
154243, 322661750, 0.361, 0.000, -454.981, 250.000, 0.000, 2.350, 0, 0 
154243, 324243812, 0.361, 0.000, -454.981, 250.000, 0.000, 2.350, 0, 0 
154243, 325822726, 0.361, 0.000, -454.981, 250.000, 0.000, 2.350, 0, 0 
154243, 327401529, 0.362, 0.000, -454.994, 250.000, 0.000, 2.350, 0, 0 
154243, 328981056, 0.363, 0.000, -454.981, 250.000, 0.000, 2.350, 0, 0 
154243, 330607123, 0.363, 0.000, -454.981, 250.000, 0.000, 2.350, 0, 0 
154243, 332175827, 0.365, 0.000, -454.981, 250.000, 0.000, 2.350, 0, 0 
154243, 333694675, 0.366, 0.000, -454.994, 250.000, 0.000, 2.350, 0, 0 
154243, 335241123, 0.366, 0.000, -454.981, 250.000, 0.000, 2.350, 0, 0 
154243, 336828078, 0.366, 0.000, -454.967, 250.000, 0.000, 2.350, 0, 0 
154243, 338413363, 0.367, 0.000, -454.967, 250.000, 0.000, 2.350, 0, 0 
154243, 339997149, 0.368, 0.000, -454.967, 250.000, 0.000, 2.350, 0, 0 
154243, 341583990, 0.368, 0.000, -454.967, 250.000, 0.000, 2.350, 0, 0 
154243, 343098473, 0.368, 0.000, -454.981, 250.000, 0.000, 2.350, 0, 0 
154243, 344612593, 0.368, 0.000, -454.981, 250.000, 0.000, 2.350, 0, 0 
154243, 346165896, 0.369, 0.000, -454.981, 250.000, 0.000, 2.350, 0, 0 
154243, 347683040, 0.370, 0.000, -454.981, 250.000, 0.000, 2.350, 0, 0 
154243, 349199488, 0.370, 0.000, -454.981, 250.000, 0.000, 2.350, 0, 0 
154243, 350716150, 0.370, 0.000, -454.981, 250.000, 0.000, 2.350, 0, 0 
154243, 352232082, 0.370, 0.000, -454.981, 250.000, 0.000, 2.350, 0, 0 
154243, 353795337, 0.371, 0.000, -454.981, 250.000, 0.000, 2.350, 0, 0 
154243, 355357603, 0.373, 0.000, -454.994, 250.000, 0.000, 2.350, 0, 0 
154243, 356934839, 0.373, 0.000, -454.981, 250.000, 0.000, 2.350, 0, 0 
154243, 358512233, 0.373, 0.000, -454.994, 250.000, 0.000, 2.350, 0, 0 
154243, 360095140, 0.374, 0.000, -454.981, 250.000, 0.000, 2.350, 0, 0 
154243, 361648301, 0.374, 0.000, -454.994, 250.000, 0.000, 2.350, 0, 0 
154243, 363164150, 0.374, 0.000, -454.994, 250.000, 0.000, 2.350, 0, 0 
154243, 364726323, 0.374, 0.000, -454.981, 250.000, 0.000, 2.350, 0, 0 
154243, 366250289, 0.375, 0.000, -454.981, 250.000, 0.000, 2.350, 0, 0 
154243, 367836249, 0.376, 0.000, -454.981, 250.000, 0.000, 2.350, 0, 0 
154243, 369420457, 0.376, 0.000, -454.981, 250.000, 0.000, 2.350, 0, 0 
154243, 371004499, 0.377, 0.000, -454.994, 250.000, 0.000, 2.350, 0, 0 
154243, 372588923, 0.378, 0.000, -454.994, 250.000, 0.000, 2.350, 0, 0 
154243, 374173219, 0.378, 0.000, -454.981, 250.000, 0.000, 2.350, 0, 0 
154243, 375783714, 0.378, 0.000, -454.994, 250.000, 0.000, 2.350, 0, 0 
154243, 377406245, 0.379, 0.000, -454.994, 250.000, 0.000, 2.350, 0, 0 
154243, 378968332, 0.379, 0.000, -454.994, 250.000, 0.000, 2.350, 0, 0 
154243, 380556506, 0.379, 0.000, -454.981, 250.000, 0.000, 2.350, 0, 0 
154243, 382140574, 0.381, 0.000, -454.981, 250.000, 0.000, 2.350, 0, 0 
154243, 383657844, 0.382, 0.000, -454.981, 250.000, 0.000, 2.350, 0, 0 
154243, 385175328, 0.383, 0.000, -454.967, 250.000, 0.000, 2.350, 0, 0 
154243, 386768857, 0.384, 0.000, -454.981, 250.000, 0.000, 2.350, 0, 0 
154243, 388282486, 0.385, 0.000, -454.967, 250.000, 0.000, 2.350, 0, 0 
154243, 389861113, 0.386, 0.000, -454.981, 250.000, 0.000, 2.350, 0, 0 
154243, 391439739, 0.386, 0.000, -454.981, 250.000, 0.000, 2.350, 0, 0 
154243, 393069375, 0.388, 0.000, -454.967, 250.000, 0.000, 2.350, 0, 0 
154243, 394626532, 0.389, 0.000, -454.967, 250.000, 0.000, 2.350, 0, 0 
154243, 396140303, 0.389, 0.000, -454.967, 250.000, 0.000, 2.350, 0, 0 
154243, 397664859, 0.389, 0.000, -454.981, 250.000, 0.000, 2.350, 0, 0 
154243, 399180163, 0.389, 0.000, -454.981, 250.000, 0.000, 2.350, 0, 0 
154243, 400698178, 0.390, 0.000, -454.994, 250.000, 0.000, 2.350, 0, 0 
154243, 402310519, 0.390, 0.000, -454.981, 250.000, 0.000, 2.350, 0, 0 
154243, 403827095, 0.390, 0.000, -454.967, 250.000, 0.000, 2.350, 0, 0 
154243, 405397011, 0.390, 0.000, -454.967, 250.000, 0.000, 2.350, 0, 0 
154243, 406976311, 0.391, 0.000, -454.967, 250.000, 0.000, 2.350, 0, 0 
154243, 408621877, 0.391, 0.000, -454.981, 250.000, 0.000, 2.350, 0, 0 
154243, 410180390, 0.392, 0.000, -454.967, 250.000, 0.000, 2.350, 0, 0 
154243, 411737961, 0.393, 0.000, -454.994, 250.000, 0.000, 2.350, 0, 0 
154243, 413258470, 0.393, 0.000, -454.967, 250.000, 0.000, 2.350, 0, 0 
154243, 414842068, 0.393, 0.000, -454.981, 250.000, 0.000, 2.350, 0, 0 
154243, 416430224, 0.394, 0.000, -454.981, 250.000, 0.000, 2.350, 0, 0 
154243, 417945381, 0.396, 0.000, -454.967, 250.000, 0.000, 2.350, 0, 0 
154243, 419459044, 0.397, 0.000, -454.994, 250.000, 0.000, 2.350, 0, 0 
154243, 421043875, 0.397, 0.000, -454.967, 250.000, 0.000, 2.350, 0, 0 
154243, 422629246, 0.398, 0.000, -454.981, 250.000, 0.000, 2.350, 0, 0 
154243, 424255345, 0.398, 0.000, -454.967, 250.000, 0.000, 2.350, 0, 0 
154243, 425771454, 0.398, 0.000, -454.981, 250.000, 0.000, 2.350, 0, 0 
154243, 427288276, 0.399, 0.000, -454.967, 250.000, 0.000, 2.350, 0, 0 
154243, 428859117, 0.399, 0.000, -454.967, 250.000, 0.000, 2.350, 0, 0 
154243, 430444762, 0.399, 0.000, -454.967, 250.000, 0.000, 2.350, 0, 0 
154243, 432031584, 0.400, 0.000, -454.967, 250.000, 0.000, 2.350, 0, 0 
154243, 433600730, 0.401, 0.000, -454.994, 250.000, 0.000, 2.350, 0, 0 
154243, 435202626, 0.402, 0.000, -454.967, 250.000, 0.000, 2.350, 0, 0 
154243, 436782751, 0.404, 0.000, -454.981, 250.000, 0.000, 2.350, 0, 0 
154243, 438361375, 0.404, 0.000, -454.994, 250.000, 0.000, 2.350, 0, 0 
154243, 439982087, 0.405, 0.000, -454.967, 250.000, 0.000, 2.350, 0, 0 
154243, 441600025, 0.406, 0.000, -454.981, 250.000, 0.000, 2.350, 0, 0 
154243, 443165903, 0.406, 0.000, -454.981, 250.000, 0.000, 2.350, 0, 0 
154243, 444724120, 0.407, 0.000, -454.967, 250.000, 0.000, 2.350, 0, 0 
154243, 446240731, 0.408, 0.000, -454.981, 250.000, 0.000, 2.350, 0, 0 
154243, 447822767, 0.408, 0.000, -454.981, 250.000, 0.000, 2.350, 0, 0 
154243, 449407866, 0.409, 0.000, -454.981, 250.000, 0.000, 2.350, 0, 0 
154243, 450991821, 0.411, 0.000, -454.981, 250.000, 0.000, 2.350, 0, 0 
154243, 452579684, 0.411, 0.000, -454.981, 250.000, 0.000, 2.350, 0, 0 
154243, 454163866, 0.412, 0.000, -454.981, 250.000, 0.000, 2.350, 0, 0 
154243, 455763235, 0.412, 0.000, -454.994, 250.000, 0.000, 2.350, 0, 0 
154243, 457284210, 0.413, 0.000, -454.981, 250.000, 0.000, 2.350, 0, 0 
154243, 458799825, 0.414, 0.000, -454.981, 250.000, 0.000, 2.350, 0, 0 
154243, 460318907, 0.414, 0.000, -454.967, 250.000, 0.000, 2.350, 0, 0 
154243, 461904814, 0.414, 0.000, -454.981, 250.000, 0.000, 2.350, 0, 0 
154243, 463472096, 0.415, 0.000, -454.981, 250.000, 0.000, 2.350, 0, 0 
154243, 464995862, 0.415, 0.000, -454.953, 250.000, 0.000, 2.350, 0, 0 
154243, 466516142, 0.416, 0.000, -454.994, 250.000, 0.000, 2.350, 0, 0 
154243, 468033118, 0.417, 0.000, -454.967, 250.000, 0.000, 2.350, 0, 0 
154243, 469548596, 0.417, 0.000, -454.981, 250.000, 0.000, 2.350, 0, 0 
154243, 471100675, 0.417, 0.000, -454.994, 250.000, 0.000, 2.350, 0, 0 
154243, 472614955, 0.419, 0.000, -454.981, 250.000, 0.000, 2.350, 0, 0 
154243, 474127351, 0.420, 0.000, -454.967, 250.000, 0.000, 2.350, 0, 0 
154243, 475639331, 0.420, 0.000, -454.994, 250.000, 0.000, 2.350, 0, 0 
154243, 477151063, 0.421, 0.000, -454.994, 250.000, 0.000, 2.350, 0, 0 
154243, 478662493, 0.422, 0.000, -454.967, 250.000, 0.000, 2.350, 0, 0 
154243, 480174486, 0.422, 0.000, -454.981, 250.000, 0.000, 2.350, 0, 0 
154243, 481757200, 0.423, 0.000, -454.981, 250.000, 0.000, 2.350, 0, 0 
154243, 483270941, 0.423, 0.000, -454.967, 250.000, 0.000, 2.350, 0, 0 
154243, 484782283, 0.423, 0.000, -454.967, 250.000, 0.000, 2.350, 0, 0 
154243, 486424982, 0.424, 0.000, -454.981, 250.000, 0.000, 2.350, 0, 0 
154243, 488022267, 0.424, 0.000, -454.994, 250.000, 0.000, 2.350, 0, 0 
154243, 489536976, 0.425, 0.000, -454.981, 250.000, 0.000, 2.350, 0, 0 
154243, 491056259, 0.427, 0.000, -454.967, 250.000, 0.000, 2.350, 0, 0 
154243, 492629832, 0.428, 0.000, -454.981, 250.000, 0.000, 2.350, 0, 0 
154243, 494193362, 0.429, 0.000, -454.981, 250.000, 0.000, 2.350, 0, 0 
154243, 495779945, 0.429, 0.000, -454.994, 250.000, 0.000, 2.350, 0, 0 
154243, 497365039, 0.430, 0.000, -454.967, 250.000, 0.000, 2.350, 0, 0 
154243, 498932884, 0.430, 0.000, -454.994, 250.000, 0.000, 2.350, 0, 0 
154243, 500448555, 0.431, 0.000, -454.967, 250.000, 0.000, 2.350, 0, 0 
154243, 502059509, 0.431, 0.000, -454.981, 250.000, 0.000, 2.350, 0, 0 
154243, 503575440, 0.431, 0.000, -454.981, 250.000, 0.000, 2.350, 0, 0 
154243, 505114862, 0.432, 0.000, -454.981, 250.000, 0.000, 2.350, 0, 0 
154243, 506677283, 0.432, 0.000, -454.994, 250.000, 0.000, 2.350, 0, 0 
154243, 508259795, 0.434, 0.000, -454.981, 250.000, 0.000, 2.350, 0, 0 
154243, 509839626, 0.434, 0.000, -454.967, 250.000, 0.000, 2.350, 0, 0 
154243, 511418780, 0.434, 0.000, -454.967, 250.000, 0.000, 2.350, 0, 0 
154243, 512940018, 0.435, 0.000, -454.981, 250.000, 0.000, 2.350, 0, 0 
154243, 514523981, 0.435, 0.000, -454.981, 250.000, 0.000, 2.350, 0, 0 
154243, 516110935, 0.436, 0.000, -454.994, 250.000, 0.000, 2.350, 0, 0 
154243, 517747290, 0.436, 0.000, -454.994, 250.000, 0.000, 2.350, 0, 0 
154243, 519262884, 0.437, 0.000, -454.967, 250.000, 0.000, 2.350, 0, 0 
154243, 520829128, 0.437, 0.000, -454.994, 250.000, 0.000, 2.350, 0, 0 
154243, 522348628, 0.437, 0.000, -454.981, 250.000, 0.000, 2.350, 0, 0 
154243, 523896112, 0.437, 0.000, -454.994, 250.000, 0.000, 2.350, 0, 0 
154243, 525411619, 0.437, 0.000, -454.981, 250.000, 0.000, 2.350, 0, 0 
154243, 526996109, 0.438, 0.000, -454.967, 250.000, 0.000, 2.350, 0, 0 
154243, 528581149, 0.438, 0.000, -454.981, 250.000, 0.000, 2.350, 0, 0 
154243, 530168441, 0.439, 0.000, -454.981, 250.000, 0.000, 2.350, 0, 0 
154243, 531754374, 0.439, 0.000, -454.981, 250.000, 0.000, 2.350, 0, 0 
154243, 533308583, 0.440, 0.000, -454.981, 250.000, 0.000, 2.350, 0, 0 
154243, 534825181, 0.440, 0.000, -454.981, 250.000, 0.000, 2.350, 0, 0 
154243, 536339714, 0.440, 0.000, -454.981, 250.000, 0.000, 2.350, 0, 0 
154243, 537855836, 0.442, 0.000, -454.967, 250.000, 0.000, 2.350, 0, 0 
154243, 539460415, 0.442, 0.000, -454.994, 250.000, 0.000, 2.350, 0, 0 
154243, 541022935, 0.443, 0.000, -454.981, 250.000, 0.000, 2.350, 0, 0 
154243, 542537265, 0.444, 0.000, -454.967, 250.000, 0.000, 2.350, 0, 0 
154243, 544054030, 0.444, 0.000, -454.981, 250.000, 0.000, 2.350, 0, 0 
154243, 545567420, 0.445, 0.000, -454.981, 250.000, 0.000, 2.350, 0, 0 
154243, 547083473, 0.445, 0.000, -454.981, 250.000, 0.000, 2.350, 0, 0 
154243, 548707394, 0.446, 0.000, -454.981, 250.000, 0.000, 2.350, 0, 0 
154243, 550291624, 0.446, 0.000, -454.994, 250.000, 0.000, 2.350, 0, 0 
154243, 551855628, 0.447, 0.000, -454.981, 250.000, 0.000, 2.350, 0, 0 
154243, 553373111, 0.448, 0.000, -454.981, 250.000, 0.000, 2.350, 0, 0 
154243, 554943339, 0.448, 0.000, -454.981, 250.000, 0.000, 2.350, 0, 0 
154243, 556557886, 0.450, 0.000, -454.967, 250.000, 0.000, 2.350, 0, 0 
154243, 558143307, 0.450, 0.000, -454.981, 250.000, 0.000, 2.350, 0, 0 
154243, 559729926, 0.451, 0.000, -454.981, 250.000, 0.000, 2.350, 0, 0 
154243, 561316994, 0.451, 0.000, -454.967, 250.000, 0.000, 2.350, 0, 0 
154243, 562867812, 0.452, 0.000, -454.994, 250.000, 0.000, 2.350, 0, 0 
154243, 564531587, 0.452, 0.000, -454.994, 250.000, 0.000, 2.350, 0, 0 
154243, 566116869, 0.453, 0.000, -454.967, 250.000, 0.000, 2.350, 0, 0 
154243, 567638739, 0.453, 0.000, -454.981, 250.000, 0.000, 2.350, 0, 0 
154243, 569162602, 0.454, 0.000, -454.994, 250.000, 0.000, 2.350, 0, 0 
154243, 570704110, 0.455, 0.000, -454.981, 250.000, 0.000, 2.350, 0, 0 
154243, 572307292, 0.455, 0.000, -454.981, 250.000, 0.000, 2.350, 0, 0 
154243, 573821905, 0.457, 0.000, -454.981, 250.000, 0.000, 2.350, 0, 0 
154243, 575335099, 0.457, 0.000, -454.981, 250.000, 0.000, 2.350, 0, 0 
154243, 576848190, 0.457, 0.000, -454.967, 250.000, 0.000, 2.350, 0, 0 
154243, 578361099, 0.457, 0.000, -454.967, 250.000, 0.000, 2.350, 0, 0 
154243, 579932724, 0.457, 0.000, -454.981, 250.000, 0.000, 2.350, 0, 0 
154243, 581447496, 0.457, 0.000, -454.967, 250.000, 0.000, 2.350, 0, 0 
154243, 582960871, 0.458, 0.000, -454.967, 250.000, 0.000, 2.350, 0, 0 
154243, 584481285, 0.458, 0.000, -454.981, 250.000, 0.000, 2.350, 0, 0 
154243, 586053261, 0.459, 0.000, -454.981, 250.000, 0.000, 2.350, 0, 0 
154243, 587640208, 0.459, 0.000, -454.981, 250.000, 0.000, 2.350, 0, 0 
154243, 589221636, 0.459, 0.000, -454.981, 250.000, 0.000, 2.350, 0, 0 
154243, 590810061, 0.460, 0.000, -454.981, 250.000, 0.000, 2.350, 0, 0 
154243, 592397766, 0.460, 0.000, -454.981, 250.000, 0.000, 2.350, 0, 0 
154243, 593983526, 0.461, 0.000, -454.981, 250.000, 0.000, 2.350, 0, 0 
154243, 595616016, 0.461, 0.000, -454.981, 250.000, 0.000, 2.350, 0, 0 
154243, 597199578, 0.462, 0.000, -454.967, 250.000, 0.000, 2.350, 0, 0 
154243, 598783991, 0.462, 0.000, -454.981, 250.000, 0.000, 2.350, 0, 0 
154243, 600347719, 0.463, 0.000, -454.967, 250.000, 0.000, 2.350, 0, 0 
154243, 601872362, 0.463, 0.000, -454.981, 250.000, 0.000, 2.350, 0, 0 
154243, 603452603, 0.463, 0.000, -454.981, 250.000, 0.000, 2.350, 0, 0 
154243, 605032282, 0.465, 0.000, -454.981, 250.000, 0.000, 2.350, 0, 0 
154243, 606547490, 0.466, 0.000, -454.994, 250.000, 0.000, 2.350, 0, 0 
154243, 608065050, 0.466, 0.000, -454.994, 250.000, 0.000, 2.350, 0, 0 
154243, 609578702, 0.467, 0.000, -454.981, 250.000, 0.000, 2.350, 0, 0 
154243, 611129937, 0.468, 0.000, -454.981, 250.000, 0.000, 2.350, 0, 0 
154243, 612644046, 0.468, 0.000, -454.967, 250.000, 0.000, 2.350, 0, 0 
154243, 614158547, 0.469, 0.000, -454.981, 250.000, 0.000, 2.350, 0, 0 
154243, 615684565, 0.469, 0.000, -454.967, 250.000, 0.000, 2.350, 0, 0 
154243, 617201713, 0.469, 0.000, -454.981, 250.000, 0.000, 2.350, 0, 0 
154243, 618813037, 0.470, 0.000, -454.967, 250.000, 0.000, 2.350, 0, 0 
154243, 620401341, 0.470, 0.000, -454.994, 250.000, 0.000, 2.350, 0, 0 
154243, 621988471, 0.471, 0.000, -454.967, 250.000, 0.000, 2.350, 0, 0 
154243, 623573068, 0.471, 0.000, -454.981, 250.000, 0.000, 2.350, 0, 0 
154243, 625157232, 0.473, 0.000, -454.994, 250.000, 0.000, 2.350, 0, 0 
154243, 626782293, 0.473, 0.000, -454.981, 250.000, 0.000, 2.350, 0, 0 
154243, 628302187, 0.473, 0.000, -454.981, 250.000, 0.000, 2.350, 0, 0 
154243, 629819714, 0.474, 0.000, -454.981, 250.000, 0.000, 2.350, 0, 0 
154243, 631403855, 0.474, 0.000, -454.994, 250.000, 0.000, 2.350, 0, 0 
154243, 632930954, 0.475, 0.000, -454.981, 250.000, 0.000, 2.350, 0, 0 
154243, 634453809, 0.475, 0.000, -454.967, 250.000, 0.000, 2.350, 0, 0 
154243, 636132496, 0.476, 0.000, -454.981, 250.000, 0.000, 2.350, 0, 0 
154243, 637646620, 0.476, 0.000, -454.981, 250.000, 0.000, 2.350, 0, 0 
154243, 639204657, 0.476, 0.000, -454.981, 250.000, 0.000, 2.350, 0, 0 
154243, 640725782, 0.477, 0.000, -454.981, 250.000, 0.000, 2.350, 0, 0 
154243, 642361414, 0.477, 0.000, -454.981, 250.000, 0.000, 2.350, 0, 0 
154243, 643876210, 0.478, 0.000, -454.981, 250.000, 0.000, 2.350, 0, 0 
154243, 645435407, 0.478, 0.000, -454.981, 250.000, 0.000, 2.350, 0, 0 
154243, 647002501, 0.478, 0.000, -454.981, 250.000, 0.000, 2.350, 0, 0 
154243, 648529726, 0.478, 0.000, -454.994, 250.000, 0.000, 2.350, 0, 0 
154243, 650046351, 0.478, 0.000, -454.967, 250.000, 0.000, 2.350, 0, 0 
154243, 651573328, 0.480, 0.000, -454.994, 250.000, 0.000, 2.350, 0, 0 
154243, 653090331, 0.481, 0.000, -454.967, 250.000, 0.000, 2.350, 0, 0 
154243, 654669908, 0.481, 0.000, -454.981, 250.000, 0.000, 2.350, 0, 0 
154243, 656183032, 0.482, 0.000, -454.981, 250.000, 0.000, 2.350, 0, 0 
154243, 657737718, 0.482, 0.000, -454.981, 250.000, 0.000, 2.350, 0, 0 
154243, 659253289, 0.483, 0.000, -454.981, 250.000, 0.000, 2.350, 0, 0 
154243, 660767070, 0.483, 0.000, -454.981, 250.000, 0.000, 2.350, 0, 0 
154243, 662280300, 0.483, 0.000, -454.967, 250.000, 0.000, 2.350, 0, 0 
154243, 663797256, 0.484, 0.000, -454.981, 250.000, 0.000, 2.350, 0, 0 
154243, 665310021, 0.485, 0.000, -454.981, 250.000, 0.000, 2.350, 0, 0 
154243, 666824579, 0.485, 0.000, -454.967, 250.000, 0.000, 2.350, 0, 0 
154243, 668387647, 0.486, 0.000, -454.967, 250.000, 0.000, 2.350, 0, 0 
154243, 669949819, 0.486, 0.000, -454.981, 250.000, 0.000, 2.350, 0, 0 
154243, 671529991, 0.488, 0.000, -454.981, 250.000, 0.000, 2.350, 0, 0 
154243, 673185246, 0.488, 0.000, -454.981, 250.000, 0.000, 2.350, 0, 0 
154243, 674700423, 0.489, 0.000, -454.967, 250.000, 0.000, 2.350, 0, 0 
154243, 676217116, 0.489, 0.000, -454.981, 250.000, 0.000, 2.350, 0, 0 
154243, 677732715, 0.489, 0.000, -454.981, 250.000, 0.000, 2.350, 0, 0 
154243, 679251977, 0.490, 0.000, -454.994, 250.000, 0.000, 2.350, 0, 0 
154243, 680887237, 0.490, 0.000, -454.967, 250.000, 0.000, 2.350, 0, 0 
154243, 682455829, 0.490, 0.000, -454.981, 250.000, 0.000, 2.350, 0, 0 
154243, 683991930, 0.490, 0.000, -454.967, 250.000, 0.000, 2.350, 0, 0 
154243, 685505154, 0.491, 0.000, -454.981, 250.000, 0.000, 2.350, 0, 0 
154243, 687019790, 0.491, 0.000, -454.967, 250.000, 0.000, 2.350, 0, 0 
154243, 688654389, 0.492, 0.000, -454.981, 250.000, 0.000, 2.350, 0, 0 
154243, 690175149, 0.492, 0.000, -454.967, 250.000, 0.000, 2.350, 0, 0 
154243, 691690480, 0.492, 0.000, -454.981, 250.000, 0.000, 2.350, 0, 0 
154243, 693204762, 0.493, 0.000, -454.981, 250.000, 0.000, 2.350, 0, 0 
154243, 694719081, 0.493, 0.000, -454.981, 250.000, 0.000, 2.350, 0, 0 
154243, 696237113, 0.494, 0.000, -454.981, 250.000, 0.000, 2.350, 0, 0 
154243, 697821007, 0.494, 0.000, -454.981, 250.000, 0.000, 2.350, 0, 0 
154243, 699405732, 0.496, 0.000, -454.981, 250.000, 0.000, 2.350, 0, 0 
154243, 700990357, 0.496, 0.000, -454.981, 250.000, 0.000, 2.350, 0, 0 
154243, 702574394, 0.497, 0.000, -454.981, 250.000, 0.000, 2.350, 0, 0 
154243, 704197795, 0.497, 0.000, -454.994, 250.000, 0.000, 2.350, 0, 0 
154243, 705783977, 0.498, 0.000, -454.981, 250.000, 0.000, 2.350, 0, 0 
154243, 707349607, 0.498, 0.000, -454.967, 250.000, 0.000, 2.350, 0, 0 
154243, 708917247, 0.499, 0.000, -454.981, 250.000, 0.000, 2.350, 0, 0 
154243, 710443457, 0.499, 0.000, -454.981, 250.000, 0.000, 2.350, 0, 0 
154243, 712023367, 0.500, 0.000, -454.994, 250.000, 0.000, 2.350, 0, 0 
154243, 713591076, 0.500, 0.000, -454.981, 250.000, 0.000, 2.350, 0, 0 
154243, 715110202, 0.501, 0.000, -454.981, 250.000, 0.000, 2.350, 0, 0 
154243, 716628882, 0.501, 0.000, -454.981, 250.000, 0.000, 2.350, 0, 0 
154243, 718145780, 0.501, 0.000, -454.967, 250.000, 0.000, 2.350, 0, 0 
154243, 719763550, 0.503, 0.000, -454.981, 250.000, 0.000, 2.350, 0, 0 
154243, 721278011, 0.504, 0.000, -454.994, 250.000, 0.000, 2.350, 0, 0 
154243, 722857822, 0.504, 0.000, -454.981, 250.000, 0.000, 2.350, 0, 0 
154243, 724423289, 0.505, 0.000, -454.981, 250.000, 0.000, 2.350, 0, 0 
154243, 725999731, 0.505, 0.000, -454.967, 250.000, 0.000, 2.350, 0, 0 
154243, 727579232, 0.506, 0.000, -454.994, 250.000, 0.000, 2.350, 0, 0 
154243, 729158341, 0.506, 0.000, -454.981, 250.000, 0.000, 2.350, 0, 0 
154243, 730761603, 0.507, 0.000, -454.967, 250.000, 0.000, 2.350, 0, 0 
154243, 732349311, 0.507, 0.000, -454.981, 250.000, 0.000, 2.350, 0, 0 
154243, 733934326, 0.508, 0.000, -454.981, 250.000, 0.000, 2.350, 0, 0 
154243, 735565888, 0.508, 0.000, -454.994, 250.000, 0.000, 2.350, 0, 0 
154243, 737149390, 0.508, 0.000, -454.981, 250.000, 0.000, 2.350, 0, 0 
154243, 738732759, 0.508, 0.000, -454.994, 250.000, 0.000, 2.350, 0, 0 
154243, 740252901, 0.508, 0.000, -454.967, 250.000, 0.000, 2.350, 0, 0 
154243, 741772724, 0.508, 0.000, -454.994, 250.000, 0.000, 2.350, 0, 0 
154243, 743296962, 0.509, 0.000, -454.953, 250.000, 0.000, 2.350, 0, 0 
154243, 744862978, 0.509, 0.000, -454.981, 250.000, 0.000, 2.350, 0, 0 
154243, 746376149, 0.511, 0.000, -454.994, 250.000, 0.000, 2.350, 0, 0 
154243, 747888790, 0.511, 0.000, -454.981, 250.000, 0.000, 2.350, 0, 0 
154243, 749401228, 0.511, 0.000, -454.994, 250.000, 0.000, 2.350, 0, 0 
154243, 750962066, 0.511, 0.000, -454.981, 250.000, 0.000, 2.350, 0, 0 
154243, 752487092, 0.512, 0.000, -454.981, 250.000, 0.000, 2.350, 0, 0 
154243, 754013592, 0.512, 0.000, -454.981, 250.000, 0.000, 2.350, 0, 0 
154243, 755534081, 0.513, 0.000, -454.994, 250.000, 0.000, 2.350, 0, 0 
154243, 757077070, 0.513, 0.000, -454.994, 250.000, 0.000, 2.350, 0, 0 
154243, 758628051, 0.514, 0.000, -454.981, 250.000, 0.000, 2.350, 0, 0 
154243, 760211832, 0.514, 0.000, -454.981, 250.000, 0.000, 2.350, 0, 0 
154243, 761791682, 0.514, 0.000, -454.994, 250.000, 0.000, 2.350, 0, 0 
154243, 763314421, 0.515, 0.000, -454.967, 250.000, 0.000, 2.350, 0, 0 
154243, 764892979, 0.515, 0.000, -454.981, 250.000, 0.000, 2.350, 0, 0 
