Thu Nov 29 11:14:16 2018
Controller Frequency: 1.50 kHz
Time(s), Time(ns), x, v, f, xdes, vdes, cmd, LSB, LSF
152397, 662669264, 0.000, 0.000, -454.994, 250.000, 0.000, 2.350, 0, 0 
152397, 664184849, 0.000, 0.000, -454.967, 250.000, 0.000, 2.350, 0, 0 
152397, 665778599, 0.000, 0.000, -454.967, 250.000, 0.000, 2.350, 0, 0 
152397, 667352359, 0.000, 0.000, -454.967, 250.000, 0.000, 2.350, 0, 0 
152397, 668931291, 0.000, 0.000, -454.981, 250.000, 0.000, 2.350, 0, 0 
152397, 670495726, 0.000, 0.000, -454.967, 250.000, 0.000, 2.350, 0, 0 
152397, 672022814, 0.000, 0.000, -454.994, 250.000, 0.000, 2.350, 0, 0 
152397, 673590544, 0.000, 0.000, -454.967, 250.000, 0.000, 2.350, 0, 0 
152397, 675169573, 0.000, 0.000, -454.981, 250.000, 0.000, 2.350, 0, 0 
152397, 676768376, 0.000, 0.000, -454.981, 250.000, 0.000, 2.350, 0, 0 
152397, 678426010, 0.000, 0.000, -454.994, 250.000, 0.000, 2.350, 0, 0 
152397, 679975749, 0.000, 0.000, -454.981, 250.000, 0.000, 2.350, 0, 0 
152397, 681548271, 0.000, 0.000, -454.981, 250.000, 0.000, 2.350, 0, 0 
152397, 683118276, 0.000, 0.000, -454.967, 250.000, 0.000, 2.350, 0, 0 
152397, 684638931, 0.000, 0.000, -454.994, 250.000, 0.000, 2.350, 0, 0 
152397, 686210323, 0.000, 0.000, -454.981, 250.000, 0.000, 2.350, 0, 0 
152397, 687786281, 0.000, 0.000, -454.967, 250.000, 0.000, 2.350, 0, 0 
152397, 689371847, 0.000, 0.000, -454.981, 250.000, 0.000, 2.350, 0, 0 
152397, 690946702, 0.000, 0.000, -454.994, 250.000, 0.000, 2.350, 0, 0 
152397, 692499778, 0.000, 0.000, -454.967, 250.000, 0.000, 2.350, 0, 0 
152397, 694131264, 0.000, 0.000, -454.981, 250.000, 0.000, 2.350, 0, 0 
152397, 695699224, 0.000, 0.000, -454.953, 250.000, 0.000, 2.350, 0, 0 
152397, 697284509, 0.000, 0.000, -454.967, 250.000, 0.000, 2.350, 0, 0 
152397, 698881764, 0.000, 0.000, -454.994, 250.000, 0.000, 2.350, 0, 0 
152397, 700475189, 0.000, 0.000, -454.981, 250.000, 0.000, 2.350, 0, 0 
152397, 702070861, 0.000, 0.000, -454.967, 250.000, 0.000, 2.350, 0, 0 
152397, 703666782, 0.000, 0.000, -454.981, 250.000, 0.000, 2.350, 0, 0 
152397, 705188893, 0.000, 0.000, -454.967, 250.000, 0.000, 2.350, 0, 0 
152397, 706707177, 0.000, 0.000, -454.967, 250.000, 0.000, 2.350, 0, 0 
152397, 708225757, 0.000, 0.000, -454.981, 250.000, 0.000, 2.350, 0, 0 
152397, 709777850, 0.000, 0.000, -454.994, 250.000, 0.000, 2.350, 0, 0 
152397, 711325594, 0.000, 0.000, -454.981, 250.000, 0.000, 2.350, 0, 0 
152397, 712873047, 0.000, 0.000, -454.981, 250.000, 0.000, 2.350, 0, 0 
152397, 714438977, 0.000, 0.000, -454.994, 250.000, 0.000, 2.350, 0, 0 
152397, 716026940, 0.000, 0.000, -454.981, 250.000, 0.000, 2.350, 0, 0 
152397, 717591219, 0.000, 0.000, -454.967, 250.000, 0.000, 2.350, 0, 0 
152397, 719204545, 0.000, 0.000, -454.981, 250.000, 0.000, 2.350, 0, 0 
152397, 720811433, 0.000, 0.000, -454.981, 250.000, 0.000, 2.350, 0, 0 
152397, 722425216, 0.000, 0.000, -454.981, 250.000, 0.000, 2.350, 0, 0 
152397, 724029808, 0.000, 0.000, -454.967, 250.000, 0.000, 2.350, 0, 0 
152397, 725586634, 0.000, 0.000, -454.981, 250.000, 0.000, 2.350, 0, 0 
152397, 727168500, 0.000, 0.000, -454.981, 250.000, 0.000, 2.350, 0, 0 
152397, 728721402, 0.000, 0.000, -454.994, 250.000, 0.000, 2.350, 0, 0 
152397, 730273111, 0.000, 0.000, -454.981, 250.000, 0.000, 2.350, 0, 0 
152397, 731865356, 0.000, 0.000, -454.981, 250.000, 0.000, 2.350, 0, 0 
152397, 733465684, 0.000, 0.000, -454.994, 250.000, 0.000, 2.350, 0, 0 
152397, 735078356, 0.000, 0.000, -454.967, 250.000, 0.000, 2.350, 0, 0 
152397, 736683685, 0.000, 0.000, -454.967, 250.000, 0.000, 2.350, 0, 0 
152397, 738294568, 0.000, 0.000, -454.981, 250.000, 0.000, 2.350, 0, 0 
152397, 739901470, 0.000, 0.000, -454.994, 250.000, 0.000, 2.350, 0, 0 
152397, 741539235, 0.000, 0.000, -454.981, 250.000, 0.000, 2.350, 0, 0 
152397, 743056056, 0.000, 0.000, -454.994, 250.000, 0.000, 2.350, 0, 0 
152397, 744638689, 0.000, 0.000, -454.967, 250.000, 0.000, 2.350, 0, 0 
152397, 746152925, 0.000, 0.000, -454.994, 250.000, 0.000, 2.350, 0, 0 
152397, 747743132, 0.000, 0.000, -454.967, 250.000, 0.000, 2.350, 0, 0 
152397, 749331220, 0.000, 0.000, -454.981, 250.000, 0.000, 2.350, 0, 0 
152397, 750847481, 0.000, 0.000, -454.967, 250.000, 0.000, 2.350, 0, 0 
152397, 752392857, 0.000, 0.000, -454.981, 250.000, 0.000, 2.350, 0, 0 
152397, 753938986, 0.000, 0.000, -454.981, 250.000, 0.000, 2.350, 0, 0 
152397, 755498248, 0.000, 0.000, -454.967, 250.000, 0.000, 2.350, 0, 0 
152397, 757060643, 0.000, 0.000, -454.981, 250.000, 0.000, 2.350, 0, 0 
152397, 758575492, 0.000, 0.000, -454.967, 250.000, 0.000, 2.350, 0, 0 
152397, 760094867, 0.000, 0.000, -454.994, 250.000, 0.000, 2.350, 0, 0 
152397, 761622963, 0.000, 0.000, -454.981, 250.000, 0.000, 2.350, 0, 0 
152397, 763134548, 0.000, 0.000, -454.994, 250.000, 0.000, 2.350, 0, 0 
152397, 764728660, 0.000, 0.000, -454.981, 250.000, 0.000, 2.350, 0, 0 
152397, 766242929, 0.000, 0.000, -454.994, 250.000, 0.000, 2.350, 0, 0 
152397, 767755927, 0.000, 0.000, -454.967, 250.000, 0.000, 2.350, 0, 0 
152397, 769271081, 0.000, 0.000, -454.981, 250.000, 0.000, 2.350, 0, 0 
152397, 770785195, 0.000, 0.000, -454.981, 250.000, 0.000, 2.350, 0, 0 
152397, 772329610, 0.000, 0.000, -454.981, 250.000, 0.000, 2.350, 0, 0 
152397, 773888644, 0.000, 0.000, -454.967, 250.000, 0.000, 2.350, 0, 0 
152397, 775472894, 0.000, 0.000, -454.981, 250.000, 0.000, 2.350, 0, 0 
152397, 776990263, 0.000, 0.000, -454.967, 250.000, 0.000, 2.350, 0, 0 
152397, 778573487, 0.000, 0.000, -454.981, 250.000, 0.000, 2.350, 0, 0 
152397, 780138046, 0.000, 0.000, -454.981, 250.000, 0.000, 2.350, 0, 0 
152397, 781741032, 0.000, 0.000, -454.967, 250.000, 0.000, 2.350, 0, 0 
152397, 783347685, 0.000, 0.000, -454.981, 250.000, 0.000, 2.350, 0, 0 
152397, 784956639, 0.000, 0.000, -454.981, 250.000, 0.000, 2.350, 0, 0 
152397, 786518934, 0.000, 0.000, -454.967, 250.000, 0.000, 2.350, 0, 0 
152397, 788161555, 0.000, 0.000, -454.994, 250.000, 0.000, 2.350, 0, 0 
152397, 789760878, 0.000, 0.000, -454.981, 250.000, 0.000, 2.350, 0, 0 
152397, 791285290, 0.000, 0.000, -454.981, 250.000, 0.000, 2.350, 0, 0 
152397, 792802153, 0.000, 0.000, -454.981, 250.000, 0.000, 2.350, 0, 0 
152397, 794380624, 0.000, 0.000, -454.981, 250.000, 0.000, 2.350, 0, 0 
152397, 795898499, 0.000, 0.000, -454.981, 250.000, 0.000, 2.350, 0, 0 
152397, 797484566, 0.000, 0.000, -454.981, 250.000, 0.000, 2.350, 0, 0 
152397, 799079341, 0.000, 0.000, -454.981, 250.000, 0.000, 2.350, 0, 0 
152397, 800597145, 0.000, 0.000, -454.967, 250.000, 0.000, 2.350, 0, 0 
152397, 802154865, 0.000, 0.000, -454.967, 250.000, 0.000, 2.350, 0, 0 
152397, 803706030, 0.000, 0.000, -454.967, 250.000, 0.000, 2.350, 0, 0 
152397, 805236385, 0.000, 0.000, -454.967, 250.000, 0.000, 2.350, 0, 0 
152397, 806830040, 0.000, 0.000, -454.981, 250.000, 0.000, 2.350, 0, 0 
152397, 808372477, 0.000, 0.000, -454.981, 250.000, 0.000, 2.350, 0, 0 
152397, 809960021, 0.000, 0.000, -454.994, 250.000, 0.000, 2.350, 0, 0 
152397, 811477786, 0.000, 0.000, -454.967, 250.000, 0.000, 2.350, 0, 0 
152397, 813041108, 0.000, 0.000, -454.981, 250.000, 0.000, 2.350, 0, 0 
152397, 814556902, 0.000, 0.000, -454.994, 250.000, 0.000, 2.350, 0, 0 
152397, 816151776, 0.000, 0.000, -454.981, 250.000, 0.000, 2.350, 0, 0 
152397, 817670059, 0.000, 0.000, -454.994, 250.000, 0.000, 2.350, 0, 0 
152397, 819253611, 0.000, 0.000, -454.981, 250.000, 0.000, 2.350, 0, 0 
152397, 820770257, 0.000, 0.000, -454.967, 250.000, 0.000, 2.350, 0, 0 
152397, 822365714, 0.000, 0.000, -454.981, 250.000, 0.000, 2.350, 0, 0 
152397, 823960881, 0.000, 0.000, -454.967, 250.000, 0.000, 2.350, 0, 0 
152397, 825549161, 0.000, 0.000, -454.981, 250.000, 0.000, 2.350, 0, 0 
152397, 827151043, 0.000, 0.000, -454.981, 250.000, 0.000, 2.350, 0, 0 
152397, 828668633, 0.000, 0.000, -454.981, 250.000, 0.000, 2.350, 0, 0 
152397, 830269778, 0.000, 0.000, -454.967, 250.000, 0.000, 2.350, 0, 0 
152397, 831861214, 0.000, 0.000, -454.981, 250.000, 0.000, 2.350, 0, 0 
152397, 833456041, 0.000, 0.000, -454.994, 250.000, 0.000, 2.350, 0, 0 
152397, 835101283, 0.000, 0.000, -454.981, 250.000, 0.000, 2.350, 0, 0 
152397, 836664230, 0.000, 0.000, -454.981, 250.000, 0.000, 2.350, 0, 0 
152397, 838195476, 0.000, 0.000, -454.981, 250.000, 0.000, 2.350, 0, 0 
152397, 839788838, 0.000, 0.000, -454.981, 250.000, 0.000, 2.350, 0, 0 
152397, 841385146, 0.000, 0.000, -454.981, 250.000, 0.000, 2.350, 0, 0 
152397, 842977773, 0.000, 0.000, -454.981, 250.000, 0.000, 2.350, 0, 0 
152397, 844535982, 0.000, 0.000, -454.981, 250.000, 0.000, 2.350, 0, 0 
152397, 846121881, 0.000, 0.000, -454.981, 250.000, 0.000, 2.350, 0, 0 
152397, 847715495, 0.000, 0.000, -454.981, 250.000, 0.000, 2.350, 0, 0 
152397, 849232940, 0.000, 0.000, -454.981, 250.000, 0.000, 2.350, 0, 0 
152397, 850850341, 0.000, 0.000, -454.981, 250.000, 0.000, 2.350, 0, 0 
152397, 852370091, 0.000, 0.000, -454.967, 250.000, 0.000, 2.350, 0, 0 
152397, 853886444, 0.000, 0.000, -454.981, 250.000, 0.000, 2.350, 0, 0 
152397, 855400986, 0.000, 0.000, -454.981, 250.000, 0.000, 2.350, 0, 0 
152397, 856915732, 0.000, 0.000, -454.994, 250.000, 0.000, 2.350, 0, 0 
152397, 858430179, 0.000, 0.000, -454.967, 250.000, 0.000, 2.350, 0, 0 
152397, 860027227, 0.000, 0.000, -454.981, 250.000, 0.000, 2.350, 0, 0 
152397, 861610659, 0.000, 0.000, -454.981, 250.000, 0.000, 2.350, 0, 0 
152397, 863210242, 0.000, 0.000, -454.981, 250.000, 0.000, 2.350, 0, 0 
152397, 864726611, 0.000, 0.000, -454.967, 250.000, 0.000, 2.350, 0, 0 
152397, 866274133, 0.000, 0.000, -454.981, 250.000, 0.000, 2.350, 0, 0 
152397, 867805904, 0.000, 0.000, -454.981, 250.000, 0.000, 2.350, 0, 0 
152397, 869399393, 0.000, 0.000, -454.981, 250.000, 0.000, 2.350, 0, 0 
152397, 871002664, 0.000, 0.000, -454.967, 250.000, 0.000, 2.350, 0, 0 
152397, 872517204, 0.000, 0.000, -454.981, 250.000, 0.000, 2.350, 0, 0 
152397, 874055679, 0.000, 0.000, -454.981, 250.000, 0.000, 2.350, 0, 0 
152397, 875584459, 0.000, 0.000, -454.981, 250.000, 0.000, 2.350, 0, 0 
152397, 877166732, 0.000, 0.000, -454.967, 250.000, 0.000, 2.350, 0, 0 
152397, 878679869, 0.000, 0.000, -454.967, 250.000, 0.000, 2.350, 0, 0 
152397, 880221584, 0.000, 0.000, -454.967, 250.000, 0.000, 2.350, 0, 0 
152397, 881848199, 0.000, 0.000, -454.967, 250.000, 0.000, 2.350, 0, 0 
152397, 883360959, 0.000, 0.000, -454.981, 250.000, 0.000, 2.350, 0, 0 
152397, 884892925, 0.000, 0.000, -454.981, 250.000, 0.000, 2.350, 0, 0 
152397, 886404736, 0.000, 0.000, -454.994, 250.000, 0.000, 2.350, 0, 0 
152397, 887946321, 0.000, 0.000, -454.967, 250.000, 0.000, 2.350, 0, 0 
152397, 889459756, 0.000, 0.000, -454.981, 250.000, 0.000, 2.350, 0, 0 
152397, 890971908, 0.000, 0.000, -454.981, 250.000, 0.000, 2.350, 0, 0 
152397, 892487606, 0.000, 0.000, -454.967, 250.000, 0.000, 2.350, 0, 0 
152397, 894003062, 0.000, 0.000, -454.981, 250.000, 0.000, 2.350, 0, 0 
152397, 895515731, 0.000, 0.000, -454.981, 250.000, 0.000, 2.350, 0, 0 
152397, 897085923, 0.000, 0.000, -454.981, 250.000, 0.000, 2.350, 0, 0 
152397, 898601536, 0.000, 0.000, -454.981, 250.000, 0.000, 2.350, 0, 0 
152397, 900117488, 0.000, 0.000, -454.981, 250.000, 0.000, 2.350, 0, 0 
152397, 901675140, 0.000, 0.000, -454.981, 250.000, 0.000, 2.350, 0, 0 
152397, 903225057, 0.000, 0.000, -454.981, 250.000, 0.000, 2.350, 0, 0 
152397, 904766968, 0.000, 0.000, -454.994, 250.000, 0.000, 2.350, 0, 0 
152397, 906282894, 0.000, 0.000, -454.981, 250.000, 0.000, 2.350, 0, 0 
152397, 907797596, 0.000, 0.000, -454.981, 250.000, 0.000, 2.350, 0, 0 
152397, 909313260, 0.000, 0.000, -454.981, 250.000, 0.000, 2.350, 0, 0 
152397, 910828866, 0.000, 0.000, -454.981, 250.000, 0.000, 2.350, 0, 0 
152397, 912384093, 0.000, 0.000, -454.981, 250.000, 0.000, 2.350, 0, 0 
152397, 913900337, 0.000, 0.000, -454.967, 250.000, 0.000, 2.350, 0, 0 
152397, 915438694, 0.000, 0.000, -454.981, 250.000, 0.000, 2.350, 0, 0 
152397, 916974004, 0.000, 0.000, -454.981, 250.000, 0.000, 2.350, 0, 0 
152397, 918511466, 0.000, 0.000, -454.967, 250.000, 0.000, 2.350, 0, 0 
152397, 920038719, 0.000, 0.000, -454.981, 250.000, 0.000, 2.350, 0, 0 
152397, 921576254, 0.000, 0.000, -454.967, 250.000, 0.000, 2.350, 0, 0 
152397, 923170664, 0.000, 0.000, -454.981, 250.000, 0.000, 2.350, 0, 0 
152397, 924770766, 0.000, 0.000, -454.981, 250.000, 0.000, 2.350, 0, 0 
152397, 926368262, 0.000, 0.000, -454.981, 250.000, 0.000, 2.350, 0, 0 
152397, 927985431, 0.000, 0.000, -454.981, 250.000, 0.000, 2.350, 0, 0 
152397, 929491365, 0.000, 0.000, -454.981, 250.000, 0.000, 2.350, 0, 0 
152397, 931082772, 0.000, 0.000, -454.981, 250.000, 0.000, 2.350, 0, 0 
152397, 932616593, 0.000, 0.000, -454.981, 250.000, 0.000, 2.350, 0, 0 
152397, 934146993, 0.000, 0.000, -454.981, 250.000, 0.000, 2.350, 0, 0 
152397, 935676448, 0.000, 0.000, -454.981, 250.000, 0.000, 2.350, 0, 0 
152397, 937274079, 0.000, 0.000, -454.994, 250.000, 0.000, 2.350, 0, 0 
152397, 938871914, 0.000, 0.000, -454.994, 250.000, 0.000, 2.350, 0, 0 
152397, 940463970, 0.000, 0.000, -454.981, 250.000, 0.000, 2.350, 0, 0 
152397, 942062993, 0.000, 0.000, -454.994, 250.000, 0.000, 2.350, 0, 0 
152397, 943671051, 0.000, 0.000, -454.981, 250.000, 0.000, 2.350, 0, 0 
152397, 945261932, 0.000, 0.000, -454.981, 250.000, 0.000, 2.350, 0, 0 
152397, 946849016, 0.000, 0.000, -454.981, 250.000, 0.000, 2.350, 0, 0 
152397, 948427805, 0.000, 0.000, -454.981, 250.000, 0.000, 2.350, 0, 0 
152397, 950027153, 0.000, 0.000, -454.967, 250.000, 0.000, 2.350, 0, 0 
152397, 951620478, 0.000, 0.000, -454.981, 250.000, 0.000, 2.350, 0, 0 
152397, 953221265, 0.000, 0.000, -454.981, 250.000, 0.000, 2.350, 0, 0 
152397, 954817478, 0.000, 0.000, -454.981, 250.000, 0.000, 2.350, 0, 0 
152397, 956327204, 0.000, 0.000, -454.967, 250.000, 0.000, 2.350, 0, 0 
152397, 957922925, 0.000, 0.000, -454.981, 250.000, 0.000, 2.350, 0, 0 
152397, 959528783, 0.000, 0.000, -454.967, 250.000, 0.000, 2.350, 0, 0 
152397, 961062324, 0.000, 0.000, -454.981, 250.000, 0.000, 2.350, 0, 0 
152397, 962593044, 0.000, 0.000, -454.981, 250.000, 0.000, 2.350, 0, 0 
152397, 964101512, 0.000, 0.000, -454.967, 250.000, 0.000, 2.350, 0, 0 
152397, 965687762, 0.000, 0.000, -454.994, 250.000, 0.000, 2.350, 0, 0 
152397, 967275970, 0.000, 0.000, -454.967, 250.000, 0.000, 2.350, 0, 0 
152397, 968785559, 0.000, 0.000, -454.981, 250.000, 0.000, 2.350, 0, 0 
152397, 970374066, 0.000, 0.000, -454.967, 250.000, 0.000, 2.350, 0, 0 
152397, 971958812, 0.000, 0.000, -454.981, 250.000, 0.000, 2.350, 0, 0 
152397, 973472170, 0.000, 0.000, -454.967, 250.000, 0.000, 2.350, 0, 0 
152397, 975026658, 0.000, 0.000, -454.967, 250.000, 0.000, 2.350, 0, 0 
152397, 976541362, 0.000, 0.000, -454.981, 250.000, 0.000, 2.350, 0, 0 
152397, 978085920, 0.000, 0.000, -454.967, 250.000, 0.000, 2.350, 0, 0 
152397, 979616070, 0.000, 0.000, -454.981, 250.000, 0.000, 2.350, 0, 0 
152397, 981129679, 0.000, 0.000, -454.981, 250.000, 0.000, 2.350, 0, 0 
152397, 982717731, 0.000, 0.000, -454.981, 250.000, 0.000, 2.350, 0, 0 
152397, 984231491, 0.000, 0.000, -454.967, 250.000, 0.000, 2.350, 0, 0 
152397, 985813295, 0.000, 0.000, -454.994, 250.000, 0.000, 2.350, 0, 0 
152397, 987381976, 0.000, 0.000, -454.981, 250.000, 0.000, 2.350, 0, 0 
152397, 988975242, 0.000, 0.000, -454.967, 250.000, 0.000, 2.350, 0, 0 
152397, 990574955, 0.000, 0.000, -454.981, 250.000, 0.000, 2.350, 0, 0 
152397, 992140451, 0.000, 0.000, -454.967, 250.000, 0.000, 2.350, 0, 0 
152397, 993746800, 0.000, 0.000, -454.967, 250.000, 0.000, 2.350, 0, 0 
152397, 995293692, 0.000, 0.000, -454.967, 250.000, 0.000, 2.350, 0, 0 
152397, 996811587, 0.000, 0.000, -454.967, 250.000, 0.000, 2.350, 0, 0 
152397, 998367315, 0.000, 0.000, -454.981, 250.000, 0.000, 2.350, 0, 0 
152397, 999931524, 0.000, 0.000, -454.981, 250.000, 0.000, 2.350, 0, 0 
152398, 1525847, 0.000, 0.000, -454.981, 250.000, 0.000, 2.350, 0, 0 
152398, 3044411, 0.000, 0.000, -454.967, 250.000, 0.000, 2.350, 0, 0 
152398, 4624036, 0.000, 0.000, -454.967, 250.000, 0.000, 2.350, 0, 0 
152398, 6241737, 0.000, 0.000, -454.981, 250.000, 0.000, 2.350, 0, 0 
152398, 7771953, 0.000, 0.000, -454.981, 250.000, 0.000, 2.350, 0, 0 
152398, 9291154, 0.000, 0.000, -454.967, 250.000, 0.000, 2.350, 0, 0 
152398, 10877232, 0.000, 0.000, -454.981, 250.000, 0.000, 2.350, 0, 0 
152398, 12466774, 0.000, 0.000, -454.967, 250.000, 0.000, 2.350, 0, 0 
152398, 14064675, 0.000, 0.000, -454.981, 250.000, 0.000, 2.350, 0, 0 
152398, 15628925, 0.000, 0.000, -454.981, 250.000, 0.000, 2.350, 0, 0 
152398, 17200265, 0.000, 0.000, -454.967, 250.000, 0.000, 2.350, 0, 0 
152398, 18796696, 0.000, 0.000, -454.981, 250.000, 0.000, 2.350, 0, 0 
152398, 20400520, 0.000, 0.000, -454.981, 250.000, 0.000, 2.350, 0, 0 
152398, 22046443, 0.000, 0.000, -454.981, 250.000, 0.000, 2.350, 0, 0 
152398, 23629409, 0.000, 0.000, -454.981, 250.000, 0.000, 2.350, 0, 0 
152398, 25219617, 0.000, 0.000, -454.981, 250.000, 0.000, 2.350, 0, 0 
152398, 26806535, 0.000, 0.000, -454.981, 250.000, 0.000, 2.350, 0, 0 
152398, 28325556, 0.000, 0.000, -454.994, 250.000, 0.000, 2.350, 0, 0 
152398, 29841051, 0.000, 0.000, -454.994, 250.000, 0.000, 2.350, 0, 0 
152398, 31355139, 0.000, 0.000, -454.981, 250.000, 0.000, 2.350, 0, 0 
152398, 32886224, 0.000, 0.000, -454.994, 250.000, 0.000, 2.350, 0, 0 
152398, 34438659, 0.000, 0.000, -454.981, 250.000, 0.000, 2.350, 0, 0 
152398, 35952701, 0.000, 0.000, -454.981, 250.000, 0.000, 2.350, 0, 0 
152398, 37490393, 0.000, 0.000, -454.981, 250.000, 0.000, 2.350, 0, 0 
152398, 39004862, 0.000, 0.000, -454.967, 250.000, 0.000, 2.350, 0, 0 
152398, 40518818, 0.000, 0.000, -454.981, 250.000, 0.000, 2.350, 0, 0 
152398, 42102967, 0.000, 0.000, -454.967, 250.000, 0.000, 2.350, 0, 0 
152398, 43701556, 0.000, 0.000, -454.967, 250.000, 0.000, 2.350, 0, 0 
152398, 45219676, 0.000, 0.000, -454.967, 250.000, 0.000, 2.350, 0, 0 
152398, 46815407, 0.000, 0.000, -454.981, 250.000, 0.000, 2.350, 0, 0 
152398, 48329858, 0.000, 0.000, -454.981, 250.000, 0.000, 2.350, 0, 0 
152398, 49917610, 0.000, 0.000, -454.967, 250.000, 0.000, 2.350, 0, 0 
152398, 51430782, 0.000, 0.000, -454.967, 250.000, 0.000, 2.350, 0, 0 
152398, 52987160, 0.000, 0.000, -454.981, 250.000, 0.000, 2.350, 0, 0 
152398, 54501233, 0.000, 0.000, -454.981, 250.000, 0.000, 2.350, 0, 0 
152398, 56048088, 0.000, 0.000, -454.981, 250.000, 0.000, 2.350, 0, 0 
152398, 57590222, 0.000, 0.000, -454.981, 250.000, 0.000, 2.350, 0, 0 
152398, 59132943, 0.000, 0.000, -454.981, 250.000, 0.000, 2.350, 0, 0 
152398, 60648715, 0.000, 0.000, -454.981, 250.000, 0.000, 2.350, 0, 0 
152398, 62227774, 0.000, 0.000, -454.981, 250.000, 0.000, 2.350, 0, 0 
152398, 63761801, 0.000, 0.000, -454.967, 250.000, 0.000, 2.350, 0, 0 
152398, 65350621, 0.000, 0.000, -454.967, 250.000, 0.000, 2.350, 0, 0 
152398, 66940395, 0.000, 0.000, -454.967, 250.000, 0.000, 2.350, 0, 0 
152398, 68558399, 0.000, 0.000, -454.981, 250.000, 0.000, 2.350, 0, 0 
152398, 70072369, 0.000, 0.000, -454.981, 250.000, 0.000, 2.350, 0, 0 
152398, 71586264, 0.000, 0.000, -454.994, 250.000, 0.000, 2.350, 0, 0 
152398, 73100978, 0.000, 0.000, -454.967, 250.000, 0.000, 2.350, 0, 0 
152398, 74683077, 0.000, 0.000, -454.981, 250.000, 0.000, 2.350, 0, 0 
152398, 76276115, 0.000, 0.000, -454.981, 250.000, 0.000, 2.350, 0, 0 
152398, 77840970, 0.000, 0.000, -454.967, 250.000, 0.000, 2.350, 0, 0 
152398, 79361236, 0.000, 0.000, -454.994, 250.000, 0.000, 2.350, 0, 0 
152398, 80938282, 0.000, 0.000, -454.967, 250.000, 0.000, 2.350, 0, 0 
152398, 82452478, 0.000, 0.000, -454.967, 250.000, 0.000, 2.350, 0, 0 
152398, 84038672, 0.000, 0.000, -454.967, 250.000, 0.000, 2.350, 0, 0 
152398, 85553584, 0.000, 0.000, -454.981, 250.000, 0.000, 2.350, 0, 0 
152398, 87088830, 0.000, 0.000, -454.981, 250.000, 0.000, 2.350, 0, 0 
152398, 88681593, 0.000, 0.000, -454.994, 250.000, 0.000, 2.350, 0, 0 
152398, 90206298, 0.000, 0.000, -454.981, 250.000, 0.000, 2.350, 0, 0 
152398, 91720979, 0.000, 0.000, -454.967, 250.000, 0.000, 2.350, 0, 0 
152398, 93234897, 0.000, 0.000, -454.994, 250.000, 0.000, 2.350, 0, 0 
152398, 94749106, 0.000, 0.000, -454.994, 250.000, 0.000, 2.350, 0, 0 
152398, 96265369, 0.000, 0.000, -454.981, 250.000, 0.000, 2.350, 0, 0 
152398, 97809506, 0.000, 0.000, -454.967, 250.000, 0.000, 2.350, 0, 0 
152398, 99361782, 0.000, 0.000, -454.981, 250.000, 0.000, 2.350, 0, 0 
152398, 100875093, 0.000, 0.000, -454.981, 250.000, 0.000, 2.350, 0, 0 
152398, 102451377, 0.000, 0.000, -454.981, 250.000, 0.000, 2.350, 0, 0 
152398, 104033846, 0.000, 0.000, -454.994, 250.000, 0.000, 2.350, 0, 0 
152398, 105615573, 0.000, 0.000, -454.967, 250.000, 0.000, 2.350, 0, 0 
152398, 107196403, 0.000, 0.000, -454.967, 250.000, 0.000, 2.350, 0, 0 
152398, 108777647, 0.000, 0.000, -454.981, 250.000, 0.000, 2.350, 0, 0 
152398, 110371631, 0.000, 0.000, -454.981, 250.000, 0.000, 2.350, 0, 0 
152398, 111888327, 0.000, 0.000, -454.967, 250.000, 0.000, 2.350, 0, 0 
152398, 113472292, 0.000, 0.000, -454.981, 250.000, 0.000, 2.350, 0, 0 
152398, 115027715, 0.000, 0.000, -454.981, 250.000, 0.000, 2.350, 0, 0 
152398, 116542465, 0.000, 0.000, -454.967, 250.000, 0.000, 2.350, 0, 0 
152398, 118055153, 0.000, 0.000, -454.967, 250.000, 0.000, 2.350, 0, 0 
152398, 119638443, 0.000, 0.000, -454.981, 250.000, 0.000, 2.350, 0, 0 
152398, 121225246, 0.000, 0.000, -454.967, 250.000, 0.000, 2.350, 0, 0 
152398, 122829615, 0.000, 0.000, -454.994, 250.000, 0.000, 2.350, 0, 0 
152398, 124411834, 0.000, 0.000, -454.981, 250.000, 0.000, 2.350, 0, 0 
152398, 125925601, 0.000, 0.000, -454.967, 250.000, 0.000, 2.350, 0, 0 
152398, 127439119, 0.000, 0.000, -454.981, 250.000, 0.000, 2.350, 0, 0 
152398, 128983235, 0.000, 0.000, -454.981, 250.000, 0.000, 2.350, 0, 0 
152398, 130604693, 0.000, 0.000, -454.981, 250.000, 0.000, 2.350, 0, 0 
152398, 132122492, 0.000, 0.000, -454.994, 250.000, 0.000, 2.350, 0, 0 
152398, 133729569, 0.000, 0.000, -454.981, 250.000, 0.000, 2.350, 0, 0 
152398, 135251734, 0.000, 0.000, -454.967, 250.000, 0.000, 2.350, 0, 0 
152398, 136765521, 0.000, 0.000, -454.981, 250.000, 0.000, 2.350, 0, 0 
152398, 138374807, 0.000, 0.000, -454.981, 250.000, 0.000, 2.350, 0, 0 
152398, 139969033, 0.000, 0.000, -454.981, 250.000, 0.000, 2.350, 0, 0 
152398, 141534408, 0.000, 0.000, -454.981, 250.000, 0.000, 2.350, 0, 0 
152398, 143129038, 0.000, 0.000, -454.981, 250.000, 0.000, 2.350, 0, 0 
152398, 144646871, 0.000, 0.000, -454.981, 250.000, 0.000, 2.350, 0, 0 
152398, 146263814, 0.000, 0.000, -454.981, 250.000, 0.000, 2.350, 0, 0 
152398, 147848647, 0.000, 0.000, -454.967, 250.000, 0.000, 2.350, 0, 0 
152398, 149435852, 0.000, 0.000, -454.967, 250.000, 0.000, 2.350, 0, 0 
152398, 150952820, 0.000, 0.000, -454.967, 250.000, 0.000, 2.350, 0, 0 
152398, 152508670, 0.000, 0.000, -454.981, 250.000, 0.000, 2.350, 0, 0 
152398, 154099455, 0.000, 0.000, -454.981, 250.000, 0.000, 2.350, 0, 0 
152398, 155689059, 0.000, 0.000, -454.981, 250.000, 0.000, 2.350, 0, 0 
152398, 157295354, 0.000, 0.000, -454.981, 250.000, 0.000, 2.350, 0, 0 
152398, 158841574, 0.000, 0.000, -454.967, 250.000, 0.000, 2.350, 0, 0 
152398, 160425846, 0.000, 0.000, -454.981, 250.000, 0.000, 2.350, 0, 0 
152398, 161976120, 0.000, 0.000, -454.981, 250.000, 0.000, 2.350, 0, 0 
152398, 163494124, 0.000, 0.000, -454.981, 250.000, 0.000, 2.350, 0, 0 
152398, 165009758, 0.000, 0.000, -454.967, 250.000, 0.000, 2.350, 0, 0 
152398, 166526652, 0.000, 0.000, -454.994, 250.000, 0.000, 2.350, 0, 0 
152398, 168066116, 0.000, 0.000, -454.981, 250.000, 0.000, 2.350, 0, 0 
152398, 169579533, 0.000, 0.000, -454.967, 250.000, 0.000, 2.350, 0, 0 
152398, 171092861, 0.000, 0.000, -454.994, 250.000, 0.000, 2.350, 0, 0 
152398, 172685173, 0.000, 0.000, -454.967, 250.000, 0.000, 2.350, 0, 0 
152398, 174198970, 0.000, 0.000, -454.994, 250.000, 0.000, 2.350, 0, 0 
152398, 175783837, 0.000, 0.000, -454.967, 250.000, 0.000, 2.350, 0, 0 
152398, 177366867, 0.000, 0.000, -454.967, 250.000, 0.000, 2.350, 0, 0 
152398, 178958773, 0.000, 0.000, -454.967, 250.000, 0.000, 2.350, 0, 0 
152398, 180473024, 0.000, 0.000, -454.967, 250.000, 0.000, 2.350, 0, 0 
152398, 182017570, 0.000, 0.000, -454.981, 250.000, 0.000, 2.350, 0, 0 
152398, 183598916, 0.000, 0.000, -454.967, 250.000, 0.000, 2.350, 0, 0 
152398, 185114076, 0.000, 0.000, -454.981, 250.000, 0.000, 2.350, 0, 0 
152398, 186696738, 0.000, 0.000, -454.994, 250.000, 0.000, 2.350, 0, 0 
152398, 188292174, 0.000, 0.000, -454.981, 250.000, 0.000, 2.350, 0, 0 
152398, 189882004, 0.000, 0.000, -454.994, 250.000, 0.000, 2.350, 0, 0 
152398, 191410348, 0.000, 0.000, -454.981, 250.000, 0.000, 2.350, 0, 0 
152398, 192961893, 0.000, 0.000, -454.981, 250.000, 0.000, 2.350, 0, 0 
152398, 194516308, 0.000, 0.000, -454.981, 250.000, 0.000, 2.350, 0, 0 
152398, 196104612, 0.000, 0.000, -454.967, 250.000, 0.000, 2.350, 0, 0 
152398, 197690780, 0.000, 0.000, -454.981, 250.000, 0.000, 2.350, 0, 0 
152398, 199277617, 0.000, 0.000, -454.981, 250.000, 0.000, 2.350, 0, 0 
152398, 200865100, 0.000, 0.000, -454.981, 250.000, 0.000, 2.350, 0, 0 
152398, 202396550, 0.000, 0.000, -454.981, 250.000, 0.000, 2.350, 0, 0 
152398, 203988629, 0.000, 0.000, -454.994, 250.000, 0.000, 2.350, 0, 0 
152398, 205534561, 0.000, 0.000, -454.981, 250.000, 0.000, 2.350, 0, 0 
152398, 207053123, 0.000, 0.000, -454.967, 250.000, 0.000, 2.350, 0, 0 
152398, 208630375, 0.000, 0.000, -454.994, 250.000, 0.000, 2.350, 0, 0 
152398, 210143598, 0.000, 0.000, -454.981, 250.000, 0.000, 2.350, 0, 0 
152398, 211661721, 0.000, 0.000, -454.981, 250.000, 0.000, 2.350, 0, 0 
152398, 213179784, 0.000, 0.000, -454.967, 250.000, 0.000, 2.350, 0, 0 
152398, 214694305, 0.000, 0.000, -454.981, 250.000, 0.000, 2.350, 0, 0 
152398, 216207618, 0.000, 0.000, -454.981, 250.000, 0.000, 2.350, 0, 0 
152398, 217721358, 0.000, 0.000, -454.994, 250.000, 0.000, 2.350, 0, 0 
152398, 219244429, 0.000, 0.000, -454.981, 250.000, 0.000, 2.350, 0, 0 
152398, 220758242, 0.000, 0.000, -454.967, 250.000, 0.000, 2.350, 0, 0 
152398, 222336607, 0.000, 0.000, -454.981, 250.000, 0.000, 2.350, 0, 0 
152398, 223891480, 0.000, 0.000, -454.981, 250.000, 0.000, 2.350, 0, 0 
152398, 225405581, 0.000, 0.000, -454.967, 250.000, 0.000, 2.350, 0, 0 
152398, 226924289, 0.000, 0.000, -454.981, 250.000, 0.000, 2.350, 0, 0 
152398, 228442338, 0.000, 0.000, -454.967, 250.000, 0.000, 2.350, 0, 0 
152398, 230028346, 0.000, 0.000, -454.981, 250.000, 0.000, 2.350, 0, 0 
152398, 231632968, 0.000, 0.000, -454.967, 250.000, 0.000, 2.350, 0, 0 
152398, 233225153, 0.000, 0.000, -454.967, 250.000, 0.000, 2.350, 0, 0 
152398, 234788369, 0.000, 0.000, -454.981, 250.000, 0.000, 2.350, 0, 0 
152398, 236395266, 0.000, 0.000, -454.994, 250.000, 0.000, 2.350, 0, 0 
152398, 238001692, 0.000, 0.000, -454.967, 250.000, 0.000, 2.350, 0, 0 
152398, 239642935, 0.000, 0.000, -454.994, 250.000, 0.000, 2.350, 0, 0 
152398, 241160164, 0.000, 0.000, -454.981, 250.000, 0.000, 2.350, 0, 0 
152398, 242753417, 0.000, 0.000, -454.994, 250.000, 0.000, 2.350, 0, 0 
152398, 244296010, 0.000, 0.000, -454.981, 250.000, 0.000, 2.350, 0, 0 
152398, 245810513, 0.000, 0.000, -454.994, 250.000, 0.000, 2.350, 0, 0 
152398, 247329122, 0.000, 0.000, -454.981, 250.000, 0.000, 2.350, 0, 0 
152398, 248845945, 0.000, 0.000, -454.981, 250.000, 0.000, 2.350, 0, 0 
152398, 250420728, 0.000, 0.000, -454.981, 250.000, 0.000, 2.350, 0, 0 
152398, 252018118, 0.000, 0.000, -454.967, 250.000, 0.000, 2.350, 0, 0 
152398, 253609573, 0.000, 0.000, -454.967, 250.000, 0.000, 2.350, 0, 0 
152398, 255166043, 0.000, 0.000, -454.967, 250.000, 0.000, 2.350, 0, 0 
152398, 256682994, 0.000, 0.000, -454.981, 250.000, 0.000, 2.350, 0, 0 
152398, 258237150, 0.000, 0.000, -454.967, 250.000, 0.000, 2.350, 0, 0 
152398, 259753098, 0.000, 0.000, -454.981, 250.000, 0.000, 2.350, 0, 0 
152398, 261300061, 0.000, 0.000, -454.994, 250.000, 0.000, 2.350, 0, 0 
152398, 262816981, 0.000, 0.000, -454.981, 250.000, 0.000, 2.350, 0, 0 
152398, 264332605, 0.000, 0.000, -454.981, 250.000, 0.000, 2.350, 0, 0 
152398, 265847275, 0.000, 0.000, -454.967, 250.000, 0.000, 2.350, 0, 0 
152398, 267434132, 0.000, 0.000, -454.981, 250.000, 0.000, 2.350, 0, 0 
152398, 268949125, 0.000, 0.000, -454.981, 250.000, 0.000, 2.350, 0, 0 
152398, 270540637, 0.000, 0.000, -454.981, 250.000, 0.000, 2.350, 0, 0 
152398, 272058807, 0.000, 0.000, -454.967, 250.000, 0.000, 2.350, 0, 0 
152398, 273651461, 0.000, 0.000, -454.967, 250.000, 0.000, 2.350, 0, 0 
152398, 275232199, 0.000, 0.000, -454.981, 250.000, 0.000, 2.350, 0, 0 
152398, 276746534, 0.000, 0.000, -454.981, 250.000, 0.000, 2.350, 0, 0 
152398, 278292602, 0.000, 0.000, -454.967, 250.000, 0.000, 2.350, 0, 0 
152398, 279858511, 0.000, 0.000, -454.981, 250.000, 0.000, 2.350, 0, 0 
152398, 281374059, 0.000, 0.000, -454.981, 250.000, 0.000, 2.350, 0, 0 
152398, 282939417, 0.000, 0.000, -454.967, 250.000, 0.000, 2.350, 0, 0 
152398, 284511344, 0.000, 0.000, -454.994, 250.000, 0.000, 2.350, 0, 0 
152398, 286133533, 0.000, 0.000, -454.967, 250.000, 0.000, 2.350, 0, 0 
152398, 287720251, 0.000, 0.000, -454.981, 250.000, 0.000, 2.350, 0, 0 
152398, 289237304, 0.000, 0.000, -454.967, 250.000, 0.000, 2.350, 0, 0 
152398, 290785673, 0.000, 0.000, -454.967, 250.000, 0.000, 2.350, 0, 0 
152398, 292344150, 0.000, 0.000, -454.981, 250.000, 0.000, 2.350, 0, 0 
152398, 293860080, 0.000, 0.000, -454.981, 250.000, 0.000, 2.350, 0, 0 
152398, 295407236, 0.000, 0.000, -454.981, 250.000, 0.000, 2.350, 0, 0 
152398, 296922259, 0.000, 0.000, -454.981, 250.000, 0.000, 2.350, 0, 0 
152398, 298437362, 0.000, 0.000, -454.981, 250.000, 0.000, 2.350, 0, 0 
152398, 300034413, 0.000, 0.000, -454.967, 250.000, 0.000, 2.350, 0, 0 
152398, 301648924, 0.000, 0.000, -454.981, 250.000, 0.000, 2.350, 0, 0 
152398, 303164340, 0.000, 0.000, -454.967, 250.000, 0.000, 2.350, 0, 0 
152398, 304717758, 0.000, 0.000, -454.981, 250.000, 0.000, 2.350, 0, 0 
152398, 306308717, 0.000, 0.000, -454.994, 250.000, 0.000, 2.350, 0, 0 
152398, 307824785, 0.000, 0.000, -454.967, 250.000, 0.000, 2.350, 0, 0 
152398, 309338808, 0.000, 0.000, -454.981, 250.000, 0.000, 2.350, 0, 0 
152398, 310851856, 0.000, 0.000, -454.981, 250.000, 0.000, 2.350, 0, 0 
152398, 312365491, 0.000, 0.000, -454.967, 250.000, 0.000, 2.350, 0, 0 
152398, 313906623, 0.000, 0.000, -454.967, 250.000, 0.000, 2.350, 0, 0 
152398, 315450029, 0.000, 0.000, -454.967, 250.000, 0.000, 2.350, 0, 0 
152398, 317002955, 0.000, 0.000, -454.981, 250.000, 0.000, 2.350, 0, 0 
152398, 318516502, 0.000, 0.000, -454.981, 250.000, 0.000, 2.350, 0, 0 
152398, 320029137, 0.000, 0.000, -454.981, 250.000, 0.000, 2.350, 0, 0 
152398, 321540362, 0.000, 0.000, -454.981, 250.000, 0.000, 2.350, 0, 0 
152398, 323051466, 0.000, 0.000, -454.981, 250.000, 0.000, 2.350, 0, 0 
152398, 324570124, 0.000, 0.000, -454.994, 250.000, 0.000, 2.350, 0, 0 
152398, 326086055, 0.000, 0.000, -454.981, 250.000, 0.000, 2.350, 0, 0 
152398, 327630853, 0.000, 0.000, -454.994, 250.000, 0.000, 2.350, 0, 0 
152398, 329172976, 0.000, 0.000, -454.981, 250.000, 0.000, 2.350, 0, 0 
152398, 330717345, 0.000, 0.000, -454.967, 250.000, 0.000, 2.350, 0, 0 
152398, 332292784, 0.000, 0.000, -454.981, 250.000, 0.000, 2.350, 0, 0 
152398, 333847374, 0.000, 0.000, -454.994, 250.000, 0.000, 2.350, 0, 0 
152398, 335355485, 0.000, 0.000, -454.981, 250.000, 0.000, 2.350, 0, 0 
152398, 336864323, 0.000, 0.000, -454.994, 250.000, 0.000, 2.350, 0, 0 
152398, 338414591, 0.000, 0.000, -454.967, 250.000, 0.000, 2.350, 0, 0 
152398, 339956306, 0.000, 0.000, -454.981, 250.000, 0.000, 2.350, 0, 0 
152398, 341516431, 0.000, 0.000, -454.994, 250.000, 0.000, 2.350, 0, 0 
152398, 343109331, 0.000, 0.000, -454.981, 250.000, 0.000, 2.350, 0, 0 
152398, 344696430, 0.000, 0.000, -454.967, 250.000, 0.000, 2.350, 0, 0 
152398, 346205067, 0.000, 0.000, -454.981, 250.000, 0.000, 2.350, 0, 0 
152398, 347771609, 0.000, 0.000, -454.981, 250.000, 0.000, 2.350, 0, 0 
152398, 349357049, 0.000, 0.000, -454.967, 250.000, 0.000, 2.350, 0, 0 
152398, 350904958, 0.000, 0.000, -454.994, 250.000, 0.000, 2.350, 0, 0 
152398, 352482390, 0.000, 0.000, -454.967, 250.000, 0.000, 2.350, 0, 0 
152398, 353991625, 0.000, 0.000, -455.008, 250.000, 0.000, 2.350, 0, 0 
152398, 355548330, 0.000, 0.000, -454.967, 250.000, 0.000, 2.350, 0, 0 
152398, 357139994, 0.000, 0.000, -454.967, 250.000, 0.000, 2.350, 0, 0 
152398, 358736393, 0.000, 0.000, -454.981, 250.000, 0.000, 2.350, 0, 0 
152398, 360243661, 0.000, 0.000, -454.981, 250.000, 0.000, 2.350, 0, 0 
152398, 361752634, 0.000, 0.000, -454.981, 250.000, 0.000, 2.350, 0, 0 
152398, 363368902, 0.000, 0.000, -454.981, 250.000, 0.000, 2.350, 0, 0 
152398, 364958411, 0.000, 0.000, -454.981, 250.000, 0.000, 2.350, 0, 0 
152398, 366514729, 0.000, 0.000, -454.967, 250.000, 0.000, 2.350, 0, 0 
152398, 368095161, 0.000, 0.000, -454.981, 250.000, 0.000, 2.350, 0, 0 
152398, 369685504, 0.000, 0.000, -454.967, 250.000, 0.000, 2.350, 0, 0 
152398, 371281709, 0.000, 0.000, -454.981, 250.000, 0.000, 2.350, 0, 0 
152398, 372824240, 0.000, 0.000, -454.967, 250.000, 0.000, 2.350, 0, 0 
152398, 374374884, 0.000, 0.000, -454.994, 250.000, 0.000, 2.350, 0, 0 
152398, 375923353, 0.000, 0.000, -454.981, 250.000, 0.000, 2.350, 0, 0 
152398, 377506942, 0.000, 0.000, -454.981, 250.000, 0.000, 2.350, 0, 0 
152398, 379120370, 0.000, 0.000, -454.981, 250.000, 0.000, 2.350, 0, 0 
152398, 380714236, 0.000, 0.000, -454.994, 250.000, 0.000, 2.350, 0, 0 
152398, 382309798, 0.000, 0.000, -454.981, 250.000, 0.000, 2.350, 0, 0 
152398, 383817648, 0.000, 0.000, -454.981, 250.000, 0.000, 2.350, 0, 0 
152398, 385353623, 0.000, 0.000, -454.981, 250.000, 0.000, 2.350, 0, 0 
152398, 386888796, 0.000, 0.000, -454.967, 250.000, 0.000, 2.350, 0, 0 
152398, 388429382, 0.000, 0.000, -454.994, 250.000, 0.000, 2.350, 0, 0 
152398, 389937398, 0.000, 0.000, -454.994, 250.000, 0.000, 2.350, 0, 0 
152398, 391476311, 0.000, 0.000, -454.981, 250.000, 0.000, 2.350, 0, 0 
152398, 393012872, 0.000, 0.000, -454.967, 250.000, 0.000, 2.350, 0, 0 
152398, 394578225, 0.000, 0.000, -454.967, 250.000, 0.000, 2.350, 0, 0 
152398, 396111598, 0.000, 0.000, -454.981, 250.000, 0.000, 2.350, 0, 0 
152398, 397688264, 0.000, 0.000, -454.967, 250.000, 0.000, 2.350, 0, 0 
152398, 399273149, 0.000, 0.000, -454.981, 250.000, 0.000, 2.350, 0, 0 
152398, 400829171, 0.000, 0.000, -454.994, 250.000, 0.000, 2.350, 0, 0 
152398, 402428693, 0.000, 0.000, -454.981, 250.000, 0.000, 2.350, 0, 0 
152398, 403937649, 0.000, 0.000, -454.967, 250.000, 0.000, 2.350, 0, 0 
152398, 405511017, 0.000, 0.000, -454.981, 250.000, 0.000, 2.350, 0, 0 
152398, 407039400, 0.000, 0.000, -454.967, 250.000, 0.000, 2.350, 0, 0 
152398, 408551962, 0.000, 0.000, -454.967, 250.000, 0.000, 2.350, 0, 0 
152398, 410183805, 0.000, 0.000, -454.967, 250.000, 0.000, 2.350, 0, 0 
152398, 411701321, 0.000, 0.000, -454.981, 250.000, 0.000, 2.350, 0, 0 
152398, 413278670, 0.000, 0.000, -454.981, 250.000, 0.000, 2.350, 0, 0 
152398, 414848138, 0.000, 0.000, -454.967, 250.000, 0.000, 2.350, 0, 0 
152398, 416360320, 0.000, 0.000, -454.967, 250.000, 0.000, 2.350, 0, 0 
152398, 417950937, 0.000, 0.000, -454.967, 250.000, 0.000, 2.350, 0, 0 
152398, 419479793, 0.000, 0.000, -454.994, 250.000, 0.000, 2.350, 0, 0 
152398, 421013727, 0.000, 0.000, -454.967, 250.000, 0.000, 2.350, 0, 0 
152398, 422532097, 0.000, 0.000, -454.981, 250.000, 0.000, 2.350, 0, 0 
152398, 424104414, 0.000, 0.000, -454.994, 250.000, 0.000, 2.350, 0, 0 
152398, 425708044, 0.000, 0.000, -454.981, 250.000, 0.000, 2.350, 0, 0 
152398, 427226547, 0.000, 0.000, -454.981, 250.000, 0.000, 2.350, 0, 0 
152398, 428742154, 0.000, 0.000, -454.967, 250.000, 0.000, 2.350, 0, 0 
152398, 430329737, 0.000, 0.000, -454.967, 250.000, 0.000, 2.350, 0, 0 
152398, 431850769, 0.000, 0.000, -454.994, 250.000, 0.000, 2.350, 0, 0 
152398, 433434555, 0.000, 0.000, -454.994, 250.000, 0.000, 2.350, 0, 0 
152398, 435027368, 0.000, 0.000, -454.981, 250.000, 0.000, 2.350, 0, 0 
152398, 436614598, 0.000, 0.000, -454.981, 250.000, 0.000, 2.350, 0, 0 
152398, 438187279, 0.000, 0.000, -454.967, 250.000, 0.000, 2.350, 0, 0 
152398, 439793926, 0.000, 0.000, -454.967, 250.000, 0.000, 2.350, 0, 0 
152398, 441349237, 0.000, 0.000, -454.981, 250.000, 0.000, 2.350, 0, 0 
152398, 442865822, 0.000, 0.000, -454.994, 250.000, 0.000, 2.350, 0, 0 
152398, 444380941, 0.000, 0.000, -454.981, 250.000, 0.000, 2.350, 0, 0 
152398, 445971840, 0.000, 0.000, -454.981, 250.000, 0.000, 2.350, 0, 0 
152398, 447486363, 0.000, 0.000, -454.994, 250.000, 0.000, 2.350, 0, 0 
152398, 449076318, 0.000, 0.000, -454.981, 250.000, 0.000, 2.350, 0, 0 
152398, 450589953, 0.000, 0.000, -454.967, 250.000, 0.000, 2.350, 0, 0 
152398, 452185510, 0.000, 0.000, -454.981, 250.000, 0.000, 2.350, 0, 0 
152398, 453698096, 0.000, 0.000, -454.994, 250.000, 0.000, 2.350, 0, 0 
152398, 455287057, 0.000, 0.000, -454.981, 250.000, 0.000, 2.350, 0, 0 
152398, 456828767, 0.000, 0.000, -454.994, 250.000, 0.000, 2.350, 0, 0 
152398, 458341172, 0.000, 0.000, -454.967, 250.000, 0.000, 2.350, 0, 0 
152398, 459931230, 0.000, 0.000, -454.981, 250.000, 0.000, 2.350, 0, 0 
152398, 461508501, 0.000, 0.000, -454.967, 250.000, 0.000, 2.350, 0, 0 
152398, 463021162, 0.000, 0.000, -454.981, 250.000, 0.000, 2.350, 0, 0 
152398, 464551531, 0.000, 0.000, -454.981, 250.000, 0.000, 2.350, 0, 0 
152398, 466064348, 0.000, 0.000, -454.967, 250.000, 0.000, 2.350, 0, 0 
152398, 467643890, 0.000, 0.000, -454.967, 250.000, 0.000, 2.350, 0, 0 
152398, 469231417, 0.000, 0.000, -454.967, 250.000, 0.000, 2.350, 0, 0 
152398, 470817842, 0.000, 0.000, -454.967, 250.000, 0.000, 2.350, 0, 0 
152398, 472449162, 0.000, 0.000, -454.981, 250.000, 0.000, 2.350, 0, 0 
152398, 473965849, 0.000, 0.000, -454.994, 250.000, 0.000, 2.350, 0, 0 
152398, 475478142, 0.000, 0.000, -454.981, 250.000, 0.000, 2.350, 0, 0 
152398, 476990376, 0.000, 0.000, -454.994, 250.000, 0.000, 2.350, 0, 0 
152398, 478503022, 0.000, 0.000, -454.967, 250.000, 0.000, 2.350, 0, 0 
152398, 480019970, 0.000, 0.000, -454.967, 250.000, 0.000, 2.350, 0, 0 
152398, 481539669, 0.000, 0.000, -454.967, 250.000, 0.000, 2.350, 0, 0 
152398, 483086391, 0.000, 0.000, -454.967, 250.000, 0.000, 2.350, 0, 0 
152398, 484601146, 0.000, 0.000, -454.981, 250.000, 0.000, 2.350, 0, 0 
152398, 486180873, 0.000, 0.000, -454.981, 250.000, 0.000, 2.350, 0, 0 
152398, 487724741, 0.000, 0.000, -454.967, 250.000, 0.000, 2.350, 0, 0 
152398, 489237581, 0.000, 0.000, -454.981, 250.000, 0.000, 2.350, 0, 0 
152398, 490828486, 0.000, 0.000, -454.967, 250.000, 0.000, 2.350, 0, 0 
152398, 492403779, 0.000, 0.000, -454.994, 250.000, 0.000, 2.350, 0, 0 
152398, 493914566, 0.000, 0.000, -454.981, 250.000, 0.000, 2.350, 0, 0 
152398, 495496980, 0.000, 0.000, -454.981, 250.000, 0.000, 2.350, 0, 0 
152398, 497087508, 0.000, 0.000, -454.981, 250.000, 0.000, 2.350, 0, 0 
152398, 498679038, 0.000, 0.000, -454.994, 250.000, 0.000, 2.350, 0, 0 
152398, 500263731, 0.000, 0.000, -454.967, 250.000, 0.000, 2.350, 0, 0 
152398, 501851146, 0.000, 0.000, -454.981, 250.000, 0.000, 2.350, 0, 0 
152398, 503451239, 0.000, 0.000, -454.981, 250.000, 0.000, 2.350, 0, 0 
152398, 504965266, 0.000, 0.000, -454.967, 250.000, 0.000, 2.350, 0, 0 
152398, 506509835, 0.000, 0.000, -454.981, 250.000, 0.000, 2.350, 0, 0 
152398, 508024044, 0.000, 0.000, -454.981, 250.000, 0.000, 2.350, 0, 0 
152398, 509612435, 0.000, 0.000, -454.967, 250.000, 0.000, 2.350, 0, 0 
152398, 511203091, 0.000, 0.000, -454.981, 250.000, 0.000, 2.350, 0, 0 
152398, 512789257, 0.000, 0.000, -454.994, 250.000, 0.000, 2.350, 0, 0 
152398, 514375766, 0.000, 0.000, -454.994, 250.000, 0.000, 2.350, 0, 0 
152398, 515890044, 0.000, 0.000, -454.967, 250.000, 0.000, 2.350, 0, 0 
152398, 517468197, 0.000, 0.000, -454.981, 250.000, 0.000, 2.350, 0, 0 
152398, 519093804, 0.000, 0.000, -454.967, 250.000, 0.000, 2.350, 0, 0 
152398, 520607017, 0.000, 0.000, -454.981, 250.000, 0.000, 2.350, 0, 0 
152398, 522150744, 0.000, 0.000, -454.967, 250.000, 0.000, 2.350, 0, 0 
152398, 523663637, 0.000, 0.000, -454.967, 250.000, 0.000, 2.350, 0, 0 
152398, 525210707, 0.000, 0.000, -454.981, 250.000, 0.000, 2.350, 0, 0 
152398, 526724653, 0.000, 0.000, -454.981, 250.000, 0.000, 2.350, 0, 0 
152398, 528237711, 0.000, 0.000, -454.967, 250.000, 0.000, 2.350, 0, 0 
152398, 529750163, 0.000, 0.000, -454.981, 250.000, 0.000, 2.350, 0, 0 
152398, 531261983, 0.000, 0.000, -454.994, 250.000, 0.000, 2.350, 0, 0 
152398, 532802279, 0.000, 0.000, -454.967, 250.000, 0.000, 2.350, 0, 0 
152398, 534390981, 0.000, 0.000, -454.967, 250.000, 0.000, 2.350, 0, 0 
152398, 535902715, 0.000, 0.000, -454.981, 250.000, 0.000, 2.350, 0, 0 
152398, 537479067, 0.000, 0.000, -454.967, 250.000, 0.000, 2.350, 0, 0 
152398, 538990904, 0.000, 0.000, -454.981, 250.000, 0.000, 2.350, 0, 0 
152398, 540520257, 0.000, 0.000, -454.981, 250.000, 0.000, 2.350, 0, 0 
152398, 542113584, 0.000, 0.000, -454.994, 250.000, 0.000, 2.350, 0, 0 
152398, 543627076, 0.000, 0.000, -454.967, 250.000, 0.000, 2.350, 0, 0 
152398, 545223184, 0.000, 0.000, -454.981, 250.000, 0.000, 2.350, 0, 0 
152398, 546810671, 0.000, 0.000, -454.967, 250.000, 0.000, 2.350, 0, 0 
152398, 548324257, 0.000, 0.000, -454.967, 250.000, 0.000, 2.350, 0, 0 
152398, 549930622, 0.000, 0.000, -454.981, 250.000, 0.000, 2.350, 0, 0 
152398, 551510007, 0.000, 0.000, -454.981, 250.000, 0.000, 2.350, 0, 0 
152398, 553053450, 0.000, 0.000, -454.981, 250.000, 0.000, 2.350, 0, 0 
152398, 554565228, 0.000, 0.000, -454.981, 250.000, 0.000, 2.350, 0, 0 
152398, 556079789, 0.000, 0.000, -454.967, 250.000, 0.000, 2.350, 0, 0 
152398, 557669482, 0.000, 0.000, -454.994, 250.000, 0.000, 2.350, 0, 0 
152398, 559181847, 0.000, 0.000, -454.994, 250.000, 0.000, 2.350, 0, 0 
152398, 560699893, 0.000, 0.000, -454.981, 250.000, 0.000, 2.350, 0, 0 
152398, 562219149, 0.000, 0.000, -454.981, 250.000, 0.000, 2.350, 0, 0 
152398, 563773101, 0.000, 0.000, -454.981, 250.000, 0.000, 2.350, 0, 0 
152398, 565323273, 0.000, 0.000, -454.967, 250.000, 0.000, 2.350, 0, 0 
152398, 566866956, 0.000, 0.000, -454.994, 250.000, 0.000, 2.350, 0, 0 
152398, 568441531, 0.000, 0.000, -454.994, 250.000, 0.000, 2.350, 0, 0 
152398, 569956270, 0.000, 0.000, -454.981, 250.000, 0.000, 2.350, 0, 0 
152398, 571535226, 0.000, 0.000, -454.994, 250.000, 0.000, 2.350, 0, 0 
152398, 573049434, 0.000, 0.000, -454.981, 250.000, 0.000, 2.350, 0, 0 
152398, 574630379, 0.000, 0.000, -454.981, 250.000, 0.000, 2.350, 0, 0 
152398, 576141655, 0.000, 0.000, -454.967, 250.000, 0.000, 2.350, 0, 0 
152398, 577694655, 0.000, 0.000, -454.967, 250.000, 0.000, 2.350, 0, 0 
152398, 579215115, 0.000, 0.000, -454.981, 250.000, 0.000, 2.350, 0, 0 
152398, 580832343, 0.000, 0.000, -454.981, 250.000, 0.000, 2.350, 0, 0 
152398, 582420207, 0.000, 0.000, -454.981, 250.000, 0.000, 2.350, 0, 0 
152398, 583961556, 0.000, 0.000, -454.967, 250.000, 0.000, 2.350, 0, 0 
152398, 585503222, 0.000, 0.000, -454.981, 250.000, 0.000, 2.350, 0, 0 
152398, 587014337, 0.000, 0.000, -454.994, 250.000, 0.000, 2.350, 0, 0 
152398, 588593085, 0.000, 0.000, -454.981, 250.000, 0.000, 2.350, 0, 0 
152398, 590106550, 0.000, 0.000, -454.981, 250.000, 0.000, 2.350, 0, 0 
152398, 591619050, 0.000, 0.000, -454.994, 250.000, 0.000, 2.350, 0, 0 
152398, 593208363, 0.000, 0.000, -454.981, 250.000, 0.000, 2.350, 0, 0 
152398, 594720082, 0.000, 0.000, -454.967, 250.000, 0.000, 2.350, 0, 0 
152398, 596267161, 0.000, 0.000, -454.994, 250.000, 0.000, 2.350, 0, 0 
152398, 597779193, 0.000, 0.000, -454.981, 250.000, 0.000, 2.350, 0, 0 
152398, 599322085, 0.000, 0.000, -454.994, 250.000, 0.000, 2.350, 0, 0 
152398, 600837624, 0.000, 0.000, -454.967, 250.000, 0.000, 2.350, 0, 0 
152398, 602348765, 0.000, 0.000, -454.981, 250.000, 0.000, 2.350, 0, 0 
152398, 603871667, 0.000, 0.000, -454.994, 250.000, 0.000, 2.350, 0, 0 
152398, 605383599, 0.000, 0.000, -454.967, 250.000, 0.000, 2.350, 0, 0 
152398, 606894364, 0.000, 0.000, -454.967, 250.000, 0.000, 2.350, 0, 0 
152398, 608405899, 0.000, 0.000, -454.981, 250.000, 0.000, 2.350, 0, 0 
152398, 609917144, 0.000, 0.000, -454.981, 250.000, 0.000, 2.350, 0, 0 
152398, 611502810, 0.000, 0.000, -454.981, 250.000, 0.000, 2.350, 0, 0 
152398, 613015457, 0.000, 0.000, -454.967, 250.000, 0.000, 2.350, 0, 0 
152398, 614535119, 0.000, 0.000, -454.981, 250.000, 0.000, 2.350, 0, 0 
152398, 616051171, 0.000, 0.000, -454.994, 250.000, 0.000, 2.350, 0, 0 
152398, 617641652, 0.000, 0.000, -454.981, 250.000, 0.000, 2.350, 0, 0 
152398, 619235682, 0.000, 0.000, -454.981, 250.000, 0.000, 2.350, 0, 0 
152398, 620830631, 0.000, 0.000, -454.981, 250.000, 0.000, 2.350, 0, 0 
152398, 622420900, 0.000, 0.000, -454.967, 250.000, 0.000, 2.350, 0, 0 
152398, 624015041, 0.000, 0.000, -454.981, 250.000, 0.000, 2.350, 0, 0 
152398, 625614476, 0.000, 0.000, -454.981, 250.000, 0.000, 2.350, 0, 0 
152398, 627240324, 0.000, 0.000, -454.967, 250.000, 0.000, 2.350, 0, 0 
152398, 628759033, 0.000, 0.000, -454.967, 250.000, 0.000, 2.350, 0, 0 
152398, 630344433, 0.000, 0.000, -454.967, 250.000, 0.000, 2.350, 0, 0 
152398, 631858411, 0.000, 0.000, -454.967, 250.000, 0.000, 2.350, 0, 0 
152398, 633371421, 0.000, 0.000, -454.967, 250.000, 0.000, 2.350, 0, 0 
152398, 634916158, 0.000, 0.000, -454.981, 250.000, 0.000, 2.350, 0, 0 
152398, 636430916, 0.000, 0.000, -454.981, 250.000, 0.000, 2.350, 0, 0 
152398, 638020853, 0.000, 0.000, -454.981, 250.000, 0.000, 2.350, 0, 0 
152398, 639561974, 0.000, 0.000, -454.967, 250.000, 0.000, 2.350, 0, 0 
152398, 641102093, 0.000, 0.000, -454.981, 250.000, 0.000, 2.350, 0, 0 
152398, 642648933, 0.000, 0.000, -454.981, 250.000, 0.000, 2.350, 0, 0 
152398, 644159916, 0.000, 0.000, -454.981, 250.000, 0.000, 2.350, 0, 0 
152398, 645752794, 0.000, 0.000, -454.994, 250.000, 0.000, 2.350, 0, 0 
152398, 647266967, 0.000, 0.000, -454.981, 250.000, 0.000, 2.350, 0, 0 
152398, 648858224, 0.000, 0.000, -454.981, 250.000, 0.000, 2.350, 0, 0 
152398, 650449936, 0.000, 0.000, -454.994, 250.000, 0.000, 2.350, 0, 0 
152398, 652034140, 0.000, 0.000, -454.967, 250.000, 0.000, 2.350, 0, 0 
152398, 653590982, 0.000, 0.000, -454.981, 250.000, 0.000, 2.350, 0, 0 
152398, 655105816, 0.000, 0.000, -454.981, 250.000, 0.000, 2.350, 0, 0 
152398, 656693520, 0.000, 0.000, -454.967, 250.000, 0.000, 2.350, 0, 0 
152398, 658248123, 0.000, 0.000, -454.981, 250.000, 0.000, 2.350, 0, 0 
152398, 659762280, 0.000, 0.000, -454.981, 250.000, 0.000, 2.350, 0, 0 
152398, 661309678, 0.000, 0.000, -454.981, 250.000, 0.000, 2.350, 0, 0 
152398, 662837944, 0.000, 0.000, -454.981, 250.000, 0.000, 2.350, 0, 0 
152398, 664412755, 0.000, 0.000, -454.981, 250.000, 0.000, 2.350, 0, 0 
152398, 666004515, 0.000, 0.000, -454.981, 250.000, 0.000, 2.350, 0, 0 
152398, 667518331, 0.000, 0.000, -454.994, 250.000, 0.000, 2.350, 0, 0 
152398, 669030613, 0.000, 0.000, -454.981, 250.000, 0.000, 2.350, 0, 0 
152398, 670556178, 0.000, 0.000, -454.981, 250.000, 0.000, 2.350, 0, 0 
152398, 672104604, 0.000, 0.000, -454.967, 250.000, 0.000, 2.350, 0, 0 
152398, 673662291, 0.000, 0.000, -454.967, 250.000, 0.000, 2.350, 0, 0 
152398, 675177279, 0.000, 0.000, -454.953, 250.000, 0.000, 2.350, 0, 0 
152398, 676695072, 0.000, 0.000, -454.967, 250.000, 0.000, 2.350, 0, 0 
152398, 678266232, 0.000, 0.000, -454.981, 250.000, 0.000, 2.350, 0, 0 
152398, 679846009, 0.000, 0.000, -454.967, 250.000, 0.000, 2.350, 0, 0 
152398, 681363067, 0.000, 0.000, -454.994, 250.000, 0.000, 2.350, 0, 0 
152398, 682928053, 0.000, 0.000, -454.967, 250.000, 0.000, 2.350, 0, 0 
152398, 684442650, 0.000, 0.000, -454.981, 250.000, 0.000, 2.350, 0, 0 
152398, 685970896, 0.000, 0.000, -454.967, 250.000, 0.000, 2.350, 0, 0 
152398, 687490562, 0.000, 0.000, -454.967, 250.000, 0.000, 2.350, 0, 0 
152398, 689109400, 0.000, 0.000, -454.981, 250.000, 0.000, 2.350, 0, 0 
152398, 690622638, 0.000, 0.000, -454.967, 250.000, 0.000, 2.350, 0, 0 
152398, 692170558, 0.000, 0.000, -454.994, 250.000, 0.000, 2.350, 0, 0 
152398, 693684652, 0.000, 0.000, -454.981, 250.000, 0.000, 2.350, 0, 0 
152398, 695197697, 0.000, 0.000, -454.994, 250.000, 0.000, 2.350, 0, 0 
152398, 696712181, 0.000, 0.000, -454.981, 250.000, 0.000, 2.350, 0, 0 
152398, 698229521, 0.000, 0.000, -454.994, 250.000, 0.000, 2.350, 0, 0 
152398, 699746279, 0.000, 0.000, -454.981, 250.000, 0.000, 2.350, 0, 0 
152398, 701337941, 0.000, 0.000, -454.967, 250.000, 0.000, 2.350, 0, 0 
152398, 702925688, 0.000, 0.000, -454.981, 250.000, 0.000, 2.350, 0, 0 
152398, 704546859, 0.000, 0.000, -454.967, 250.000, 0.000, 2.350, 0, 0 
152398, 706128594, 0.000, 0.000, -454.967, 250.000, 0.000, 2.350, 0, 0 
152398, 707714604, 0.000, 0.000, -454.981, 250.000, 0.000, 2.350, 0, 0 
152398, 709305708, 0.000, 0.000, -454.981, 250.000, 0.000, 2.350, 0, 0 
152398, 710894744, 0.000, 0.000, -454.981, 250.000, 0.000, 2.350, 0, 0 
152398, 712482859, 0.000, 0.000, -454.994, 250.000, 0.000, 2.350, 0, 0 
152398, 714081416, 0.000, 0.000, -454.967, 250.000, 0.000, 2.350, 0, 0 
152398, 715635105, 0.000, 0.000, -454.994, 250.000, 0.000, 2.350, 0, 0 
152398, 717223688, 0.000, 0.000, -454.967, 250.000, 0.000, 2.350, 0, 0 
152398, 718808318, 0.000, 0.000, -454.981, 250.000, 0.000, 2.350, 0, 0 
152398, 720436688, 0.000, 0.000, -454.981, 250.000, 0.000, 2.350, 0, 0 
152398, 721954171, 0.000, 0.000, -454.981, 250.000, 0.000, 2.350, 0, 0 
152398, 723469453, 0.000, 0.000, -454.994, 250.000, 0.000, 2.350, 0, 0 
152398, 724986891, 0.000, 0.000, -454.981, 250.000, 0.000, 2.350, 0, 0 
152398, 726503537, 0.000, 0.000, -454.981, 250.000, 0.000, 2.350, 0, 0 
152398, 728059688, 0.000, 0.000, -454.994, 250.000, 0.000, 2.350, 0, 0 
152398, 729645533, 0.000, 0.000, -454.967, 250.000, 0.000, 2.350, 0, 0 
152398, 731229365, 0.000, 0.000, -454.981, 250.000, 0.000, 2.350, 0, 0 
152398, 732813772, 0.000, 0.000, -454.994, 250.000, 0.000, 2.350, 0, 0 
152398, 734404392, 0.000, 0.000, -454.981, 250.000, 0.000, 2.350, 0, 0 
152398, 735952479, 0.000, 0.000, -454.994, 250.000, 0.000, 2.350, 0, 0 
152398, 737469651, 0.000, 0.000, -454.967, 250.000, 0.000, 2.350, 0, 0 
152398, 738986624, 0.000, 0.000, -454.967, 250.000, 0.000, 2.350, 0, 0 
152398, 740528403, 0.000, 0.000, -454.967, 250.000, 0.000, 2.350, 0, 0 
152398, 742075277, 0.000, 0.000, -454.981, 250.000, 0.000, 2.350, 0, 0 
152398, 743631069, 0.000, 0.000, -454.994, 250.000, 0.000, 2.350, 0, 0 
152398, 745236361, 0.000, 0.000, -454.981, 250.000, 0.000, 2.350, 0, 0 
152398, 746753480, 0.000, 0.000, -454.994, 250.000, 0.000, 2.350, 0, 0 
152398, 748266567, 0.000, 0.000, -454.981, 250.000, 0.000, 2.350, 0, 0 
152398, 749859402, 0.000, 0.000, -454.981, 250.000, 0.000, 2.350, 0, 0 
152398, 751481916, 0.000, 0.000, -454.981, 250.000, 0.000, 2.350, 0, 0 
152398, 752996376, 0.000, 0.000, -454.967, 250.000, 0.000, 2.350, 0, 0 
152398, 754560751, 0.000, 0.000, -454.981, 250.000, 0.000, 2.350, 0, 0 
152398, 756106001, 0.000, 0.000, -454.981, 250.000, 0.000, 2.350, 0, 0 
152398, 757625109, 0.000, 0.000, -454.981, 250.000, 0.000, 2.350, 0, 0 
152398, 759145961, 0.000, 0.000, -454.981, 250.000, 0.000, 2.350, 0, 0 
152398, 760665464, 0.000, 0.000, -454.981, 250.000, 0.000, 2.350, 0, 0 
152398, 762195064, 0.000, 0.000, -454.981, 250.000, 0.000, 2.350, 0, 0 
152398, 763790077, 0.000, 0.000, -454.967, 250.000, 0.000, 2.350, 0, 0 
152398, 765395637, 0.000, 0.000, -454.967, 250.000, 0.000, 2.350, 0, 0 
152398, 766941360, 0.000, 0.000, -454.994, 250.000, 0.000, 2.350, 0, 0 
152398, 768460003, 0.000, 0.000, -454.981, 250.000, 0.000, 2.350, 0, 0 
152398, 770046851, 0.000, 0.000, -454.967, 250.000, 0.000, 2.350, 0, 0 
152398, 771631277, 0.000, 0.000, -454.981, 250.000, 0.000, 2.350, 0, 0 
152398, 773180459, 0.000, 0.000, -454.981, 250.000, 0.000, 2.350, 0, 0 
152398, 774776288, 0.000, 0.000, -454.981, 250.000, 0.000, 2.350, 0, 0 
152398, 776366815, 0.000, 0.000, -454.967, 250.000, 0.000, 2.350, 0, 0 
152398, 777882554, 0.000, 0.000, -454.981, 250.000, 0.000, 2.350, 0, 0 
152398, 779465211, 0.000, 0.000, -454.967, 250.000, 0.000, 2.350, 0, 0 
152398, 780979113, 0.000, 0.000, -454.981, 250.000, 0.000, 2.350, 0, 0 
152398, 782566429, 0.000, 0.000, -454.994, 250.000, 0.000, 2.350, 0, 0 
152398, 784142065, 0.000, 0.000, -454.994, 250.000, 0.000, 2.350, 0, 0 
152398, 785727866, 0.000, 0.000, -454.967, 250.000, 0.000, 2.350, 0, 0 
152398, 787320644, 0.000, 0.000, -454.981, 250.000, 0.000, 2.350, 0, 0 
152398, 788864508, 0.000, 0.000, -454.981, 250.000, 0.000, 2.350, 0, 0 
152398, 790441369, 0.000, 0.000, -454.994, 250.000, 0.000, 2.350, 0, 0 
152398, 792031829, 0.000, 0.000, -454.967, 250.000, 0.000, 2.350, 0, 0 
152398, 793545857, 0.000, 0.000, -454.967, 250.000, 0.000, 2.350, 0, 0 
152398, 795134600, 0.000, 0.000, -454.967, 250.000, 0.000, 2.350, 0, 0 
152398, 796650476, 0.000, 0.000, -454.981, 250.000, 0.000, 2.350, 0, 0 
152398, 798222788, 0.000, 0.000, -454.967, 250.000, 0.000, 2.350, 0, 0 
152398, 799738501, 0.000, 0.000, -454.981, 250.000, 0.000, 2.350, 0, 0 
152398, 801316253, 0.000, 0.000, -454.967, 250.000, 0.000, 2.350, 0, 0 
152398, 802829966, 0.000, 0.000, -454.981, 250.000, 0.000, 2.350, 0, 0 
152398, 804379578, 0.000, 0.000, -454.981, 250.000, 0.000, 2.350, 0, 0 
152398, 805892399, 0.000, 0.000, -454.967, 250.000, 0.000, 2.350, 0, 0 
152398, 807470262, 0.000, 0.000, -454.981, 250.000, 0.000, 2.350, 0, 0 
152398, 809011793, 0.000, 0.000, -454.981, 250.000, 0.000, 2.350, 0, 0 
152398, 810598741, 0.000, 0.000, -454.981, 250.000, 0.000, 2.350, 0, 0 
152398, 812115080, 0.000, 0.000, -454.967, 250.000, 0.000, 2.350, 0, 0 
152398, 813744903, 0.000, 0.000, -454.981, 250.000, 0.000, 2.350, 0, 0 
152398, 815272598, 0.000, 0.000, -454.994, 250.000, 0.000, 2.350, 0, 0 
152398, 816843425, 0.000, 0.000, -454.981, 250.000, 0.000, 2.350, 0, 0 
152398, 818410637, 0.000, 0.000, -454.981, 250.000, 0.000, 2.350, 0, 0 
152398, 819976386, 0.000, 0.000, -454.981, 250.000, 0.000, 2.350, 0, 0 
152398, 821490822, 0.000, 0.000, -454.967, 250.000, 0.000, 2.350, 0, 0 
152398, 823004774, 0.000, 0.000, -454.981, 250.000, 0.000, 2.350, 0, 0 
152398, 824569748, 0.000, 0.000, -454.981, 250.000, 0.000, 2.350, 0, 0 
152398, 826139811, 0.000, 0.000, -454.994, 250.000, 0.000, 2.350, 0, 0 
152398, 827726828, 0.000, 0.000, -454.981, 250.000, 0.000, 2.350, 0, 0 
152398, 829284222, 0.000, 0.000, -454.981, 250.000, 0.000, 2.350, 0, 0 
152398, 830797326, 0.000, 0.000, -454.967, 250.000, 0.000, 2.350, 0, 0 
152398, 832378608, 0.000, 0.000, -454.981, 250.000, 0.000, 2.350, 0, 0 
152398, 833892414, 0.000, 0.000, -454.981, 250.000, 0.000, 2.350, 0, 0 
152398, 835405085, 0.000, 0.000, -454.981, 250.000, 0.000, 2.350, 0, 0 
152398, 836919358, 0.000, 0.000, -454.981, 250.000, 0.000, 2.350, 0, 0 
152398, 838464947, 0.000, 0.000, -454.981, 250.000, 0.000, 2.350, 0, 0 
152398, 840017202, 0.000, 0.000, -454.981, 250.000, 0.000, 2.350, 0, 0 
152398, 841602804, 0.000, 0.000, -454.967, 250.000, 0.000, 2.350, 0, 0 
152398, 843117832, 0.000, 0.000, -454.981, 250.000, 0.000, 2.350, 0, 0 
152398, 844675395, 0.000, 0.000, -454.994, 250.000, 0.000, 2.350, 0, 0 
152398, 846205224, 0.000, 0.000, -454.981, 250.000, 0.000, 2.350, 0, 0 
152398, 847748862, 0.000, 0.000, -454.981, 250.000, 0.000, 2.350, 0, 0 
152398, 849337225, 0.000, 0.000, -454.967, 250.000, 0.000, 2.350, 0, 0 
152398, 850931914, 0.000, 0.000, -454.967, 250.000, 0.000, 2.350, 0, 0 
152398, 852513028, 0.000, 0.000, -454.981, 250.000, 0.000, 2.350, 0, 0 
152398, 854065259, 0.000, 0.000, -454.981, 250.000, 0.000, 2.350, 0, 0 
152398, 855645759, 0.000, 0.000, -454.994, 250.000, 0.000, 2.350, 0, 0 
152398, 857161686, 0.000, 0.000, -454.981, 250.000, 0.000, 2.350, 0, 0 
152398, 858744482, 0.000, 0.000, -454.981, 250.000, 0.000, 2.350, 0, 0 
152398, 860287849, 0.000, 0.000, -454.994, 250.000, 0.000, 2.350, 0, 0 
152398, 861803036, 0.000, 0.000, -454.981, 250.000, 0.000, 2.350, 0, 0 
152398, 863395570, 0.000, 0.000, -454.994, 250.000, 0.000, 2.350, 0, 0 
152398, 864909097, 0.000, 0.000, -454.967, 250.000, 0.000, 2.350, 0, 0 
152398, 866493300, 0.000, 0.000, -454.967, 250.000, 0.000, 2.350, 0, 0 
152398, 868077461, 0.000, 0.000, -454.981, 250.000, 0.000, 2.350, 0, 0 
152398, 869591296, 0.000, 0.000, -454.994, 250.000, 0.000, 2.350, 0, 0 
152398, 871185722, 0.000, 0.000, -454.981, 250.000, 0.000, 2.350, 0, 0 
152398, 872777900, 0.000, 0.000, -454.981, 250.000, 0.000, 2.350, 0, 0 
152398, 874291571, 0.000, 0.000, -454.981, 250.000, 0.000, 2.350, 0, 0 
152398, 875845884, 0.000, 0.000, -455.008, 250.000, 0.000, 2.350, 0, 0 
152398, 877358823, 0.000, 0.000, -454.967, 250.000, 0.000, 2.350, 0, 0 
152398, 878947348, 0.000, 0.000, -454.981, 250.000, 0.000, 2.350, 0, 0 
152398, 880461544, 0.000, 0.000, -454.967, 250.000, 0.000, 2.350, 0, 0 
152398, 882047782, 0.000, 0.000, -454.953, 250.000, 0.000, 2.350, 0, 0 
152398, 883561104, 0.000, 0.000, -454.994, 250.000, 0.000, 2.350, 0, 0 
152398, 885074067, 0.000, 0.000, -454.981, 250.000, 0.000, 2.350, 0, 0 
152398, 886655172, 0.000, 0.000, -454.981, 250.000, 0.000, 2.350, 0, 0 
152398, 888214999, 0.000, 0.000, -454.967, 250.000, 0.000, 2.350, 0, 0 
152398, 889805921, 0.000, 0.000, -454.981, 250.000, 0.000, 2.350, 0, 0 
152398, 891422712, 0.000, 0.000, -454.967, 250.000, 0.000, 2.350, 0, 0 
152398, 892937113, 0.000, 0.000, -454.981, 250.000, 0.000, 2.350, 0, 0 
152398, 894455131, 0.000, 0.000, -454.967, 250.000, 0.000, 2.350, 0, 0 
152398, 895972796, 0.000, 0.000, -454.981, 250.000, 0.000, 2.350, 0, 0 
152398, 897538915, 0.000, 0.000, -454.981, 250.000, 0.000, 2.350, 0, 0 
152398, 899090639, 0.000, 0.000, -454.981, 250.000, 0.000, 2.350, 0, 0 
152398, 900686707, 0.000, 0.000, -454.981, 250.000, 0.000, 2.350, 0, 0 
152398, 902204922, 0.000, 0.000, -454.967, 250.000, 0.000, 2.350, 0, 0 
152398, 903790035, 0.000, 0.000, -454.967, 250.000, 0.000, 2.350, 0, 0 
152398, 905383838, 0.000, 0.000, -454.981, 250.000, 0.000, 2.350, 0, 0 
152398, 906939421, 0.000, 0.000, -454.981, 250.000, 0.000, 2.350, 0, 0 
152398, 908456119, 0.000, 0.000, -454.967, 250.000, 0.000, 2.350, 0, 0 
152398, 910048081, 0.000, 0.000, -454.981, 250.000, 0.000, 2.350, 0, 0 
152398, 911596688, 0.000, 0.000, -454.981, 250.000, 0.000, 2.350, 0, 0 
152398, 913177333, 0.000, 0.000, -454.981, 250.000, 0.000, 2.350, 0, 0 
152398, 914724622, 0.000, 0.000, -454.981, 250.000, 0.000, 2.350, 0, 0 
152398, 916242860, 0.000, 0.000, -454.981, 250.000, 0.000, 2.350, 0, 0 
152398, 917788791, 0.000, 0.000, -454.994, 250.000, 0.000, 2.350, 0, 0 
152398, 919341142, 0.000, 0.000, -454.981, 250.000, 0.000, 2.350, 0, 0 
152398, 920929985, 0.000, 0.000, -454.967, 250.000, 0.000, 2.350, 0, 0 
152398, 922480831, 0.000, 0.000, -454.981, 250.000, 0.000, 2.350, 0, 0 
152398, 923998585, 0.000, 0.000, -454.967, 250.000, 0.000, 2.350, 0, 0 
152398, 925559217, 0.000, 0.000, -454.981, 250.000, 0.000, 2.350, 0, 0 
152398, 927145219, 0.000, 0.000, -454.981, 250.000, 0.000, 2.350, 0, 0 
152398, 928728142, 0.000, 0.000, -454.967, 250.000, 0.000, 2.350, 0, 0 
152398, 930319260, 0.000, 0.000, -454.994, 250.000, 0.000, 2.350, 0, 0 
152398, 931831852, 0.000, 0.000, -454.967, 250.000, 0.000, 2.350, 0, 0 
152398, 933344840, 0.000, 0.000, -454.967, 250.000, 0.000, 2.350, 0, 0 
152398, 934873244, 0.000, 0.000, -454.981, 250.000, 0.000, 2.350, 0, 0 
152398, 936448177, 0.000, 0.000, -454.994, 250.000, 0.000, 2.350, 0, 0 
152398, 938067618, 0.000, 0.000, -454.967, 250.000, 0.000, 2.350, 0, 0 
152398, 939610379, 0.000, 0.000, -454.967, 250.000, 0.000, 2.350, 0, 0 
152398, 941124004, 0.000, 0.000, -454.967, 250.000, 0.000, 2.350, 0, 0 
152398, 942669685, 0.000, 0.000, -454.994, 250.000, 0.000, 2.350, 0, 0 
152398, 944269459, 0.000, 0.000, -454.994, 250.000, 0.000, 2.350, 0, 0 
152398, 945851505, 0.000, 0.000, -454.981, 250.000, 0.000, 2.350, 0, 0 
152398, 947435989, 0.000, 0.000, -454.967, 250.000, 0.000, 2.350, 0, 0 
152398, 948964730, 0.000, 0.000, -454.967, 250.000, 0.000, 2.350, 0, 0 
152398, 950481276, 0.000, 0.000, -454.981, 250.000, 0.000, 2.350, 0, 0 
152398, 951994272, 0.000, 0.000, -454.981, 250.000, 0.000, 2.350, 0, 0 
152398, 953548938, 0.000, 0.000, -454.967, 250.000, 0.000, 2.350, 0, 0 
152398, 955062523, 0.000, 0.000, -454.981, 250.000, 0.000, 2.350, 0, 0 
152398, 956662083, 0.000, 0.000, -454.994, 250.000, 0.000, 2.350, 0, 0 
152398, 958179928, 0.000, 0.000, -454.994, 250.000, 0.000, 2.350, 0, 0 
152398, 959694944, 0.000, 0.000, -454.994, 250.000, 0.000, 2.350, 0, 0 
152398, 961273584, 0.000, 0.000, -454.981, 250.000, 0.000, 2.350, 0, 0 
152398, 962803084, 0.000, 0.000, -454.994, 250.000, 0.000, 2.350, 0, 0 
152398, 964317135, 0.000, 0.000, -454.981, 250.000, 0.000, 2.350, 0, 0 
152398, 965831845, 0.000, 0.000, -454.981, 250.000, 0.000, 2.350, 0, 0 
152398, 967389626, 0.000, 0.000, -454.981, 250.000, 0.000, 2.350, 0, 0 
152398, 968993221, 0.000, 0.000, -454.981, 250.000, 0.000, 2.350, 0, 0 
152398, 970507517, 0.000, 0.000, -454.994, 250.000, 0.000, 2.350, 0, 0 
152398, 972023907, 0.000, 0.000, -454.981, 250.000, 0.000, 2.350, 0, 0 
152398, 973543121, 0.000, 0.000, -454.981, 250.000, 0.000, 2.350, 0, 0 
152398, 975145990, 0.000, 0.000, -454.967, 250.000, 0.000, 2.350, 0, 0 
152398, 976693071, 0.000, 0.000, -454.981, 250.000, 0.000, 2.350, 0, 0 
152398, 978254846, 0.000, 0.000, -454.994, 250.000, 0.000, 2.350, 0, 0 
152398, 979768647, 0.000, 0.000, -454.981, 250.000, 0.000, 2.350, 0, 0 
152398, 981321725, 0.000, 0.000, -454.981, 250.000, 0.000, 2.350, 0, 0 
152398, 982909725, 0.000, 0.000, -454.994, 250.000, 0.000, 2.350, 0, 0 
152398, 984533830, 0.000, 0.000, -454.981, 250.000, 0.000, 2.350, 0, 0 
152398, 986047486, 0.000, 0.000, -454.967, 250.000, 0.000, 2.350, 0, 0 
152398, 987560657, 0.000, 0.000, -454.994, 250.000, 0.000, 2.350, 0, 0 
152398, 989075820, 0.000, 0.000, -454.981, 250.000, 0.000, 2.350, 0, 0 
152398, 990653403, 0.000, 0.000, -454.967, 250.000, 0.000, 2.350, 0, 0 
152398, 992170240, 0.000, 0.000, -454.981, 250.000, 0.000, 2.350, 0, 0 
152398, 993713392, 0.000, 0.000, -454.981, 250.000, 0.000, 2.350, 0, 0 
152398, 995226341, 0.000, 0.000, -454.981, 250.000, 0.000, 2.350, 0, 0 
152398, 996740112, 0.000, 0.000, -454.981, 250.000, 0.000, 2.350, 0, 0 
152398, 998307407, 0.000, 0.000, -454.967, 250.000, 0.000, 2.350, 0, 0 
152398, 999934807, 0.000, 0.000, -454.981, 250.000, 0.000, 2.350, 0, 0 
152399, 1451710, 0.000, 0.000, -454.981, 250.000, 0.000, 2.350, 0, 0 
152399, 2969612, 0.000, 0.000, -454.981, 250.000, 0.000, 2.350, 0, 0 
152399, 4513145, 0.000, 0.000, -454.994, 250.000, 0.000, 2.350, 0, 0 
152399, 6028612, 0.000, 0.000, -454.967, 250.000, 0.000, 2.350, 0, 0 
152399, 7542839, 0.000, 0.000, -454.981, 250.000, 0.000, 2.350, 0, 0 
152399, 9145815, 0.000, 0.000, -454.967, 250.000, 0.000, 2.350, 0, 0 
152399, 10660200, 0.000, 0.000, -454.981, 250.000, 0.000, 2.350, 0, 0 
152399, 12175429, 0.000, 0.000, -454.981, 250.000, 0.000, 2.350, 0, 0 
152399, 13692415, 0.000, 0.000, -454.981, 250.000, 0.000, 2.350, 0, 0 
152399, 15235320, 0.000, 0.000, -454.967, 250.000, 0.000, 2.350, 0, 0 
152399, 16837452, 0.000, 0.000, -454.967, 250.000, 0.000, 2.350, 0, 0 
152399, 18352054, 0.000, 0.000, -454.967, 250.000, 0.000, 2.350, 0, 0 
152399, 19865658, 0.000, 0.000, -454.994, 250.000, 0.000, 2.350, 0, 0 
152399, 21378435, 0.000, 0.000, -454.981, 250.000, 0.000, 2.350, 0, 0 
152399, 22924862, 0.000, 0.000, -454.981, 250.000, 0.000, 2.350, 0, 0 
152399, 24440486, 0.000, 0.000, -454.981, 250.000, 0.000, 2.350, 0, 0 
152399, 26033502, 0.000, 0.000, -454.981, 250.000, 0.000, 2.350, 0, 0 
152399, 27614452, 0.000, 0.000, -454.981, 250.000, 0.000, 2.350, 0, 0 
152399, 29220112, 0.000, 0.000, -454.994, 250.000, 0.000, 2.350, 0, 0 
152399, 30869596, 0.000, 0.000, -454.994, 250.000, 0.000, 2.350, 0, 0 
152399, 32384321, 0.000, 0.000, -454.981, 250.000, 0.000, 2.350, 0, 0 
152399, 33898171, 0.000, 0.000, -454.981, 250.000, 0.000, 2.350, 0, 0 
152399, 35497667, 0.000, 0.000, -454.981, 250.000, 0.000, 2.350, 0, 0 
152399, 37030832, 0.000, 0.000, -454.967, 250.000, 0.000, 2.350, 0, 0 
152399, 38547384, 0.000, 0.000, -454.967, 250.000, 0.000, 2.350, 0, 0 
152399, 40138268, 0.000, 0.000, -454.967, 250.000, 0.000, 2.350, 0, 0 
152399, 41676632, 0.000, 0.000, -454.994, 250.000, 0.000, 2.350, 0, 0 
152399, 43261934, 0.000, 0.000, -454.981, 250.000, 0.000, 2.350, 0, 0 
152399, 44839149, 0.000, 0.000, -454.981, 250.000, 0.000, 2.350, 0, 0 
152399, 46425821, 0.000, 0.000, -454.981, 250.000, 0.000, 2.350, 0, 0 
152399, 47939143, 0.000, 0.000, -454.981, 250.000, 0.000, 2.350, 0, 0 
152399, 49508113, 0.000, 0.000, -454.994, 250.000, 0.000, 2.350, 0, 0 
152399, 51096337, 0.000, 0.000, -454.981, 250.000, 0.000, 2.350, 0, 0 
152399, 52611909, 0.000, 0.000, -454.967, 250.000, 0.000, 2.350, 0, 0 
152399, 54125711, 0.000, 0.000, -454.981, 250.000, 0.000, 2.350, 0, 0 
152399, 55638937, 0.000, 0.000, -454.994, 250.000, 0.000, 2.350, 0, 0 
152399, 57151874, 0.000, 0.000, -454.994, 250.000, 0.000, 2.350, 0, 0 
152399, 58670968, 0.000, 0.000, -454.967, 250.000, 0.000, 2.350, 0, 0 
152399, 60189784, 0.000, 0.000, -454.981, 250.000, 0.000, 2.350, 0, 0 
152399, 61777997, 0.000, 0.000, -454.981, 250.000, 0.000, 2.350, 0, 0 
152399, 63291834, 0.000, 0.000, -454.981, 250.000, 0.000, 2.350, 0, 0 
152399, 64809143, 0.000, 0.000, -454.967, 250.000, 0.000, 2.350, 0, 0 
152399, 66325927, 0.000, 0.000, -454.967, 250.000, 0.000, 2.350, 0, 0 
152399, 67923722, 0.000, 0.000, -454.981, 250.000, 0.000, 2.350, 0, 0 
152399, 69517911, 0.000, 0.000, -454.967, 250.000, 0.000, 2.350, 0, 0 
152399, 71111603, 0.000, 0.000, -454.981, 250.000, 0.000, 2.350, 0, 0 
152399, 72633765, 0.000, 0.000, -454.981, 250.000, 0.000, 2.350, 0, 0 
152399, 74225322, 0.000, 0.000, -454.994, 250.000, 0.000, 2.350, 0, 0 
152399, 75808650, 0.000, 0.000, -454.981, 250.000, 0.000, 2.350, 0, 0 
152399, 77379598, 0.000, 0.000, -454.981, 250.000, 0.000, 2.350, 0, 0 
152399, 78895457, 0.000, 0.000, -454.967, 250.000, 0.000, 2.350, 0, 0 
152399, 80488879, 0.000, 0.000, -454.967, 250.000, 0.000, 2.350, 0, 0 
152399, 82092895, 0.000, 0.000, -454.981, 250.000, 0.000, 2.350, 0, 0 
152399, 83632878, 0.000, 0.000, -454.967, 250.000, 0.000, 2.350, 0, 0 
152399, 85225120, 0.000, 0.000, -454.967, 250.000, 0.000, 2.350, 0, 0 
152399, 86809665, 0.000, 0.000, -454.981, 250.000, 0.000, 2.350, 0, 0 
152399, 88328515, 0.000, 0.000, -454.981, 250.000, 0.000, 2.350, 0, 0 
152399, 89847859, 0.000, 0.000, -454.981, 250.000, 0.000, 2.350, 0, 0 
152399, 91364072, 0.000, 0.000, -454.953, 250.000, 0.000, 2.350, 0, 0 
152399, 92911301, 0.000, 0.000, -454.967, 250.000, 0.000, 2.350, 0, 0 
152399, 94457442, 0.000, 0.000, -454.967, 250.000, 0.000, 2.350, 0, 0 
152399, 95975062, 0.000, 0.000, -454.967, 250.000, 0.000, 2.350, 0, 0 
152399, 97493265, 0.000, 0.000, -454.981, 250.000, 0.000, 2.350, 0, 0 
152399, 99039118, 0.000, 0.000, -454.981, 250.000, 0.000, 2.350, 0, 0 
152399, 100624753, 0.000, 0.000, -454.981, 250.000, 0.000, 2.350, 0, 0 
152399, 102219031, 0.000, 0.000, -454.981, 250.000, 0.000, 2.350, 0, 0 
152399, 103811062, 0.000, 0.000, -454.981, 250.000, 0.000, 2.350, 0, 0 
152399, 105410550, 0.000, 0.000, -454.967, 250.000, 0.000, 2.350, 0, 0 
152399, 106982478, 0.000, 0.000, -454.981, 250.000, 0.000, 2.350, 0, 0 
152399, 108600114, 0.000, 0.000, -454.981, 250.000, 0.000, 2.350, 0, 0 
152399, 110117704, 0.000, 0.000, -454.981, 250.000, 0.000, 2.350, 0, 0 
152399, 111635994, 0.000, 0.000, -454.967, 250.000, 0.000, 2.350, 0, 0 
152399, 113156928, 0.000, 0.000, -454.981, 250.000, 0.000, 2.350, 0, 0 
152399, 114670735, 0.000, 0.000, -454.981, 250.000, 0.000, 2.350, 0, 0 
152399, 116186493, 0.000, 0.000, -454.981, 250.000, 0.000, 2.350, 0, 0 
152399, 117777203, 0.000, 0.000, -454.981, 250.000, 0.000, 2.350, 0, 0 
152399, 119328386, 0.000, 0.000, -454.981, 250.000, 0.000, 2.350, 0, 0 
152399, 120842683, 0.000, 0.000, -454.981, 250.000, 0.000, 2.350, 0, 0 
152399, 122355902, 0.000, 0.000, -454.994, 250.000, 0.000, 2.350, 0, 0 
152399, 123920031, 0.000, 0.000, -454.994, 250.000, 0.000, 2.350, 0, 0 
152399, 125433910, 0.000, 0.000, -454.967, 250.000, 0.000, 2.350, 0, 0 
152399, 126945835, 0.000, 0.000, -454.967, 250.000, 0.000, 2.350, 0, 0 
152399, 128463547, 0.000, 0.000, -454.981, 250.000, 0.000, 2.350, 0, 0 
152399, 130059036, 0.000, 0.000, -454.981, 250.000, 0.000, 2.350, 0, 0 
152399, 131644744, 0.000, 0.000, -454.967, 250.000, 0.000, 2.350, 0, 0 
152399, 133228365, 0.000, 0.000, -454.981, 250.000, 0.000, 2.350, 0, 0 
152399, 134813615, 0.000, 0.000, -454.981, 250.000, 0.000, 2.350, 0, 0 
152399, 136330793, 0.000, 0.000, -454.967, 250.000, 0.000, 2.350, 0, 0 
152399, 137910274, 0.000, 0.000, -454.981, 250.000, 0.000, 2.350, 0, 0 
152399, 139529546, 0.000, 0.000, -454.981, 250.000, 0.000, 2.350, 0, 0 
152399, 141048330, 0.000, 0.000, -454.981, 250.000, 0.000, 2.350, 0, 0 
152399, 142631978, 0.000, 0.000, -454.981, 250.000, 0.000, 2.350, 0, 0 
152399, 144153287, 0.000, 0.000, -454.981, 250.000, 0.000, 2.350, 0, 0 
152399, 145671578, 0.000, 0.000, -454.981, 250.000, 0.000, 2.350, 0, 0 
152399, 147188861, 0.000, 0.000, -454.981, 250.000, 0.000, 2.350, 0, 0 
152399, 148703190, 0.000, 0.000, -454.994, 250.000, 0.000, 2.350, 0, 0 
152399, 150219657, 0.000, 0.000, -454.981, 250.000, 0.000, 2.350, 0, 0 
152399, 151732698, 0.000, 0.000, -454.994, 250.000, 0.000, 2.350, 0, 0 
152399, 153321157, 0.000, 0.000, -454.981, 250.000, 0.000, 2.350, 0, 0 
152399, 154874813, 0.000, 0.000, -454.981, 250.000, 0.000, 2.350, 0, 0 
152399, 156388990, 0.000, 0.000, -454.967, 250.000, 0.000, 2.350, 0, 0 
152399, 157978177, 0.000, 0.000, -454.967, 250.000, 0.000, 2.350, 0, 0 
152399, 159490449, 0.000, 0.000, -454.967, 250.000, 0.000, 2.350, 0, 0 
152399, 161006485, 0.000, 0.000, -454.994, 250.000, 0.000, 2.350, 0, 0 
152399, 162594876, 0.000, 0.000, -454.994, 250.000, 0.000, 2.350, 0, 0 
152399, 164177608, 0.000, 0.000, -454.981, 250.000, 0.000, 2.350, 0, 0 
152399, 165714761, 0.000, 0.000, -454.