Thu Nov 29 11:09:31 2018
Controller Frequency: 1.50 kHz
Time(s), Time(ns), x, v, f, xdes, vdes, cmd, LSB, LSF
152112, 679846353, 0.000, 0.000, -454.981, 250.000, 0.000, 2.350, 0, 0 
152112, 681532262, 0.000, 0.000, -454.994, 250.000, 0.000, 2.350, 0, 0 
152112, 683055797, 0.000, 0.000, -454.967, 250.000, 0.000, 2.350, 0, 0 
152112, 684582250, 0.000, 0.000, -454.981, 250.000, 0.000, 2.350, 0, 0 
152112, 686099087, 0.000, 0.000, -454.981, 250.000, 0.000, 2.350, 0, 0 
152112, 687622295, 0.000, 0.000, -454.981, 250.000, 0.000, 2.350, 0, 0 
152112, 689145388, 0.000, 0.000, -454.994, 250.000, 0.000, 2.350, 0, 0 
152112, 690668087, 0.000, 0.000, -454.981, 250.000, 0.000, 2.350, 0, 0 
152112, 692237696, 0.000, 0.000, -454.981, 250.000, 0.000, 2.350, 0, 0 
152112, 693838770, 0.000, 0.000, -454.953, 250.000, 0.000, 2.350, 0, 0 
152112, 695472402, 0.000, 0.000, -454.994, 250.000, 0.000, 2.350, 0, 0 
152112, 696998513, 0.000, 0.000, -454.981, 250.000, 0.000, 2.350, 0, 0 
152112, 698515350, 0.000, 0.000, -454.981, 250.000, 0.000, 2.350, 0, 0 
152112, 700116482, 0.000, 0.000, -454.994, 250.000, 0.000, 2.350, 0, 0 
152112, 701708904, 0.000, 0.000, -454.994, 250.000, 0.000, 2.350, 0, 0 
152112, 703227502, 0.000, 0.000, -454.994, 250.000, 0.000, 2.350, 0, 0 
152112, 704745439, 0.000, 0.000, -454.981, 250.000, 0.000, 2.350, 0, 0 
152112, 706262366, 0.000, 0.000, -454.981, 250.000, 0.000, 2.350, 0, 0 
152112, 707778660, 0.000, 0.000, -454.981, 250.000, 0.000, 2.350, 0, 0 
152112, 709294930, 0.000, 0.000, -454.994, 250.000, 0.000, 2.350, 0, 0 
152112, 710926142, 0.000, 0.000, -454.981, 250.000, 0.000, 2.350, 0, 0 
152112, 712449107, 0.000, 0.000, -454.994, 250.000, 0.000, 2.350, 0, 0 
152112, 713970104, 0.000, 0.000, -454.981, 250.000, 0.000, 2.350, 0, 0 
152112, 715534997, 0.000, 0.000, -454.981, 250.000, 0.000, 2.350, 0, 0 
152112, 717128276, 0.000, 0.000, -454.981, 250.000, 0.000, 2.350, 0, 0 
152112, 718717632, 0.000, 0.000, -454.994, 250.000, 0.000, 2.350, 0, 0 
152112, 720309528, 0.000, 0.000, -454.967, 250.000, 0.000, 2.350, 0, 0 
152112, 721831210, 0.000, 0.000, -454.967, 250.000, 0.000, 2.350, 0, 0 
152112, 723418448, 0.000, 0.000, -454.967, 250.000, 0.000, 2.350, 0, 0 
152112, 725008222, 0.000, 0.000, -454.981, 250.000, 0.000, 2.350, 0, 0 
152112, 726640854, 0.000, 0.000, -454.981, 250.000, 0.000, 2.350, 0, 0 
152112, 728165403, 0.000, 0.000, -454.981, 250.000, 0.000, 2.350, 0, 0 
152112, 729754139, 0.000, 0.000, -454.967, 250.000, 0.000, 2.350, 0, 0 
152112, 731341466, 0.000, 0.000, -454.967, 250.000, 0.000, 2.350, 0, 0 
152112, 732928962, 0.000, 0.000, -454.981, 250.000, 0.000, 2.350, 0, 0 
152112, 734507591, 0.000, 0.000, -454.994, 250.000, 0.000, 2.350, 0, 0 
152112, 736097799, 0.000, 0.000, -454.981, 250.000, 0.000, 2.350, 0, 0 
152112, 737686619, 0.000, 0.000, -454.981, 250.000, 0.000, 2.350, 0, 0 
152112, 739302962, 0.000, 0.000, -454.981, 250.000, 0.000, 2.350, 0, 0 
152112, 740891795, 0.000, 0.000, -454.981, 250.000, 0.000, 2.350, 0, 0 
152112, 742523867, 0.000, 0.000, -454.981, 250.000, 0.000, 2.350, 0, 0 
152112, 744045509, 0.000, 0.000, -454.981, 250.000, 0.000, 2.350, 0, 0 
152112, 745632249, 0.000, 0.000, -454.967, 250.000, 0.000, 2.350, 0, 0 
152112, 747219402, 0.000, 0.000, -454.981, 250.000, 0.000, 2.350, 0, 0 
152112, 748848415, 0.000, 0.000, -454.981, 250.000, 0.000, 2.350, 0, 0 
152112, 750435049, 0.000, 0.000, -454.981, 250.000, 0.000, 2.350, 0, 0 
152112, 752025400, 0.000, 0.000, -454.981, 250.000, 0.000, 2.350, 0, 0 
152112, 753625968, 0.000, 0.000, -454.994, 250.000, 0.000, 2.350, 0, 0 
152112, 755224673, 0.000, 0.000, -454.967, 250.000, 0.000, 2.350, 0, 0 
152112, 756831332, 0.000, 0.000, -454.981, 250.000, 0.000, 2.350, 0, 0 
152112, 758470185, 0.000, 0.000, -454.981, 250.000, 0.000, 2.350, 0, 0 
152112, 760071701, 0.000, 0.000, -454.981, 250.000, 0.000, 2.350, 0, 0 
152112, 761635820, 0.000, 0.000, -454.981, 250.000, 0.000, 2.350, 0, 0 
152112, 763196185, 0.000, 0.000, -454.981, 250.000, 0.000, 2.350, 0, 0 
152112, 764799791, 0.000, 0.000, -454.981, 250.000, 0.000, 2.350, 0, 0 
152112, 766398092, 0.000, 0.000, -454.967, 250.000, 0.000, 2.350, 0, 0 
152112, 767916148, 0.000, 0.000, -454.981, 250.000, 0.000, 2.350, 0, 0 
152112, 769514185, 0.000, 0.000, -454.967, 250.000, 0.000, 2.350, 0, 0 
152112, 771114351, 0.000, 0.000, -454.981, 250.000, 0.000, 2.350, 0, 0 
152112, 772678367, 0.000, 0.000, -454.981, 250.000, 0.000, 2.350, 0, 0 
152112, 774235491, 0.000, 0.000, -454.967, 250.000, 0.000, 2.350, 0, 0 
152112, 775830328, 0.000, 0.000, -454.981, 250.000, 0.000, 2.350, 0, 0 
152112, 777426068, 0.000, 0.000, -454.967, 250.000, 0.000, 2.350, 0, 0 
152112, 778984413, 0.000, 0.000, -454.981, 250.000, 0.000, 2.350, 0, 0 
152112, 780565271, 0.000, 0.000, -454.981, 250.000, 0.000, 2.350, 0, 0 
152112, 782088443, 0.000, 0.000, -454.981, 250.000, 0.000, 2.350, 0, 0 
152112, 783648620, 0.000, 0.000, -454.981, 250.000, 0.000, 2.350, 0, 0 
152112, 785206300, 0.000, 0.000, -454.981, 250.000, 0.000, 2.350, 0, 0 
152112, 786772943, 0.000, 0.000, -454.967, 250.000, 0.000, 2.350, 0, 0 
152112, 788375235, 0.000, 0.000, -454.981, 250.000, 0.000, 2.350, 0, 0 
152112, 789983770, 0.000, 0.000, -454.981, 250.000, 0.000, 2.350, 0, 0 
152112, 791567168, 0.000, 0.000, -454.981, 250.000, 0.000, 2.350, 0, 0 
152112, 793167937, 0.000, 0.000, -454.981, 250.000, 0.000, 2.350, 0, 0 
152112, 794725021, 0.000, 0.000, -454.967, 250.000, 0.000, 2.350, 0, 0 
152112, 796328094, 0.000, 0.000, -454.981, 250.000, 0.000, 2.350, 0, 0 
152112, 797926938, 0.000, 0.000, -454.981, 250.000, 0.000, 2.350, 0, 0 
152112, 799444938, 0.000, 0.000, -454.981, 250.000, 0.000, 2.350, 0, 0 
152112, 801018652, 0.000, 0.000, -454.981, 250.000, 0.000, 2.350, 0, 0 
152112, 802576164, 0.000, 0.000, -454.994, 250.000, 0.000, 2.350, 0, 0 
152112, 804183377, 0.000, 0.000, -454.994, 250.000, 0.000, 2.350, 0, 0 
152112, 805819412, 0.000, 0.000, -454.967, 250.000, 0.000, 2.350, 0, 0 
152112, 807377065, 0.000, 0.000, -454.994, 250.000, 0.000, 2.350, 0, 0 
152112, 808894324, 0.000, 0.000, -454.967, 250.000, 0.000, 2.350, 0, 0 
152112, 810451307, 0.000, 0.000, -454.981, 250.000, 0.000, 2.350, 0, 0 
152112, 811968777, 0.000, 0.000, -454.981, 250.000, 0.000, 2.350, 0, 0 
152112, 813535456, 0.000, 0.000, -454.981, 250.000, 0.000, 2.350, 0, 0 
152112, 815053037, 0.000, 0.000, -454.994, 250.000, 0.000, 2.350, 0, 0 
152112, 816663756, 0.000, 0.000, -454.981, 250.000, 0.000, 2.350, 0, 0 
152112, 818264357, 0.000, 0.000, -454.967, 250.000, 0.000, 2.350, 0, 0 
152112, 819824268, 0.000, 0.000, -454.981, 250.000, 0.000, 2.350, 0, 0 
152112, 821425873, 0.000, 0.000, -454.967, 250.000, 0.000, 2.350, 0, 0 
152112, 823026908, 0.000, 0.000, -454.967, 250.000, 0.000, 2.350, 0, 0 
152112, 824628205, 0.000, 0.000, -454.981, 250.000, 0.000, 2.350, 0, 0 
152112, 826174793, 0.000, 0.000, -454.981, 250.000, 0.000, 2.350, 0, 0 
152112, 827715558, 0.000, 0.000, -454.994, 250.000, 0.000, 2.350, 0, 0 
152112, 829231538, 0.000, 0.000, -454.981, 250.000, 0.000, 2.350, 0, 0 
152112, 830824766, 0.000, 0.000, -454.981, 250.000, 0.000, 2.350, 0, 0 
152112, 832338856, 0.000, 0.000, -454.967, 250.000, 0.000, 2.350, 0, 0 
152112, 833851903, 0.000, 0.000, -454.981, 250.000, 0.000, 2.350, 0, 0 
152112, 835364195, 0.000, 0.000, -454.994, 250.000, 0.000, 2.350, 0, 0 
152112, 836949810, 0.000, 0.000, -454.981, 250.000, 0.000, 2.350, 0, 0 
152112, 838463595, 0.000, 0.000, -454.981, 250.000, 0.000, 2.350, 0, 0 
152112, 839978766, 0.000, 0.000, -454.981, 250.000, 0.000, 2.350, 0, 0 
152112, 841490647, 0.000, 0.000, -454.981, 250.000, 0.000, 2.350, 0, 0 
152112, 843004486, 0.000, 0.000, -454.981, 250.000, 0.000, 2.350, 0, 0 
152112, 844590022, 0.000, 0.000, -454.981, 250.000, 0.000, 2.350, 0, 0 
152112, 846101743, 0.000, 0.000, -454.994, 250.000, 0.000, 2.350, 0, 0 
152112, 847619400, 0.000, 0.000, -454.967, 250.000, 0.000, 2.350, 0, 0 
152112, 849208628, 0.000, 0.000, -454.967, 250.000, 0.000, 2.350, 0, 0 
152112, 850722025, 0.000, 0.000, -454.981, 250.000, 0.000, 2.350, 0, 0 
152112, 852273892, 0.000, 0.000, -454.981, 250.000, 0.000, 2.350, 0, 0 
152112, 853806517, 0.000, 0.000, -454.981, 250.000, 0.000, 2.350, 0, 0 
152112, 855380467, 0.000, 0.000, -454.994, 250.000, 0.000, 2.350, 0, 0 
152112, 856894363, 0.000, 0.000, -454.967, 250.000, 0.000, 2.350, 0, 0 
152112, 858452717, 0.000, 0.000, -454.981, 250.000, 0.000, 2.350, 0, 0 
152112, 859971017, 0.000, 0.000, -454.981, 250.000, 0.000, 2.350, 0, 0 
152112, 861488769, 0.000, 0.000, -454.967, 250.000, 0.000, 2.350, 0, 0 
152112, 863006022, 0.000, 0.000, -454.981, 250.000, 0.000, 2.350, 0, 0 
152112, 864589410, 0.000, 0.000, -454.967, 250.000, 0.000, 2.350, 0, 0 
152112, 866106509, 0.000, 0.000, -454.967, 250.000, 0.000, 2.350, 0, 0 
152112, 867674137, 0.000, 0.000, -454.981, 250.000, 0.000, 2.350, 0, 0 
152112, 869189929, 0.000, 0.000, -454.981, 250.000, 0.000, 2.350, 0, 0 
152112, 870707128, 0.000, 0.000, -454.981, 250.000, 0.000, 2.350, 0, 0 
152112, 872220519, 0.000, 0.000, -454.981, 250.000, 0.000, 2.350, 0, 0 
152112, 873820904, 0.000, 0.000, -454.967, 250.000, 0.000, 2.350, 0, 0 
152112, 875338244, 0.000, 0.000, -454.967, 250.000, 0.000, 2.350, 0, 0 
152112, 876856490, 0.000, 0.000, -454.981, 250.000, 0.000, 2.350, 0, 0 
152112, 878372416, 0.000, 0.000, -454.967, 250.000, 0.000, 2.350, 0, 0 
152112, 879891029, 0.000, 0.000, -454.981, 250.000, 0.000, 2.350, 0, 0 
152112, 881405764, 0.000, 0.000, -454.994, 250.000, 0.000, 2.350, 0, 0 
152112, 882960690, 0.000, 0.000, -454.981, 250.000, 0.000, 2.350, 0, 0 
152112, 884475017, 0.000, 0.000, -454.981, 250.000, 0.000, 2.350, 0, 0 
152112, 885988706, 0.000, 0.000, -454.994, 250.000, 0.000, 2.350, 0, 0 
152112, 887513061, 0.000, 0.000, -454.967, 250.000, 0.000, 2.350, 0, 0 
152112, 889025870, 0.000, 0.000, -454.981, 250.000, 0.000, 2.350, 0, 0 
152112, 890540630, 0.000, 0.000, -454.981, 250.000, 0.000, 2.350, 0, 0 
152112, 892053226, 0.000, 0.000, -454.981, 250.000, 0.000, 2.350, 0, 0 
152112, 893624248, 0.000, 0.000, -454.967, 250.000, 0.000, 2.350, 0, 0 
152112, 895139776, 0.000, 0.000, -454.981, 250.000, 0.000, 2.350, 0, 0 
152112, 896654748, 0.000, 0.000, -454.981, 250.000, 0.000, 2.350, 0, 0 
152112, 898206666, 0.000, 0.000, -454.981, 250.000, 0.000, 2.350, 0, 0 
152112, 899735873, 0.000, 0.000, -454.981, 250.000, 0.000, 2.350, 0, 0 
152112, 901247081, 0.000, 0.000, -454.981, 250.000, 0.000, 2.350, 0, 0 
152112, 902760250, 0.000, 0.000, -454.981, 250.000, 0.000, 2.350, 0, 0 
152112, 904276245, 0.000, 0.000, -454.967, 250.000, 0.000, 2.350, 0, 0 
152112, 905789607, 0.000, 0.000, -454.981, 250.000, 0.000, 2.350, 0, 0 
152112, 907302983, 0.000, 0.000, -454.967, 250.000, 0.000, 2.350, 0, 0 
152112, 908817704, 0.000, 0.000, -454.994, 250.000, 0.000, 2.350, 0, 0 
152112, 910417510, 0.000, 0.000, -454.994, 250.000, 0.000, 2.350, 0, 0 
152112, 911934665, 0.000, 0.000, -454.981, 250.000, 0.000, 2.350, 0, 0 
152112, 913486672, 0.000, 0.000, -454.981, 250.000, 0.000, 2.350, 0, 0 
152112, 915004818, 0.000, 0.000, -454.981, 250.000, 0.000, 2.350, 0, 0 
152112, 916551310, 0.000, 0.000, -454.981, 250.000, 0.000, 2.350, 0, 0 
152112, 918065883, 0.000, 0.000, -454.967, 250.000, 0.000, 2.350, 0, 0 
152112, 919579804, 0.000, 0.000, -454.981, 250.000, 0.000, 2.350, 0, 0 
152112, 921094047, 0.000, 0.000, -454.981, 250.000, 0.000, 2.350, 0, 0 
152112, 922608532, 0.000, 0.000, -454.981, 250.000, 0.000, 2.350, 0, 0 
152112, 924130393, 0.000, 0.000, -454.994, 250.000, 0.000, 2.350, 0, 0 
152112, 925645310, 0.000, 0.000, -454.967, 250.000, 0.000, 2.350, 0, 0 
152112, 927160389, 0.000, 0.000, -454.967, 250.000, 0.000, 2.350, 0, 0 
152112, 928716765, 0.000, 0.000, -454.981, 250.000, 0.000, 2.350, 0, 0 
152112, 930230860, 0.000, 0.000, -454.967, 250.000, 0.000, 2.350, 0, 0 
152112, 931744602, 0.000, 0.000, -454.967, 250.000, 0.000, 2.350, 0, 0 
152112, 933326006, 0.000, 0.000, -454.981, 250.000, 0.000, 2.350, 0, 0 
152112, 934915097, 0.000, 0.000, -454.981, 250.000, 0.000, 2.350, 0, 0 
152112, 936431504, 0.000, 0.000, -454.967, 250.000, 0.000, 2.350, 0, 0 
152112, 937996185, 0.000, 0.000, -454.981, 250.000, 0.000, 2.350, 0, 0 
152112, 939510691, 0.000, 0.000, -454.981, 250.000, 0.000, 2.350, 0, 0 
152112, 941112274, 0.000, 0.000, -454.994, 250.000, 0.000, 2.350, 0, 0 
152112, 942696435, 0.000, 0.000, -454.994, 250.000, 0.000, 2.350, 0, 0 
152112, 944248431, 0.000, 0.000, -454.981, 250.000, 0.000, 2.350, 0, 0 
152112, 945762657, 0.000, 0.000, -454.994, 250.000, 0.000, 2.350, 0, 0 
152112, 947349204, 0.000, 0.000, -454.981, 250.000, 0.000, 2.350, 0, 0 
152112, 948860474, 0.000, 0.000, -454.981, 250.000, 0.000, 2.350, 0, 0 
152112, 950384811, 0.000, 0.000, -454.994, 250.000, 0.000, 2.350, 0, 0 
152112, 951902409, 0.000, 0.000, -454.981, 250.000, 0.000, 2.350, 0, 0 
152112, 953426364, 0.000, 0.000, -454.967, 250.000, 0.000, 2.350, 0, 0 
152112, 954942333, 0.000, 0.000, -454.967, 250.000, 0.000, 2.350, 0, 0 
152112, 956459044, 0.000, 0.000, -454.981, 250.000, 0.000, 2.350, 0, 0 
152112, 957972616, 0.000, 0.000, -454.981, 250.000, 0.000, 2.350, 0, 0 
152112, 959525686, 0.000, 0.000, -454.994, 250.000, 0.000, 2.350, 0, 0 
152112, 961039001, 0.000, 0.000, -454.981, 250.000, 0.000, 2.350, 0, 0 
152112, 962551835, 0.000, 0.000, -454.967, 250.000, 0.000, 2.350, 0, 0 
152112, 964138219, 0.000, 0.000, -454.994, 250.000, 0.000, 2.350, 0, 0 
152112, 965655603, 0.000, 0.000, -454.981, 250.000, 0.000, 2.350, 0, 0 
152112, 967201403, 0.000, 0.000, -454.967, 250.000, 0.000, 2.350, 0, 0 
152112, 968715496, 0.000, 0.000, -454.981, 250.000, 0.000, 2.350, 0, 0 
152112, 970237345, 0.000, 0.000, -454.994, 250.000, 0.000, 2.350, 0, 0 
152112, 971758579, 0.000, 0.000, -454.981, 250.000, 0.000, 2.350, 0, 0 
152112, 973340799, 0.000, 0.000, -454.967, 250.000, 0.000, 2.350, 0, 0 
152112, 974891694, 0.000, 0.000, -454.994, 250.000, 0.000, 2.350, 0, 0 
152112, 976418252, 0.000, 0.000, -454.981, 250.000, 0.000, 2.350, 0, 0 
152112, 977936829, 0.000, 0.000, -454.981, 250.000, 0.000, 2.350, 0, 0 
152112, 979454700, 0.000, 0.000, -454.994, 250.000, 0.000, 2.350, 0, 0 
152112, 980971938, 0.000, 0.000, -454.981, 250.000, 0.000, 2.350, 0, 0 
152112, 982485145, 0.000, 0.000, -454.967, 250.000, 0.000, 2.350, 0, 0 
152112, 984033468, 0.000, 0.000, -454.981, 250.000, 0.000, 2.350, 0, 0 
152112, 985630532, 0.000, 0.000, -454.994, 250.000, 0.000, 2.350, 0, 0 
152112, 987179955, 0.000, 0.000, -454.967, 250.000, 0.000, 2.350, 0, 0 
152112, 988697127, 0.000, 0.000, -454.967, 250.000, 0.000, 2.350, 0, 0 
152112, 990238948, 0.000, 0.000, -454.981, 250.000, 0.000, 2.350, 0, 0 
152112, 991756512, 0.000, 0.000, -454.967, 250.000, 0.000, 2.350, 0, 0 
152112, 993284475, 0.000, 0.000, -454.981, 250.000, 0.000, 2.350, 0, 0 
152112, 994827407, 0.000, 0.000, -454.994, 250.000, 0.000, 2.350, 0, 0 
152112, 996417048, 0.000, 0.000, -454.981, 250.000, 0.000, 2.350, 0, 0 
152112, 997939153, 0.000, 0.000, -454.967, 250.000, 0.000, 2.350, 0, 0 
152112, 999522825, 0.000, 0.000, -454.967, 250.000, 0.000, 2.350, 0, 0 
152113, 1038143, 0.000, 0.000, -454.981, 250.000, 0.000, 2.350, 0, 0 
152113, 2553824, 0.000, 0.000, -454.981, 250.000, 0.000, 2.350, 0, 0 
152113, 4160419, 0.000, 0.000, -454.967, 250.000, 0.000, 2.350, 0, 0 
152113, 5743875, 0.000, 0.000, -454.981, 250.000, 0.000, 2.350, 0, 0 
152113, 7255734, 0.000, 0.000, -454.981, 250.000, 0.000, 2.350, 0, 0 
152113, 8773907, 0.000, 0.000, -454.981, 250.000, 0.000, 2.350, 0, 0 
152113, 10291404, 0.000, 0.000, -454.967, 250.000, 0.000, 2.350, 0, 0 
152113, 11804302, 0.000, 0.000, -454.967, 250.000, 0.000, 2.350, 0, 0 
152113, 13386038, 0.000, 0.000, -454.981, 250.000, 0.000, 2.350, 0, 0 
152113, 14973612, 0.000, 0.000, -454.967, 250.000, 0.000, 2.350, 0, 0 
152113, 16505425, 0.000, 0.000, -454.994, 250.000, 0.000, 2.350, 0, 0 
152113, 18017052, 0.000, 0.000, -454.981, 250.000, 0.000, 2.350, 0, 0 
152113, 19528532, 0.000, 0.000, -454.981, 250.000, 0.000, 2.350, 0, 0 
152113, 21079330, 0.000, 0.000, -454.967, 250.000, 0.000, 2.350, 0, 0 
152113, 22591803, 0.000, 0.000, -454.981, 250.000, 0.000, 2.350, 0, 0 
152113, 24179612, 0.000, 0.000, -454.994, 250.000, 0.000, 2.350, 0, 0 
152113, 25768413, 0.000, 0.000, -454.981, 250.000, 0.000, 2.350, 0, 0 
152113, 27280126, 0.000, 0.000, -454.981, 250.000, 0.000, 2.350, 0, 0 
152113, 28881341, 0.000, 0.000, -454.981, 250.000, 0.000, 2.350, 0, 0 
152113, 30483319, 0.000, 0.000, -454.981, 250.000, 0.000, 2.350, 0, 0 
152113, 32070886, 0.000, 0.000, -454.967, 250.000, 0.000, 2.350, 0, 0 
152113, 33617505, 0.000, 0.000, -454.994, 250.000, 0.000, 2.350, 0, 0 
152113, 35132346, 0.000, 0.000, -454.981, 250.000, 0.000, 2.350, 0, 0 
152113, 36675053, 0.000, 0.000, -454.967, 250.000, 0.000, 2.350, 0, 0 
152113, 38199918, 0.000, 0.000, -454.967, 250.000, 0.000, 2.350, 0, 0 
152113, 39788508, 0.000, 0.000, -454.981, 250.000, 0.000, 2.350, 0, 0 
152113, 41379410, 0.000, 0.000, -454.981, 250.000, 0.000, 2.350, 0, 0 
152113, 42968063, 0.000, 0.000, -454.981, 250.000, 0.000, 2.350, 0, 0 
152113, 44535892, 0.000, 0.000, -454.981, 250.000, 0.000, 2.350, 0, 0 
152113, 46048033, 0.000, 0.000, -454.994, 250.000, 0.000, 2.350, 0, 0 
152113, 47564992, 0.000, 0.000, -454.994, 250.000, 0.000, 2.350, 0, 0 
152113, 49104059, 0.000, 0.000, -454.981, 250.000, 0.000, 2.350, 0, 0 
152113, 50697330, 0.000, 0.000, -454.994, 250.000, 0.000, 2.350, 0, 0 
152113, 52248050, 0.000, 0.000, -454.981, 250.000, 0.000, 2.350, 0, 0 
152113, 53825633, 0.000, 0.000, -454.967, 250.000, 0.000, 2.350, 0, 0 
152113, 55381262, 0.000, 0.000, -454.994, 250.000, 0.000, 2.350, 0, 0 
152113, 56963357, 0.000, 0.000, -454.981, 250.000, 0.000, 2.350, 0, 0 
152113, 58475617, 0.000, 0.000, -454.981, 250.000, 0.000, 2.350, 0, 0 
152113, 60048319, 0.000, 0.000, -454.981, 250.000, 0.000, 2.350, 0, 0 
152113, 61628707, 0.000, 0.000, -454.967, 250.000, 0.000, 2.350, 0, 0 
152113, 63207361, 0.000, 0.000, -454.967, 250.000, 0.000, 2.350, 0, 0 
152113, 64748951, 0.000, 0.000, -454.967, 250.000, 0.000, 2.350, 0, 0 
152113, 66262222, 0.000, 0.000, -454.994, 250.000, 0.000, 2.350, 0, 0 
152113, 67817082, 0.000, 0.000, -454.981, 250.000, 0.000, 2.350, 0, 0 
152113, 69333637, 0.000, 0.000, -454.967, 250.000, 0.000, 2.350, 0, 0 
152113, 70849070, 0.000, 0.000, -454.967, 250.000, 0.000, 2.350, 0, 0 
152113, 72364139, 0.000, 0.000, -454.981, 250.000, 0.000, 2.350, 0, 0 
152113, 73955069, 0.000, 0.000, -454.981, 250.000, 0.000, 2.350, 0, 0 
152113, 75488587, 0.000, 0.000, -454.981, 250.000, 0.000, 2.350, 0, 0 
152113, 77033367, 0.000, 0.000, -454.967, 250.000, 0.000, 2.350, 0, 0 
152113, 78548316, 0.000, 0.000, -454.981, 250.000, 0.000, 2.350, 0, 0 
152113, 80069332, 0.000, 0.000, -454.994, 250.000, 0.000, 2.350, 0, 0 
152113, 81586069, 0.000, 0.000, -454.981, 250.000, 0.000, 2.350, 0, 0 
152113, 83184046, 0.000, 0.000, -454.967, 250.000, 0.000, 2.350, 0, 0 
152113, 84697550, 0.000, 0.000, -454.967, 250.000, 0.000, 2.350, 0, 0 
152113, 86287961, 0.000, 0.000, -454.967, 250.000, 0.000, 2.350, 0, 0 
152113, 87875961, 0.000, 0.000, -454.994, 250.000, 0.000, 2.350, 0, 0 
152113, 89454731, 0.000, 0.000, -454.981, 250.000, 0.000, 2.350, 0, 0 
152113, 90969743, 0.000, 0.000, -454.967, 250.000, 0.000, 2.350, 0, 0 
152113, 92537243, 0.000, 0.000, -454.994, 250.000, 0.000, 2.350, 0, 0 
152113, 94116253, 0.000, 0.000, -454.981, 250.000, 0.000, 2.350, 0, 0 
152113, 95708774, 0.000, 0.000, -454.981, 250.000, 0.000, 2.350, 0, 0 
152113, 97288111, 0.000, 0.000, -454.967, 250.000, 0.000, 2.350, 0, 0 
152113, 98831082, 0.000, 0.000, -454.981, 250.000, 0.000, 2.350, 0, 0 
152113, 100347153, 0.000, 0.000, -454.981, 250.000, 0.000, 2.350, 0, 0 
152113, 101936723, 0.000, 0.000, -454.994, 250.000, 0.000, 2.350, 0, 0 
152113, 103497078, 0.000, 0.000, -454.994, 250.000, 0.000, 2.350, 0, 0 
152113, 105090056, 0.000, 0.000, -454.967, 250.000, 0.000, 2.350, 0, 0 
152113, 106678925, 0.000, 0.000, -454.994, 250.000, 0.000, 2.350, 0, 0 
152113, 108266821, 0.000, 0.000, -454.981, 250.000, 0.000, 2.350, 0, 0 
152113, 109876586, 0.000, 0.000, -454.981, 250.000, 0.000, 2.350, 0, 0 
152113, 111476666, 0.000, 0.000, -454.967, 250.000, 0.000, 2.350, 0, 0 
152113, 113075305, 0.000, 0.000, -454.967, 250.000, 0.000, 2.350, 0, 0 
152113, 114626231, 0.000, 0.000, -454.967, 250.000, 0.000, 2.350, 0, 0 
152113, 116210416, 0.000, 0.000, -454.981, 250.000, 0.000, 2.350, 0, 0 
152113, 117794340, 0.000, 0.000, -454.981, 250.000, 0.000, 2.350, 0, 0 
152113, 119317374, 0.000, 0.000, -454.981, 250.000, 0.000, 2.350, 0, 0 
152113, 120830755, 0.000, 0.000, -454.994, 250.000, 0.000, 2.350, 0, 0 
152113, 122420837, 0.000, 0.000, -454.994, 250.000, 0.000, 2.350, 0, 0 
152113, 123980190, 0.000, 0.000, -454.981, 250.000, 0.000, 2.350, 0, 0 
152113, 125543295, 0.000, 0.000, -454.967, 250.000, 0.000, 2.350, 0, 0 
152113, 127125232, 0.000, 0.000, -454.994, 250.000, 0.000, 2.350, 0, 0 
152113, 128638279, 0.000, 0.000, -454.981, 250.000, 0.000, 2.350, 0, 0 
152113, 130187930, 0.000, 0.000, -454.981, 250.000, 0.000, 2.350, 0, 0 
152113, 131705555, 0.000, 0.000, -454.981, 250.000, 0.000, 2.350, 0, 0 
152113, 133222890, 0.000, 0.000, -454.967, 250.000, 0.000, 2.350, 0, 0 
152113, 134741395, 0.000, 0.000, -454.981, 250.000, 0.000, 2.350, 0, 0 
152113, 136259792, 0.000, 0.000, -454.967, 250.000, 0.000, 2.350, 0, 0 
152113, 137777045, 0.000, 0.000, -454.981, 250.000, 0.000, 2.350, 0, 0 
152113, 139294347, 0.000, 0.000, -454.981, 250.000, 0.000, 2.350, 0, 0 
152113, 140811994, 0.000, 0.000, -454.981, 250.000, 0.000, 2.350, 0, 0 
152113, 142329000, 0.000, 0.000, -454.967, 250.000, 0.000, 2.350, 0, 0 
152113, 143847587, 0.000, 0.000, -454.981, 250.000, 0.000, 2.350, 0, 0 
152113, 145437297, 0.000, 0.000, -454.981, 250.000, 0.000, 2.350, 0, 0 
152113, 146955004, 0.000, 0.000, -454.981, 250.000, 0.000, 2.350, 0, 0 
152113, 148477020, 0.000, 0.000, -454.967, 250.000, 0.000, 2.350, 0, 0 
152113, 149994280, 0.000, 0.000, -454.981, 250.000, 0.000, 2.350, 0, 0 
152113, 151511816, 0.000, 0.000, -454.981, 250.000, 0.000, 2.350, 0, 0 
152113, 153110626, 0.000, 0.000, -454.994, 250.000, 0.000, 2.350, 0, 0 
152113, 154631671, 0.000, 0.000, -454.981, 250.000, 0.000, 2.350, 0, 0 
152113, 156152024, 0.000, 0.000, -454.981, 250.000, 0.000, 2.350, 0, 0 
152113, 157668004, 0.000, 0.000, -454.981, 250.000, 0.000, 2.350, 0, 0 
152113, 159182964, 0.000, 0.000, -454.981, 250.000, 0.000, 2.350, 0, 0 
152113, 160724979, 0.000, 0.000, -454.994, 250.000, 0.000, 2.350, 0, 0 
152113, 162239030, 0.000, 0.000, -454.981, 250.000, 0.000, 2.350, 0, 0 
152113, 163759416, 0.000, 0.000, -454.967, 250.000, 0.000, 2.350, 0, 0 
152113, 165277625, 0.000, 0.000, -454.994, 250.000, 0.000, 2.350, 0, 0 
152113, 166795463, 0.000, 0.000, -454.981, 250.000, 0.000, 2.350, 0, 0 
152113, 168309833, 0.000, 0.000, -454.994, 250.000, 0.000, 2.350, 0, 0 
152113, 169823135, 0.000, 0.000, -454.981, 250.000, 0.000, 2.350, 0, 0 
152113, 171389168, 0.000, 0.000, -454.981, 250.000, 0.000, 2.350, 0, 0 
152113, 172933385, 0.000, 0.000, -454.981, 250.000, 0.000, 2.350, 0, 0 
152113, 174487458, 0.000, 0.000, -454.967, 250.000, 0.000, 2.350, 0, 0 
152113, 176070824, 0.000, 0.000, -454.981, 250.000, 0.000, 2.350, 0, 0 
152113, 177584895, 0.000, 0.000, -454.981, 250.000, 0.000, 2.350, 0, 0 
152113, 179102197, 0.000, 0.000, -454.981, 250.000, 0.000, 2.350, 0, 0 
152113, 180635517, 0.000, 0.000, -454.981, 250.000, 0.000, 2.350, 0, 0 
152113, 182150123, 0.000, 0.000, -454.967, 250.000, 0.000, 2.350, 0, 0 
152113, 183674983, 0.000, 0.000, -454.994, 250.000, 0.000, 2.350, 0, 0 
152113, 185188298, 0.000, 0.000, -454.981, 250.000, 0.000, 2.350, 0, 0 
152113, 186700932, 0.000, 0.000, -454.981, 250.000, 0.000, 2.350, 0, 0 
152113, 188214823, 0.000, 0.000, -454.994, 250.000, 0.000, 2.350, 0, 0 
152113, 189743375, 0.000, 0.000, -454.967, 250.000, 0.000, 2.350, 0, 0 
152113, 191330025, 0.000, 0.000, -454.981, 250.000, 0.000, 2.350, 0, 0 
152113, 192844870, 0.000, 0.000, -454.981, 250.000, 0.000, 2.350, 0, 0 
152113, 194358454, 0.000, 0.000, -454.994, 250.000, 0.000, 2.350, 0, 0 
152113, 195932027, 0.000, 0.000, -454.994, 250.000, 0.000, 2.350, 0, 0 
152113, 197526092, 0.000, 0.000, -454.994, 250.000, 0.000, 2.350, 0, 0 
152113, 199044177, 0.000, 0.000, -454.981, 250.000, 0.000, 2.350, 0, 0 
152113, 200588089, 0.000, 0.000, -454.967, 250.000, 0.000, 2.350, 0, 0 
152113, 202106271, 0.000, 0.000, -454.981, 250.000, 0.000, 2.350, 0, 0 
152113, 203623755, 0.000, 0.000, -454.981, 250.000, 0.000, 2.350, 0, 0 
152113, 205142137, 0.000, 0.000, -454.981, 250.000, 0.000, 2.350, 0, 0 
152113, 206764307, 0.000, 0.000, -454.981, 250.000, 0.000, 2.350, 0, 0 
152113, 208277755, 0.000, 0.000, -454.981, 250.000, 0.000, 2.350, 0, 0 
152113, 209845287, 0.000, 0.000, -454.967, 250.000, 0.000, 2.350, 0, 0 
152113, 211365265, 0.000, 0.000, -454.981, 250.000, 0.000, 2.350, 0, 0 
152113, 212956771, 0.000, 0.000, -454.981, 250.000, 0.000, 2.350, 0, 0 
152113, 214474240, 0.000, 0.000, -454.967, 250.000, 0.000, 2.350, 0, 0 
152113, 216067938, 0.000, 0.000, -454.967, 250.000, 0.000, 2.350, 0, 0 
152113, 217624740, 0.000, 0.000, -454.967, 250.000, 0.000, 2.350, 0, 0 
152113, 219142371, 0.000, 0.000, -454.981, 250.000, 0.000, 2.350, 0, 0 
152113, 220663739, 0.000, 0.000, -454.967, 250.000, 0.000, 2.350, 0, 0 
152113, 222258567, 0.000, 0.000, -454.994, 250.000, 0.000, 2.350, 0, 0 
152113, 223776531, 0.000, 0.000, -454.981, 250.000, 0.000, 2.350, 0, 0 
152113, 225294141, 0.000, 0.000, -454.981, 250.000, 0.000, 2.350, 0, 0 
152113, 226808611, 0.000, 0.000, -454.981, 250.000, 0.000, 2.350, 0, 0 
152113, 228416683, 0.000, 0.000, -454.981, 250.000, 0.000, 2.350, 0, 0 
152113, 229936319, 0.000, 0.000, -454.981, 250.000, 0.000, 2.350, 0, 0 
152113, 231492710, 0.000, 0.000, -454.967, 250.000, 0.000, 2.350, 0, 0 
152113, 233010586, 0.000, 0.000, -454.981, 250.000, 0.000, 2.350, 0, 0 
152113, 234525349, 0.000, 0.000, -454.981, 250.000, 0.000, 2.350, 0, 0 
152113, 236044278, 0.000, 0.000, -454.994, 250.000, 0.000, 2.350, 0, 0 
152113, 237605891, 0.000, 0.000, -454.967, 250.000, 0.000, 2.350, 0, 0 
152113, 239124996, 0.000, 0.000, -454.994, 250.000, 0.000, 2.350, 0, 0 
152113, 240644866, 0.000, 0.000, -454.967, 250.000, 0.000, 2.350, 0, 0 
152113, 242160465, 0.000, 0.000, -454.981, 250.000, 0.000, 2.350, 0, 0 
152113, 243675038, 0.000, 0.000, -454.981, 250.000, 0.000, 2.350, 0, 0 
152113, 245191074, 0.000, 0.000, -454.967, 250.000, 0.000, 2.350, 0, 0 
152113, 246703972, 0.000, 0.000, -454.967, 250.000, 0.000, 2.350, 0, 0 
152113, 248217699, 0.000, 0.000, -454.981, 250.000, 0.000, 2.350, 0, 0 
152113, 249804116, 0.000, 0.000, -454.981, 250.000, 0.000, 2.350, 0, 0 
152113, 251321443, 0.000, 0.000, -454.981, 250.000, 0.000, 2.350, 0, 0 
152113, 252870965, 0.000, 0.000, -454.967, 250.000, 0.000, 2.350, 0, 0 
152113, 254383825, 0.000, 0.000, -454.981, 250.000, 0.000, 2.350, 0, 0 
152113, 255895415, 0.000, 0.000, -454.981, 250.000, 0.000, 2.350, 0, 0 
152113, 257474175, 0.000, 0.000, -454.981, 250.000, 0.000, 2.350, 0, 0 
152113, 258992465, 0.000, 0.000, -455.008, 250.000, 0.000, 2.350, 0, 0 
152113, 260576096, 0.000, 0.000, -454.981, 250.000, 0.000, 2.350, 0, 0 
152113, 262093402, 0.000, 0.000, -454.994, 250.000, 0.000, 2.350, 0, 0 
152113, 263605993, 0.000, 0.000, -454.967, 250.000, 0.000, 2.350, 0, 0 
152113, 265118966, 0.000, 0.000, -454.981, 250.000, 0.000, 2.350, 0, 0 
152113, 266634455, 0.000, 0.000, -454.981, 250.000, 0.000, 2.350, 0, 0 
152113, 268227357, 0.000, 0.000, -454.994, 250.000, 0.000, 2.350, 0, 0 
152113, 269741658, 0.000, 0.000, -454.981, 250.000, 0.000, 2.350, 0, 0 
152113, 271254983, 0.000, 0.000, -454.994, 250.000, 0.000, 2.350, 0, 0 
152113, 272769832, 0.000, 0.000, -454.967, 250.000, 0.000, 2.350, 0, 0 
152113, 274290212, 0.000, 0.000, -454.981, 250.000, 0.000, 2.350, 0, 0 
152113, 275842080, 0.000, 0.000, -454.981, 250.000, 0.000, 2.350, 0, 0 
152113, 277356675, 0.000, 0.000, -454.967, 250.000, 0.000, 2.350, 0, 0 
152113, 278871237, 0.000, 0.000, -454.994, 250.000, 0.000, 2.350, 0, 0 
152113, 280453382, 0.000, 0.000, -454.967, 250.000, 0.000, 2.350, 0, 0 
152113, 282060186, 0.000, 0.000, -454.981, 250.000, 0.000, 2.350, 0, 0 
152113, 283613283, 0.000, 0.000, -454.994, 250.000, 0.000, 2.350, 0, 0 
152113, 285129555, 0.000, 0.000, -454.967, 250.000, 0.000, 2.350, 0, 0 
152113, 286642777, 0.000, 0.000, -454.994, 250.000, 0.000, 2.350, 0, 0 
152113, 288157449, 0.000, 0.000, -454.967, 250.000, 0.000, 2.350, 0, 0 
152113, 289670811, 0.000, 0.000, -454.981, 250.000, 0.000, 2.350, 0, 0 
152113, 291183726, 0.000, 0.000, -454.967, 250.000, 0.000, 2.350, 0, 0 
152113, 292703102, 0.000, 0.000, -454.981, 250.000, 0.000, 2.350, 0, 0 
152113, 294218956, 0.000, 0.000, -454.967, 250.000, 0.000, 2.350, 0, 0 
152113, 295764853, 0.000, 0.000, -454.981, 250.000, 0.000, 2.350, 0, 0 
152113, 297281206, 0.000, 0.000, -454.967, 250.000, 0.000, 2.350, 0, 0 
152113, 298824029, 0.000, 0.000, -454.994, 250.000, 0.000, 2.350, 0, 0 
152113, 300337873, 0.000, 0.000, -454.994, 250.000, 0.000, 2.350, 0, 0 
152113, 301880966, 0.000, 0.000, -454.994, 250.000, 0.000, 2.350, 0, 0 
152113, 303403150, 0.000, 0.000, -454.967, 250.000, 0.000, 2.350, 0, 0 
152113, 304962033, 0.000, 0.000, -454.967, 250.000, 0.000, 2.350, 0, 0 
152113, 306483790, 0.000, 0.000, -454.981, 250.000, 0.000, 2.350, 0, 0 
152113, 308018810, 0.000, 0.000, -454.967, 250.000, 0.000, 2.350, 0, 0 
152113, 309537195, 0.000, 0.000, -454.967, 250.000, 0.000, 2.350, 0, 0 
152113, 311131091, 0.000, 0.000, -454.967, 250.000, 0.000, 2.350, 0, 0 
152113, 312650515, 0.000, 0.000, -454.981, 250.000, 0.000, 2.350, 0, 0 
152113, 314220742, 0.000, 0.000, -454.981, 250.000, 0.000, 2.350, 0, 0 
152113, 315805300, 0.000, 0.000, -454.967, 250.000, 0.000, 2.350, 0, 0 
152113, 317322883, 0.000, 0.000, -454.967, 250.000, 0.000, 2.350, 0, 0 
152113, 318840254, 0.000, 0.000, -454.967, 250.000, 0.000, 2.350, 0, 0 
152113, 320449723, 0.000, 0.000, -454.967, 250.000, 0.000, 2.350, 0, 0 
152113, 321971435, 0.000, 0.000, -454.981, 250.000, 0.000, 2.350, 0, 0 
152113, 323487284, 0.000, 0.000, -454.981, 250.000, 0.000, 2.350, 0, 0 
152113, 325076310, 0.000, 0.000, -454.981, 250.000, 0.000, 2.350, 0, 0 
152113, 326616320, 0.000, 0.000, -454.981, 250.000, 0.000, 2.350, 0, 0 
152113, 328132998, 0.000, 0.000, -454.981, 250.000, 0.000, 2.350, 0, 0 
152113, 329686028, 0.000, 0.000, -454.981, 250.000, 0.000, 2.350, 0, 0 
152113, 331199634, 0.000, 0.000, -454.981, 250.000, 0.000, 2.350, 0, 0 
152113, 332713181, 0.000, 0.000, -454.981, 250.000, 0.000, 2.350, 0, 0 
152113, 334228755, 0.000, 0.000, -454.981, 250.000, 0.000, 2.350, 0, 0 
152113, 335778713, 0.000, 0.000, -454.967, 250.000, 0.000, 2.350, 0, 0 
152113, 337303177, 0.000, 0.000, -454.967, 250.000, 0.000, 2.350, 0, 0 
152113, 338880737, 0.000, 0.000, -454.981, 250.000, 0.000, 2.350, 0, 0 
152113, 340449884, 0.000, 0.000, -454.994, 250.000, 0.000, 2.350, 0, 0 
152113, 341966644, 0.000, 0.000, -454.967, 250.000, 0.000, 2.350, 0, 0 
152113, 343484501, 0.000, 0.000, -454.981, 250.000, 0.000, 2.350, 0, 0 
152113, 345036166, 0.000, 0.000, -454.967, 250.000, 0.000, 2.350, 0, 0 
152113, 346548870, 0.000, 0.000, -454.981, 250.000, 0.000, 2.350, 0, 0 
152113, 348073519, 0.000, 0.000, -454.981, 250.000, 0.000, 2.350, 0, 0 
152113, 349587079, 0.000, 0.000, -454.981, 250.000, 0.000, 2.350, 0, 0 
152113, 351108471, 0.000, 0.000, -454.967, 250.000, 0.000, 2.350, 0, 0 
152113, 352626717, 0.000, 0.000, -454.994, 250.000, 0.000, 2.350, 0, 0 
152113, 354144311, 0.000, 0.000, -454.981, 250.000, 0.000, 2.350, 0, 0 
152113, 355675459, 0.000, 0.000, -454.994, 250.000, 0.000, 2.350, 0, 0 
152113, 357233239, 0.000, 0.000, -454.967, 250.000, 0.000, 2.350, 0, 0 
152113, 358791089, 0.000, 0.000, -454.981, 250.000, 0.000, 2.350, 0, 0 
152113, 360353478, 0.000, 0.000, -454.981, 250.000, 0.000, 2.350, 0, 0 
152113, 361870681, 0.000, 0.000, -454.981, 250.000, 0.000, 2.350, 0, 0 
152113, 363385410, 0.000, 0.000, -454.981, 250.000, 0.000, 2.350, 0, 0 
152113, 364903451, 0.000, 0.000, -454.981, 250.000, 0.000, 2.350, 0, 0 
152113, 366422210, 0.000, 0.000, -454.981, 250.000, 0.000, 2.350, 0, 0 
152113, 367943259, 0.000, 0.000, -454.981, 250.000, 0.000, 2.350, 0, 0 
152113, 369459392, 0.000, 0.000, -454.981, 250.000, 0.000, 2.350, 0, 0 
152113, 370978192, 0.000, 0.000, -454.967, 250.000, 0.000, 2.350, 0, 0 
152113, 372498263, 0.000, 0.000, -454.994, 250.000, 0.000, 2.350, 0, 0 
152113, 374014474, 0.000, 0.000, -454.981, 250.000, 0.000, 2.350, 0, 0 
152113, 375557454, 0.000, 0.000, -454.981, 250.000, 0.000, 2.350, 0, 0 
152113, 377074946, 0.000, 0.000, -454.981, 250.000, 0.000, 2.350, 0, 0 
152113, 378589093, 0.000, 0.000, -454.967, 250.000, 0.000, 2.350, 0, 0 
152113, 380100276, 0.000, 0.000, -454.981, 250.000, 0.000, 2.350, 0, 0 
152113, 381707109, 0.000, 0.000, -454.967, 250.000, 0.000, 2.350, 0, 0 
152113, 383223183, 0.000, 0.000, -454.981, 250.000, 0.000, 2.350, 0, 0 
152113, 384811996, 0.000, 0.000, -454.981, 250.000, 0.000, 2.350, 0, 0 
152113, 386328012, 0.000, 0.000, -454.981, 250.000, 0.000, 2.350, 0, 0 
152113, 387870937, 0.000, 0.000, -454.981, 250.000, 0.000, 2.350, 0, 0 
152113, 389388982, 0.000, 0.000, -454.981, 250.000, 0.000, 2.350, 0, 0 
152113, 390946252, 0.000, 0.000, -454.967, 250.000, 0.000, 2.350, 0, 0 
152113, 392490932, 0.000, 0.000, -454.967, 250.000, 0.000, 2.350, 0, 0 
152113, 394010651, 0.000, 0.000, -454.981, 250.000, 0.000, 2.350, 0, 0 
152113, 395524645, 0.000, 0.000, -454.981, 250.000, 0.000, 2.350, 0, 0 
152113, 397043730, 0.000, 0.000, -454.967, 250.000, 0.000, 2.350, 0, 0 
152113, 398610719, 0.000, 0.000, -454.981, 250.000, 0.000, 2.350, 0, 0 
152113, 400126744, 0.000, 0.000, -454.967, 250.000, 0.000, 2.350, 0, 0 
152113, 401655520, 0.000, 0.000, -454.981, 250.000, 0.000, 2.350, 0, 0 
152113, 403176272, 0.000, 0.000, -454.981, 250.000, 0.000, 2.350, 0, 0 
152113, 404688949, 0.000, 0.000, -454.967, 250.000, 0.000, 2.350, 0, 0 
152113, 406316239, 0.000, 0.000, -454.994, 250.000, 0.000, 2.350, 0, 0 
152113, 407865405, 0.000, 0.000, -454.994, 250.000, 0.000, 2.350, 0, 0 
152113, 409460116, 0.000, 0.000, -454.981, 250.000, 0.000, 2.350, 0, 0 
152113, 410974558, 0.000, 0.000, -454.981, 250.000, 0.000, 2.350, 0, 0 
152113, 412532530, 0.000, 0.000, -454.981, 250.000, 0.000, 2.350, 0, 0 
152113, 414047491, 0.000, 0.000, -454.967, 250.000, 0.000, 2.350, 0, 0 
152113, 415625393, 0.000, 0.000, -454.981, 250.000, 0.000, 2.350, 0, 0 
152113, 417139322, 0.000, 0.000, -454.981, 250.000, 0.000, 2.350, 0, 0 
152113, 418652980, 0.000, 0.000, -454.981, 250.000, 0.000, 2.350, 0, 0 
152113, 420212508, 0.000, 0.000, -454.981, 250.000, 0.000, 2.350, 0, 0 
152113, 421768271, 0.000, 0.000, -454.967, 250.000, 0.000, 2.350, 0, 0 
152113, 423281521, 0.000, 0.000, -454.967, 250.000, 0.000, 2.350, 0, 0 
152113, 424849139, 0.000, 0.000, -454.981, 250.000, 0.000, 2.350, 0, 0 
152113, 426362245, 0.000, 0.000, -454.994, 250.000, 0.000, 2.350, 0, 0 
152113, 427875860, 0.000, 0.000, -454.981, 250.000, 0.000, 2.350, 0, 0 
152113, 429415584, 0.000, 0.000, -454.981, 250.000, 0.000, 2.350, 0, 0 
152113, 430928814, 0.000, 0.000, -454.967, 250.000, 0.000, 2.350, 0, 0 
152113, 432443261, 0.000, 0.000, -454.981, 250.000, 0.000, 2.350, 0, 0 
152113, 434001132, 0.000, 0.000, -454.981, 250.000, 0.000, 2.350, 0, 0 
152113, 435519406, 0.000, 0.000, -454.981, 250.000, 0.000, 2.350, 0, 0 
152113, 437076906, 0.000, 0.000, -454.994, 250.000, 0.000, 2.350, 0, 0 
152113, 438591466, 0.000, 0.000, -454.967, 250.000, 0.000, 2.350, 0, 0 
152113, 440108643, 0.000, 0.000, -454.981, 250.000, 0.000, 2.350, 0, 0 
152113, 441622731, 0.000, 0.000, -454.967, 250.000, 0.000, 2.350, 0, 0 
152113, 443215956, 0.000, 0.000, -454.967, 250.000, 0.000, 2.350, 0, 0 
152113, 444737173, 0.000, 0.000, -454.981, 250.000, 0.000, 2.350, 0, 0 
152113, 446254825, 0.000, 0.000, -454.967, 250.000, 0.000, 2.350, 0, 0 
152113, 447772222, 0.000, 0.000, -454.967, 250.000, 0.000, 2.350, 0, 0 
152113, 449289671, 0.000, 0.000, -454.994, 250.000, 0.000, 2.350, 0, 0 
152113, 450807581, 0.000, 0.000, -454.994, 250.000, 0.000, 2.350, 0, 0 
152113, 452431168, 0.000, 0.000, -454.981, 250.000, 0.000, 2.350, 0, 0 
152113, 453952698, 0.000, 0.000, -454.994, 250.000, 0.000, 2.350, 0, 0 
152113, 455469445, 0.000, 0.000, -454.981, 250.000, 0.000, 2.350, 0, 0 
152113, 456983543, 0.000, 0.000, -454.981, 250.000, 0.000, 2.350, 0, 0 
152113, 458496960, 0.000, 0.000, -454.967, 250.000, 0.000, 2.350, 0, 0 
152113, 460084637, 0.000, 0.000, -454.981, 250.000, 0.000, 2.350, 0, 0 
152113, 461597720, 0.000, 0.000, -454.981, 250.000, 0.000, 2.350, 0, 0 
152113, 463172175, 0.000, 0.000, -454.981, 250.000, 0.000, 2.350, 0, 0 
152113, 464685163, 0.000, 0.000, -454.981, 250.000, 0.000, 2.350, 0, 0 
152113, 466283950, 0.000, 0.000, -454.981, 250.000, 0.000, 2.350, 0, 0 
152113, 467846694, 0.000, 0.000, -454.967, 250.000, 0.000, 2.350, 0, 0 
152113, 469368228, 0.000, 0.000, -454.981, 250.000, 0.000, 2.350, 0, 0 
152113, 470886579, 0.000, 0.000, -454.981, 250.000, 0.000, 2.350, 0, 0 
152113, 472430460, 0.000, 0.000, -454.967, 250.000, 0.000, 2.350, 0, 0 
152113, 473990377, 0.000, 0.000, -454.981, 250.000, 0.000, 2.350, 0, 0 
152113, 475507752, 0.000, 0.000, -454.967, 250.000, 0.000, 2.350, 0, 0 
152113, 477028012, 0.000, 0.000, -454.994, 250.000, 0.000, 2.350, 0, 0 
152113, 478542403, 0.000, 0.000, -454.967, 250.000, 0.000, 2.350, 0, 0 
152113, 480058689, 0.000, 0.000, -454.981, 250.000, 0.000, 2.350, 0, 0 
152113, 481570262, 0.000, 0.000, -454.981, 250.000, 0.000, 2.350, 0, 0 
152113, 483120183, 0.000, 0.000, -454.981, 250.000, 0.000, 2.350, 0, 0 
152113, 484632606, 0.000, 0.000, -454.981, 250.000, 0.000, 2.350, 0, 0 
152113, 486147616, 0.000, 0.000, -454.967, 250.000, 0.000, 2.350, 0, 0 
152113, 487659069, 0.000, 0.000, -454.994, 250.000, 0.000, 2.350, 0, 0 
152113, 489170476, 0.000, 0.000, -454.994, 250.000, 0.000, 2.350, 0, 0 
152113, 490682768, 0.000, 0.000, -454.981, 250.000, 0.000, 2.350, 0, 0 
152113, 492196993, 0.000, 0.000, -454.981, 250.000, 0.000, 2.350, 0, 0 
152113, 493708435, 0.000, 0.000, -454.981, 250.000, 0.000, 2.350, 0, 0 
152113, 495220456, 0.000, 0.000, -454.994, 250.000, 0.000, 2.350, 0, 0 
152113, 496732658, 0.000, 0.000, -454.994, 250.000, 0.000, 2.350, 0, 0 
152113, 498374356, 0.000, 0.000, -454.981, 250.000, 0.000, 2.350, 0, 0 
152113, 499970699, 0.000, 0.000, -454.981, 250.000, 0.000, 2.350, 0, 0 
152113, 501546108, 0.000, 0.000, -454.981, 250.000, 0.000, 2.350, 0, 0 
152113, 503152831, 0.000, 0.000, -454.981, 250.000, 0.000, 2.350, 0, 0 
152113, 504668711, 0.000, 0.000, -454.967, 250.000, 0.000, 2.350, 0, 0 
152113, 506272721, 0.000, 0.000, -454.981, 250.000, 0.000, 2.350, 0, 0 
152113, 507785660, 0.000, 0.000, -454.981, 250.000, 0.000, 2.350, 0, 0 
152113, 509297816, 0.000, 0.000, -454.994, 250.000, 0.000, 2.350, 0, 0 
152113, 510809114, 0.000, 0.000, -454.981, 250.000, 0.000, 2.350, 0, 0 
152113, 512323503, 0.000, 0.000, -454.981, 250.000, 0.000, 2.350, 0, 0 
152113, 513871816, 0.000, 0.000, -454.981, 250.000, 0.000, 2.350, 0, 0 
152113, 515386560, 0.000, 0.000, -454.967, 250.000, 0.000, 2.350, 0, 0 
152113, 516898961, 0.000, 0.000, -454.994, 250.000, 0.000, 2.350, 0, 0 
152113, 518410343, 0.000, 0.000, -454.981, 250.000, 0.000, 2.350, 0, 0 
152113, 519921660, 0.000, 0.000, -454.981, 250.000, 0.000, 2.350, 0, 0 
152113, 521516737, 0.000, 0.000, -454.967, 250.000, 0.000, 2.350, 0, 0 
152113, 523119380, 0.000, 0.000, -454.967, 250.000, 0.000, 2.350, 0, 0 
152113, 524719779, 0.000, 0.000, -454.967, 250.000, 0.000, 2.350, 0, 0 
152113, 526279175, 0.000, 0.000, -454.967, 250.000, 0.000, 2.350, 0, 0 
152113, 527801041, 0.000, 0.000, -454.994, 250.000, 0.000, 2.350, 0, 0 
152113, 529436247, 0.000, 0.000, -454.981, 250.000, 0.000, 2.350, 0, 0 
152113, 530956617, 0.000, 0.000, -454.981, 250.000, 0.000, 2.350, 0, 0 
152113, 532475551, 0.000, 0.000, -454.981, 250.000, 0.000, 2.350, 0, 0 
152113, 534055362, 0.000, 0.000, -454.994, 250.000, 0.000, 2.350, 0, 0 
152113, 535572764, 0.000, 0.000, -454.981, 250.000, 0.000, 2.350, 0, 0 
152113, 537091482, 0.000, 0.000, -454.981, 250.000, 0.000, 2.350, 0, 0 
152113, 538609555, 0.000, 0.000, -454.994, 250.000, 0.000, 2.350, 0, 0 
152113, 540129867, 0.000, 0.000, -454.994, 250.000, 0.000, 2.350, 0, 0 
152113, 541648180, 0.000, 0.000, -454.994, 250.000, 0.000, 2.350, 0, 0 
152113, 543165831, 0.000, 0.000, -454.981, 250.000, 0.000, 2.350, 0, 0 
152113, 544730322, 0.000, 0.000, -454.981, 250.000, 0.000, 2.350, 0, 0 
152113, 546244692, 0.000, 0.000, -454.981, 250.000, 0.000, 2.350, 0, 0 
152113, 547850671, 0.000, 0.000, -454.981, 250.000, 0.000, 2.350, 0, 0 
152113, 549368754, 0.000, 0.000, -454.981, 250.000, 0.000, 2.350, 0, 0 
152113, 550886066, 0.000, 0.000, -454.994, 250.000, 0.000, 2.350, 0, 0 
152113, 552403738, 0.000, 0.000, -454.967, 250.000, 0.000, 2.350, 0, 0 
152113, 553994702, 0.000, 0.000, -454.967, 250.000, 0.000, 2.350, 0, 0 
152113, 555527391, 0.000, 0.000, -454.967, 250.000, 0.000, 2.350, 0, 0 
152113, 557040742, 0.000, 0.000, -454.967, 250.000, 0.000, 2.350, 0, 0 
152113, 558558796, 0.000, 0.000, -454.967, 250.000, 0.000, 2.350, 0, 0 
152113, 560110729, 0.000, 0.000, -454.981, 250.000, 0.000, 2.350, 0, 0 
152113, 561623364, 0.000, 0.000, -454.994, 250.000, 0.000, 2.350, 0, 0 
152113, 563166899, 0.000, 0.000, -454.981, 250.000, 0.000, 2.350, 0, 0 
152113, 564684316, 0.000, 0.000, -454.967, 250.000, 0.000, 2.350, 0, 0 
152113, 566202603, 0.000, 0.000, -454.981, 250.000, 0.000, 2.350, 0, 0 
152113, 567717129, 0.000, 0.000, -454.967, 250.000, 0.000, 2.350, 0, 0 
152113, 569231238, 0.000, 0.000, -454.967, 250.000, 0.000, 2.350, 0, 0 
152113, 570746076, 0.000, 0.000, -454.967, 250.000, 0.000, 2.350, 0, 0 
152113, 572260745, 0.000, 0.000, -454.967, 250.000, 0.000, 2.350, 0, 0 
152113, 573779623, 0.000, 0.000, -454.994, 250.000, 0.000, 2.350, 0, 0 
152113, 575337053, 0.000, 0.000, -454.967, 250.000, 0.000, 2.350, 0, 0 
152113, 576913890, 0.000, 0.000, -454.981, 250.000, 0.000, 2.350, 0, 0 
152113, 578433171, 0.000, 0.000, -454.967, 250.000, 0.000, 2.350, 0, 0 
152113, 579950583, 0.000, 0.000, -454.981, 250.000, 0.000, 2.350, 0, 0 
152113, 581472793, 0.000, 0.000, -454.981, 250.000, 0.000, 2.350, 0, 0 
152113, 583060993, 0.000, 0.000, -454.994, 250.000, 0.000, 2.350, 0, 0 
152113, 584580443, 0.000, 0.000, -454.981, 250.000, 0.000, 2.350, 0, 0 
152113, 586168848, 0.000, 0.000, -454.967, 250.000, 0.000, 2.350, 0, 0 
152113, 587691558, 0.000, 0.000, -454.981, 250.000, 0.000, 2.350, 0, 0 
152113, 589295666, 0.000, 0.000, -454.981, 250.000, 0.000, 2.350, 0, 0 
152113, 590854130, 0.000, 0.000, -454.981, 250.000, 0.000, 2.350, 0, 0 
152113, 592373818, 0.000, 0.000, -454.967, 250.000, 0.000, 2.350, 0, 0 
152113, 593889616, 0.000, 0.000, -454.981, 250.000, 0.000, 2.350, 0, 0 
152113, 595407012, 0.000, 0.000, -454.981, 250.000, 0.000, 2.350, 0, 0 
152113, 596951058, 0.000, 0.000, -454.981, 250.000, 0.000, 2.350, 0, 0 
152113, 598508924, 0.000, 0.000, -454.967, 250.000, 0.000, 2.350, 0, 0 
152113, 600029412, 0.000, 0.000, -454.967, 250.000, 0.000, 2.350, 0, 0 
152113, 601550710, 0.000, 0.000, -454.994, 250.000, 0.000, 2.350, 0, 0 
152113, 603068692, 0.000, 0.000, -454.981, 250.000, 0.000, 2.350, 0, 0 
152113, 604591771, 0.000, 0.000, -454.967, 250.000, 0.000, 2.350, 0, 0 
152113, 606144110, 0.000, 0.000, -454.967, 250.000, 0.000, 2.350, 0, 0 
152113, 607659438, 0.000, 0.000, -454.981, 250.000, 0.000, 2.350, 0, 0 
152113, 609210359, 0.000, 0.000, -454.981, 250.000, 0.000, 2.350, 0, 0 
152113, 610727981, 0.000, 0.000, -454.981, 250.000, 0.000, 2.350, 0, 0 
152113, 612288720, 0.000, 0.000, -454.967, 250.000, 0.000, 2.350, 0, 0 
152113, 613807091, 0.000, 0.000, -454.994, 250.000, 0.000, 2.350, 0, 0 
152113, 615324922, 0.000, 0.000, -454.967, 250.000, 0.000, 2.350, 0, 0 
152113, 616933411, 0.000, 0.000, -454.981, 250.000, 0.000, 2.350, 0, 0 
152113, 618512960, 0.000, 0.000, -454.981, 250.000, 0.000, 2.350, 0, 0 
152113, 620034960, 0.000, 0.000, -454.981, 250.000, 0.000, 2.350, 0, 0 
152113, 621593217, 0.000, 0.000, -454.981, 250.000, 0.000, 2.350, 0, 0 
152113, 623111184, 0.000, 0.000, -454.967, 250.000, 0.000, 2.350, 0, 0 
152113, 624634008, 0.000, 0.000, -454.953, 250.000, 0.000, 2.350, 0, 0 
152113, 626151859, 0.000, 0.000, -454.967, 250.000, 0.000, 2.350, 0, 0 
152113, 627669808, 0.000, 0.000, -454.981, 250.000, 0.000, 2.350, 0, 0 
152113, 629188291, 0.000, 0.000, -454.981, 250.000, 0.000, 2.350, 0, 0 
152113, 630706026, 0.000, 0.000, -454.981, 250.000, 0.000, 2.350, 0, 0 
152113, 632266916, 0.000, 0.000, -454.967, 250.000, 0.000, 2.350, 0, 0 
152113, 633785536, 0.000, 0.000, -454.981, 250.000, 0.000, 2.350, 0, 0 
152113, 635299673, 0.000, 0.000, -454.994, 250.000, 0.000, 2.350, 0, 0 
152113, 636924949, 0.000, 0.000, -454.967, 250.000, 0.000, 2.350, 0, 0 
152113, 638441089, 0.000, 0.000, -454.981, 250.000, 0.000, 2.350, 0, 0 
152113, 639959053, 0.000, 0.000, -454.967, 250.000, 0.000, 2.350, 0, 0 
152113, 641517292, 0.000, 0.000, -454.967, 250.000, 0.000, 2.350, 0, 0 
152113, 643031756, 0.000, 0.000, -454.967, 250.000, 0.000, 2.350, 0, 0 
152113, 644546948, 0.000, 0.000, -454.981, 250.000, 0.000, 2.350, 0, 0 
152113, 646062901, 0.000, 0.000, -454.981, 250.000, 0.000, 2.350, 0, 0 
152113, 647582554, 0.000, 0.000, -454.967, 250.000, 0.000, 2.350, 0, 0 
152113, 649098086, 0.000, 0.000, -454.981, 250.000, 0.000, 2.350, 0, 0 
152113, 650612141, 0.000, 0.000, -454.981, 250.000, 0.000, 2.350, 0, 0 
152113, 652156881, 0.000, 0.000, -454.967, 250.000, 0.000, 2.350, 0, 0 
152113, 653701856, 0.000, 0.000, -454.967, 250.000, 0.000, 2.350, 0, 0 
152113, 655219651, 0.000, 0.000, -454.981, 250.000, 0.000, 2.350, 0, 0 
152113, 656741652, 0.000, 0.000, -454.981, 250.000, 0.000, 2.350, 0, 0 
152113, 658259560, 0.000, 0.000, -454.967, 250.000, 0.000, 2.350, 0, 0 
152113, 659777403, 0.000, 0.000, -454.967, 250.000, 0.000, 2.350, 0, 0 
152113, 661292193, 0.000, 0.000, -454.981, 250.000, 0.000, 2.350, 0, 0 
152113, 662806507, 0.000, 0.000, -454.994, 250.000, 0.000, 2.350, 0, 0 
152113, 664400328, 0.000, 0.000, -454.994, 250.000, 0.000, 2.350, 0, 0 
152113, 666004568, 0.000, 0.000, -454.981, 250.000, 0.000, 2.350, 0, 0 
152113, 667556418, 0.000, 0.000, -454.967, 250.000, 0.000, 2.350, 0, 0 
152113, 669096616, 0.000, 0.000, -454.981, 250.000, 0.000, 2.350, 0, 0 
152113, 670611055, 0.000, 0.000, -454.994, 250.000, 0.000, 2.350, 0, 0 
152113, 672157120, 0.000, 0.000, -454.981, 250.000, 0.000, 2.350, 0, 0 
152113, 673733537, 0.000, 0.000, -454.994, 250.000, 0.000, 2.350, 0, 0 
152113, 675251267, 0.000, 0.000, -454.981, 250.000, 0.000, 2.350, 0, 0 
152113, 676811100, 0.000, 0.000, -454.981, 250.000, 0.000, 2.350, 0, 0 
152113, 678329315, 0.000, 0.000, -454.981, 250.000, 0.000, 2.350, 0, 0 
152113, 679851106, 0.000, 0.000, -454.994, 250.000, 0.000, 2.350, 0, 0 
152113, 681435517, 0.000, 0.000, -454.981, 250.000, 0.000, 2.350, 0, 0 
152113, 682997549, 0.000, 0.000, -454.981, 250.000, 0.000, 2.350, 0, 0 
152113, 684516611, 0.000, 0.000, -454.953, 250.000, 0.000, 2.350, 0, 0 
152113, 686033668, 0.000, 0.000, -454.994, 250.000, 0.000, 2.350, 0, 0 
152113, 687547977, 0.000, 0.000, -454.994, 250.000, 0.000, 2.350, 0, 0 
152113, 689155579, 0.000, 0.000, -454.994, 250.000, 0.000, 2.350, 0, 0 
152113, 690677363, 0.000, 0.000, -454.981, 250.000, 0.000, 2.350, 0, 0 
152113, 692195034, 0.000, 0.000, -454.981, 250.000, 0.000, 2.350, 0, 0 
152113, 693712398, 0.000, 0.000, -454.967, 250.000, 0.000, 2.350, 0, 0 
152113, 695226829, 0.000, 0.000, -454.981, 250.000, 0.000, 2.350, 0, 0 
152113, 696745496, 0.000, 0.000, -454.981, 250.000, 0.000, 2.350, 0, 0 
152113, 698302528, 0.000, 0.000, -454.981, 250.000, 0.000, 2.350, 0, 0 
152113, 699877509, 0.000, 0.000, -454.981, 250.000, 0.000, 2.350, 0, 0 
152113, 701399752, 0.000, 0.000, -454.981, 250.000, 0.000, 2.350, 0, 0 
152113, 702920650, 0.000, 0.000, -454.994, 250.000, 0.000, 2.350, 0, 0 
152113, 704520559, 0.000, 0.000, -454.981, 250.000, 0.000, 2.350, 0, 0 
152113, 706119963, 0.000, 0.000, -454.981, 250.000, 0.000, 2.350, 0, 0 
152113, 707703713, 0.000, 0.000, -454.967, 250.000, 0.000, 2.350, 0, 0 
152113, 709295278, 0.000, 0.000, -454.981, 250.000, 0.000, 2.350, 0, 0 
152113, 710812770, 0.000, 0.000, -454.981, 250.000, 0.000, 2.350, 0, 0 
152113, 712425067, 0.000, 0.000, -454.981, 250.000, 0.000, 2.350, 0, 0 
152113, 714069895, 0.000, 0.000, -454.981, 250.000, 0.000, 2.350, 0, 0 
152113, 715628296, 0.000, 0.000, -454.967, 250.000, 0.000, 2.350, 0, 0 
152113, 717198621, 0.000, 0.000, -454.994, 250.000, 0.000, 2.350, 0, 0 
152113, 718767945, 0.000, 0.000, -454.967, 250.000, 0.000, 2.350, 0, 0 
152113, 720286621, 0.000, 0.000, -454.981, 250.000, 0.000, 2.350, 0, 0 
152113, 721892143, 0.000, 0.000, -454.967, 250.000, 0.000, 2.350, 0, 0 
152113, 723485552, 0.000, 0.000, -454.981, 250.000, 0.000, 2.350, 0, 0 
152113, 725001003, 0.000, 0.000, -454.981, 250.000, 0.000, 2.350, 0, 0 
152113, 726516968, 0.000, 0.000, -454.981, 250.000, 0.000, 2.350, 0, 0 
152113, 728126645, 0.000, 0.000, -454.967, 250.000, 0.000, 2.350, 0, 0 
152113, 729689237, 0.000, 0.000, -454.994, 250.000, 0.000, 2.350, 0, 0 
152113, 731240925, 0.000, 0.000, -454.967, 250.000, 0.000, 2.350, 0, 0 
152113, 732753979, 0.000, 0.000, -454.967, 250.000, 0.000, 2.350, 0, 0 
152113, 734267614, 0.000, 0.000, -454.981, 250.000, 0.000, 2.350, 0, 0 
152113, 735785411, 0.000, 0.000, -454.967, 250.000, 0.000, 2.350, 0, 0 
152113, 737387999, 0.000, 0.000, -454.981, 250.000, 0.000, 2.350, 0, 0 
152113, 738987135, 0.000, 0.000, -454.967, 250.000, 0.000, 2.350, 0, 0 
152113, 740560070, 0.000, 0.000, -454.981, 250.000, 0.000, 2.350, 0, 0 
152113, 742077904, 0.000, 0.000, -454.981, 250.000, 0.000, 2.350, 0, 0 
152113, 743598192, 0.000, 0.000, -454.967, 250.000, 0.000, 2.350, 0, 0 
152113, 745170187, 0.000, 0.000, -454.981, 250.000, 0.000, 2.350, 0, 0 
152113, 746684197, 0.000, 0.000, -454.994, 250.000, 0.000, 2.350, 0, 0 
152113, 748198320, 0.000, 0.000, -454.981, 250.000, 0.000, 2.350, 0, 0 
152113, 749801657, 0.000, 0.000, -454.981, 250.000, 0.000, 2.350, 0, 0 
152113, 751326614, 0.000, 0.000, -454.967, 250.000, 0.000, 2.350, 0, 0 
152113, 752842197, 0.000, 0.000, -454.981, 250.000, 0.000, 2.350, 0, 0 
152113, 754358086, 0.000, 0.000, -454.981, 250.000, 0.000, 2.350, 0, 0 
152113, 755877225, 0.000, 0.000, -454.994, 250.000, 0.000, 2.350, 0, 0 
152113, 757392831, 0.000, 0.000, -454.981, 250.000, 0.000, 2.350, 0, 0 
152113, 758908592, 0.000, 0.000, -454.981, 250.000, 0.000, 2.350, 0, 0 
152113, 760531416, 0.000, 0.000, -454.967, 250.000, 0.000, 2.350, 0, 0 
152113, 762044688, 0.000, 0.000, -454.981, 250.000, 0.000, 2.350, 0, 0 
152113, 763564045, 0.000, 0.000, -454.994, 250.000, 0.000, 2.350, 0, 0 
152113, 765121535, 0.000, 0.000, -454.981, 250.000, 0.000, 2.350, 0, 0 
152113, 766718336, 0.000, 0.000, -454.981, 250.000, 0.000, 2.350, 0, 0 
152113, 768280576, 0.000, 0.000, -454.981, 250.000, 0.000, 2.350, 0, 0 
152113, 769834494, 0.000, 0.000, -454.981, 250.000, 0.000, 2.350, 0, 0 
152113, 771349428, 0.000, 0.000, -454.967, 250.000, 0.000, 2.350, 0, 0 
152113, 772870704, 0.000, 0.000, -454.981, 250.000, 0.000, 2.350, 0, 0 
152113, 774391288, 0.000, 0.000, -454.981, 250.000, 0.000, 2.350, 0, 0 
152113, 775937160, 0.000, 0.000, -454.967, 250.000, 0.000, 2.350, 0, 0 
152113, 777454539, 0.000, 0.000, -454.981, 250.000, 0.000, 2.350, 0, 0 
152113, 779030589, 0.000, 0.000, -454.981, 250.000, 0.000, 2.350, 0, 0 
152113, 780543760, 0.000, 0.000, -454.981, 250.000, 0.000, 2.350, 0, 0 
152113, 782059598, 0.000, 0.000, -454.981, 250.000, 0.000, 2.350, 0, 0 
152113, 783651625, 0.000, 0.000, -454.994, 250.000, 0.000, 2.350, 0, 0 
152113, 785169030, 0.000, 0.000, -454.981, 250.000, 0.000, 2.350, 0, 0 
152113, 786684438, 0.000, 0.000, -454.981, 250.000, 0.000, 2.350, 0, 0 
152113, 788285504, 0.000, 0.000, -454.981, 250.000, 0.000, 2.350, 0, 0 
152113, 789806704, 0.000, 0.000, -454.981, 250.000, 0.000, 2.350, 0, 0 
152113, 791347373, 0.000, 0.000, -454.967, 250.000, 0.000, 2.350, 0, 0 
152113, 792892226, 0.000, 0.000, -454.994, 250.000, 0.000, 2.350, 0, 0 
152113, 794409540, 0.000, 0.000, -454.994, 250.000, 0.000, 2.350, 0, 0 
152113, 796022677, 0.000, 0.000, -454.981, 250.000, 0.000, 2.350, 0, 0 
152113, 797540266, 0.000, 0.000, -454.981, 250.000, 0.000, 2.350, 0, 0 
152113, 799055069, 0.000, 0.000, -454.967, 250.000, 0.000, 2.350, 0, 0 
152113, 800574465, 0.000, 0.000, -454.994, 250.000, 0.000, 2.350, 0, 0 
152113, 802087712, 0.000, 0.000, -454.967, 250.000, 0.000, 2.350, 0, 0 
152113, 803601141, 0.000, 0.000, -454.981, 250.000, 0.000, 2.350, 0, 0 
152113, 805113917, 0.000, 0.000, -454.981, 250.000, 0.000, 2.350, 0, 0 
152113, 806775540, 0.000, 0.000, -454.967, 250.000, 0.000, 2.350, 0, 0 
152113, 808289713, 0.000, 0.000, -454.981, 250.000, 0.000, 2.350, 0, 0 
152113, 809803346, 0.000, 0.000, -454.967, 250.000, 0.000, 2.350, 0, 0 
152113, 811316767, 0.000, 0.000, -454.967, 250.000, 0.000, 2.350, 0, 0 
152113, 812916475, 0.000, 0.000, -454.967, 250.000, 0.000, 2.350, 0, 0 
152113, 814438209, 0.000, 0.000, -454.967, 250.000, 0.000, 2.350, 0, 0 
152113, 816031392, 0.000, 0.000, -454.981, 250.000, 0.000, 2.350, 0, 0 
152113, 817547957, 0.000, 0.000, -454.967, 250.000, 0.000, 2.350, 0, 0 
152113, 819078914, 0.000, 0.000, -454.994, 250.000, 0.000, 2.350, 0, 0 
152113, 820591031, 0.000, 0.000, -454.981, 250.000, 0.000, 2.350, 0, 0 
152113, 822204090, 0.000, 0.000, -454.953, 250.000, 0.000, 2.350, 0, 0 
152113, 823721001, 0.000, 0.000, -454.994, 250.000, 0.000, 2.350, 0, 0 
152113, 825236719, 0.000, 0.000, -455.008, 250.000, 0.000, 2.350, 0, 0 
152113, 826754713, 0.000, 0.000, -454.981, 250.000, 0.000, 2.350, 0, 0 
152113, 828272761, 0.000, 0.000, -454.981, 250.000, 0.000, 2.350, 0, 0 
152113, 829790656, 0.000, 0.000, -454.994, 250.000, 0.000, 2.350, 0, 0 
152113, 831304366, 0.000, 0.000, -454.981, 250.000, 0.000, 2.350, 0, 0 
152113, 832825023, 0.000, 0.000, -454.967, 250.000, 0.000, 2.350, 0, 0 
152113, 834343031, 0.000, 0.000, -454.981, 250.000, 0.000, 2.350, 0, 0 
152113, 835856939, 0.000, 0.000, -454.981, 250.000, 0.000, 2.350, 0, 0 
152113, 837410171, 0.000, 0.000, -454.981, 250.000, 0.000, 2.350, 0, 0 
152113, 838923914, 0.000, 0.000, -454.981, 250.000, 0.000, 2.350, 0, 0 
152113, 840440612, 0.000, 0.000, -454.994, 250.000, 0.000, 2.350, 0, 0 
152113, 841994815, 0.000, 0.000, -454.981, 250.000, 0.000, 2.350, 0, 0 
152113, 843532855, 0.000, 0.000, -454.981, 250.000, 0.000, 2.350, 0, 0 
152113, 845046472, 0.000, 0.000, -454.967, 250.000, 0.000, 2.350, 0, 0 
152113, 846559740, 0.000, 0.000, -454.981, 250.000, 0.000, 2.350, 0, 0 
152113, 848106904, 0.000, 0.000, -454.981, 250.000, 0.000, 2.350, 0, 0 
152113, 849619575, 0.000, 0.000, -454.981, 250.000, 0.000, 2.350, 0, 0 
152113, 851210704, 0.000, 0.000, -454.994, 250.000, 0.000, 2.350, 0, 0 
152113, 852855273, 0.000, 0.000, -454.994, 250.000, 0.000, 2.350, 0, 0 
152113, 854412315, 0.000, 0.000, -454.994, 250.000, 0.000, 2.350, 0, 0 
152113, 855929768, 0.000, 0.000, -454.981, 250.000, 0.000, 2.350, 0, 0 
152113, 857447883, 0.000, 0.000, -454.981, 250.000, 0.000, 2.350, 0, 0 
152113, 858965513, 0.000, 0.000, -454.981, 250.000, 0.000, 2.350, 0, 0 
152113, 860484282, 0.000, 0.000, -454.981, 250.000, 0.000, 2.350, 0, 0 
152113, 862058065, 0.000, 0.000, -454.994, 250.000, 0.000, 2.350, 0, 0 
152113, 863572434, 0.000, 0.000, -454.981, 250.000, 0.000, 2.350, 0, 0 
152113, 865089803, 0.000, 0.000, -454.994, 250.000, 0.000, 2.350, 0, 0 
152113, 866607458, 0.000, 0.000, -454.981, 250.000, 0.000, 2.350, 0, 0 
152113, 868173772, 0.000, 0.000, -454.981, 250.000, 0.000, 2.350, 0, 0 
152113, 869765131, 0.000, 0.000, -454.981, 250.000, 0.000, 2.350, 0, 0 
152113, 871281157, 0.000, 0.000, -454.981, 250.000, 0.000, 2.350, 0, 0 
152113, 872876131, 0.000, 0.000, -454.981, 250.000, 0.000, 2.350, 0, 0 
152113, 874475689, 0.000, 0.000, -454.981, 250.000, 0.000, 2.350, 0, 0 
152113, 875986887, 0.000, 0.000, -454.981, 250.000, 0.000, 2.350, 0, 0 
152113, 877498445, 0.000, 0.000, -454.967, 250.000, 0.000, 2.350, 0, 0 
152113, 879067167, 0.000, 0.000, -454.967, 250.000, 0.000, 2.350, 0, 0 
152113, 880675526, 0.000, 0.000, -454.981, 250.000, 0.000, 2.350, 0, 0 
152113, 882283934, 0.000, 0.000, -454.967, 250.000, 0.000, 2.350, 0, 0 
152113, 883834731, 0.000, 0.000, -454.981, 250.000, 0.000, 2.350, 0, 0 
152113, 885353592, 0.000, 0.000, -454.967, 250.000, 0.000, 2.350, 0, 0 
152113, 886962237, 0.000, 0.000, -454.967, 250.000, 0.000, 2.350, 0, 0 
152113, 888480164, 0.000, 0.000, -454.981, 250.000, 0.000, 2.350, 0, 0 
152113, 889995184, 0.000, 0.000, -454.981, 250.000, 0.000, 2.350, 0, 0 
152113, 891508851, 0.000, 0.000, -454.967, 250.000, 0.000, 2.350, 0, 0 
152113, 893021993, 0.000, 0.000, -454.981, 250.000, 0.000, 2.350, 0, 0 
152113, 894534686, 0.000, 0.000, -454.967, 250.000, 0.000, 2.350, 0, 0 
152113, 896045882, 0.000, 0.000, -454.967, 250.000, 0.000, 2.350, 0, 0 
152113, 897560199, 0.000, 0.000, -454.967, 250.000, 0.000, 2.350, 0, 0 
152113, 899200830, 0.000, 0.000, -454.981, 250.000, 0.000, 2.350, 0, 0 
152113, 900780856, 0.000, 0.000, -454.994, 250.000, 0.000, 2.350, 0, 0 
152113, 902298003, 0.000, 0.000, -454.967, 250.000, 0.000, 2.350, 0, 0 
152113, 903815346, 0.000, 0.000, -454.967, 250.000, 0.000, 2.350, 0, 0 
152113, 905395314, 0.000, 0.000, -454.981, 250.000, 0.000, 2.350, 0, 0 
152113, 906912860, 0.000, 0.000, -454.981, 250.000, 0.000, 2.350, 0, 0 
152113, 908430776, 0.000, 0.000, -454.981, 250.000, 0.000, 2.350, 0, 0 
152113, 909948945, 0.000, 0.000, -454.981, 250.000, 0.000, 2.350, 0, 0 
152113, 911507751, 0.000, 0.000, -454.981, 250.000, 0.000, 2.350, 0, 0 
152113, 913025206, 0.000, 0.000, -454.981, 250.000, 0.000, 2.350, 0, 0 
152113, 914589461, 0.000, 0.000, -454.981, 250.000, 0.000, 2.350, 0, 0 
152113, 916137341, 0.000, 0.000, -454.967, 250.000, 0.000, 2.350, 0, 0 
152113, 917655001, 0.000, 0.000, -454.994, 250.000, 0.000, 2.350, 0, 0 
152113, 919169357, 0.000, 0.000, -454.994, 250.000, 0.000, 2.350, 0, 0 
152113, 920685935, 0.000, 0.000, -454.981, 250.000, 0.000, 2.350, 0, 0 
152113, 922198987, 0.000, 0.000, -454.967, 250.000, 0.000, 2.350, 0, 0 
152113, 923764529, 0.000, 0.000, -454.981, 250.000, 0.000, 2.350, 0, 0 
152113, 925367395, 0.000, 0.000, -454.981, 250.000, 0.000, 2.350, 0, 0 
152113, 926883676, 0.000, 0.000, -454.981, 250.000, 0.000, 2.350, 0, 0 
152113, 928395965, 0.000, 0.000, -454.994, 250.000, 0.000, 2.350, 0, 0 
152113, 930057932, 0.000, 0.000, -454.967, 250.000, 0.000, 2.350, 0, 0 
152113, 931572609, 0.000, 0.000, -454.994, 250.000, 0.000, 2.350, 0, 0 
152113, 933113299, 0.000, 0.000, -454.967, 250.000, 0.000, 2.350, 0, 0 
152113, 934626936, 0.000, 0.000, -454.981, 250.000, 0.000, 2.350, 0, 0 
152113, 936136890, 0.000, 0.000, -454.967, 250.000, 0.000, 2.350, 0, 0 
152113, 937653493, 0.000, 0.000, -454.981, 250.000, 0.000, 2.350, 0, 0 
152113, 939166947, 0.000, 0.000, -454.981, 250.000, 0.000, 2.350, 0, 0 
152113, 940708129, 0.000, 0.000, -454.967, 250.000, 0.000, 2.350, 0, 0 
152113, 942227758, 0.000, 0.000, -454.981, 250.000, 0.000, 2.350, 0, 0 
152113, 943744040, 0.000, 0.000, -454.967, 250.000, 0.000, 2.350, 0, 0 
152113, 945376781, 0.000, 0.000, -454.994, 250.000, 0.000, 2.350, 0, 0 
152113, 946920008, 0.000, 0.000, -454.994, 250.000, 0.000, 2.350, 0, 0 
152113, 948438556, 0.000, 0.000, -454.981, 250.000, 0.000, 2.350, 0, 0 
152113, 949995544, 0.000, 0.000, -454.994, 250.000, 0.000, 2.350, 0, 0 
152113, 951549581, 0.000, 0.000, -454.981, 250.000, 0.000, 2.350, 0, 0 
152113, 953142153, 0.000, 0.000, -454.981, 250.000, 0.000, 2.350, 0, 0 
152113, 954654224, 0.000, 0.000, -454.967, 250.000, 0.000, 2.350, 0, 0 
152113, 956166573, 0.000, 0.000, -454.994, 250.000, 0.000, 2.350, 0, 0 
152113, 957679784, 0.000, 0.000, -454.994, 250.000, 0.000, 2.350, 0, 0 
152113, 959195576, 0.000, 0.000, -454.967, 250.000, 0.000, 2.350, 0, 0 
152113, 960744697, 0.000, 0.000, -454.981, 250.000, 0.000, 2.350, 0, 0 
152113, 962259864, 0.000, 0.000, -454.994, 250.000, 0.000, 2.350, 0, 0 
152113, 963777561, 0.000, 0.000, -454.981, 250.000, 0.000, 2.350, 0, 0 
152113, 965295489, 0.000, 0.000, -454.967, 250.000, 0.000, 2.350, 0, 0 
152113, 966881598, 0.000, 0.000, -454.967, 250.000, 0.000, 2.350, 0, 0 
152113, 968396176, 0.000, 0.000, -454.981, 250.000, 0.000, 2.350, 0, 0 
152113, 969952100, 0.000, 0.000, -454.981, 250.000, 0.000, 2.350, 0, 0 
152113, 971479711, 0.000, 0.000, -454.981, 250.000, 0.000, 2.350, 0, 0 
152113, 972994217, 0.000, 0.000, -454.967, 250.000, 0.000, 2.350, 0, 0 
152113, 974549961, 0.000, 0.000, -454.967, 250.000, 0.000, 2.350, 0, 0 
152113, 976105092, 0.000, 0.000, -454.981, 250.000, 0.000, 2.350, 0, 0 
152113, 977623238, 0.000, 0.000, -454.981, 250.000, 0.000, 2.350, 0, 0 
152113, 979138198, 0.000, 0.000, -454.967, 250.000, 0.000, 2.350, 0, 0 
152113, 980652640, 0.000, 0.000, -454.967, 250.000, 0.000, 2.350, 0, 0 
152113, 982194045, 0.000, 0.000, -454.967, 250.000, 0.000, 2.350, 0, 0 
152113, 983708036, 0.000, 0.000, -454.967, 250.000, 0.000, 2.350, 0, 0 
152113, 985236599, 0.000, 0.000, -454.994, 250.000, 0.000, 2.350, 0, 0 
152113, 986761488, 0.000, 0.000, -454.967, 250.000, 0.000, 2.350, 0, 0 
152113, 988277264, 0.000, 0.000, -454.981, 250.000, 0.000, 2.350, 0, 0 
152113, 989792284, 0.000, 0.000, -454.981, 250.000, 0.000, 2.350, 0, 0 
152113, 991419195, 0.000, 0.000, -454.981, 250.000, 0.000, 2.350, 0, 0 
152113, 992946327, 0.000, 0.000, -454.981, 250.000, 0.000, 2.350, 0, 0 
152113, 994465527, 0.000, 0.000, -454.994, 250.000, 0.000, 2.350, 0, 0 
152113, 995982114, 0.000, 0.000, -454.981, 250.000, 0.000, 2.350, 0, 0 
152113, 997575860, 0.000, 0.000, -454.994, 250.000, 0.000, 2.350, 0, 0 
152113, 999093218, 0.000, 0.000, -454.981, 250.000, 0.000, 2.350, 0, 0 
152114, 615303, 0.000, 0.000, -454.981, 250.000, 0.000, 2.350, 0, 0 
152114, 2181958, 0.000, 0.000, -454.994, 250.000, 0.000, 2.350, 0, 0 
152114, 3700670, 0.000, 0.000, -454.981, 250.000, 0.000, 2.350, 0, 0 
152114, 5277157, 0.000, 0.000, -454.981, 250.000, 0.000, 2.350, 0, 0 
152114, 6830073, 0.000, 0.000, -454.981, 250.000, 0.000, 2.350, 0, 0 
152114, 8379067, 0.000, 0.000, -454.994, 250.000, 0.000, 2.350, 0, 0 
152114, 9901235, 0.000, 0.000, -454.981, 250.000, 0.000, 2.350, 0, 0 
152114, 11451370, 0.000, 0.000, -454.967, 250.000, 0.000, 2.350, 0, 0 
152114, 12969400, 0.000, 0.000, -454.981, 250.000, 0.000, 2.350, 0, 0 
152114, 14489604, 0.000, 0.000, -454.967, 250.000, 0.000, 2.350, 0, 0 
152114, 16017345, 0.000, 0.000, -454.981, 250.000, 0.000, 2.350, 0, 0 
152114, 17546777, 0.000, 0.000, -454.994, 250.000, 0.000, 2.350, 0, 0 
152114, 19065111, 0.000, 0.000, -454.994, 250.000, 0.000, 2.350, 0, 0 
152114, 20577969, 0.000, 0.000, -454.981, 250.000, 0.000, 2.350, 0, 0 
152114, 22174521, 0.000, 0.000, -454.981, 250.000, 0.000, 2.350, 0, 0 
152114, 23692267, 0.000, 0.000, -454.981, 250.000, 0.000, 2.350, 0, 0 
152114, 25235843, 0.000, 0.000, -454.994, 250.000, 0.000, 2.350, 0, 0 
152114, 26849067, 0.000, 0.000, -454.981, 250.000, 0.000, 2.350, 0, 0 
152114, 28364254, 0.000, 0.000, -454.994, 250.000, 0.000, 2.350, 0, 0 
152114, 29906468, 0.000, 0.000, -454.994, 250.000, 0.000, 2.350, 0, 0 
152114, 31497286, 0.000, 0.000, -454.967, 250.000, 0.000, 2.350, 0, 0 
152114, 33011407, 0.000, 0.000, -454.967, 250.000, 0.000, 2.350, 0, 0 
152114, 34521641, 0.000, 0.000, -454.994, 250.000, 0.000, 2.350, 0, 0 
152114, 36058254, 0.000, 0.000, -454.981, 250.000, 0.000, 2.350, 0, 0 
152114, 37640244, 0.000, 0.000, -454.994, 250.000, 0.000, 2.350, 0, 0 
152114, 39153767, 0.000, 0.000, -454.981, 250.000, 0.000, 2.350, 0, 0 
152114, 40671818, 0.000, 0.000, -454.981, 250.000, 0.000, 2.350, 0, 0 
152114, 42189885, 0.000, 0.000, -454.967, 250.000, 0.000, 2.350, 0, 0 
152114, 43708981, 0.000, 0.000, -454.981, 250.000, 0.000, 2.350, 0, 0 
152114, 45223302, 0.000, 0.000, -454.967, 250.000, 0.000, 2.350, 0, 0 
152114, 46741527, 0.000, 0.000, -454.981, 250.000, 0.000, 2.350, 0, 0 
152114, 48258516, 0.000, 0.000, -454.967, 250.000, 0.000, 2.350, 0, 0 
152114, 49771661, 0.000, 0.000, -454.967, 250.000, 0.000, 2.350, 0, 0 
152114, 51288043, 0.000, 0.000, -454.981, 250.000, 0.000, 2.350, 0, 0 
152114, 52874689, 0.000, 0.000, -454.981, 250.000, 0.000, 2.350, 0, 0 
152114, 54388338, 0.000, 0.000, -454.994, 250.000, 0.000, 2.350, 0, 0 
152114, 55931574, 0.000, 0.000, -454.981, 250.000, 0.000, 2.350, 0, 0 
152114, 57512501, 0.000, 0.000, -454.967, 250.000, 0.000, 2.350, 0, 0 
152114, 59035210, 0.000, 0.000, -454.981, 250.000, 0.000, 2.350, 0, 0 
152114, 60636058, 0.000, 0.000, -454.981, 250.000, 0.000, 2.350, 0, 0 
152114, 62153683, 0.000, 0.000, -454.994, 250.000, 0.000, 2.350, 0, 0 
152114, 63674033, 0.000, 0.000, -454.967, 250.000, 0.000, 2.350, 0, 0 
152114, 65191353, 0.000, 0.000, -454.981, 250.000, 0.000, 2.350, 0, 0 
152114, 66705620, 0.000, 0.000, -454.994, 250.000, 0.000, 2.350, 0, 0 
152114, 68253565, 0.000, 0.000, -454.994, 250.000, 0.000, 2.350, 0, 0 
152114, 69767575, 0.000, 0.000, -454.981, 250.000, 0.000, 2.350, 0, 0 
152114, 71282684, 0.000, 0.000, -454.967, 250.000, 0.000, 2.350, 0, 0 
152114, 72828282, 0.000, 0.000, -454.981, 250.000, 0.000, 2.350, 0, 0 
152114, 74398715, 0.000, 0.000, -454.981, 250.000, 0.000, 2.350, 0, 0 
152114, 75914648, 0.000, 0.000, -454.967, 250.000, 0.000, 2.350, 0, 0 
152114, 77461428, 0.000, 0.000, -454.967, 250.000, 0.000, 2.350, 0, 0 
152114, 78977636, 0.000, 0.000, -454.994, 250.000, 0.000, 2.350, 0, 0 
152114, 80492677, 0.000, 0.000, -454.981, 250.000, 0.000, 2.350, 0, 0 
152114, 82006370, 0.000, 0.000, -454.967, 250.000, 0.000, 2.350, 0, 0 
152114, 83552370, 0.000, 0.000, -454.981, 250.000, 0.000, 2.350, 0, 0 
152114, 85065152, 0.000, 0.000, -454.981, 250.000, 0.000, 2.350, 0, 0 
152114, 86583351, 0.000, 0.000, -454.981, 250.000, 0.000, 2.350, 0, 0 
152114, 88099569, 0.000, 0.000, -454.967, 250.000, 0.000, 2.350, 0, 0 
152114, 89616214, 0.000, 0.000, -454.981, 250.000, 0.000, 2.350, 0, 0 
152114, 91178507, 0.000, 0.000, -454.967, 250.000, 0.000, 2.350, 0, 0 
152114, 92726419, 0.000, 0.000, -454.981, 250.000, 0.000, 2.350, 0, 0 
152114, 94241104, 0.000, 0.000, -454.981, 250.000, 0.000, 2.350, 0, 0 
152114, 95757748, 0.000, 0.000, -454.981, 250.000, 0.000, 2.350, 0, 0 
152114, 97276148, 0.000, 0.000, -454.967, 250.000, 0.000, 2.350, 0, 0 
152114, 98921748, 0.000, 0.000, -454.981, 250.000, 0.000, 2.350, 0, 0 
152114, 100465758, 0.000, 0.000, -454.981, 250.000, 0.000, 2.350, 0, 0 
152114, 101983336, 0.000, 0.000, -454.981, 250.000, 0.000, 2.350, 0, 0 
152114, 103501023, 0.000, 0.000, -454.981, 250.000, 0.000, 2.350, 0, 0 
152114, 105042304, 0.000, 0.000, -454.967, 250.000, 0.000, 2.350, 0, 0 
152114, 106598603, 0.000, 0.000, -454.967, 250.000, 0.000, 2.350, 0, 0 
152114, 108111809, 0.000, 0.000, -454.981, 250.000, 0.000, 2.350, 0, 0 
152114, 109629821, 0.000, 0.000, -454.981, 250.000, 0.000, 2.350, 0, 0 
152114, 111147214, 0.000, 0.000, -454.981, 250.000, 0.000, 2.350, 0, 0 
152114, 112662951, 0.000, 0.000, -454.967, 250.000, 0.000, 2.350, 0, 0 
152114, 114300976, 0.000, 0.000, -454.981, 250.000, 0.000, 2.350, 0, 0 
152114, 115815524, 0.000, 0.000, -454.981, 250.000, 0.000, 2.350, 0, 0 
152114, 117333490, 0.000, 0.000, -454.967, 250.000, 0.000, 2.350, 0, 0 
152114, 118851785, 0.000, 0.000, -454.981, 250.000, 0.000, 2.350, 0, 0 
152114, 120365076, 0.000, 0.000, -454.981, 250.000, 0.000, 2.350, 0, 0 
152114, 121947256, 0.000, 0.000, -454.967, 250.000, 0.000, 2.350, 0, 0 
152114, 123466883, 0.000, 0.000, -454.981, 250.000, 0.000, 2.350, 0, 0 
152114, 124988012, 0.000, 0.000, -454.981, 250.000, 0.000, 2.350, 0, 0 
152114, 126504973, 0.000, 0.000, -454.981, 250.000, 0.000, 2.350, 0, 0 
152114, 128023352, 0.000, 0.000, -454.981, 250.000, 0.000, 2.350, 0, 0 
152114, 129645935, 0.000, 0.000, -454.994, 250.000, 0.000, 2.350, 0, 0 
152114, 131158007, 0.000, 0.000, -454.981, 250.000, 0.000, 2.350, 0, 0 
152114, 132768377, 0.000, 0.000, -454.967, 250.000, 0.000, 2.350, 0, 0 
152114, 134286435, 0.000, 0.000, -454.967, 250.000, 0.000, 2.350, 0, 0 
152114, 135804765, 0.000, 0.000, -454.981, 250.000, 0.000, 2.350, 0, 0 
152114, 137320888, 0.000, 0.000, -454.981, 250.000, 0.000, 2.350, 0, 0 
152114, 138835092, 0.000, 0.000, -454.981, 250.000, 0.000, 2.350, 0, 0 
152114, 140353673, 0.000, 0.000, -454.981, 250.000, 0.000, 2.350, 0, 0 
152114, 141868253, 0.000, 0.000, -454.981, 250.000, 0.000, 2.350, 0, 0 
152114, 143454259, 0.000, 0.000, -454.994, 250.000, 0.000, 2.350, 0, 0 
152114, 145003741, 0.000, 0.000, -454.981, 250.000, 0.000, 2.350, 0, 0 
152114, 146517930, 0.000, 0.000, -454.994, 250.000, 0.000, 2.350, 0, 0 
152114, 148058612, 0.000, 0.000, -454.981, 250.000, 0.000, 2.350, 0, 0 
152114, 149601959, 0.000, 0.000, -454.981, 250.000, 0.000, 2.350, 0, 0 
152114, 151198799, 0.000, 0.000, -454.981, 250.000, 0.000, 2.350, 0, 0 
152114, 152717354, 0.000, 0.000, -454.981, 250.000, 0.000, 2.350, 0, 0 
152114, 154235716, 0.000, 0.000, -454.994, 250.000, 0.000, 2.350, 0, 0 
152114, 155751872, 0.000, 0.000, -454.981, 250.000, 0.000, 2.350, 0, 0 
152114, 157266691, 0.000, 0.000, -454.981, 250.000, 0.000, 2.350, 0, 0 
152114, 158779507, 0.000, 0.000, -454.981, 250.000, 0.000, 2.350, 0, 0 
152114, 160336404, 0.000, 0.000, -454.994, 250.000, 0.000, 2.350, 0, 0 
152114, 161854828, 0.000, 0.000, -454.994, 250.000, 0.000, 2.350, 0, 0 
152114, 163373124, 0.000, 0.000, -454.981, 250.000, 0.000, 2.350, 0, 0 
152114, 164890956, 0.000, 0.000, -454.994, 250.000, 0.000, 2.350, 0, 0 
152114, 166403776, 0.000, 0.000, -454.967, 250.000, 0.000, 2.350, 0, 0 
152114, 167960828, 0.000, 0.000, -454.981, 250.000, 0.000, 2.350, 0, 0 
152114, 169475049, 0.000, 0.000, -454.981, 250.000, 0.000, 2.350, 0, 0 
152114, 171018998, 0.000, 0.000, -454.981