Thu Nov 29 12:07:24 2018
Controller Frequency: 1.50 kHz
Time(s), Time(ns), x, v, f, xdes, vdes, cmd, LSB, LSF
155585, 270559722, 0.001, 0.000, -89.081, 0.250, 0.000, 2.300, 0, 0 
155585, 272258838, 0.002, 0.677, -84.307, 0.250, 0.000, 2.300, 0, 0 
155585, 273785700, 0.003, 0.753, -80.767, 0.250, 0.000, 2.301, 0, 0 
155585, 275316378, 0.005, 0.751, -76.996, 0.250, 0.000, 2.301, 0, 0 
155585, 276886079, 0.006, 0.733, -73.226, 0.250, 0.000, 2.301, 0, 0 
155585, 278500922, 0.007, 0.712, -69.523, 0.250, 0.000, 2.301, 0, 0 
155585, 280029572, 0.008, 0.752, -66.078, 0.250, 0.000, 2.302, 0, 0 
155585, 281561688, 0.009, 0.751, -62.647, 0.250, 0.000, 2.302, 0, 0 
155585, 283097358, 0.010, 0.749, -59.242, 0.250, 0.000, 2.302, 0, 0 
155585, 284658284, 0.011, 0.737, -55.811, 0.250, 0.000, 2.302, 0, 0 
155585, 286296371, 0.013, 0.702, -52.068, 0.250, 0.000, 2.303, 0, 0 
155585, 287815329, 0.014, 0.757, -48.256, 0.250, 0.000, 2.303, 0, 0 
155585, 289340913, 0.015, 0.754, -44.757, 0.250, 0.000, 2.303, 0, 0 
155585, 290870422, 0.016, 0.752, -41.272, 0.250, 0.000, 2.303, 0, 0 
155585, 292426993, 0.017, 0.739, -37.501, 0.250, 0.000, 2.303, 0, 0 
155585, 294004485, 0.018, 0.729, -33.975, 0.250, 0.000, 2.304, 0, 0 
155585, 295592677, 0.020, 0.724, -30.136, 0.250, 0.000, 2.304, 0, 0 
155585, 297121331, 0.021, 0.752, -26.285, 0.250, 0.000, 2.304, 0, 0 
155585, 298683469, 0.022, 0.736, -22.772, 0.250, 0.000, 2.304, 0, 0 
155585, 300203795, 0.023, 0.756, -19.232, 0.250, 0.000, 2.305, 0, 0 
155585, 301766731, 0.024, 0.736, -15.922, 0.250, 0.000, 2.305, 0, 0 
155585, 303270524, 0.025, 0.765, -12.355, 0.250, 0.000, 2.305, 0, 0 
155585, 304774634, 0.026, 0.765, -8.409, 0.250, 0.000, 2.305, 0, 0 
155585, 306307561, 0.028, 0.750, -4.842, 0.250, 0.000, 2.306, 0, 0 
155585, 307812801, 0.029, 0.764, -1.234, 0.250, 0.000, 2.306, 0, 0 
155585, 309317372, 0.030, 0.764, 2.388, 0.250, 0.000, 2.306, 0, 0 
155585, 310821083, 0.031, 0.765, 5.969, 0.250, 0.000, 2.306, 0, 0 
155585, 312327406, 0.032, 0.763, 9.957, 0.250, 0.000, 2.306, 0, 0 
155585, 313831010, 0.033, 0.765, 13.593, 0.250, 0.000, 2.307, 0, 0 
155585, 315426060, 0.034, 0.721, 17.608, 0.250, 0.000, 2.307, 0, 0 
155585, 316980441, 0.036, 0.740, 21.230, 0.250, 0.000, 2.307, 0, 0 
155585, 318485312, 0.037, 0.764, 25.205, 0.250, 0.000, 2.307, 0, 0 
155585, 320088691, 0.038, 0.717, 28.881, 0.250, 0.000, 2.308, 0, 0 
155585, 321691360, 0.039, 0.718, 32.842, 0.250, 0.000, 2.308, 0, 0 
155585, 323291645, 0.040, 0.719, 36.858, 0.250, 0.000, 2.308, 0, 0 
155585, 324894073, 0.041, 0.718, 40.914, 0.250, 0.000, 2.308, 0, 0 
155585, 326493907, 0.043, 0.719, 44.943, 0.250, 0.000, 2.309, 0, 0 
155585, 328099841, 0.044, 0.716, 48.999, 0.250, 0.000, 2.309, 0, 0 
155585, 329641864, 0.045, 0.746, 52.702, 0.250, 0.000, 2.309, 0, 0 
155585, 331146730, 0.046, 0.764, 56.405, 0.250, 0.000, 2.309, 0, 0 
155585, 332706522, 0.047, 0.737, 60.461, 0.250, 0.000, 2.309, 0, 0 
155585, 334211137, 0.048, 0.764, 64.151, 0.250, 0.000, 2.310, 0, 0 
155585, 335715267, 0.049, 0.765, 67.882, 0.250, 0.000, 2.310, 0, 0 
155585, 337221049, 0.051, 0.764, 71.992, 0.250, 0.000, 2.310, 0, 0 
155585, 338725074, 0.052, 0.765, 75.709, 0.250, 0.000, 2.310, 0, 0 
155585, 340229334, 0.053, 0.764, 79.466, 0.250, 0.000, 2.311, 0, 0 
155585, 341733162, 0.054, 0.765, 83.251, 0.250, 0.000, 2.311, 0, 0 
155585, 343237442, 0.055, 0.764, 87.063, 0.250, 0.000, 2.311, 0, 0 
155585, 344834123, 0.056, 0.720, 91.146, 0.250, 0.000, 2.311, 0, 0 
155585, 346430450, 0.057, 0.720, 95.229, 0.250, 0.000, 2.312, 0, 0 
155585, 348059260, 0.059, 0.706, 99.353, 0.250, 0.000, 2.312, 0, 0 
155585, 349634880, 0.060, 0.730, 103.491, 0.250, 0.000, 2.312, 0, 0 
155585, 351154021, 0.061, 0.757, 107.221, 0.250, 0.000, 2.312, 0, 0 
155585, 352731559, 0.062, 0.729, 111.359, 0.250, 0.000, 2.312, 0, 0 
155585, 354319024, 0.063, 0.724, 115.103, 0.250, 0.000, 2.313, 0, 0 
155585, 355895737, 0.064, 0.729, 119.145, 0.250, 0.000, 2.313, 0, 0 
155585, 357477434, 0.066, 0.727, 123.255, 0.250, 0.000, 2.313, 0, 0 
155585, 359065006, 0.067, 0.724, 127.420, 0.250, 0.000, 2.313, 0, 0 
155585, 360575792, 0.068, 0.761, 131.150, 0.250, 0.000, 2.314, 0, 0 
155585, 362145122, 0.069, 0.733, 135.261, 0.250, 0.000, 2.314, 0, 0 
155585, 363664519, 0.070, 0.757, 139.059, 0.250, 0.000, 2.314, 0, 0 
155585, 365244627, 0.071, 0.728, 143.169, 0.250, 0.000, 2.314, 0, 0 
155585, 366820479, 0.072, 0.730, 146.900, 0.250, 0.000, 2.314, 0, 0 
155585, 368330161, 0.074, 0.762, 150.997, 0.250, 0.000, 2.315, 0, 0 
155585, 369884308, 0.075, 0.740, 154.781, 0.250, 0.000, 2.315, 0, 0 
155585, 371435464, 0.076, 0.741, 158.919, 0.250, 0.000, 2.315, 0, 0 
155585, 373016778, 0.077, 0.727, 162.676, 0.250, 0.000, 2.315, 0, 0 
155585, 374601145, 0.078, 0.726, 166.814, 0.250, 0.000, 2.316, 0, 0 
155585, 376118536, 0.079, 0.758, 170.924, 0.250, 0.000, 2.316, 0, 0 
155585, 377702248, 0.080, 0.726, 174.668, 0.250, 0.000, 2.316, 0, 0 
155585, 379317530, 0.082, 0.712, 179.470, 0.250, 0.000, 2.316, 0, 0 
155585, 380836214, 0.083, 0.757, 182.889, 0.250, 0.000, 2.317, 0, 0 
155585, 382432833, 0.084, 0.720, 186.999, 0.250, 0.000, 2.317, 0, 0 
155585, 383988983, 0.085, 0.739, 191.055, 0.250, 0.000, 2.317, 0, 0 
155585, 385578854, 0.086, 0.723, 194.813, 0.250, 0.000, 2.317, 0, 0 
155585, 387176041, 0.087, 0.720, 198.882, 0.250, 0.000, 2.317, 0, 0 
155585, 388764390, 0.089, 0.724, 202.966, 0.250, 0.000, 2.318, 0, 0 
155585, 390325412, 0.090, 0.737, 206.710, 0.250, 0.000, 2.318, 0, 0 
155585, 391841881, 0.091, 0.758, 210.820, 0.250, 0.000, 2.318, 0, 0 
155585, 393364376, 0.092, 0.755, 214.483, 0.250, 0.000, 2.318, 0, 0 
155585, 394928968, 0.093, 0.735, 218.552, 0.250, 0.000, 2.319, 0, 0 
155585, 396443896, 0.094, 0.759, 222.378, 0.250, 0.000, 2.319, 0, 0 
155585, 398029755, 0.095, 0.725, 226.095, 0.250, 0.000, 2.319, 0, 0 
155585, 399553214, 0.097, 0.755, 230.123, 0.250, 0.000, 2.319, 0, 0 
155585, 401069479, 0.098, 0.758, 233.773, 0.250, 0.000, 2.320, 0, 0 
155585, 402596543, 0.099, 0.753, 237.802, 0.250, 0.000, 2.320, 0, 0 
155585, 404142063, 0.100, 0.744, 241.125, 0.250, 0.000, 2.320, 0, 0 
155585, 405704543, 0.101, 0.736, 245.140, 0.250, 0.000, 2.320, 0, 0 
155585, 407271312, 0.102, 0.734, 249.129, 0.250, 0.000, 2.320, 0, 0 
155585, 408853340, 0.103, 0.727, 253.103, 0.250, 0.000, 2.321, 0, 0 
155585, 410483745, 0.105, 0.705, 257.091, 0.250, 0.000, 2.321, 0, 0 
155585, 412038037, 0.106, 0.740, 260.700, 0.250, 0.000, 2.321, 0, 0 
155585, 413575835, 0.107, 0.748, 264.661, 0.250, 0.000, 2.321, 0, 0 
155585, 415111803, 0.108, 0.749, 268.256, 0.250, 0.000, 2.322, 0, 0 
155585, 416654460, 0.109, 0.745, 272.163, 0.250, 0.000, 2.322, 0, 0 
155585, 418235651, 0.110, 0.727, 275.717, 0.250, 0.000, 2.322, 0, 0 
155585, 419749813, 0.112, 0.759, 279.284, 0.250, 0.000, 2.322, 0, 0 
155585, 421264316, 0.113, 0.759, 283.164, 0.250, 0.000, 2.323, 0, 0 
155585, 422781041, 0.114, 0.758, 286.732, 0.250, 0.000, 2.323, 0, 0 
155585, 424354246, 0.115, 0.731, 290.625, 0.250, 0.000, 2.323, 0, 0 
155585, 425949381, 0.116, 0.721, 294.111, 0.250, 0.000, 2.323, 0, 0 
155585, 427462666, 0.117, 0.760, 297.625, 0.250, 0.000, 2.323, 0, 0 
155585, 429012050, 0.118, 0.742, 301.437, 0.250, 0.000, 2.324, 0, 0 
155585, 430595208, 0.120, 0.726, 305.249, 0.250, 0.000, 2.324, 0, 0 
155585, 432195005, 0.121, 0.719, 309.060, 0.250, 0.000, 2.324, 0, 0 
155585, 433740932, 0.122, 0.744, 312.832, 0.250, 0.000, 2.324, 0, 0 
155585, 435260717, 0.123, 0.757, 316.277, 0.250, 0.000, 2.325, 0, 0 
155585, 436827189, 0.124, 0.734, 319.736, 0.250, 0.000, 2.325, 0, 0 
155585, 438368500, 0.125, 0.746, 323.480, 0.250, 0.000, 2.325, 0, 0 
155585, 439961575, 0.126, 0.722, 327.211, 0.250, 0.000, 2.325, 0, 0 
155585, 441578484, 0.128, 0.711, 330.928, 0.250, 0.000, 2.326, 0, 0 
155585, 443097985, 0.129, 0.757, 334.428, 0.250, 0.000, 2.326, 0, 0 
155585, 444646901, 0.130, 0.742, 337.792, 0.250, 0.000, 2.326, 0, 0 
155585, 446273110, 0.131, 0.707, 341.455, 0.250, 0.000, 2.326, 0, 0 
155585, 447792980, 0.132, 0.757, 345.144, 0.250, 0.000, 2.326, 0, 0 
155585, 449306498, 0.133, 0.760, 348.509, 0.250, 0.000, 2.327, 0, 0 
155585, 450860252, 0.135, 0.740, 351.805, 0.250, 0.000, 2.327, 0, 0 
155585, 452381165, 0.136, 0.756, 355.481, 0.250, 0.000, 2.327, 0, 0 
155585, 453902056, 0.137, 0.756, 358.778, 0.250, 0.000, 2.327, 0, 0 
155585, 455415872, 0.138, 0.760, 362.087, 0.250, 0.000, 2.328, 0, 0 
155585, 457013405, 0.139, 0.720, 365.696, 0.250, 0.000, 2.328, 0, 0 
155585, 458528505, 0.140, 0.759, 368.965, 0.250, 0.000, 2.328, 0, 0 
155585, 460043242, 0.141, 0.759, 372.275, 0.250, 0.000, 2.328, 0, 0 
155585, 461554550, 0.143, 0.761, 375.490, 0.250, 0.000, 2.329, 0, 0 
155585, 463100662, 0.144, 0.744, 379.017, 0.250, 0.000, 2.329, 0, 0 
155585, 464619165, 0.145, 0.757, 382.544, 0.250, 0.000, 2.329, 0, 0 
155585, 466132955, 0.146, 0.760, 385.461, 0.250, 0.000, 2.329, 0, 0 
155585, 467647269, 0.147, 0.759, 388.947, 0.250, 0.000, 2.329, 0, 0 
155585, 469188570, 0.148, 0.746, 392.962, 0.250, 0.000, 2.330, 0, 0 
155585, 470699410, 0.150, 0.761, 395.268, 0.250, 0.000, 2.330, 0, 0 
155585, 472237790, 0.151, 0.748, 398.714, 0.250, 0.000, 2.330, 0, 0 
155585, 473797822, 0.152, 0.737, 401.834, 0.250, 0.000, 2.330, 0, 0 
155585, 475309594, 0.153, 0.761, 405.008, 0.250, 0.000, 2.331, 0, 0 
155585, 476822164, 0.154, 0.760, 408.440, 0.250, 0.000, 2.331, 0, 0 
155585, 478333432, 0.155, 0.761, 411.533, 0.250, 0.000, 2.331, 0, 0 
155585, 479844624, 0.156, 0.761, 414.599, 0.250, 0.000, 2.331, 0, 0 
155585, 481407124, 0.158, 0.736, 418.018, 0.250, 0.000, 2.332, 0, 0 
155585, 482970920, 0.159, 0.735, 421.083, 0.250, 0.000, 2.332, 0, 0 
155585, 484484717, 0.160, 0.760, 424.420, 0.250, 0.000, 2.332, 0, 0 
155585, 486006394, 0.161, 0.756, 427.446, 0.250, 0.000, 2.332, 0, 0 
155585, 487634259, 0.162, 0.706, 431.040, 0.250, 0.000, 2.332, 0, 0 
155585, 489147452, 0.163, 0.760, 433.781, 0.250, 0.000, 2.333, 0, 0 
155585, 490690535, 0.164, 0.745, 433.916, 0.250, 0.000, 2.333, 0, 0 
155585, 492202979, 0.166, 0.760, 433.916, 0.250, 0.000, 2.333, 0, 0 
155585, 493760844, 0.167, 0.738, 433.916, 0.250, 0.000, 2.333, 0, 0 
155585, 495304603, 0.168, 0.745, 433.916, 0.250, 0.000, 2.334, 0, 0 
155585, 496864345, 0.169, 0.737, 433.916, 0.250, 0.000, 2.334, 0, 0 
155585, 498406039, 0.170, 0.746, 433.916, 0.250, 0.000, 2.334, 0, 0 
155585, 499947807, 0.171, 0.746, 433.916, 0.250, 0.000, 2.334, 0, 0 
155585, 501463629, 0.173, 0.759, 433.916, 0.250, 0.000, 2.335, 0, 0 
155585, 503050906, 0.174, 0.725, 433.916, 0.250, 0.000, 2.335, 0, 0 
155585, 504565289, 0.175, 0.759, 433.916, 0.250, 0.000, 2.335, 0, 0 
155585, 506124713, 0.176, 0.737, 433.916, 0.250, 0.000, 2.335, 0, 0 
155585, 507699540, 0.177, 0.730, 433.916, 0.250, 0.000, 2.335, 0, 0 
155585, 509277531, 0.178, 0.729, 433.916, 0.250, 0.000, 2.336, 0, 0 
155585, 510829790, 0.179, 0.741, 433.916, 0.250, 0.000, 2.336, 0, 0 
155585, 512435696, 0.181, 0.716, 433.916, 0.250, 0.000, 2.336, 0, 0 
155585, 513950610, 0.182, 0.759, 433.916, 0.250, 0.000, 2.336, 0, 0 
155585, 515466936, 0.183, 0.758, 433.916, 0.250, 0.000, 2.337, 0, 0 
155585, 516979160, 0.184, 0.760, 433.916, 0.250, 0.000, 2.337, 0, 0 
155585, 518555947, 0.185, 0.729, 433.916, 0.250, 0.000, 2.337, 0, 0 
155585, 520065381, 0.186, 0.762, 433.916, 0.250, 0.000, 2.337, 0, 0 
155585, 521623312, 0.187, 0.738, 433.916, 0.250, 0.000, 2.337, 0, 0 
155585, 523201885, 0.189, 0.729, 433.916, 0.250, 0.000, 2.338, 0, 0 
155585, 524715343, 0.190, 0.760, 433.916, 0.250, 0.000, 2.338, 0, 0 
155585, 526280012, 0.191, 0.735, 433.916, 0.250, 0.000, 2.338, 0, 0 
155585, 527791286, 0.192, 0.761, 433.916, 0.250, 0.000, 2.338, 0, 0 
155585, 529304620, 0.193, 0.760, 433.916, 0.250, 0.000, 2.339, 0, 0 
155585, 530870557, 0.194, 0.734, 433.916, 0.250, 0.000, 2.339, 0, 0 
155585, 532412395, 0.196, 0.746, 433.916, 0.250, 0.000, 2.339, 0, 0 
155585, 533981047, 0.197, 0.733, 433.916, 0.250, 0.000, 2.339, 0, 0 
155585, 535494677, 0.198, 0.760, 433.916, 0.250, 0.000, 2.340, 0, 0 
155585, 537034507, 0.199, 0.747, 433.916, 0.250, 0.000, 2.340, 0, 0 
155585, 538599687, 0.200, 0.735, 433.916, 0.250, 0.000, 2.340, 0, 0 
155585, 540178808, 0.201, 0.728, 433.916, 0.250, 0.000, 2.340, 0, 0 
155585, 541751907, 0.202, 0.731, 433.916, 0.250, 0.000, 2.340, 0, 0 
155585, 543326324, 0.204, 0.730, 433.916, 0.250, 0.000, 2.341, 0, 0 
155585, 544890828, 0.205, 0.735, 433.916, 0.250, 0.000, 2.341, 0, 0 
155585, 546450886, 0.206, 0.737, 433.916, 0.250, 0.000, 2.341, 0, 0 
155585, 547970574, 0.207, 0.757, 433.916, 0.250, 0.000, 2.341, 0, 0 
155585, 549537901, 0.208, 0.734, 433.916, 0.250, 0.000, 2.342, 0, 0 
155585, 551052945, 0.209, 0.759, 433.916, 0.250, 0.000, 2.342, 0, 0 
155585, 552568697, 0.210, 0.759, 433.916, 0.250, 0.000, 2.342, 0, 0 
155585, 554081245, 0.212, 0.760, 433.916, 0.250, 0.000, 2.342, 0, 0 
155585, 555593888, 0.213, 0.760, 433.916, 0.250, 0.000, 2.343, 0, 0 
155585, 557107130, 0.214, 0.760, 433.916, 0.250, 0.000, 2.343, 0, 0 
155585, 558619839, 0.215, 0.760, 433.916, 0.250, 0.000, 2.343, 0, 0 
155585, 560135781, 0.216, 0.759, 433.916, 0.250, 0.000, 2.343, 0, 0 
155585, 561648916, 0.217, 0.760, 433.916, 0.250, 0.000, 2.343, 0, 0 
155585, 563161773, 0.219, 0.760, 433.916, 0.250, 0.000, 2.344, 0, 0 
155585, 564706374, 0.220, 0.745, 433.916, 0.250, 0.000, 2.344, 0, 0 
155585, 566221418, 0.221, 0.759, 433.916, 0.250, 0.000, 2.344, 0, 0 
155585, 567742767, 0.222, 0.756, 433.916, 0.250, 0.000, 2.344, 0, 0 
155585, 569262208, 0.223, 0.757, 433.916, 0.250, 0.000, 2.345, 0, 0 
155585, 570778846, 0.224, 0.758, 433.916, 0.250, 0.000, 2.345, 0, 0 
155585, 572362620, 0.225, 0.726, 433.916, 0.250, 0.000, 2.345, 0, 0 
155585, 573942220, 0.227, 0.728, 433.916, 0.250, 0.000, 2.345, 0, 0 
155585, 575521047, 0.228, 0.728, 433.916, 0.250, 0.000, 2.346, 0, 0 
155585, 577084803, 0.229, 0.735, 433.916, 0.250, 0.000, 2.346, 0, 0 
155585, 578644097, 0.230, 0.738, 433.916, 0.250, 0.000, 2.346, 0, 0 
155585, 580198105, 0.231, 0.740, 433.916, 0.250, 0.000, 2.346, 0, 0 
155585, 581718705, 0.232, 0.756, 433.916, 0.250, 0.000, 2.346, 0, 0 
155585, 583305000, 0.233, 0.725, 433.916, 0.250, 0.000, 2.347, 0, 0 
155585, 584818595, 0.235, 0.760, 433.916, 0.250, 0.000, 2.347, 0, 0 
155585, 586341595, 0.236, 0.755, 433.916, 0.250, 0.000, 2.347, 0, 0 
155585, 587852845, 0.237, 0.761, 433.916, 0.250, 0.000, 2.347, 0, 0 
155585, 589365745, 0.238, 0.760, 433.916, 0.250, 0.000, 2.348, 0, 0 
155585, 590876887, 0.239, 0.761, 433.916, 0.250, 0.000, 2.348, 0, 0 
155585, 592390764, 0.240, 0.760, 433.916, 0.250, 0.000, 2.348, 0, 0 
155585, 593902887, 0.242, 0.761, 433.916, 0.250, 0.000, 2.348, 0, 0 
155585, 595488595, 0.243, 0.725, 433.916, 0.250, 0.000, 2.349, 0, 0 
155585, 597001371, 0.244, 0.760, 433.916, 0.250, 0.000, 2.349, 0, 0 
155585, 598515865, 0.245, 0.759, 433.916, 0.250, 0.000, 2.349, 0, 0 
155585, 600028179, 0.246, 0.760, 433.916, 0.250, 0.000, 2.349, 0, 0 
155585, 601591365, 0.247, 0.736, 433.916, 0.250, 0.000, 2.349, 0, 0 
155585, 603154726, 0.248, 0.736, 433.916, 0.250, 0.000, 2.350, 0, 0 
155585, 604667320, 0.250, 0.760, 433.916, 0.250, 0.000, 2.350, 0, 0 
155585, 606192935, 0.251, 0.754, 433.916, 0.250, 0.000, 2.350, 0, 0 
155585, 607705292, 0.252, 0.760, 433.916, 0.250, 0.000, 2.350, 0, 0 
155585, 609270026, 0.253, 0.735, 433.916, 0.250, 0.000, 2.351, 0, 0 
155585, 610851096, 0.254, 0.727, 433.916, 0.250, 0.000, 2.351, 0, 0 
155585, 612395805, 0.255, 0.744, 433.916, 0.250, 0.000, 2.351, 0, 0 
155585, 613909560, 0.256, 0.760, 433.916, 0.250, 0.000, 2.351, 0, 0 
155585, 615452810, 0.258, 0.745, 433.916, 0.250, 0.000, 2.352, 0, 0 
155585, 617014324, 0.259, 0.736, 433.916, 0.250, 0.000, 2.352, 0, 0 
155585, 618532727, 0.260, 0.757, 433.916, 0.250, 0.000, 2.352, 0, 0 
155585, 620154032, 0.261, 0.709, 433.916, 0.250, 0.000, 2.352, 0, 0 
155585, 621714429, 0.262, 0.737, 433.916, 0.250, 0.000, 2.352, 0, 0 
155585, 623290074, 0.263, 0.730, 433.916, 0.250, 0.000, 2.353, 0, 0 
155585, 624865426, 0.265, 0.730, 433.916, 0.250, 0.000, 2.353, 0, 0 
155585, 626476049, 0.266, 0.714, 433.916, 0.250, 0.000, 2.353, 0, 0 
155585, 628043253, 0.267, 0.734, 433.916, 0.250, 0.000, 2.353, 0, 0 
155585, 629608263, 0.268, 0.735, 433.916, 0.250, 0.000, 2.354, 0, 0 
155585, 631124929, 0.269, 0.758, 433.916, 0.250, 0.000, 2.354, 0, 0 
155585, 632709676, 0.270, 0.726, 433.916, 0.250, 0.000, 2.354, 0, 0 
155585, 634293310, 0.271, 0.726, 433.916, 0.250, 0.000, 2.354, 0, 0 
155585, 635873930, 0.273, 0.728, 433.916, 0.250, 0.000, 2.355, 0, 0 
155585, 637453584, 0.274, 0.728, 433.916, 0.250, 0.000, 2.355, 0, 0 
155585, 639033561, 0.275, 0.728, 433.916, 0.250, 0.000, 2.355, 0, 0 
155585, 640588971, 0.276, 0.739, 433.916, 0.250, 0.000, 2.355, 0, 0 
155585, 642139076, 0.277, 0.742, 433.916, 0.250, 0.000, 2.355, 0, 0 
155585, 643682298, 0.278, 0.745, 433.916, 0.250, 0.000, 2.356, 0, 0 
155585, 645197293, 0.279, 0.759, 433.916, 0.250, 0.000, 2.356, 0, 0 
155585, 646755565, 0.281, 0.738, 433.916, 0.250, 0.000, 2.356, 0, 0 
155585, 648272430, 0.282, 0.758, 433.916, 0.250, 0.000, 2.356, 0, 0 
155585, 649799940, 0.283, 0.753, 433.916, 0.250, 0.000, 2.357, 0, 0 
155585, 651347755, 0.284, 0.743, 433.916, 0.250, 0.000, 2.357, 0, 0 
155585, 652865479, 0.285, 0.758, 433.916, 0.250, 0.000, 2.357, 0, 0 
155585, 654386329, 0.286, 0.756, 433.916, 0.250, 0.000, 2.357, 0, 0 
155585, 655941157, 0.288, 0.740, 433.916, 0.250, 0.000, 2.358, 0, 0 
155585, 657488240, 0.289, 0.743, 433.916, 0.250, 0.000, 2.358, 0, 0 
155585, 659001929, 0.290, 0.760, 433.916, 0.250, 0.000, 2.358, 0, 0 
155585, 660517168, 0.291, 0.759, 433.916, 0.250, 0.000, 2.358, 0, 0 
155585, 662030058, 0.292, 0.760, 433.916, 0.250, 0.000, 2.358, 0, 0 
155585, 663544365, 0.293, 0.759, 433.916, 0.250, 0.000, 2.359, 0, 0 
155585, 665061893, 0.294, 0.758, 433.916, 0.250, 0.000, 2.359, 0, 0 
155585, 666631037, 0.296, 0.733, 433.916, 0.250, 0.000, 2.359, 0, 0 
155585, 668146563, 0.297, 0.759, 433.916, 0.250, 0.000, 2.359, 0, 0 
155585, 669660627, 0.298, 0.760, 433.916, 0.250, 0.000, 2.360, 0, 0 
155585, 671174939, 0.299, 0.759, 433.916, 0.250, 0.000, 2.360, 0, 0 
155585, 672729595, 0.300, 0.740, 433.916, 0.250, 0.000, 2.360, 0, 0 
155585, 674249513, 0.301, 0.757, 433.916, 0.250, 0.000, 2.360, 0, 0 
155585, 675769153, 0.302, 0.757, 433.916, 0.250, 0.000, 2.360, 0, 0 
155585, 677293662, 0.304, 0.754, 433.916, 0.250, 0.000, 2.361, 0, 0 
155585, 678826301, 0.305, 0.750, 433.916, 0.250, 0.000, 2.361, 0, 0 
155585, 680341743, 0.306, 0.759, 433.916, 0.250, 0.000, 2.361, 0, 0 
155585, 681905836, 0.307, 0.735, 433.916, 0.250, 0.000, 2.361, 0, 0 
155585, 683418945, 0.308, 0.760, 433.916, 0.250, 0.000, 2.362, 0, 0 
155585, 684937929, 0.309, 0.757, 433.916, 0.250, 0.000, 2.362, 0, 0 
155585, 686455876, 0.311, 0.758, 433.916, 0.250, 0.000, 2.362, 0, 0 
155585, 688179581, 0.312, 0.667, 433.916, 0.250, 0.000, 2.362, 0, 0 
155585, 689691205, 0.313, 0.761, 433.916, 0.250, 0.000, 2.363, 0, 0 
155585, 691205262, 0.314, 0.760, 433.916, 0.250, 0.000, 2.363, 0, 0 
155585, 692719638, 0.315, 0.759, 433.916, 0.250, 0.000, 2.363, 0, 0 
155585, 694232733, 0.316, 0.760, 433.916, 0.250, 0.000, 2.363, 0, 0 
155585, 695746945, 0.317, 0.759, 433.916, 0.250, 0.000, 2.363, 0, 0 
155585, 697265653, 0.319, 0.757, 433.916, 0.250, 0.000, 2.364, 0, 0 
155585, 698828336, 0.320, 0.736, 433.916, 0.250, 0.000, 2.364, 0, 0 
155585, 700344523, 0.321, 0.758, 433.916, 0.250, 0.000, 2.364, 0, 0 
155585, 701871622, 0.322, 0.753, 433.916, 0.250, 0.000, 2.364, 0, 0 
155585, 703424688, 0.323, 0.740, 433.916, 0.250, 0.000, 2.365, 0, 0 
155585, 704937849, 0.324, 0.760, 433.916, 0.250, 0.000, 2.365, 0, 0 
155585, 706451632, 0.325, 0.760, 433.916, 0.250, 0.000, 2.365, 0, 0 
155585, 707969536, 0.327, 0.758, 433.916, 0.250, 0.000, 2.365, 0, 0 
155585, 709482764, 0.328, 0.760, 433.916, 0.250, 0.000, 2.366, 0, 0 
155585, 711051856, 0.329, 0.733, 433.916, 0.250, 0.000, 2.366, 0, 0 
155585, 712636956, 0.330, 0.726, 433.916, 0.250, 0.000, 2.366, 0, 0 
155585, 714155540, 0.331, 0.757, 433.916, 0.250, 0.000, 2.366, 0, 0 
155585, 715722241, 0.332, 0.734, 433.916, 0.250, 0.000, 2.366, 0, 0 
155585, 717239586, 0.334, 0.758, 433.916, 0.250, 0.000, 2.367, 0, 0 
155585, 718795101, 0.335, 0.739, 433.916, 0.250, 0.000, 2.367, 0, 0 
155585, 720316382, 0.336, 0.756, 433.916, 0.250, 0.000, 2.367, 0, 0 
155585, 721832112, 0.337, 0.759, 433.916, 0.250, 0.000, 2.367, 0, 0 
155585, 723393575, 0.338, 0.736, 433.916, 0.250, 0.000, 2.368, 0, 0 
155585, 724974976, 0.339, 0.727, 433.916, 0.250, 0.000, 2.368, 0, 0 
155585, 726543658, 0.340, 0.733, 433.916, 0.250, 0.000, 2.368, 0, 0 
155585, 728063790, 0.342, 0.757, 433.916, 0.250, 0.000, 2.368, 0, 0 
155585, 729576987, 0.343, 0.760, 433.916, 0.250, 0.000, 2.369, 0, 0 
155585, 731093916, 0.344, 0.758, 433.916, 0.250, 0.000, 2.369, 0, 0 
155585, 732677753, 0.345, 0.726, 433.916, 0.250, 0.000, 2.369, 0, 0 
155585, 734301773, 0.346, 0.708, 433.916, 0.250, 0.000, 2.369, 0, 0 
155585, 735868494, 0.347, 0.734, 433.916, 0.250, 0.000, 2.369, 0, 0 
155585, 737391679, 0.348, 0.755, 433.916, 0.250, 0.000, 2.370, 0, 0 
155585, 738908415, 0.350, 0.758, 433.916, 0.250, 0.000, 2.370, 0, 0 
155585, 740426342, 0.351, 0.758, 433.916, 0.250, 0.000, 2.370, 0, 0 
155585, 741992583, 0.352, 0.734, 433.916, 0.250, 0.000, 2.370, 0, 0 
155585, 743505249, 0.353, 0.760, 433.916, 0.250, 0.000, 2.371, 0, 0 
155585, 745020492, 0.354, 0.759, 433.916, 0.250, 0.000, 2.371, 0, 0 
155585, 746550498, 0.355, 0.752, 433.916, 0.250, 0.000, 2.371, 0, 0 
155585, 748067942, 0.356, 0.758, 433.916, 0.250, 0.000, 2.371, 0, 0 
155585, 749609719, 0.358, 0.746, 433.916, 0.250, 0.000, 2.372, 0, 0 
155585, 751125727, 0.359, 0.759, 433.916, 0.250, 0.000, 2.372, 0, 0 
155585, 752638310, 0.360, 0.760, 433.916, 0.250, 0.000, 2.372, 0, 0 
155585, 754170780, 0.361, 0.750, 433.916, 0.250, 0.000, 2.372, 0, 0 
155585, 755686317, 0.362, 0.759, 433.916, 0.250, 0.000, 2.372, 0, 0 
155585, 757230603, 0.363, 0.745, 433.916, 0.250, 0.000, 2.373, 0, 0 
155585, 758743579, 0.365, 0.760, 433.916, 0.250, 0.000, 2.373, 0, 0 
155585, 760259847, 0.366, 0.758, 433.916, 0.250, 0.000, 2.373, 0, 0 
155585, 761772983, 0.367, 0.760, 433.916, 0.250, 0.000, 2.373, 0, 0 
155585, 763287421, 0.368, 0.759, 433.916, 0.250, 0.000, 2.374, 0, 0 
155585, 764853344, 0.369, 0.734, 433.916, 0.250, 0.000, 2.374, 0, 0 
155585, 766382387, 0.370, 0.752, 433.916, 0.250, 0.000, 2.374, 0, 0 
155585, 767895775, 0.371, 0.760, 433.916, 0.250, 0.000, 2.374, 0, 0 
155585, 769411713, 0.373, 0.759, 433.916, 0.250, 0.000, 2.375, 0, 0 
155585, 770929723, 0.374, 0.758, 433.916, 0.250, 0.000, 2.375, 0, 0 
155585, 772449370, 0.375, 0.757, 433.916, 0.250, 0.000, 2.375, 0, 0 
155585, 773966936, 0.376, 0.758, 433.916, 0.250, 0.000, 2.375, 0, 0 
155585, 775484428, 0.377, 0.758, 433.916, 0.250, 0.000, 2.375, 0, 0 
155585, 777001704, 0.378, 0.758, 433.916, 0.250, 0.000, 2.376, 0, 0 
155585, 778518312, 0.379, 0.758, 433.916, 0.250, 0.000, 2.376, 0, 0 
155585, 780062272, 0.381, 0.745, 433.916, 0.250, 0.000, 2.376, 0, 0 
155585, 781580182, 0.382, 0.758, 433.916, 0.250, 0.000, 2.376, 0, 0 
155585, 783141073, 0.383, 0.737, 433.916, 0.250, 0.000, 2.377, 0, 0 
155585, 784659180, 0.384, 0.758, 433.916, 0.250, 0.000, 2.377, 0, 0 
155585, 786173588, 0.385, 0.759, 433.916, 0.250, 0.000, 2.377, 0, 0 
155585, 787683606, 0.386, 0.762, 433.916, 0.250, 0.000, 2.377, 0, 0 
155585, 789235308, 0.388, 0.741, 433.916, 0.250, 0.000, 2.378, 0, 0 
155585, 790790864, 0.389, 0.739, 433.916, 0.250, 0.000, 2.378, 0, 0 
155585, 792359708, 0.390, 0.733, 433.916, 0.250, 0.000, 2.378, 0, 0 
155585, 793925933, 0.391, 0.734, 433.916, 0.250, 0.000, 2.378, 0, 0 
155585, 795512293, 0.392, 0.725, 433.916, 0.250, 0.000, 2.378, 0, 0 
155585, 797083617, 0.393, 0.732, 433.916, 0.250, 0.000, 2.379, 0, 0 
155585, 798659038, 0.394, 0.730, 433.916, 0.250, 0.000, 2.379, 0, 0 
155585, 800172167, 0.396, 0.760, 433.916, 0.250, 0.000, 2.379, 0, 0 
155585, 801689101, 0.397, 0.758, 433.916, 0.250, 0.000, 2.379, 0, 0 
155585, 803205996, 0.398, 0.758, 433.916, 0.250, 0.000, 2.380, 0, 0 
155585, 804726365, 0.399, 0.756, 433.916, 0.250, 0.000, 2.380, 0, 0 
155585, 806240797, 0.400, 0.759, 433.916, 0.250, 0.000, 2.380, 0, 0 
155585, 807753860, 0.401, 0.760, 433.916, 0.250, 0.000, 2.380, 0, 0 
155585, 809280922, 0.402, 0.753, 433.916, 0.250, 0.000, 2.381, 0, 0 
155585, 810889880, 0.404, 0.715, 433.916, 0.250, 0.000, 2.381, 0, 0 
155585, 812477970, 0.405, 0.724, 433.916, 0.250, 0.000, 2.381, 0, 0 
155585, 814049551, 0.406, 0.732, 433.916, 0.250, 0.000, 2.381, 0, 0 
155585, 815577047, 0.407, 0.753, 433.916, 0.250, 0.000, 2.381, 0, 0 
155585, 817088802, 0.408, 0.761, 433.916, 0.250, 0.000, 2.382, 0, 0 
155585, 818602572, 0.409, 0.760, 433.916, 0.250, 0.000, 2.382, 0, 0 
155585, 820125640, 0.411, 0.755, 433.916, 0.250, 0.000, 2.382, 0, 0 
155585, 821639802, 0.412, 0.759, 433.916, 0.250, 0.000, 2.382, 0, 0 
155585, 823152260, 0.413, 0.760, 433.916, 0.250, 0.000, 2.383, 0, 0 
155585, 824665797, 0.414, 0.760, 433.916, 0.250, 0.000, 2.383, 0, 0 
155585, 826218350, 0.415, 0.741, 433.916, 0.250, 0.000, 2.383, 0, 0 
155585, 827799814, 0.416, 0.727, 433.916, 0.250, 0.000, 2.383, 0, 0 
155585, 829346895, 0.417, 0.743, 433.916, 0.250, 0.000, 2.383, 0, 0 
155585, 830863995, 0.419, 0.758, 433.916, 0.250, 0.000, 2.384, 0, 0 
155585, 832380304, 0.420, 0.758, 433.916, 0.250, 0.000, 2.384, 0, 0 
155585, 833898963, 0.421, 0.757, 433.916, 0.250, 0.000, 2.384, 0, 0 
155585, 835414942, 0.422, 0.759, 433.916, 0.250, 0.000, 2.384, 0, 0 
155585, 836929952, 0.423, 0.759, 433.916, 0.250, 0.000, 2.385, 0, 0 
155585, 838449646, 0.424, 0.757, 433.916, 0.250, 0.000, 2.385, 0, 0 
155585, 840017037, 0.425, 0.734, 433.916, 0.250, 0.000, 2.385, 0, 0 
155585, 841572287, 0.427, 0.739, 433.916, 0.250, 0.000, 2.385, 0, 0 
155585, 843086240, 0.428, 0.760, 433.916, 0.250, 0.000, 2.386, 0, 0 
155585, 844600745, 0.429, 0.759, 433.916, 0.250, 0.000, 2.386, 0, 0 
155585, 846113938, 0.430, 0.760, 433.916, 0.250, 0.000, 2.386, 0, 0 
155585, 847633465, 0.431, 0.757, 433.916, 0.250, 0.000, 2.386, 0, 0 
155585, 849221156, 0.432, 0.724, 433.916, 0.250, 0.000, 2.386, 0, 0 
155585, 850790752, 0.434, 0.733, 433.916, 0.250, 0.000, 2.387, 0, 0 
155585, 852330293, 0.435, 0.747, 433.916, 0.250, 0.000, 2.387, 0, 0 
155585, 853928109, 0.436, 0.720, 433.916, 0.250, 0.000, 2.387, 0, 0 
155585, 855440241, 0.437, 0.761, 433.916, 0.250, 0.000, 2.387, 0, 0 
155585, 857058832, 0.438, 0.710, 433.916, 0.250, 0.000, 2.388, 0, 0 
155585, 858574998, 0.439, 0.758, 433.916, 0.250, 0.000, 2.388, 0, 0 
155585, 860094620, 0.440, 0.757, 433.916, 0.250, 0.000, 2.388, 0, 0 
155585, 861694188, 0.442, 0.719, 433.916, 0.250, 0.000, 2.388, 0, 0 
155585, 863270927, 0.443, 0.729, 433.916, 0.250, 0.000, 2.389, 0, 0 
155585, 864786355, 0.444, 0.759, 433.916, 0.250, 0.000, 2.389, 0, 0 
155585, 866298896, 0.445, 0.760, 433.916, 0.250, 0.000, 2.389, 0, 0 
155585, 867811840, 0.446, 0.760, 433.916, 0.250, 0.000, 2.389, 0, 0 
155585, 869386719, 0.447, 0.730, 433.916, 0.250, 0.000, 2.389, 0, 0 
155585, 870950715, 0.448, 0.735, 433.916, 0.250, 0.000, 2.390, 0, 0 
155585, 872586386, 0.450, 0.703, 433.916, 0.250, 0.000, 2.390, 0, 0 
155585, 874171866, 0.451, 0.725, 433.916, 0.250, 0.000, 2.390, 0, 0 
155585, 875761222, 0.452, 0.724, 433.916, 0.250, 0.000, 2.390, 0, 0 
155585, 877345518, 0.453, 0.726, 433.916, 0.250, 0.000, 2.391, 0, 0 
155585, 878931943, 0.454, 0.725, 433.916, 0.250, 0.000, 2.391, 0, 0 
155585, 880520002, 0.455, 0.724, 433.916, 0.250, 0.000, 2.391, 0, 0 
155585, 882104698, 0.457, 0.726, 433.916, 0.250, 0.000, 2.391, 0, 0 
155585, 883672270, 0.458, 0.734, 433.916, 0.250, 0.000, 2.392, 0, 0 
155585, 885191684, 0.459, 0.757, 433.916, 0.250, 0.000, 2.392, 0, 0 
155585, 886710151, 0.460, 0.757, 433.916, 0.250, 0.000, 2.392, 0, 0 
155585, 888338996, 0.461, 0.706, 433.916, 0.250, 0.000, 2.392, 0, 0 
155585, 889853411, 0.462, 0.759, 433.916, 0.250, 0.000, 2.392, 0, 0 
155585, 891455123, 0.463, 0.718, 433.916, 0.250, 0.000, 2.393, 0, 0 
155585, 893012799, 0.465, 0.738, 433.916, 0.250, 0.000, 2.393, 0, 0 
155585, 894527720, 0.466, 0.759, 433.916, 0.250, 0.000, 2.393, 0, 0 
155585, 896045950, 0.467, 0.757, 433.916, 0.250, 0.000, 2.393, 0, 0 
155585, 897562419, 0.468, 0.758, 433.916, 0.250, 0.000, 2.394, 0, 0 
155585, 899098665, 0.469, 0.749, 433.916, 0.250, 0.000, 2.394, 0, 0 
155585, 900615341, 0.470, 0.758, 433.916, 0.250, 0.000, 2.394, 0, 0 
155585, 902147487, 0.471, 0.751, 433.916, 0.250, 0.000, 2.394, 0, 0 
155585, 903719524, 0.473, 0.732, 433.916, 0.250, 0.000, 2.395, 0, 0 
155585, 905292350, 0.474, 0.731, 433.916, 0.250, 0.000, 2.395, 0, 0 
155585, 906901044, 0.475, 0.715, 433.916, 0.250, 0.000, 2.395, 0, 0 
155585, 908519168, 0.476, 0.711, 433.916, 0.250, 0.000, 2.395, 0, 0 
155585, 910130444, 0.477, 0.714, 433.916, 0.250, 0.000, 2.395, 0, 0 
155585, 911648723, 0.478, 0.757, 433.916, 0.250, 0.000, 2.396, 0, 0 
155585, 913233664, 0.480, 0.726, 433.916, 0.250, 0.000, 2.396, 0, 0 
155585, 914822253, 0.481, 0.724, 433.916, 0.250, 0.000, 2.396, 0, 0 
155585, 916410616, 0.482, 0.724, 433.916, 0.250, 0.000, 2.396, 0, 0 
155585, 917972254, 0.483, 0.736, 433.916, 0.250, 0.000, 2.397, 0, 0 
155585, 919586878, 0.484, 0.712, 433.916, 0.250, 0.000, 2.397, 0, 0 
155585, 921106070, 0.485, 0.757, 433.916, 0.250, 0.000, 2.397, 0, 0 
155585, 922660893, 0.486, 0.740, 433.916, 0.250, 0.000, 2.397, 0, 0 
155585, 924175148, 0.488, 0.759, 433.916, 0.250, 0.000, 2.398, 0, 0 
155585, 925732194, 0.489, 0.739, 433.916, 0.250, 0.000, 2.398, 0, 0 
155585, 927294533, 0.490, 0.736, 433.916, 0.250, 0.000, 2.398, 0, 0 
155585, 928870638, 0.491, 0.730, 433.916, 0.250, 0.000, 2.398, 0, 0 
155585, 930385050, 0.492, 0.759, 433.916, 0.250, 0.000, 2.398, 0, 0 
155585, 931902685, 0.493, 0.758, 433.916, 0.250, 0.000, 2.399, 0, 0 
155585, 933473934, 0.494, 0.732, 433.916, 0.250, 0.000, 2.399, 0, 0 
155585, 935048211, 0.496, 0.730, 433.916, 0.250, 0.000, 2.399, 0, 0 
155585, 936567345, 0.497, 0.757, 433.916, 0.250, 0.000, 2.399, 0, 0 
155585, 938084900, 0.498, 0.758, 433.916, 0.250, 0.000, 2.400, 0, 0 
155585, 939598230, 0.499, 0.760, 433.916, 0.250, 0.000, 2.400, 0, 0 
155585, 941112721, 0.500, 0.759, 433.916, 0.250, 0.000, 2.400, 0, 0 
155585, 942625768, 0.501, 0.760, 433.916, 0.250, 0.000, 2.400, 0, 0 
155585, 944141300, 0.503, 0.759, 433.916, 0.250, 0.000, 2.401, 0, 0 
155585, 945726392, 0.504, 0.726, 433.916, 0.250, 0.000, 2.401, 0, 0 
155585, 947312873, 0.505, 0.725, 433.916, 0.250, 0.000, 2.401, 0, 0 
155585, 948897175, 0.506, 0.726, 433.916, 0.250, 0.000, 2.401, 0, 0 
155585, 950531518, 0.507, 0.704, 433.916, 0.250, 0.000, 2.401, 0, 0 
155585, 952124472, 0.508, 0.722, 433.916, 0.250, 0.000, 2.402, 0, 0 
155585, 953638633, 0.509, 0.759, 433.916, 0.250, 0.000, 2.402, 0, 0 
155585, 955151984, 0.511, 0.760, 433.916, 0.250, 0.000, 2.402, 0, 0 
155585, 956666717, 0.512, 0.759, 433.916, 0.250, 0.000, 2.402, 0, 0 
155585, 958179676, 0.513, 0.760, 433.916, 0.250, 0.000, 2.403, 0, 0 
155585, 959692519, 0.514, 0.760, 433.916, 0.250, 0.000, 2.403, 0, 0 
155585, 961257875, 0.515, 0.735, 433.916, 0.250, 0.000, 2.403, 0, 0 
155585, 962785649, 0.516, 0.753, 433.916, 0.250, 0.000, 2.403, 0, 0 
155585, 964303247, 0.517, 0.758, 433.916, 0.250, 0.000, 2.403, 0, 0 
155585, 965926630, 0.519, 0.708, 433.916, 0.250, 0.000, 2.404, 0, 0 
155585, 967511483, 0.520, 0.726, 433.916, 0.250, 0.000, 2.404, 0, 0 
155585, 969034474, 0.521, 0.755, 433.916, 0.250, 0.000, 2.404, 0, 0 
155585, 970548921, 0.522, 0.759, 433.916, 0.250, 0.000, 2.404, 0, 0 
155585, 972067441, 0.523, 0.757, 433.916, 0.250, 0.000, 2.405, 0, 0 
155585, 973581937, 0.524, 0.759, 433.916, 0.250, 0.000, 2.405, 0, 0 
155585, 975095597, 0.526, 0.760, 433.916, 0.250, 0.000, 2.405, 0, 0 
155585, 976612036, 0.527, 0.758, 433.916, 0.250, 0.000, 2.405, 0, 0 
155585, 978125838, 0.528, 0.760, 433.916, 0.250, 0.000, 2.406, 0, 0 
155585, 979639042, 0.529, 0.760, 433.916, 0.250, 0.000, 2.406, 0, 0 
155585, 981202389, 0.530, 0.736, 433.916, 0.250, 0.000, 2.406, 0, 0 
155585, 982786893, 0.531, 0.726, 433.916, 0.250, 0.000, 2.406, 0, 0 
155585, 984374510, 0.532, 0.724, 433.916, 0.250, 0.000, 2.406, 0, 0 
155585, 985888843, 0.534, 0.759, 433.916, 0.250, 0.000, 2.407, 0, 0 
155585, 987402104, 0.535, 0.760, 433.916, 0.250, 0.000, 2.407, 0, 0 
155585, 988916832, 0.536, 0.759, 433.916, 0.250, 0.000, 2.407, 0, 0 
155585, 990429563, 0.537, 0.760, 433.916, 0.250, 0.000, 2.407, 0, 0 
155585, 991942619, 0.538, 0.760, 433.916, 0.250, 0.000, 2.408, 0, 0 
155585, 993457016, 0.539, 0.759, 433.916, 0.250, 0.000, 2.408, 0, 0 
155585, 994972290, 0.540, 0.759, 433.916, 0.250, 0.000, 2.408, 0, 0 
155585, 996544884, 0.542, 0.731, 433.916, 0.250, 0.000, 2.408, 0, 0 
155585, 998067358, 0.543, 0.755, 433.916, 0.250, 0.000, 2.409, 0, 0 
155585, 999582255, 0.544, 0.759, 433.916, 0.250, 0.000, 2.409, 0, 0 
155586, 1104623, 0.545, 0.001, 433.916, 0.250, 0.000, 2.409, 0, 0 
155586, 2628677, 0.546, 0.755, 433.916, 0.250, 0.000, 2.409, 0, 0 
155586, 4145952, 0.547, 0.758, 433.916, 0.250, 0.000, 2.409, 0, 0 
155586, 5659328, 0.549, 0.760, 433.916, 0.250, 0.000, 2.410, 0, 0 
155586, 7171951, 0.550, 0.760, 433.916, 0.250, 0.000, 2.410, 0, 0 
155586, 8685418, 0.551, 0.760, 433.916, 0.250, 0.000, 2.410, 0, 0 
155586, 10198890, 0.552, 0.760, 433.916, 0.250, 0.000, 2.410, 0, 0 
155586, 11746572, 0.553, 0.743, 433.916, 0.250, 0.000, 2.411, 0, 0 
155586, 13264006, 0.554, 0.758, 433.916, 0.250, 0.000, 2.411, 0, 0 
155586, 14780040, 0.555, 0.759, 433.916, 0.250, 0.000, 2.411, 0, 0 
155586, 16292936, 0.557, 0.760, 433.916, 0.250, 0.000, 2.411, 0, 0 
155586, 17812161, 0.558, 0.757, 433.916, 0.250, 0.000, 2.412, 0, 0 
155586, 19336548, 0.559, 0.754, 433.916, 0.250, 0.000, 2.412, 0, 0 
155586, 20854969, 0.560, 0.757, 433.916, 0.250, 0.000, 2.412, 0, 0 
155586, 22395116, 0.561, 0.747, 433.916, 0.250, 0.000, 2.412, 0, 0 
155586, 23907480, 0.562, 0.760, 433.916, 0.250, 0.000, 2.412, 0, 0 
155586, 25419548, 0.563, 0.761, 433.916, 0.250, 0.000, 2.413, 0, 0 
155586, 26989494, 0.565, 0.733, 433.916, 0.250, 0.000, 2.413, 0, 0 
155586, 28509360, 0.566, 0.757, 433.916, 0.250, 0.000, 2.413, 0, 0 
155586, 30025979, 0.567, 0.758, 433.916, 0.250, 0.000, 2.413, 0, 0 
155586, 31540640, 0.568, 0.759, 433.916, 0.250, 0.000, 2.414, 0, 0 
155586, 33054673, 0.569, 0.760, 433.916, 0.250, 0.000, 2.414, 0, 0 
155586, 34569046, 0.570, 0.759, 433.916, 0.250, 0.000, 2.414, 0, 0 
155586, 36082344, 0.572, 0.760, 433.916, 0.250, 0.000, 2.414, 0, 0 
155586, 37599761, 0.573, 0.758, 433.916, 0.250, 0.000, 2.415, 0, 0 
155586, 39121688, 0.574, 0.756, 433.916, 0.250, 0.000, 2.415, 0, 0 
155586, 40702006, 0.575, 0.728, 433.916, 0.250, 0.000, 2.415, 0, 0 
155586, 42258198, 0.576, 0.739, 433.916, 0.250, 0.000, 2.415, 0, 0 
155586, 43772864, 0.577, 0.759, 433.916, 0.250, 0.000, 2.415, 0, 0 
155586, 45287057, 0.578, 0.759, 433.916, 0.250, 0.000, 2.416, 0, 0 
155586, 46800261, 0.580, 0.760, 433.916, 0.250, 0.000, 2.416, 0, 0 
155586, 48314836, 0.581, 0.759, 433.916, 0.250, 0.000, 2.416, 0, 0 
155586, 49899250, 0.582, 0.726, 433.916, 0.250, 0.000, 2.416, 0, 0 
155586, 51486110, 0.583, 0.725, 433.916, 0.250, 0.000, 2.417, 0, 0 
155586, 53000646, 0.584, 0.759, 433.916, 0.250, 0.000, 2.417, 0, 0 
155586, 54514197, 0.585, 0.760, 433.916, 0.250, 0.000, 2.417, 0, 0 
155586, 56028443, 0.586, 0.759, 433.916, 0.250, 0.000, 2.417, 0, 0 
155586, 57581115, 0.588, 0.741, 433.916, 0.250, 0.000, 2.418, 0, 0 
155586, 59099609, 0.589, 0.757, 433.916, 0.250, 0.000, 2.418, 0, 0 
155586, 60624506, 0.590, 0.754, 433.916, 0.250, 0.000, 2.418, 0, 0 
155586, 62198617, 0.591, 0.731, 433.916, 0.250, 0.000, 2.418, 0, 0 
155586, 63711834, 0.592, 0.760, 433.916, 0.250, 0.000, 2.418, 0, 0 
155586, 65224751, 0.593, 0.760, 433.916, 0.250, 0.000, 2.419, 0, 0 
155586, 66738006, 0.595, 0.760, 433.916, 0.250, 0.000, 2.419, 0, 0 
155586, 68253131, 0.596, 0.759, 433.916, 0.250, 0.000, 2.419, 0, 0 
155586, 69776240, 0.597, 0.755, 433.916, 0.250, 0.000, 2.419, 0, 0 
155586, 71312355, 0.598, 0.749, 433.916, 0.250, 0.000, 2.420, 0, 0 
155586, 72920307, 0.599, 0.715, 433.916, 0.250, 0.000, 2.420, 0, 0 
155586, 74466070, 0.600, 0.744, 433.916, 0.250, 0.000, 2.420, 0, 0 
155586, 75979386, 0.601, 0.760, 433.916, 0.250, 0.000, 2.420, 0, 0 
155586, 77492083, 0.603, 0.760, 433.916, 0.250, 0.000, 2.421, 0, 0 
155586, 79072048, 0.604, 0.728, 433.916, 0.250, 0.000, 2.421, 0, 0 
155586, 80592038, 0.605, 0.757, 433.916, 0.250, 0.000, 2.421, 0, 0 
155586, 82173042, 0.606, 0.727, 433.916, 0.250, 0.000, 2.421, 0, 0 
155586, 83759568, 0.607, 0.725, 433.916, 0.250, 0.000, 2.421, 0, 0 
155586, 85344881, 0.608, 0.725, 433.916, 0.250, 0.000, 2.422, 0, 0 
155586, 86936001, 0.609, 0.723, 433.916, 0.250, 0.000, 2.422, 0, 0 
155586, 88497804, 0.611, 0.736, 433.916, 0.250, 0.000, 2.422, 0, 0 
155586, 90063395, 0.612, 0.735, 433.916, 0.250, 0.000, 2.422, 0, 0 
155586, 91579146, 0.613, 0.759, 433.916, 0.250, 0.000, 2.423, 0, 0 
155586, 93102194, 0.614, 0.755, 433.916, 0.250, 0.000, 2.423, 0, 0 
155586, 94616111, 0.615, 0.760, 433.916, 0.250, 0.000, 2.423, 0, 0 
155586, 96195817, 0.616, 0.728, 433.916, 0.250, 0.000, 2.423, 0, 0 
155586, 97711141, 0.618, 0.759, 433.916, 0.250, 0.000, 2.424, 0, 0 
155586, 99224263, 0.619, 0.760, 433.916, 0.250, 0.000, 2.424, 0, 0 
155586, 100737394, 0.620, 0.760, 433.916, 0.250, 0.000, 2.424, 0, 0 
155586, 102250758, 0.621, 0.760, 433.916, 0.250, 0.000, 2.424, 0, 0 
155586, 103821131, 0.622, 0.732, 433.916, 0.250, 0.000, 2.424, 0, 0 
155586, 105337892, 0.623, 0.758, 433.916, 0.250, 0.000, 2.425, 0, 0 
155586, 106937727, 0.624, 0.719, 433.916, 0.250, 0.000, 2.425, 0, 0 
155586, 108457365, 0.626, 0.757, 433.916, 0.250, 0.000, 2.425, 0, 0 
155586, 109970799, 0.627, 0.760, 433.916, 0.250, 0.000, 2.425, 0, 0 
155586, 111483888, 0.628, 0.760, 433.916, 0.250, 0.000, 2.426, 0, 0 
155586, 112997142, 0.629, 0.760, 433.916, 0.250, 0.000, 2.426, 0, 0 
155586, 114514486, 0.630, 0.758, 433.916, 0.250, 0.000, 2.426, 0, 0 
155586, 116103866, 0.631, 0.724, 433.916, 0.250, 0.000, 2.426, 0, 0 
155586, 117691151, 0.632, 0.725, 433.916, 0.250, 0.000, 2.426, 0, 0 
155586, 119244248, 0.634, 0.740, 433.916, 0.250, 0.000, 2.427, 0, 0 
155586, 120759126, 0.635, 0.759, 433.916, 0.250, 0.000, 2.427, 0, 0 
155586, 122272648, 0.636, 0.760, 433.916, 0.250, 0.000, 2.427, 0, 0 
155586, 123792096, 0.637, 0.757, 433.916, 0.250, 0.000, 2.427, 0, 0 
155586, 125307671, 0.638, 0.759, 433.916, 0.250, 0.000, 2.428, 0, 0 
155586, 126894232, 0.639, 0.725, 433.916, 0.250, 0.000, 2.428, 0, 0 
155586, 128489963, 0.641, 0.721, 433.916, 0.250, 0.000, 2.428, 0, 0 
155586, 130073706, 0.642, 0.726, 433.916, 0.250, 0.000, 2.428, 0, 0 
155586, 131635222, 0.643, 0.736, 433.916, 0.250, 0.000, 2.429, 0, 0 
155586, 133246630, 0.644, 0.714, 433.916, 0.250, 0.000, 2.429, 0, 0 
155586, 134864626, 0.645, 0.711, 433.916, 0.250, 0.000, 2.429, 0, 0 
155586, 136429051, 0.646, 0.735, 433.916, 0.250, 0.000, 2.429, 0, 0 
155586, 138030972, 0.647, 0.718, 433.916, 0.250, 0.000, 2.429, 0, 0 
155586, 139594783, 0.649, 0.735, 433.916, 0.250, 0.000, 2.430, 0, 0 
155586, 141156476, 0.650, 0.736, 433.916, 0.250, 0.000, 2.430, 0, 0 
155586, 142718847, 0.651, 0.736, 433.916, 0.250, 0.000, 2.430, 0, 0 
155586, 144279717, 0.652, 0.737, 433.916, 0.250, 0.000, 2.430, 0, 0 
155586, 145793997, 0.653, 0.759, 433.916, 0.250, 0.000, 2.431, 0, 0 
155586, 147307430, 0.654, 0.760, 433.916, 0.250, 0.000, 2.431, 0, 0 
155586, 148840514, 0.655, 0.750, 433.916, 0.250, 0.000, 2.431, 0, 0 
155586, 150394514, 0.657, 0.740, 433.916, 0.250, 0.000, 2.431, 0, 0 
155586, 151908154, 0.658, 0.760, 433.916, 0.250, 0.000, 2.432, 0, 0 
155586, 153424378, 0.659, 0.758, 433.916, 0.250, 0.000, 2.432, 0, 0 
155586, 154942774, 0.660, 0.757, 433.916, 0.250, 0.000, 2.432, 0, 0 
155586, 156462380, 0.661, 0.757, 433.916, 0.250, 0.000, 2.432, 0, 0 
155586, 158048798, 0.662, 0.725, 433.916, 0.250, 0.000, 2.432, 0, 0 
155586, 159615434, 0.664, 0.734, 433.916, 0.250, 0.000, 2.433, 0, 0 
155586, 161125149, 0.665, 0.762, 433.916, 0.250, 0.000, 2.433, 0, 0 
155586, 162708869, 0.666, 0.726, 433.916, 0.250, 0.000, 2.433, 0, 0 
155586, 164295499, 0.667, 0.725, 433.916, 0.250, 0.000, 2.433, 0, 0 
155586, 165929175, 0.668, 0.704, 433.916, 0.250, 0.000, 2.434, 0, 0 
155586, 167444223, 0.669, 0.759, 433.916, 0.250, 0.000, 2.434, 0, 0 
155586, 168960733, 0.670, 0.758, 433.916, 0.250, 0.000, 2.434, 0, 0 
155586, 170489581, 0.672, 0.752, 433.916, 0.250, 0.000, 2.434, 0, 0 
155586, 172018060, 0.673, 0.752, 433.916, 0.250, 0.000, 2.435, 0, 0 
155586, 173532941, 0.674, 0.759, 433.916, 0.250, 0.000, 2.435, 0, 0 
155586, 175048889, 0.675, 0.759, 433.916, 0.250, 0.000, 2.435, 0, 0 
155586, 176564973, 0.676, 0.759, 433.916, 0.250, 0.000, 2.435, 0, 0 
155586, 178077446, 0.677, 0.760, 433.916, 0.250, 0.000, 2.435, 0, 0 
155586, 179590111, 0.678, 0.760, 433.916, 0.250, 0.000, 2.436, 0, 0 
155586, 181142383, 0.680, 0.741, 433.916, 0.250, 0.000, 2.436, 0, 0 
155586, 182752003, 0.681, 0.714, 433.916, 0.250, 0.000, 2.436, 0, 0 
155586, 184267050, 0.682, 0.759, 433.916, 0.250, 0.000, 2.436, 0, 0 
155586, 185833518, 0.683, 0.734, 433.916, 0.250, 0.000, 2.437, 0, 0 
155586, 187380874, 0.684, 0.743, 433.916, 0.250, 0.000, 2.437, 0, 0 
155586, 188964494, 0.685, 0.726, 433.916, 0.250, 0.000, 2.437, 0, 0 
155586, 190554964, 0.687, 0.723, 433.916, 0.250, 0.000, 2.437, 0, 0 
155586, 192120326, 0.688, 0.735, 433.916, 0.250, 0.000, 2.438, 0, 0 
155586, 193727757, 0.689, 0.715, 433.916, 0.250, 0.000, 2.438, 0, 0 
155586, 195295394, 0.690, 0.734, 433.916, 0.250, 0.000, 2.438, 0, 0 
155586, 196895986, 0.691, 0.718, 433.916, 0.250, 0.000, 2.438, 0, 0 
155586, 198422957, 0.692, 0.753, 433.916, 0.250, 0.000, 2.438, 0, 0 
155586, 199989502, 0.693, 0.734, 433.916, 0.250, 0.000, 2.439, 0, 0 
155586, 201509537, 0.695, 0.757, 433.916, 0.250, 0.000, 2.439, 0, 0 
155586, 203082359, 0.696, 0.731, 433.916, 0.250, 0.000, 2.439, 0, 0 
155586, 204630375, 0.697, 0.743, 433.916, 0.250, 0.000, 2.439, 0, 0 
155586, 206145224, 0.698, 0.759, 433.916, 0.250, 0.000, 2.440, 0, 0 
155586, 207707849, 0.699, 0.736, 433.916, 0.250, 0.000, 2.440, 0, 0 
155586, 209284640, 0.700, 0.729, 433.916, 0.250, 0.000, 2.440, 0, 0 
155586, 210866761, 0.701, 0.727, 433.916, 0.250, 0.000, 2.440, 0, 0 
155586, 212514634, 0.703, 0.698, 433.916, 0.250, 0.000, 2.441, 0, 0 
155586, 214072352, 0.704, 0.738, 433.916, 0.250, 0.000, 2.441, 0, 0 
155586, 215596124, 0.705, 0.755, 433.916, 0.250, 0.000, 2.441, 0, 0 
155586, 217115161, 0.706, 0.757, 433.916, 0.250, 0.000, 2.441, 0, 0 
155586, 218642016, 0.707, 0.753, 433.916, 0.250, 0.000, 2.441, 0, 0 
155586, 220160327, 0.708, 0.757, 433.916, 0.250, 0.000, 2.442, 0, 0 
155586, 221740697, 0.710, 0.728, 433.916, 0.250, 0.000, 2.442, 0, 0 
155586, 223320302, 0.711, 0.728, 433.916, 0.250, 0.000, 2.442, 0, 0 
155586, 224902645, 0.712, 0.727, 433.916, 0.250, 0.000, 2.442, 0, 0 
155586, 226491729, 0.713, 0.724, 433.916, 0.250, 0.000, 2.443, 0, 0 
155586, 228054160, 0.714, 0.736, 433.916, 0.250, 0.000, 2.443, 0, 0 
155586, 229570667, 0.715, 0.758, 433.916, 0.250, 0.000, 2.443, 0, 0 
155586, 231138673, 0.716, 0.733, 433.916, 0.250, 0.000, 2.443, 0, 0 
155586, 232755615, 0.718, 0.711, 433.916, 0.250, 0.000, 2.444, 0, 0 
155586, 234271895, 0.719, 0.758, 433.916, 0.250, 0.000, 2.444, 0, 0 
155586, 235789295, 0.720, 0.758, 433.916, 0.250, 0.000, 2.444, 0, 0 
155586, 237308119, 0.721, 0.757, 433.916, 0.250, 0.000, 2.444, 0, 0 
155586, 238823828, 0.722, 0.759, 433.916, 0.250, 0.000, 2.444, 0, 0 
155586, 240407625, 0.723, 0.726, 433.916, 0.250, 0.000, 2.445, 0, 0 
155586, 241986838, 0.724, 0.728, 433.916, 0.250, 0.000, 2.445, 0, 0 
155586, 243542114, 0.726, 0.739, 433.916, 0.250, 0.000, 2.445, 0, 0 
155586, 245058845, 0.727, 0.758, 433.916, 0.250, 0.000, 2.445, 0, 0 
155586, 246573106, 0.728, 0.759, 433.916, 0.250, 0.000, 2.446, 0, 0 
155586, 248085849, 0.729, 0.760, 433.916, 0.250, 0.000, 2.446, 0, 0 
155586, 249638733, 0.730, 0.741, 433.916, 0.250, 0.000, 2.446, 0, 0 
155586, 251157922, 0.731, 0.757, 433.916, 0.250, 0.000, 2.446, 0, 0 
155586, 252673683, 0.733, 0.759, 433.916, 0.250, 0.000, 2.447, 0, 0 
155586, 254188371, 0.734, 0.759, 433.916, 0.250, 0.000, 2.447, 0, 0 
155586, 255701641, 0.735, 0.760, 433.916, 0.250, 0.000, 2.447, 0, 0 
155586, 257215281, 0.736, 0.760, 433.916, 0.250, 0.000, 2.447, 0, 0 
155586, 258756488, 0.737, 0.746, 433.916, 0.250, 0.000, 2.447, 0, 0 
155586, 260274067, 0.738, 0.758, 433.916, 0.250, 0.000, 2.448, 0, 0 
155586, 261862585, 0.739, 0.724, 433.916, 0.250, 0.000, 2.448, 0, 0 
155586, 263377387, 0.741, 0.759, 433.916, 0.250, 0.000, 2.448, 0, 0 
155586, 264891995, 0.742, 0.759, 433.916, 0.250, 0.000, 2.448, 0, 0 
155586, 266405527, 0.743, 0.760, 433.916, 0.250, 0.000, 2.449, 0, 0 
155586, 267918808, 0.744, 0.760, 433.916, 0.250, 0.000, 2.449, 0, 0 
155586, 269435562, 0.745, 0.758, 433.916, 0.250, 0.000, 2.449, 0, 0 
155586, 270995350, 0.746, 0.737, 433.916, 0.250, 0.000, 2.449, 0, 0 
155586, 272535725, 0.747, 0.747, 433.916, 0.250, 0.000, 2.449, 0, 0 
155586, 274127281, 0.749, 0.723, 433.916, 0.250, 0.000, 2.450, 0, 0 
155586, 275706694, 0.750, 0.728, 433.916, 0.250, 0.000, 2.450, 0, 0 
155586, 277286054, 0.751, 0.728, 433.916, 0.250, 0.000, 2.450, 0, 0 
155586, 278807359, 0.752, 0.756, 433.916, 0.250, 0.000, 2.450, 0, 0 
155586, 280322225, 0.753, 0.759, 433.916, 0.250, 0.000, 2.451, 0, 0 
155586, 281841615, 0.754, 0.757, 433.916, 0.250, 0.000, 2.451, 0, 0 
155586, 283411771, 0.756, 0.732, 433.916, 0.250, 0.000, 2.451, 0, 0 
155586, 284980138, 0.757, 0.733, 433.916, 0.250, 0.000, 2.451, 0, 0 
155586, 286544907, 0.758, 0.735, 433.916, 0.250, 0.000, 2.452, 0, 0 
155586, 288085896, 0.759, 0.746, 433.916, 0.250, 0.000, 2.452, 0, 0 
155586, 289695465, 0.760, 0.714, 433.916, 0.250, 0.000, 2.452, 0, 0 
155586, 291252460, 0.761, 0.739, 433.916, 0.250, 0.000, 2.452, 0, 0 
155586, 292814909, 0.762, 0.736, 433.916, 0.250, 0.000, 2.452, 0, 0 
155586, 294414824, 0.764, 0.719, 433.916, 0.250, 0.000, 2.453, 0, 0 
155586, 296019903, 0.765, 0.716, 433.916, 0.250, 0.000, 2.453, 0, 0 
155586, 297604377, 0.766, 0.726, 433.916, 0.250, 0.000, 2.453, 0, 0 
155586, 299220971, 0.767, 0.711, 433.916, 0.250, 0.000, 2.453, 0, 0 
155586, 300830162, 0.768, 0.715, 433.916, 0.250, 0.000, 2.454, 0, 0 
155586, 302344955, 0.769, 0.759, 433.916, 0.250, 0.000, 2.454, 0, 0 
155586, 303858808, 0.770, 0.760, 433.916, 0.250, 0.000, 2.454, 0, 0 
155586, 305412274, 0.772, 0.740, 433.916, 0.250, 0.000, 2.454, 0, 0 
155586, 306926066, 0.773, 0.760, 433.916, 0.250, 0.000, 2.455, 0, 0 
155586, 308441914, 0.774, 0.759, 433.916, 0.250, 0.000, 2.455, 0, 0 
155586, 310027622, 0.775, 0.725, 433.916, 0.250, 0.000, 2.455, 0, 0 
155586, 311594371, 0.776, 0.734, 433.916, 0.250, 0.000, 2.455, 0, 0 
155586, 313113476, 0.777, 0.757, 433.916, 0.250, 0.000, 2.455, 0, 0 
155586, 314636799, 0.779, 0.755, 433.916, 0.250, 0.000, 2.456, 0, 0 
155586, 316228176, 0.780, 0.723, 433.916, 0.250, 0.000, 2.456, 0, 0 
155586, 317812816, 0.781, 0.726, 433.916, 0.250, 0.000, 2.456, 0, 0 
155586, 319329131, 0.782, 0.758, 433.916, 0.250, 0.000, 2.456, 0, 0 
155586, 320904090, 0.783, 0.730, 433.916, 0.250, 0.000, 2.457, 0, 0 
155586, 322420830, 0.784, 0.758, 433.916, 0.250, 0.000, 2.457, 0, 0 
155586, 323982739, 0.785, 0.736, 433.916, 0.250, 0.000, 2.457, 0, 0 
155586, 325497491, 0.787, 0.759, 433.916, 0.250, 0.000, 2.457, 0, 0 
155586, 327010989, 0.788, 0.760, 433.916, 0.250, 0.000, 2.458, 0, 0 
155586, 328527586, 0.789, 0.758, 433.916, 0.250, 0.000, 2.458, 0, 0 
155586, 330040554, 0.790, 0.760, 433.916, 0.250, 0.000, 2.458, 0, 0 
155586, 331555018, 0.791, 0.759, 433.916, 0.250, 0.000, 2.458, 0, 0 
155586, 333121172, 0.792, 0.734, 433.916, 0.250, 0.000, 2.458, 0, 0 
155586, 334634132, 0.793, 0.760, 433.916, 0.250, 0.000, 2.459, 0, 0 
155586, 336178525, 0.795, 0.745, 433.916, 0.250, 0.000, 2.459, 0, 0 
155586, 337692560, 0.796, 0.760, 433.916, 0.250, 0.000, 2.459, 0, 0 
155586, 339205815, 0.797, 0.760, 433.916, 0.250, 0.000, 2.459, 0, 0 
155586, 340720117, 0.798, 0.759, 433.916, 0.250, 0.000, 2.460, 0, 0 
155586, 342232836, 0.799, 0.760, 433.916, 0.250, 0.000, 2.460, 0, 0 
155586, 343749483, 0.800, 0.758, 433.916, 0.250, 0.000, 2.460, 0, 0 
155586, 345273055, 0.802, 0.755, 433.916, 0.250, 0.000, 2.460, 0, 0 
155586, 346789008, 0.803, 0.759, 433.916, 0.250, 0.000, 2.461, 0, 0 
155586, 348360290, 0.804, 0.732, 433.916, 0.250, 0.000, 2.461, 0, 0 
155586, 349926299, 0.805, 0.734, 433.916, 0.250, 0.000, 2.461, 0, 0 
155586, 351485022, 0.806, 0.738, 433.916, 0.250, 0.000, 2.461, 0, 0 
155586, 353002897, 0.807, 0.758, 433.916, 0.250, 0.000, 2.461, 0, 0 
155586, 354521977, 0.808, 0.757, 433.916, 0.250, 0.000, 2.462, 0, 0 
155586, 356039802, 0.810, 0.758, 433.916, 0.250, 0.000, 2.462, 0, 0 
155586, 357552173, 0.811, 0.760, 433.916, 0.250, 0.000, 2.462, 0, 0 
155586, 359064624, 0.812, 0.760, 433.916, 0.250, 0.000, 2.462, 0, 0 
155586, 360580451, 0.813, 0.759, 433.916, 0.250, 0.000, 2.463, 0, 0 
155586, 362093655, 0.814, 0.760, 433.916, 0.250, 0.000, 2.463, 0, 0 
155586, 363607757, 0.815, 0.760, 433.916, 0.250, 0.000, 2.463, 0, 0 
155586, 365119334, 0.816, 0.761, 433.916, 0.250, 0.000, 2.463, 0, 0 
155586, 366667995, 0.818, 0.743, 433.916, 0.250, 0.000, 2.464, 0, 0 
155586, 368184259, 0.819, 0.758, 433.916, 0.250, 0.000, 2.464, 0, 0 
155586, 369766483, 0.820, 0.727, 433.916, 0.250, 0.000, 2.464, 0, 0 
155586, 371323864, 0.821, 0.738, 433.916, 0.250, 0.000, 2.464, 0, 0 
155586, 372907521, 0.822, 0.726, 433.916, 0.250, 0.000, 2.464, 0, 0 
155586, 374464672, 0.823, 0.739, 433.916, 0.250, 0.000, 2.465, 0, 0 
155586, 375981438, 0.825, 0.758, 433.916, 0.250, 0.000, 2.465, 0, 0 
155586, 377499078, 0.826, 0.758, 433.916, 0.250, 0.000, 2.465, 0, 0 
155586, 379010490, 0.827, 0.761, 433.916, 0.250, 0.000, 2.465, 0, 0 
155586, 380571385, 0.828, 0.737, 433.916, 0.250, 0.000, 2.466, 0, 0 
155586, 382115745, 0.829, 0.745, 433.916, 0.250, 0.000, 2.466, 0, 0 
155586, 383696176, 0.830, 0.728, 433.916, 0.250, 0.000, 2.466, 0, 0 
155586, 385214343, 0.831, 0.757, 433.916, 0.250, 0.000, 2.466, 0, 0 
155586, 386734783, 0.833, 0.756, 433.916, 0.250, 0.000, 2.467, 0, 0 
155586, 388248750, 0.834, 0.760, 433.916, 0.250, 0.000, 2.467, 0, 0 
155586, 389806413, 0.835, 0.738, 433.916, 0.250, 0.000, 2.467, 0, 0 
155586, 391322880, 0.836, 0.758, 433.916, 0.250, 0.000, 2.467, 0, 0 
155586, 392898423, 0.837, 0.730, 433.916, 0.250, 0.000, 2.467, 0, 0 
155586, 394471470, 0.838, 0.731, 433.916, 0.250, 0.000, 2.468, 0, 0 
155586, 395982865, 0.839, 0.761, 433.916, 0.250, 0.000, 2.468, 0, 0 
155586, 397531807, 0.841, 0.742, 433.916, 0.250, 0.000, 2.468, 0, 0 
155586, 399089943, 0.842, 0.738, 433.916, 0.250, 0.000, 2.468, 0, 0 
155586, 400649121, 0.843, 0.738, 433.916, 0.250, 0.000, 2.469, 0, 0 
155586, 402208932, 0.844, 0.737, 433.916, 0.250, 0.000, 2.469, 0, 0 
155586, 403723049, 0.845, 0.760, 433.916, 0.250, 0.000, 2.469, 0, 0 
155586, 405235526, 0.846, 0.760, 433.916, 0.250, 0.000, 2.469, 0, 0 
155586, 406747260, 0.848, 0.761, 433.916, 0.250, 0.000, 2.470, 0, 0 
155586, 408259709, 0.849, 0.760, 433.916, 0.250, 0.000, 2.470, 0, 0 
155586, 409801876, 0.850, 0.746, 433.916, 0.250, 0.000, 2.470, 0, 0 
155586, 411313151, 0.851, 0.761, 433.916, 0.250, 0.000, 2.470, 0, 0 
155586, 412866010, 0.852, 0.741, 433.916, 0.250, 0.000, 2.470, 0, 0 
155586, 414447091, 0.853, 0.727, 433.916, 0.250, 0.000, 2.471, 0, 0 
155586, 416015776, 0.854, 0.733, 433.916, 0.250, 0.000, 2.471, 0, 0 
155586, 417597770, 0.856, 0.727, 433.916, 0.250, 0.000, 2.471, 0, 0 
155586, 419155677, 0.857, 0.738, 433.916, 0.250, 0.000, 2.471, 0, 0 
155586, 420690408, 0.858, 0.749, 433.916, 0.250, 0.000, 2.472, 0, 0 
155586, 422250146, 0.859, 0.737, 433.916, 0.250, 0.000, 2.472, 0, 0 
155586, 423762187, 0.860, 0.761, 433.916, 0.250, 0.000, 2.472, 0, 0 
155586, 425274016, 0.861, 0.761, 433.916, 0.250, 0.000, 2.472, 0, 0 
155586, 426849952, 0.862, 0.730, 433.916, 0.250, 0.000, 2.472, 0, 0 
155586, 428476737, 0.864, 0.707, 433.916, 0.250, 0.000, 2.473, 0, 0 
155586, 430052173, 0.865, 0.730, 433.916, 0.250, 0.000, 2.473, 0, 0 
155586, 431570241, 0.866, 0.758, 433.916, 0.250, 0.000, 2.473, 0, 0 
155586, 433153308, 0.867, 0.726, 433.916, 0.250, 0.000, 2.473, 0, 0 
155586, 434666387, 0.868, 0.760, 433.916, 0.250, 0.000, 2.474, 0, 0 
155586, 436181459, 0.869, 0.759, 433.916, 0.250, 0.000, 2.474, 0, 0 
155586, 437693341, 0.871, 0.761, 433.916, 0.250, 0.000, 2.474, 0, 0 
155586, 439214966, 0.872, 0.756, 433.916, 0.250, 0.000, 2.474, 0, 0 
155586, 440729132, 0.873, 0.759, 433.916, 0.250, 0.000, 2.475, 0, 0 
155586, 442241660, 0.874, 0.760, 433.916, 0.250, 0.000, 2.475, 0, 0 
155586, 443778638, 0.875, 0.748, 433.916, 0.250, 0.000, 2.475, 0, 0 
155586, 445362521, 0.876, 0.726, 433.916, 0.250, 0.000, 2.475, 0, 0 
155586, 446931590, 0.877, 0.733, 433.916, 0.250, 0.000, 2.475, 0, 0 
155586, 448501335, 0.879, 0.733, 433.916, 0.250, 0.000, 2.476, 0, 0 
155586, 450082466, 0.880, 0.727, 433.916, 0.250, 0.000, 2.476, 0, 0 
155586, 451605460, 0.881, 0.755, 433.916, 0.250, 0.000, 2.476, 0, 0 
155586, 453126951, 0.882, 0.756, 433.916, 0.250, 0.000, 2.476, 0, 0 
155586, 454642680, 0.883, 0.759, 433.916, 0.250, 0.000, 2.477, 0, 0 
155586, 456160678, 0.884, 0.758, 433.916, 0.250, 0.000, 2.477, 0, 0 
155586, 457740142, 0.885, 0.728, 433.916, 0.250, 0.000, 2.477, 0, 0 
155586, 459353813, 0.887, 0.713, 433.916, 0.250, 0.000, 2.477, 0, 0 
155586, 460907043, 0.888, 0.740, 433.916, 0.250, 0.000, 2.478, 0, 0 
155586, 462509845, 0.889, 0.717, 433.916, 0.250, 0.000, 2.478, 0, 0 
155586, 464025188, 0.890, 0.759, 433.916, 0.250, 0.000, 2.478, 0, 0 
155586, 465539695, 0.891, 0.759, 433.916, 0.250, 0.000, 2.478, 0, 0 
155586, 467051607, 0.892, 0.761, 433.916, 0.250, 0.000, 2.478, 0, 0 
155586, 468571710, 0.894, 0.757, 433.916, 0.250, 0.000, 2.479, 0, 0 
155586, 470087030, 0.895, 0.759, 433.916, 0.250, 0.000, 2.479, 0, 0 
155586, 471604117, 0.896, 0.758, 433.916, 0.250, 0.000, 2.479, 0, 0 
155586, 473116015, 0.897, 0.761, 433.916, 0.250, 0.000, 2.479, 0, 0 
155586, 474662867, 0.898, 0.743, 433.916, 0.250, 0.000, 2.480, 0, 0 
155586, 476178752, 0.899, 0.759, 433.916, 0.250, 0.000, 2.480, 0, 0 
155586, 477690069, 0.900, 0.761, 433.916, 0.250, 0.000, 2.480, 0, 0 
155586, 479200883, 0.902, 0.761, 433.916, 0.250, 0.000, 2.480, 0, 0 
155586, 480714960, 0.903, 0.760, 433.916, 0.250, 0.000, 2.481, 0, 0 
155586, 482294671, 0.904, 0.728, 433.916, 0.250, 0.000, 2.481, 0, 0 
155586, 483860819, 0.905, 0.734, 433.916, 0.250, 0.000, 2.481, 0, 0 
155586, 485420397, 0.906, 0.737, 433.916, 0.250, 0.000, 2.481, 0, 0 
155586, 486933429, 0.907, 0.760, 433.916, 0.250, 0.000, 2.481, 0, 0 
155586, 488448022, 0.908, 0.759, 433.916, 0.250, 0.000, 2.482, 0, 0 
155586, 490027467, 0.910, 0.728, 433.916, 0.250, 0.000, 2.482, 0, 0 
155586, 491583838, 0.911, 0.739, 433.916, 0.250, 0.000, 2.482, 0, 0 
155586, 493137272, 0.912, 0.740, 433.916, 0.250, 0.000, 2.482, 0, 0 
155586, 494650723, 0.913, 0.760, 433.916, 0.250, 0.000, 2.483, 0, 0 
155586, 496165675, 0.914, 0.759, 433.916, 0.250, 0.000, 2.483, 0, 0 
155586, 497677804, 0.915, 0.761, 433.916, 0.250, 0.000, 2.483, 0, 0 
155586, 499192441, 0.917, 0.759, 433.916, 0.250, 0.000, 2.483, 0, 0 
155586, 500705633, 0.918, 0.760, 433.916, 0.250, 0.000, 2.484, 0, 0 
155586, 502222679, 0.919, 0.758, 433.916, 0.250, 0.000, 2.484, 0, 0 
155586, 503744495, 0.920, 0.756, 433.916, 0.250, 0.000, 2.484, 0, 0 
155586, 505296771, 0.921, 0.741, 433.916, 0.250, 0.000, 2.484, 0, 0 
155586, 506874243, 0.922, 0.729, 433.916, 0.250, 0.000, 2.484, 0, 0 
155586, 508388031, 0.923, 0.760, 433.916, 0.250, 0.000, 2.485, 0, 0 
155586, 509900669, 0.925, 0.760, 433.916, 0.250, 0.000, 2.485, 0, 0 
155586, 511412431, 0.926, 0.761, 433.916, 0.250, 0.000, 2.485, 0, 0 
155586, 512926971, 0.927, 0.759, 433.916, 0.250, 0.000, 2.485, 0, 0 
155586, 514438940, 0.928, 0.761, 433.916, 0.250, 0.000, 2.486, 0, 0 
155586, 515950801, 0.929, 0.761, 433.916, 0.250, 0.000, 2.486, 0, 0 
155586, 517465915, 0.930, 0.759, 433.916, 0.250, 0.000, 2.486, 0, 0 
155586, 518979670, 0.931, 0.760, 433.916, 0.250, 0.000, 2.486, 0, 0 
155586, 520693779, 0.933, 0.671, 433.916, 0.250, 0.000, 2.487, 0, 0 
155586, 522205415, 0.934, 0.761, 433.916, 0.250, 0.000, 2.487, 0, 0 
155586, 523720196, 0.935, 0.759, 433.916, 0.250, 0.000, 2.487, 0, 0 
155586, 525295477, 0.936, 0.730, 433.916, 0.250, 0.000, 2.487, 0, 0 
155586, 526894785, 0.937, 0.719, 433.916, 0.250, 0.000, 2.487, 0, 0 
155586, 528408848, 0.938, 0.760, 433.916, 0.250, 0.000, 2.488, 0, 0 
155586, 529920343, 0.940, 0.761, 433.916, 0.250, 0.000, 2.488, 0, 0 
155586, 531432358, 0.941, 0.761, 433.916, 0.250, 0.000, 2.488, 0, 0 
155586, 532946523, 0.942, 0.759, 433.916, 0.250, 0.000, 2.488, 0, 0 
155586, 534470791, 0.943, 0.754, 433.916, 0.250, 0.000, 2.489, 0, 0 
155586, 536044368, 0.944, 0.731, 433.916, 0.250, 0.000, 2.489, 0, 0 
155586, 537556837, 0.945, 0.760, 433.916, 0.250, 0.000, 2.489, 0, 0 
155586, 539068917, 0.946, 0.761, 433.916, 0.250, 0.000, 2.489, 0, 0 
155586, 540653149, 0.948, 0.726, 433.916, 0.250, 0.000, 2.490, 0, 0 
155586, 542165615, 0.949, 0.760, 433.916, 0.250, 0.000, 2.490, 0, 0 
155586, 543677379, 0.950, 0.761, 433.916, 0.250, 0.000, 2.490, 0, 0 
155586, 545188698, 0.951, 0.761, 433.916, 0.250, 0.000, 2.490, 0, 0 
155586, 546773466, 0.952, 0.726, 433.916, 0.250, 0.000, 2.490, 0, 0 
155586, 548296032, 0.953, 0.755, 433.916, 0.250, 0.000, 2.491, 0, 0 
155586, 549877647, 0.954, 0.727, 433.916, 0.250, 0.000, 2.491, 0, 0 
155586, 551503962, 0.956, 0.707, 433.916, 0.250, 0.000, 2.491, 0, 0 
155586, 553061796, 0.957, 0.738, 433.916, 0.250, 0.000, 2.491, 0, 0 
155586, 554582649, 0.958, 0.756, 433.916, 0.250, 0.000, 2.492, 0, 0 
155586, 556166786, 0.959, 0.726, 433.916, 0.250, 0.000, 2.492, 0, 0 
155586, 557679508, 0.960, 0.760, 433.916, 0.250, 0.000, 2.492, 0, 0 
155586, 559191484, 0.961, 0.761, 433.916, 0.250, 0.000, 2.492, 0, 0 
155586, 560703864, 0.963, 0.760, 433.916, 0.250, 0.000, 2.493, 0, 0 
155586, 562216068, 0.964, 0.760, 433.916, 0.250, 0.000, 2.493, 0, 0 
155586, 563732879, 0.965, 0.758, 433.916, 0.250, 0.000, 2.493, 0, 0 
155586, 565248413, 0.966, 0.759, 433.916, 0.250, 0.000, 2.493, 0, 0 
155586, 566855495, 0.967, 0.716, 433.916, 0.250, 0.000, 2.493, 0, 0 
155586, 568367287, 0.968, 0.761, 433.916, 0.250, 0.000, 2.494, 0, 0 
155586, 569884651, 0.969, 0.758, 433.916, 0.250, 0.000, 2.494, 0, 0 
155586, 571423514, 0.971, 0.747, 433.916, 0.250, 0.000, 2.494, 0, 0 
155586, 572935574, 0.972, 0.761, 433.916, 0.250, 0.000, 2.494, 0, 0 
155586, 574446927, 0.973, 0.761, 433.916, 0.250, 0.000, 2.495, 0, 0 
155586, 575958358, 0.974, 0.761, 433.916, 0.250, 0.000, 2.495, 0, 0 
155586, 577470422, 0.975, 0.761, 433.916, 0.250, 0.000, 2.495, 0, 0 
155586, 578982043, 0.976, 0.761, 433.916, 0.250, 0.000, 2.495, 0, 0 
155586, 580493947, 0.977, 0.761, 433.916, 0.250, 0.000, 2.495, 0, 0 
155586, 582065078, 0.979, 0.732, 433.916, 0.250, 0.000, 2.496, 0, 0 
155586, 583672640, 0.980, 0.715, 433.916, 0.250, 0.000, 2.496, 0, 0 
155586, 585185116, 0.981, 0.760, 433.916, 0.250, 0.000, 2.496, 0, 0 
155586, 586696395, 0.982, 0.761, 433.916, 0.250, 0.000, 2.496, 0, 0 
155586, 588207495, 0.983, 0.761, 433.916, 0.250, 0.000, 2.497, 0, 0 
155586, 589718886, 0.984, 0.761, 433.916, 0.250, 0.000, 2.497, 0, 0 
155586, 591230046, 0.986, 0.761, 433.916, 0.250, 0.000, 2.497, 0, 0 
155586, 592813838, 0.987, 0.726, 433.916, 0.250, 0.000, 2.497, 0, 0 
155586, 594396067, 0.988, 0.727, 433.916, 0.250, 0.000, 2.498, 0, 0 
155586, 595910339, 0.989, 0.759, 433.916, 0.250, 0.000, 2.498, 0, 0 
155586, 597465495, 0.990, 0.739, 433.916, 0.250, 0.000, 2.498, 0, 0 
155586, 599016650, 0.991, 0.741, 433.916, 0.250, 0.000, 2.498, 0, 0 
155586, 600526842, 0.992, 0.761, 433.916, 0.250, 0.000, 2.498, 0, 0 
155586, 602049882, 0.994, 0.755, 433.916, 0.250, 0.000, 2.499, 0, 0 
155586, 603571415, 0.995, 0.756, 433.916, 0.250, 0.000, 2.499, 0, 0 
155586, 605089549, 0.996, 0.758, 433.916, 0.250, 0.000, 2.499, 0, 0 
155586, 606666960, 0.997, 0.729, 433.916, 0.250, 0.000, 2.499, 0, 0 
155586, 608246793, 0.998, 0.728, 433.916, 0.250, 0.000, 2.500, 0, 0 
155586, 609822464, 0.999, 0.730, 433.916, 0.250, 0.000, 2.500, 0, 0 
155586, 611336099, 1.000, 0.760, 433.916, 0.250, 0.000, 2.500, 0, 0 
155586, 612885839, 1.002, 0.742, 433.916, 0.250, 0.000, 2.500, 0, 0 
155586, 614461317, 1.003, 0.730, 433.916, 0.250, 0.000, 2.501, 0, 0 
155586, 615980960, 1.004, 0.757, 433.916, 0.250, 0.000, 2.501, 0, 0 
155586, 617564325, 1.005, 0.726, 433.916, 0.250, 0.000, 2.501, 0, 0 
155586, 619077751, 1.006, 0.760, 433.916, 0.250, 0.000, 2.501, 0, 0 
155586, 620593762, 1.007, 0.759, 433.916, 0.250, 0.000, 2.501, 0, 0 
155586, 622105670, 1.009, 0.761, 433.916, 0.250, 0.000, 2.502, 0, 0 
155586, 623686345, 1.010, 0.728, 433.916, 0.250, 0.000, 2.502, 0, 0 
155586, 625268002, 1.011, 0.727, 433.916, 0.250, 0.000, 2.502, 0, 0 
155586, 626781726, 1.012, 0.760, 433.916, 0.250, 0.000, 2.502, 0, 0 
155586, 628331627, 1.013, 0.742, 433.916, 0.250, 0.000, 2.503, 0, 0 
155586, 629848939, 1.014, 0.758, 433.916, 0.250, 0.000, 2.503, 0, 0 
155586, 631432393, 1.015, 0.726, 433.916, 0.250, 0.000, 2.503, 0, 0 
155586, 633016216, 1.017, 0.726, 433.916, 0.250, 0.000, 2.503, 0, 0 
155586, 634597424, 1.018, 0.727, 433.916, 0.250, 0.000, 2.504, 0, 0 
155586, 636108349, 1.019, 0.761, 433.916, 0.250, 0.000, 2.504, 0, 0 
155586, 637624746, 1.020, 0.758, 433.916, 0.250, 0.000, 2.504, 0, 0 
155586, 639155438, 1.021, 0.751, 433.916, 0.250, 0.000, 2.504, 0, 0 
155586, 640733089, 1.022, 0.729, 433.916, 0.250, 0.000, 2.504, 0, 0 
155586, 642245939, 1.023, 0.760, 433.916, 0.250, 0.000, 2.505, 0, 0 
155586, 643794698, 1.025, 0.743, 433.916, 0.250, 0.000, 2.505, 0, 0 
155586, 645308857, 1.026, 0.759, 433.916, 0.250, 0.000, 2.505, 0, 0 
155586, 646820668, 1.027, 0.761, 433.916, 0.250, 0.000, 2.505, 0, 0 
155586, 648336165, 1.028, 0.759, 433.916, 0.250, 0.000, 2.506, 0, 0 
155586, 649917934, 1.029, 0.727, 433.916, 0.250, 0.000, 2.506, 0, 0 
155586, 651484485, 1.030, 0.734, 433.916, 0.250, 0.000, 2.506, 0, 0 
155586, 653066689, 1.032, 0.727, 433.916, 0.250, 0.000, 2.506, 0, 0 
155586, 654649048, 1.033, 0.727, 433.916, 0.250, 0.000, 2.507, 0, 0 
155586, 656162298, 1.034, 0.760, 433.916, 0.250, 0.000, 2.507, 0, 0 
155586, 657743725, 1.035, 0.727, 433.916, 0.250, 0.000, 2.507, 0, 0 
155586, 659300485, 1.036, 0.739, 433.916, 0.250, 0.000, 2.507, 0, 0 
155586, 660822699, 1.037, 0.755, 433.916, 0.250, 0.000, 2.507, 0, 0 
155586, 662337790, 1.038, 0.759, 433.916, 0.250, 0.000, 2.508, 0, 0 
155586, 663866360, 1.040, 0.752, 433.916, 0.250, 0.000, 2.508, 0, 0 
155586, 665447476, 1.041, 0.727, 433.916, 0.250, 0.000, 2.508, 0, 0 
155586, 666964605, 1.042, 0.758, 433.916, 0.250, 0.000, 2.508, 0, 0 
155586, 668479913, 1.043, 0.759, 433.916, 0.250, 0.000, 2.509, 0, 0 
155586, 669997600, 1.044, 0.758, 433.916, 0.250, 0.000, 2.509, 0, 0 
155586, 671514618, 1.045, 0.758, 433.916, 0.250, 0.000, 2.509, 0, 0 
155586, 673030525, 1.046, 0.759, 433.916, 0.250, 0.000, 2.509, 0, 0 
155586, 674575715, 1.048, 0.744, 433.916, 0.250, 0.000, 2.510, 0, 0 
155586, 676085507, 1.049, 0.762, 433.916, 0.250, 0.000, 2.510, 0, 0 
155586, 677601637, 1.050, 0.759, 433.916, 0.250, 0.000, 2.510, 0, 0 
155586, 679126868, 1.051, 0.754, 433.916, 0.250, 0.000, 2.510, 0, 0 
155586, 680649394, 1.052, 0.755, 433.916, 0.250, 0.000, 2.510, 0, 0 
155586, 682172705, 1.053, 0.755, 433.916, 0.250, 0.000, 2.511, 0, 0 
155586, 683743975, 1.055, 0.732, 433.916, 0.250, 0.000, 2.511, 0, 0 
155586, 685260576, 1.056, 0.758, 433.916, 0.250, 0.000, 2.511, 0, 0 
155586, 686775263, 1.057, 0.759, 433.916, 0.250, 0.000, 2.511, 0, 0 
155586, 688291034, 1.058, 0.759, 433.916, 0.250, 0.000, 2.512, 0, 0 
155586, 689826083, 1.059, 0.749, 433.916, 0.250, 0.000, 2.512, 0, 0 
155586, 691336756, 1.060, 0.761, 433.916, 0.250, 0.000, 2.512, 0, 0 
155586, 692850215, 1.061, 0.760, 433.916, 0.250, 0.000, 2.512, 0, 0 
155586, 694359503, 1.063, 0.762, 433.916, 0.250, 0.000, 2.513, 0, 0 
155586, 695893752, 1.064, 0.750, 433.916, 0.250, 0.000, 2.513, 0, 0 
155586, 697426092, 1.065, 0.750, 433.916, 0.250, 0.000, 2.513, 0, 0 
155586, 698954329, 1.066, 0.753, 433.916, 0.250, 0.000, 2.513, 0, 0 
155586, 700460756, 1.067, 0.763, 433.916, 0.250, 0.000, 2.513, 0, 0 
155586, 702003446, 1.068, 0.745, 433.916, 0.250, 0.000, 2.514, 0, 0 
155586, 703523220, 1.069, 0.757, 433.916, 0.250, 0.000, 2.514, 0, 0 
155586, 705080205, 1.071, 0.739, 433.916, 0.250, 0.000, 2.514, 0, 0 
155586, 706621236, 1.072, 0.746, 433.916, 0.250, 0.000, 2.514, 0, 0 
155586, 708127066, 1.073, 0.764, 433.916, 0.250, 0.000, 2.515, 0, 0 
155586, 709701933, 1.074, 0.730, 433.916, 0.250, 0.000, 2.515, 0, 0 
155586, 711275732, 1.075, 0.731, 433.916, 0.250, 0.000, 2.515, 0, 0 
155586, 712849194, 1.076, 0.731, 433.916, 0.250, 0.000, 2.515, 0, 0 
155586, 714415660, 1.078, 0.734, 433.916, 0.250, 0.000, 2.516, 0, 0 
155586, 715995921, 1.079, 0.728, 433.916, 0.250, 0.000, 2.516, 0, 0 
155586, 717578720, 1.080, 0.727, 433.916, 0.250, 0.000, 2.516, 0, 0 
155586, 719088713, 1.081, 0.762, 433.916, 0.250, 0.000, 2.516, 0, 0 
155586, 720612066, 1.082, 0.755, 433.916, 0.250, 0.000, 2.516, 0, 0 
155586, 722121707, 1.083, 0.762, 433.916, 0.250, 0.000, 2.517, 0, 0 
155586, 723628702, 1.084, 0.763, 433.916, 0.250, 0.000, 2.517, 0, 0 
155586, 725135516, 1.086, 0.763, 433.916, 0.250, 0.000, 2.517, 0, 0 
155586, 726644668, 1.087, 0.762, 433.916, 0.250, 0.000, 2.517, 0, 0 
155586, 728150657, 1.088, 0.764, 433.916, 0.250, 0.000, 2.518, 0, 0 
155586, 729654791, 1.089, 0.765, 433.916, 0.250, 0.000, 2.518, 0, 0 
155586, 731181720, 1.090, 0.753, 433.916, 0.250, 0.000, 2.518, 0, 0 
155586, 732686248, 1.091, 0.764, 433.916, 0.250, 0.000, 2.518, 0, 0 
155586, 734212161, 1.092, 0.754, 433.916, 0.250, 0.000, 2.518, 0, 0 
155586, 735777782, 1.094, 0.735, 433.916, 0.250, 0.000, 2.519, 0, 0 
155586, 737339783, 1.095, 0.736, 433.916, 0.250, 0.000, 2.519, 0, 0 
155586, 738859070, 1.096, 0.757, 433.916, 0.250, 0.000, 2.519, 0, 0 
155586, 740374450, 1.097, 0.759, 433.916, 0.250, 0.000, 2.519, 0, 0 
155586, 741890620, 1.098, 0.758, 433.916, 0.250, 0.000, 2.520, 0, 0 
155586, 743407798, 1.099, 0.758, 433.916, 0.250, 0.000, 2.520, 0, 0 
155586, 744925553, 1.101, 0.758, 433.916, 0.250, 0.000, 2.520, 0, 0 
155586, 746441941, 1.102, 0.758, 433.916, 0.250, 0.000, 2.520, 0, 0 
155586, 747957570, 1.103, 0.759, 433.916, 0.250, 0.000, 2.521, 0, 0 
155586, 749474289, 1.104, 0.758, 433.916, 0.250, 0.000, 2.521, 0, 0 
155586, 751008636, 1.105, 0.750, 433.916, 0.250, 0.000, 2.521, 0, 0 
155586, 752520713, 1.106, 0.761, 433.916, 0.250, 0.000, 2.521, 0, 0 
155586, 754033487, 1.107, 0.760, 433.916, 0.250, 0.000, 2.521, 0, 0 
155586, 755542427, 1.109, 0.762, 433.916, 0.250, 0.000, 2.522, 0, 0 
155586, 757051615, 1.110, 0.762, 433.916, 0.250, 0.000, 2.522, 0, 0 
155586, 758568474, 1.111, 0.758, 433.916, 0.250, 0.000, 2.522, 0, 0 
155586, 760073703, 1.112, 0.764, 433.916, 0.250, 0.000, 2.522, 0, 0 
155586, 761582987, 1.113, 0.762, 433.916, 0.250, 0.000, 2.523, 0, 0 
155586, 763091932, 1.114, 0.762, 433.916, 0.250, 0.000, 2.523, 0, 0 
155586, 764600160, 1.115, 0.762, 433.916, 0.250, 0.000, 2.523, 0, 0 
155586, 766123679, 1.117, 0.755, 433.916, 0.250, 0.000, 2.523, 0, 0 
155586, 767630614, 1.118, 0.763, 433.916, 0.250, 0.000, 2.524, 0, 0 
155586, 769137008, 1.119, 0.763, 433.916, 0.250, 0.000, 2.524, 0, 0 
155586, 770642224, 1.120, 0.764, 433.916, 0.250, 0.000, 2.524, 0, 0 
155586, 772147196, 1.121, 0.764, 433.916, 0.250, 0.000, 2.524, 0, 0 
155586, 773653304, 1.122, 0.764, 433.916, 0.250, 0.000, 2.524, 0, 0 
155586, 775159381, 1.124, 0.764, 433.916, 0.250, 0.000, 2.525, 0, 0 
155586, 776707095, 1.125, 0.743, 433.916, 0.250, 0.000, 2.525, 0, 0 
155586, 778212854, 1.126, 0.764, 433.916, 0.250, 0.000, 2.525, 0, 0 
155586, 779718413, 1.127, 0.764, 433.916, 0.250, 0.000, 2.525, 0, 0 
155586, 781271337, 1.128, 0.741, 433.916, 0.250, 0.000, 2.526, 0, 0 
155586, 782808308, 1.129, 0.748, 433.916, 0.250, 0.000, 2.526, 0, 0 
155586, 784311631, 1.130, 0.765, 433.916, 0.250, 0.000, 2.526, 0, 0 
155586, 785821562, 1.132, 0.762, 433.916, 0.250, 0.000, 2.526, 0, 0 
155586, 787328963, 1.133, 0.763, 433.916, 0.250, 0.000, 2.527, 0, 0 
155586, 788836472, 1.134, 0.763, 433.916, 0.250, 0.000, 2.527, 0, 0 
155586, 790343460, 1.135, 0.763, 433.916, 0.250, 0.000, 2.527, 0, 0 
155586, 791850417, 1.136, 0.763, 433.916, 0.250, 0.000, 2.527, 0, 0 
155586, 793355971, 1.137, 0.764, 433.916, 0.250, 0.000, 2.527, 0, 0 
155586, 794894028, 1.138, 0.748, 433.916, 0.250, 0.000, 2.528, 0, 0 
155586, 796445465, 1.140, 0.741, 433.916, 0.250, 0.000, 2.528, 0, 0 
155586, 797949496, 1.141, 0.765, 433.916, 0.250, 0.000, 2.528, 0, 0 
155586, 799454059, 1.142, 0.764, 433.916, 0.250, 0.000, 2.528, 0, 0 
155586, 801016568, 1.143, 0.736, 433.916, 0.250, 0.000, 2.529, 0, 0 
155586, 802556073, 1.144, 0.747, 433.916, 0.250, 0.000, 2.529, 0, 0 
155586, 804060853, 1.145, 0.764, 433.916, 0.250, 0.000, 2.529, 0, 0 
155586, 805564787, 1.147, 0.765, 433.916, 0.250, 0.000, 2.529, 0, 0 
155586, 807069838, 1.148, 0.764, 433.916, 0.250, 0.000, 2.530, 0, 0 
155586, 808627844, 1.149, 0.738, 433.916, 0.250, 0.000, 2.530, 0, 0 
155586, 810159854, 1.150, 0.751, 433.916, 0.250, 0.000, 2.530, 0, 0 
