Thu Nov 29 11:29:51 2018
Controller Frequency: 1.50 kHz
Time(s), Time(ns), x, v, f, xdes, vdes, cmd, LSB, LSF
153331, 918277931, 0.000, 0.000, -454.967, 250.000, 0.000, 2.350, 0, 0 
153331, 919799960, 0.000, 0.000, -454.981, 250.000, 0.000, 2.350, 0, 0 
153331, 921318387, 0.000, 0.000, -454.994, 250.000, 0.000, 2.350, 0, 0 
153331, 922847927, 0.000, 0.000, -454.994, 250.000, 0.000, 2.350, 0, 0 
153331, 924423842, 0.000, 0.000, -454.981, 250.000, 0.000, 2.350, 0, 0 
153331, 925985342, 0.000, 0.000, -454.981, 250.000, 0.000, 2.350, 0, 0 
153331, 927538047, 0.000, 0.000, -454.994, 250.000, 0.000, 2.350, 0, 0 
153331, 929057857, 0.000, 0.000, -454.994, 250.000, 0.000, 2.350, 0, 0 
153331, 930635808, 0.000, 0.000, -454.967, 250.000, 0.000, 2.350, 0, 0 
153331, 932152800, 0.000, 0.000, -454.981, 250.000, 0.000, 2.350, 0, 0 
153331, 933743476, 0.000, 0.000, -454.981, 250.000, 0.000, 2.350, 0, 0 
153331, 935271161, 0.000, 0.000, -454.994, 250.000, 0.000, 2.350, 0, 0 
153331, 936780387, 0.000, 0.000, -454.981, 250.000, 0.000, 2.350, 0, 0 
153331, 938366565, 0.000, 0.000, -454.981, 250.000, 0.000, 2.350, 0, 0 
153331, 939952901, 0.000, 0.000, -454.994, 250.000, 0.000, 2.350, 0, 0 
153331, 941553500, 0.000, 0.000, -454.981, 250.000, 0.000, 2.350, 0, 0 
153331, 943058541, 0.000, 0.000, -454.967, 250.000, 0.000, 2.350, 0, 0 
153331, 944652469, 0.000, 0.000, -454.981, 250.000, 0.000, 2.350, 0, 0 
153331, 946159093, 0.000, 0.000, -454.981, 250.000, 0.000, 2.350, 0, 0 
153331, 947664155, 0.000, 0.000, -454.981, 250.000, 0.000, 2.350, 0, 0 
153331, 949181895, 0.000, 0.000, -454.981, 250.000, 0.000, 2.350, 0, 0 
153331, 950686219, 0.000, 0.000, -454.981, 250.000, 0.000, 2.350, 0, 0 
153331, 952190500, 0.000, 0.000, -454.994, 250.000, 0.000, 2.350, 0, 0 
153331, 953776999, 0.000, 0.000, -454.981, 250.000, 0.000, 2.350, 0, 0 
153331, 955378883, 0.000, 0.000, -454.981, 250.000, 0.000, 2.350, 0, 0 
153331, 956978683, 0.000, 0.000, -454.994, 250.000, 0.000, 2.350, 0, 0 
153331, 958560072, 0.000, 0.000, -454.981, 250.000, 0.000, 2.350, 0, 0 
153331, 960112151, 0.000, 0.000, -454.981, 250.000, 0.000, 2.350, 0, 0 
153331, 961715078, 0.000, 0.000, -454.981, 250.000, 0.000, 2.350, 0, 0 
153331, 963219545, 0.000, 0.000, -454.994, 250.000, 0.000, 2.350, 0, 0 
153331, 964825074, 0.000, 0.000, -454.994, 250.000, 0.000, 2.350, 0, 0 
153331, 966328174, 0.000, 0.000, -454.994, 250.000, 0.000, 2.350, 0, 0 
153331, 967927944, 0.000, 0.000, -454.981, 250.000, 0.000, 2.350, 0, 0 
153331, 969524407, 0.000, 0.000, -454.994, 250.000, 0.000, 2.350, 0, 0 
153331, 971123256, 0.000, 0.000, -454.981, 250.000, 0.000, 2.350, 0, 0 
153331, 972723376, 0.000, 0.000, -454.981, 250.000, 0.000, 2.350, 0, 0 
153331, 974323109, 0.000, 0.000, -454.981, 250.000, 0.000, 2.350, 0, 0 
153331, 975857204, 0.000, 0.000, -454.981, 250.000, 0.000, 2.350, 0, 0 
153331, 977398303, 0.000, 0.000, -454.981, 250.000, 0.000, 2.350, 0, 0 
153331, 978932945, 0.000, 0.000, -454.994, 250.000, 0.000, 2.350, 0, 0 
153331, 980489721, 0.000, 0.000, -454.994, 250.000, 0.000, 2.350, 0, 0 
153331, 982028170, 0.000, 0.000, -454.994, 250.000, 0.000, 2.350, 0, 0 
153331, 983569079, 0.000, 0.000, -454.981, 250.000, 0.000, 2.350, 0, 0 
153331, 985073082, 0.000, 0.000, -454.994, 250.000, 0.000, 2.350, 0, 0 
153331, 986577886, 0.000, 0.000, -454.994, 250.000, 0.000, 2.350, 0, 0 
153331, 988115879, 0.000, 0.000, -454.967, 250.000, 0.000, 2.350, 0, 0 
153331, 989705036, 0.000, 0.000, -454.981, 250.000, 0.000, 2.350, 0, 0 
153331, 991292440, 0.000, 0.000, -454.967, 250.000, 0.000, 2.350, 0, 0 
153331, 992883823, 0.000, 0.000, -454.994, 250.000, 0.000, 2.350, 0, 0 
153331, 994475736, 0.000, 0.000, -454.981, 250.000, 0.000, 2.350, 0, 0 
153331, 995995687, 0.000, 0.000, -454.981, 250.000, 0.000, 2.350, 0, 0 
153331, 997506451, 0.000, 0.000, -454.994, 250.000, 0.000, 2.350, 0, 0 
153331, 999080945, 0.000, 0.000, -454.967, 250.000, 0.000, 2.350, 0, 0 
153332, 589338, 0.000, 0.000, -454.967, 250.000, 0.000, 2.350, 0, 0 
153332, 2170027, 0.000, 0.000, -454.981, 250.000, 0.000, 2.350, 0, 0 
153332, 3754633, 0.000, 0.000, -454.994, 250.000, 0.000, 2.350, 0, 0 
153332, 5332393, 0.000, 0.000, -454.967, 250.000, 0.000, 2.350, 0, 0 
153332, 6839938, 0.000, 0.000, -454.981, 250.000, 0.000, 2.350, 0, 0 
153332, 8352660, 0.000, 0.000, -454.981, 250.000, 0.000, 2.350, 0, 0 
153332, 9863123, 0.000, 0.000, -454.981, 250.000, 0.000, 2.350, 0, 0 
153332, 11441636, 0.000, 0.000, -454.994, 250.000, 0.000, 2.350, 0, 0 
153332, 13021209, 0.000, 0.000, -454.981, 250.000, 0.000, 2.350, 0, 0 
153332, 14537725, 0.000, 0.000, -454.994, 250.000, 0.000, 2.350, 0, 0 
153332, 16083504, 0.000, 0.000, -454.981, 250.000, 0.000, 2.350, 0, 0 
153332, 17674042, 0.000, 0.000, -454.994, 250.000, 0.000, 2.350, 0, 0 
153332, 19273531, 0.000, 0.000, -454.967, 250.000, 0.000, 2.350, 0, 0 
153332, 20785719, 0.000, 0.000, -454.981, 250.000, 0.000, 2.350, 0, 0 
153332, 22297272, 0.000, 0.000, -454.967, 250.000, 0.000, 2.350, 0, 0 
153332, 23807902, 0.000, 0.000, -454.981, 250.000, 0.000, 2.350, 0, 0 
153332, 25394481, 0.000, 0.000, -454.981, 250.000, 0.000, 2.350, 0, 0 
153332, 26967317, 0.000, 0.000, -454.981, 250.000, 0.000, 2.350, 0, 0 
153332, 28490562, 0.000, 0.000, -454.981, 250.000, 0.000, 2.350, 0, 0 
153332, 30099455, 0.000, 0.000, -454.981, 250.000, 0.000, 2.350, 0, 0 
153332, 31655424, 0.000, 0.000, -454.981, 250.000, 0.000, 2.350, 0, 0 
153332, 33167298, 0.000, 0.000, -454.981, 250.000, 0.000, 2.350, 0, 0 
153332, 34678269, 0.000, 0.000, -454.981, 250.000, 0.000, 2.350, 0, 0 
153332, 36189993, 0.000, 0.000, -454.953, 250.000, 0.000, 2.350, 0, 0 
153332, 37700450, 0.000, 0.000, -454.967, 250.000, 0.000, 2.350, 0, 0 
153332, 39236015, 0.000, 0.000, -454.981, 250.000, 0.000, 2.350, 0, 0 
153332, 40790296, 0.000, 0.000, -454.981, 250.000, 0.000, 2.350, 0, 0 
153332, 42391031, 0.000, 0.000, -454.967, 250.000, 0.000, 2.350, 0, 0 
153332, 43958742, 0.000, 0.000, -454.981, 250.000, 0.000, 2.350, 0, 0 
153332, 45470669, 0.000, 0.000, -454.981, 250.000, 0.000, 2.350, 0, 0 
153332, 46985811, 0.000, 0.000, -454.994, 250.000, 0.000, 2.350, 0, 0 
153332, 48514751, 0.000, 0.000, -454.981, 250.000, 0.000, 2.350, 0, 0 
153332, 50067878, 0.000, 0.000, -454.981, 250.000, 0.000, 2.350, 0, 0 
153332, 51654050, 0.000, 0.000, -454.994, 250.000, 0.000, 2.350, 0, 0 
153332, 53166153, 0.000, 0.000, -454.981, 250.000, 0.000, 2.350, 0, 0 
153332, 54676633, 0.000, 0.000, -454.994, 250.000, 0.000, 2.350, 0, 0 
153332, 56187872, 0.000, 0.000, -454.981, 250.000, 0.000, 2.350, 0, 0 
153332, 57721641, 0.000, 0.000, -454.981, 250.000, 0.000, 2.350, 0, 0 
153332, 59232736, 0.000, 0.000, -454.981, 250.000, 0.000, 2.350, 0, 0 
153332, 60744882, 0.000, 0.000, -454.981, 250.000, 0.000, 2.350, 0, 0 
153332, 62255440, 0.000, 0.000, -454.981, 250.000, 0.000, 2.350, 0, 0 
153332, 63765873, 0.000, 0.000, -455.008, 250.000, 0.000, 2.350, 0, 0 
153332, 65278764, 0.000, 0.000, -454.994, 250.000, 0.000, 2.350, 0, 0 
153332, 66789666, 0.000, 0.000, -454.994, 250.000, 0.000, 2.350, 0, 0 
153332, 68301173, 0.000, 0.000, -454.994, 250.000, 0.000, 2.350, 0, 0 
153332, 69811338, 0.000, 0.000, -454.994, 250.000, 0.000, 2.350, 0, 0 
153332, 71325677, 0.000, 0.000, -454.981, 250.000, 0.000, 2.350, 0, 0 
153332, 72877016, 0.000, 0.000, -454.981, 250.000, 0.000, 2.350, 0, 0 
153332, 74394049, 0.000, 0.000, -454.994, 250.000, 0.000, 2.350, 0, 0 
153332, 75903319, 0.000, 0.000, -454.981, 250.000, 0.000, 2.350, 0, 0 
153332, 77413980, 0.000, 0.000, -454.981, 250.000, 0.000, 2.350, 0, 0 
153332, 78924646, 0.000, 0.000, -454.994, 250.000, 0.000, 2.350, 0, 0 
153332, 80444933, 0.000, 0.000, -454.994, 250.000, 0.000, 2.350, 0, 0 
153332, 81971034, 0.000, 0.000, -454.994, 250.000, 0.000, 2.350, 0, 0 
153332, 83513808, 0.000, 0.000, -454.994, 250.000, 0.000, 2.350, 0, 0 
153332, 85100261, 0.000, 0.000, -454.981, 250.000, 0.000, 2.350, 0, 0 
153332, 86612498, 0.000, 0.000, -454.981, 250.000, 0.000, 2.350, 0, 0 
153332, 88146862, 0.000, 0.000, -454.994, 250.000, 0.000, 2.350, 0, 0 
153332, 89657917, 0.000, 0.000, -454.981, 250.000, 0.000, 2.350, 0, 0 
153332, 91169752, 0.000, 0.000, -454.967, 250.000, 0.000, 2.350, 0, 0 
153332, 92681717, 0.000, 0.000, -454.967, 250.000, 0.000, 2.350, 0, 0 
153332, 94283799, 0.000, 0.000, -454.994, 250.000, 0.000, 2.350, 0, 0 
153332, 95880069, 0.000, 0.000, -454.967, 250.000, 0.000, 2.350, 0, 0 
153332, 97481790, 0.000, 0.000, -454.981, 250.000, 0.000, 2.350, 0, 0 
153332, 98993457, 0.000, 0.000, -454.994, 250.000, 0.000, 2.350, 0, 0 
153332, 100507196, 0.000, 0.000, -454.981, 250.000, 0.000, 2.350, 0, 0 
153332, 102062457, 0.000, 0.000, -454.994, 250.000, 0.000, 2.350, 0, 0 
153332, 103620093, 0.000, 0.000, -454.981, 250.000, 0.000, 2.350, 0, 0 
153332, 105187649, 0.000, 0.000, -454.994, 250.000, 0.000, 2.350, 0, 0 
153332, 106716129, 0.000, 0.000, -454.981, 250.000, 0.000, 2.350, 0, 0 
153332, 108231687, 0.000, 0.000, -454.967, 250.000, 0.000, 2.350, 0, 0 
153332, 109812915, 0.000, 0.000, -454.981, 250.000, 0.000, 2.350, 0, 0 
153332, 111324857, 0.000, 0.000, -454.994, 250.000, 0.000, 2.350, 0, 0 
153332, 112835573, 0.000, 0.000, -454.994, 250.000, 0.000, 2.350, 0, 0 
153332, 114354535, 0.000, 0.000, -454.967, 250.000, 0.000, 2.350, 0, 0 
153332, 115868791, 0.000, 0.000, -454.981, 250.000, 0.000, 2.350, 0, 0 
153332, 117419202, 0.000, 0.000, -454.981, 250.000, 0.000, 2.350, 0, 0 
153332, 118965439, 0.000, 0.000, -454.994, 250.000, 0.000, 2.350, 0, 0 
153332, 120538597, 0.000, 0.000, -454.967, 250.000, 0.000, 2.350, 0, 0 
153332, 122136970, 0.000, 0.000, -454.994, 250.000, 0.000, 2.350, 0, 0 
153332, 123725051, 0.000, 0.000, -454.994, 250.000, 0.000, 2.350, 0, 0 
153332, 125312061, 0.000, 0.000, -454.981, 250.000, 0.000, 2.350, 0, 0 
153332, 126831351, 0.000, 0.000, -454.994, 250.000, 0.000, 2.350, 0, 0 
153332, 128438850, 0.000, 0.000, -454.981, 250.000, 0.000, 2.350, 0, 0 
153332, 129950291, 0.000, 0.000, -454.994, 250.000, 0.000, 2.350, 0, 0 
153332, 131461612, 0.000, 0.000, -454.981, 250.000, 0.000, 2.350, 0, 0 
153332, 132973798, 0.000, 0.000, -454.994, 250.000, 0.000, 2.350, 0, 0 
153332, 134528909, 0.000, 0.000, -454.981, 250.000, 0.000, 2.350, 0, 0 
153332, 136073898, 0.000, 0.000, -454.981, 250.000, 0.000, 2.350, 0, 0 
153332, 137637650, 0.000, 0.000, -454.967, 250.000, 0.000, 2.350, 0, 0 
153332, 139209755, 0.000, 0.000, -454.981, 250.000, 0.000, 2.350, 0, 0 
153332, 140771469, 0.000, 0.000, -454.981, 250.000, 0.000, 2.350, 0, 0 
153332, 142336518, 0.000, 0.000, -454.981, 250.000, 0.000, 2.350, 0, 0 
153332, 143941193, 0.000, 0.000, -454.981, 250.000, 0.000, 2.350, 0, 0 
153332, 145536552, 0.000, 0.000, -454.994, 250.000, 0.000, 2.350, 0, 0 
153332, 147090460, 0.000, 0.000, -454.967, 250.000, 0.000, 2.350, 0, 0 
153332, 148656357, 0.000, 0.000, -454.981, 250.000, 0.000, 2.350, 0, 0 
153332, 150270465, 0.000, 0.000, -454.981, 250.000, 0.000, 2.350, 0, 0 
153332, 151864730, 0.000, 0.000, -454.994, 250.000, 0.000, 2.350, 0, 0 
153332, 153376916, 0.000, 0.000, -454.994, 250.000, 0.000, 2.350, 0, 0 
153332, 154888350, 0.000, 0.000, -454.994, 250.000, 0.000, 2.350, 0, 0 
153332, 156402328, 0.000, 0.000, -454.967, 250.000, 0.000, 2.350, 0, 0 
153332, 157913014, 0.000, 0.000, -454.981, 250.000, 0.000, 2.350, 0, 0 
153332, 159423601, 0.000, 0.000, -454.981, 250.000, 0.000, 2.350, 0, 0 
153332, 160935927, 0.000, 0.000, -454.981, 250.000, 0.000, 2.350, 0, 0 
153332, 162540451, 0.000, 0.000, -454.981, 250.000, 0.000, 2.350, 0, 0 
153332, 164100013, 0.000, 0.000, -454.994, 250.000, 0.000, 2.350, 0, 0 
153332, 165703833, 0.000, 0.000, -454.967, 250.000, 0.000, 2.350, 0, 0 
153332, 167259804, 0.000, 0.000, -454.994, 250.000, 0.000, 2.350, 0, 0 
153332, 168815404, 0.000, 0.000, -454.981, 250.000, 0.000, 2.350, 0, 0 
153332, 170371872, 0.000, 0.000, -454.994, 250.000, 0.000, 2.350, 0, 0 
153332, 171973710, 0.000, 0.000, -454.967, 250.000, 0.000, 2.350, 0, 0 
153332, 173491486, 0.000, 0.000, -454.967, 250.000, 0.000, 2.350, 0, 0 
153332, 175095585, 0.000, 0.000, -454.981, 250.000, 0.000, 2.350, 0, 0 
153332, 176614995, 0.000, 0.000, -454.981, 250.000, 0.000, 2.350, 0, 0 
153332, 178208538, 0.000, 0.000, -454.981, 250.000, 0.000, 2.350, 0, 0 
153332, 179803836, 0.000, 0.000, -454.967, 250.000, 0.000, 2.350, 0, 0 
153332, 181366375, 0.000, 0.000, -454.981, 250.000, 0.000, 2.350, 0, 0 
153332, 182886404, 0.000, 0.000, -454.967, 250.000, 0.000, 2.350, 0, 0 
153332, 184446271, 0.000, 0.000, -454.981, 250.000, 0.000, 2.350, 0, 0 
153332, 185958426, 0.000, 0.000, -454.981, 250.000, 0.000, 2.350, 0, 0 
153332, 187469970, 0.000, 0.000, -454.981, 250.000, 0.000, 2.350, 0, 0 
153332, 188981254, 0.000, 0.000, -454.994, 250.000, 0.000, 2.350, 0, 0 
153332, 190491906, 0.000, 0.000, -454.981, 250.000, 0.000, 2.350, 0, 0 
153332, 192012647, 0.000, 0.000, -454.981, 250.000, 0.000, 2.350, 0, 0 
153332, 193527383, 0.000, 0.000, -454.967, 250.000, 0.000, 2.350, 0, 0 
153332, 195085417, 0.000, 0.000, -454.981, 250.000, 0.000, 2.350, 0, 0 
153332, 196647418, 0.000, 0.000, -454.981, 250.000, 0.000, 2.350, 0, 0 
153332, 198226751, 0.000, 0.000, -454.981, 250.000, 0.000, 2.350, 0, 0 
153332, 199827590, 0.000, 0.000, -454.981, 250.000, 0.000, 2.350, 0, 0 
153332, 201432527, 0.000, 0.000, -454.994, 250.000, 0.000, 2.350, 0, 0 
153332, 203034612, 0.000, 0.000, -454.994, 250.000, 0.000, 2.350, 0, 0 
153332, 204629954, 0.000, 0.000, -454.981, 250.000, 0.000, 2.350, 0, 0 
153332, 206234508, 0.000, 0.000, -454.994, 250.000, 0.000, 2.350, 0, 0 
153332, 207838128, 0.000, 0.000, -454.981, 250.000, 0.000, 2.350, 0, 0 
153332, 209434726, 0.000, 0.000, -454.981, 250.000, 0.000, 2.350, 0, 0 
153332, 211037849, 0.000, 0.000, -454.981, 250.000, 0.000, 2.350, 0, 0 
153332, 212673941, 0.000, 0.000, -454.967, 250.000, 0.000, 2.350, 0, 0 
153332, 214188242, 0.000, 0.000, -454.981, 250.000, 0.000, 2.350, 0, 0 
153332, 215708528, 0.000, 0.000, -454.981, 250.000, 0.000, 2.350, 0, 0 
153332, 217277865, 0.000, 0.000, -454.981, 250.000, 0.000, 2.350, 0, 0 
153332, 218868338, 0.000, 0.000, -454.994, 250.000, 0.000, 2.350, 0, 0 
153332, 220378777, 0.000, 0.000, -454.981, 250.000, 0.000, 2.350, 0, 0 
153332, 221972418, 0.000, 0.000, -454.994, 250.000, 0.000, 2.350, 0, 0 
153332, 223550460, 0.000, 0.000, -454.981, 250.000, 0.000, 2.350, 0, 0 
153332, 225143197, 0.000, 0.000, -454.994, 250.000, 0.000, 2.350, 0, 0 
153332, 226656002, 0.000, 0.000, -454.953, 250.000, 0.000, 2.350, 0, 0 
153332, 228211115, 0.000, 0.000, -454.967, 250.000, 0.000, 2.350, 0, 0 
153332, 229751038, 0.000, 0.000, -454.981, 250.000, 0.000, 2.350, 0, 0 
153332, 231264340, 0.000, 0.000, -454.981, 250.000, 0.000, 2.350, 0, 0 
153332, 232810121, 0.000, 0.000, -454.981, 250.000, 0.000, 2.350, 0, 0 
153332, 234399237, 0.000, 0.000, -454.967, 250.000, 0.000, 2.350, 0, 0 
153332, 235987415, 0.000, 0.000, -454.981, 250.000, 0.000, 2.350, 0, 0 
153332, 237498944, 0.000, 0.000, -454.981, 250.000, 0.000, 2.350, 0, 0 
153332, 239009390, 0.000, 0.000, -454.981, 250.000, 0.000, 2.350, 0, 0 
153332, 240576460, 0.000, 0.000, -454.981, 250.000, 0.000, 2.350, 0, 0 
153332, 242164998, 0.000, 0.000, -454.981, 250.000, 0.000, 2.350, 0, 0 
153332, 243734660, 0.000, 0.000, -454.994, 250.000, 0.000, 2.350, 0, 0 
153332, 245248007, 0.000, 0.000, -454.981, 250.000, 0.000, 2.350, 0, 0 
153332, 246758745, 0.000, 0.000, -454.981, 250.000, 0.000, 2.350, 0, 0 
153332, 248272105, 0.000, 0.000, -454.967, 250.000, 0.000, 2.350, 0, 0 
153332, 249876823, 0.000, 0.000, -454.981, 250.000, 0.000, 2.350, 0, 0 
153332, 251486575, 0.000, 0.000, -454.967, 250.000, 0.000, 2.350, 0, 0 
153332, 253091442, 0.000, 0.000, -454.994, 250.000, 0.000, 2.350, 0, 0 
153332, 254689720, 0.000, 0.000, -454.994, 250.000, 0.000, 2.350, 0, 0 
153332, 256294995, 0.000, 0.000, -454.994, 250.000, 0.000, 2.350, 0, 0 
153332, 257806818, 0.000, 0.000, -454.981, 250.000, 0.000, 2.350, 0, 0 
153332, 259358981, 0.000, 0.000, -454.994, 250.000, 0.000, 2.350, 0, 0 
153332, 260878086, 0.000, 0.000, -454.981, 250.000, 0.000, 2.350, 0, 0 
153332, 262456550, 0.000, 0.000, -454.967, 250.000, 0.000, 2.350, 0, 0 
153332, 264012722, 0.000, 0.000, -454.994, 250.000, 0.000, 2.350, 0, 0 
153332, 265564570, 0.000, 0.000, -454.981, 250.000, 0.000, 2.350, 0, 0 
153332, 267142726, 0.000, 0.000, -454.994, 250.000, 0.000, 2.350, 0, 0 
153332, 268734294, 0.000, 0.000, -454.967, 250.000, 0.000, 2.350, 0, 0 
153332, 270245073, 0.000, 0.000, -454.981, 250.000, 0.000, 2.350, 0, 0 
153332, 271758035, 0.000, 0.000, -454.994, 250.000, 0.000, 2.350, 0, 0 
153332, 273342680, 0.000, 0.000, -454.994, 250.000, 0.000, 2.350, 0, 0 
153332, 274973389, 0.000, 0.000, -454.981, 250.000, 0.000, 2.350, 0, 0 
153332, 276544494, 0.000, 0.000, -454.981, 250.000, 0.000, 2.350, 0, 0 
153332, 278153530, 0.000, 0.000, -454.994, 250.000, 0.000, 2.350, 0, 0 
153332, 279665336, 0.000, 0.000, -454.967, 250.000, 0.000, 2.350, 0, 0 
153332, 281175941, 0.000, 0.000, -454.981, 250.000, 0.000, 2.350, 0, 0 
153332, 282743298, 0.000, 0.000, -454.994, 250.000, 0.000, 2.350, 0, 0 
153332, 284257887, 0.000, 0.000, -454.981, 250.000, 0.000, 2.350, 0, 0 
153332, 285779844, 0.000, 0.000, -454.994, 250.000, 0.000, 2.350, 0, 0 
153332, 287367485, 0.000, 0.000, -454.981, 250.000, 0.000, 2.350, 0, 0 
153332, 288970561, 0.000, 0.000, -454.994, 250.000, 0.000, 2.350, 0, 0 
153332, 290580587, 0.000, 0.000, -454.994, 250.000, 0.000, 2.350, 0, 0 
153332, 292110181, 0.000, 0.000, -454.981, 250.000, 0.000, 2.350, 0, 0 
153332, 293668628, 0.000, 0.000, -454.981, 250.000, 0.000, 2.350, 0, 0 
153332, 295181833, 0.000, 0.000, -454.967, 250.000, 0.000, 2.350, 0, 0 
153332, 296694195, 0.000, 0.000, -454.981, 250.000, 0.000, 2.350, 0, 0 
153332, 298214750, 0.000, 0.000, -454.994, 250.000, 0.000, 2.350, 0, 0 
153332, 299736645, 0.000, 0.000, -454.981, 250.000, 0.000, 2.350, 0, 0 
153332, 301309536, 0.000, 0.000, -454.981, 250.000, 0.000, 2.350, 0, 0 
153332, 302900889, 0.000, 0.000, -454.994, 250.000, 0.000, 2.350, 0, 0 
153332, 304491629, 0.000, 0.000, -454.994, 250.000, 0.000, 2.350, 0, 0 
153332, 306111685, 0.000, 0.000, -454.994, 250.000, 0.000, 2.350, 0, 0 
153332, 307661806, 0.000, 0.000, -454.994, 250.000, 0.000, 2.350, 0, 0 
153332, 309172190, 0.000, 0.000, -454.967, 250.000, 0.000, 2.350, 0, 0 
153332, 310732826, 0.000, 0.000, -454.981, 250.000, 0.000, 2.350, 0, 0 
153332, 312344654, 0.000, 0.000, -454.967, 250.000, 0.000, 2.350, 0, 0 
153332, 313948596, 0.000, 0.000, -454.994, 250.000, 0.000, 2.350, 0, 0 
153332, 315544339, 0.000, 0.000, -454.981, 250.000, 0.000, 2.350, 0, 0 
153332, 317149102, 0.000, 0.000, -454.994, 250.000, 0.000, 2.350, 0, 0 
153332, 318751406, 0.000, 0.000, -454.981, 250.000, 0.000, 2.350, 0, 0 
153332, 320341488, 0.000, 0.000, -454.967, 250.000, 0.000, 2.350, 0, 0 
153332, 321896277, 0.000, 0.000, -454.967, 250.000, 0.000, 2.350, 0, 0 
153332, 323413372, 0.000, 0.000, -454.981, 250.000, 0.000, 2.350, 0, 0 
153332, 324928212, 0.000, 0.000, -454.967, 250.000, 0.000, 2.350, 0, 0 
153332, 326463676, 0.000, 0.000, -454.981, 250.000, 0.000, 2.350, 0, 0 
153332, 328055912, 0.000, 0.000, -454.981, 250.000, 0.000, 2.350, 0, 0 
153332, 329641004, 0.000, 0.000, -454.981, 250.000, 0.000, 2.350, 0, 0 
153332, 331157307, 0.000, 0.000, -454.981, 250.000, 0.000, 2.350, 0, 0 
153332, 332710292, 0.000, 0.000, -454.994, 250.000, 0.000, 2.350, 0, 0 
153332, 334270643, 0.000, 0.000, -454.981, 250.000, 0.000, 2.350, 0, 0 
153332, 335830801, 0.000, 0.000, -454.981, 250.000, 0.000, 2.350, 0, 0 
153332, 337433359, 0.000, 0.000, -454.981, 250.000, 0.000, 2.350, 0, 0 
153332, 339008084, 0.000, 0.000, -454.981, 250.000, 0.000, 2.350, 0, 0 
153332, 340579441, 0.000, 0.000, -454.967, 250.000, 0.000, 2.350, 0, 0 
153332, 342164180, 0.000, 0.000, -454.981, 250.000, 0.000, 2.350, 0, 0 
153332, 343681802, 0.000, 0.000, -454.994, 250.000, 0.000, 2.350, 0, 0 
153332, 345285068, 0.000, 0.000, -454.994, 250.000, 0.000, 2.350, 0, 0 
153332, 346892171, 0.000, 0.000, -454.981, 250.000, 0.000, 2.350, 0, 0 
153332, 348492756, 0.000, 0.000, -454.994, 250.000, 0.000, 2.350, 0, 0 
153332, 350099287, 0.000, 0.000, -454.994, 250.000, 0.000, 2.350, 0, 0 
153332, 351695244, 0.000, 0.000, -454.981, 250.000, 0.000, 2.350, 0, 0 
153332, 353249831, 0.000, 0.000, -454.981, 250.000, 0.000, 2.350, 0, 0 
153332, 354792190, 0.000, 0.000, -454.967, 250.000, 0.000, 2.350, 0, 0 
153332, 356349512, 0.000, 0.000, -454.981, 250.000, 0.000, 2.350, 0, 0 
153332, 357949793, 0.000, 0.000, -454.967, 250.000, 0.000, 2.350, 0, 0 
153332, 359463007, 0.000, 0.000, -454.981, 250.000, 0.000, 2.350, 0, 0 
153332, 360975067, 0.000, 0.000, -454.967, 250.000, 0.000, 2.350, 0, 0 
153332, 362533978, 0.000, 0.000, -454.981, 250.000, 0.000, 2.350, 0, 0 
153332, 364047568, 0.000, 0.000, -454.994, 250.000, 0.000, 2.350, 0, 0 
153332, 365567846, 0.000, 0.000, -454.981, 250.000, 0.000, 2.350, 0, 0 
153332, 367150288, 0.000, 0.000, -454.981, 250.000, 0.000, 2.350, 0, 0 
153332, 368782976, 0.000, 0.000, -454.981, 250.000, 0.000, 2.350, 0, 0 
153332, 370382944, 0.000, 0.000, -454.994, 250.000, 0.000, 2.350, 0, 0 
153332, 371973563, 0.000, 0.000, -454.981, 250.000, 0.000, 2.350, 0, 0 
153332, 373549505, 0.000, 0.000, -454.981, 250.000, 0.000, 2.350, 0, 0 
153332, 375061110, 0.000, 0.000, -454.967, 250.000, 0.000, 2.350, 0, 0 
153332, 376647491, 0.000, 0.000, -454.981, 250.000, 0.000, 2.350, 0, 0 
153332, 378252982, 0.000, 0.000, -454.981, 250.000, 0.000, 2.350, 0, 0 
153332, 379856741, 0.000, 0.000, -454.994, 250.000, 0.000, 2.350, 0, 0 
153332, 381368229, 0.000, 0.000, -454.967, 250.000, 0.000, 2.350, 0, 0 
153332, 382972069, 0.000, 0.000, -454.967, 250.000, 0.000, 2.350, 0, 0 
153332, 384524330, 0.000, 0.000, -454.994, 250.000, 0.000, 2.350, 0, 0 
153332, 386041665, 0.000, 0.000, -454.967, 250.000, 0.000, 2.350, 0, 0 
153332, 387624966, 0.000, 0.000, -454.994, 250.000, 0.000, 2.350, 0, 0 
153332, 389225623, 0.000, 0.000, -454.981, 250.000, 0.000, 2.350, 0, 0 
153332, 390737634, 0.000, 0.000, -454.994, 250.000, 0.000, 2.350, 0, 0 
153332, 392342703, 0.000, 0.000, -454.981, 250.000, 0.000, 2.350, 0, 0 
153332, 393946306, 0.000, 0.000, -454.981, 250.000, 0.000, 2.350, 0, 0 
153332, 395524261, 0.000, 0.000, -454.981, 250.000, 0.000, 2.350, 0, 0 
153332, 397081959, 0.000, 0.000, -454.981, 250.000, 0.000, 2.350, 0, 0 
153332, 398599249, 0.000, 0.000, -454.981, 250.000, 0.000, 2.350, 0, 0 
153332, 400176953, 0.000, 0.000, -454.981, 250.000, 0.000, 2.350, 0, 0 
153332, 401688095, 0.000, 0.000, -454.994, 250.000, 0.000, 2.350, 0, 0 
153332, 403198343, 0.000, 0.000, -454.981, 250.000, 0.000, 2.350, 0, 0 
153332, 404710872, 0.000, 0.000, -454.981, 250.000, 0.000, 2.350, 0, 0 
153332, 406221164, 0.000, 0.000, -454.981, 250.000, 0.000, 2.350, 0, 0 
153332, 407810146, 0.000, 0.000, -454.981, 250.000, 0.000, 2.350, 0, 0 
153332, 409322084, 0.000, 0.000, -454.967, 250.000, 0.000, 2.350, 0, 0 
153332, 410924334, 0.000, 0.000, -454.981, 250.000, 0.000, 2.350, 0, 0 
153332, 412531195, 0.000, 0.000, -454.981, 250.000, 0.000, 2.350, 0, 0 
153332, 414135506, 0.000, 0.000, -454.981, 250.000, 0.000, 2.350, 0, 0 
153332, 415679329, 0.000, 0.000, -454.981, 250.000, 0.000, 2.350, 0, 0 
153332, 417199925, 0.000, 0.000, -454.967, 250.000, 0.000, 2.350, 0, 0 
153332, 418712774, 0.000, 0.000, -454.994, 250.000, 0.000, 2.350, 0, 0 
153332, 420227749, 0.000, 0.000, -454.981, 250.000, 0.000, 2.350, 0, 0 
153332, 421738275, 0.000, 0.000, -454.981, 250.000, 0.000, 2.350, 0, 0 
153332, 423248666, 0.000, 0.000, -454.981, 250.000, 0.000, 2.350, 0, 0 
153332, 424759534, 0.000, 0.000, -454.981, 250.000, 0.000, 2.350, 0, 0 
153332, 426370999, 0.000, 0.000, -454.994, 250.000, 0.000, 2.350, 0, 0 
153332, 427973628, 0.000, 0.000, -454.981, 250.000, 0.000, 2.350, 0, 0 
153332, 429543664, 0.000, 0.000, -454.994, 250.000, 0.000, 2.350, 0, 0 
153332, 431084679, 0.000, 0.000, -454.981, 250.000, 0.000, 2.350, 0, 0 
153332, 432597470, 0.000, 0.000, -454.981, 250.000, 0.000, 2.350, 0, 0 
153332, 434107720, 0.000, 0.000, -454.981, 250.000, 0.000, 2.350, 0, 0 
153332, 435618559, 0.000, 0.000, -454.994, 250.000, 0.000, 2.350, 0, 0 
153332, 437129128, 0.000, 0.000, -454.981, 250.000, 0.000, 2.350, 0, 0 
153332, 438639518, 0.000, 0.000, -454.981, 250.000, 0.000, 2.350, 0, 0 
153332, 440152808, 0.000, 0.000, -454.994, 250.000, 0.000, 2.350, 0, 0 
153332, 441663139, 0.000, 0.000, -454.981, 250.000, 0.000, 2.350, 0, 0 
153332, 443173413, 0.000, 0.000, -454.967, 250.000, 0.000, 2.350, 0, 0 
153332, 444785528, 0.000, 0.000, -454.981, 250.000, 0.000, 2.350, 0, 0 
153332, 446380163, 0.000, 0.000, -454.981, 250.000, 0.000, 2.350, 0, 0 
153332, 447895888, 0.000, 0.000, -454.994, 250.000, 0.000, 2.350, 0, 0 
153332, 449464526, 0.000, 0.000, -454.981, 250.000, 0.000, 2.350, 0, 0 
153332, 451053303, 0.000, 0.000, -454.981, 250.000, 0.000, 2.350, 0, 0 
153332, 452653688, 0.000, 0.000, -454.981, 250.000, 0.000, 2.350, 0, 0 
153332, 454259391, 0.000, 0.000, -454.981, 250.000, 0.000, 2.350, 0, 0 
153332, 455870682, 0.000, 0.000, -454.981, 250.000, 0.000, 2.350, 0, 0 
153332, 457434841, 0.000, 0.000, -454.981, 250.000, 0.000, 2.350, 0, 0 
153332, 458968887, 0.000, 0.000, -454.994, 250.000, 0.000, 2.350, 0, 0 
153332, 460495594, 0.000, 0.000, -454.994, 250.000, 0.000, 2.350, 0, 0 
153332, 462058897, 0.000, 0.000, -454.981, 250.000, 0.000, 2.350, 0, 0 
153332, 463574055, 0.000, 0.000, -454.981, 250.000, 0.000, 2.350, 0, 0 
153332, 465089643, 0.000, 0.000, -454.981, 250.000, 0.000, 2.350, 0, 0 
153332, 466620735, 0.000, 0.000, -454.994, 250.000, 0.000, 2.350, 0, 0 
153332, 468134533, 0.000, 0.000, -454.981, 250.000, 0.000, 2.350, 0, 0 
153332, 469649099, 0.000, 0.000, -454.981, 250.000, 0.000, 2.350, 0, 0 
153332, 471162127, 0.000, 0.000, -454.967, 250.000, 0.000, 2.350, 0, 0 
153332, 472676272, 0.000, 0.000, -454.981, 250.000, 0.000, 2.350, 0, 0 
153332, 474189414, 0.000, 0.000, -454.981, 250.000, 0.000, 2.350, 0, 0 
153332, 475702861, 0.000, 0.000, -454.981, 250.000, 0.000, 2.350, 0, 0 
153332, 477275253, 0.000, 0.000, -454.981, 250.000, 0.000, 2.350, 0, 0 
153332, 478818846, 0.000, 0.000, -454.981, 250.000, 0.000, 2.350, 0, 0 
153332, 480343966, 0.000, 0.000, -454.967, 250.000, 0.000, 2.350, 0, 0 
153332, 481929767, 0.000, 0.000, -454.981, 250.000, 0.000, 2.350, 0, 0 
153332, 483472564, 0.000, 0.000, -454.981, 250.000, 0.000, 2.350, 0, 0 
153332, 484987758, 0.000, 0.000, -454.981, 250.000, 0.000, 2.350, 0, 0 
153332, 486501888, 0.000, 0.000, -454.981, 250.000, 0.000, 2.350, 0, 0 
153332, 488019326, 0.000, 0.000, -454.981, 250.000, 0.000, 2.350, 0, 0 
153332, 489532846, 0.000, 0.000, -454.981, 250.000, 0.000, 2.350, 0, 0 
153332, 491046403, 0.000, 0.000, -454.994, 250.000, 0.000, 2.350, 0, 0 
153332, 492711050, 0.000, 0.000, -454.967, 250.000, 0.000, 2.350, 0, 0 
153332, 494311560, 0.000, 0.000, -454.994, 250.000, 0.000, 2.350, 0, 0 
153332, 495826800, 0.000, 0.000, -454.981, 250.000, 0.000, 2.350, 0, 0 
153332, 497351747, 0.000, 0.000, -454.981, 250.000, 0.000, 2.350, 0, 0 
153332, 498875711, 0.000, 0.000, -454.981, 250.000, 0.000, 2.350, 0, 0 
153332, 500403726, 0.000, 0.000, -454.994, 250.000, 0.000, 2.350, 0, 0 
153332, 501994617, 0.000, 0.000, -454.981, 250.000, 0.000, 2.350, 0, 0 
153332, 503551872, 0.000, 0.000, -454.967, 250.000, 0.000, 2.350, 0, 0 
153332, 505102534, 0.000, 0.000, -454.981, 250.000, 0.000, 2.350, 0, 0 
153332, 506659813, 0.000, 0.000, -454.981, 250.000, 0.000, 2.350, 0, 0 
153332, 508265368, 0.000, 0.000, -454.981, 250.000, 0.000, 2.350, 0, 0 
153332, 509788159, 0.000, 0.000, -454.981, 250.000, 0.000, 2.350, 0, 0 
153332, 511306987, 0.000, 0.000, -454.981, 250.000, 0.000, 2.350, 0, 0 
153332, 512834091, 0.000, 0.000, -454.981, 250.000, 0.000, 2.350, 0, 0 
153332, 514418670, 0.000, 0.000, -454.967, 250.000, 0.000, 2.350, 0, 0 
153332, 516031966, 0.000, 0.000, -454.967, 250.000, 0.000, 2.350, 0, 0 
153332, 517587375, 0.000, 0.000, -454.994, 250.000, 0.000, 2.350, 0, 0 
153332, 519102390, 0.000, 0.000, -454.967, 250.000, 0.000, 2.350, 0, 0 
153332, 520619925, 0.000, 0.000, -454.967, 250.000, 0.000, 2.350, 0, 0 
153332, 522133739, 0.000, 0.000, -454.981, 250.000, 0.000, 2.350, 0, 0 
153332, 523687629, 0.000, 0.000, -454.981, 250.000, 0.000, 2.350, 0, 0 
153332, 525201279, 0.000, 0.000, -454.981, 250.000, 0.000, 2.350, 0, 0 
153332, 526715145, 0.000, 0.000, -454.981, 250.000, 0.000, 2.350, 0, 0 
153332, 528228159, 0.000, 0.000, -454.967, 250.000, 0.000, 2.350, 0, 0 
153332, 529834644, 0.000, 0.000, -454.981, 250.000, 0.000, 2.350, 0, 0 
153332, 531354342, 0.000, 0.000, -454.994, 250.000, 0.000, 2.350, 0, 0 
153332, 532870326, 0.000, 0.000, -454.994, 250.000, 0.000, 2.350, 0, 0 
153332, 534405607, 0.000, 0.000, -454.994, 250.000, 0.000, 2.350, 0, 0 
153332, 535923884, 0.000, 0.000, -454.981, 250.000, 0.000, 2.350, 0, 0 
153332, 537439107, 0.000, 0.000, -454.994, 250.000, 0.000, 2.350, 0, 0 
153332, 538980057, 0.000, 0.000, -454.994, 250.000, 0.000, 2.350, 0, 0 
153332, 540495701, 0.000, 0.000, -454.981, 250.000, 0.000, 2.350, 0, 0 
153332, 542019181, 0.000, 0.000, -454.967, 250.000, 0.000, 2.350, 0, 0 
153332, 543538248, 0.000, 0.000, -454.981, 250.000, 0.000, 2.350, 0, 0 
153332, 545057661, 0.000, 0.000, -454.981, 250.000, 0.000, 2.350, 0, 0 
153332, 546574051, 0.000, 0.000, -454.994, 250.000, 0.000, 2.350, 0, 0 
153332, 548088238, 0.000, 0.000, -454.981, 250.000, 0.000, 2.350, 0, 0 
153332, 549605263, 0.000, 0.000, -454.981, 250.000, 0.000, 2.350, 0, 0 
153332, 551139016, 0.000, 0.000, -454.981, 250.000, 0.000, 2.350, 0, 0 
153332, 552652196, 0.000, 0.000, -454.994, 250.000, 0.000, 2.350, 0, 0 
153332, 554193714, 0.000, 0.000, -454.981, 250.000, 0.000, 2.350, 0, 0 
153332, 555708030, 0.000, 0.000, -454.994, 250.000, 0.000, 2.350, 0, 0 
153332, 557222154, 0.000, 0.000, -454.994, 250.000, 0.000, 2.350, 0, 0 
153332, 558735464, 0.000, 0.000, -454.981, 250.000, 0.000, 2.350, 0, 0 
153332, 560250114, 0.000, 0.000, -454.994, 250.000, 0.000, 2.350, 0, 0 
153332, 561764213, 0.000, 0.000, -454.994, 250.000, 0.000, 2.350, 0, 0 
153332, 563277786, 0.000, 0.000, -454.994, 250.000, 0.000, 2.350, 0, 0 
153332, 564791577, 0.000, 0.000, -454.981, 250.000, 0.000, 2.350, 0, 0 
153332, 566304921, 0.000, 0.000, -454.967, 250.000, 0.000, 2.350, 0, 0 
153332, 567818150, 0.000, 0.000, -454.967, 250.000, 0.000, 2.350, 0, 0 
153332, 569371760, 0.000, 0.000, -454.994, 250.000, 0.000, 2.350, 0, 0 
153332, 570886718, 0.000, 0.000, -454.981, 250.000, 0.000, 2.350, 0, 0 
153332, 572405322, 0.000, 0.000, -454.994, 250.000, 0.000, 2.350, 0, 0 
153332, 573921751, 0.000, 0.000, -454.981, 250.000, 0.000, 2.350, 0, 0 
153332, 575435556, 0.000, 0.000, -454.994, 250.000, 0.000, 2.350, 0, 0 
153332, 576960688, 0.000, 0.000, -454.981, 250.000, 0.000, 2.350, 0, 0 
153332, 578474306, 0.000, 0.000, -454.994, 250.000, 0.000, 2.350, 0, 0 
153332, 579990723, 0.000, 0.000, -454.994, 250.000, 0.000, 2.350, 0, 0 
153332, 581506447, 0.000, 0.000, -454.981, 250.000, 0.000, 2.350, 0, 0 
153332, 583036336, 0.000, 0.000, -454.967, 250.000, 0.000, 2.350, 0, 0 
153332, 584615578, 0.000, 0.000, -454.981, 250.000, 0.000, 2.350, 0, 0 
153332, 586131313, 0.000, 0.000, -454.967, 250.000, 0.000, 2.350, 0, 0 
153332, 587645961, 0.000, 0.000, -454.967, 250.000, 0.000, 2.350, 0, 0 
153332, 589159729, 0.000, 0.000, -454.967, 250.000, 0.000, 2.350, 0, 0 
153332, 590673100, 0.000, 0.000, -454.981, 250.000, 0.000, 2.350, 0, 0 
153332, 592189991, 0.000, 0.000, -454.967, 250.000, 0.000, 2.350, 0, 0 
153332, 593707377, 0.000, 0.000, -454.967, 250.000, 0.000, 2.350, 0, 0 
153332, 595269094, 0.000, 0.000, -454.967, 250.000, 0.000, 2.350, 0, 0 
153332, 596838204, 0.000, 0.000, -454.994, 250.000, 0.000, 2.350, 0, 0 
153332, 598353457, 0.000, 0.000, -454.967, 250.000, 0.000, 2.350, 0, 0 
153332, 599902548, 0.000, 0.000, -454.981, 250.000, 0.000, 2.350, 0, 0 
153332, 601491752, 0.000, 0.000, -454.981, 250.000, 0.000, 2.350, 0, 0 
153332, 603104756, 0.000, 0.000, -454.981, 250.000, 0.000, 2.350, 0, 0 
153332, 604620241, 0.000, 0.000, -454.994, 250.000, 0.000, 2.350, 0, 0 
153332, 606137127, 0.000, 0.000, -454.981, 250.000, 0.000, 2.350, 0, 0 
153332, 607729777, 0.000, 0.000, -454.994, 250.000, 0.000, 2.350, 0, 0 
153332, 609313311, 0.000, 0.000, -454.981, 250.000, 0.000, 2.350, 0, 0 
153332, 610921298, 0.000, 0.000, -454.967, 250.000, 0.000, 2.350, 0, 0 
153332, 612527729, 0.000, 0.000, -454.981, 250.000, 0.000, 2.350, 0, 0 
153332, 614047720, 0.000, 0.000, -454.981, 250.000, 0.000, 2.350, 0, 0 
153332, 615615131, 0.000, 0.000, -454.981, 250.000, 0.000, 2.350, 0, 0 
153332, 617134188, 0.000, 0.000, -454.967, 250.000, 0.000, 2.350, 0, 0 
153332, 618645833, 0.000, 0.000, -454.967, 250.000, 0.000, 2.350, 0, 0 
153332, 620163125, 0.000, 0.000, -454.967, 250.000, 0.000, 2.350, 0, 0 
153332, 621675969, 0.000, 0.000, -454.994, 250.000, 0.000, 2.350, 0, 0 
153332, 623190778, 0.000, 0.000, -454.981, 250.000, 0.000, 2.350, 0, 0 
153332, 624703953, 0.000, 0.000, -454.981, 250.000, 0.000, 2.350, 0, 0 
153332, 626216553, 0.000, 0.000, -454.994, 250.000, 0.000, 2.350, 0, 0 
153332, 627731933, 0.000, 0.000, -454.994, 250.000, 0.000, 2.350, 0, 0 
153332, 629245073, 0.000, 0.000, -454.981, 250.000, 0.000, 2.350, 0, 0 
153332, 630798457, 0.000, 0.000, -454.994, 250.000, 0.000, 2.350, 0, 0 
153332, 632313990, 0.000, 0.000, -454.981, 250.000, 0.000, 2.350, 0, 0 
153332, 633826753, 0.000, 0.000, -454.981, 250.000, 0.000, 2.350, 0, 0 
153332, 635339647, 0.000, 0.000, -454.994, 250.000, 0.000, 2.350, 0, 0 
153332, 636856506, 0.000, 0.000, -454.994, 250.000, 0.000, 2.350, 0, 0 
153332, 638373590, 0.000, 0.000, -454.981, 250.000, 0.000, 2.350, 0, 0 
153332, 639960720, 0.000, 0.000, -454.981, 250.000, 0.000, 2.350, 0, 0 
153332, 641545939, 0.000, 0.000, -454.967, 250.000, 0.000, 2.350, 0, 0 
153332, 643152474, 0.000, 0.000, -454.967, 250.000, 0.000, 2.350, 0, 0 
153332, 644763465, 0.000, 0.000, -454.994, 250.000, 0.000, 2.350, 0, 0 
153332, 646400483, 0.000, 0.000, -454.967, 250.000, 0.000, 2.350, 0, 0 
153332, 647939105, 0.000, 0.000, -454.967, 250.000, 0.000, 2.350, 0, 0 
153332, 649457413, 0.000, 0.000, -454.981, 250.000, 0.000, 2.350, 0, 0 
153332, 650977235, 0.000, 0.000, -454.981, 250.000, 0.000, 2.350, 0, 0 
153332, 652581078, 0.000, 0.000, -454.967, 250.000, 0.000, 2.350, 0, 0 
153332, 654187417, 0.000, 0.000, -454.994, 250.000, 0.000, 2.350, 0, 0 
153332, 655779073, 0.000, 0.000, -454.981, 250.000, 0.000, 2.350, 0, 0 
153332, 657293841, 0.000, 0.000, -454.994, 250.000, 0.000, 2.350, 0, 0 
153332, 658807492, 0.000, 0.000, -454.994, 250.000, 0.000, 2.350, 0, 0 
153332, 660323997, 0.000, 0.000, -454.981, 250.000, 0.000, 2.350, 0, 0 
153332, 661988235, 0.000, 0.000, -454.994, 250.000, 0.000, 2.350, 0, 0 
153332, 663502414, 0.000, 0.000, -454.981, 250.000, 0.000, 2.350, 0, 0 
153332, 665016971, 0.000, 0.000, -454.981, 250.000, 0.000, 2.350, 0, 0 
153332, 666530767, 0.000, 0.000, -454.981, 250.000, 0.000, 2.350, 0, 0 
153332, 668095141, 0.000, 0.000, -454.981, 250.000, 0.000, 2.350, 0, 0 
153332, 669615532, 0.000, 0.000, -454.981, 250.000, 0.000, 2.350, 0, 0 
153332, 671201945, 0.000, 0.000, -454.967, 250.000, 0.000, 2.350, 0, 0 
153332, 672791657, 0.000, 0.000, -454.981, 250.000, 0.000, 2.350, 0, 0 
153332, 674400462, 0.000, 0.000, -454.967, 250.000, 0.000, 2.350, 0, 0 
153332, 675955888, 0.000, 0.000, -454.981, 250.000, 0.000, 2.350, 0, 0 
153332, 677587496, 0.000, 0.000, -454.981, 250.000, 0.000, 2.350, 0, 0 
153332, 679156627, 0.000, 0.000, -454.981, 250.000, 0.000, 2.350, 0, 0 
153332, 680682695, 0.000, 0.000, -454.981, 250.000, 0.000, 2.350, 0, 0 
153332, 682208507, 0.000, 0.000, -454.981, 250.000, 0.000, 2.350, 0, 0 
153332, 683728726, 0.000, 0.000, -454.994, 250.000, 0.000, 2.350, 0, 0 
153332, 685322463, 0.000, 0.000, -454.967, 250.000, 0.000, 2.350, 0, 0 
153332, 686837873, 0.000, 0.000, -454.967, 250.000, 0.000, 2.350, 0, 0 
153332, 688354751, 0.000, 0.000, -454.981, 250.000, 0.000, 2.350, 0, 0 
153332, 689868069, 0.000, 0.000, -454.994, 250.000, 0.000, 2.350, 0, 0 
153332, 691441189, 0.000, 0.000, -454.981, 250.000, 0.000, 2.350, 0, 0 
153332, 693047013, 0.000, 0.000, -454.994, 250.000, 0.000, 2.350, 0, 0 
153332, 694565316, 0.000, 0.000, -454.981, 250.000, 0.000, 2.350, 0, 0 
153332, 696125574, 0.000, 0.000, -454.981, 250.000, 0.000, 2.350, 0, 0 
153332, 697684039, 0.000, 0.000, -454.994, 250.000, 0.000, 2.350, 0, 0 
153332, 699239643, 0.000, 0.000, -454.967, 250.000, 0.000, 2.350, 0, 0 
153332, 700756507, 0.000, 0.000, -454.994, 250.000, 0.000, 2.350, 0, 0 
153332, 702275986, 0.000, 0.000, -454.981, 250.000, 0.000, 2.350, 0, 0 
153332, 703790091, 0.000, 0.000, -454.994, 250.000, 0.000, 2.350, 0, 0 
153332, 705396171, 0.000, 0.000, -454.981, 250.000, 0.000, 2.350, 0, 0 
153332, 707005254, 0.000, 0.000, -454.994, 250.000, 0.000, 2.350, 0, 0 
153332, 708626176, 0.000, 0.000, -454.994, 250.000, 0.000, 2.350, 0, 0 
153332, 710217070, 0.000, 0.000, -454.994, 250.000, 0.000, 2.350, 0, 0 
153332, 711740612, 0.000, 0.000, -454.981, 250.000, 0.000, 2.350, 0, 0 
153332, 713265159, 0.000, 0.000, -454.994, 250.000, 0.000, 2.350, 0, 0 
153332, 714792997, 0.000, 0.000, -454.981, 250.000, 0.000, 2.350, 0, 0 
153332, 716314540, 0.000, 0.000, -454.981, 250.000, 0.000, 2.350, 0, 0 
153332, 717862585, 0.000, 0.000, -454.994, 250.000, 0.000, 2.350, 0, 0 
153332, 719376324, 0.000, 0.000, -454.981, 250.000, 0.000, 2.350, 0, 0 
153332, 720889652, 0.000, 0.000, -454.981, 250.000, 0.000, 2.350, 0, 0 
153332, 722402626, 0.000, 0.000, -454.967, 250.000, 0.000, 2.350, 0, 0 
153332, 724056710, 0.000, 0.000, -454.981, 250.000, 0.000, 2.350, 0, 0 
153332, 725577020, 0.000, 0.000, -454.981, 250.000, 0.000, 2.350, 0, 0 
153332, 727091409, 0.000, 0.000, -454.981, 250.000, 0.000, 2.350, 0, 0 
153332, 728644389, 0.000, 0.000, -454.981, 250.000, 0.000, 2.350, 0, 0 
153332, 730162915, 0.000, 0.000, -454.981, 250.000, 0.000, 2.350, 0, 0 
153332, 731675509, 0.000, 0.000, -454.967, 250.000, 0.000, 2.350, 0, 0 
153332, 733193212, 0.000, 0.000, -454.994, 250.000, 0.000, 2.350, 0, 0 
153332, 734768742, 0.000, 0.000, -454.967, 250.000, 0.000, 2.350, 0, 0 
153332, 736381378, 0.000, 0.000, -454.981, 250.000, 0.000, 2.350, 0, 0 
153332, 737895742, 0.000, 0.000, -454.981, 250.000, 0.000, 2.350, 0, 0 
153332, 739448798, 0.000, 0.000, -454.994, 250.000, 0.000, 2.350, 0, 0 
153332, 740962223, 0.000, 0.000, -454.981, 250.000, 0.000, 2.350, 0, 0 
153332, 742474669, 0.000, 0.000, -454.981, 250.000, 0.000, 2.350, 0, 0 
153332, 743988135, 0.000, 0.000, -454.981, 250.000, 0.000, 2.350, 0, 0 
153332, 745501562, 0.000, 0.000, -454.994, 250.000, 0.000, 2.350, 0, 0 
153332, 747016399, 0.000, 0.000, -454.967, 250.000, 0.000, 2.350, 0, 0 
153332, 748532072, 0.000, 0.000, -454.967, 250.000, 0.000, 2.350, 0, 0 
153332, 750073404, 0.000, 0.000, -454.981, 250.000, 0.000, 2.350, 0, 0 
153332, 751645431, 0.000, 0.000, -454.967, 250.000, 0.000, 2.350, 0, 0 
153332, 753203530, 0.000, 0.000, -454.994, 250.000, 0.000, 2.350, 0, 0 
153332, 754804775, 0.000, 0.000, -454.981, 250.000, 0.000, 2.350, 0, 0 
153332, 756358323, 0.000, 0.000, -454.967, 250.000, 0.000, 2.350, 0, 0 
153332, 757951567, 0.000, 0.000, -454.981, 250.000, 0.000, 2.350, 0, 0 
153332, 759501960, 0.000, 0.000, -454.981, 250.000, 0.000, 2.350, 0, 0 
153332, 761021745, 0.000, 0.000, -454.981, 250.000, 0.000, 2.350, 0, 0 
153332, 762542206, 0.000, 0.000, -454.981, 250.000, 0.000, 2.350, 0, 0 
153332, 764064942, 0.000, 0.000, -454.994, 250.000, 0.000, 2.350, 0, 0 
153332, 765582076, 0.000, 0.000, -454.967, 250.000, 0.000, 2.350, 0, 0 
153332, 767163087, 0.000, 0.000, -454.994, 250.000, 0.000, 2.350, 0, 0 
153332, 768772131, 0.000, 0.000, -454.981, 250.000, 0.000, 2.350, 0, 0 
153332, 770396227, 0.000, 0.000, -454.981, 250.000, 0.000, 2.350, 0, 0 
153332, 771987328, 0.000, 0.000, -454.981, 250.000, 0.000, 2.350, 0, 0 
153332, 773567357, 0.000, 0.000, -454.994, 250.000, 0.000, 2.350, 0, 0 
153332, 775177206, 0.000, 0.000, -454.981, 250.000, 0.000, 2.350, 0, 0 
153332, 776784007, 0.000, 0.000, -454.981, 250.000, 0.000, 2.350, 0, 0 
153332, 778388188, 0.000, 0.000, -454.994, 250.000, 0.000, 2.350, 0, 0 
153332, 779911869, 0.000, 0.000, -454.981, 250.000, 0.000, 2.350, 0, 0 
153332, 781436201, 0.000, 0.000, -454.981, 250.000, 0.000, 2.350, 0, 0 
153332, 783015159, 0.000, 0.000, -454.981, 250.000, 0.000, 2.350, 0, 0 
153332, 784568603, 0.000, 0.000, -454.994, 250.000, 0.000, 2.350, 0, 0 
153332, 786138765, 0.000, 0.000, -454.967, 250.000, 0.000, 2.350, 0, 0 
153332, 787654035, 0.000, 0.000, -454.981, 250.000, 0.000, 2.350, 0, 0 
153332, 789173045, 0.000, 0.000, -454.981, 250.000, 0.000, 2.350, 0, 0 
153332, 790768134, 0.000, 0.000, -454.981, 250.000, 0.000, 2.350, 0, 0 
153332, 792362645, 0.000, 0.000, -454.994, 250.000, 0.000, 2.350, 0, 0 
153332, 793896859, 0.000, 0.000, -454.981, 250.000, 0.000, 2.350, 0, 0 
153332, 795421411, 0.000, 0.000, -454.994, 250.000, 0.000, 2.350, 0, 0 
153332, 797009708, 0.000, 0.000, -454.994, 250.000, 0.000, 2.350, 0, 0 
153332, 798524978, 0.000, 0.000, -454.981, 250.000, 0.000, 2.350, 0, 0 
153332, 800112016, 0.000, 0.000, -454.981, 250.000, 0.000, 2.350, 0, 0 
153332, 801719970, 0.000, 0.000, -454.994, 250.000, 0.000, 2.350, 0, 0 
153332, 803276177, 0.000, 0.000, -454.967, 250.000, 0.000, 2.350, 0, 0 
153332, 804867328, 0.000, 0.000, -454.967, 250.000, 0.000, 2.350, 0, 0 
153332, 806412974, 0.000, 0.000, -454.981, 250.000, 0.000, 2.350, 0, 0 
153332, 808022375, 0.000, 0.000, -454.981, 250.000, 0.000, 2.350, 0, 0 
153332, 809575479, 0.000, 0.000, -454.994, 250.000, 0.000, 2.350, 0, 0 
153332, 811099338, 0.000, 0.000, -454.981, 250.000, 0.000, 2.350, 0, 0 
153332, 812614295, 0.000, 0.000, -454.994, 250.000, 0.000, 2.350, 0, 0 
153332, 814132520, 0.000, 0.000, -454.994, 250.000, 0.000, 2.350, 0, 0 
153332, 815687490, 0.000, 0.000, -454.981, 250.000, 0.000, 2.350, 0, 0 
153332, 817351114, 0.000, 0.000, -454.994, 250.000, 0.000, 2.350, 0, 0 
153332, 818868066, 0.000, 0.000, -454.994, 250.000, 0.000, 2.350, 0, 0 
153332, 820444866, 0.000, 0.000, -454.994, 250.000, 0.000, 2.350, 0, 0 
153332, 822052119, 0.000, 0.000, -454.994, 250.000, 0.000, 2.350, 0, 0 
153332, 823650249, 0.000, 0.000, -454.981, 250.000, 0.000, 2.350, 0, 0 
153332, 825204600, 0.000, 0.000, -454.981, 250.000, 0.000, 2.350, 0, 0 
153332, 826729466, 0.000, 0.000, -454.994, 250.000, 0.000, 2.350, 0, 0 
153332, 828247342, 0.000, 0.000, -454.981, 250.000, 0.000, 2.350, 0, 0 
153332, 829844198, 0.000, 0.000, -454.994, 250.000, 0.000, 2.350, 0, 0 
153332, 831382725, 0.000, 0.000, -454.981, 250.000, 0.000, 2.350, 0, 0 
153332, 832959896, 0.000, 0.000, -454.994, 250.000, 0.000, 2.350, 0, 0 
153332, 834504924, 0.000, 0.000, -454.967, 250.000, 0.000, 2.350, 0, 0 
153332, 836021459, 0.000, 0.000, -454.994, 250.000, 0.000, 2.350, 0, 0 
153332, 837591463, 0.000, 0.000, -454.994, 250.000, 0.000, 2.350, 0, 0 
153332, 839194350, 0.000, 0.000, -454.967, 250.000, 0.000, 2.350, 0, 0 
153332, 840709304, 0.000, 0.000, -454.981, 250.000, 0.000, 2.350, 0, 0 
153332, 842222861, 0.000, 0.000, -454.981, 250.000, 0.000, 2.350, 0, 0 
153332, 843735944, 0.000, 0.000, -454.967, 250.000, 0.000, 2.350, 0, 0 
153332, 845354547, 0.000, 0.000, -454.981, 250.000, 0.000, 2.350, 0, 0 
153332, 846963425, 0.000, 0.000, -454.981, 250.000, 0.000, 2.350, 0, 0 
153332, 848586687, 0.000, 0.000, -454.981, 250.000, 0.000, 2.350, 0, 0 
153332, 850101854, 0.000, 0.000, -454.994, 250.000, 0.000, 2.350, 0, 0 
153332, 851630475, 0.000, 0.000, -454.981, 250.000, 0.000, 2.350, 0, 0 
153332, 853143215, 0.000, 0.000, -454.981, 250.000, 0.000, 2.350, 0, 0 
153332, 854749767, 0.000, 0.000, -454.981, 250.000, 0.000, 2.350, 0, 0 
153332, 856312284, 0.000, 0.000, -454.981, 250.000, 0.000, 2.350, 0, 0 
153332, 857831280, 0.000, 0.000, -454.981, 250.000, 0.000, 2.350, 0, 0 
153332, 859349134, 0.000, 0.000, -454.994, 250.000, 0.000, 2.350, 0, 0 
153332, 860895679, 0.000, 0.000, -454.967, 250.000, 0.000, 2.350, 0, 0 
153332, 862475360, 0.000, 0.000, -454.981, 250.000, 0.000, 2.350, 0, 0 
153332, 864114616, 0.000, 0.000, -454.994, 250.000, 0.000, 2.350, 0, 0 
153332, 865630778, 0.000, 0.000, -454.981, 250.000, 0.000, 2.350, 0, 0 
153332, 867155111, 0.000, 0.000, -454.994, 250.000, 0.000, 2.350, 0, 0 
153332, 868711668, 0.000, 0.000, -454.994, 250.000, 0.000, 2.350, 0, 0 
153332, 870262085, 0.000, 0.000, -454.967, 250.000, 0.000, 2.350, 0, 0 
153332, 871825667, 0.000, 0.000, -454.994, 250.000, 0.000, 2.350, 0, 0 
153332, 873375492, 0.000, 0.000, -454.981, 250.000, 0.000, 2.350, 0, 0 
153332, 874942314, 0.000, 0.000, -454.981, 250.000, 0.000, 2.350, 0, 0 
153332, 876533676, 0.000, 0.000, -454.981, 250.000, 0.000, 2.350, 0, 0 
153332, 878050328, 0.000, 0.000, -454.981, 250.000, 0.000, 2.350, 0, 0 
153332, 879674630, 0.000, 0.000, -454.981, 250.000, 0.000, 2.350, 0, 0 
153332, 881266954, 0.000, 0.000, -454.994, 250.000, 0.000, 2.350, 0, 0 
153332, 882780132, 0.000, 0.000, -454.981, 250.000, 0.000, 2.350, 0, 0 
153332, 884296418, 0.000, 0.000, -454.994, 250.000, 0.000, 2.350, 0, 0 
153332, 885828904, 0.000, 0.000, -454.994, 250.000, 0.000, 2.350, 0, 0 
153332, 887342570, 0.000, 0.000, -454.967, 250.000, 0.000, 2.350, 0, 0 
153332, 888854943, 0.000, 0.000, -454.981, 250.000, 0.000, 2.350, 0, 0 
153332, 890364023, 0.000, 0.000, -454.981, 250.000, 0.000, 2.350, 0, 0 
153332, 891879781, 0.000, 0.000, -454.994, 250.000, 0.000, 2.350, 0, 0 
153332, 893405715, 0.000, 0.000, -454.981, 250.000, 0.000, 2.350, 0, 0 
153332, 894960231, 0.000, 0.000, -454.994, 250.000, 0.000, 2.350, 0, 0 
153332, 896476643, 0.000, 0.000, -454.994, 250.000, 0.000, 2.350, 0, 0 
153332, 897993664, 0.000, 0.000, -454.994, 250.000, 0.000, 2.350, 0, 0 
153332, 899570430, 0.000, 0.000, -454.981, 250.000, 0.000, 2.350, 0, 0 
153332, 901085830, 0.000, 0.000, -454.967, 250.000, 0.000, 2.350, 0, 0 
153332, 902599401, 0.000, 0.000, -454.981, 250.000, 0.000, 2.350, 0, 0 
153332, 904169514, 0.000, 0.000, -454.953, 250.000, 0.000, 2.350, 0, 0 
153332, 905763102, 0.000, 0.000, -454.981, 250.000, 0.000, 2.350, 0, 0 
153332, 907277956, 0.000, 0.000, -454.994, 250.000, 0.000, 2.350, 0, 0 
153332, 908792358, 0.000, 0.000, -454.994, 250.000, 0.000, 2.350, 0, 0 
153332, 910337902, 0.000, 0.000, -454.981, 250.000, 0.000, 2.350, 0, 0 
153332, 911947356, 0.000, 0.000, -454.967, 250.000, 0.000, 2.350, 0, 0 
153332, 913462499, 0.000, 0.000, -454.967, 250.000, 0.000, 2.350, 0, 0 
153332, 914976314, 0.000, 0.000, -454.994, 250.000, 0.000, 2.350, 0, 0 
153332, 916530232, 0.000, 0.000, -454.994, 250.000, 0.000, 2.350, 0, 0 
153332, 918043982, 0.000, 0.000, -454.981, 250.000, 0.000, 2.350, 0, 0 
153332, 919557423, 0.000, 0.000, -454.967, 250.000, 0.000, 2.350, 0, 0 
153332, 921071431, 0.000, 0.000, -454.981, 250.000, 0.000, 2.350, 0, 0 
153332, 922585711, 0.000, 0.000, -454.994, 250.000, 0.000, 2.350, 0, 0 
153332, 924095718, 0.000, 0.000, -454.981, 250.000, 0.000, 2.350, 0, 0 
153332, 925671049, 0.000, 0.000, -454.967, 250.000, 0.000, 2.350, 0, 0 
153332, 927272769, 0.000, 0.000, -454.981, 250.000, 0.000, 2.350, 0, 0 
153332, 928787408, 0.000, 0.000, -454.981, 250.000, 0.000, 2.350, 0, 0 
153332, 930301761, 0.000, 0.000, -454.981, 250.000, 0.000, 2.350, 0, 0 
153332, 931827264, 0.000, 0.000, -454.967, 250.000, 0.000, 2.350, 0, 0 
153332, 933352085, 0.000, 0.000, -454.967, 250.000, 0.000, 2.350, 0, 0 
153332, 934871093, 0.000, 0.000, -454.981, 250.000, 0.000, 2.350, 0, 0 
153332, 936392109, 0.000, 0.000, -454.994, 250.000, 0.000, 2.350, 0, 0 
153332, 937939690, 0.000, 0.000, -454.994, 250.000, 0.000, 2.350, 0, 0 
153332, 939541734, 0.000, 0.000, -454.981, 250.000, 0.000, 2.350, 0, 0 
153332, 941193456, 0.000, 0.000, -454.967, 250.000, 0.000, 2.350, 0, 0 
153332, 942743427, 0.000, 0.000, -454.981, 250.000, 0.000, 2.350, 0, 0 
153332, 944260973, 0.000, 0.000, -454.981, 250.000, 0.000, 2.350, 0, 0 
153332, 945874898, 0.000, 0.000, -454.994, 250.000, 0.000, 2.350, 0, 0 
153332, 947475538, 0.000, 0.000, -454.994, 250.000, 0.000, 2.350, 0, 0 
153332, 949084795, 0.000, 0.000, -454.981, 250.000, 0.000, 2.350, 0, 0 
153332, 950690981, 0.000, 0.000, -454.981, 250.000, 0.000, 2.350, 0, 0 
153332, 952300867, 0.000, 0.000, -454.981, 250.000, 0.000, 2.350, 0, 0 
153332, 953907607, 0.000, 0.000, -454.994, 250.000, 0.000, 2.350, 0, 0 
153332, 955429364, 0.000, 0.000, -454.994, 250.000, 0.000, 2.350, 0, 0 
153332, 957006753, 0.000, 0.000, -454.981, 250.000, 0.000, 2.350, 0, 0 
153332, 958522664, 0.000, 0.000, -454.994, 250.000, 0.000, 2.350, 0, 0 
153332, 960041237, 0.000, 0.000, -454.981, 250.000, 0.000, 2.350, 0, 0 
153332, 961642174, 0.000, 0.000, -454.994, 250.000, 0.000, 2.350, 0, 0 
153332, 963156873, 0.000, 0.000, -454.981, 250.000, 0.000, 2.350, 0, 0 
153332, 964680915, 0.000, 0.000, -454.994, 250.000, 0.000, 2.350, 0, 0 
153332, 966213693, 0.000, 0.000, -454.981, 250.000, 0.000, 2.350, 0, 0 
153332, 967792682, 0.000, 0.000, -454.981, 250.000, 0.000, 2.350, 0, 0 
153332, 969366453, 0.000, 0.000, -454.981, 250.000, 0.000, 2.350, 0, 0 
153332, 970879429, 0.000, 0.000, -454.981, 250.000, 0.000, 2.350, 0, 0 
153332, 972438483, 0.000, 0.000, -454.967, 250.000, 0.000, 2.350, 0, 0 
153332, 974010410, 0.000, 0.000, -454.994, 250.000, 0.000, 2.350, 0, 0 
153332, 975529511, 0.000, 0.000, -454.967, 250.000, 0.000, 2.350, 0, 0 
153332, 977049573, 0.000, 0.000, -454.981, 250.000, 0.000, 2.350, 0, 0 
153332, 978657443, 0.000, 0.000, -454.981, 250.000, 0.000, 2.350, 0, 0 
153332, 980260931, 0.000, 0.000, -454.994, 250.000, 0.000, 2.350, 0, 0 
153332, 981859337, 0.000, 0.000, -454.994, 250.000, 0.000, 2.350, 0, 0 
153332, 983391479, 0.000, 0.000, -454.994, 250.000, 0.000, 2.350, 0, 0 
153332, 984905245, 0.000, 0.000, -454.981, 250.000, 0.000, 2.350, 0, 0 
153332, 986418233, 0.000, 0.000, -454.981, 250.000, 0.000, 2.350, 0, 0 
153332, 987979572, 0.000, 0.000, -454.994, 250.000, 0.000, 2.350, 0, 0 
153332, 989497165, 0.000, 0.000, -454.994, 250.000, 0.000, 2.350, 0, 0 
153332, 991020405, 0.000, 0.000, -454.967, 250.000, 0.000, 2.350, 0, 0 
153332, 992537081, 0.000, 0.000, -454.994, 250.000, 0.000, 2.350, 0, 0 
153332, 994051411, 0.000, 0.000, -454.994, 250.000, 0.000, 2.350, 0, 0 
153332, 995565253, 0.000, 0.000, -454.981, 250.000, 0.000, 2.350, 0, 0 
153332, 997076978, 0.000, 0.000, -454.981, 250.000, 0.000, 2.350, 0, 0 
153332, 998590593, 0.000, 0.000, -454.981, 250.000, 0.000, 2.350, 0, 0 
153333, 113771, 0.000, 0.000, -454.967, 250.000, 0.000, 2.350, 0, 0 
153333, 1630328, 0.000, 0.000, -454.981, 250.000, 0.000, 2.350, 0, 0 
153333, 3183683, 0.000, 0.000, -454.994, 250.000, 0.000, 2.350, 0, 0 
153333, 4697209, 0.000, 0.000, -454.994, 250.000, 0.000, 2.350, 0, 0 
153333, 6261738, 0.000, 0.000, -454.994, 250.000, 0.000, 2.350, 0, 0 
153333, 7774910, 0.000, 0.000, -454.981, 250.000, 0.000, 2.350, 0, 0 
153333, 9288506, 0.000, 0.000, -454.967, 250.000, 0.000, 2.350, 0, 0 
153333, 10800213, 0.000, 0.000, -454.967, 250.000, 0.000, 2.350, 0, 0 
153333, 12315676, 0.000, 0.000, -454.967, 250.000, 0.000, 2.350, 0, 0 
153333, 13913719, 0.000, 0.000, -454.994, 250.000, 0.000, 2.350, 0, 0 
153333, 15428213, 0.000, 0.000, -454.994, 250.000, 0.000, 2.350, 0, 0 
153333, 17029021, 0.000, 0.000, -454.994, 250.000, 0.000, 2.350, 0, 0 
153333, 18623884, 0.000, 0.000, -454.981, 250.000, 0.000, 2.350, 0, 0 
153333, 20140494, 0.000, 0.000, -454.994, 250.000, 0.000, 2.350, 0, 0 
153333, 21658213, 0.000, 0.000, -454.994, 250.000, 0.000, 2.350, 0, 0 
153333, 23177823, 0.000, 0.000, -454.967, 250.000, 0.000, 2.350, 0, 0 
153333, 24693438, 0.000, 0.000, -454.994, 250.000, 0.000, 2.350, 0, 0 
153333, 26260609, 0.000, 0.000, -455.008, 250.000, 0.000, 2.350, 0, 0 
153333, 27842483, 0.000, 0.000, -454.981, 250.000, 0.000, 2.350, 0, 0 
153333, 29439464, 0.000, 0.000, -454.981, 250.000, 0.000, 2.350, 0, 0 
153333, 31024016, 0.000, 0.000, -454.967, 250.000, 0.000, 2.350, 0, 0 
153333, 32551339, 0.000, 0.000, -454.967, 250.000, 0.000, 2.350, 0, 0 
153333, 34110582, 0.000, 0.000, -454.981, 250.000, 0.000, 2.350, 0, 0 
153333, 35626291, 0.000, 0.000, -454.994, 250.000, 0.000, 2.350, 0, 0 
153333, 37140225, 0.000, 0.000, -454.981, 250.000, 0.000, 2.350, 0, 0 
153333, 38654647, 0.000, 0.000, -454.981, 250.000, 0.000, 2.350, 0, 0 
153333, 40169600, 0.000, 0.000, -454.967, 250.000, 0.000, 2.350, 0, 0 
153333, 41683792, 0.000, 0.000, -454.981, 250.000, 0.000, 2.350, 0, 0 
153333, 43198230, 0.000, 0.000, -454.994, 250.000, 0.000, 2.350, 0, 0 
153333, 44712626, 0.000, 0.000, -454.981, 250.000, 0.000, 2.350, 0, 0 
153333, 46227215, 0.000, 0.000, -454.981, 250.000, 0.000, 2.350, 0, 0 
153333, 47743192, 0.000, 0.000, -454.994, 250.000, 0.000, 2.350, 0, 0 
153333, 49301959, 0.000, 0.000, -454.994, 250.000, 0.000, 2.350, 0, 0 
153333, 50886908, 0.000, 0.000, -454.994, 250.000, 0.000, 2.350, 0, 0 
153333, 52479792, 0.000, 0.000, -454.994, 250.000, 0.000, 2.350, 0, 0 
153333, 53995064, 0.000, 0.000, -454.994, 250.000, 0.000, 2.350, 0, 0 
153333, 55518243, 0.000, 0.000, -454.981, 250.000, 0.000, 2.350, 0, 0 
153333, 57034553, 0.000, 0.000, -454.981, 250.000, 0.000, 2.350, 0, 0 
153333, 58640101, 0.000, 0.000, -454.981, 250.000, 0.000, 2.350, 0, 0 
153333, 60152083, 0.000, 0.000, -454.981, 250.000, 0.000, 2.350, 0, 0 
153333, 61760075, 0.000, 0.000, -454.981, 250.000, 0.000, 2.350, 0, 0 
153333, 63366423, 0.000, 0.000, -454.981, 250.000, 0.000, 2.350, 0, 0 
153333, 64931142, 0.000, 0.000, -454.981, 250.000, 0.000, 2.350, 0, 0 
153333, 66451377, 0.000, 0.000, -454.967, 250.000, 0.000, 2.350, 0, 0 
153333, 67979688, 0.000, 0.000, -454.981, 250.000, 0.000, 2.350, 0, 0 
153333, 69493164, 0.000, 0.000, -454.967, 250.000, 0.000, 2.350, 0, 0 
153333, 71004885, 0.000, 0.000, -454.981, 250.000, 0.000, 2.350, 0, 0 
153333, 72516381, 0.000, 0.000, -454.981, 250.000, 0.000, 2.350, 0, 0 
153333, 74055662, 0.000, 0.000, -454.967, 250.000, 0.000, 2.350, 0, 0 
153333, 75595273, 0.000, 0.000, -454.981, 250.000, 0.000, 2.350, 0, 0 
153333, 77189860, 0.000, 0.000, -454.981, 250.000, 0.000, 2.350, 0, 0 
153333, 78783283, 0.000, 0.000, -454.994, 250.000, 0.000, 2.350, 0, 0 
153333, 80406450, 0.000, 0.000, -454.967, 250.000, 0.000, 2.350, 0, 0 
153333, 82001839, 0.000, 0.000, -454.981, 250.000, 0.000, 2.350, 0, 0 
153333, 83580084, 0.000, 0.000, -454.967, 250.000, 0.000, 2.350, 0, 0 
153333, 85104538, 0.000, 0.000, -454.981, 250.000, 0.000, 2.350, 0, 0 
153333, 86628043, 0.000, 0.000, -454.981, 250.000, 0.000, 2.350, 0, 0 
153333, 88206792, 0.000, 0.000, -454.967, 250.000, 0.000, 2.350, 0, 0 
153333, 89721700, 0.000, 0.000, -454.967, 250.000, 0.000, 2.350, 0, 0 
153333, 91235111, 0.000, 0.000, -454.981, 250.000, 0.000, 2.350, 0, 0 
153333, 92750466, 0.000, 0.000, -454.981, 250.000, 0.000, 2.350, 0, 0 
153333, 94262028, 0.000, 0.000, -454.994, 250.000, 0.000, 2.350, 0, 0 
153333, 95813944, 0.000, 0.000, -454.967, 250.000, 0.000, 2.350, 0, 0 
153333, 97331931, 0.000, 0.000, -454.994, 250.000, 0.000, 2.350, 0, 0 
153333, 98848726, 0.000, 0.000, -454.967, 250.000, 0.000, 2.350, 0, 0 
153333, 100361514, 0.000, 0.000, -454.967, 250.000, 0.000, 2.350, 0, 0 
153333, 101891791, 0.000, 0.000, -454.994, 250.000, 0.000, 2.350, 0, 0 
153333, 103481454, 0.000, 0.000, -454.981, 250.000, 0.000, 2.350, 0, 0 
153333, 104995985, 0.000, 0.000, -454.994, 250.000, 0.000, 2.350, 0, 0 
153333, 106566419, 0.000, 0.000, -454.994, 250.000, 0.000, 2.350, 0, 0 
153333, 108077720, 0.000, 0.000, -454.981, 250.000, 0.000, 2.350, 0, 0 
153333, 109592054, 0.000, 0.000, -454.981, 250.000, 0.000, 2.350, 0, 0 
153333, 111148822, 0.000, 0.000, -454.981, 250.000, 0.000, 2.350, 0, 0 
153333, 112736300, 0.000, 0.000, -454.994, 250.000, 0.000, 2.350, 0, 0 
153333, 114249081, 0.000, 0.000, -454.981, 250.000, 0.000, 2.350, 0, 0 
153333, 115761944, 0.000, 0.000, -454.967, 250.000, 0.000, 2.350, 0, 0 
153333, 117277361, 0.000, 0.000, -454.981, 250.000, 0.000, 2.350, 0, 0 
153333, 118799612, 0.000, 0.000, -454.981, 250.000, 0.000, 2.350, 0, 0 
153333, 120329697, 0.000, 0.000, -454.981, 250.000, 0.000, 2.350, 0, 0 
153333, 121848060, 0.000, 0.000, -454.967, 250.000, 0.000, 2.350, 0, 0 
153333, 123431118, 0.000, 0.000, -454.981, 250.000, 0.000, 2.350, 0, 0 
153333, 125037044, 0.000, 0.000, -454.967, 250.000, 0.000, 2.350, 0, 0 
153333, 126691879, 0.000, 0.000, -454.967, 250.000, 0.000, 2.350, 0, 0 
153333, 128300759, 0.000, 0.000, -454.967, 250.000, 0.000, 2.350, 0, 0 
153333, 129912232, 0.000, 0.000, -454.994, 250.000, 0.000, 2.350, 0, 0 
153333, 131440037, 0.000, 0.000, -454.981, 250.000, 0.000, 2.350, 0, 0 
153333, 132964087, 0.000, 0.000, -454.967, 250.000, 0.000, 2.350, 0, 0 
153333, 134525585, 0.000, 0.000, -454.981, 250.000, 0.000, 2.350, 0, 0 
153333, 136041899, 0.000, 0.000, -454.967, 250.000, 0.000, 2.350, 0, 0 
153333, 137554983, 0.000, 0.000, -454.994, 250.000, 0.000, 2.350, 0, 0 
153333, 139068123, 0.000, 0.000, -454.994, 250.000, 0.000, 2.350, 0, 0 
153333, 140637171, 0.000, 0.000, -454.994, 250.000, 0.000, 2.350, 0, 0 
153333, 142278576, 0.000, 0.000, -454.994, 250.000, 0.000, 2.350, 0, 0 
153333, 143871736, 0.000, 0.000, -454.967, 250.000, 0.000, 2.350, 0, 0 
153333, 145386263, 0.000, 0.000, -454.981, 250.000, 0.000, 2.350, 0, 0 
153333, 146899429, 0.000, 0.000, -454.981, 250.000, 0.000, 2.350, 0, 0 
153333, 148413722, 0.000, 0.000, -454.994, 250.000, 0.000, 2.350, 0, 0 
153333, 149937831, 0.000, 0.000, -454.981, 250.000, 0.000, 2.350, 0, 0 
153333, 151457388, 0.000, 0.000, -454.981, 250.000, 0.000, 2.350, 0, 0 
153333, 153042921, 0.000, 0.000, -454.994, 250.000, 0.000, 2.350, 0, 0 
153333, 154644233, 0.000, 0.000, -454.981, 250.000, 0.000, 2.350, 0, 0 
153333, 156254716, 0.000, 0.000, -454.981, 250.000, 0.000, 2.350, 0, 0 
153333, 157901812, 0.000, 0.000, -454.981, 250.000, 0.000, 2.350, 0, 0 
153333, 159503608, 0.000, 0.000, -454.981, 250.000, 0.000, 2.350, 0, 0 
153333, 161039566, 0.000, 0.000, -454.981, 250.000, 0.000, 2.350, 0, 0 
153333, 162638841, 0.000, 0.000, -454.981, 250.000, 0.000, 2.350, 0, 0 
153333, 164242275, 0.000, 0.000, -454.981, 250.000, 0.000, 2.350, 0, 0 
153333, 165767349, 0.000, 0.000, -454.994, 250.000, 0.000, 2.350, 0, 0 
153333, 167285206, 0.000, 0.000, -454.981, 250.000, 0.000, 2.350, 0, 0 
153333, 168804024, 0.000, 0.000, -454.981, 250.000, 0.000, 2.350, 0, 0 
153333, 170407487, 0.000, 0.000, -454.981, 250.000, 0.000, 2.350, 0, 0 
153333, 171920124, 0.000, 0.000, -454.994, 250.000, 0.000, 2.350, 0, 0 
153333, 173475900, 0.000, 0.000, -454.994, 250.000, 0.000, 2.350, 0, 0 
153333, 174988285, 0.000, 0.000, -454.981, 250.000, 0.000, 2.350, 0, 0 
153333, 176558916, 0.000, 0.000, -454.981, 250.000, 0.000, 2.350, 0, 0 
153333, 178073645, 0.000, 0.000, -454.994, 250.000, 0.000, 2.350, 0, 0 
153333, 179587869, 0.000, 0.000, -454.981, 250.000, 0.000, 2.350, 0, 0 
153333, 181121763, 0.000, 0.000, -454.994, 250.000, 0.000, 2.350, 0, 0 
153333, 182646859, 0.000, 0.000, -454.981, 250.000, 0.000, 2.350, 0, 0 
153333, 184162581, 0.000, 0.000, -454.967, 250.000, 0.000, 2.350, 0, 0 
153333, 185746717, 0.000, 0.000, -454.994, 250.000, 0.000, 2.350, 0, 0 
153333, 187263067, 0.000, 0.000, -454.994, 250.000, 0.000, 2.350, 0, 0 
153333, 188882920, 0.000, 0.000, -454.994, 250.000, 0.000, 2.350, 0, 0 
153333, 190487374, 0.000, 0.000, -454.981, 250.000, 0.000, 2.350, 0, 0 
153333, 192039952, 0.000, 0.000, -454.981, 250.000, 0.000, 2.350, 0, 0 
153333, 193554245, 0.000, 0.000, -454.994, 250.000, 0.000, 2.350, 0, 0 
153333, 195070492, 0.000, 0.000, -454.994, 250.000, 0.000, 2.350, 0, 0 
153333, 196583968, 0.000, 0.000, -454.967, 250.000, 0.000, 2.350, 0, 0 
153333, 198097359, 0.000, 0.000, -454.981, 250.000, 0.000, 2.350, 0, 0 
153333, 199612013, 0.000, 0.000, -454.981, 250.000, 0.000, 2.350, 0, 0 
153333, 201177932, 0.000, 0.000, -454.981, 250.000, 0.000, 2.350, 0, 0 
153333, 202770464, 0.000, 0.000, -454.967, 250.000, 0.000, 2.350, 0, 0 
153333, 204407221, 0.000, 0.000, -454.967, 250.000, 0.000, 2.350, 0, 0 
153333, 206000026, 0.000, 0.000, -454.967, 250.000, 0.000, 2.350, 0, 0 
153333, 207571218, 0.000, 0.000, -454.994, 250.000, 0.000, 2.350, 0, 0 
153333, 209164866, 0.000, 0.000, -454.994, 250.000, 0.000, 2.350, 0, 0 
153333, 210687829, 0.000, 0.000, -454.981, 250.000, 0.000, 2.350, 0, 0 
153333, 212206187, 0.000, 0.000, -454.994, 250.000, 0.000, 2.350, 0, 0 
153333, 213771682, 0.000, 0.000, -454.967, 250.000, 0.000, 2.350, 0, 0 
153333, 215296958, 0.000, 0.000, -454.981, 250.000, 0.000, 2.350, 0, 0 
153333, 216879628, 0.000, 0.000, -454.981, 250.000, 0.000, 2.350, 0, 0 
153333, 218480684, 0.000, 0.000, -454.981, 250.000, 0.000, 2.350, 0, 0 
153333, 220142331, 0.000, 0.000, -454.981, 250.000, 0.000, 2.350, 0, 0 
153333, 221752863, 0.000, 0.000, -454.967, 250.000, 0.000, 2.350, 0, 0 
153333, 223360057, 0.000, 0.000, -454.994, 250.000, 0.000, 2.350, 0, 0 
153333, 224874761, 0.000, 0.000, -454.981, 250.000, 0.000, 2.350, 0, 0 
153333, 226472462, 0.000, 0.000, -454.981, 250.000, 0.000, 2.350, 0, 0 
153333, 227986489, 0.000, 0.000, -454.981, 250.000, 0.000, 2.350, 0, 0 
153333, 229500000, 0.000, 0.000, -454.994, 250.000, 0.000, 2.350, 0, 0 
153333, 231012901, 0.000, 0.000, -454.994, 250.000, 0.000, 2.350, 0, 0 
153333, 232533943, 0.000, 0.000, -454.994, 250.000, 0.000, 2.350, 0, 0 
153333, 234056823, 0.000, 0.000, -454.994, 250.000, 0.000, 2.350, 0, 0 
153333, 235675338, 0.000, 0.000, -454.981, 250.000, 0.000, 2.350, 0, 0 
153333, 237267037, 0.000, 0.000, -454.994, 250.000, 0.000, 2.350, 0, 0 
153333, 238860884, 0.000, 0.000, -454.981, 250.000, 0.000, 2.350, 0, 0 
153333, 240437818, 0.000, 0.000, -454.967, 250.000, 0.000, 2.350, 0, 0 
153333, 241955027, 0.000, 0.000, -454.994, 250.000, 0.000, 2.350, 0, 0 
153333, 243468406, 0.000, 0.000, -454.994, 250.000, 0.000, 2.350, 0, 0 
153333, 244986231, 0.000, 0.000, -454.981, 250.000, 0.000, 2.350, 0, 0 
153333, 246505243, 0.000, 0.000, -454.981, 250.000, 0.000, 2.350, 0, 0 
153333, 248027855, 0.000, 0.000, -454.981, 250.000, 0.000, 2.350, 0, 0 
153333, 249551158, 0.000, 0.000, -454.981, 250.000, 0.000, 2.350, 0, 0 
153333, 251119205, 0.000, 0.000, -454.994, 250.000, 0.000, 2.350, 0, 0 
153333, 252660708, 0.000, 0.000, -454.981, 250.000, 0.000, 2.350, 0, 0 
153333, 254188034, 0.000, 0.000, -454.981, 250.000, 0.000, 2.350, 0, 0 
153333, 255700340, 0.000, 0.000, -454.994, 250.000, 0.000, 2.350, 0, 0 
153333, 257292720, 0.000, 0.000, -454.981, 250.000, 0.000, 2.350, 0, 0 
153333, 258884371, 0.000, 0.000, -454.981, 250.000, 0.000, 2.350, 0, 0 
153333, 260475157, 0.000, 0.000, -454.994, 250.000, 0.000, 2.350, 0, 0 
153333, 261991350, 0.000, 0.000, -454.981, 250.000, 0.000, 2.350, 0, 0 
153333, 263504694, 0.000, 0.000, -454.967, 250.000, 0.000, 2.350, 0, 0 
153333, 265107450, 0.000, 0.000, -454.994, 250.000, 0.000, 2.350, 0, 0 
153333, 266663256, 0.000, 0.000, -454.981, 250.000, 0.000, 2.350, 0, 0 
153333, 268180807, 0.000, 0.000, -454.981, 250.000, 0.000, 2.350, 0, 0 
153333, 269693667, 0.000, 0.000, -454.981, 250.000, 0.000, 2.350, 0, 0 
153333, 271206537, 0.000, 0.000, -454.981, 250.000, 0.000, 2.350, 0, 0 
153333, 272720393, 0.000, 0.000, -454.981, 250.000, 0.000, 2.350, 0, 0 
153333, 274233528, 0.000, 0.000, -454.981, 250.000, 0.000, 2.350, 0, 0 
153333, 275747594, 0.000, 0.000, -454.967, 250.000, 0.000, 2.350, 0, 0 
153333, 277264907, 0.000, 0.000, -454.981, 250.000, 0.000, 2.350, 0, 0 
153333, 278782792, 0.000, 0.000, -454.967, 250.000, 0.000, 2.350, 0, 0 
153333, 280373315, 0.000, 0.000, -454.994, 250.000, 0.000, 2.350, 0, 0 
153333, 281926164, 0.000, 0.000, -454.981, 250.000, 0.000, 2.350, 0, 0 
153333, 283477798, 0.000, 0.000, -454.981, 250.000, 0.000, 2.350, 0, 0 
153333, 284992906, 0.000, 0.000, -454.994, 250.000, 0.000, 2.350, 0, 0 
153333, 286506482, 0.000, 0.000, -454.981, 250.000, 0.000, 2.350, 0, 0 
153333, 288023289, 0.000, 0.000, -454.994, 250.000, 0.000, 2.350, 0, 0 
153333, 289536157, 0.000, 0.000, -454.981, 250.000, 0.000, 2.350, 0, 0 
153333, 291048339, 0.000, 0.000, -454.981, 250.000, 0.000, 2.350, 0, 0 
153333, 292563236, 0.000, 0.000, -454.981, 250.000, 0.000, 2.350, 0, 0 
153333, 294075606, 0.000, 0.000, -454.967, 250.000, 0.000, 2.350, 0, 0 
153333, 295589523, 0.000, 0.000, -454.981, 250.000, 0.000, 2.350, 0, 0 
153333, 297247161, 0.000, 0.000, -454.981, 250.000, 0.000, 2.350, 0, 0 
153333, 298761413, 0.000, 0.000, -454.994, 250.000, 0.000, 2.350, 0, 0 
153333, 300278137, 0.000, 0.000, -454.981, 250.000, 0.000, 2.350, 0, 0 
153333, 301791153, 0.000, 0.000, -454.981, 250.000, 0.000, 2.350, 0, 0 
153333, 303303683, 0.000, 0.000, -454.981, 250.000, 0.000, 2.350, 0, 0 
153333, 304817726, 0.000, 0.000, -454.967, 250.000, 0.000, 2.350, 0, 0 
153333, 306330303, 0.000, 0.000, -454.967, 250.000, 0.000, 2.350, 0, 0 
153333, 307849048, 0.000, 0.000, -454.994, 250.000, 0.000, 2.350, 0, 0 
153333, 309365970, 0.000, 0.000, -454.967, 250.000, 0.000, 2.350, 0, 0 
153333, 310884028, 0.000, 0.000, -454.994, 250.000, 0.000, 2.350, 0, 0 
153333, 312505037, 0.000, 0.000, -454.981, 250.000, 0.000, 2.350, 0, 0 
153333, 314025497, 0.000, 0.000, -454.981, 250.000, 0.000, 2.350, 0, 0 
153333, 315589404, 0.000, 0.000, -454.981, 250.000, 0.000, 2.350, 0, 0 
153333, 317191581, 0.000, 0.000, -454.967, 250.000, 0.000, 2.350, 0, 0 
153333, 318774017, 0.000, 0.000, -454.994, 250.000, 0.000, 2.350, 0, 0 
153333, 320369783, 0.000, 0.000, -454.981, 250.000, 0.000, 2.350, 0, 0 
153333, 321884648, 0.000, 0.000, -454.981, 250.000, 0.000, 2.350, 0, 0 
153333, 323451368, 0.000, 0.000, -454.981, 250.000, 0.000, 2.350, 0, 0 
153333, 325002132, 0.000, 0.000, -454.967, 250.000, 0.000, 2.350, 0, 0 
153333, 326603835, 0.000, 0.000, -454.967, 250.000, 0.000, 2.350, 0, 0 
153333, 328147965, 0.000, 0.000, -454.981, 250.000, 0.000, 2.350, 0, 0 
153333, 329703924, 0.000, 0.000, -454.994, 250.000, 0.000, 2.350, 0, 0 
153333, 331304976, 0.000, 0.000, -454.994, 250.000, 0.000, 2.350, 0, 0 
153333, 332910717, 0.000, 0.000, -454.994, 250.000, 0.000, 2.350, 0, 0 
153333, 334425381, 0.000, 0.000, -454.981, 250.000, 0.000, 2.350, 0, 0 
153333, 335938994, 0.000, 0.000, -454.981, 250.000, 0.000, 2.350, 0, 0 
153333, 337452548, 0.000, 0.000, -454.967, 250.000, 0.000, 2.350, 0, 0 
153333, 338974571, 0.000, 0.000, -454.994, 250.000, 0.000, 2.350, 0, 0 
153333, 340497596, 0.000, 0.000, -454.967, 250.000, 0.000, 2.350, 0, 0 
153333, 342168252, 0.000, 0.000, -454.994, 250.000, 0.000, 2.350, 0, 0 
153333, 343726434, 0.000, 0.000, -454.981, 250.000, 0.000, 2.350, 0, 0 
153333, 345264613, 0.000, 0.000, -454.981, 250.000, 0.000, 2.350, 0, 0 
153333, 346778321, 0.000, 0.000, -454.967, 250.000, 0.000, 2.350, 0, 0 
153333, 348301687, 0.000, 0.000, -454.981, 250.000, 0.000, 2.350, 0, 0 
153333, 349851476, 0.000, 0.000, -454.994, 250.000, 0.000, 2.350, 0, 0 
153333, 351403259, 0.000, 0.000, -454.967, 250.000, 0.000, 2.350, 0, 0 
153333, 353004165, 0.000, 0.000, -454.994, 250.000, 0.000, 2.350, 0, 0 
153333, 354579090, 0.000, 0.000, -454.981, 250.000, 0.000, 2.350, 0, 0 
153333, 356097492, 0.000, 0.000, -454.981, 250.000, 0.000, 2.350, 0, 0 
153333, 357688973, 0.000, 0.000, -454.994, 250.000, 0.000, 2.350, 0, 0 
153333, 359306536, 0.000, 0.000, -454.981, 250.000, 0.000, 2.350, 0, 0 
153333, 360857609, 0.000, 0.000, -454.981, 250.000, 0.000, 2.350, 0, 0 
153333, 362412643, 0.000, 0.000, -454.981, 250.000, 0.000, 2.350, 0, 0 
153333, 364026097, 0.000, 0.000, -454.981, 250.000, 0.000, 2.350, 0, 0 
153333, 365603003, 0.000, 0.000, -454.994, 250.000, 0.000, 2.350, 0, 0 
153333, 367209707, 0.000, 0.000, -454.994, 250.000, 0.000, 2.350, 0, 0 
153333, 368811467, 0.000, 0.000, -454.981, 250.000, 0.000, 2.350, 0, 0 
153333, 370335450, 0.000, 0.000, -454.981, 250.000, 0.000, 2.350, 0, 0 
153333, 371863399, 0.000, 0.000, -454.981, 250.000, 0.000, 2.350, 0, 0 
153333, 373436109, 0.000, 0.000, -454.994, 250.000, 0.000, 2.350, 0, 0 
153333, 375062291, 0.000, 0.000, -454.981, 250.000, 0.000, 2.350, 0, 0 
153333, 376661180, 0.000, 0.000, -454.994, 250.000, 0.000, 2.350, 0, 0 
153333, 378176084, 0.000, 0.000, -454.981, 250.000, 0.000, 2.350, 0, 0 
153333, 379690191, 0.000, 0.000, -454.994, 250.000, 0.000, 2.350, 0, 0 
153333, 381204571, 0.000, 0.000, -454.981, 250.000, 0.000, 2.350, 0, 0 
153333, 382731832, 0.000, 0.000, -454.994, 250.000, 0.000, 2.350, 0, 0 
153333, 384253966, 0.000, 0.000, -454.981, 250.000, 0.000, 2.350, 0, 0 
153333, 385833905, 0.000, 0.000, -454.981, 250.000, 0.000, 2.350, 0, 0 
153333, 387347978, 0.000, 0.000, -454.994, 250.000, 0.000, 2.350, 0, 0 
153333, 388862509, 0.000, 0.000, -454.981, 250.000, 0.000, 2.350, 0, 0 
153333, 390461412, 0.000, 0.000, -454.981, 250.000, 0.000, 2.350, 0, 0 
153333, 392015634, 0.000, 0.000, -454.981, 250.000, 0.000, 2.350, 0, 0 
153333, 393530076, 0.000, 0.000, -454.981, 250.000, 0.000, 2.350, 0, 0 
153333, 395045587, 0.000, 0.000, -454.967, 250.000, 0.000, 2.350, 0, 0 
153333, 396562068, 0.000, 0.000, -454.981, 250.000, 0.000, 2.350, 0, 0 
153333, 398074582, 0.000, 0.000, -454.981, 250.000, 0.000, 2.350, 0, 0 
153333, 399587755, 0.000, 0.000, -454.981, 250.000, 0.000, 2.350, 0, 0 
153333, 401100781, 0.000, 0.000, -454.967, 250.000, 0.000, 2.350, 0, 0 
153333, 402618603, 0.000, 0.000, -454.994, 250.000, 0.000, 2.350, 0, 0 
153333, 404132216, 0.000, 0.000, -454.994, 250.000, 0.000, 2.350, 0, 0 
153333, 405686730, 0.000, 0.000, -454.967, 250.000, 0.000, 2.350, 0, 0 
153333, 407201079, 0.000, 0.000, -454.994, 250.000, 0.000, 2.350, 0, 0 
153333, 408718669, 0.000, 0.000, -454.994, 250.000, 0.000, 2.350, 0, 0 
153333, 410231522, 0.000, 0.000, -454.981, 250.000, 0.000, 2.350, 0, 0 
153333, 411744431, 0.000, 0.000, -454.967, 250.000, 0.000, 2.350, 0, 0 
153333, 413257383, 0.000, 0.000, -454.994, 250.000, 0.000, 2.350, 0, 0 
153333, 414770468, 0.000, 0.000, -454.967, 250.000, 0.000, 2.350, 0, 0 
153333, 416314698, 0.000, 0.000, -454.967, 250.000, 0.000, 2.350, 0, 0 
153333, 417829692, 0.000, 0.000, -454.981, 250.000, 0.000, 2.350, 0, 0 
153333, 419346467, 0.000, 0.000, -454.981, 250.000, 0.000, 2.350, 0, 0 
153333, 420900858, 0.000, 0.000, -454.994, 250.000, 0.000, 2.350, 0, 0 
153333, 422414615, 0.000, 0.000, -454.994, 250.000, 0.000, 2.350, 0, 0 
153333, 423927948, 0.000, 0.000, -454.994, 250.000, 0.000, 2.350, 0, 0 
153333, 425441631, 0.000, 0.000, -454.994, 250.000, 0.000, 2.350, 0, 0 
153333, 426954615, 0.000, 0.000, -454.981, 250.000, 0.000, 2.350, 0, 0 
153333, 428470551, 0.000, 0.000, -454.981, 250.000, 0.000, 2.350, 0, 0 
153333, 430015948, 0.000, 0.000, -454.981, 250.000, 0.000, 2.350, 0, 0 
153333, 431528801, 0.000, 0.000, -454.981, 250.000, 0.000, 2.350, 0, 0 
153333, 433042443, 0.000, 0.000, -454.967, 250.000, 0.000, 2.350, 0, 0 
153333, 434553379, 0.000, 0.000, -454.994, 250.000, 0.000, 2.350, 0, 0 
153333, 436108218, 0.000, 0.000, -454.981, 250.000, 0.000, 2.350, 0, 0 
153333, 437623478, 0.000, 0.000, -454.981, 250.000, 0.000, 2.350, 0, 0 
153333, 439138702, 0.000, 0.000, -454.981, 250.000, 0.000, 2.350, 0, 0 
153333, 440653501, 0.000, 0.000, -454.994, 250.000, 0.000, 2.350, 0, 0 
153333, 442224261, 0.000, 0.000, -454.967, 250.000, 0.000, 2.350, 0, 0 
153333, 443786032, 0.000, 0.000, -454.967, 250.000, 0.000, 2.350, 0, 0 
153333, 445401131, 0.000, 0.000, -454.981, 250.000, 0.000, 2.350, 0, 0 
153333, 446980205, 0.000, 0.000, -454.994, 250.000, 0.000, 2.350, 0, 0 
153333, 448542121, 0.000, 0.000, -454.981, 250.000, 0.000, 2.350, 0, 0 
153333, 450058236, 0.000, 0.000, -454.981, 250.000, 0.000, 2.350, 0, 0 
153333, 451674393, 0.000, 0.000, -455.008, 250.000, 0.000, 2.350, 0, 0 
153333, 453275824, 0.000, 0.000, -454.994, 250.000, 0.000, 2.350, 0, 0 
153333, 454871997, 0.000, 0.000, -454.981, 250.000, 0.000, 2.350, 0, 0 
153333, 456444560, 0.000, 0.000, -454.994, 250.000, 0.000, 2.350, 0, 0 
153333, 458045490, 0.000, 0.000, -454.981, 250.000, 0.000, 2.350, 0, 0 
153333, 459632570, 0.000, 0.000, -454.981, 250.000, 0.000, 2.350, 0, 0 
153333, 461230232, 0.000, 0.000, -454.967, 250.000, 0.000, 2.350, 0, 0 
153333, 462787439, 0.000, 0.000, -454.967, 250.000, 0.000, 2.350, 0, 0 
153333, 464390101, 0.000, 0.000, -454.981, 250.000, 0.000, 2.350, 0, 0 
153333, 465904899, 0.000, 0.000, -454.981, 250.000, 0.000, 2.350, 0, 0 
