Thu Nov 29 12:18:21 2018
Controller Frequency: 1.50 kHz
Time(s), Time(ns), x, v, f, xdes, vdes, cmd, LSB, LSF
156242, 323744063, 0.001, 0.000, 433.916, 0.250, 0.000, 2.300, 0, 0 
156242, 325258460, 0.002, 0.759, 433.916, 0.250, 0.000, 2.300, 0, 0 
156242, 326885031, 0.003, 0.707, 433.916, 0.250, 0.000, 2.301, 0, 0 
156242, 328507232, 0.005, 0.709, 433.916, 0.250, 0.000, 2.301, 0, 0 
156242, 330125861, 0.006, 0.710, 433.916, 0.250, 0.000, 2.301, 0, 0 
156242, 331733940, 0.007, 0.715, 433.916, 0.250, 0.000, 2.301, 0, 0 
156242, 333351480, 0.008, 0.711, 433.916, 0.250, 0.000, 2.302, 0, 0 
156242, 334871485, 0.009, 0.757, 433.916, 0.250, 0.000, 2.302, 0, 0 
156242, 336376156, 0.010, 0.764, 433.916, 0.250, 0.000, 2.302, 0, 0 
156242, 337883854, 0.011, 0.763, 433.916, 0.250, 0.000, 2.302, 0, 0 
156242, 339511360, 0.013, 0.707, 433.916, 0.250, 0.000, 2.303, 0, 0 
156242, 341080190, 0.014, 0.733, 433.916, 0.250, 0.000, 2.303, 0, 0 
156242, 342640464, 0.015, 0.737, 433.916, 0.250, 0.000, 2.303, 0, 0 
156242, 344145130, 0.016, 0.764, 433.916, 0.250, 0.000, 2.303, 0, 0 
156242, 345721795, 0.017, 0.729, 433.916, 0.250, 0.000, 2.303, 0, 0 
156242, 347307438, 0.018, 0.725, 433.916, 0.250, 0.000, 2.304, 0, 0 
156242, 348889800, 0.020, 0.727, 433.916, 0.250, 0.000, 2.304, 0, 0 
156242, 350410228, 0.021, 0.756, 433.916, 0.250, 0.000, 2.304, 0, 0 
156242, 351917784, 0.022, 0.763, 433.916, 0.250, 0.000, 2.304, 0, 0 
156242, 353423418, 0.023, 0.764, 433.916, 0.250, 0.000, 2.305, 0, 0 
156242, 354943114, 0.024, 0.757, 433.916, 0.250, 0.000, 2.305, 0, 0 
156242, 356447677, 0.025, 0.764, 433.916, 0.250, 0.000, 2.305, 0, 0 
156242, 357953170, 0.026, 0.764, 433.916, 0.250, 0.000, 2.305, 0, 0 
156242, 359458378, 0.028, 0.764, 433.916, 0.250, 0.000, 2.306, 0, 0 
156242, 360962945, 0.029, 0.764, 433.916, 0.250, 0.000, 2.306, 0, 0 
156242, 362468229, 0.030, 0.764, 433.916, 0.250, 0.000, 2.306, 0, 0 
156242, 363972937, 0.031, 0.764, 433.916, 0.250, 0.000, 2.306, 0, 0 
156242, 365477838, 0.032, 0.764, 433.916, 0.250, 0.000, 2.306, 0, 0 
156242, 366982572, 0.033, 0.764, 433.916, 0.250, 0.000, 2.307, 0, 0 
156242, 368487262, 0.034, 0.764, 433.916, 0.250, 0.000, 2.307, 0, 0 
156242, 370006410, 0.036, 0.757, 433.916, 0.250, 0.000, 2.307, 0, 0 
156242, 371511661, 0.037, 0.764, 433.916, 0.250, 0.000, 2.307, 0, 0 
156242, 373019318, 0.038, 0.763, 433.916, 0.250, 0.000, 2.308, 0, 0 
156242, 374527035, 0.039, 0.763, 433.916, 0.250, 0.000, 2.308, 0, 0 
156242, 376033913, 0.040, 0.763, 433.916, 0.250, 0.000, 2.308, 0, 0 
156242, 377540318, 0.041, 0.763, 433.916, 0.250, 0.000, 2.308, 0, 0 
156242, 379046252, 0.043, 0.764, 433.916, 0.250, 0.000, 2.309, 0, 0 
156242, 380589357, 0.044, 0.745, 433.916, 0.250, 0.000, 2.309, 0, 0 
156242, 382131750, 0.045, 0.746, 433.916, 0.250, 0.000, 2.309, 0, 0 
156242, 383636830, 0.046, 0.764, 433.916, 0.250, 0.000, 2.309, 0, 0 
156242, 385155095, 0.047, 0.757, 433.916, 0.250, 0.000, 2.309, 0, 0 
156242, 386659084, 0.048, 0.765, 433.916, 0.250, 0.000, 2.310, 0, 0 
156242, 388163691, 0.049, 0.764, 433.916, 0.250, 0.000, 2.310, 0, 0 
156242, 389708149, 0.051, 0.745, 433.916, 0.250, 0.000, 2.310, 0, 0 
156242, 391212186, 0.052, 0.765, 433.916, 0.250, 0.000, 2.310, 0, 0 
156242, 392716402, 0.053, 0.765, 433.916, 0.250, 0.000, 2.311, 0, 0 
156242, 394220015, 0.054, 0.765, 433.916, 0.250, 0.000, 2.311, 0, 0 
156242, 395723627, 0.055, 0.765, 433.916, 0.250, 0.000, 2.311, 0, 0 
156242, 397227263, 0.056, 0.765, 433.916, 0.250, 0.000, 2.311, 0, 0 
156242, 398731256, 0.057, 0.765, 433.916, 0.250, 0.000, 2.312, 0, 0 
156242, 400260219, 0.059, 0.752, 433.916, 0.250, 0.000, 2.312, 0, 0 
156242, 401873404, 0.060, 0.713, 433.916, 0.250, 0.000, 2.312, 0, 0 
156242, 403482380, 0.061, 0.715, 433.916, 0.250, 0.000, 2.312, 0, 0 
156242, 405074177, 0.062, 0.722, 433.916, 0.250, 0.000, 2.312, 0, 0 
156242, 406577969, 0.063, 0.765, 433.916, 0.250, 0.000, 2.313, 0, 0 
156242, 408082017, 0.064, 0.765, 433.916, 0.250, 0.000, 2.313, 0, 0 
156242, 409668362, 0.066, 0.725, 433.916, 0.250, 0.000, 2.313, 0, 0 
156242, 411249773, 0.067, 0.727, 433.916, 0.250, 0.000, 2.313, 0, 0 
156242, 412754847, 0.068, 0.764, 433.916, 0.250, 0.000, 2.314, 0, 0 
156242, 414259170, 0.069, 0.764, 433.916, 0.250, 0.000, 2.314, 0, 0 
156242, 415807268, 0.070, 0.743, 433.916, 0.250, 0.000, 2.314, 0, 0 
156242, 417346015, 0.071, 0.747, 433.916, 0.250, 0.000, 2.314, 0, 0 
156242, 418872208, 0.072, 0.754, 433.916, 0.250, 0.000, 2.314, 0, 0 
156242, 420400535, 0.074, 0.752, 433.916, 0.250, 0.000, 2.315, 0, 0 
156242, 421905565, 0.075, 0.764, 433.916, 0.250, 0.000, 2.315, 0, 0 
156242, 423440330, 0.076, 0.749, 433.916, 0.250, 0.000, 2.315, 0, 0 
156242, 424975554, 0.077, 0.749, 433.916, 0.250, 0.000, 2.315, 0, 0 
156242, 426511932, 0.078, 0.749, 433.916, 0.250, 0.000, 2.316, 0, 0 
156242, 428043756, 0.079, 0.751, 433.916, 0.250, 0.000, 2.316, 0, 0 
156242, 429590745, 0.080, 0.743, 433.916, 0.250, 0.000, 2.316, 0, 0 
156242, 431148405, 0.082, 0.738, 433.916, 0.250, 0.000, 2.316, 0, 0 
156242, 432688700, 0.083, 0.747, 433.916, 0.250, 0.000, 2.317, 0, 0 
156242, 434228466, 0.084, 0.747, 433.916, 0.250, 0.000, 2.317, 0, 0 
156242, 435770760, 0.085, 0.746, 433.916, 0.250, 0.000, 2.317, 0, 0 
156242, 437323346, 0.086, 0.741, 433.916, 0.250, 0.000, 2.317, 0, 0 
156242, 438866216, 0.087, 0.745, 433.916, 0.250, 0.000, 2.317, 0, 0 
156242, 440372100, 0.089, 0.764, 433.916, 0.250, 0.000, 2.318, 0, 0 
156242, 441913807, 0.090, 0.746, 433.916, 0.250, 0.000, 2.318, 0, 0 
156242, 443553936, 0.091, 0.701, 433.916, 0.250, 0.000, 2.318, 0, 0 
156242, 445076122, 0.092, 0.755, 433.916, 0.250, 0.000, 2.318, 0, 0 
156242, 446653293, 0.093, 0.729, 433.916, 0.250, 0.000, 2.319, 0, 0 
156242, 448177842, 0.094, 0.754, 433.916, 0.250, 0.000, 2.319, 0, 0 
156242, 449734579, 0.095, 0.739, 433.916, 0.250, 0.000, 2.319, 0, 0 
156242, 451291345, 0.097, 0.739, 433.916, 0.250, 0.000, 2.319, 0, 0 
156242, 452804730, 0.098, 0.760, 433.916, 0.250, 0.000, 2.320, 0, 0 
156242, 454368116, 0.099, 0.736, 433.916, 0.250, 0.000, 2.320, 0, 0 
156242, 455940113, 0.100, 0.732, 433.916, 0.250, 0.000, 2.320, 0, 0 
156242, 457450831, 0.101, 0.761, 433.916, 0.250, 0.000, 2.320, 0, 0 
156242, 459024113, 0.102, 0.731, 433.916, 0.250, 0.000, 2.320, 0, 0 
156242, 460536104, 0.103, 0.761, 433.916, 0.250, 0.000, 2.321, 0, 0 
156242, 462115552, 0.105, 0.728, 433.916, 0.250, 0.000, 2.321, 0, 0 
156242, 463624655, 0.106, 0.762, 433.916, 0.250, 0.000, 2.321, 0, 0 
156242, 465132476, 0.107, 0.763, 433.916, 0.250, 0.000, 2.321, 0, 0 
156242, 466641844, 0.108, 0.762, 433.916, 0.250, 0.000, 2.322, 0, 0 
156242, 468153474, 0.109, 0.761, 433.916, 0.250, 0.000, 2.322, 0, 0 
156242, 469663820, 0.110, 0.761, 433.916, 0.250, 0.000, 2.322, 0, 0 
156242, 471174026, 0.112, 0.761, 433.916, 0.250, 0.000, 2.322, 0, 0 
156242, 472754544, 0.113, 0.728, 433.916, 0.250, 0.000, 2.323, 0, 0 
156242, 474265658, 0.114, 0.761, 433.916, 0.250, 0.000, 2.323, 0, 0 
156242, 475806033, 0.115, 0.747, 433.916, 0.250, 0.000, 2.323, 0, 0 
156242, 477349974, 0.116, 0.745, 433.916, 0.250, 0.000, 2.323, 0, 0 
156242, 478972705, 0.117, 0.709, 433.916, 0.250, 0.000, 2.323, 0, 0 
156242, 480541243, 0.118, 0.733, 433.916, 0.250, 0.000, 2.324, 0, 0 
156242, 482052364, 0.120, 0.761, 433.916, 0.250, 0.000, 2.324, 0, 0 
156242, 483561562, 0.121, 0.762, 433.916, 0.250, 0.000, 2.324, 0, 0 
156242, 485134058, 0.122, 0.731, 433.916, 0.250, 0.000, 2.324, 0, 0 
156242, 486680648, 0.123, 0.744, 433.916, 0.250, 0.000, 2.325, 0, 0 
156242, 488193678, 0.124, 0.760, 433.916, 0.250, 0.000, 2.325, 0, 0 
156242, 489704207, 0.125, 0.761, 433.916, 0.250, 0.000, 2.325, 0, 0 
156242, 491214671, 0.126, 0.761, 433.916, 0.250, 0.000, 2.325, 0, 0 
156242, 492750810, 0.128, 0.749, 433.916, 0.250, 0.000, 2.326, 0, 0 
156242, 494261281, 0.129, 0.761, 433.916, 0.250, 0.000, 2.326, 0, 0 
156242, 495875860, 0.130, 0.712, 433.916, 0.250, 0.000, 2.326, 0, 0 
156242, 497433268, 0.131, 0.738, 433.916, 0.250, 0.000, 2.326, 0, 0 
156242, 499008110, 0.132, 0.730, 433.916, 0.250, 0.000, 2.326, 0, 0 
156242, 500590562, 0.133, 0.727, 433.916, 0.250, 0.000, 2.327, 0, 0 
156242, 502166176, 0.135, 0.730, 433.916, 0.250, 0.000, 2.327, 0, 0 
156242, 503750807, 0.136, 0.726, 433.916, 0.250, 0.000, 2.327, 0, 0 
156242, 505333505, 0.137, 0.727, 433.916, 0.250, 0.000, 2.327, 0, 0 
156242, 506883991, 0.138, 0.742, 433.916, 0.250, 0.000, 2.328, 0, 0 
156242, 508429830, 0.139, 0.744, 433.916, 0.250, 0.000, 2.328, 0, 0 
156242, 510058983, 0.140, 0.706, 433.916, 0.250, 0.000, 2.328, 0, 0 
156242, 511643819, 0.141, 0.726, 433.916, 0.250, 0.000, 2.328, 0, 0 
156242, 513166615, 0.143, 0.755, 433.916, 0.250, 0.000, 2.329, 0, 0 
156242, 514687600, 0.144, 0.756, 433.916, 0.250, 0.000, 2.329, 0, 0 
156242, 516202563, 0.145, 0.759, 433.916, 0.250, 0.000, 2.329, 0, 0 
156242, 517748058, 0.146, 0.744, 433.916, 0.250, 0.000, 2.329, 0, 0 
156242, 519319004, 0.147, 0.732, 433.916, 0.250, 0.000, 2.329, 0, 0 
156242, 520912216, 0.148, 0.722, 433.916, 0.250, 0.000, 2.330, 0, 0 
156242, 522492783, 0.150, 0.728, 433.916, 0.250, 0.000, 2.330, 0, 0 
156242, 524064168, 0.151, 0.732, 433.916, 0.250, 0.000, 2.330, 0, 0 
156242, 525576197, 0.152, 0.761, 433.916, 0.250, 0.000, 2.330, 0, 0 
156242, 527163033, 0.153, 0.725, 433.916, 0.250, 0.000, 2.331, 0, 0 
156242, 528674444, 0.154, 0.761, 433.916, 0.250, 0.000, 2.331, 0, 0 
156242, 530184334, 0.155, 0.762, 433.916, 0.250, 0.000, 2.331, 0, 0 
156242, 531694419, 0.156, 0.762, 433.916, 0.250, 0.000, 2.331, 0, 0 
156242, 533205215, 0.158, 0.761, 433.916, 0.250, 0.000, 2.332, 0, 0 
156242, 534715142, 0.159, 0.762, 433.916, 0.250, 0.000, 2.332, 0, 0 
156242, 536225729, 0.160, 0.761, 433.916, 0.250, 0.000, 2.332, 0, 0 
156242, 537774392, 0.161, 0.743, 433.916, 0.250, 0.000, 2.332, 0, 0 
156242, 539357706, 0.162, 0.726, 433.916, 0.250, 0.000, 2.332, 0, 0 
156242, 540997340, 0.163, 0.701, 433.916, 0.250, 0.000, 2.333, 0, 0 
156242, 542618861, 0.164, 0.709, 433.916, 0.250, 0.000, 2.333, 0, 0 
156242, 544166842, 0.166, 0.743, 433.916, 0.250, 0.000, 2.333, 0, 0 
156242, 545717248, 0.167, 0.742, 433.916, 0.250, 0.000, 2.333, 0, 0 
156242, 547274029, 0.168, 0.739, 433.916, 0.250, 0.000, 2.334, 0, 0 
156242, 548784647, 0.169, 0.761, 433.916, 0.250, 0.000, 2.334, 0, 0 
156242, 550294759, 0.170, 0.762, 433.916, 0.250, 0.000, 2.334, 0, 0 
156242, 551804838, 0.171, 0.762, 433.916, 0.250, 0.000, 2.334, 0, 0 
156242, 553315145, 0.173, 0.761, 433.916, 0.250, 0.000, 2.335, 0, 0 
156242, 554853106, 0.174, 0.748, 433.916, 0.250, 0.000, 2.335, 0, 0 
156242, 556365184, 0.175, 0.761, 433.916, 0.250, 0.000, 2.335, 0, 0 
156242, 557902406, 0.176, 0.748, 433.916, 0.250, 0.000, 2.335, 0, 0 
156242, 559491083, 0.177, 0.724, 433.916, 0.250, 0.000, 2.335, 0, 0 
156242, 561001158, 0.178, 0.762, 433.916, 0.250, 0.000, 2.336, 0, 0 
156242, 562511009, 0.179, 0.762, 433.916, 0.250, 0.000, 2.336, 0, 0 
156242, 564022059, 0.181, 0.761, 433.916, 0.250, 0.000, 2.336, 0, 0 
156242, 565613742, 0.182, 0.723, 433.916, 0.250, 0.000, 2.336, 0, 0 
156242, 567207548, 0.183, 0.722, 433.916, 0.250, 0.000, 2.337, 0, 0 
156242, 568762610, 0.184, 0.740, 433.916, 0.250, 0.000, 2.337, 0, 0 
156242, 570310937, 0.185, 0.743, 433.916, 0.250, 0.000, 2.337, 0, 0 
156242, 571917094, 0.186, 0.716, 433.916, 0.250, 0.000, 2.337, 0, 0 
156242, 573501456, 0.187, 0.726, 433.916, 0.250, 0.000, 2.337, 0, 0 
156242, 575060829, 0.189, 0.737, 433.916, 0.250, 0.000, 2.338, 0, 0 
156242, 576637229, 0.190, 0.730, 433.916, 0.250, 0.000, 2.338, 0, 0 
156242, 578150229, 0.191, 0.760, 433.916, 0.250, 0.000, 2.338, 0, 0 
156242, 579721086, 0.192, 0.732, 433.916, 0.250, 0.000, 2.338, 0, 0 
156242, 581293439, 0.193, 0.731, 433.916, 0.250, 0.000, 2.339, 0, 0 
156242, 582866652, 0.194, 0.731, 433.916, 0.250, 0.000, 2.339, 0, 0 
156242, 584456599, 0.196, 0.723, 433.916, 0.250, 0.000, 2.339, 0, 0 
156242, 586068897, 0.197, 0.713, 433.916, 0.250, 0.000, 2.339, 0, 0 
156242, 587634545, 0.198, 0.735, 433.916, 0.250, 0.000, 2.340, 0, 0 
156242, 589204146, 0.199, 0.733, 433.916, 0.250, 0.000, 2.340, 0, 0 
156242, 590748823, 0.200, 0.744, 433.916, 0.250, 0.000, 2.340, 0, 0 
156242, 592359455, 0.201, 0.714, 433.916, 0.250, 0.000, 2.340, 0, 0 
156242, 593869273, 0.202, 0.762, 433.916, 0.250, 0.000, 2.340, 0, 0 
156242, 595471879, 0.204, 0.718, 433.916, 0.250, 0.000, 2.341, 0, 0 
156242, 597071268, 0.205, 0.719, 433.916, 0.250, 0.000, 2.341, 0, 0 
156242, 598609148, 0.206, 0.748, 433.916, 0.250, 0.000, 2.341, 0, 0 
156242, 600119919, 0.207, 0.761, 433.916, 0.250, 0.000, 2.341, 0, 0 
156242, 601694170, 0.208, 0.731, 433.916, 0.250, 0.000, 2.342, 0, 0 
156242, 603272894, 0.209, 0.728, 433.916, 0.250, 0.000, 2.342, 0, 0 
156242, 604842431, 0.210, 0.733, 433.916, 0.250, 0.000, 2.342, 0, 0 
156242, 606353148, 0.212, 0.761, 433.916, 0.250, 0.000, 2.342, 0, 0 
156242, 607910532, 0.213, 0.738, 433.916, 0.250, 0.000, 2.343, 0, 0 
156242, 609482637, 0.214, 0.732, 433.916, 0.250, 0.000, 2.343, 0, 0 
156242, 610995526, 0.215, 0.760, 433.916, 0.250, 0.000, 2.343, 0, 0 
156242, 612569572, 0.216, 0.731, 433.916, 0.250, 0.000, 2.343, 0, 0 
156242, 614141684, 0.217, 0.732, 433.916, 0.250, 0.000, 2.343, 0, 0 
156242, 615650666, 0.219, 0.762, 433.916, 0.250, 0.000, 2.344, 0, 0 
156242, 617178716, 0.220, 0.753, 433.916, 0.250, 0.000, 2.344, 0, 0 
156242, 618742693, 0.221, 0.735, 433.916, 0.250, 0.000, 2.344, 0, 0 
156242, 620253185, 0.222, 0.761, 433.916, 0.250, 0.000, 2.344, 0, 0 
156242, 621762967, 0.223, 0.762, 433.916, 0.250, 0.000, 2.345, 0, 0 
156242, 623272719, 0.224, 0.762, 433.916, 0.250, 0.000, 2.345, 0, 0 
156242, 624872949, 0.225, 0.719, 433.916, 0.250, 0.000, 2.345, 0, 0 
156242, 626477894, 0.227, 0.717, 433.916, 0.250, 0.000, 2.345, 0, 0 
156242, 628081524, 0.228, 0.717, 433.916, 0.250, 0.000, 2.346, 0, 0 
156242, 629640429, 0.229, 0.738, 433.916, 0.250, 0.000, 2.346, 0, 0 
156242, 631155232, 0.230, 0.759, 433.916, 0.250, 0.000, 2.346, 0, 0 
156242, 632698301, 0.231, 0.745, 433.916, 0.250, 0.000, 2.346, 0, 0 
156242, 634281195, 0.232, 0.727, 433.916, 0.250, 0.000, 2.346, 0, 0 
156242, 635839932, 0.233, 0.738, 433.916, 0.250, 0.000, 2.347, 0, 0 
156242, 637351702, 0.235, 0.761, 433.916, 0.250, 0.000, 2.347, 0, 0 
156242, 638861594, 0.236, 0.762, 433.916, 0.250, 0.000, 2.347, 0, 0 
156242, 640374451, 0.237, 0.760, 433.916, 0.250, 0.000, 2.347, 0, 0 
156242, 641959647, 0.238, 0.725, 433.916, 0.250, 0.000, 2.348, 0, 0 
156242, 643472862, 0.239, 0.760, 433.916, 0.250, 0.000, 2.348, 0, 0 
156242, 644992459, 0.240, 0.757, 433.916, 0.250, 0.000, 2.348, 0, 0 
156242, 646611358, 0.242, 0.710, 433.916, 0.250, 0.000, 2.348, 0, 0 
156242, 648151144, 0.243, 0.747, 433.916, 0.250, 0.000, 2.349, 0, 0 
156242, 649660632, 0.244, 0.762, 433.916, 0.250, 0.000, 2.349, 0, 0 
156242, 651230854, 0.245, 0.732, 433.916, 0.250, 0.000, 2.349, 0, 0 
156242, 652744393, 0.246, 0.760, 433.916, 0.250, 0.000, 2.349, 0, 0 
156242, 654254483, 0.247, 0.762, 433.916, 0.250, 0.000, 2.349, 0, 0 
156242, 655764459, 0.248, 0.762, 433.916, 0.250, 0.000, 2.350, 0, 0 
156242, 657281779, 0.250, 0.758, 433.916, 0.250, 0.000, 2.350, 0, 0 
156242, 658868272, 0.251, 0.725, 433.916, 0.250, 0.000, 2.350, 0, 0 
156242, 660457001, 0.252, 0.724, 433.916, 0.250, 0.000, 2.350, 0, 0 
156242, 662009397, 0.253, 0.741, 433.916, 0.250, 0.000, 2.351, 0, 0 
156242, 663557549, 0.254, 0.743, 433.916, 0.250, 0.000, 2.351, 0, 0 
156242, 665070330, 0.255, 0.760, 433.916, 0.250, 0.000, 2.351, 0, 0 
156242, 666680609, 0.256, 0.714, 433.916, 0.250, 0.000, 2.351, 0, 0 
156242, 668307876, 0.258, 0.707, 433.916, 0.250, 0.000, 2.352, 0, 0 
156242, 669854494, 0.259, 0.744, 433.916, 0.250, 0.000, 2.352, 0, 0 
156242, 671405685, 0.260, 0.741, 433.916, 0.250, 0.000, 2.352, 0, 0 
156242, 672951071, 0.261, 0.744, 433.916, 0.250, 0.000, 2.352, 0, 0 
156242, 674460410, 0.262, 0.762, 433.916, 0.250, 0.000, 2.352, 0, 0 
156242, 675969354, 0.263, 0.762, 433.916, 0.250, 0.000, 2.353, 0, 0 
156242, 677479986, 0.265, 0.761, 433.916, 0.250, 0.000, 2.353, 0, 0 
156242, 679138911, 0.266, 0.693, 433.916, 0.250, 0.000, 2.353, 0, 0 
156242, 680707023, 0.267, 0.733, 433.916, 0.250, 0.000, 2.353, 0, 0 
156242, 682283506, 0.268, 0.729, 433.916, 0.250, 0.000, 2.354, 0, 0 
156242, 683852260, 0.269, 0.733, 433.916, 0.250, 0.000, 2.354, 0, 0 
156242, 685435606, 0.270, 0.726, 433.916, 0.250, 0.000, 2.354, 0, 0 
156242, 687022299, 0.271, 0.725, 433.916, 0.250, 0.000, 2.354, 0, 0 
156242, 688607479, 0.273, 0.725, 433.916, 0.250, 0.000, 2.355, 0, 0 
156242, 690193157, 0.274, 0.725, 433.916, 0.250, 0.000, 2.355, 0, 0 
156242, 691775100, 0.275, 0.727, 433.916, 0.250, 0.000, 2.355, 0, 0 
156242, 693366552, 0.276, 0.723, 433.916, 0.250, 0.000, 2.355, 0, 0 
156242, 694906117, 0.277, 0.747, 433.916, 0.250, 0.000, 2.355, 0, 0 
156242, 696456806, 0.278, 0.742, 433.916, 0.250, 0.000, 2.356, 0, 0 
156242, 698053321, 0.279, 0.720, 433.916, 0.250, 0.000, 2.356, 0, 0 
156242, 699615218, 0.281, 0.736, 433.916, 0.250, 0.000, 2.356, 0, 0 
156242, 701134712, 0.282, 0.757, 433.916, 0.250, 0.000, 2.356, 0, 0 
156242, 702684308, 0.283, 0.742, 433.916, 0.250, 0.000, 2.357, 0, 0 
156242, 704200902, 0.284, 0.758, 433.916, 0.250, 0.000, 2.357, 0, 0 
156242, 705717700, 0.285, 0.758, 433.916, 0.250, 0.000, 2.357, 0, 0 
156242, 707233388, 0.286, 0.759, 433.916, 0.250, 0.000, 2.357, 0, 0 
156242, 708753688, 0.288, 0.756, 433.916, 0.250, 0.000, 2.358, 0, 0 
156242, 710316583, 0.289, 0.736, 433.916, 0.250, 0.000, 2.358, 0, 0 
156242, 711837277, 0.290, 0.756, 433.916, 0.250, 0.000, 2.358, 0, 0 
156242, 713392195, 0.291, 0.740, 433.916, 0.250, 0.000, 2.358, 0, 0 
156242, 715176940, 0.292, 0.644, 433.916, 0.250, 0.000, 2.358, 0, 0 
156242, 716754252, 0.293, 0.729, 433.916, 0.250, 0.000, 2.359, 0, 0 
156242, 718315392, 0.294, 0.737, 433.916, 0.250, 0.000, 2.359, 0, 0 
156242, 719895346, 0.296, 0.728, 433.916, 0.250, 0.000, 2.359, 0, 0 
156242, 721477899, 0.297, 0.727, 433.916, 0.250, 0.000, 2.359, 0, 0 
156242, 723042169, 0.298, 0.735, 433.916, 0.250, 0.000, 2.360, 0, 0 
156242, 724560774, 0.299, 0.757, 433.916, 0.250, 0.000, 2.360, 0, 0 
156242, 726198850, 0.300, 0.702, 433.916, 0.250, 0.000, 2.360, 0, 0 
156242, 727723711, 0.301, 0.754, 433.916, 0.250, 0.000, 2.360, 0, 0 
156242, 729247559, 0.302, 0.755, 433.916, 0.250, 0.000, 2.360, 0, 0 
156242, 730806694, 0.304, 0.738, 433.916, 0.250, 0.000, 2.361, 0, 0 
156242, 732335345, 0.305, 0.752, 433.916, 0.250, 0.000, 2.361, 0, 0 
156242, 733854512, 0.306, 0.757, 433.916, 0.250, 0.000, 2.361, 0, 0 
156242, 735371434, 0.307, 0.758, 433.916, 0.250, 0.000, 2.361, 0, 0 
156242, 736953076, 0.308, 0.727, 433.916, 0.250, 0.000, 2.362, 0, 0 
156242, 738494090, 0.309, 0.746, 433.916, 0.250, 0.000, 2.362, 0, 0 
156242, 740057260, 0.311, 0.736, 433.916, 0.250, 0.000, 2.362, 0, 0 
156242, 741618800, 0.312, 0.736, 433.916, 0.250, 0.000, 2.362, 0, 0 
156242, 743135090, 0.313, 0.758, 433.916, 0.250, 0.000, 2.363, 0, 0 
156242, 744654471, 0.314, 0.757, 433.916, 0.250, 0.000, 2.363, 0, 0 
156242, 746173663, 0.315, 0.757, 433.916, 0.250, 0.000, 2.363, 0, 0 
156242, 747716854, 0.316, 0.745, 433.916, 0.250, 0.000, 2.363, 0, 0 
156242, 749246694, 0.317, 0.752, 433.916, 0.250, 0.000, 2.363, 0, 0 
156242, 750761705, 0.319, 0.759, 433.916, 0.250, 0.000, 2.364, 0, 0 
156242, 752307497, 0.320, 0.744, 433.916, 0.250, 0.000, 2.364, 0, 0 
156242, 753868707, 0.321, 0.737, 433.916, 0.250, 0.000, 2.364, 0, 0 
156242, 755384972, 0.322, 0.758, 433.916, 0.250, 0.000, 2.364, 0, 0 
156242, 756951095, 0.323, 0.734, 433.916, 0.250, 0.000, 2.365, 0, 0 
156242, 758468720, 0.324, 0.758, 433.916, 0.250, 0.000, 2.365, 0, 0 
156242, 759988288, 0.325, 0.757, 433.916, 0.250, 0.000, 2.365, 0, 0 
156242, 761507045, 0.327, 0.757, 433.916, 0.250, 0.000, 2.365, 0, 0 
156242, 763158822, 0.328, 0.696, 433.916, 0.250, 0.000, 2.366, 0, 0 
156242, 764686576, 0.329, 0.753, 433.916, 0.250, 0.000, 2.366, 0, 0 
156242, 766202759, 0.330, 0.758, 433.916, 0.250, 0.000, 2.366, 0, 0 
156242, 767717889, 0.331, 0.759, 433.916, 0.250, 0.000, 2.366, 0, 0 
156242, 769232878, 0.332, 0.759, 433.916, 0.250, 0.000, 2.366, 0, 0 
156242, 770812529, 0.334, 0.728, 433.916, 0.250, 0.000, 2.367, 0, 0 
156242, 772366465, 0.335, 0.740, 433.916, 0.250, 0.000, 2.367, 0, 0 
156242, 773947753, 0.336, 0.727, 433.916, 0.250, 0.000, 2.367, 0, 0 
156242, 775488123, 0.337, 0.747, 433.916, 0.250, 0.000, 2.367, 0, 0 
156242, 777005869, 0.338, 0.758, 433.916, 0.250, 0.000, 2.368, 0, 0 
156242, 778525065, 0.339, 0.757, 433.916, 0.250, 0.000, 2.368, 0, 0 
156242, 780076759, 0.340, 0.741, 433.916, 0.250, 0.000, 2.368, 0, 0 
156242, 781961869, 0.342, 0.610, 433.916, 0.250, 0.000, 2.368, 0, 0 
156242, 783539109, 0.343, 0.729, 433.916, 0.250, 0.000, 2.369, 0, 0 
156242, 785121348, 0.344, 0.727, 433.916, 0.250, 0.000, 2.369, 0, 0 
156242, 786677960, 0.345, 0.739, 433.916, 0.250, 0.000, 2.369, 0, 0 
156242, 788277409, 0.346, 0.719, 433.916, 0.250, 0.000, 2.369, 0, 0 
156242, 789802321, 0.347, 0.754, 433.916, 0.250, 0.000, 2.369, 0, 0 
156242, 791324581, 0.348, 0.755, 433.916, 0.250, 0.000, 2.370, 0, 0 
156242, 792840313, 0.350, 0.759, 433.916, 0.250, 0.000, 2.370, 0, 0 
156242, 794370414, 0.351, 0.752, 433.916, 0.250, 0.000, 2.370, 0, 0 
156242, 795885730, 0.352, 0.759, 433.916, 0.250, 0.000, 2.370, 0, 0 
156242, 797450357, 0.353, 0.735, 433.916, 0.250, 0.000, 2.371, 0, 0 
156242, 798958328, 0.354, 0.763, 433.916, 0.250, 0.000, 2.371, 0, 0 
156242, 800516379, 0.355, 0.738, 433.916, 0.250, 0.000, 2.371, 0, 0 
156242, 802095069, 0.356, 0.728, 433.916, 0.250, 0.000, 2.371, 0, 0 
156242, 803682088, 0.358, 0.725, 433.916, 0.250, 0.000, 2.372, 0, 0 
156242, 805207187, 0.359, 0.754, 433.916, 0.250, 0.000, 2.372, 0, 0 
156242, 806727731, 0.360, 0.756, 433.916, 0.250, 0.000, 2.372, 0, 0 
156242, 808234015, 0.361, 0.763, 433.916, 0.250, 0.000, 2.372, 0, 0 
156242, 809816394, 0.362, 0.727, 433.916, 0.250, 0.000, 2.372, 0, 0 
156242, 811326823, 0.363, 0.761, 433.916, 0.250, 0.000, 2.373, 0, 0 
156242, 812898140, 0.365, 0.732, 433.916, 0.250, 0.000, 2.373, 0, 0 
156242, 814459627, 0.366, 0.736, 433.916, 0.250, 0.000, 2.373, 0, 0 
156242, 816049838, 0.367, 0.723, 433.916, 0.250, 0.000, 2.373, 0, 0 
156242, 817611921, 0.368, 0.736, 433.916, 0.250, 0.000, 2.374, 0, 0 
156242, 819214244, 0.369, 0.718, 433.916, 0.250, 0.000, 2.374, 0, 0 
156242, 820794862, 0.370, 0.728, 433.916, 0.250, 0.000, 2.374, 0, 0 
156242, 822305561, 0.371, 0.761, 433.916, 0.250, 0.000, 2.374, 0, 0 
156242, 823819818, 0.373, 0.759, 433.916, 0.250, 0.000, 2.375, 0, 0 
156242, 825475037, 0.374, 0.695, 433.916, 0.250, 0.000, 2.375, 0, 0 
156242, 827004092, 0.375, 0.752, 433.916, 0.250, 0.000, 2.375, 0, 0 
156242, 828536297, 0.376, 0.751, 433.916, 0.250, 0.000, 2.375, 0, 0 
156242, 830137715, 0.377, 0.718, 433.916, 0.250, 0.000, 2.375, 0, 0 
156242, 831695047, 0.378, 0.738, 433.916, 0.250, 0.000, 2.376, 0, 0 
156242, 833205307, 0.379, 0.761, 433.916, 0.250, 0.000, 2.376, 0, 0 
156242, 834729834, 0.381, 0.754, 433.916, 0.250, 0.000, 2.376, 0, 0 
156242, 836281175, 0.382, 0.741, 433.916, 0.250, 0.000, 2.376, 0, 0 
156242, 837863261, 0.383, 0.727, 433.916, 0.250, 0.000, 2.377, 0, 0 
156242, 839443436, 0.384, 0.728, 433.916, 0.250, 0.000, 2.377, 0, 0 
156242, 840952135, 0.385, 0.762, 433.916, 0.250, 0.000, 2.377, 0, 0 
156242, 842543871, 0.386, 0.722, 433.916, 0.250, 0.000, 2.377, 0, 0 
156242, 844139942, 0.388, 0.721, 433.916, 0.250, 0.000, 2.378, 0, 0 
156242, 845728984, 0.389, 0.724, 433.916, 0.250, 0.000, 2.378, 0, 0 
156242, 847323297, 0.390, 0.721, 433.916, 0.250, 0.000, 2.378, 0, 0 
156242, 848918178, 0.391, 0.721, 433.916, 0.250, 0.000, 2.378, 0, 0 
156242, 850448598, 0.392, 0.751, 433.916, 0.250, 0.000, 2.378, 0, 0 
156242, 851956159, 0.393, 0.763, 433.916, 0.250, 0.000, 2.379, 0, 0 
156242, 853464672, 0.394, 0.762, 433.916, 0.250, 0.000, 2.379, 0, 0 
156242, 854972516, 0.396, 0.763, 433.916, 0.250, 0.000, 2.379, 0, 0 
156242, 856543400, 0.397, 0.732, 433.916, 0.250, 0.000, 2.379, 0, 0 
156242, 858131002, 0.398, 0.724, 433.916, 0.250, 0.000, 2.380, 0, 0 
156242, 859660111, 0.399, 0.752, 433.916, 0.250, 0.000, 2.380, 0, 0 
156242, 861170080, 0.400, 0.762, 433.916, 0.250, 0.000, 2.380, 0, 0 
156242, 862720247, 0.401, 0.742, 433.916, 0.250, 0.000, 2.380, 0, 0 
156242, 864226533, 0.402, 0.763, 433.916, 0.250, 0.000, 2.381, 0, 0 
156242, 865749591, 0.404, 0.755, 433.916, 0.250, 0.000, 2.381, 0, 0 
156242, 867257075, 0.405, 0.763, 433.916, 0.250, 0.000, 2.381, 0, 0 
156242, 868766640, 0.406, 0.762, 433.916, 0.250, 0.000, 2.381, 0, 0 
156242, 870343394, 0.407, 0.729, 433.916, 0.250, 0.000, 2.381, 0, 0 
156242, 871921114, 0.408, 0.729, 433.916, 0.250, 0.000, 2.382, 0, 0 
156242, 873519444, 0.409, 0.720, 433.916, 0.250, 0.000, 2.382, 0, 0 
156242, 875103436, 0.411, 0.726, 433.916, 0.250, 0.000, 2.382, 0, 0 
156242, 876697699, 0.412, 0.721, 433.916, 0.250, 0.000, 2.382, 0, 0 
156242, 878293314, 0.413, 0.721, 433.916, 0.250, 0.000, 2.383, 0, 0 
156242, 879890339, 0.414, 0.720, 433.916, 0.250, 0.000, 2.383, 0, 0 
156242, 881507807, 0.415, 0.711, 433.916, 0.250, 0.000, 2.383, 0, 0 
156242, 883037689, 0.416, 0.752, 433.916, 0.250, 0.000, 2.383, 0, 0 
156242, 884554218, 0.417, 0.758, 433.916, 0.250, 0.000, 2.383, 0, 0 
156242, 886101497, 0.419, 0.743, 433.916, 0.250, 0.000, 2.384, 0, 0 
156242, 887702113, 0.420, 0.718, 433.916, 0.250, 0.000, 2.384, 0, 0 
156242, 889344789, 0.421, 0.700, 433.916, 0.250, 0.000, 2.384, 0, 0 
156242, 890858298, 0.422, 0.760, 433.916, 0.250, 0.000, 2.384, 0, 0 
156242, 892425256, 0.423, 0.734, 433.916, 0.250, 0.000, 2.385, 0, 0 
156242, 893959833, 0.424, 0.749, 433.916, 0.250, 0.000, 2.385, 0, 0 
156242, 895538234, 0.425, 0.729, 433.916, 0.250, 0.000, 2.385, 0, 0 
156242, 897068197, 0.427, 0.752, 433.916, 0.250, 0.000, 2.385, 0, 0 
156242, 898619269, 0.428, 0.741, 433.916, 0.250, 0.000, 2.386, 0, 0 
156242, 900134629, 0.429, 0.759, 433.916, 0.250, 0.000, 2.386, 0, 0 
156242, 901714182, 0.430, 0.728, 433.916, 0.250, 0.000, 2.386, 0, 0 
156242, 903300609, 0.431, 0.725, 433.916, 0.250, 0.000, 2.386, 0, 0 
156242, 904889605, 0.432, 0.724, 433.916, 0.250, 0.000, 2.386, 0, 0 
156242, 906437652, 0.434, 0.743, 433.916, 0.250, 0.000, 2.387, 0, 0 
156242, 907954002, 0.435, 0.758, 433.916, 0.250, 0.000, 2.387, 0, 0 
156242, 909546336, 0.436, 0.722, 433.916, 0.250, 0.000, 2.387, 0, 0 
156242, 911153265, 0.437, 0.716, 433.916, 0.250, 0.000, 2.387, 0, 0 
156242, 912774203, 0.438, 0.709, 433.916, 0.250, 0.000, 2.388, 0, 0 
156242, 914360811, 0.439, 0.725, 433.916, 0.250, 0.000, 2.388, 0, 0 
156242, 915918191, 0.440, 0.738, 433.916, 0.250, 0.000, 2.388, 0, 0 
156242, 917455907, 0.442, 0.748, 433.916, 0.250, 0.000, 2.388, 0, 0 
156242, 919069512, 0.443, 0.713, 433.916, 0.250, 0.000, 2.389, 0, 0 
156242, 920687590, 0.444, 0.711, 433.916, 0.250, 0.000, 2.389, 0, 0 
156242, 922198185, 0.445, 0.761, 433.916, 0.250, 0.000, 2.389, 0, 0 
156242, 923765617, 0.446, 0.734, 433.916, 0.250, 0.000, 2.389, 0, 0 
156242, 925351224, 0.447, 0.725, 433.916, 0.250, 0.000, 2.389, 0, 0 
156242, 926860753, 0.448, 0.762, 433.916, 0.250, 0.000, 2.390, 0, 0 
156242, 928407875, 0.450, 0.743, 433.916, 0.250, 0.000, 2.390, 0, 0 
156242, 929955781, 0.451, 0.743, 433.916, 0.250, 0.000, 2.390, 0, 0 
156242, 931462972, 0.452, 0.763, 433.916, 0.250, 0.000, 2.390, 0, 0 
156242, 933049139, 0.453, 0.725, 433.916, 0.250, 0.000, 2.391, 0, 0 
156242, 934561924, 0.454, 0.760, 433.916, 0.250, 0.000, 2.391, 0, 0 
156242, 936073514, 0.455, 0.761, 433.916, 0.250, 0.000, 2.391, 0, 0 
156242, 937582439, 0.457, 0.762, 433.916, 0.250, 0.000, 2.391, 0, 0 
156242, 939090952, 0.458, 0.762, 433.916, 0.250, 0.000, 2.392, 0, 0 
156242, 940601744, 0.459, 0.761, 433.916, 0.250, 0.000, 2.392, 0, 0 
156242, 942192525, 0.460, 0.723, 433.916, 0.250, 0.000, 2.392, 0, 0 
156242, 943795981, 0.461, 0.717, 433.916, 0.250, 0.000, 2.392, 0, 0 
156242, 945396174, 0.462, 0.719, 433.916, 0.250, 0.000, 2.392, 0, 0 
156242, 946950758, 0.463, 0.740, 433.916, 0.250, 0.000, 2.393, 0, 0 
156242, 948507553, 0.465, 0.739, 433.916, 0.250, 0.000, 2.393, 0, 0 
156242, 950100014, 0.466, 0.722, 433.916, 0.250, 0.000, 2.393, 0, 0 
156242, 951752093, 0.467, 0.696, 433.916, 0.250, 0.000, 2.393, 0, 0 
156242, 953322168, 0.468, 0.732, 433.916, 0.250, 0.000, 2.394, 0, 0 
156242, 954836002, 0.469, 0.760, 433.916, 0.250, 0.000, 2.394, 0, 0 
156242, 956421148, 0.470, 0.725, 433.916, 0.250, 0.000, 2.394, 0, 0 
156242, 958009337, 0.471, 0.724, 433.916, 0.250, 0.000, 2.394, 0, 0 
156242, 959615646, 0.473, 0.716, 433.916, 0.250, 0.000, 2.395, 0, 0 
156242, 961131266, 0.474, 0.759, 433.916, 0.250, 0.000, 2.395, 0, 0 
156242, 962645288, 0.475, 0.760, 433.916, 0.250, 0.000, 2.395, 0, 0 
156242, 964169859, 0.476, 0.754, 433.916, 0.250, 0.000, 2.395, 0, 0 
156242, 965679866, 0.477, 0.762, 433.916, 0.250, 0.000, 2.395, 0, 0 
156242, 967188366, 0.478, 0.762, 433.916, 0.250, 0.000, 2.396, 0, 0 
156242, 968700068, 0.480, 0.761, 433.916, 0.250, 0.000, 2.396, 0, 0 
156242, 970208892, 0.481, 0.762, 433.916, 0.250, 0.000, 2.396, 0, 0 
156242, 971717543, 0.482, 0.762, 433.916, 0.250, 0.000, 2.396, 0, 0 
156242, 973226274, 0.483, 0.762, 433.916, 0.250, 0.000, 2.397, 0, 0 
156242, 974758027, 0.484, 0.751, 433.916, 0.250, 0.000, 2.397, 0, 0 
156242, 976359688, 0.485, 0.718, 433.916, 0.250, 0.000, 2.397, 0, 0 
156242, 977875490, 0.486, 0.759, 433.916, 0.250, 0.000, 2.397, 0, 0 
156242, 979388425, 0.488, 0.760, 433.916, 0.250, 0.000, 2.398, 0, 0 
156242, 980901940, 0.489, 0.760, 433.916, 0.250, 0.000, 2.398, 0, 0 
156242, 982422164, 0.490, 0.756, 433.916, 0.250, 0.000, 2.398, 0, 0 
156242, 984043653, 0.491, 0.709, 433.916, 0.250, 0.000, 2.398, 0, 0 
156242, 985552936, 0.492, 0.762, 433.916, 0.250, 0.000, 2.398, 0, 0 
156242, 987061649, 0.493, 0.762, 433.916, 0.250, 0.000, 2.399, 0, 0 
156242, 988573026, 0.494, 0.761, 433.916, 0.250, 0.000, 2.399, 0, 0 
156242, 990110426, 0.496, 0.748, 433.916, 0.250, 0.000, 2.399, 0, 0 
156242, 991619331, 0.497, 0.762, 433.916, 0.250, 0.000, 2.399, 0, 0 
156242, 993128320, 0.498, 0.762, 433.916, 0.250, 0.000, 2.400, 0, 0 
156242, 994642101, 0.499, 0.760, 433.916, 0.250, 0.000, 2.400, 0, 0 
156242, 996195627, 0.500, 0.740, 433.916, 0.250, 0.000, 2.400, 0, 0 
156242, 997707928, 0.501, 0.760, 433.916, 0.250, 0.000, 2.400, 0, 0 
156242, 999300497, 0.503, 0.722, 433.916, 0.250, 0.000, 2.401, 0, 0 
156243, 846410, 0.504, 0.001, 433.916, 0.250, 0.000, 2.401, 0, 0 
156243, 2356020, 0.505, 0.762, 433.916, 0.250, 0.000, 2.401, 0, 0 
156243, 3864926, 0.506, 0.762, 433.916, 0.250, 0.000, 2.401, 0, 0 
156243, 5402143, 0.507, 0.748, 433.916, 0.250, 0.000, 2.401, 0, 0 
156243, 6911294, 0.508, 0.762, 433.916, 0.250, 0.000, 2.402, 0, 0 
156243, 8422316, 0.509, 0.761, 433.916, 0.250, 0.000, 2.402, 0, 0 
156243, 9934388, 0.511, 0.761, 433.916, 0.250, 0.000, 2.402, 0, 0 
156243, 11574795, 0.512, 0.701, 433.916, 0.250, 0.000, 2.402, 0, 0 
156243, 13181400, 0.513, 0.716, 433.916, 0.250, 0.000, 2.403, 0, 0 
156243, 14713102, 0.514, 0.751, 433.916, 0.250, 0.000, 2.403, 0, 0 
156243, 16225371, 0.515, 0.760, 433.916, 0.250, 0.000, 2.403, 0, 0 
156243, 17734039, 0.516, 0.762, 433.916, 0.250, 0.000, 2.403, 0, 0 
156243, 19242741, 0.517, 0.762, 433.916, 0.250, 0.000, 2.403, 0, 0 
156243, 20855222, 0.519, 0.713, 433.916, 0.250, 0.000, 2.404, 0, 0 
156243, 22365255, 0.520, 0.762, 433.916, 0.250, 0.000, 2.404, 0, 0 
156243, 23947930, 0.521, 0.727, 433.916, 0.250, 0.000, 2.404, 0, 0 
156243, 25481738, 0.522, 0.750, 433.916, 0.250, 0.000, 2.404, 0, 0 
156243, 26993904, 0.523, 0.760, 433.916, 0.250, 0.000, 2.405, 0, 0 
156243, 28508019, 0.524, 0.760, 433.916, 0.250, 0.000, 2.405, 0, 0 
156243, 30100343, 0.526, 0.722, 433.916, 0.250, 0.000, 2.405, 0, 0 
156243, 31649988, 0.527, 0.742, 433.916, 0.250, 0.000, 2.405, 0, 0 
156243, 33159584, 0.528, 0.762, 433.916, 0.250, 0.000, 2.406, 0, 0 
156243, 34668748, 0.529, 0.762, 433.916, 0.250, 0.000, 2.406, 0, 0 
156243, 36206938, 0.530, 0.748, 433.916, 0.250, 0.000, 2.406, 0, 0 
156243, 37795745, 0.531, 0.724, 433.916, 0.250, 0.000, 2.406, 0, 0 
156243, 39305218, 0.532, 0.762, 433.916, 0.250, 0.000, 2.406, 0, 0 
156243, 40815769, 0.534, 0.761, 433.916, 0.250, 0.000, 2.407, 0, 0 
156243, 42366626, 0.535, 0.742, 433.916, 0.250, 0.000, 2.407, 0, 0 
156243, 43909151, 0.536, 0.746, 433.916, 0.250, 0.000, 2.407, 0, 0 
156243, 45449214, 0.537, 0.747, 433.916, 0.250, 0.000, 2.407, 0, 0 
156243, 46959222, 0.538, 0.762, 433.916, 0.250, 0.000, 2.408, 0, 0 
156243, 48510249, 0.539, 0.741, 433.916, 0.250, 0.000, 2.408, 0, 0 
156243, 50080083, 0.540, 0.733, 433.916, 0.250, 0.000, 2.408, 0, 0 
156243, 51671249, 0.542, 0.723, 433.916, 0.250, 0.000, 2.408, 0, 0 
156243, 53219472, 0.543, 0.743, 433.916, 0.250, 0.000, 2.409, 0, 0 
156243, 54809269, 0.544, 0.723, 433.916, 0.250, 0.000, 2.409, 0, 0 
156243, 56400958, 0.545, 0.723, 433.916, 0.250, 0.000, 2.409, 0, 0 
156243, 57911261, 0.546, 0.761, 433.916, 0.250, 0.000, 2.409, 0, 0 
156243, 59509271, 0.547, 0.720, 433.916, 0.250, 0.000, 2.409, 0, 0 
156243, 61018995, 0.549, 0.762, 433.916, 0.250, 0.000, 2.410, 0, 0 
156243, 62528114, 0.550, 0.762, 433.916, 0.250, 0.000, 2.410, 0, 0 
156243, 64039219, 0.551, 0.761, 433.916, 0.250, 0.000, 2.410, 0, 0 
156243, 65548734, 0.552, 0.762, 433.916, 0.250, 0.000, 2.410, 0, 0 
156243, 67094199, 0.553, 0.744, 433.916, 0.250, 0.000, 2.411, 0, 0 
156243, 68604749, 0.554, 0.761, 433.916, 0.250, 0.000, 2.411, 0, 0 
156243, 70113666, 0.555, 0.762, 433.916, 0.250, 0.000, 2.411, 0, 0 
156243, 71622619, 0.557, 0.762, 433.916, 0.250, 0.000, 2.411, 0, 0 
156243, 73134687, 0.558, 0.761, 433.916, 0.250, 0.000, 2.412, 0, 0 
156243, 74751447, 0.559, 0.711, 433.916, 0.250, 0.000, 2.412, 0, 0 
156243, 76267458, 0.560, 0.759, 433.916, 0.250, 0.000, 2.412, 0, 0 
156243, 77781246, 0.561, 0.760, 433.916, 0.250, 0.000, 2.412, 0, 0 
156243, 79293193, 0.562, 0.761, 433.916, 0.250, 0.000, 2.412, 0, 0 
156243, 80811623, 0.563, 0.757, 433.916, 0.250, 0.000, 2.413, 0, 0 
156243, 82391195, 0.565, 0.728, 433.916, 0.250, 0.000, 2.413, 0, 0 
156243, 83900193, 0.566, 0.762, 433.916, 0.250, 0.000, 2.413, 0, 0 
156243, 85409018, 0.567, 0.762, 433.916, 0.250, 0.000, 2.413, 0, 0 
156243, 86917950, 0.568, 0.762, 433.916, 0.250, 0.000, 2.414, 0, 0 
156243, 88427546, 0.569, 0.762, 433.916, 0.250, 0.000, 2.414, 0, 0 
156243, 89936333, 0.570, 0.762, 433.916, 0.250, 0.000, 2.414, 0, 0 
156243, 91448417, 0.572, 0.761, 433.916, 0.250, 0.000, 2.414, 0, 0 
156243, 92958366, 0.573, 0.762, 433.916, 0.250, 0.000, 2.415, 0, 0 
156243, 94467417, 0.574, 0.762, 433.916, 0.250, 0.000, 2.415, 0, 0 
156243, 95976386, 0.575, 0.762, 433.916, 0.250, 0.000, 2.415, 0, 0 
156243, 97512070, 0.576, 0.749, 433.916, 0.250, 0.000, 2.415, 0, 0 
156243, 99020099, 0.577, 0.763, 433.916, 0.250, 0.000, 2.415, 0, 0 
156243, 100528715, 0.578, 0.762, 433.916, 0.250, 0.000, 2.416, 0, 0 
156243, 102037004, 0.580, 0.762, 433.916, 0.250, 0.000, 2.416, 0, 0 
156243, 103546208, 0.581, 0.762, 433.916, 0.250, 0.000, 2.416, 0, 0 
156243, 105059323, 0.582, 0.760, 433.916, 0.250, 0.000, 2.416, 0, 0 
156243, 106600972, 0.583, 0.746, 433.916, 0.250, 0.000, 2.417, 0, 0 
156243, 108202538, 0.584, 0.718, 433.916, 0.250, 0.000, 2.417, 0, 0 
156243, 109711577, 0.585, 0.762, 433.916, 0.250, 0.000, 2.417, 0, 0 
156243, 111221150, 0.586, 0.762, 433.916, 0.250, 0.000, 2.417, 0, 0 
156243, 112876657, 0.588, 0.695, 433.916, 0.250, 0.000, 2.418, 0, 0 
156243, 114477102, 0.589, 0.719, 433.916, 0.250, 0.000, 2.418, 0, 0 
156243, 116066500, 0.590, 0.724, 433.916, 0.250, 0.000, 2.418, 0, 0 
156243, 117630869, 0.591, 0.735, 433.916, 0.250, 0.000, 2.418, 0, 0 
156243, 119215756, 0.592, 0.726, 433.916, 0.250, 0.000, 2.418, 0, 0 
156243, 120727498, 0.593, 0.761, 433.916, 0.250, 0.000, 2.419, 0, 0 
156243, 122236326, 0.595, 0.762, 433.916, 0.250, 0.000, 2.419, 0, 0 
156243, 123755470, 0.596, 0.757, 433.916, 0.250, 0.000, 2.419, 0, 0 
156243, 125347170, 0.597, 0.722, 433.916, 0.250, 0.000, 2.419, 0, 0 
156243, 126948536, 0.598, 0.718, 433.916, 0.250, 0.000, 2.420, 0, 0 
156243, 128579006, 0.599, 0.705, 433.916, 0.250, 0.000, 2.420, 0, 0 
156243, 130183372, 0.600, 0.717, 433.916, 0.250, 0.000, 2.420, 0, 0 
156243, 131741115, 0.601, 0.738, 433.916, 0.250, 0.000, 2.420, 0, 0 
156243, 133284235, 0.603, 0.745, 433.916, 0.250, 0.000, 2.421, 0, 0 
156243, 134798166, 0.604, 0.760, 433.916, 0.250, 0.000, 2.421, 0, 0 
156243, 136311341, 0.605, 0.760, 433.916, 0.250, 0.000, 2.421, 0, 0 
156243, 137882772, 0.606, 0.732, 433.916, 0.250, 0.000, 2.421, 0, 0 
156243, 139444747, 0.607, 0.736, 433.916, 0.250, 0.000, 2.421, 0, 0 
156243, 141002736, 0.608, 0.738, 433.916, 0.250, 0.000, 2.422, 0, 0 
156243, 142515589, 0.609, 0.760, 433.916, 0.250, 0.000, 2.422, 0, 0 
156243, 144075019, 0.611, 0.737, 433.916, 0.250, 0.000, 2.422, 0, 0 
156243, 145607142, 0.612, 0.751, 433.916, 0.250, 0.000, 2.422, 0, 0 
156243, 147117343, 0.613, 0.761, 433.916, 0.250, 0.000, 2.423, 0, 0 
156243, 148646388, 0.614, 0.752, 433.916, 0.250, 0.000, 2.423, 0, 0 
156243, 150157672, 0.615, 0.761, 433.916, 0.250, 0.000, 2.423, 0, 0 
156243, 151698751, 0.616, 0.746, 433.916, 0.250, 0.000, 2.423, 0, 0 
156243, 153278178, 0.618, 0.728, 433.916, 0.250, 0.000, 2.424, 0, 0 
156243, 154837142, 0.619, 0.738, 433.916, 0.250, 0.000, 2.424, 0, 0 
156243, 156405741, 0.620, 0.733, 433.916, 0.250, 0.000, 2.424, 0, 0 
156243, 157920034, 0.621, 0.759, 433.916, 0.250, 0.000, 2.424, 0, 0 
156243, 159553600, 0.622, 0.704, 433.916, 0.250, 0.000, 2.424, 0, 0 
156243, 161136252, 0.623, 0.727, 433.916, 0.250, 0.000, 2.425, 0, 0 
156243, 162650111, 0.624, 0.760, 433.916, 0.250, 0.000, 2.425, 0, 0 
156243, 164166820, 0.626, 0.758, 433.916, 0.250, 0.000, 2.425, 0, 0 
156243, 165688981, 0.627, 0.756, 433.916, 0.250, 0.000, 2.425, 0, 0 
156243, 167243377, 0.628, 0.740, 433.916, 0.250, 0.000, 2.426, 0, 0 
156243, 168766922, 0.629, 0.755, 433.916, 0.250, 0.000, 2.426, 0, 0 
156243, 170290496, 0.630, 0.755, 433.916, 0.250, 0.000, 2.426, 0, 0 
156243, 171879414, 0.631, 0.724, 433.916, 0.250, 0.000, 2.426, 0, 0 
156243, 173396051, 0.632, 0.758, 433.916, 0.250, 0.000, 2.426, 0, 0 
156243, 174952117, 0.634, 0.739, 433.916, 0.250, 0.000, 2.427, 0, 0 
156243, 176495270, 0.635, 0.745, 433.916, 0.250, 0.000, 2.427, 0, 0 
156243, 178008783, 0.636, 0.760, 433.916, 0.250, 0.000, 2.427, 0, 0 
156243, 179525726, 0.637, 0.758, 433.916, 0.250, 0.000, 2.427, 0, 0 
156243, 181072972, 0.638, 0.743, 433.916, 0.250, 0.000, 2.428, 0, 0 
156243, 182586566, 0.639, 0.760, 433.916, 0.250, 0.000, 2.428, 0, 0 
156243, 184154253, 0.641, 0.734, 433.916, 0.250, 0.000, 2.428, 0, 0 
156243, 185667253, 0.642, 0.760, 433.916, 0.250, 0.000, 2.428, 0, 0 
156243, 187180218, 0.643, 0.760, 433.916, 0.250, 0.000, 2.429, 0, 0 
156243, 188693377, 0.644, 0.760, 433.916, 0.250, 0.000, 2.429, 0, 0 
156243, 190236030, 0.645, 0.745, 433.916, 0.250, 0.000, 2.429, 0, 0 
156243, 191753211, 0.646, 0.758, 433.916, 0.250, 0.000, 2.429, 0, 0 
156243, 193281324, 0.647, 0.753, 433.916, 0.250, 0.000, 2.429, 0, 0 
156243, 194809324, 0.649, 0.753, 433.916, 0.250, 0.000, 2.430, 0, 0 
156243, 196409847, 0.650, 0.719, 433.916, 0.250, 0.000, 2.430, 0, 0 
156243, 197925937, 0.651, 0.759, 433.916, 0.250, 0.000, 2.430, 0, 0 
156243, 199464904, 0.652, 0.747, 433.916, 0.250, 0.000, 2.430, 0, 0 
156243, 200980019, 0.653, 0.759, 433.916, 0.250, 0.000, 2.431, 0, 0 
156243, 202554294, 0.654, 0.730, 433.916, 0.250, 0.000, 2.431, 0, 0 
156243, 204072576, 0.655, 0.757, 433.916, 0.250, 0.000, 2.431, 0, 0 
156243, 205641214, 0.657, 0.733, 433.916, 0.250, 0.000, 2.431, 0, 0 
156243, 207205564, 0.658, 0.735, 433.916, 0.250, 0.000, 2.432, 0, 0 
156243, 208786540, 0.659, 0.727, 433.916, 0.250, 0.000, 2.432, 0, 0 
156243, 210368389, 0.660, 0.727, 433.916, 0.250, 0.000, 2.432, 0, 0 
156243, 211885585, 0.661, 0.758, 433.916, 0.250, 0.000, 2.432, 0, 0 
156243, 213507923, 0.662, 0.709, 433.916, 0.250, 0.000, 2.432, 0, 0 
156243, 215041831, 0.664, 0.750, 433.916, 0.250, 0.000, 2.433, 0, 0 
156243, 216619072, 0.665, 0.729, 433.916, 0.250, 0.000, 2.433, 0, 0 
156243, 218200140, 0.666, 0.727, 433.916, 0.250, 0.000, 2.433, 0, 0 
156243, 219784582, 0.667, 0.726, 433.916, 0.250, 0.000, 2.433, 0, 0 
156243, 221402631, 0.668, 0.711, 433.916, 0.250, 0.000, 2.434, 0, 0 
156243, 222918707, 0.669, 0.759, 433.916, 0.250, 0.000, 2.434, 0, 0 
156243, 224523822, 0.670, 0.716, 433.916, 0.250, 0.000, 2.434, 0, 0 
156243, 226139817, 0.672, 0.712, 433.916, 0.250, 0.000, 2.434, 0, 0 
156243, 227731373, 0.673, 0.723, 433.916, 0.250, 0.000, 2.435, 0, 0 
156243, 229251029, 0.674, 0.757, 433.916, 0.250, 0.000, 2.435, 0, 0 
156243, 230768556, 0.675, 0.758, 433.916, 0.250, 0.000, 2.435, 0, 0 
156243, 232295057, 0.676, 0.753, 433.916, 0.250, 0.000, 2.435, 0, 0 
156243, 233844563, 0.677, 0.742, 433.916, 0.250, 0.000, 2.435, 0, 0 
156243, 235485552, 0.678, 0.701, 433.916, 0.250, 0.000, 2.436, 0, 0 
156243, 237052426, 0.680, 0.734, 433.916, 0.250, 0.000, 2.436, 0, 0 
156243, 238567528, 0.681, 0.759, 433.916, 0.250, 0.000, 2.436, 0, 0 
156243, 240154207, 0.682, 0.725, 433.916, 0.250, 0.000, 2.436, 0, 0 
156243, 241711952, 0.683, 0.738, 433.916, 0.250, 0.000, 2.437, 0, 0 
156243, 243296420, 0.684, 0.726, 433.916, 0.250, 0.000, 2.437, 0, 0 
156243, 244817624, 0.685, 0.756, 433.916, 0.250, 0.000, 2.437, 0, 0 
156243, 246335233, 0.687, 0.758, 433.916, 0.250, 0.000, 2.437, 0, 0 
156243, 247924786, 0.688, 0.723, 433.916, 0.250, 0.000, 2.438, 0, 0 
156243, 249440977, 0.689, 0.758, 433.916, 0.250, 0.000, 2.438, 0, 0 
156243, 250958488, 0.690, 0.758, 433.916, 0.250, 0.000, 2.438, 0, 0 
156243, 252550166, 0.691, 0.723, 433.916, 0.250, 0.000, 2.438, 0, 0 
156243, 254082869, 0.692, 0.750, 433.916, 0.250, 0.000, 2.438, 0, 0 
156243, 255688265, 0.693, 0.716, 433.916, 0.250, 0.000, 2.439, 0, 0 
156243, 257267385, 0.695, 0.728, 433.916, 0.250, 0.000, 2.439, 0, 0 
156243, 258783285, 0.696, 0.759, 433.916, 0.250, 0.000, 2.439, 0, 0 
156243, 260295516, 0.697, 0.760, 433.916, 0.250, 0.000, 2.439, 0, 0 
156243, 261809360, 0.698, 0.760, 433.916, 0.250, 0.000, 2.440, 0, 0 
156243, 263322224, 0.699, 0.760, 433.916, 0.250, 0.000, 2.440, 0, 0 
156243, 264835701, 0.700, 0.760, 433.916, 0.250, 0.000, 2.440, 0, 0 
156243, 266352573, 0.701, 0.758, 433.916, 0.250, 0.000, 2.440, 0, 0 
156243, 267929885, 0.703, 0.729, 433.916, 0.250, 0.000, 2.441, 0, 0 
156243, 269453400, 0.704, 0.755, 433.916, 0.250, 0.000, 2.441, 0, 0 
156243, 270995410, 0.705, 0.746, 433.916, 0.250, 0.000, 2.441, 0, 0 
156243, 272559047, 0.706, 0.735, 433.916, 0.250, 0.000, 2.441, 0, 0 
156243, 274142516, 0.707, 0.726, 433.916, 0.250, 0.000, 2.441, 0, 0 
156243, 275721177, 0.708, 0.728, 433.916, 0.250, 0.000, 2.442, 0, 0 
156243, 277236879, 0.710, 0.759, 433.916, 0.250, 0.000, 2.442, 0, 0 
156243, 278752661, 0.711, 0.759, 433.916, 0.250, 0.000, 2.442, 0, 0 
156243, 280289228, 0.712, 0.748, 433.916, 0.250, 0.000, 2.442, 0, 0 
156243, 281807046, 0.713, 0.758, 433.916, 0.250, 0.000, 2.443, 0, 0 
156243, 283365132, 0.714, 0.738, 433.916, 0.250, 0.000, 2.443, 0, 0 
156243, 284948338, 0.715, 0.726, 433.916, 0.250, 0.000, 2.443, 0, 0 
156243, 286550152, 0.716, 0.718, 433.916, 0.250, 0.000, 2.443, 0, 0 
156243, 288134427, 0.718, 0.726, 433.916, 0.250, 0.000, 2.444, 0, 0 
156243, 289713084, 0.719, 0.728, 433.916, 0.250, 0.000, 2.444, 0, 0 
156243, 291296645, 0.720, 0.726, 433.916, 0.250, 0.000, 2.444, 0, 0 
156243, 292896599, 0.721, 0.719, 433.916, 0.250, 0.000, 2.444, 0, 0 
156243, 294451630, 0.722, 0.740, 433.916, 0.250, 0.000, 2.444, 0, 0 
156243, 295966266, 0.723, 0.759, 433.916, 0.250, 0.000, 2.445, 0, 0 
156243, 297480049, 0.724, 0.760, 433.916, 0.250, 0.000, 2.445, 0, 0 
156243, 299057379, 0.726, 0.729, 433.916, 0.250, 0.000, 2.445, 0, 0 
156243, 300573563, 0.727, 0.758, 433.916, 0.250, 0.000, 2.445, 0, 0 
156243, 302253131, 0.728, 0.685, 433.916, 0.250, 0.000, 2.446, 0, 0 
156243, 303770479, 0.729, 0.758, 433.916, 0.250, 0.000, 2.446, 0, 0 
156243, 305308440, 0.730, 0.748, 433.916, 0.250, 0.000, 2.446, 0, 0 
156243, 306822424, 0.731, 0.760, 433.916, 0.250, 0.000, 2.446, 0, 0 
156243, 308340421, 0.733, 0.758, 433.916, 0.250, 0.000, 2.447, 0, 0 
156243, 309881142, 0.734, 0.746, 433.916, 0.250, 0.000, 2.447, 0, 0 
156243, 311394063, 0.735, 0.760, 433.916, 0.250, 0.000, 2.447, 0, 0 
156243, 312916011, 0.736, 0.756, 433.916, 0.250, 0.000, 2.447, 0, 0 
156243, 314596642, 0.737, 0.684, 433.916, 0.250, 0.000, 2.447, 0, 0 
156243, 316110568, 0.738, 0.760, 433.916, 0.250, 0.000, 2.448, 0, 0 
156243, 317625105, 0.739, 0.759, 433.916, 0.250, 0.000, 2.448, 0, 0 
156243, 319138543, 0.741, 0.760, 433.916, 0.250, 0.000, 2.448, 0, 0 
156243, 320655398, 0.742, 0.758, 433.916, 0.250, 0.000, 2.448, 0, 0 
156243, 322168258, 0.743, 0.760, 433.916, 0.250, 0.000, 2.449, 0, 0 
156243, 323680923, 0.744, 0.760, 433.916, 0.250, 0.000, 2.449, 0, 0 
156243, 325196089, 0.745, 0.759, 433.916, 0.250, 0.000, 2.449, 0, 0 
156243, 326722899, 0.746, 0.753, 433.916, 0.250, 0.000, 2.449, 0, 0 
156243, 328275525, 0.747, 0.741, 433.916, 0.250, 0.000, 2.449, 0, 0 
156243, 329817609, 0.749, 0.746, 433.916, 0.250, 0.000, 2.450, 0, 0 
156243, 331341449, 0.750, 0.755, 433.916, 0.250, 0.000, 2.450, 0, 0 
156243, 332858141, 0.751, 0.758, 433.916, 0.250, 0.000, 2.450, 0, 0 
156243, 334545697, 0.752, 0.681, 433.916, 0.250, 0.000, 2.450, 0, 0 
156243, 336055995, 0.753, 0.761, 433.916, 0.250, 0.000, 2.451, 0, 0 
156243, 337598063, 0.754, 0.746, 433.916, 0.250, 0.000, 2.451, 0, 0 
156243, 339159362, 0.756, 0.737, 433.916, 0.250, 0.000, 2.451, 0, 0 
156243, 340742778, 0.757, 0.726, 433.916, 0.250, 0.000, 2.451, 0, 0 
156243, 342326272, 0.758, 0.726, 433.916, 0.250, 0.000, 2.452, 0, 0 
156243, 343907783, 0.759, 0.727, 433.916, 0.250, 0.000, 2.452, 0, 0 
156243, 345501726, 0.760, 0.721, 433.916, 0.250, 0.000, 2.452, 0, 0 
156243, 347029259, 0.761, 0.753, 433.916, 0.250, 0.000, 2.452, 0, 0 
156243, 348541149, 0.762, 0.761, 433.916, 0.250, 0.000, 2.452, 0, 0 
156243, 350123006, 0.764, 0.727, 433.916, 0.250, 0.000, 2.453, 0, 0 
156243, 351673304, 0.765, 0.742, 433.916, 0.250, 0.000, 2.453, 0, 0 
156243, 353239647, 0.766, 0.734, 433.916, 0.250, 0.000, 2.453, 0, 0 
156243, 354805816, 0.767, 0.734, 433.916, 0.250, 0.000, 2.453, 0, 0 
156243, 356373230, 0.768, 0.734, 433.916, 0.250, 0.000, 2.454, 0, 0 
156243, 357937342, 0.769, 0.735, 433.916, 0.250, 0.000, 2.454, 0, 0 
156243, 359529340, 0.770, 0.722, 433.916, 0.250, 0.000, 2.454, 0, 0 
156243, 361097824, 0.772, 0.733, 433.916, 0.250, 0.000, 2.454, 0, 0 
156243, 362610901, 0.773, 0.760, 433.916, 0.250, 0.000, 2.455, 0, 0 
156243, 364126392, 0.774, 0.759, 433.916, 0.250, 0.000, 2.455, 0, 0 
156243, 365766906, 0.775, 0.701, 433.916, 0.250, 0.000, 2.455, 0, 0 
156243, 367294382, 0.776, 0.753, 433.916, 0.250, 0.000, 2.455, 0, 0 
156243, 368807111, 0.777, 0.760, 433.916, 0.250, 0.000, 2.455, 0, 0 
156243, 370373902, 0.779, 0.734, 433.916, 0.250, 0.000, 2.456, 0, 0 
156243, 371939789, 0.780, 0.734, 433.916, 0.250, 0.000, 2.456, 0, 0 
156243, 373500257, 0.781, 0.737, 433.916, 0.250, 0.000, 2.456, 0, 0 
156243, 375013889, 0.782, 0.760, 433.916, 0.250, 0.000, 2.456, 0, 0 
156243, 376559230, 0.783, 0.744, 433.916, 0.250, 0.000, 2.457, 0, 0 
156243, 378072454, 0.784, 0.760, 433.916, 0.250, 0.000, 2.457, 0, 0 
156243, 379593758, 0.785, 0.756, 433.916, 0.250, 0.000, 2.457, 0, 0 
156243, 381116153, 0.787, 0.755, 433.916, 0.250, 0.000, 2.457, 0, 0 
156243, 382677423, 0.788, 0.737, 433.916, 0.250, 0.000, 2.458, 0, 0 
156243, 384195741, 0.789, 0.757, 433.916, 0.250, 0.000, 2.458, 0, 0 
156243, 385708506, 0.790, 0.760, 433.916, 0.250, 0.000, 2.458, 0, 0 
156243, 387220847, 0.791, 0.760, 433.916, 0.250, 0.000, 2.458, 0, 0 
156243, 388799799, 0.792, 0.728, 433.916, 0.250, 0.000, 2.458, 0, 0 
156243, 390362652, 0.793, 0.736, 433.916, 0.250, 0.000, 2.459, 0, 0 
156243, 391926049, 0.795, 0.736, 433.916, 0.250, 0.000, 2.459, 0, 0 
156243, 393444086, 0.796, 0.758, 433.916, 0.250, 0.000, 2.459, 0, 0 
156243, 394956936, 0.797, 0.760, 433.916, 0.250, 0.000, 2.459, 0, 0 
156243, 396470331, 0.798, 0.760, 433.916, 0.250, 0.000, 2.460, 0, 0 
156243, 398049594, 0.799, 0.728, 433.916, 0.250, 0.000, 2.460, 0, 0 
156243, 399586885, 0.800, 0.748, 433.916, 0.250, 0.000, 2.460, 0, 0 
156243, 401148373, 0.802, 0.736, 433.916, 0.250, 0.000, 2.460, 0, 0 
156243, 402660618, 0.803, 0.760, 433.916, 0.250, 0.000, 2.461, 0, 0 
156243, 404176680, 0.804, 0.759, 433.916, 0.250, 0.000, 2.461, 0, 0 
156243, 405689034, 0.805, 0.760, 433.916, 0.250, 0.000, 2.461, 0, 0 
156243, 407229109, 0.806, 0.747, 433.916, 0.250, 0.000, 2.461, 0, 0 
156243, 408741748, 0.807, 0.760, 433.916, 0.250, 0.000, 2.461, 0, 0 
156243, 410254219, 0.808, 0.760, 433.916, 0.250, 0.000, 2.462, 0, 0 
156243, 411767747, 0.810, 0.760, 433.916, 0.250, 0.000, 2.462, 0, 0 
156243, 413290284, 0.811, 0.755, 433.916, 0.250, 0.000, 2.462, 0, 0 
156243, 414811149, 0.812, 0.756, 433.916, 0.250, 0.000, 2.462, 0, 0 
156243, 416323405, 0.813, 0.760, 433.916, 0.250, 0.000, 2.463, 0, 0 
156243, 417903136, 0.814, 0.728, 433.916, 0.250, 0.000, 2.463, 0, 0 
156243, 419481341, 0.815, 0.729, 433.916, 0.250, 0.000, 2.463, 0, 0 
156243, 421060441, 0.816, 0.728, 433.916, 0.250, 0.000, 2.463, 0, 0 
156243, 422608816, 0.818, 0.743, 433.916, 0.250, 0.000, 2.464, 0, 0 
156243, 424123566, 0.819, 0.759, 433.916, 0.250, 0.000, 2.464, 0, 0 
156243, 425640185, 0.820, 0.758, 433.916, 0.250, 0.000, 2.464, 0, 0 
156243, 427153050, 0.821, 0.760, 433.916, 0.250, 0.000, 2.464, 0, 0 
156243, 428709414, 0.822, 0.739, 433.916, 0.250, 0.000, 2.464, 0, 0 
156243, 430260289, 0.823, 0.742, 433.916, 0.250, 0.000, 2.465, 0, 0 
156243, 431771723, 0.825, 0.761, 433.916, 0.250, 0.000, 2.465, 0, 0 
156243, 433282879, 0.826, 0.761, 433.916, 0.250, 0.000, 2.465, 0, 0 
156243, 434842989, 0.827, 0.737, 433.916, 0.250, 0.000, 2.465, 0, 0 
156243, 436402841, 0.828, 0.737, 433.916, 0.250, 0.000, 2.466, 0, 0 
156243, 438022682, 0.829, 0.710, 433.916, 0.250, 0.000, 2.466, 0, 0 
156243, 439588296, 0.830, 0.735, 433.916, 0.250, 0.000, 2.466, 0, 0 
156243, 441164428, 0.831, 0.730, 433.916, 0.250, 0.000, 2.466, 0, 0 
156243, 442737776, 0.833, 0.731, 433.916, 0.250, 0.000, 2.467, 0, 0 
156243, 444252713, 0.834, 0.759, 433.916, 0.250, 0.000, 2.467, 0, 0 
156243, 445815238, 0.835, 0.736, 433.916, 0.250, 0.000, 2.467, 0, 0 
156243, 447392175, 0.836, 0.729, 433.916, 0.250, 0.000, 2.467, 0, 0 
156243, 448903207, 0.837, 0.761, 433.916, 0.250, 0.000, 2.467, 0, 0 
156243, 450417370, 0.838, 0.759, 433.916, 0.250, 0.000, 2.468, 0, 0 
156243, 451928842, 0.839, 0.761, 433.916, 0.250, 0.000, 2.468, 0, 0 
156243, 453471107, 0.841, 0.746, 433.916, 0.250, 0.000, 2.468, 0, 0 
156243, 454985249, 0.842, 0.760, 433.916, 0.250, 0.000, 2.468, 0, 0 
156243, 456500036, 0.843, 0.759, 433.916, 0.250, 0.000, 2.469, 0, 0 
156243, 458023483, 0.844, 0.755, 433.916, 0.250, 0.000, 2.469, 0, 0 
156243, 459590285, 0.845, 0.734, 433.916, 0.250, 0.000, 2.469, 0, 0 
156243, 461135261, 0.846, 0.744, 433.916, 0.250, 0.000, 2.469, 0, 0 
156243, 462710896, 0.848, 0.730, 433.916, 0.250, 0.000, 2.470, 0, 0 
156243, 464224479, 0.849, 0.760, 433.916, 0.250, 0.000, 2.470, 0, 0 
156243, 465764332, 0.850, 0.747, 433.916, 0.250, 0.000, 2.470, 0, 0 
156243, 467278687, 0.851, 0.759, 433.916, 0.250, 0.000, 2.470, 0, 0 
156243, 468833260, 0.852, 0.740, 433.916, 0.250, 0.000, 2.470, 0, 0 
156243, 470434275, 0.853, 0.718, 433.916, 0.250, 0.000, 2.471, 0, 0 
156243, 471984138, 0.854, 0.742, 433.916, 0.250, 0.000, 2.471, 0, 0 
156243, 473567281, 0.856, 0.726, 433.916, 0.250, 0.000, 2.471, 0, 0 
156243, 475087729, 0.857, 0.756, 433.916, 0.250, 0.000, 2.471, 0, 0 
156243, 476669575, 0.858, 0.727, 433.916, 0.250, 0.000, 2.472, 0, 0 
156243, 478184609, 0.859, 0.759, 433.916, 0.250, 0.000, 2.472, 0, 0 
156243, 479697546, 0.860, 0.760, 433.916, 0.250, 0.000, 2.472, 0, 0 
156243, 481210748, 0.861, 0.760, 433.916, 0.250, 0.000, 2.472, 0, 0 
156243, 482723596, 0.862, 0.760, 433.916, 0.250, 0.000, 2.472, 0, 0 
156243, 484280779, 0.864, 0.739, 433.916, 0.250, 0.000, 2.473, 0, 0 
156243, 485794313, 0.865, 0.760, 433.916, 0.250, 0.000, 2.473, 0, 0 
156243, 487307121, 0.866, 0.760, 433.916, 0.250, 0.000, 2.473, 0, 0 
156243, 488823730, 0.867, 0.758, 433.916, 0.250, 0.000, 2.473, 0, 0 
156243, 490336430, 0.868, 0.760, 433.916, 0.250, 0.000, 2.474, 0, 0 
156243, 491859718, 0.869, 0.755, 433.916, 0.250, 0.000, 2.474, 0, 0 
156243, 493386630, 0.871, 0.753, 433.916, 0.250, 0.000, 2.474, 0, 0 
156243, 494924453, 0.872, 0.748, 433.916, 0.250, 0.000, 2.474, 0, 0 
156243, 496448088, 0.873, 0.755, 433.916, 0.250, 0.000, 2.475, 0, 0 
156243, 497979146, 0.874, 0.751, 433.916, 0.250, 0.000, 2.475, 0, 0 
156243, 499566006, 0.875, 0.725, 433.916, 0.250, 0.000, 2.475, 0, 0 
156243, 501123131, 0.876, 0.739, 433.916, 0.250, 0.000, 2.475, 0, 0 
156243, 502637542, 0.877, 0.759, 433.916, 0.250, 0.000, 2.475, 0, 0 
156243, 504155090, 0.879, 0.758, 433.916, 0.250, 0.000, 2.476, 0, 0 
156243, 505668552, 0.880, 0.760, 433.916, 0.250, 0.000, 2.476, 0, 0 
156243, 507181832, 0.881, 0.760, 433.916, 0.250, 0.000, 2.476, 0, 0 
156243, 508737158, 0.882, 0.739, 433.916, 0.250, 0.000, 2.476, 0, 0 
156243, 510319832, 0.883, 0.727, 433.916, 0.250, 0.000, 2.477, 0, 0 
156243, 511904688, 0.884, 0.726, 433.916, 0.250, 0.000, 2.477, 0, 0 
156243, 513418631, 0.885, 0.760, 433.916, 0.250, 0.000, 2.477, 0, 0 
156243, 514959405, 0.887, 0.746, 433.916, 0.250, 0.000, 2.477, 0, 0 
156243, 516473620, 0.888, 0.759, 433.916, 0.250, 0.000, 2.478, 0, 0 
156243, 517989011, 0.889, 0.759, 433.916, 0.250, 0.000, 2.478, 0, 0 
156243, 519501625, 0.890, 0.760, 433.916, 0.250, 0.000, 2.478, 0, 0 
156243, 521022680, 0.891, 0.756, 433.916, 0.250, 0.000, 2.478, 0, 0 
156243, 522537203, 0.892, 0.759, 433.916, 0.250, 0.000, 2.478, 0, 0 
156243, 524051877, 0.894, 0.759, 433.916, 0.250, 0.000, 2.479, 0, 0 
156243, 525581287, 0.895, 0.752, 433.916, 0.250, 0.000, 2.479, 0, 0 
156243, 527110339, 0.896, 0.752, 433.916, 0.250, 0.000, 2.479, 0, 0 
156243, 528623114, 0.897, 0.760, 433.916, 0.250, 0.000, 2.479, 0, 0 
156243, 530217788, 0.898, 0.721, 433.916, 0.250, 0.000, 2.480, 0, 0 
156243, 531907174, 0.899, 0.681, 433.916, 0.250, 0.000, 2.480, 0, 0 
156243, 533461302, 0.900, 0.740, 433.916, 0.250, 0.000, 2.480, 0, 0 
156243, 535025351, 0.902, 0.735, 433.916, 0.250, 0.000, 2.480, 0, 0 
156243, 536544053, 0.903, 0.757, 433.916, 0.250, 0.000, 2.481, 0, 0 
156243, 538057839, 0.904, 0.760, 433.916, 0.250, 0.000, 2.481, 0, 0 
156243, 539572601, 0.905, 0.759, 433.916, 0.250, 0.000, 2.481, 0, 0 
156243, 541123542, 0.906, 0.741, 433.916, 0.250, 0.000, 2.481, 0, 0 
156243, 542692689, 0.907, 0.733, 433.916, 0.250, 0.000, 2.481, 0, 0 
156243, 544267960, 0.908, 0.730, 433.916, 0.250, 0.000, 2.482, 0, 0 
156243, 545811674, 0.910, 0.745, 433.916, 0.250, 0.000, 2.482, 0, 0 
156243, 547380303, 0.911, 0.733, 433.916, 0.250, 0.000, 2.482, 0, 0 
156243, 548893485, 0.912, 0.760, 433.916, 0.250, 0.000, 2.482, 0, 0 
156243, 550408137, 0.913, 0.759, 433.916, 0.250, 0.000, 2.483, 0, 0 
156243, 551938367, 0.914, 0.752, 433.916, 0.250, 0.000, 2.483, 0, 0 
156243, 553462517, 0.915, 0.755, 433.916, 0.250, 0.000, 2.483, 0, 0 
156243, 554977892, 0.917, 0.759, 433.916, 0.250, 0.000, 2.483, 0, 0 
156243, 556493215, 0.918, 0.759, 433.916, 0.250, 0.000, 2.484, 0, 0 
156243, 558070490, 0.919, 0.729, 433.916, 0.250, 0.000, 2.484, 0, 0 
156243, 559607110, 0.920, 0.748, 433.916, 0.250, 0.000, 2.484, 0, 0 
156243, 561173231, 0.921, 0.734, 433.916, 0.250, 0.000, 2.484, 0, 0 
156243, 562691137, 0.922, 0.758, 433.916, 0.250, 0.000, 2.484, 0, 0 
156243, 564212376, 0.923, 0.756, 433.916, 0.250, 0.000, 2.485, 0, 0 
156243, 565731346, 0.925, 0.757, 433.916, 0.250, 0.000, 2.485, 0, 0 
156243, 567293503, 0.926, 0.736, 433.916, 0.250, 0.000, 2.485, 0, 0 
156243, 568806834, 0.927, 0.760, 433.916, 0.250, 0.000, 2.485, 0, 0 
156243, 570373626, 0.928, 0.734, 433.916, 0.250, 0.000, 2.486, 0, 0 
156243, 571935378, 0.929, 0.736, 433.916, 0.250, 0.000, 2.486, 0, 0 
156243, 573498178, 0.930, 0.736, 433.916, 0.250, 0.000, 2.486, 0, 0 
156243, 575015132, 0.931, 0.758, 433.916, 0.250, 0.000, 2.486, 0, 0 
156243, 576612595, 0.933, 0.720, 433.916, 0.250, 0.000, 2.487, 0, 0 
156243, 578180186, 0.934, 0.734, 433.916, 0.250, 0.000, 2.487, 0, 0 
156243, 579748003, 0.935, 0.734, 433.916, 0.250, 0.000, 2.487, 0, 0 
156243, 581316331, 0.936, 0.733, 433.916, 0.250, 0.000, 2.487, 0, 0 
156243, 582831121, 0.937, 0.759, 433.916, 0.250, 0.000, 2.487, 0, 0 
156243, 584349830, 0.938, 0.757, 433.916, 0.250, 0.000, 2.488, 0, 0 
156243, 585873669, 0.940, 0.755, 433.916, 0.250, 0.000, 2.488, 0, 0 
156243, 587398908, 0.941, 0.754, 433.916, 0.250, 0.000, 2.488, 0, 0 
156243, 588916911, 0.942, 0.758, 433.916, 0.250, 0.000, 2.488, 0, 0 
156243, 590525603, 0.943, 0.715, 433.916, 0.250, 0.000, 2.489, 0, 0 
156243, 592134690, 0.944, 0.715, 433.916, 0.250, 0.000, 2.489, 0, 0 
156243, 593650690, 0.945, 0.759, 433.916, 0.250, 0.000, 2.489, 0, 0 
156243, 595168941, 0.946, 0.757, 433.916, 0.250, 0.000, 2.489, 0, 0 
156243, 596686748, 0.948, 0.758, 433.916, 0.250, 0.000, 2.490, 0, 0 
156243, 598213643, 0.949, 0.753, 433.916, 0.250, 0.000, 2.490, 0, 0 
156243, 599727508, 0.950, 0.760, 433.916, 0.250, 0.000, 2.490, 0, 0 
156243, 601241403, 0.951, 0.760, 433.916, 0.250, 0.000, 2.490, 0, 0 
156243, 602754951, 0.952, 0.760, 433.916, 0.250, 0.000, 2.490, 0, 0 
156243, 604271137, 0.953, 0.758, 433.916, 0.250, 0.000, 2.491, 0, 0 
156243, 605786368, 0.954, 0.759, 433.916, 0.250, 0.000, 2.491, 0, 0 
156243, 607340853, 0.956, 0.740, 433.916, 0.250, 0.000, 2.491, 0, 0 
156243, 608859061, 0.957, 0.757, 433.916, 0.250, 0.000, 2.491, 0, 0 
156243, 610444169, 0.958, 0.726, 433.916, 0.250, 0.000, 2.492, 0, 0 
156243, 612032769, 0.959, 0.724, 433.916, 0.250, 0.000, 2.492, 0, 0 
156243, 613577278, 0.960, 0.745, 433.916, 0.250, 0.000, 2.492, 0, 0 
156243, 615130883, 0.961, 0.740, 433.916, 0.250, 0.000, 2.492, 0, 0 
156243, 616694311, 0.963, 0.736, 433.916, 0.250, 0.000, 2.493, 0, 0 
156243, 618209015, 0.964, 0.759, 433.916, 0.250, 0.000, 2.493, 0, 0 
156243, 619725255, 0.965, 0.758, 433.916, 0.250, 0.000, 2.493, 0, 0 
156243, 621243118, 0.966, 0.758, 433.916, 0.250, 0.000, 2.493, 0, 0 
156243, 622822891, 0.967, 0.728, 433.916, 0.250, 0.000, 2.493, 0, 0 
156243, 624349593, 0.968, 0.753, 433.916, 0.250, 0.000, 2.494, 0, 0 
156243, 625877769, 0.969, 0.753, 433.916, 0.250, 0.000, 2.494, 0, 0 
156243, 627398596, 0.971, 0.756, 433.916, 0.250, 0.000, 2.494, 0, 0 
156243, 628921238, 0.972, 0.755, 433.916, 0.250, 0.000, 2.494, 0, 0 
156243, 630485150, 0.973, 0.735, 433.916, 0.250, 0.000, 2.495, 0, 0 
156243, 631997075, 0.974, 0.761, 433.916, 0.250, 0.000, 2.495, 0, 0 
156243, 633509374, 0.975, 0.760, 433.916, 0.250, 0.000, 2.495, 0, 0 
156243, 635021862, 0.976, 0.760, 433.916, 0.250, 0.000, 2.495, 0, 0 
156243, 636535913, 0.977, 0.760, 433.916, 0.250, 0.000, 2.495, 0, 0 
156243, 638089987, 0.979, 0.740, 433.916, 0.250, 0.000, 2.496, 0, 0 
156243, 639604529, 0.980, 0.759, 433.916, 0.250, 0.000, 2.496, 0, 0 
156243, 641117729, 0.981, 0.760, 433.916, 0.250, 0.000, 2.496, 0, 0 
156243, 642702450, 0.982, 0.726, 433.916, 0.250, 0.000, 2.496, 0, 0 
156243, 644290271, 0.983, 0.724, 433.916, 0.250, 0.000, 2.497, 0, 0 
156243, 645804800, 0.984, 0.759, 433.916, 0.250, 0.000, 2.497, 0, 0 
156243, 647317916, 0.986, 0.760, 433.916, 0.250, 0.000, 2.497, 0, 0 
156243, 648831832, 0.987, 0.760, 433.916, 0.250, 0.000, 2.497, 0, 0 
156243, 650412416, 0.988, 0.728, 433.916, 0.250, 0.000, 2.498, 0, 0 
156243, 651928452, 0.989, 0.759, 433.916, 0.250, 0.000, 2.498, 0, 0 
156243, 653483722, 0.990, 0.739, 433.916, 0.250, 0.000, 2.498, 0, 0 
156243, 655008021, 0.991, 0.754, 433.916, 0.250, 0.000, 2.498, 0, 0 
156243, 656596587, 0.992, 0.724, 433.916, 0.250, 0.000, 2.498, 0, 0 
156243, 658136150, 0.994, 0.747, 433.916, 0.250, 0.000, 2.499, 0, 0 
156243, 659649734, 0.995, 0.760, 433.916, 0.250, 0.000, 2.499, 0, 0 
156243, 661162867, 0.996, 0.760, 433.916, 0.250, 0.000, 2.499, 0, 0 
156243, 662678795, 0.997, 0.759, 433.916, 0.250, 0.000, 2.499, 0, 0 
156243, 664223942, 0.998, 0.744, 433.916, 0.250, 0.000, 2.500, 0, 0 
156243, 665774921, 0.999, 0.741, 433.916, 0.250, 0.000, 2.500, 0, 0 
156243, 667306506, 1.000, 0.751, 433.916, 0.250, 0.000, 2.500, 0, 0 
156243, 668927697, 1.002, 0.709, 433.916, 0.250, 0.000, 2.500, 0, 0 
156243, 670508532, 1.003, 0.727, 433.916, 0.250, 0.000, 2.501, 0, 0 
156243, 672065146, 1.004, 0.739, 433.916, 0.250, 0.000, 2.501, 0, 0 
156243, 673621021, 1.005, 0.739, 433.916, 0.250, 0.000, 2.501, 0, 0 
156243, 675145000, 1.006, 0.755, 433.916, 0.250, 0.000, 2.501, 0, 0 
156243, 676711056, 1.007, 0.734, 433.916, 0.250, 0.000, 2.501, 0, 0 
156243, 678257681, 1.009, 0.744, 433.916, 0.250, 0.000, 2.502, 0, 0 
156243, 679824568, 1.010, 0.734, 433.916, 0.250, 0.000, 2.502, 0, 0 
156243, 681393072, 1.011, 0.733, 433.916, 0.250, 0.000, 2.502, 0, 0 
156243, 682907280, 1.012, 0.759, 433.916, 0.250, 0.000, 2.502, 0, 0 
156243, 684482093, 1.013, 0.730, 433.916, 0.250, 0.000, 2.503, 0, 0 
156243, 685996776, 1.014, 0.759, 433.916, 0.250, 0.000, 2.503, 0, 0 
156243, 687512969, 1.015, 0.758, 433.916, 0.250, 0.000, 2.503, 0, 0 
156243, 689050839, 1.017, 0.748, 433.916, 0.250, 0.000, 2.503, 0, 0 
156243, 690609745, 1.018, 0.738, 433.916, 0.250, 0.000, 2.504, 0, 0 
156243, 692128264, 1.019, 0.757, 433.916, 0.250, 0.000, 2.504, 0, 0 
156243, 693641416, 1.020, 0.760, 433.916, 0.250, 0.000, 2.504, 0, 0 
156243, 695163640, 1.021, 0.755, 433.916, 0.250, 0.000, 2.504, 0, 0 
156243, 696708670, 1.022, 0.744, 433.916, 0.250, 0.000, 2.504, 0, 0 
156243, 698226870, 1.023, 0.757, 433.916, 0.250, 0.000, 2.505, 0, 0 
156243, 699773131, 1.025, 0.744, 433.916, 0.250, 0.000, 2.505, 0, 0 
156243, 701324478, 1.026, 0.741, 433.916, 0.250, 0.000, 2.505, 0, 0 
156243, 702884854, 1.027, 0.737, 433.916, 0.250, 0.000, 2.505, 0, 0 
156243, 704448380, 1.028, 0.736, 433.916, 0.250, 0.000, 2.506, 0, 0 
156243, 706010610, 1.029, 0.736, 433.916, 0.250, 0.000, 2.506, 0, 0 
156243, 707525197, 1.030, 0.759, 433.916, 0.250, 0.000, 2.506, 0, 0 
156243, 709039719, 1.032, 0.759, 433.916, 0.250, 0.000, 2.506, 0, 0 
156243, 710625052, 1.033, 0.725, 433.916, 0.250, 0.000, 2.507, 0, 0 
156243, 712212825, 1.034, 0.724, 433.916, 0.250, 0.000, 2.507, 0, 0 
156243, 713796989, 1.035, 0.726, 433.916, 0.250, 0.000, 2.507, 0, 0 
156243, 715379973, 1.036, 0.726, 433.916, 0.250, 0.000, 2.507, 0, 0 
156243, 716897271, 1.037, 0.758, 433.916, 0.250, 0.000, 2.507, 0, 0 
156243, 718414625, 1.038, 0.758, 433.916, 0.250, 0.000, 2.508, 0, 0 
156243, 719939602, 1.040, 0.754, 433.916, 0.250, 0.000, 2.508, 0, 0 
156243, 721485672, 1.041, 0.744, 433.916, 0.250, 0.000, 2.508, 0, 0 
156243, 723013698, 1.042, 0.753, 433.916, 0.250, 0.000, 2.508, 0, 0 
156243, 724574198, 1.043, 0.737, 433.916, 0.250, 0.000, 2.509, 0, 0 
156243, 726136064, 1.044, 0.736, 433.916, 0.250, 0.000, 2.509, 0, 0 
156243, 727680219, 1.045, 0.745, 433.916, 0.250, 0.000, 2.509, 0, 0 
156243, 729198117, 1.046, 0.758, 433.916, 0.250, 0.000, 2.509, 0, 0 
156243, 730876458, 1.048, 0.685, 433.916, 0.250, 0.000, 2.510, 0, 0 
156243, 732391172, 1.049, 0.759, 433.916, 0.250, 0.000, 2.510, 0, 0 
156243, 733951913, 1.050, 0.737, 433.916, 0.250, 0.000, 2.510, 0, 0 
156243, 735514531, 1.051, 0.736, 433.916, 0.250, 0.000, 2.510, 0, 0 
156243, 737076168, 1.052, 0.736, 433.916, 0.250, 0.000, 2.510, 0, 0 
156243, 738638677, 1.053, 0.736, 433.916, 0.250, 0.000, 2.511, 0, 0 
156243, 740154386, 1.055, 0.759, 433.916, 0.250, 0.000, 2.511, 0, 0 
156243, 741733808, 1.056, 0.728, 433.916, 0.250, 0.000, 2.511, 0, 0 
156243, 743318136, 1.057, 0.726, 433.916, 0.250, 0.000, 2.511, 0, 0 
156243, 744833304, 1.058, 0.759, 433.916, 0.250, 0.000, 2.512, 0, 0 
156243, 746420179, 1.059, 0.725, 433.916, 0.250, 0.000, 2.512, 0, 0 
156243, 747941448, 1.060, 0.756, 433.916, 0.250, 0.000, 2.512, 0, 0 
156243, 749457361, 1.061, 0.759, 433.916, 0.250, 0.000, 2.512, 0, 0 
156243, 751009376, 1.063, 0.741, 433.916, 0.250, 0.000, 2.513, 0, 0 
156243, 752655723, 1.064, 0.699, 433.916, 0.250, 0.000, 2.513, 0, 0 
156243, 754183790, 1.065, 0.753, 433.916, 0.250, 0.000, 2.513, 0, 0 
156243, 755699724, 1.066, 0.759, 433.916, 0.250, 0.000, 2.513, 0, 0 
156243, 757213475, 1.067, 0.760, 433.916, 0.250, 0.000, 2.513, 0, 0 
156243, 758727550, 1.068, 0.760, 433.916, 0.250, 0.000, 2.514, 0, 0 
156243, 760281416, 1.069, 0.740, 433.916, 0.250, 0.000, 2.514, 0, 0 
156243, 761836245, 1.071, 0.740, 433.916, 0.250, 0.000, 2.514, 0, 0 
156243, 763353357, 1.072, 0.758, 433.916, 0.250, 0.000, 2.514, 0, 0 
156243, 764900974, 1.073, 0.743, 433.916, 0.250, 0.000, 2.515, 0, 0 
156243, 766462491, 1.074, 0.736, 433.916, 0.250, 0.000, 2.515, 0, 0 
156243, 767976595, 1.075, 0.760, 433.916, 0.250, 0.000, 2.515, 0, 0 
156243, 769522048, 1.076, 0.744, 433.916, 0.250, 0.000, 2.515, 0, 0 
156243, 771037356, 1.078, 0.759, 433.916, 0.250, 0.000, 2.516, 0, 0 
156243, 772586095, 1.079, 0.743, 433.916, 0.250, 0.000, 2.516, 0, 0 
156243, 774137846, 1.080, 0.741, 433.916, 0.250, 0.000, 2.516, 0, 0 
156243, 775654601, 1.081, 0.758, 433.916, 0.250, 0.000, 2.516, 0, 0 
156243, 777279173, 1.082, 0.708, 433.916, 0.250, 0.000, 2.516, 0, 0 
156243, 778845865, 1.083, 0.734, 433.916, 0.250, 0.000, 2.517, 0, 0 
156243, 780368737, 1.084, 0.755, 433.916, 0.250, 0.000, 2.517, 0, 0 
156243, 781888434, 1.086, 0.757, 433.916, 0.250, 0.000, 2.517, 0, 0 
156243, 783415112, 1.087, 0.753, 433.916, 0.250, 0.000, 2.517, 0, 0 
156243, 785041086, 1.088, 0.707, 433.916, 0.250, 0.000, 2.518, 0, 0 
156243, 786575279, 1.089, 0.750, 433.916, 0.250, 0.000, 2.518, 0, 0 
156243, 788098747, 1.090, 0.755, 433.916, 0.250, 0.000, 2.518, 0, 0 
156243, 789658311, 1.091, 0.737, 433.916, 0.250, 0.000, 2.518, 0, 0 
156243, 791218915, 1.092, 0.737, 433.916, 0.250, 0.000, 2.518, 0, 0 
156243, 792816579, 1.094, 0.720, 433.916, 0.250, 0.000, 2.519, 0, 0 
156243, 794378253, 1.095, 0.736, 433.916, 0.250, 0.000, 2.519, 0, 0 
156243, 795894725, 1.096, 0.758, 433.916, 0.250, 0.000, 2.519, 0, 0 
156243, 797438236, 1.097, 0.745, 433.916, 0.250, 0.000, 2.519, 0, 0 
156243, 798953770, 1.098, 0.759, 433.916, 0.250, 0.000, 2.520, 0, 0 
156243, 800468779, 1.099, 0.759, 433.916, 0.250, 0.000, 2.520, 0, 0 
156243, 801991309, 1.101, 0.755, 433.916, 0.250, 0.000, 2.520, 0, 0 
156243, 803509949, 1.102, 0.757, 433.916, 0.250, 0.000, 2.520, 0, 0 
156243, 805021612, 1.103, 0.761, 433.916, 0.250, 0.000, 2.521, 0, 0 
156243, 806597346, 1.104, 0.730, 433.916, 0.250, 0.000, 2.521, 0, 0 
156243, 808172429, 1.105, 0.730, 433.916, 0.250, 0.000, 2.521, 0, 0 
156243, 809753164, 1.106, 0.728, 433.916, 0.250, 0.000, 2.521, 0, 0 
156243, 811328998, 1.107, 0.730, 433.916, 0.250, 0.000, 2.521, 0, 0 
156243, 812851628, 1.109, 0.755, 433.916, 0.250, 0.000, 2.522, 0, 0 
156243, 814416446, 1.110, 0.735, 433.916, 0.250, 0.000, 2.522, 0, 0 
156243, 815934018, 1.111, 0.758, 433.916, 0.250, 0.000, 2.522, 0, 0 
156243, 817456681, 1.112, 0.755, 433.916, 0.250, 0.000, 2.522, 0, 0 
156243, 818992549, 1.113, 0.749, 433.916, 0.250, 0.000, 2.523, 0, 0 
156243, 820505190, 1.114, 0.760, 433.916, 0.250, 0.000, 2.523, 0, 0 
156243, 822017082, 1.115, 0.761, 433.916, 0.250, 0.000, 2.523, 0, 0 
156243, 823629892, 1.117, 0.713, 433.916, 0.250, 0.000, 2.523, 0, 0 
156243, 825211383, 1.118, 0.727, 433.916, 0.250, 0.000, 2.524, 0, 0 
156243, 826793107, 1.119, 0.727, 433.916, 0.250, 0.000, 2.524, 0, 0 
156243, 828314169, 1.120, 0.756, 433.916, 0.250, 0.000, 2.524, 0, 0 
156243, 829834575, 1.121, 0.756, 433.916, 0.250, 0.000, 2.524, 0, 0 
156243, 831385855, 1.122, 0.741, 433.916, 0.250, 0.000, 2.524, 0, 0 
156243, 833274325, 1.124, 0.609, 433.916, 0.250, 0.000, 2.525, 0, 0 
156243, 834834071, 1.125, 0.737, 433.916, 0.250, 0.000, 2.525, 0, 0 
156243, 836352457, 1.126, 0.757, 433.916, 0.250, 0.000, 2.525, 0, 0 
156243, 837902209, 1.127, 0.742, 433.916, 0.250, 0.000, 2.525, 0, 0 
156243, 839496159, 1.128, 0.721, 433.916, 0.250, 0.000, 2.526, 0, 0 
156243, 841057515, 1.129, 0.737, 433.916, 0.250, 0.000, 2.526, 0, 0 
156243, 842620697, 1.130, 0.736, 433.916, 0.250, 0.000, 2.526, 0, 0 
156243, 844133447, 1.132, 0.760, 433.916, 0.250, 0.000, 2.526, 0, 0 
156243, 845648133, 1.133, 0.759, 433.916, 0.250, 0.000, 2.527, 0, 0 
156243, 847164267, 1.134, 0.759, 433.916, 0.250, 0.000, 2.527, 0, 0 
156243, 848737326, 1.135, 0.731, 433.916, 0.250, 0.000, 2.527, 0, 0 
156243, 850269436, 1.136, 0.751, 433.916, 0.250, 0.000, 2.527, 0, 0 
156243, 851782685, 1.137, 0.760, 433.916, 0.250, 0.000, 2.527, 0, 0 
156243, 853295745, 1.138, 0.760, 433.916, 0.250, 0.000, 2.528, 0, 0 
156243, 854870660, 1.140, 0.730, 433.916, 0.250, 0.000, 2.528, 0, 0 
156243, 856425076, 1.141, 0.740, 433.916, 0.250, 0.000, 2.528, 0, 0 
156243, 857986827, 1.142, 0.736, 433.916, 0.250, 0.000, 2.528, 0, 0 
156243, 859551738, 1.143, 0.735, 433.916, 0.250, 0.000, 2.529, 0, 0 
156243, 861112501, 1.144, 0.737, 433.916, 0.250, 0.000, 2.529, 0, 0 
156243, 862630727, 1.145, 0.757, 433.916, 0.250, 0.000, 2.529, 0, 0 
156243, 864185571, 1.147, 0.740, 433.916, 0.250, 0.000, 2.529, 0, 0 
156243, 865975784, 1.148, 0.642, 433.916, 0.250, 0.000, 2.530, 0, 0 
156243, 867555401, 1.149, 0.728, 433.916, 0.250, 0.000, 2.530, 0, 0 
156243, 869134522, 1.150, 0.728, 433.916, 0.250, 0.000, 2.530, 0, 0 
