Thu Nov 29 11:04:35 2018
Controller Frequency: 1.50 kHz
Time(s), Time(ns), x, v, f, xdes, vdes, cmd, LSB, LSF
151816, 574343094, 0.000, 0.000, -454.981, 250.000, 0.000, 2.350, 0, 0 
151816, 575870616, 0.000, 0.000, -454.994, 250.000, 0.000, 2.350, 0, 0 
151816, 577474107, 0.000, 0.000, -454.981, 250.000, 0.000, 2.350, 0, 0 
151816, 579088390, 0.000, 0.000, -454.981, 250.000, 0.000, 2.350, 0, 0 
151816, 580705342, 0.000, 0.000, -454.981, 250.000, 0.000, 2.350, 0, 0 
151816, 582316538, 0.000, 0.000, -454.967, 250.000, 0.000, 2.350, 0, 0 
151816, 583922240, 0.000, 0.000, -454.967, 250.000, 0.000, 2.350, 0, 0 
151816, 585516923, 0.000, 0.000, -454.967, 250.000, 0.000, 2.350, 0, 0 
151816, 587115581, 0.000, 0.000, -454.981, 250.000, 0.000, 2.350, 0, 0 
151816, 588623206, 0.000, 0.000, -454.994, 250.000, 0.000, 2.350, 0, 0 
151816, 590242667, 0.000, 0.000, -454.981, 250.000, 0.000, 2.350, 0, 0 
151816, 591836991, 0.000, 0.000, -454.994, 250.000, 0.000, 2.350, 0, 0 
151816, 593343858, 0.000, 0.000, -454.981, 250.000, 0.000, 2.350, 0, 0 
151816, 594942087, 0.000, 0.000, -454.981, 250.000, 0.000, 2.350, 0, 0 
151816, 596514731, 0.000, 0.000, -454.967, 250.000, 0.000, 2.350, 0, 0 
151816, 598105177, 0.000, 0.000, -454.981, 250.000, 0.000, 2.350, 0, 0 
151816, 599702152, 0.000, 0.000, -454.981, 250.000, 0.000, 2.350, 0, 0 
151816, 601291945, 0.000, 0.000, -454.967, 250.000, 0.000, 2.350, 0, 0 
151816, 602882296, 0.000, 0.000, -454.981, 250.000, 0.000, 2.350, 0, 0 
151816, 604483171, 0.000, 0.000, -454.981, 250.000, 0.000, 2.350, 0, 0 
151816, 606102605, 0.000, 0.000, -454.967, 250.000, 0.000, 2.350, 0, 0 
151816, 607698598, 0.000, 0.000, -454.994, 250.000, 0.000, 2.350, 0, 0 
151816, 609291195, 0.000, 0.000, -454.981, 250.000, 0.000, 2.350, 0, 0 
151816, 610884653, 0.000, 0.000, -454.981, 250.000, 0.000, 2.350, 0, 0 
151816, 612397097, 0.000, 0.000, -454.967, 250.000, 0.000, 2.350, 0, 0 
151816, 613990970, 0.000, 0.000, -454.967, 250.000, 0.000, 2.350, 0, 0 
151816, 615590921, 0.000, 0.000, -454.967, 250.000, 0.000, 2.350, 0, 0 
151816, 617179463, 0.000, 0.000, -454.981, 250.000, 0.000, 2.350, 0, 0 
151816, 618769734, 0.000, 0.000, -454.981, 250.000, 0.000, 2.350, 0, 0 
151816, 620290461, 0.000, 0.000, -454.981, 250.000, 0.000, 2.350, 0, 0 
151816, 621923927, 0.000, 0.000, -454.981, 250.000, 0.000, 2.350, 0, 0 
151816, 623504182, 0.000, 0.000, -454.981, 250.000, 0.000, 2.350, 0, 0 
151816, 625020880, 0.000, 0.000, -454.994, 250.000, 0.000, 2.350, 0, 0 
151816, 626535686, 0.000, 0.000, -454.981, 250.000, 0.000, 2.350, 0, 0 
151816, 628054197, 0.000, 0.000, -454.967, 250.000, 0.000, 2.350, 0, 0 
151816, 629647858, 0.000, 0.000, -454.981, 250.000, 0.000, 2.350, 0, 0 
151816, 631235052, 0.000, 0.000, -454.981, 250.000, 0.000, 2.350, 0, 0 
151816, 632821661, 0.000, 0.000, -454.981, 250.000, 0.000, 2.350, 0, 0 
151816, 634338347, 0.000, 0.000, -454.981, 250.000, 0.000, 2.350, 0, 0 
151816, 635853128, 0.000, 0.000, -454.994, 250.000, 0.000, 2.350, 0, 0 
151816, 637413639, 0.000, 0.000, -454.981, 250.000, 0.000, 2.350, 0, 0 
151816, 638957823, 0.000, 0.000, -454.981, 250.000, 0.000, 2.350, 0, 0 
151816, 640473440, 0.000, 0.000, -454.967, 250.000, 0.000, 2.350, 0, 0 
151816, 641986156, 0.000, 0.000, -454.967, 250.000, 0.000, 2.350, 0, 0 
151816, 643552912, 0.000, 0.000, -454.981, 250.000, 0.000, 2.350, 0, 0 
151816, 645119301, 0.000, 0.000, -454.994, 250.000, 0.000, 2.350, 0, 0 
151816, 646689366, 0.000, 0.000, -454.981, 250.000, 0.000, 2.350, 0, 0 
151816, 648209457, 0.000, 0.000, -454.981, 250.000, 0.000, 2.350, 0, 0 
151816, 649724145, 0.000, 0.000, -454.981, 250.000, 0.000, 2.350, 0, 0 
151816, 651293412, 0.000, 0.000, -454.967, 250.000, 0.000, 2.350, 0, 0 
151816, 652921187, 0.000, 0.000, -454.981, 250.000, 0.000, 2.350, 0, 0 
151816, 654439490, 0.000, 0.000, -454.994, 250.000, 0.000, 2.350, 0, 0 
151816, 655954236, 0.000, 0.000, -454.967, 250.000, 0.000, 2.350, 0, 0 
151816, 657466218, 0.000, 0.000, -454.981, 250.000, 0.000, 2.350, 0, 0 
151816, 658979364, 0.000, 0.000, -454.981, 250.000, 0.000, 2.350, 0, 0 
151816, 660495126, 0.000, 0.000, -454.981, 250.000, 0.000, 2.350, 0, 0 
151816, 662094094, 0.000, 0.000, -454.981, 250.000, 0.000, 2.350, 0, 0 
151816, 663694270, 0.000, 0.000, -454.994, 250.000, 0.000, 2.350, 0, 0 
151816, 665294239, 0.000, 0.000, -454.981, 250.000, 0.000, 2.350, 0, 0 
151816, 666892729, 0.000, 0.000, -454.981, 250.000, 0.000, 2.350, 0, 0 
151816, 668513521, 0.000, 0.000, -454.981, 250.000, 0.000, 2.350, 0, 0 
151816, 670099187, 0.000, 0.000, -454.994, 250.000, 0.000, 2.350, 0, 0 
151816, 671613620, 0.000, 0.000, -454.981, 250.000, 0.000, 2.350, 0, 0 
151816, 673126719, 0.000, 0.000, -454.981, 250.000, 0.000, 2.350, 0, 0 
151816, 674641319, 0.000, 0.000, -454.967, 250.000, 0.000, 2.350, 0, 0 
151816, 676158917, 0.000, 0.000, -454.981, 250.000, 0.000, 2.350, 0, 0 
151816, 677670990, 0.000, 0.000, -454.981, 250.000, 0.000, 2.350, 0, 0 
151816, 679182548, 0.000, 0.000, -454.981, 250.000, 0.000, 2.350, 0, 0 
151816, 680695699, 0.000, 0.000, -454.981, 250.000, 0.000, 2.350, 0, 0 
151816, 682206679, 0.000, 0.000, -454.981, 250.000, 0.000, 2.350, 0, 0 
151816, 683761002, 0.000, 0.000, -454.981, 250.000, 0.000, 2.350, 0, 0 
151816, 685273186, 0.000, 0.000, -454.994, 250.000, 0.000, 2.350, 0, 0 
151816, 686784537, 0.000, 0.000, -454.981, 250.000, 0.000, 2.350, 0, 0 
151816, 688299601, 0.000, 0.000, -454.967, 250.000, 0.000, 2.350, 0, 0 
151816, 689815719, 0.000, 0.000, -454.981, 250.000, 0.000, 2.350, 0, 0 
151816, 691327756, 0.000, 0.000, -454.967, 250.000, 0.000, 2.350, 0, 0 
151816, 692841308, 0.000, 0.000, -454.994, 250.000, 0.000, 2.350, 0, 0 
151816, 694353710, 0.000, 0.000, -454.981, 250.000, 0.000, 2.350, 0, 0 
151816, 695865048, 0.000, 0.000, -454.994, 250.000, 0.000, 2.350, 0, 0 
151816, 697377565, 0.000, 0.000, -454.994, 250.000, 0.000, 2.350, 0, 0 
151816, 698929825, 0.000, 0.000, -454.981, 250.000, 0.000, 2.350, 0, 0 
151816, 700441052, 0.000, 0.000, -454.981, 250.000, 0.000, 2.350, 0, 0 
151816, 701953896, 0.000, 0.000, -454.981, 250.000, 0.000, 2.350, 0, 0 
151816, 703465943, 0.000, 0.000, -454.967, 250.000, 0.000, 2.350, 0, 0 
151816, 705045913, 0.000, 0.000, -454.967, 250.000, 0.000, 2.350, 0, 0 
151816, 706646852, 0.000, 0.000, -454.967, 250.000, 0.000, 2.350, 0, 0 
151816, 708254169, 0.000, 0.000, -454.981, 250.000, 0.000, 2.350, 0, 0 
151816, 709864539, 0.000, 0.000, -454.981, 250.000, 0.000, 2.350, 0, 0 
151816, 711465519, 0.000, 0.000, -454.981, 250.000, 0.000, 2.350, 0, 0 
151816, 713068316, 0.000, 0.000, -454.981, 250.000, 0.000, 2.350, 0, 0 
151816, 714709799, 0.000, 0.000, -454.967, 250.000, 0.000, 2.350, 0, 0 
151816, 716224705, 0.000, 0.000, -454.994, 250.000, 0.000, 2.350, 0, 0 
151816, 717737104, 0.000, 0.000, -454.967, 250.000, 0.000, 2.350, 0, 0 
151816, 719249013, 0.000, 0.000, -454.967, 250.000, 0.000, 2.350, 0, 0 
151816, 720852244, 0.000, 0.000, -454.967, 250.000, 0.000, 2.350, 0, 0 
151816, 722366519, 0.000, 0.000, -454.967, 250.000, 0.000, 2.350, 0, 0 
151816, 723876926, 0.000, 0.000, -454.981, 250.000, 0.000, 2.350, 0, 0 
151816, 725388237, 0.000, 0.000, -454.967, 250.000, 0.000, 2.350, 0, 0 
151816, 726899717, 0.000, 0.000, -454.994, 250.000, 0.000, 2.350, 0, 0 
151816, 728503051, 0.000, 0.000, -454.967, 250.000, 0.000, 2.350, 0, 0 
151816, 730150331, 0.000, 0.000, -454.981, 250.000, 0.000, 2.350, 0, 0 
151816, 731739577, 0.000, 0.000, -454.967, 250.000, 0.000, 2.350, 0, 0 
151816, 733328113, 0.000, 0.000, -454.967, 250.000, 0.000, 2.350, 0, 0 
151816, 734841132, 0.000, 0.000, -454.994, 250.000, 0.000, 2.350, 0, 0 
151816, 736350789, 0.000, 0.000, -454.994, 250.000, 0.000, 2.350, 0, 0 
151816, 737861164, 0.000, 0.000, -454.994, 250.000, 0.000, 2.350, 0, 0 
151816, 739371343, 0.000, 0.000, -454.967, 250.000, 0.000, 2.350, 0, 0 
151816, 740883759, 0.000, 0.000, -454.967, 250.000, 0.000, 2.350, 0, 0 
151816, 742441323, 0.000, 0.000, -454.981, 250.000, 0.000, 2.350, 0, 0 
151816, 744056609, 0.000, 0.000, -454.981, 250.000, 0.000, 2.350, 0, 0 
151816, 745709108, 0.000, 0.000, -454.981, 250.000, 0.000, 2.350, 0, 0 
151816, 747221078, 0.000, 0.000, -454.981, 250.000, 0.000, 2.350, 0, 0 
151816, 748738728, 0.000, 0.000, -454.981, 250.000, 0.000, 2.350, 0, 0 
151816, 750318415, 0.000, 0.000, -454.981, 250.000, 0.000, 2.350, 0, 0 
151816, 751831415, 0.000, 0.000, -454.981, 250.000, 0.000, 2.350, 0, 0 
151816, 753391407, 0.000, 0.000, -454.981, 250.000, 0.000, 2.350, 0, 0 
151816, 754904341, 0.000, 0.000, -454.981, 250.000, 0.000, 2.350, 0, 0 
151816, 756496313, 0.000, 0.000, -454.967, 250.000, 0.000, 2.350, 0, 0 
151816, 758009302, 0.000, 0.000, -454.994, 250.000, 0.000, 2.350, 0, 0 
151816, 759589671, 0.000, 0.000, -454.967, 250.000, 0.000, 2.350, 0, 0 
151816, 761236870, 0.000, 0.000, -454.981, 250.000, 0.000, 2.350, 0, 0 
151816, 762759562, 0.000, 0.000, -454.967, 250.000, 0.000, 2.350, 0, 0 
151816, 764277240, 0.000, 0.000, -454.981, 250.000, 0.000, 2.350, 0, 0 
151816, 765793883, 0.000, 0.000, -454.981, 250.000, 0.000, 2.350, 0, 0 
151816, 767306917, 0.000, 0.000, -454.994, 250.000, 0.000, 2.350, 0, 0 
151816, 768818235, 0.000, 0.000, -454.967, 250.000, 0.000, 2.350, 0, 0 
151816, 770329787, 0.000, 0.000, -454.981, 250.000, 0.000, 2.350, 0, 0 
151816, 771868496, 0.000, 0.000, -454.981, 250.000, 0.000, 2.350, 0, 0 
151816, 773381754, 0.000, 0.000, -454.994, 250.000, 0.000, 2.350, 0, 0 
151816, 774983937, 0.000, 0.000, -454.967, 250.000, 0.000, 2.350, 0, 0 
151816, 776590624, 0.000, 0.000, -454.967, 250.000, 0.000, 2.350, 0, 0 
151816, 778180647, 0.000, 0.000, -454.981, 250.000, 0.000, 2.350, 0, 0 
151816, 779694249, 0.000, 0.000, -454.981, 250.000, 0.000, 2.350, 0, 0 
151816, 781206568, 0.000, 0.000, -454.994, 250.000, 0.000, 2.350, 0, 0 
151816, 782718842, 0.000, 0.000, -454.967, 250.000, 0.000, 2.350, 0, 0 
151816, 784232629, 0.000, 0.000, -454.967, 250.000, 0.000, 2.350, 0, 0 
151816, 785743116, 0.000, 0.000, -454.967, 250.000, 0.000, 2.350, 0, 0 
151816, 787255119, 0.000, 0.000, -454.967, 250.000, 0.000, 2.350, 0, 0 
151816, 788791672, 0.000, 0.000, -454.967, 250.000, 0.000, 2.350, 0, 0 
151816, 790309142, 0.000, 0.000, -454.981, 250.000, 0.000, 2.350, 0, 0 
151816, 791860687, 0.000, 0.000, -454.981, 250.000, 0.000, 2.350, 0, 0 
151816, 793440932, 0.000, 0.000, -454.981, 250.000, 0.000, 2.350, 0, 0 
151816, 795043666, 0.000, 0.000, -454.967, 250.000, 0.000, 2.350, 0, 0 
151816, 796644514, 0.000, 0.000, -454.967, 250.000, 0.000, 2.350, 0, 0 
151816, 798252344, 0.000, 0.000, -454.981, 250.000, 0.000, 2.350, 0, 0 
151816, 799811416, 0.000, 0.000, -454.967, 250.000, 0.000, 2.350, 0, 0 
151816, 801415880, 0.000, 0.000, -454.981, 250.000, 0.000, 2.350, 0, 0 
151816, 803032801, 0.000, 0.000, -454.967, 250.000, 0.000, 2.350, 0, 0 
151816, 804548755, 0.000, 0.000, -454.981, 250.000, 0.000, 2.350, 0, 0 
151816, 806106507, 0.000, 0.000, -454.981, 250.000, 0.000, 2.350, 0, 0 
151816, 807654503, 0.000, 0.000, -454.981, 250.000, 0.000, 2.350, 0, 0 
151816, 809167949, 0.000, 0.000, -454.994, 250.000, 0.000, 2.350, 0, 0 
151816, 810680595, 0.000, 0.000, -454.967, 250.000, 0.000, 2.350, 0, 0 
151816, 812197516, 0.000, 0.000, -454.994, 250.000, 0.000, 2.350, 0, 0 
151816, 813716256, 0.000, 0.000, -454.967, 250.000, 0.000, 2.350, 0, 0 
151816, 815282849, 0.000, 0.000, -454.967, 250.000, 0.000, 2.350, 0, 0 
151816, 816839933, 0.000, 0.000, -454.994, 250.000, 0.000, 2.350, 0, 0 
151816, 818353157, 0.000, 0.000, -454.967, 250.000, 0.000, 2.350, 0, 0 
151816, 819865037, 0.000, 0.000, -454.981, 250.000, 0.000, 2.350, 0, 0 
151816, 821377027, 0.000, 0.000, -454.981, 250.000, 0.000, 2.350, 0, 0 
151816, 822949771, 0.000, 0.000, -454.967, 250.000, 0.000, 2.350, 0, 0 
151816, 824464208, 0.000, 0.000, -454.981, 250.000, 0.000, 2.350, 0, 0 
151816, 825976898, 0.000, 0.000, -454.981, 250.000, 0.000, 2.350, 0, 0 
151816, 827488851, 0.000, 0.000, -454.967, 250.000, 0.000, 2.350, 0, 0 
151816, 829001188, 0.000, 0.000, -454.981, 250.000, 0.000, 2.350, 0, 0 
151816, 830513875, 0.000, 0.000, -454.994, 250.000, 0.000, 2.350, 0, 0 
151816, 832024878, 0.000, 0.000, -454.981, 250.000, 0.000, 2.350, 0, 0 
151816, 833573569, 0.000, 0.000, -454.981, 250.000, 0.000, 2.350, 0, 0 
151816, 835082867, 0.000, 0.000, -454.981, 250.000, 0.000, 2.350, 0, 0 
151816, 836590320, 0.000, 0.000, -454.981, 250.000, 0.000, 2.350, 0, 0 
151816, 838169270, 0.000, 0.000, -454.981, 250.000, 0.000, 2.350, 0, 0 
151816, 839677104, 0.000, 0.000, -454.994, 250.000, 0.000, 2.350, 0, 0 
151816, 841213888, 0.000, 0.000, -454.967, 250.000, 0.000, 2.350, 0, 0 
151816, 842718976, 0.000, 0.000, -454.981, 250.000, 0.000, 2.350, 0, 0 
151816, 844224091, 0.000, 0.000, -454.981, 250.000, 0.000, 2.350, 0, 0 
151816, 845821345, 0.000, 0.000, -454.967, 250.000, 0.000, 2.350, 0, 0 
151816, 847398676, 0.000, 0.000, -454.994, 250.000, 0.000, 2.350, 0, 0 
151816, 849003263, 0.000, 0.000, -454.981, 250.000, 0.000, 2.350, 0, 0 
151816, 850597684, 0.000, 0.000, -454.994, 250.000, 0.000, 2.350, 0, 0 
151816, 852110626, 0.000, 0.000, -454.994, 250.000, 0.000, 2.350, 0, 0 
151816, 853732930, 0.000, 0.000, -454.981, 250.000, 0.000, 2.350, 0, 0 
151816, 855327317, 0.000, 0.000, -454.967, 250.000, 0.000, 2.350, 0, 0 
151816, 856864203, 0.000, 0.000, -454.981, 250.000, 0.000, 2.350, 0, 0 
151816, 858369169, 0.000, 0.000, -454.981, 250.000, 0.000, 2.350, 0, 0 
151816, 859967011, 0.000, 0.000, -454.981, 250.000, 0.000, 2.350, 0, 0 
151816, 861540950, 0.000, 0.000, -454.981, 250.000, 0.000, 2.350, 0, 0 
151816, 863148580, 0.000, 0.000, -454.967, 250.000, 0.000, 2.350, 0, 0 
151816, 864753121, 0.000, 0.000, -454.981, 250.000, 0.000, 2.350, 0, 0 
151816, 866356361, 0.000, 0.000, -454.967, 250.000, 0.000, 2.350, 0, 0 
151816, 867962164, 0.000, 0.000, -454.967, 250.000, 0.000, 2.350, 0, 0 
151816, 869553868, 0.000, 0.000, -454.981, 250.000, 0.000, 2.350, 0, 0 
151816, 871059947, 0.000, 0.000, -454.981, 250.000, 0.000, 2.350, 0, 0 
151816, 872655588, 0.000, 0.000, -454.967, 250.000, 0.000, 2.350, 0, 0 
151816, 874254194, 0.000, 0.000, -454.981, 250.000, 0.000, 2.350, 0, 0 
151816, 875862911, 0.000, 0.000, -454.981, 250.000, 0.000, 2.350, 0, 0 
151816, 877463344, 0.000, 0.000, -454.967, 250.000, 0.000, 2.350, 0, 0 
151816, 879063739, 0.000, 0.000, -454.981, 250.000, 0.000, 2.350, 0, 0 
151816, 880664462, 0.000, 0.000, -454.981, 250.000, 0.000, 2.350, 0, 0 
151816, 882263550, 0.000, 0.000, -454.981, 250.000, 0.000, 2.350, 0, 0 
151816, 883868307, 0.000, 0.000, -454.981, 250.000, 0.000, 2.350, 0, 0 
151816, 885387596, 0.000, 0.000, -454.981, 250.000, 0.000, 2.350, 0, 0 
151816, 886894250, 0.000, 0.000, -454.994, 250.000, 0.000, 2.350, 0, 0 
151816, 888482641, 0.000, 0.000, -454.981, 250.000, 0.000, 2.350, 0, 0 
151816, 890077047, 0.000, 0.000, -454.981, 250.000, 0.000, 2.350, 0, 0 
151816, 891667266, 0.000, 0.000, -454.981, 250.000, 0.000, 2.350, 0, 0 
151816, 893176549, 0.000, 0.000, -454.994, 250.000, 0.000, 2.350, 0, 0 
151816, 894783276, 0.000, 0.000, -454.981, 250.000, 0.000, 2.350, 0, 0 
151816, 896294618, 0.000, 0.000, -454.967, 250.000, 0.000, 2.350, 0, 0 
151816, 897803278, 0.000, 0.000, -454.981, 250.000, 0.000, 2.350, 0, 0 
151816, 899311401, 0.000, 0.000, -454.981, 250.000, 0.000, 2.350, 0, 0 
151816, 900858294, 0.000, 0.000, -454.967, 250.000, 0.000, 2.350, 0, 0 
151816, 902369305, 0.000, 0.000, -454.981, 250.000, 0.000, 2.350, 0, 0 
151816, 903956088, 0.000, 0.000, -454.967, 250.000, 0.000, 2.350, 0, 0 
151816, 905517683, 0.000, 0.000, -454.981, 250.000, 0.000, 2.350, 0, 0 
151816, 907031063, 0.000, 0.000, -454.981, 250.000, 0.000, 2.350, 0, 0 
151816, 908546803, 0.000, 0.000, -454.967, 250.000, 0.000, 2.350, 0, 0 
151816, 910089975, 0.000, 0.000, -454.994, 250.000, 0.000, 2.350, 0, 0 
151816, 911688814, 0.000, 0.000, -454.994, 250.000, 0.000, 2.350, 0, 0 
151816, 913208977, 0.000, 0.000, -454.994, 250.000, 0.000, 2.350, 0, 0 
151816, 914813031, 0.000, 0.000, -454.967, 250.000, 0.000, 2.350, 0, 0 
151816, 916373001, 0.000, 0.000, -454.981, 250.000, 0.000, 2.350, 0, 0 
151816, 917886516, 0.000, 0.000, -454.981, 250.000, 0.000, 2.350, 0, 0 
151816, 919398878, 0.000, 0.000, -454.967, 250.000, 0.000, 2.350, 0, 0 
151816, 920911750, 0.000, 0.000, -454.981, 250.000, 0.000, 2.350, 0, 0 
151816, 922424520, 0.000, 0.000, -454.994, 250.000, 0.000, 2.350, 0, 0 
151816, 924019053, 0.000, 0.000, -454.967, 250.000, 0.000, 2.350, 0, 0 
151816, 925582406, 0.000, 0.000, -454.994, 250.000, 0.000, 2.350, 0, 0 
151816, 927169396, 0.000, 0.000, -454.981, 250.000, 0.000, 2.350, 0, 0 
151816, 928770443, 0.000, 0.000, -454.981, 250.000, 0.000, 2.350, 0, 0 
151816, 930362903, 0.000, 0.000, -454.967, 250.000, 0.000, 2.350, 0, 0 
151816, 931917012, 0.000, 0.000, -454.981, 250.000, 0.000, 2.350, 0, 0 
151816, 933430935, 0.000, 0.000, -454.981, 250.000, 0.000, 2.350, 0, 0 
151816, 935003732, 0.000, 0.000, -454.981, 250.000, 0.000, 2.350, 0, 0 
151816, 936517203, 0.000, 0.000, -454.981, 250.000, 0.000, 2.350, 0, 0 
151816, 938031267, 0.000, 0.000, -454.967, 250.000, 0.000, 2.350, 0, 0 
151816, 939553340, 0.000, 0.000, -454.981, 250.000, 0.000, 2.350, 0, 0 
151816, 941069715, 0.000, 0.000, -454.994, 250.000, 0.000, 2.350, 0, 0 
151816, 942624316, 0.000, 0.000, -454.967, 250.000, 0.000, 2.350, 0, 0 
151816, 944135213, 0.000, 0.000, -454.994, 250.000, 0.000, 2.350, 0, 0 
151816, 945713186, 0.000, 0.000, -454.981, 250.000, 0.000, 2.350, 0, 0 
151816, 947266933, 0.000, 0.000, -454.981, 250.000, 0.000, 2.350, 0, 0 
151816, 948783346, 0.000, 0.000, -454.967, 250.000, 0.000, 2.350, 0, 0 
151816, 950300945, 0.000, 0.000, -454.981, 250.000, 0.000, 2.350, 0, 0 
151816, 951893228, 0.000, 0.000, -454.981, 250.000, 0.000, 2.350, 0, 0 
151816, 953489408, 0.000, 0.000, -454.994, 250.000, 0.000, 2.350, 0, 0 
151816, 955002971, 0.000, 0.000, -454.967, 250.000, 0.000, 2.350, 0, 0 
151816, 956514826, 0.000, 0.000, -454.981, 250.000, 0.000, 2.350, 0, 0 
151816, 958030199, 0.000, 0.000, -454.981, 250.000, 0.000, 2.350, 0, 0 
151816, 959566350, 0.000, 0.000, -454.981, 250.000, 0.000, 2.350, 0, 0 
151816, 961080585, 0.000, 0.000, -454.994, 250.000, 0.000, 2.350, 0, 0 
151816, 962635664, 0.000, 0.000, -454.981, 250.000, 0.000, 2.350, 0, 0 
151816, 964158142, 0.000, 0.000, -454.981, 250.000, 0.000, 2.350, 0, 0 
151816, 965760921, 0.000, 0.000, -454.967, 250.000, 0.000, 2.350, 0, 0 
151816, 967273785, 0.000, 0.000, -454.981, 250.000, 0.000, 2.350, 0, 0 
151816, 968787627, 0.000, 0.000, -454.981, 250.000, 0.000, 2.350, 0, 0 
151816, 970302242, 0.000, 0.000, -454.994, 250.000, 0.000, 2.350, 0, 0 
151816, 971896404, 0.000, 0.000, -454.981, 250.000, 0.000, 2.350, 0, 0 
151816, 973475892, 0.000, 0.000, -454.981, 250.000, 0.000, 2.350, 0, 0 
151816, 974993737, 0.000, 0.000, -454.981, 250.000, 0.000, 2.350, 0, 0 
151816, 976516030, 0.000, 0.000, -454.981, 250.000, 0.000, 2.350, 0, 0 
151816, 978143568, 0.000, 0.000, -454.981, 250.000, 0.000, 2.350, 0, 0 
151816, 979659200, 0.000, 0.000, -454.981, 250.000, 0.000, 2.350, 0, 0 
151816, 981211070, 0.000, 0.000, -454.981, 250.000, 0.000, 2.350, 0, 0 
151816, 982724289, 0.000, 0.000, -454.994, 250.000, 0.000, 2.350, 0, 0 
151816, 984287097, 0.000, 0.000, -454.981, 250.000, 0.000, 2.350, 0, 0 
151816, 985800737, 0.000, 0.000, -454.981, 250.000, 0.000, 2.350, 0, 0 
151816, 987374616, 0.000, 0.000, -454.981, 250.000, 0.000, 2.350, 0, 0 
151816, 988888247, 0.000, 0.000, -454.981, 250.000, 0.000, 2.350, 0, 0 
151816, 990471168, 0.000, 0.000, -454.981, 250.000, 0.000, 2.350, 0, 0 
151816, 992023902, 0.000, 0.000, -454.981, 250.000, 0.000, 2.350, 0, 0 
151816, 993640102, 0.000, 0.000, -454.994, 250.000, 0.000, 2.350, 0, 0 
151816, 995154143, 0.000, 0.000, -454.981, 250.000, 0.000, 2.350, 0, 0 
151816, 996667312, 0.000, 0.000, -454.981, 250.000, 0.000, 2.350, 0, 0 
151816, 998179862, 0.000, 0.000, -454.994, 250.000, 0.000, 2.350, 0, 0 
151816, 999699148, 0.000, 0.000, -454.994, 250.000, 0.000, 2.350, 0, 0 
151817, 1305434, 0.000, 0.000, -454.967, 250.000, 0.000, 2.350, 0, 0 
151817, 2915087, 0.000, 0.000, -454.981, 250.000, 0.000, 2.350, 0, 0 
151817, 4429045, 0.000, 0.000, -454.981, 250.000, 0.000, 2.350, 0, 0 
151817, 5942473, 0.000, 0.000, -454.994, 250.000, 0.000, 2.350, 0, 0 
151817, 7455537, 0.000, 0.000, -454.967, 250.000, 0.000, 2.350, 0, 0 
151817, 9080092, 0.000, 0.000, -454.967, 250.000, 0.000, 2.350, 0, 0 
151817, 10641464, 0.000, 0.000, -454.981, 250.000, 0.000, 2.350, 0, 0 
151817, 12163431, 0.000, 0.000, -454.981, 250.000, 0.000, 2.350, 0, 0 
151817, 13678227, 0.000, 0.000, -454.967, 250.000, 0.000, 2.350, 0, 0 
151817, 15193123, 0.000, 0.000, -454.981, 250.000, 0.000, 2.350, 0, 0 
151817, 16709848, 0.000, 0.000, -454.981, 250.000, 0.000, 2.350, 0, 0 
151817, 18222936, 0.000, 0.000, -454.981, 250.000, 0.000, 2.350, 0, 0 
151817, 19738252, 0.000, 0.000, -454.981, 250.000, 0.000, 2.350, 0, 0 
151817, 21248348, 0.000, 0.000, -454.967, 250.000, 0.000, 2.350, 0, 0 
151817, 22809831, 0.000, 0.000, -454.967, 250.000, 0.000, 2.350, 0, 0 
151817, 24367029, 0.000, 0.000, -454.981, 250.000, 0.000, 2.350, 0, 0 
151817, 25878460, 0.000, 0.000, -454.994, 250.000, 0.000, 2.350, 0, 0 
151817, 27392113, 0.000, 0.000, -454.967, 250.000, 0.000, 2.350, 0, 0 
151817, 28908066, 0.000, 0.000, -454.981, 250.000, 0.000, 2.350, 0, 0 
151817, 30458711, 0.000, 0.000, -454.981, 250.000, 0.000, 2.350, 0, 0 
151817, 31973223, 0.000, 0.000, -454.981, 250.000, 0.000, 2.350, 0, 0 
151817, 33502127, 0.000, 0.000, -454.967, 250.000, 0.000, 2.350, 0, 0 
151817, 35014983, 0.000, 0.000, -454.981, 250.000, 0.000, 2.350, 0, 0 
151817, 36577943, 0.000, 0.000, -454.967, 250.000, 0.000, 2.350, 0, 0 
151817, 38096482, 0.000, 0.000, -454.981, 250.000, 0.000, 2.350, 0, 0 
151817, 39694425, 0.000, 0.000, -454.981, 250.000, 0.000, 2.350, 0, 0 
151817, 41210280, 0.000, 0.000, -454.981, 250.000, 0.000, 2.350, 0, 0 
151817, 42723898, 0.000, 0.000, -454.981, 250.000, 0.000, 2.350, 0, 0 
151817, 44300546, 0.000, 0.000, -454.981, 250.000, 0.000, 2.350, 0, 0 
151817, 45878260, 0.000, 0.000, -454.981, 250.000, 0.000, 2.350, 0, 0 
151817, 47437541, 0.000, 0.000, -454.967, 250.000, 0.000, 2.350, 0, 0 
151817, 48974879, 0.000, 0.000, -454.981, 250.000, 0.000, 2.350, 0, 0 
151817, 50494151, 0.000, 0.000, -454.981, 250.000, 0.000, 2.350, 0, 0 
151817, 52010653, 0.000, 0.000, -454.994, 250.000, 0.000, 2.350, 0, 0 
151817, 53523588, 0.000, 0.000, -454.994, 250.000, 0.000, 2.350, 0, 0 
151817, 55139696, 0.000, 0.000, -454.967, 250.000, 0.000, 2.350, 0, 0 
151817, 56655867, 0.000, 0.000, -454.967, 250.000, 0.000, 2.350, 0, 0 
151817, 58246569, 0.000, 0.000, -454.981, 250.000, 0.000, 2.350, 0, 0 
151817, 59759339, 0.000, 0.000, -454.981, 250.000, 0.000, 2.350, 0, 0 
151817, 61271980, 0.000, 0.000, -454.981, 250.000, 0.000, 2.350, 0, 0 
151817, 62784190, 0.000, 0.000, -454.994, 250.000, 0.000, 2.350, 0, 0 
151817, 64328474, 0.000, 0.000, -454.981, 250.000, 0.000, 2.350, 0, 0 
151817, 65840932, 0.000, 0.000, -454.967, 250.000, 0.000, 2.350, 0, 0 
151817, 67376178, 0.000, 0.000, -454.981, 250.000, 0.000, 2.350, 0, 0 
151817, 68887991, 0.000, 0.000, -454.981, 250.000, 0.000, 2.350, 0, 0 
151817, 70473299, 0.000, 0.000, -454.967, 250.000, 0.000, 2.350, 0, 0 
151817, 71992006, 0.000, 0.000, -454.981, 250.000, 0.000, 2.350, 0, 0 
151817, 73527881, 0.000, 0.000, -454.981, 250.000, 0.000, 2.350, 0, 0 
151817, 75044278, 0.000, 0.000, -454.981, 250.000, 0.000, 2.350, 0, 0 
151817, 76557278, 0.000, 0.000, -454.967, 250.000, 0.000, 2.350, 0, 0 
151817, 78068939, 0.000, 0.000, -454.967, 250.000, 0.000, 2.350, 0, 0 
151817, 79608845, 0.000, 0.000, -454.994, 250.000, 0.000, 2.350, 0, 0 
151817, 81123746, 0.000, 0.000, -454.981, 250.000, 0.000, 2.350, 0, 0 
151817, 82636272, 0.000, 0.000, -454.967, 250.000, 0.000, 2.350, 0, 0 
151817, 84228685, 0.000, 0.000, -454.981, 250.000, 0.000, 2.350, 0, 0 
151817, 85777883, 0.000, 0.000, -454.981, 250.000, 0.000, 2.350, 0, 0 
151817, 87290733, 0.000, 0.000, -454.981, 250.000, 0.000, 2.350, 0, 0 
151817, 88878108, 0.000, 0.000, -454.981, 250.000, 0.000, 2.350, 0, 0 
151817, 90466660, 0.000, 0.000, -454.981, 250.000, 0.000, 2.350, 0, 0 
151817, 92056492, 0.000, 0.000, -454.967, 250.000, 0.000, 2.350, 0, 0 
151817, 93603433, 0.000, 0.000, -454.981, 250.000, 0.000, 2.350, 0, 0 
151817, 95115683, 0.000, 0.000, -454.981, 250.000, 0.000, 2.350, 0, 0 
151817, 96632383, 0.000, 0.000, -454.967, 250.000, 0.000, 2.350, 0, 0 
151817, 98148493, 0.000, 0.000, -454.981, 250.000, 0.000, 2.350, 0, 0 
151817, 99673633, 0.000, 0.000, -454.967, 250.000, 0.000, 2.350, 0, 0 
151817, 101271697, 0.000, 0.000, -454.981, 250.000, 0.000, 2.350, 0, 0 
151817, 102785108, 0.000, 0.000, -454.994, 250.000, 0.000, 2.350, 0, 0 
151817, 104297632, 0.000, 0.000, -454.981, 250.000, 0.000, 2.350, 0, 0 
151817, 105859330, 0.000, 0.000, -454.994, 250.000, 0.000, 2.350, 0, 0 
151817, 107378330, 0.000, 0.000, -454.981, 250.000, 0.000, 2.350, 0, 0 
151817, 108891142, 0.000, 0.000, -454.994, 250.000, 0.000, 2.350, 0, 0 
151817, 110403100, 0.000, 0.000, -454.981, 250.000, 0.000, 2.350, 0, 0 
151817, 111990737, 0.000, 0.000, -454.967, 250.000, 0.000, 2.350, 0, 0 
151817, 113519810, 0.000, 0.000, -454.967, 250.000, 0.000, 2.350, 0, 0 
151817, 115032215, 0.000, 0.000, -454.967, 250.000, 0.000, 2.350, 0, 0 
151817, 116588397, 0.000, 0.000, -454.981, 250.000, 0.000, 2.350, 0, 0 
151817, 118102820, 0.000, 0.000, -454.981, 250.000, 0.000, 2.350, 0, 0 
151817, 119615915, 0.000, 0.000, -454.981, 250.000, 0.000, 2.350, 0, 0 
151817, 121207482, 0.000, 0.000, -454.981, 250.000, 0.000, 2.350, 0, 0 
151817, 122815494, 0.000, 0.000, -454.967, 250.000, 0.000, 2.350, 0, 0 
151817, 124358379, 0.000, 0.000, -454.981, 250.000, 0.000, 2.350, 0, 0 
151817, 125903629, 0.000, 0.000, -454.981, 250.000, 0.000, 2.350, 0, 0 
151817, 127480650, 0.000, 0.000, -454.981, 250.000, 0.000, 2.350, 0, 0 
151817, 128991807, 0.000, 0.000, -454.994, 250.000, 0.000, 2.350, 0, 0 
151817, 130506517, 0.000, 0.000, -454.981, 250.000, 0.000, 2.350, 0, 0 
151817, 132071559, 0.000, 0.000, -454.981, 250.000, 0.000, 2.350, 0, 0 
151817, 133587759, 0.000, 0.000, -454.981, 250.000, 0.000, 2.350, 0, 0 
151817, 135128299, 0.000, 0.000, -454.981, 250.000, 0.000, 2.350, 0, 0 
151817, 136647676, 0.000, 0.000, -454.967, 250.000, 0.000, 2.350, 0, 0 
151817, 138160368, 0.000, 0.000, -454.981, 250.000, 0.000, 2.350, 0, 0 
151817, 139676363, 0.000, 0.000, -454.981, 250.000, 0.000, 2.350, 0, 0 
151817, 141279924, 0.000, 0.000, -454.994, 250.000, 0.000, 2.350, 0, 0 
151817, 142798567, 0.000, 0.000, -454.981, 250.000, 0.000, 2.350, 0, 0 
151817, 144346817, 0.000, 0.000, -454.967, 250.000, 0.000, 2.350, 0, 0 
151817, 145857096, 0.000, 0.000, -454.981, 250.000, 0.000, 2.350, 0, 0 
151817, 147508869, 0.000, 0.000, -454.967, 250.000, 0.000, 2.350, 0, 0 
151817, 149021309, 0.000, 0.000, -454.981, 250.000, 0.000, 2.350, 0, 0 
151817, 150540436, 0.000, 0.000, -454.981, 250.000, 0.000, 2.350, 0, 0 
151817, 152060255, 0.000, 0.000, -454.981, 250.000, 0.000, 2.350, 0, 0 
151817, 153572421, 0.000, 0.000, -454.981, 250.000, 0.000, 2.350, 0, 0 
151817, 155154308, 0.000, 0.000, -454.981, 250.000, 0.000, 2.350, 0, 0 
151817, 156669041, 0.000, 0.000, -454.981, 250.000, 0.000, 2.350, 0, 0 
151817, 158228113, 0.000, 0.000, -454.994, 250.000, 0.000, 2.350, 0, 0 
151817, 159744508, 0.000, 0.000, -454.981, 250.000, 0.000, 2.350, 0, 0 
151817, 161256178, 0.000, 0.000, -454.967, 250.000, 0.000, 2.350, 0, 0 
151817, 162871448, 0.000, 0.000, -454.967, 250.000, 0.000, 2.350, 0, 0 
151817, 164463657, 0.000, 0.000, -454.967, 250.000, 0.000, 2.350, 0, 0 
151817, 166043915, 0.000, 0.000, -454.981, 250.000, 0.000, 2.350, 0, 0 
151817, 167556713, 0.000, 0.000, -454.981, 250.000, 0.000, 2.350, 0, 0 
151817, 169069290, 0.000, 0.000, -454.967, 250.000, 0.000, 2.350, 0, 0 
151817, 170659858, 0.000, 0.000, -454.967, 250.000, 0.000, 2.350, 0, 0 
151817, 172176620, 0.000, 0.000, -454.967, 250.000, 0.000, 2.350, 0, 0 
151817, 173690068, 0.000, 0.000, -454.994, 250.000, 0.000, 2.350, 0, 0 
151817, 175203802, 0.000, 0.000, -454.981, 250.000, 0.000, 2.350, 0, 0 
151817, 176719051, 0.000, 0.000, -454.967, 250.000, 0.000, 2.350, 0, 0 
151817, 178295322, 0.000, 0.000, -454.967, 250.000, 0.000, 2.350, 0, 0 
151817, 179808227, 0.000, 0.000, -454.981, 250.000, 0.000, 2.350, 0, 0 
151817, 181320824, 0.000, 0.000, -454.981, 250.000, 0.000, 2.350, 0, 0 
151817, 182910185, 0.000, 0.000, -454.967, 250.000, 0.000, 2.350, 0, 0 
151817, 184423203, 0.000, 0.000, -454.994, 250.000, 0.000, 2.350, 0, 0 
151817, 186001665, 0.000, 0.000, -454.994, 250.000, 0.000, 2.350, 0, 0 
151817, 187553334, 0.000, 0.000, -454.981, 250.000, 0.000, 2.350, 0, 0 
151817, 189065175, 0.000, 0.000, -454.981, 250.000, 0.000, 2.350, 0, 0 
151817, 190578599, 0.000, 0.000, -454.994, 250.000, 0.000, 2.350, 0, 0 
151817, 192091941, 0.000, 0.000, -454.981, 250.000, 0.000, 2.350, 0, 0 
151817, 193716681, 0.000, 0.000, -454.981, 250.000, 0.000, 2.350, 0, 0 
151817, 195229281, 0.000, 0.000, -454.967, 250.000, 0.000, 2.350, 0, 0 
151817, 196745864, 0.000, 0.000, -454.967, 250.000, 0.000, 2.350, 0, 0 
151817, 198347156, 0.000, 0.000, -454.981, 250.000, 0.000, 2.350, 0, 0 
151817, 199931275, 0.000, 0.000, -454.967, 250.000, 0.000, 2.350, 0, 0 
151817, 201493630, 0.000, 0.000, -454.981, 250.000, 0.000, 2.350, 0, 0 
151817, 203050199, 0.000, 0.000, -454.967, 250.000, 0.000, 2.350, 0, 0 
151817, 204650561, 0.000, 0.000, -454.981, 250.000, 0.000, 2.350, 0, 0 
151817, 206228874, 0.000, 0.000, -454.981, 250.000, 0.000, 2.350, 0, 0 
151817, 207740844, 0.000, 0.000, -454.967, 250.000, 0.000, 2.350, 0, 0 
151817, 209295418, 0.000, 0.000, -454.981, 250.000, 0.000, 2.350, 0, 0 
151817, 210811656, 0.000, 0.000, -454.981, 250.000, 0.000, 2.350, 0, 0 
151817, 212327418, 0.000, 0.000, -454.981, 250.000, 0.000, 2.350, 0, 0 
151817, 213932797, 0.000, 0.000, -454.981, 250.000, 0.000, 2.350, 0, 0 
151817, 215518975, 0.000, 0.000, -454.981, 250.000, 0.000, 2.350, 0, 0 
151817, 217075625, 0.000, 0.000, -454.981, 250.000, 0.000, 2.350, 0, 0 
151817, 218678480, 0.000, 0.000, -454.981, 250.000, 0.000, 2.350, 0, 0 
151817, 220287478, 0.000, 0.000, -454.994, 250.000, 0.000, 2.350, 0, 0 
151817, 221892080, 0.000, 0.000, -454.994, 250.000, 0.000, 2.350, 0, 0 
151817, 223405135, 0.000, 0.000, -454.981, 250.000, 0.000, 2.350, 0, 0 
151817, 224953172, 0.000, 0.000, -454.967, 250.000, 0.000, 2.350, 0, 0 
151817, 226465145, 0.000, 0.000, -454.981, 250.000, 0.000, 2.350, 0, 0 
151817, 227977010, 0.000, 0.000, -454.967, 250.000, 0.000, 2.350, 0, 0 
151817, 229489505, 0.000, 0.000, -454.967, 250.000, 0.000, 2.350, 0, 0 
151817, 231001548, 0.000, 0.000, -454.981, 250.000, 0.000, 2.350, 0, 0 
151817, 232602960, 0.000, 0.000, -454.967, 250.000, 0.000, 2.350, 0, 0 
151817, 234213110, 0.000, 0.000, -454.994, 250.000, 0.000, 2.350, 0, 0 
151817, 235768750, 0.000, 0.000, -454.981, 250.000, 0.000, 2.350, 0, 0 
151817, 237280417, 0.000, 0.000, -454.967, 250.000, 0.000, 2.350, 0, 0 
151817, 238794770, 0.000, 0.000, -454.967, 250.000, 0.000, 2.350, 0, 0 
151817, 240350448, 0.000, 0.000, -454.981, 250.000, 0.000, 2.350, 0, 0 
151817, 241951895, 0.000, 0.000, -454.981, 250.000, 0.000, 2.350, 0, 0 
151817, 243467562, 0.000, 0.000, -454.981, 250.000, 0.000, 2.350, 0, 0 
151817, 244980567, 0.000, 0.000, -454.994, 250.000, 0.000, 2.350, 0, 0 
151817, 246492487, 0.000, 0.000, -454.967, 250.000, 0.000, 2.350, 0, 0 
151817, 248016487, 0.000, 0.000, -454.994, 250.000, 0.000, 2.350, 0, 0 
151817, 249617262, 0.000, 0.000, -454.967, 250.000, 0.000, 2.350, 0, 0 
151817, 251210872, 0.000, 0.000, -454.967, 250.000, 0.000, 2.350, 0, 0 
151817, 252724859, 0.000, 0.000, -454.994, 250.000, 0.000, 2.350, 0, 0 
151817, 254240464, 0.000, 0.000, -454.967, 250.000, 0.000, 2.350, 0, 0 
151817, 255792734, 0.000, 0.000, -454.981, 250.000, 0.000, 2.350, 0, 0 
151817, 257305852, 0.000, 0.000, -454.967, 250.000, 0.000, 2.350, 0, 0 
151817, 258819252, 0.000, 0.000, -454.994, 250.000, 0.000, 2.350, 0, 0 
151817, 260400479, 0.000, 0.000, -454.994, 250.000, 0.000, 2.350, 0, 0 
151817, 261981437, 0.000, 0.000, -454.967, 250.000, 0.000, 2.350, 0, 0 
151817, 263492964, 0.000, 0.000, -454.981, 250.000, 0.000, 2.350, 0, 0 
151817, 265004689, 0.000, 0.000, -454.981, 250.000, 0.000, 2.350, 0, 0 
151817, 266516950, 0.000, 0.000, -454.967, 250.000, 0.000, 2.350, 0, 0 
151817, 268031782, 0.000, 0.000, -454.994, 250.000, 0.000, 2.350, 0, 0 
151817, 269587804, 0.000, 0.000, -454.981, 250.000, 0.000, 2.350, 0, 0 
151817, 271206312, 0.000, 0.000, -454.967, 250.000, 0.000, 2.350, 0, 0 
151817, 272735591, 0.000, 0.000, -454.994, 250.000, 0.000, 2.350, 0, 0 
151817, 274344288, 0.000, 0.000, -454.981, 250.000, 0.000, 2.350, 0, 0 
151817, 275950737, 0.000, 0.000, -454.967, 250.000, 0.000, 2.350, 0, 0 
151817, 277531554, 0.000, 0.000, -454.967, 250.000, 0.000, 2.350, 0, 0 
151817, 279046001, 0.000, 0.000, -454.967, 250.000, 0.000, 2.350, 0, 0 
151817, 280560866, 0.000, 0.000, -454.981, 250.000, 0.000, 2.350, 0, 0 
151817, 282072860, 0.000, 0.000, -454.994, 250.000, 0.000, 2.350, 0, 0 
151817, 283588854, 0.000, 0.000, -454.994, 250.000, 0.000, 2.350, 0, 0 
151817, 285100731, 0.000, 0.000, -454.967, 250.000, 0.000, 2.350, 0, 0 
151817, 286687363, 0.000, 0.000, -454.981, 250.000, 0.000, 2.350, 0, 0 
151817, 288298396, 0.000, 0.000, -454.967, 250.000, 0.000, 2.350, 0, 0 
151817, 289811481, 0.000, 0.000, -454.981, 250.000, 0.000, 2.350, 0, 0 
151817, 291329271, 0.000, 0.000, -454.967, 250.000, 0.000, 2.350, 0, 0 
151817, 292887105, 0.000, 0.000, -454.967, 250.000, 0.000, 2.350, 0, 0 
151817, 294483623, 0.000, 0.000, -454.981, 250.000, 0.000, 2.350, 0, 0 
151817, 296093146, 0.000, 0.000, -454.994, 250.000, 0.000, 2.350, 0, 0 
151817, 297686451, 0.000, 0.000, -454.981, 250.000, 0.000, 2.350, 0, 0 
151817, 299243363, 0.000, 0.000, -454.967, 250.000, 0.000, 2.350, 0, 0 
151817, 300844291, 0.000, 0.000, -454.981, 250.000, 0.000, 2.350, 0, 0 
151817, 302395178, 0.000, 0.000, -454.967, 250.000, 0.000, 2.350, 0, 0 
151817, 303908926, 0.000, 0.000, -454.981, 250.000, 0.000, 2.350, 0, 0 
151817, 305509789, 0.000, 0.000, -454.981, 250.000, 0.000, 2.350, 0, 0 
151817, 307091216, 0.000, 0.000, -454.967, 250.000, 0.000, 2.350, 0, 0 
151817, 308604617, 0.000, 0.000, -454.981, 250.000, 0.000, 2.350, 0, 0 
151817, 310185492, 0.000, 0.000, -454.967, 250.000, 0.000, 2.350, 0, 0 
151817, 311743909, 0.000, 0.000, -454.981, 250.000, 0.000, 2.350, 0, 0 
151817, 313254712, 0.000, 0.000, -454.967, 250.000, 0.000, 2.350, 0, 0 
151817, 314856022, 0.000, 0.000, -454.967, 250.000, 0.000, 2.350, 0, 0 
151817, 316439457, 0.000, 0.000, -454.981, 250.000, 0.000, 2.350, 0, 0 
151817, 317993754, 0.000, 0.000, -454.967, 250.000, 0.000, 2.350, 0, 0 
151817, 319525138, 0.000, 0.000, -454.981, 250.000, 0.000, 2.350, 0, 0 
151817, 321111377, 0.000, 0.000, -454.981, 250.000, 0.000, 2.350, 0, 0 
151817, 322623669, 0.000, 0.000, -454.967, 250.000, 0.000, 2.350, 0, 0 
151817, 324137578, 0.000, 0.000, -454.994, 250.000, 0.000, 2.350, 0, 0 
151817, 325719623, 0.000, 0.000, -454.981, 250.000, 0.000, 2.350, 0, 0 
151817, 327236242, 0.000, 0.000, -454.967, 250.000, 0.000, 2.350, 0, 0 
151817, 328748962, 0.000, 0.000, -454.967, 250.000, 0.000, 2.350, 0, 0 
151817, 330260435, 0.000, 0.000, -454.981, 250.000, 0.000, 2.350, 0, 0 
151817, 331772010, 0.000, 0.000, -454.967, 250.000, 0.000, 2.350, 0, 0 
151817, 333322252, 0.000, 0.000, -454.967, 250.000, 0.000, 2.350, 0, 0 
151817, 334907002, 0.000, 0.000, -454.967, 250.000, 0.000, 2.350, 0, 0 
151817, 336420221, 0.000, 0.000, -454.994, 250.000, 0.000, 2.350, 0, 0 
151817, 337934665, 0.000, 0.000, -454.967, 250.000, 0.000, 2.350, 0, 0 
151817, 339447597, 0.000, 0.000, -454.967, 250.000, 0.000, 2.350, 0, 0 
151817, 340961878, 0.000, 0.000, -454.967, 250.000, 0.000, 2.350, 0, 0 
151817, 342474811, 0.000, 0.000, -454.981, 250.000, 0.000, 2.350, 0, 0 
151817, 344070848, 0.000, 0.000, -454.967, 250.000, 0.000, 2.350, 0, 0 
151817, 345583976, 0.000, 0.000, -454.967, 250.000, 0.000, 2.350, 0, 0 
151817, 347163633, 0.000, 0.000, -454.994, 250.000, 0.000, 2.350, 0, 0 
151817, 348743505, 0.000, 0.000, -454.967, 250.000, 0.000, 2.350, 0, 0 
151817, 350320175, 0.000, 0.000, -454.981, 250.000, 0.000, 2.350, 0, 0 
151817, 351832773, 0.000, 0.000, -454.967, 250.000, 0.000, 2.350, 0, 0 
151817, 353344883, 0.000, 0.000, -454.981, 250.000, 0.000, 2.350, 0, 0 
151817, 354857086, 0.000, 0.000, -454.981, 250.000, 0.000, 2.350, 0, 0 
151817, 356369624, 0.000, 0.000, -454.981, 250.000, 0.000, 2.350, 0, 0 
151817, 357881685, 0.000, 0.000, -454.981, 250.000, 0.000, 2.350, 0, 0 
151817, 359420888, 0.000, 0.000, -454.981, 250.000, 0.000, 2.350, 0, 0 
151817, 360933073, 0.000, 0.000, -454.967, 250.000, 0.000, 2.350, 0, 0 
151817, 362478528, 0.000, 0.000, -454.967, 250.000, 0.000, 2.350, 0, 0 
151817, 364044253, 0.000, 0.000, -454.981, 250.000, 0.000, 2.350, 0, 0 
151817, 365562279, 0.000, 0.000, -454.981, 250.000, 0.000, 2.350, 0, 0 
151817, 367148648, 0.000, 0.000, -454.967, 250.000, 0.000, 2.350, 0, 0 
151817, 368667687, 0.000, 0.000, -454.967, 250.000, 0.000, 2.350, 0, 0 
151817, 370243463, 0.000, 0.000, -454.994, 250.000, 0.000, 2.350, 0, 0 
151817, 371755432, 0.000, 0.000, -454.981, 250.000, 0.000, 2.350, 0, 0 
151817, 373267148, 0.000, 0.000, -454.981, 250.000, 0.000, 2.350, 0, 0 
151817, 374783035, 0.000, 0.000, -454.994, 250.000, 0.000, 2.350, 0, 0 
151817, 376370638, 0.000, 0.000, -454.981, 250.000, 0.000, 2.350, 0, 0 
151817, 377882172, 0.000, 0.000, -454.967, 250.000, 0.000, 2.350, 0, 0 
151817, 379447196, 0.000, 0.000, -454.981, 250.000, 0.000, 2.350, 0, 0 
151817, 380960375, 0.000, 0.000, -454.981, 250.000, 0.000, 2.350, 0, 0 
151817, 382508649, 0.000, 0.000, -454.981, 250.000, 0.000, 2.350, 0, 0 
151817, 384022087, 0.000, 0.000, -454.967, 250.000, 0.000, 2.350, 0, 0 
151817, 385536238, 0.000, 0.000, -454.967, 250.000, 0.000, 2.350, 0, 0 
151817, 387049410, 0.000, 0.000, -454.967, 250.000, 0.000, 2.350, 0, 0 
151817, 388630670, 0.000, 0.000, -454.967, 250.000, 0.000, 2.350, 0, 0 
151817, 390211577, 0.000, 0.000, -454.981, 250.000, 0.000, 2.350, 0, 0 
151817, 391779024, 0.000, 0.000, -454.967, 250.000, 0.000, 2.350, 0, 0 
151817, 393294421, 0.000, 0.000, -454.967, 250.000, 0.000, 2.350, 0, 0 
151817, 394851894, 0.000, 0.000, -454.994, 250.000, 0.000, 2.350, 0, 0 
151817, 396369431, 0.000, 0.000, -454.967, 250.000, 0.000, 2.350, 0, 0 
151817, 397907344, 0.000, 0.000, -454.967, 250.000, 0.000, 2.350, 0, 0 
151817, 399453847, 0.000, 0.000, -454.981, 250.000, 0.000, 2.350, 0, 0 
151817, 400966942, 0.000, 0.000, -454.981, 250.000, 0.000, 2.350, 0, 0 
151817, 402478363, 0.000, 0.000, -454.994, 250.000, 0.000, 2.350, 0, 0 
151817, 403989504, 0.000, 0.000, -454.981, 250.000, 0.000, 2.350, 0, 0 
151817, 405502786, 0.000, 0.000, -454.967, 250.000, 0.000, 2.350, 0, 0 
151817, 407085489, 0.000, 0.000, -454.981, 250.000, 0.000, 2.350, 0, 0 
151817, 408600121, 0.000, 0.000, -454.967, 250.000, 0.000, 2.350, 0, 0 
151817, 410252108, 0.000, 0.000, -454.981, 250.000, 0.000, 2.350, 0, 0 
151817, 411800994, 0.000, 0.000, -454.967, 250.000, 0.000, 2.350, 0, 0 
151817, 413382191, 0.000, 0.000, -454.967, 250.000, 0.000, 2.350, 0, 0 
151817, 414913766, 0.000, 0.000, -454.981, 250.000, 0.000, 2.350, 0, 0 
151817, 416431770, 0.000, 0.000, -454.981, 250.000, 0.000, 2.350, 0, 0 
151817, 417947718, 0.000, 0.000, -454.994, 250.000, 0.000, 2.350, 0, 0 
151817, 419486765, 0.000, 0.000, -454.967, 250.000, 0.000, 2.350, 0, 0 
151817, 421000286, 0.000, 0.000, -454.967, 250.000, 0.000, 2.350, 0, 0 
151817, 422512265, 0.000, 0.000, -454.994, 250.000, 0.000, 2.350, 0, 0 
151817, 424047952, 0.000, 0.000, -454.967, 250.000, 0.000, 2.350, 0, 0 
151817, 425597306, 0.000, 0.000, -454.981, 250.000, 0.000, 2.350, 0, 0 
151817, 427109640, 0.000, 0.000, -454.981, 250.000, 0.000, 2.350, 0, 0 
151817, 428629261, 0.000, 0.000, -454.981, 250.000, 0.000, 2.350, 0, 0 
151817, 430222520, 0.000, 0.000, -454.981, 250.000, 0.000, 2.350, 0, 0 
151817, 431735590, 0.000, 0.000, -454.981, 250.000, 0.000, 2.350, 0, 0 
151817, 433247873, 0.000, 0.000, -454.981, 250.000, 0.000, 2.350, 0, 0 
151817, 434795225, 0.000, 0.000, -454.981, 250.000, 0.000, 2.350, 0, 0 
151817, 436308530, 0.000, 0.000, -454.967, 250.000, 0.000, 2.350, 0, 0 
151817, 437820221, 0.000, 0.000, -454.981, 250.000, 0.000, 2.350, 0, 0 
151817, 439333818, 0.000, 0.000, -454.967, 250.000, 0.000, 2.350, 0, 0 
151817, 440905688, 0.000, 0.000, -454.981, 250.000, 0.000, 2.350, 0, 0 
151817, 442417825, 0.000, 0.000, -454.967, 250.000, 0.000, 2.350, 0, 0 
151817, 444014682, 0.000, 0.000, -454.994, 250.000, 0.000, 2.350, 0, 0 
151817, 445527297, 0.000, 0.000, -454.967, 250.000, 0.000, 2.350, 0, 0 
151817, 447039349, 0.000, 0.000, -454.981, 250.000, 0.000, 2.350, 0, 0 
151817, 448581412, 0.000, 0.000, -454.981, 250.000, 0.000, 2.350, 0, 0 
151817, 450094194, 0.000, 0.000, -454.981, 250.000, 0.000, 2.350, 0, 0 
151817, 451637765, 0.000, 0.000, -454.967, 250.000, 0.000, 2.350, 0, 0 
151817, 453157025, 0.000, 0.000, -454.981, 250.000, 0.000, 2.350, 0, 0 
151817, 454756360, 0.000, 0.000, -454.967, 250.000, 0.000, 2.350, 0, 0 
151817, 456306409, 0.000, 0.000, -454.994, 250.000, 0.000, 2.350, 0, 0 
151817, 457823692, 0.000, 0.000, -454.967, 250.000, 0.000, 2.350, 0, 0 
151817, 459369551, 0.000, 0.000, -454.967, 250.000, 0.000, 2.350, 0, 0 
151817, 460922989, 0.000, 0.000, -454.981, 250.000, 0.000, 2.350, 0, 0 
151817, 462439011, 0.000, 0.000, -454.994, 250.000, 0.000, 2.350, 0, 0 
151817, 464038845, 0.000, 0.000, -454.981, 250.000, 0.000, 2.350, 0, 0 
151817, 465636496, 0.000, 0.000, -454.981, 250.000, 0.000, 2.350, 0, 0 
151817, 467239319, 0.000, 0.000, -454.967, 250.000, 0.000, 2.350, 0, 0 
151817, 468755006, 0.000, 0.000, -454.981, 250.000, 0.000, 2.350, 0, 0 
151817, 470328876, 0.000, 0.000, -454.981, 250.000, 0.000, 2.350, 0, 0 
151817, 471887651, 0.000, 0.000, -454.967, 250.000, 0.000, 2.350, 0, 0 
151817, 473464698, 0.000, 0.000, -454.981, 250.000, 0.000, 2.350, 0, 0 
151817, 475009414, 0.000, 0.000, -454.967, 250.000, 0.000, 2.350, 0, 0 
151817, 476520762, 0.000, 0.000, -454.981, 250.000, 0.000, 2.350, 0, 0 
151817, 478087273, 0.000, 0.000, -454.981, 250.000, 0.000, 2.350, 0, 0 
151817, 479673055, 0.000, 0.000, -454.981, 250.000, 0.000, 2.350, 0, 0 
151817, 481184781, 0.000, 0.000, -454.967, 250.000, 0.000, 2.350, 0, 0 
151817, 482697873, 0.000, 0.000, -454.981, 250.000, 0.000, 2.350, 0, 0 
151817, 484210847, 0.000, 0.000, -454.967, 250.000, 0.000, 2.350, 0, 0 
151817, 485723887, 0.000, 0.000, -454.981, 250.000, 0.000, 2.350, 0, 0 
151817, 487287726, 0.000, 0.000, -454.994, 250.000, 0.000, 2.350, 0, 0 
151817, 488800210, 0.000, 0.000, -454.981, 250.000, 0.000, 2.350, 0, 0 
151817, 490312388, 0.000, 0.000, -454.967, 250.000, 0.000, 2.350, 0, 0 
151817, 491838340, 0.000, 0.000, -454.981, 250.000, 0.000, 2.350, 0, 0 
151817, 493437909, 0.000, 0.000, -454.967, 250.000, 0.000, 2.350, 0, 0 
151817, 495039336, 0.000, 0.000, -454.981, 250.000, 0.000, 2.350, 0, 0 
151817, 496623881, 0.000, 0.000, -454.967, 250.000, 0.000, 2.350, 0, 0 
151817, 498211935, 0.000, 0.000, -454.967, 250.000, 0.000, 2.350, 0, 0 
151817, 499729466, 0.000, 0.000, -454.994, 250.000, 0.000, 2.350, 0, 0 
151817, 501241949, 0.000, 0.000, -454.967, 250.000, 0.000, 2.350, 0, 0 
151817, 502796600, 0.000, 0.000, -454.981, 250.000, 0.000, 2.350, 0, 0 
151817, 504309318, 0.000, 0.000, -454.967, 250.000, 0.000, 2.350, 0, 0 
151817, 505896700, 0.000, 0.000, -454.994, 250.000, 0.000, 2.350, 0, 0 
151817, 507408752, 0.000, 0.000, -454.967, 250.000, 0.000, 2.350, 0, 0 
151817, 508989915, 0.000, 0.000, -454.981, 250.000, 0.000, 2.350, 0, 0 
151817, 510550777, 0.000, 0.000, -454.981, 250.000, 0.000, 2.350, 0, 0 
151817, 512065681, 0.000, 0.000, -454.994, 250.000, 0.000, 2.350, 0, 0 
151817, 513646225, 0.000, 0.000, -454.981, 250.000, 0.000, 2.350, 0, 0 
151817, 515159439, 0.000, 0.000, -454.967, 250.000, 0.000, 2.350, 0, 0 
151817, 516728725, 0.000, 0.000, -454.967, 250.000, 0.000, 2.350, 0, 0 
151817, 518314314, 0.000, 0.000, -454.981, 250.000, 0.000, 2.350, 0, 0 
151817, 519831465, 0.000, 0.000, -454.967, 250.000, 0.000, 2.350, 0, 0 
151817, 521348033, 0.000, 0.000, -454.967, 250.000, 0.000, 2.350, 0, 0 
151817, 522864116, 0.000, 0.000, -454.967, 250.000, 0.000, 2.350, 0, 0 
151817, 524450850, 0.000, 0.000, -454.994, 250.000, 0.000, 2.350, 0, 0 
151817, 526041642, 0.000, 0.000, -454.967, 250.000, 0.000, 2.350, 0, 0 
151817, 527553416, 0.000, 0.000, -454.981, 250.000, 0.000, 2.350, 0, 0 
151817, 529066707, 0.000, 0.000, -454.994, 250.000, 0.000, 2.350, 0, 0 
151817, 530582775, 0.000, 0.000, -454.981, 250.000, 0.000, 2.350, 0, 0 
151817, 532102509, 0.000, 0.000, -454.981, 250.000, 0.000, 2.350, 0, 0 
151817, 533664074, 0.000, 0.000, -454.967, 250.000, 0.000, 2.350, 0, 0 
151817, 535245972, 0.000, 0.000, -454.981, 250.000, 0.000, 2.350, 0, 0 
151817, 536757716, 0.000, 0.000, -454.981, 250.000, 0.000, 2.350, 0, 0 
151817, 538268815, 0.000, 0.000, -454.981, 250.000, 0.000, 2.350, 0, 0 
151817, 539781789, 0.000, 0.000, -454.981, 250.000, 0.000, 2.350, 0, 0 
151817, 541298351, 0.000, 0.000, -454.981, 250.000, 0.000, 2.350, 0, 0 
151817, 542879307, 0.000, 0.000, -454.981, 250.000, 0.000, 2.350, 0, 0 
151817, 544392336, 0.000, 0.000, -454.981, 250.000, 0.000, 2.350, 0, 0 
151817, 545904779, 0.000, 0.000, -454.967, 250.000, 0.000, 2.350, 0, 0 
151817, 547417059, 0.000, 0.000, -454.981, 250.000, 0.000, 2.350, 0, 0 
151817, 549059347, 0.000, 0.000, -454.994, 250.000, 0.000, 2.350, 0, 0 
151817, 550653468, 0.000, 0.000, -454.981, 250.000, 0.000, 2.350, 0, 0 
151817, 552239736, 0.000, 0.000, -454.981, 250.000, 0.000, 2.350, 0, 0 
151817, 553753069, 0.000, 0.000, -454.981, 250.000, 0.000, 2.350, 0, 0 
151817, 555265091, 0.000, 0.000, -454.994, 250.000, 0.000, 2.350, 0, 0 
151817, 556777280, 0.000, 0.000, -454.981, 250.000, 0.000, 2.350, 0, 0 
151817, 558293930, 0.000, 0.000, -454.981, 250.000, 0.000, 2.350, 0, 0 
151817, 559806611, 0.000, 0.000, -454.967, 250.000, 0.000, 2.350, 0, 0 
151817, 561318670, 0.000, 0.000, -454.981, 250.000, 0.000, 2.350, 0, 0 
151817, 562894218, 0.000, 0.000, -454.981, 250.000, 0.000, 2.350, 0, 0 
151817, 564444578, 0.000, 0.000, -454.994, 250.000, 0.000, 2.350, 0, 0 
151817, 565956583, 0.000, 0.000, -454.981, 250.000, 0.000, 2.350, 0, 0 
151817, 567469120, 0.000, 0.000, -454.967, 250.000, 0.000, 2.350, 0, 0 
151817, 568982950, 0.000, 0.000, -454.967, 250.000, 0.000, 2.350, 0, 0 
151817, 570532477, 0.000, 0.000, -454.981, 250.000, 0.000, 2.350, 0, 0 
151817, 572137129, 0.000, 0.000, -454.967, 250.000, 0.000, 2.350, 0, 0 
151817, 573732320, 0.000, 0.000, -454.994, 250.000, 0.000, 2.350, 0, 0 
151817, 575244514, 0.000, 0.000, -454.967, 250.000, 0.000, 2.350, 0, 0 
151817, 576825504, 0.000, 0.000, -454.981, 250.000, 0.000, 2.350, 0, 0 
151817, 578341097, 0.000, 0.000, -454.967, 250.000, 0.000, 2.350, 0, 0 
151817, 579893675, 0.000, 0.000, -454.994, 250.000, 0.000, 2.350, 0, 0 
151817, 581476412, 0.000, 0.000, -454.967, 250.000, 0.000, 2.350, 0, 0 
151817, 582987972, 0.000, 0.000, -454.981, 250.000, 0.000, 2.350, 0, 0 
151817, 584500077, 0.000, 0.000, -454.981, 250.000, 0.000, 2.350, 0, 0 
151817, 586018909, 0.000, 0.000, -454.994, 250.000, 0.000, 2.350, 0, 0 
151817, 587621397, 0.000, 0.000, -454.967, 250.000, 0.000, 2.350, 0, 0 
151817, 589137112, 0.000, 0.000, -454.981, 250.000, 0.000, 2.350, 0, 0 
151817, 590716493, 0.000, 0.000, -454.967, 250.000, 0.000, 2.350, 0, 0 
151817, 592314474, 0.000, 0.000, -454.967, 250.000, 0.000, 2.350, 0, 0 
151817, 593899717, 0.000, 0.000, -454.967, 250.000, 0.000, 2.350, 0, 0 
151817, 595499229, 0.000, 0.000, -454.981, 250.000, 0.000, 2.350, 0, 0 
151817, 597011754, 0.000, 0.000, -454.967, 250.000, 0.000, 2.350, 0, 0 
151817, 598551629, 0.000, 0.000, -454.981, 250.000, 0.000, 2.350, 0, 0 
151817, 600095816, 0.000, 0.000, -454.994, 250.000, 0.000, 2.350, 0, 0 
151817, 601683899, 0.000, 0.000, -454.981, 250.000, 0.000, 2.350, 0, 0 
151817, 603261787, 0.000, 0.000, -454.981, 250.000, 0.000, 2.350, 0, 0 
151817, 604841237, 0.000, 0.000, -454.994, 250.000, 0.000, 2.350, 0, 0 
151817, 606431131, 0.000, 0.000, -454.994, 250.000, 0.000, 2.350, 0, 0 
151817, 607969083, 0.000, 0.000, -454.994, 250.000, 0.000, 2.350, 0, 0 
151817, 609481785, 0.000, 0.000, -454.981, 250.000, 0.000, 2.350, 0, 0 
151817, 611087593, 0.000, 0.000, -454.967, 250.000, 0.000, 2.350, 0, 0 
151817, 612603848, 0.000, 0.000, -454.981, 250.000, 0.000, 2.350, 0, 0 
151817, 614116301, 0.000, 0.000, -454.967, 250.000, 0.000, 2.350, 0, 0 
151817, 615661025, 0.000, 0.000, -454.981, 250.000, 0.000, 2.350, 0, 0 
151817, 617175686, 0.000, 0.000, -454.994, 250.000, 0.000, 2.350, 0, 0 
151817, 618757839, 0.000, 0.000, -454.981, 250.000, 0.000, 2.350, 0, 0 
151817, 620274452, 0.000, 0.000, -454.994, 250.000, 0.000, 2.350, 0, 0 
151817, 621786433, 0.000, 0.000, -454.967, 250.000, 0.000, 2.350, 0, 0 
151817, 623298922, 0.000, 0.000, -454.967, 250.000, 0.000, 2.350, 0, 0 
151817, 624810516, 0.000, 0.000, -454.967, 250.000, 0.000, 2.350, 0, 0 
151817, 626390973, 0.000, 0.000, -454.981, 250.000, 0.000, 2.350, 0, 0 
151817, 627981871, 0.000, 0.000, -454.994, 250.000, 0.000, 2.350, 0, 0 
151817, 629493593, 0.000, 0.000, -454.967, 250.000, 0.000, 2.350, 0, 0 
151817, 631033913, 0.000, 0.000, -454.981, 250.000, 0.000, 2.350, 0, 0 
151817, 632600760, 0.000, 0.000, -454.981, 250.000, 0.000, 2.350, 0, 0 
151817, 634181403, 0.000, 0.000, -454.967, 250.000, 0.000, 2.350, 0, 0 
151817, 635693141, 0.000, 0.000, -454.967, 250.000, 0.000, 2.350, 0, 0 
151817, 637204849, 0.000, 0.000, -454.981, 250.000, 0.000, 2.350, 0, 0 
151817, 638786340, 0.000, 0.000, -454.981, 250.000, 0.000, 2.350, 0, 0 
151817, 640299052, 0.000, 0.000, -454.967, 250.000, 0.000, 2.350, 0, 0 
151817, 641860137, 0.000, 0.000, -454.981, 250.000, 0.000, 2.350, 0, 0 
151817, 643373833, 0.000, 0.000, -454.967, 250.000, 0.000, 2.350, 0, 0 
151817, 644890692, 0.000, 0.000, -454.981, 250.000, 0.000, 2.350, 0, 0 
151817, 646404728, 0.000, 0.000, -454.967, 250.000, 0.000, 2.350, 0, 0 
151817, 647922234, 0.000, 0.000, -454.967, 250.000, 0.000, 2.350, 0, 0 
151817, 649434405, 0.000, 0.000, -454.981, 250.000, 0.000, 2.350, 0, 0 
151817, 650946395, 0.000, 0.000, -454.967, 250.000, 0.000, 2.350, 0, 0 
151817, 652458625, 0.000, 0.000, -454.981, 250.000, 0.000, 2.350, 0, 0 
151817, 653970149, 0.000, 0.000, -454.981, 250.000, 0.000, 2.350, 0, 0 
151817, 655481614, 0.000, 0.000, -454.967, 250.000, 0.000, 2.350, 0, 0 
151817, 657051517, 0.000, 0.000, -454.981, 250.000, 0.000, 2.350, 0, 0 
151817, 658564955, 0.000, 0.000, -454.967, 250.000, 0.000, 2.350, 0, 0 
151817, 660076677, 0.000, 0.000, -454.967, 250.000, 0.000, 2.350, 0, 0 
151817, 661589822, 0.000, 0.000, -454.981, 250.000, 0.000, 2.350, 0, 0 
151817, 663102026, 0.000, 0.000, -454.967, 250.000, 0.000, 2.350, 0, 0 
151817, 664615221, 0.000, 0.000, -454.967, 250.000, 0.000, 2.350, 0, 0 
151817, 666149641, 0.000, 0.000, -454.967, 250.000, 0.000, 2.350, 0, 0 
151817, 667689215, 0.000, 0.000, -454.981, 250.000, 0.000, 2.350, 0, 0 
151817, 669207806, 0.000, 0.000, -454.981, 250.000, 0.000, 2.350, 0, 0 
151817, 670750809, 0.000, 0.000, -454.967, 250.000, 0.000, 2.350, 0, 0 
151817, 672299614, 0.000, 0.000, -454.981, 250.000, 0.000, 2.350, 0, 0 
151817, 673812636, 0.000, 0.000, -454.981, 250.000, 0.000, 2.350, 0, 0 
151817, 675324756, 0.000, 0.000, -454.967, 250.000, 0.000, 2.350, 0, 0 
151817, 676836816, 0.000, 0.000, -454.981, 250.000, 0.000, 2.350, 0, 0 
151817, 678349168, 0.000, 0.000, -454.967, 250.000, 0.000, 2.350, 0, 0 
151817, 679861433, 0.000, 0.000, -454.967, 250.000, 0.000, 2.350, 0, 0 
151817, 681373767, 0.000, 0.000, -454.967, 250.000, 0.000, 2.350, 0, 0 
151817, 682914864, 0.000, 0.000, -454.981, 250.000, 0.000, 2.350, 0, 0 
151817, 684457614, 0.000, 0.000, -454.981, 250.000, 0.000, 2.350, 0, 0 
151817, 686037976, 0.000, 0.000, -454.981, 250.000, 0.000, 2.350, 0, 0 
151817, 687651376, 0.000, 0.000, -454.967, 250.000, 0.000, 2.350, 0, 0 
151817, 689230111, 0.000, 0.000, -454.967, 250.000, 0.000, 2.350, 0, 0 
151817, 690742414, 0.000, 0.000, -454.994, 250.000, 0.000, 2.350, 0, 0 
151817, 692257043, 0.000, 0.000, -454.981, 250.000, 0.000, 2.350, 0, 0 
151817, 693800805, 0.000, 0.000, -454.994, 250.000, 0.000, 2.350, 0, 0 
151817, 695381003, 0.000, 0.000, -454.981, 250.000, 0.000, 2.350, 0, 0 
151817, 696892972, 0.000, 0.000, -454.981, 250.000, 0.000, 2.350, 0, 0 
151817, 698404773, 0.000, 0.000, -454.994, 250.000, 0.000, 2.350, 0, 0 
151817, 699917245, 0.000, 0.000, -454.981, 250.000, 0.000, 2.350, 0, 0 
151817, 701428420, 0.000, 0.000, -454.967, 250.000, 0.000, 2.350, 0, 0 
151817, 702975831, 0.000, 0.000, -454.981, 250.000, 0.000, 2.350, 0, 0 
151817, 704489575, 0.000, 0.000, -454.967, 250.000, 0.000, 2.350, 0, 0 
151817, 706051430, 0.000, 0.000, -454.981, 250.000, 0.000, 2.350, 0, 0 
151817, 707636480, 0.000, 0.000, -454.981, 250.000, 0.000, 2.350, 0, 0 
151817, 709226022, 0.000, 0.000, -454.994, 250.000, 0.000, 2.350, 0, 0 
151817, 710816580, 0.000, 0.000, -454.981, 250.000, 0.000, 2.350, 0, 0 
151817, 712334774, 0.000, 0.000, -454.967, 250.000, 0.000, 2.350, 0, 0 
151817, 713891679, 0.000, 0.000, -454.981, 250.000, 0.000, 2.350, 0, 0 
151817, 715404007, 0.000, 0.000, -454.981, 250.000, 0.000, 2.350, 0, 0 
151817, 716919879, 0.000, 0.000, -454.981, 250.000, 0.000, 2.350, 0, 0 
151817, 718531389, 0.000, 0.000, -454.967, 250.000, 0.000, 2.350, 0, 0 
151817, 720045216, 0.000, 0.000, -454.994, 250.000, 0.000, 2.350, 0, 0 
151817, 721557294, 0.000, 0.000, -454.967, 250.000, 0.000, 2.350, 0, 0 
151817, 723069330, 0.000, 0.000, -454.967, 250.000, 0.000, 2.350, 0, 0 
151817, 724581462, 0.000, 0.000, -454.981, 250.000, 0.000, 2.350, 0, 0 
151817, 726094397, 0.000, 0.000, -454.981, 250.000, 0.000, 2.350, 0, 0 
151817, 727605951, 0.000, 0.000, -454.981, 250.000, 0.000, 2.350, 0, 0 
151817, 729118727, 0.000, 0.000, -454.967, 250.000, 0.000, 2.350, 0, 0 
151817, 730646081, 0.000, 0.000, -454.981, 250.000, 0.000, 2.350, 0, 0 
151817, 732160768, 0.000, 0.000, -454.981, 250.000, 0.000, 2.350, 0, 0 
151817, 733813419, 0.000, 0.000, -454.981, 250.000, 0.000, 2.350, 0, 0 
151817, 735333550, 0.000, 0.000, -454.967, 250.000, 0.000, 2.350, 0, 0 
151817, 736918419, 0.000, 0.000, -454.981, 250.000, 0.000, 2.350, 0, 0 
151817, 738430041, 0.000, 0.000, -454.981, 250.000, 0.000, 2.350, 0, 0 
151817, 739942064, 0.000, 0.000, -454.981, 250.000, 0.000, 2.350, 0, 0 
151817, 741453898, 0.000, 0.000, -454.994, 250.000, 0.000, 2.350, 0, 0 
151817, 742964611, 0.000, 0.000, -454.981, 250.000, 0.000, 2.350, 0, 0 
151817, 744534926, 0.000, 0.000, -454.967, 250.000, 0.000, 2.350, 0, 0 
151817, 746051624, 0.000, 0.000, -454.967, 250.000, 0.000, 2.350, 0, 0 
151817, 747579342, 0.000, 0.000, -454.994, 250.000, 0.000, 2.350, 0, 0 
151817, 749130128, 0.000, 0.000, -454.981, 250.000, 0.000, 2.350, 0, 0 
151817, 750642576, 0.000, 0.000, -454.967, 250.000, 0.000, 2.350, 0, 0 
151817, 752155874, 0.000, 0.000, -454.981, 250.000, 0.000, 2.350, 0, 0 
151817, 753668054, 0.000, 0.000, -454.967, 250.000, 0.000, 2.350, 0, 0 
151817, 755182221, 0.000, 0.000, -454.967, 250.000, 0.000, 2.350, 0, 0 
151817, 756694017, 0.000, 0.000, -454.981, 250.000, 0.000, 2.350, 0, 0 
151817, 758256581, 0.000, 0.000, -454.981, 250.000, 0.000, 2.350, 0, 0 
151817, 759795550, 0.000, 0.000, -454.967, 250.000, 0.000, 2.350, 0, 0 
151817, 761310039, 0.000, 0.000, -454.967, 250.000, 0.000, 2.350, 0, 0 
151817, 762902920, 0.000, 0.000, -454.967, 250.000, 0.000, 2.350, 0, 0 
151817, 764546413, 0.000, 0.000, -454.981, 250.000, 0.000, 2.350, 0, 0 
151817, 766058908, 0.000, 0.000, -454.994, 250.000, 0.000, 2.350, 0, 0 
151817, 767571009, 0.000, 0.000, -454.981, 250.000, 0.000, 2.350, 0, 0 
151817, 769084837, 0.000, 0.000, -454.981, 250.000, 0.000, 2.350, 0, 0 
151817, 770597155, 0.000, 0.000, -454.981, 250.000, 0.000, 2.350, 0, 0 
151817, 772110075, 0.000, 0.000, -454.967, 250.000, 0.000, 2.350, 0, 0 
151817, 773622233, 0.000, 0.000, -454.981, 250.000, 0.000, 2.350, 0, 0 
151817, 775134727, 0.000, 0.000, -454.994, 250.000, 0.000, 2.350, 0, 0 
151817, 776721452, 0.000, 0.000, -454.967, 250.000, 0.000, 2.350, 0, 0 
151817, 778234279, 0.000, 0.000, -454.967, 250.000, 0.000, 2.350, 0, 0 
151817, 779782854, 0.000, 0.000, -454.994, 250.000, 0.000, 2.350, 0, 0 
151817, 781295362, 0.000, 0.000, -454.981, 250.000, 0.000, 2.350, 0, 0 
151817, 782881947, 0.000, 0.000, -454.981, 250.000, 0.000, 2.350, 0, 0 
151817, 784394540, 0.000, 0.000, -454.981, 250.000, 0.000, 2.350, 0, 0 
151817, 785979504, 0.000, 0.000, -454.994, 250.000, 0.000, 2.350, 0, 0 
151817, 787543280, 0.000, 0.000, -454.981, 250.000, 0.000, 2.350, 0, 0 
151817, 789054659, 0.000, 0.000, -454.967, 250.000, 0.000, 2.350, 0, 0 
151817, 790569358, 0.000, 0.000, -454.967, 250.000, 0.000, 2.350, 0, 0 
151817, 792084498, 0.000, 0.000, -454.994, 250.000, 0.000, 2.350, 0, 0 
151817, 793663390, 0.000, 0.000, -454.981, 250.000, 0.000, 2.350, 0, 0 
151817, 795288113, 0.000, 0.000, -454.967, 250.000, 0.000, 2.350, 0, 0 
151817, 796869431, 0.000, 0.000, -454.981, 250.000, 0.000, 2.350, 0, 0 
151817, 798458901, 0.000, 0.000, -454.967, 250.000, 0.000, 2.350, 0, 0 
151817, 799984789, 0.000, 0.000, -454.967, 250.000, 0.000, 2.350, 0, 0 
151817, 801500270, 0.000, 0.000, -454.967, 250.000, 0.000, 2.350, 0, 0 
151817, 803015630, 0.000, 0.000, -454.981, 250.000, 0.000, 2.350, 0, 0 
151817, 804529779, 0.000, 0.000, -454.981, 250.000, 0.000, 2.350, 0, 0 
151817, 806048256, 0.000, 0.000, -454.994, 250.000, 0.000, 2.350, 0, 0 
151817, 807629076, 0.000, 0.000, -455.008, 250.000, 0.000, 2.350, 0, 0 
151817, 809172141, 0.000, 0.000, -454.981, 250.000, 0.000, 2.350, 0, 0 
151817, 810808688, 0.000, 0.000, -454.981, 250.000, 0.000, 2.350, 0, 0 
151817, 812325021, 0.000, 0.000, -454.967, 250.000, 0.000, 2.350, 0, 0 
151817, 813843379, 0.000, 0.000, -454.981, 250.000, 0.000, 2.350, 0, 0 
151817, 815431057, 0.000, 0.000, -454.981, 250.000, 0.000, 2.350, 0, 0 
151817, 817011931, 0.000, 0.000, -454.981, 250.000, 0.000, 2.350, 0, 0 
151817, 818528641, 0.000, 0.000, -454.994, 250.000, 0.000, 2.350, 0, 0 
151817, 820050931, 0.000, 0.000, -454.967, 250.000, 0.000, 2.350, 0, 0 
151817, 821648473, 0.000, 0.000, -454.967, 250.000, 0.000, 2.350, 0, 0 
151817, 823237786, 0.000, 0.000, -454.994, 250.000, 0.000, 2.350, 0, 0 
151817, 824796066, 0.000, 0.000, -454.981, 250.000, 0.000, 2.350, 0, 0 
151817, 826426749, 0.000, 0.000, -454.981, 250.000, 0.000, 2.350, 0, 0 
151817, 828014816, 0.000, 0.000, -454.981, 250.000, 0.000, 2.350, 0, 0 
151817, 829617995, 0.000, 0.000, -454.981, 250.000, 0.000, 2.350, 0, 0 
151817, 831134316, 0.000, 0.000, -454.967, 250.000, 0.000, 2.350, 0, 0 
151817, 832693701, 0.000, 0.000, -454.967, 250.000, 0.000, 2.350, 0, 0 
151817, 834205828, 0.000, 0.000, -454.981, 250.000, 0.000, 2.350, 0, 0 
151817, 835717865, 0.000, 0.000, -454.994, 250.000, 0.000, 2.350, 0, 0 
151817, 837230199, 0.000, 0.000, -454.981, 250.000, 0.000, 2.350, 0, 0 
151817, 838741876, 0.000, 0.000, -454.981, 250.000, 0.000, 2.350, 0, 0 
151817, 840254814, 0.000, 0.000, -454.967, 250.000, 0.000, 2.350, 0, 0 
151817, 841814471, 0.000, 0.000, -454.994, 250.000, 0.000, 2.350, 0, 0 
151817, 843329435, 0.000, 0.000, -454.994, 250.000, 0.000, 2.350, 0, 0 
151817, 844841516, 0.000, 0.000, -454.981, 250.000, 0.000, 2.350, 0, 0 
151817, 846436485, 0.000, 0.000, -454.994, 250.000, 0.000, 2.350, 0, 0 
151817, 847952610, 0.000, 0.000, -454.994, 250.000, 0.000, 2.350, 0, 0 
151817, 849513927, 0.000, 0.000, -454.981, 250.000, 0.000, 2.350, 0, 0 
151817, 851027192, 0.000, 0.000, -454.981, 250.000, 0.000, 2.350, 0, 0 
151817, 852544011, 0.000, 0.000, -454.981, 250.000, 0.000, 2.350, 0, 0 
151817, 854135648, 0.000, 0.000, -454.981, 250.000, 0.000, 2.350, 0, 0 
151817, 855742614, 0.000, 0.000, -454.994, 250.000, 0.000, 2.350, 0, 0 
151817, 857315059, 0.000, 0.000, -454.994, 250.000, 0.000, 2.350, 0, 0 
151817, 858827341, 0.000, 0.000, -454.994, 250.000, 0.000, 2.350, 0, 0 
151817, 860341371, 0.000, 0.000, -454.967, 250.000, 0.000, 2.350, 0, 0 
151817, 861884131, 0.000, 0.000, -454.981, 250.000, 0.000, 2.350, 0, 0 
151817, 863462229, 0.000, 0.000, -454.981, 250.000, 0.000, 2.350, 0, 0 
151817, 864978844, 0.000, 0.000, -454.994, 250.000, 0.000, 2.350, 0, 0 
151817, 866555672, 0.000, 0.000, -454.967, 250.000, 0.000, 2.350, 0, 0 
151817, 868162319, 0.000, 0.000, -454.981, 250.000, 0.000, 2.350, 0, 0 
151817, 869681209, 0.000, 0.000, -454.994, 250.000, 0.000, 2.350, 0, 0 
151817, 871200240, 0.000, 0.000, -454.967, 250.000, 0.000, 2.350, 0, 0 
151817, 872823202, 0.000, 0.000, -454.994, 250.000, 0.000, 2.350, 0, 0 
151817, 874403179, 0.000, 0.000, -454.981, 250.000, 0.000, 2.350, 0, 0 
151817, 875915508, 0.000, 0.000, -454.981, 250.000, 0.000, 2.350, 0, 0 
151817, 877427459, 0.000, 0.000, -454.981, 250.000, 0.000, 2.350, 0, 0 
151817, 879020953, 0.000, 0.000, -454.967, 250.000, 0.000, 2.350, 0, 0 
151817, 880607234, 0.000, 0.000, -454.981, 250.000, 0.000, 2.350, 0, 0 
151817, 882119356, 0.000, 0.000, -454.994, 250.000, 0.000, 2.350, 0, 0 
151817, 883631435, 0.000, 0.000, -454.967, 250.000, 0.000, 2.350, 0, 0 
151817, 885144070, 0.000, 0.000, -454.981, 250.000, 0.000, 2.350, 0, 0 
151817, 886662847, 0.000, 0.000, -454.981, 250.000, 0.000, 2.350, 0, 0 
151817, 888218506, 0.000, 0.000, -454.981, 250.000, 0.000, 2.350, 0, 0 
151817, 889804881, 0.000, 0.000, -454.981, 250.000, 0.000, 2.350, 0, 0 
151817, 891316167, 0.000, 0.000, -454.981, 250.000, 0.000, 2.350, 0, 0 
151817, 892831086, 0.000, 0.000, -454.981, 250.000, 0.000, 2.350, 0, 0 
151817, 894344411, 0.000, 0.000, -454.981, 250.000, 0.000, 2.350, 0, 0 
151817, 895932575, 0.000, 0.000, -454.994, 250.000, 0.000, 2.350, 0, 0 
151817, 897445018, 0.000, 0.000, -454.994, 250.000, 0.000, 2.350, 0, 0 
151817, 898958143, 0.000, 0.000, -454.981, 250.000, 0.000, 2.350, 0, 0 
151817, 900515828, 0.000, 0.000, -454.981, 250.000, 0.000, 2.350, 0, 0 
151817, 902069741, 0.000, 0.000, -454.981, 250.000, 0.000, 2.350, 0, 0 
151817, 903620758, 0.000, 0.000, -454.981, 250.000, 0.000, 2.350, 0, 0 
151817, 905132930, 0.000, 0.000, -454.981, 250.000, 0.000, 2.350, 0, 0 
151817, 906645183, 0.000, 0.000, -454.981, 250.000, 0.000, 2.350, 0, 0 
151817, 908157092, 0.000, 0.000, -454.981, 250.000, 0.000, 2.350, 0, 0 
151817, 909669537, 0.000, 0.000, -454.994, 250.000, 0.000, 2.350, 0, 0 
151817, 911182003, 0.000, 0.000, -454.981, 250.000, 0.000, 2.350, 0, 0 
151817, 912755330, 0.000, 0.000, -454.981, 250.000, 0.000, 2.350, 0, 0 
151817, 914354205, 0.000, 0.000, -454.981, 250.000, 0.000, 2.350, 0, 0 
151817, 915948559, 0.000, 0.000, -454.981, 250.000, 0.000, 2.350, 0, 0 
151817, 917464519, 0.000, 0.000, -454.994, 250.000, 0.000, 2.350, 0, 0 
151817, 919017097, 0.000, 0.000, -454.981, 250.000, 0.000, 2.350, 0, 0 
151817, 920530622, 0.000, 0.000, -454.981, 250.000, 0.000, 2.350, 0, 0 
151817, 922042487, 0.000, 0.000, -454.994, 250.000, 0.000, 2.350, 0, 0 
151817, 923642837, 0.000, 0.000, -454.981, 250.000, 0.000, 2.350, 0, 0 
151817, 925158481, 0.000, 0.000, -454.981, 250.000, 0.000, 2.350, 0, 0 
151817, 926754677, 0.000, 0.000, -454.981, 250.000, 0.000, 2.350, 0, 0 
151817, 928271764, 0.000, 0.000, -454.981, 250.000, 0.000, 2.350, 0, 0 
151817, 929858162, 0.000, 0.000, -454.981, 250.000, 0.000, 2.350, 0, 0 
151817, 931370274, 0.000, 0.000, -454.981, 250.000, 0.000, 2.350, 0, 0 
151817, 932883028, 0.000, 0.000, -454.994, 250.000, 0.000, 2.350, 0, 0 
151817, 934435284, 0.000, 0.000, -454.981, 250.000, 0.000, 2.350, 0, 0 
151817, 936020908, 0.000, 0.000, -454.981, 250.000, 0.000, 2.350, 0, 0 
151817, 937532601, 0.000, 0.000, -454.967, 250.000, 0.000, 2.350, 0, 0 
151817, 939051274, 0.000, 0.000, -454.981, 250.000, 0.000, 2.350, 0, 0 
151817, 940591027, 0.000, 0.000, -454.967, 250.000, 0.000, 2.350, 0, 0 
151817, 942182498, 0.000, 0.000, -454.981, 250.000, 0.000, 2.350, 0, 0 
151817, 943695643, 0.000, 0.000, -454.981, 250.000, 0.000, 2.350, 0, 0 
151817, 945272774, 0.000, 0.000, -454.994, 250.000, 0.000, 2.350, 0, 0 
151817, 946784403, 0.000, 0.000, -454.994, 250.000, 0.000, 2.350, 0, 0 
151817, 948359561, 0.000, 0.000, -454.967, 250.000, 0.000, 2.350, 0, 0 
151817, 949909898, 0.000, 0.000, -454.967, 250.000, 0.000, 2.350, 0, 0 
151817, 951425844, 0.000, 0.000, -454.967, 250.000, 0.000, 2.350, 0, 0 
151817, 952970427, 0.000, 0.000, -454.967, 250.000, 0.000, 2.350, 0, 0 
151817, 954515248, 0.000, 0.000, -454.981, 250.000, 0.000, 2.350, 0, 0 
151817, 956099861, 0.000, 0.000, -454.981, 250.000, 0.000, 2.350, 0, 0 
151817, 957616118, 0.000, 0.000, -454.981, 250.000, 0.000, 2.350, 0, 0 
151817, 959219383, 0.000, 0.000, -454.981, 250.000, 0.000, 2.350, 0, 0 
151817, 960731827, 0.000, 0.000, -454.981, 250.000, 0.000, 2.350, 0, 0 
151817, 962331405, 0.000, 0.000, -454.967, 250.000, 0.000, 2.350, 0, 0 
151817, 963851246, 0.000, 0.000, -454.967, 250.000, 0.000, 2.350, 0, 0 
151817, 965404932, 0.000, 0.000, -454.981, 250.000, 0.000, 2.350, 0, 0 
151817, 966920463, 0.000, 0.000, -454.967, 250.000, 0.000, 2.350, 0, 0 
151817, 968498320, 0.000, 0.000, -454.967, 250.000, 0.000, 2.350, 0, 0 
151817, 970014113, 0.000, 0.000, -454.967, 250.000, 0.000, 2.350, 0, 0 
151817, 971607246, 0.000, 0.000, -454.967, 250.000, 0.000, 2.350, 0, 0 
151817, 973122753, 0.000, 0.000, -454.981, 250.000, 0.000, 2.350, 0, 0 
151817, 974639009, 0.000, 0.000, -454.981, 250.000, 0.000, 2.350, 0, 0 
151817, 976155681, 0.000, 0.000, -454.994, 250.000, 0.000, 2.350, 0, 0 
151817, 977743752, 0.000, 0.000, -454.981, 250.000, 0.000, 2.350, 0, 0 
151817, 979256890, 0.000, 0.000, -454.981, 250.000, 0.000, 2.350, 0, 0 
151817, 980802205, 0.000, 0.000, -454.994, 250.000, 0.000, 2.350, 0, 0 
151817, 982314528, 0.000, 0.000, -454.994, 250.000, 0.000, 2.350, 0, 0 
151817, 983825435, 0.000, 0.000, -454.967, 250.000, 0.000, 2.350, 0, 0 
151817, 985336894, 0.000, 0.000, -454.967, 250.000, 0.000, 2.350, 0, 0 
151817, 986881040, 0.000, 0.000, -454.981, 250.000, 0.000, 2.350, 0, 0 
151817, 988403717, 0.000, 0.000, -454.981, 250.000, 0.000, 2.350, 0, 0 
151817, 989986872, 0.000, 0.000, -454.994, 250.000, 0.000, 2.350, 0, 0 
151817, 991530112, 0.000, 0.000, -454.981, 250.000, 0.000, 2.350, 0, 0 
151817, 993041547, 0.000, 0.000, -454.981, 250.000, 0.000, 2.350, 0, 0 
151817, 994558452, 0.000, 0.000, -454.981, 250.000, 0.000, 2.350, 0, 0 
151817, 996121144, 0.000, 0.000, -454.981, 250.000, 0.000, 2.350, 0, 0 
151817, 997637639, 0.000, 0.000, -454.967, 250.000, 0.000, 2.350, 0, 0 
151817, 999179872, 0.000, 0.000, -454.981, 250.000, 0.000, 2.350, 0, 0 
151818, 697019, 0.000, 0.000, -454.981, 250.000, 0.000, 2.350, 0, 0 
151818, 2210659, 0.000, 0.000, -454.994, 250.000, 0.000, 2.350, 0, 0 
151818, 3729908, 0.000, 0.000, -454.967, 250.000, 0.000, 2.350, 0, 0 
151818, 5244916, 0.000, 0.000, -454.981, 250.000, 0.000, 2.350, 0, 0 
151818, 6757233, 0.000, 0.000, -454.981, 250.000, 0.000, 2.350, 0, 0 
151818, 8270456, 0.000, 0.000, -454.967, 250.000, 0.000, 2.350, 0, 0 
151818, 9782362, 0.000, 0.000, -454.994, 250.000, 0.000, 2.350, 0, 0 
151818, 11323410, 0.000, 0.000, -454.967, 250.000, 0.000, 2.350, 0, 0 
151818, 12840551, 0.000, 0.000, -454.967, 250.000, 0.000, 2.350, 0, 0 
151818, 14429529, 0.000, 0.000, -454.967, 250.000, 0.000, 2.350, 0, 0 
151818, 16021333, 0.000, 0.000, -454.967, 250.000, 0.000, 2.350, 0, 0 
151818, 17616984, 0.000, 0.000, -454.981, 250.000, 0.000, 2.350, 0, 0 
151818, 19181571, 0.000, 0.000, -454.981, 250.000, 0.000, 2.350, 0, 0 
151818, 20697253, 0.000, 0.000, -454.981, 250.000, 0.000, 2.350, 0, 0 
151818, 22218519, 0.000, 0.000, -454.967, 250.000, 0.000, 2.350, 0, 0 
151818, 23733254, 0.000, 0.000, -454.994, 250.000, 0.000, 2.350, 0, 0 
151818, 25248913, 0.000, 0.000, -454.967, 250.000, 0.000, 2.350, 0, 0 
151818, 26853561, 0.000, 0.000, -454.994, 250.000, 0.000, 2.350, 0, 0 
151818, 28366623, 0.000, 0.000, -454.967, 250.000, 0.000, 2.350, 0, 0 
151818, 29882415, 0.000, 0.000, -454.994, 250.000, 0.000, 2.350, 0, 0 
151818, 31399295, 0.000, 0.000, -454.981, 250.000, 0.000, 2.350, 0, 0 
151818, 32915204, 0.000, 0.000, -454.981, 250.000, 0.000, 2.350, 0, 0 
151818, 34515956, 0.000, 0.000, -454.981, 250.000, 0.000, 2.350, 0, 0 
151818, 36034879, 0.000, 0.000, -454.967, 250.000, 0.000, 2.350, 0, 0 
151818, 37592605, 0.000, 0.000, -454.981, 250.000, 0.000, 2.350, 0, 0 
151818, 39196546, 0.000, 0.000, -454.994, 250.000, 0.000, 2.350, 0, 0 
151818, 40795822, 0.000, 0.000, -454.967, 250.000, 0.000, 2.350, 0, 0 
151818, 42445692, 0.000, 0.000, -454.981, 250.000, 0.000, 2.350, 0, 0 
151818, 43957045, 0.000, 0.000, -454.981, 250.000, 0.000, 2.350, 0, 0 
151818, 45473897, 0.000, 0.000, -454.994, 250.000, 0.000, 2.350, 0, 0 
151818, 46990016, 0.000, 0.000, -454.994, 250.000, 0.000, 2.350, 0, 0 
151818, 48594040, 0.000, 0.000, -454.981, 250.000, 0.000, 2.350, 0, 0 
151818, 50110110, 0.000, 0.000, -454.981, 250.000, 0.000, 2.350, 0, 0 
151818, 51625312, 0.000, 0.000, -454.967, 250.000, 0.000, 2.350, 0, 0 
151818, 53216974, 0.000, 0.000, -454.967, 250.000, 0.000, 2.350, 0, 0 
151818, 54807610, 0.000, 0.000, -454.981, 250.000, 0.000, 2.350, 0, 0 
151818, 56402332, 0.000, 0.000, -454.981, 250.000, 0.000, 2.350, 0, 0 
151818, 57948897, 0.000, 0.000, -454.981, 250.000, 0.000, 2.350, 0, 0 
151818, 59494199, 0.000, 0.000, -454.981, 250.000, 0.000, 2.350, 0, 0 
151818, 61030397, 0.000, 0.000, -454.981, 250.000, 0.000, 2.350, 0, 0 
151818, 62588867, 0.000, 0.000, -454.981, 250.000, 0.000, 2.350, 0, 0 
151818, 64105652, 0.000, 0.000, -454.967, 250.000, 0.000, 2.350, 0, 0 
151818, 65620734, 0.000, 0.000, -454.981, 250.000, 0.000, 2.350, 0, 0 
151818, 67217174, 0.000, 0.000, -454.981, 250.000, 0.000, 2.350, 0, 0 
151818, 68734739, 0.0