Thu Nov 29 11:50:31 2018
Controller Frequency: 1.50 kHz
Time(s), Time(ns), x, v, f, xdes, vdes, cmd, LSB, LSF
154571, 996348454, 0.000, 0.000, -454.994, 250.000, 0.000, 2.350, 0, 0 
154571, 997864688, 0.001, 0.758, -454.994, 250.000, 0.000, 2.350, 0, 0 
154571, 999463293, 0.001, 0.000, -454.967, 250.000, 0.000, 2.350, 0, 0 
154572, 991659, 0.001, 0.000, -454.994, 250.000, 0.000, 2.350, 0, 0 
154572, 2576188, 0.001, 0.000, -454.981, 250.000, 0.000, 2.350, 0, 0 
154572, 4164935, 0.001, 0.000, -454.981, 250.000, 0.000, 2.350, 0, 0 
154572, 5684067, 0.001, 0.000, -454.981, 250.000, 0.000, 2.350, 0, 0 
154572, 7216103, 0.001, 0.000, -454.967, 250.000, 0.000, 2.350, 0, 0 
154572, 8747136, 0.002, 0.751, -454.994, 250.000, 0.000, 2.350, 0, 0 
154572, 10305891, 0.003, 0.738, -454.981, 250.000, 0.000, 2.350, 0, 0 
154572, 11957592, 0.003, 0.000, -454.994, 250.000, 0.000, 2.350, 0, 0 
154572, 13486871, 0.005, 0.752, -454.981, 250.000, 0.000, 2.350, 0, 0 
154572, 15037995, 0.005, 0.000, -454.981, 250.000, 0.000, 2.350, 0, 0 
154572, 16572701, 0.006, 0.749, -454.981, 250.000, 0.000, 2.350, 0, 0 
154572, 18103053, 0.006, 0.000, -454.967, 250.000, 0.000, 2.350, 0, 0 
154572, 19632493, 0.006, 0.000, -454.981, 250.000, 0.000, 2.350, 0, 0 
154572, 21242749, 0.006, 0.000, -454.981, 250.000, 0.000, 2.350, 0, 0 
154572, 22832592, 0.007, 0.723, -454.981, 250.000, 0.000, 2.350, 0, 0 
154572, 24336377, 0.008, 0.765, -454.981, 250.000, 0.000, 2.350, 0, 0 
154572, 25839331, 0.008, 0.000, -454.967, 250.000, 0.000, 2.350, 0, 0 
154572, 27353657, 0.009, 0.759, -454.981, 250.000, 0.000, 2.350, 0, 0 
154572, 28856635, 0.010, 0.765, -454.981, 250.000, 0.000, 2.350, 0, 0 
154572, 30359363, 0.010, 0.000, -454.967, 250.000, 0.000, 2.350, 0, 0 
154572, 31866779, 0.010, 0.000, -454.994, 250.000, 0.000, 2.350, 0, 0 
154572, 33370552, 0.010, 0.000, -454.967, 250.000, 0.000, 2.350, 0, 0 
154572, 34874699, 0.011, 0.765, -454.967, 250.000, 0.000, 2.350, 0, 0 
154572, 36463943, 0.013, 0.724, -454.967, 250.000, 0.000, 2.350, 0, 0 
154572, 38061853, 0.014, 0.720, -454.967, 250.000, 0.000, 2.350, 0, 0 
154572, 39656291, 0.014, 0.000, -454.981, 250.000, 0.000, 2.350, 0, 0 
154572, 41254291, 0.014, 0.000, -454.994, 250.000, 0.000, 2.350, 0, 0 
154572, 42769769, 0.014, 0.000, -454.967, 250.000, 0.000, 2.350, 0, 0 
154572, 44275797, 0.014, 0.000, -454.967, 250.000, 0.000, 2.350, 0, 0 
154572, 45879711, 0.014, 0.000, -454.981, 250.000, 0.000, 2.350, 0, 0 
154572, 47469798, 0.014, 0.000, -454.981, 250.000, 0.000, 2.350, 0, 0 
154572, 48976797, 0.015, 0.763, -454.967, 250.000, 0.000, 2.350, 0, 0 
154572, 50572158, 0.015, 0.000, -454.994, 250.000, 0.000, 2.350, 0, 0 
154572, 52105542, 0.015, 0.000, -454.994, 250.000, 0.000, 2.350, 0, 0 
154572, 53700970, 0.015, 0.000, -454.981, 250.000, 0.000, 2.350, 0, 0 
154572, 55207137, 0.016, 0.764, -454.981, 250.000, 0.000, 2.350, 0, 0 
154572, 56738352, 0.016, 0.000, -454.994, 250.000, 0.000, 2.350, 0, 0 
154572, 58293201, 0.016, 0.000, -454.981, 250.000, 0.000, 2.350, 0, 0 
154572, 59834445, 0.017, 0.746, -454.981, 250.000, 0.000, 2.350, 0, 0 
154572, 61377186, 0.017, 0.000, -454.981, 250.000, 0.000, 2.350, 0, 0 
154572, 62928107, 0.018, 0.741, -454.994, 250.000, 0.000, 2.350, 0, 0 
154572, 64506361, 0.020, 0.729, -454.994, 250.000, 0.000, 2.350, 0, 0 
154572, 66095504, 0.020, 0.000, -454.981, 250.000, 0.000, 2.350, 0, 0 
154572, 67680282, 0.020, 0.000, -454.981, 250.000, 0.000, 2.350, 0, 0 
154572, 69263062, 0.021, 0.727, -454.981, 250.000, 0.000, 2.350, 0, 0 
154572, 70852229, 0.022, 0.724, -454.981, 250.000, 0.000, 2.350, 0, 0 
154572, 72441162, 0.022, 0.000, -454.981, 250.000, 0.000, 2.350, 0, 0 
154572, 74043245, 0.022, 0.000, -454.981, 250.000, 0.000, 2.350, 0, 0 
154572, 75614399, 0.022, 0.000, -454.967, 250.000, 0.000, 2.350, 0, 0 
154572, 77213617, 0.023, 0.719, -454.981, 250.000, 0.000, 2.350, 0, 0 
154572, 78814956, 0.024, 0.718, -454.967, 250.000, 0.000, 2.350, 0, 0 
154572, 80337244, 0.025, 0.755, -454.981, 250.000, 0.000, 2.350, 0, 0 
154572, 81879300, 0.026, 0.746, -454.967, 250.000, 0.000, 2.350, 0, 0 
154572, 83422297, 0.026, 0.000, -454.967, 250.000, 0.000, 2.350, 0, 0 
154572, 85002113, 0.026, 0.000, -454.981, 250.000, 0.000, 2.350, 0, 0 
154572, 86544957, 0.028, 0.745, -454.981, 250.000, 0.000, 2.350, 0, 0 
154572, 88078895, 0.028, 0.000, -454.981, 250.000, 0.000, 2.350, 0, 0 
154572, 89677453, 0.029, 0.719, -454.994, 250.000, 0.000, 2.350, 0, 0 
154572, 91256573, 0.030, 0.728, -454.981, 250.000, 0.000, 2.350, 0, 0 
154572, 92866633, 0.030, 0.000, -454.994, 250.000, 0.000, 2.350, 0, 0 
154572, 94377430, 0.031, 0.761, -454.981, 250.000, 0.000, 2.350, 0, 0 
154572, 95979536, 0.032, 0.718, -454.994, 250.000, 0.000, 2.350, 0, 0 
154572, 97491772, 0.032, 0.000, -454.967, 250.000, 0.000, 2.350, 0, 0 
154572, 99010827, 0.033, 0.757, -454.994, 250.000, 0.000, 2.350, 0, 0 
154572, 100571120, 0.033, 0.000, -454.994, 250.000, 0.000, 2.350, 0, 0 
154572, 102161442, 0.033, 0.000, -454.967, 250.000, 0.000, 2.350, 0, 0 
154572, 103752578, 0.034, 0.723, -454.994, 250.000, 0.000, 2.350, 0, 0 
154572, 105379713, 0.036, 0.707, -454.981, 250.000, 0.000, 2.350, 0, 0 
154572, 106956431, 0.036, 0.000, -454.981, 250.000, 0.000, 2.350, 0, 0 
154572, 108549674, 0.036, 0.000, -454.981, 250.000, 0.000, 2.350, 0, 0 
154572, 110072146, 0.036, 0.000, -454.994, 250.000, 0.000, 2.350, 0, 0 
154572, 111645301, 0.037, 0.731, -454.981, 250.000, 0.000, 2.350, 0, 0 
154572, 113252793, 0.038, 0.715, -454.981, 250.000, 0.000, 2.350, 0, 0 
154572, 114844646, 0.038, 0.000, -454.994, 250.000, 0.000, 2.350, 0, 0 
154572, 116456142, 0.038, 0.000, -454.981, 250.000, 0.000, 2.350, 0, 0 
154572, 118016214, 0.038, 0.000, -454.981, 250.000, 0.000, 2.350, 0, 0 
154572, 119583151, 0.038, 0.000, -454.981, 250.000, 0.000, 2.350, 0, 0 
154572, 121132903, 0.039, 0.742, -454.981, 250.000, 0.000, 2.350, 0, 0 
154572, 122679011, 0.039, 0.000, -454.981, 250.000, 0.000, 2.350, 0, 0 
154572, 124288135, 0.040, 0.715, -454.994, 250.000, 0.000, 2.350, 0, 0 
154572, 125893521, 0.041, 0.716, -454.967, 250.000, 0.000, 2.350, 0, 0 
154572, 127458730, 0.043, 0.735, -454.967, 250.000, 0.000, 2.350, 0, 0 
154572, 129064717, 0.043, 0.000, -454.994, 250.000, 0.000, 2.350, 0, 0 
154572, 130590416, 0.044, 0.754, -454.981, 250.000, 0.000, 2.350, 0, 0 
154572, 132115058, 0.045, 0.754, -454.967, 250.000, 0.000, 2.350, 0, 0 
154572, 133627809, 0.045, 0.000, -454.967, 250.000, 0.000, 2.350, 0, 0 
154572, 135219223, 0.045, 0.000, -454.981, 250.000, 0.000, 2.350, 0, 0 
154572, 136850335, 0.046, 0.705, -454.994, 250.000, 0.000, 2.350, 0, 0 
154572, 138390047, 0.046, 0.000, -454.981, 250.000, 0.000, 2.350, 0, 0 
154572, 139945979, 0.047, 0.739, -454.967, 250.000, 0.000, 2.350, 0, 0 
154572, 141498211, 0.047, 0.000, -454.994, 250.000, 0.000, 2.350, 0, 0 
154572, 143013444, 0.048, 0.759, -454.981, 250.000, 0.000, 2.350, 0, 0 
154572, 144594783, 0.048, 0.000, -454.981, 250.000, 0.000, 2.350, 0, 0 
154572, 146195216, 0.049, 0.719, -454.981, 250.000, 0.000, 2.350, 0, 0 
154572, 147799309, 0.049, 0.000, -454.994, 250.000, 0.000, 2.350, 0, 0 
154572, 149355821, 0.049, 0.000, -454.981, 250.000, 0.000, 2.350, 0, 0 
154572, 150878397, 0.049, 0.000, -454.981, 250.000, 0.000, 2.350, 0, 0 
154572, 152491379, 0.051, 0.713, -454.981, 250.000, 0.000, 2.350, 0, 0 
154572, 154078284, 0.051, 0.000, -454.981, 250.000, 0.000, 2.350, 0, 0 
154572, 155677330, 0.052, 0.719, -454.967, 250.000, 0.000, 2.350, 0, 0 
154572, 157190028, 0.053, 0.760, -454.981, 250.000, 0.000, 2.350, 0, 0 
154572, 158791794, 0.053, 0.000, -454.981, 250.000, 0.000, 2.350, 0, 0 
154572, 160398643, 0.054, 0.716, -454.981, 250.000, 0.000, 2.350, 0, 0 
154572, 162000010, 0.054, 0.000, -454.994, 250.000, 0.000, 2.350, 0, 0 
154572, 163514457, 0.055, 0.759, -454.981, 250.000, 0.000, 2.350, 0, 0 
154572, 165031136, 0.056, 0.758, -454.994, 250.000, 0.000, 2.350, 0, 0 
154572, 166592372, 0.057, 0.737, -454.967, 250.000, 0.000, 2.350, 0, 0 
154572, 168189724, 0.057, 0.000, -454.967, 250.000, 0.000, 2.350, 0, 0 
154572, 169769695, 0.059, 0.728, -454.967, 250.000, 0.000, 2.350, 0, 0 
154572, 171282482, 0.059, 0.000, -454.981, 250.000, 0.000, 2.350, 0, 0 
154572, 172794038, 0.059, 0.000, -454.953, 250.000, 0.000, 2.350, 0, 0 
154572, 174383432, 0.060, 0.724, -454.981, 250.000, 0.000, 2.350, 0, 0 
154572, 176019538, 0.060, 0.000, -454.981, 250.000, 0.000, 2.350, 0, 0 
154572, 177597904, 0.061, 0.729, -454.981, 250.000, 0.000, 2.350, 0, 0 
154572, 179205134, 0.061, 0.000, -454.994, 250.000, 0.000, 2.350, 0, 0 
154572, 180768170, 0.061, 0.000, -454.994, 250.000, 0.000, 2.350, 0, 0 
154572, 182291682, 0.061, 0.000, -454.981, 250.000, 0.000, 2.350, 0, 0 
154572, 183843505, 0.062, 0.741, -454.967, 250.000, 0.000, 2.350, 0, 0 
154572, 185357586, 0.062, 0.000, -454.981, 250.000, 0.000, 2.350, 0, 0 
154572, 186872275, 0.062, 0.000, -454.967, 250.000, 0.000, 2.350, 0, 0 
154572, 188386634, 0.063, 0.759, -454.994, 250.000, 0.000, 2.350, 0, 0 
154572, 189902205, 0.063, 0.000, -454.981, 250.000, 0.000, 2.350, 0, 0 
154572, 191498644, 0.064, 0.720, -454.981, 250.000, 0.000, 2.350, 0, 0 
154572, 193034134, 0.066, 0.749, -454.994, 250.000, 0.000, 2.350, 0, 0 
154572, 194613140, 0.066, 0.000, -454.981, 250.000, 0.000, 2.350, 0, 0 
154572, 196167759, 0.067, 0.740, -454.981, 250.000, 0.000, 2.350, 0, 0 
154572, 197683499, 0.067, 0.000, -454.981, 250.000, 0.000, 2.350, 0, 0 
154572, 199239737, 0.068, 0.739, -454.981, 250.000, 0.000, 2.350, 0, 0 
154572, 200774868, 0.068, 0.000, -454.981, 250.000, 0.000, 2.350, 0, 0 
154572, 202284678, 0.068, 0.000, -454.981, 250.000, 0.000, 2.350, 0, 0 
154572, 203872962, 0.069, 0.724, -454.981, 250.000, 0.000, 2.350, 0, 0 
154572, 205454114, 0.069, 0.000, -454.981, 250.000, 0.000, 2.350, 0, 0 
154572, 207026083, 0.070, 0.732, -454.981, 250.000, 0.000, 2.350, 0, 0 
154572, 208593785, 0.070, 0.000, -454.981, 250.000, 0.000, 2.350, 0, 0 
154572, 210107156, 0.071, 0.760, -454.967, 250.000, 0.000, 2.350, 0, 0 
154572, 211619004, 0.072, 0.761, -454.994, 250.000, 0.000, 2.350, 0, 0 
154572, 213135048, 0.072, 0.000, -454.981, 250.000, 0.000, 2.350, 0, 0 
154572, 214677443, 0.074, 0.746, -454.994, 250.000, 0.000, 2.350, 0, 0 
154572, 216188724, 0.075, 0.761, -454.981, 250.000, 0.000, 2.350, 0, 0 
154572, 217790364, 0.075, 0.000, -454.981, 250.000, 0.000, 2.350, 0, 0 
154572, 219394165, 0.076, 0.717, -454.994, 250.000, 0.000, 2.350, 0, 0 
154572, 220996868, 0.076, 0.000, -454.967, 250.000, 0.000, 2.350, 0, 0 
154572, 222574040, 0.076, 0.000, -454.981, 250.000, 0.000, 2.350, 0, 0 
154572, 224096823, 0.077, 0.755, -454.967, 250.000, 0.000, 2.350, 0, 0 
154572, 225699718, 0.077, 0.000, -454.981, 250.000, 0.000, 2.350, 0, 0 
154572, 227228770, 0.077, 0.000, -454.994, 250.000, 0.000, 2.350, 0, 0 
154572, 228740756, 0.078, 0.761, -454.967, 250.000, 0.000, 2.350, 0, 0 
154572, 230304373, 0.078, 0.000, -454.994, 250.000, 0.000, 2.350, 0, 0 
154572, 231820373, 0.079, 0.759, -454.994, 250.000, 0.000, 2.350, 0, 0 
154572, 233353468, 0.079, 0.000, -454.981, 250.000, 0.000, 2.350, 0, 0 
154572, 234866802, 0.079, 0.000, -454.994, 250.000, 0.000, 2.350, 0, 0 
154572, 236446933, 0.079, 0.000, -454.981, 250.000, 0.000, 2.350, 0, 0 
154572, 238019562, 0.080, 0.731, -454.967, 250.000, 0.000, 2.350, 0, 0 
154572, 239567391, 0.080, 0.000, -454.981, 250.000, 0.000, 2.350, 0, 0 
154572, 241080119, 0.080, 0.000, -454.981, 250.000, 0.000, 2.350, 0, 0 
154572, 242591715, 0.082, 0.761, -454.981, 250.000, 0.000, 2.350, 0, 0 
154572, 244111470, 0.082, 0.000, -454.981, 250.000, 0.000, 2.350, 0, 0 
154572, 245653027, 0.083, 0.746, -454.981, 250.000, 0.000, 2.350, 0, 0 
154572, 247174030, 0.084, 0.756, -454.981, 250.000, 0.000, 2.350, 0, 0 
154572, 248693609, 0.084, 0.000, -454.967, 250.000, 0.000, 2.350, 0, 0 
154572, 250253719, 0.084, 0.000, -454.981, 250.000, 0.000, 2.350, 0, 0 
154572, 251840595, 0.085, 0.725, -454.967, 250.000, 0.000, 2.350, 0, 0 
154572, 253354135, 0.086, 0.760, -454.981, 250.000, 0.000, 2.350, 0, 0 
154572, 254865751, 0.086, 0.000, -454.994, 250.000, 0.000, 2.350, 0, 0 
154572, 256381481, 0.086, 0.000, -454.967, 250.000, 0.000, 2.350, 0, 0 
154572, 257948984, 0.087, 0.734, -454.994, 250.000, 0.000, 2.350, 0, 0 
154572, 259461562, 0.089, 0.760, -454.981, 250.000, 0.000, 2.350, 0, 0 
154572, 261003755, 0.089, 0.000, -454.994, 250.000, 0.000, 2.350, 0, 0 
154572, 262561161, 0.090, 0.738, -454.967, 250.000, 0.000, 2.350, 0, 0 
154572, 264070632, 0.090, 0.000, -454.967, 250.000, 0.000, 2.350, 0, 0 
154572, 265582177, 0.090, 0.000, -454.981, 250.000, 0.000, 2.350, 0, 0 
154572, 267112350, 0.091, 0.752, -454.981, 250.000, 0.000, 2.350, 0, 0 
154572, 268626463, 0.092, 0.760, -454.981, 250.000, 0.000, 2.350, 0, 0 
154572, 270138309, 0.093, 0.761, -454.981, 250.000, 0.000, 2.350, 0, 0 
154572, 271650999, 0.093, 0.000, -454.981, 250.000, 0.000, 2.350, 0, 0 
154572, 273178499, 0.094, 0.753, -454.981, 250.000, 0.000, 2.350, 0, 0 
154572, 274692874, 0.095, 0.759, -454.967, 250.000, 0.000, 2.350, 0, 0 
154572, 276259184, 0.095, 0.000, -454.981, 250.000, 0.000, 2.350, 0, 0 
154572, 277771767, 0.095, 0.000, -454.981, 250.000, 0.000, 2.350, 0, 0 
154572, 279340820, 0.097, 0.733, -454.981, 250.000, 0.000, 2.350, 0, 0 
154572, 280883208, 0.097, 0.000, -454.967, 250.000, 0.000, 2.350, 0, 0 
154572, 282406088, 0.097, 0.000, -454.994, 250.000, 0.000, 2.350, 0, 0 
154572, 283918023, 0.098, 0.761, -454.981, 250.000, 0.000, 2.350, 0, 0 
154572, 285429872, 0.099, 0.761, -454.981, 250.000, 0.000, 2.350, 0, 0 
154572, 286941268, 0.099, 0.000, -454.981, 250.000, 0.000, 2.350, 0, 0 
154572, 288482892, 0.099, 0.000, -454.994, 250.000, 0.000, 2.350, 0, 0 
154572, 290029195, 0.100, 0.744, -454.981, 250.000, 0.000, 2.350, 0, 0 
154572, 291619787, 0.100, 0.000, -454.981, 250.000, 0.000, 2.350, 0, 0 
154572, 293132138, 0.100, 0.000, -454.994, 250.000, 0.000, 2.350, 0, 0 
154572, 294679839, 0.101, 0.743, -454.994, 250.000, 0.000, 2.350, 0, 0 
154572, 296194506, 0.102, 0.759, -454.981, 250.000, 0.000, 2.350, 0, 0 
154572, 297706117, 0.102, 0.000, -454.994, 250.000, 0.000, 2.350, 0, 0 
154572, 299217726, 0.102, 0.000, -454.981, 250.000, 0.000, 2.350, 0, 0 
154572, 300731130, 0.103, 0.760, -454.994, 250.000, 0.000, 2.350, 0, 0 
154572, 302259167, 0.105, 0.753, -454.981, 250.000, 0.000, 2.350, 0, 0 
154572, 303789083, 0.105, 0.000, -454.994, 250.000, 0.000, 2.350, 0, 0 
154572, 305392167, 0.106, 0.717, -454.994, 250.000, 0.000, 2.350, 0, 0 
154572, 306944480, 0.107, 0.741, -454.981, 250.000, 0.000, 2.350, 0, 0 
154572, 308458652, 0.107, 0.000, -454.994, 250.000, 0.000, 2.350, 0, 0 
154572, 310000448, 0.108, 0.746, -454.994, 250.000, 0.000, 2.350, 0, 0 
154572, 311513230, 0.109, 0.760, -454.994, 250.000, 0.000, 2.350, 0, 0 
154572, 313070875, 0.109, 0.000, -454.994, 250.000, 0.000, 2.350, 0, 0 
154572, 314631240, 0.110, 0.737, -454.967, 250.000, 0.000, 2.350, 0, 0 
154572, 316145227, 0.112, 0.760, -454.967, 250.000, 0.000, 2.350, 0, 0 
154572, 317725752, 0.112, 0.000, -454.967, 250.000, 0.000, 2.350, 0, 0 
154572, 319238839, 0.112, 0.000, -454.981, 250.000, 0.000, 2.350, 0, 0 
154572, 320751159, 0.112, 0.000, -454.981, 250.000, 0.000, 2.350, 0, 0 
154572, 322300444, 0.113, 0.742, -454.981, 250.000, 0.000, 2.350, 0, 0 
154572, 323814259, 0.113, 0.000, -454.981, 250.000, 0.000, 2.350, 0, 0 
154572, 325326387, 0.113, 0.000, -454.981, 250.000, 0.000, 2.350, 0, 0 
154572, 326838194, 0.114, 0.761, -454.994, 250.000, 0.000, 2.350, 0, 0 
154572, 328354090, 0.115, 0.759, -454.981, 250.000, 0.000, 2.350, 0, 0 
154572, 329871310, 0.115, 0.000, -454.981, 250.000, 0.000, 2.350, 0, 0 
154572, 331387988, 0.115, 0.000, -454.981, 250.000, 0.000, 2.350, 0, 0 
154572, 332905762, 0.116, 0.758, -454.967, 250.000, 0.000, 2.350, 0, 0 
154572, 334459804, 0.117, 0.740, -454.994, 250.000, 0.000, 2.350, 0, 0 
154572, 336033799, 0.117, 0.000, -454.994, 250.000, 0.000, 2.350, 0, 0 
154572, 337583519, 0.117, 0.000, -454.981, 250.000, 0.000, 2.350, 0, 0 
154572, 339101455, 0.118, 0.758, -454.981, 250.000, 0.000, 2.350, 0, 0 
154572, 340621013, 0.120, 0.757, -454.981, 250.000, 0.000, 2.350, 0, 0 
154572, 342179783, 0.120, 0.000, -454.994, 250.000, 0.000, 2.350, 0, 0 
154572, 343694176, 0.120, 0.000, -454.981, 250.000, 0.000, 2.350, 0, 0 
154572, 345296148, 0.121, 0.718, -454.967, 250.000, 0.000, 2.350, 0, 0 
154572, 346809632, 0.121, 0.000, -454.967, 250.000, 0.000, 2.350, 0, 0 
154572, 348322658, 0.121, 0.000, -454.994, 250.000, 0.000, 2.350, 0, 0 
154572, 349837238, 0.122, 0.759, -454.981, 250.000, 0.000, 2.350, 0, 0 
154572, 351407468, 0.123, 0.732, -454.994, 250.000, 0.000, 2.350, 0, 0 
154572, 352984625, 0.123, 0.000, -454.981, 250.000, 0.000, 2.350, 0, 0 
154572, 354516418, 0.123, 0.000, -454.967, 250.000, 0.000, 2.350, 0, 0 
154572, 356072547, 0.124, 0.739, -454.994, 250.000, 0.000, 2.350, 0, 0 
154572, 357619770, 0.124, 0.000, -454.981, 250.000, 0.000, 2.350, 0, 0 
154572, 359152551, 0.124, 0.000, -454.967, 250.000, 0.000, 2.350, 0, 0 
154572, 360666507, 0.125, 0.760, -454.994, 250.000, 0.000, 2.350, 0, 0 
154572, 362180746, 0.126, 0.759, -454.981, 250.000, 0.000, 2.350, 0, 0 
154572, 363704740, 0.128, 0.755, -454.994, 250.000, 0.000, 2.350, 0, 0 
154572, 365223397, 0.128, 0.000, -454.981, 250.000, 0.000, 2.350, 0, 0 
154572, 366786069, 0.128, 0.000, -454.981, 250.000, 0.000, 2.350, 0, 0 
154572, 368394252, 0.129, 0.715, -454.981, 250.000, 0.000, 2.350, 0, 0 
154572, 369999937, 0.129, 0.000, -454.967, 250.000, 0.000, 2.350, 0, 0 
154572, 371580282, 0.130, 0.728, -454.981, 250.000, 0.000, 2.350, 0, 0 
154572, 373096594, 0.131, 0.758, -454.994, 250.000, 0.000, 2.350, 0, 0 
154572, 374612651, 0.132, 0.759, -454.981, 250.000, 0.000, 2.350, 0, 0 
154572, 376129033, 0.132, 0.000, -454.981, 250.000, 0.000, 2.350, 0, 0 
154572, 377642831, 0.132, 0.000, -454.994, 250.000, 0.000, 2.350, 0, 0 
154572, 379156460, 0.132, 0.000, -454.994, 250.000, 0.000, 2.350, 0, 0 
154572, 380681022, 0.133, 0.754, -454.981, 250.000, 0.000, 2.350, 0, 0 
154572, 382198747, 0.135, 0.758, -454.981, 250.000, 0.000, 2.350, 0, 0 
154572, 383807959, 0.135, 0.000, -454.981, 250.000, 0.000, 2.350, 0, 0 
154572, 385404913, 0.136, 0.720, -454.967, 250.000, 0.000, 2.350, 0, 0 
154572, 386920116, 0.137, 0.759, -454.981, 250.000, 0.000, 2.350, 0, 0 
154572, 388436184, 0.138, 0.759, -454.981, 250.000, 0.000, 2.350, 0, 0 
154572, 389949715, 0.139, 0.760, -454.981, 250.000, 0.000, 2.350, 0, 0 
154572, 391517206, 0.139, 0.000, -454.994, 250.000, 0.000, 2.350, 0, 0 
154572, 393032371, 0.139, 0.000, -454.994, 250.000, 0.000, 2.350, 0, 0 
154572, 394546794, 0.139, 0.000, -454.994, 250.000, 0.000, 2.350, 0, 0 
154572, 396064330, 0.140, 0.758, -454.967, 250.000, 0.000, 2.350, 0, 0 
154572, 397577952, 0.141, 0.760, -454.981, 250.000, 0.000, 2.350, 0, 0 
154572, 399131106, 0.143, 0.740, -454.967, 250.000, 0.000, 2.350, 0, 0 
154572, 400647077, 0.143, 0.000, -454.967, 250.000, 0.000, 2.350, 0, 0 
154572, 402165461, 0.144, 0.757, -454.994, 250.000, 0.000, 2.350, 0, 0 
154572, 403684194, 0.145, 0.757, -454.981, 250.000, 0.000, 2.350, 0, 0 
154572, 405295816, 0.145, 0.000, -454.981, 250.000, 0.000, 2.350, 0, 0 
154572, 406904518, 0.145, 0.000, -454.981, 250.000, 0.000, 2.350, 0, 0 
154572, 408486060, 0.146, 0.727, -454.994, 250.000, 0.000, 2.350, 0, 0 
154572, 410007070, 0.147, 0.756, -454.981, 250.000, 0.000, 2.350, 0, 0 
154572, 411586105, 0.147, 0.000, -454.981, 250.000, 0.000, 2.350, 0, 0 
154572, 413101850, 0.148, 0.759, -454.981, 250.000, 0.000, 2.350, 0, 0 
154572, 414674476, 0.150, 0.731, -454.981, 250.000, 0.000, 2.350, 0, 0 
154572, 416241981, 0.150, 0.000, -454.967, 250.000, 0.000, 2.350, 0, 0 
154572, 417791247, 0.150, 0.000, -454.981, 250.000, 0.000, 2.350, 0, 0 
154572, 419390544, 0.150, 0.000, -454.981, 250.000, 0.000, 2.350, 0, 0 
154572, 420983571, 0.151, 0.722, -454.967, 250.000, 0.000, 2.350, 0, 0 
154572, 422580336, 0.151, 0.000, -454.967, 250.000, 0.000, 2.350, 0, 0 
154572, 424175404, 0.152, 0.721, -454.981, 250.000, 0.000, 2.350, 0, 0 
154572, 425771049, 0.152, 0.000, -454.981, 250.000, 0.000, 2.350, 0, 0 
154572, 427293369, 0.152, 0.000, -454.994, 250.000, 0.000, 2.350, 0, 0 
154572, 428883650, 0.153, 0.723, -454.981, 250.000, 0.000, 2.350, 0, 0 
154572, 430526809, 0.153, 0.000, -454.994, 250.000, 0.000, 2.350, 0, 0 
154572, 432047471, 0.154, 0.756, -454.981, 250.000, 0.000, 2.350, 0, 0 
154572, 433609540, 0.155, 0.736, -454.994, 250.000, 0.000, 2.350, 0, 0 
154572, 435125162, 0.156, 0.759, -454.994, 250.000, 0.000, 2.350, 0, 0 
154572, 436644347, 0.156, 0.000, -454.967, 250.000, 0.000, 2.350, 0, 0 
154572, 438260137, 0.158, 0.712, -454.994, 250.000, 0.000, 2.350, 0, 0 
154572, 439870190, 0.159, 0.714, -454.981, 250.000, 0.000, 2.350, 0, 0 
154572, 441470111, 0.159, 0.000, -454.981, 250.000, 0.000, 2.350, 0, 0 
154572, 443076665, 0.160, 0.716, -454.981, 250.000, 0.000, 2.350, 0, 0 
154572, 444689221, 0.160, 0.000, -454.981, 250.000, 0.000, 2.350, 0, 0 
154572, 446242962, 0.160, 0.000, -454.981, 250.000, 0.000, 2.350, 0, 0 
154572, 447767148, 0.161, 0.755, -454.994, 250.000, 0.000, 2.350, 0, 0 
154572, 449310382, 0.162, 0.745, -454.981, 250.000, 0.000, 2.350, 0, 0 
154572, 450896795, 0.162, 0.000, -454.981, 250.000, 0.000, 2.350, 0, 0 
154572, 452471363, 0.162, 0.000, -454.981, 250.000, 0.000, 2.350, 0, 0 
154572, 454062707, 0.163, 0.723, -454.981, 250.000, 0.000, 2.350, 0, 0 
154572, 455577269, 0.163, 0.000, -454.981, 250.000, 0.000, 2.350, 0, 0 
154572, 457090286, 0.163, 0.000, -454.981, 250.000, 0.000, 2.350, 0, 0 
154572, 458603332, 0.163, 0.000, -454.981, 250.000, 0.000, 2.350, 0, 0 
154572, 460117727, 0.164, 0.759, -454.981, 250.000, 0.000, 2.350, 0, 0 
154572, 461779461, 0.166, 0.692, -454.981, 250.000, 0.000, 2.350, 0, 0 
154572, 463295337, 0.166, 0.000, -454.981, 250.000, 0.000, 2.350, 0, 0 
154572, 464817004, 0.166, 0.000, -454.981, 250.000, 0.000, 2.350, 0, 0 
154572, 466336607, 0.167, 0.757, -454.967, 250.000, 0.000, 2.350, 0, 0 
154572, 467860060, 0.168, 0.755, -454.994, 250.000, 0.000, 2.350, 0, 0 
154572, 469372306, 0.169, 0.760, -454.981, 250.000, 0.000, 2.350, 0, 0 
154572, 470885889, 0.169, 0.000, -454.981, 250.000, 0.000, 2.350, 0, 0 
154572, 472398311, 0.169, 0.000, -454.994, 250.000, 0.000, 2.350, 0, 0 
154572, 473910060, 0.169, 0.000, -454.967, 250.000, 0.000, 2.350, 0, 0 
154572, 475421754, 0.169, 0.000, -454.994, 250.000, 0.000, 2.350, 0, 0 
154572, 476962565, 0.170, 0.746, -454.967, 250.000, 0.000, 2.350, 0, 0 
154572, 478475773, 0.171, 0.760, -454.981, 250.000, 0.000, 2.350, 0, 0 
154572, 479992859, 0.171, 0.000, -454.981, 250.000, 0.000, 2.350, 0, 0 
154572, 481510046, 0.173, 0.758, -454.981, 250.000, 0.000, 2.350, 0, 0 
154572, 483026733, 0.174, 0.758, -454.981, 250.000, 0.000, 2.350, 0, 0 
154572, 484540035, 0.175, 0.760, -454.994, 250.000, 0.000, 2.350, 0, 0 
154572, 486055138, 0.175, 0.000, -454.994, 250.000, 0.000, 2.350, 0, 0 
154572, 487569269, 0.175, 0.000, -454.981, 250.000, 0.000, 2.350, 0, 0 
154572, 489082774, 0.175, 0.000, -454.981, 250.000, 0.000, 2.350, 0, 0 
154572, 490597476, 0.176, 0.759, -454.981, 250.000, 0.000, 2.350, 0, 0 
154572, 492241017, 0.176, 0.000, -454.981, 250.000, 0.000, 2.350, 0, 0 
154572, 493756357, 0.176, 0.000, -454.994, 250.000, 0.000, 2.350, 0, 0 
154572, 495314948, 0.177, 0.738, -454.994, 250.000, 0.000, 2.350, 0, 0 
154572, 496831316, 0.178, 0.758, -454.981, 250.000, 0.000, 2.350, 0, 0 
154572, 498350660, 0.179, 0.757, -454.994, 250.000, 0.000, 2.350, 0, 0 
154572, 499928235, 0.179, 0.000, -454.981, 250.000, 0.000, 2.350, 0, 0 
154572, 501519777, 0.181, 0.723, -454.994, 250.000, 0.000, 2.350, 0, 0 
154572, 503127284, 0.181, 0.000, -454.981, 250.000, 0.000, 2.350, 0, 0 
154572, 504642322, 0.181, 0.000, -454.981, 250.000, 0.000, 2.350, 0, 0 
154572, 506248916, 0.182, 0.716, -454.981, 250.000, 0.000, 2.350, 0, 0 
154572, 507904389, 0.182, 0.000, -454.967, 250.000, 0.000, 2.350, 0, 0 
154572, 509489076, 0.182, 0.000, -454.967, 250.000, 0.000, 2.350, 0, 0 
154572, 511002970, 0.182, 0.000, -454.994, 250.000, 0.000, 2.350, 0, 0 
154572, 512520422, 0.183, 0.758, -454.981, 250.000, 0.000, 2.350, 0, 0 
154572, 514034618, 0.184, 0.759, -454.981, 250.000, 0.000, 2.350, 0, 0 
154572, 515550270, 0.184, 0.000, -454.967, 250.000, 0.000, 2.350, 0, 0 
154572, 517106609, 0.184, 0.000, -454.981, 250.000, 0.000, 2.350, 0, 0 
154572, 518619994, 0.185, 0.760, -454.981, 250.000, 0.000, 2.350, 0, 0 
154572, 520135343, 0.186, 0.759, -454.981, 250.000, 0.000, 2.350, 0, 0 
154572, 521648813, 0.186, 0.000, -454.981, 250.000, 0.000, 2.350, 0, 0 
154572, 523203032, 0.186, 0.000, -454.981, 250.000, 0.000, 2.350, 0, 0 
154572, 524719080, 0.187, 0.759, -454.981, 250.000, 0.000, 2.350, 0, 0 
154572, 526306297, 0.187, 0.000, -454.981, 250.000, 0.000, 2.350, 0, 0 
154572, 527832150, 0.187, 0.000, -454.981, 250.000, 0.000, 2.350, 0, 0 
154572, 529393902, 0.189, 0.736, -454.981, 250.000, 0.000, 2.350, 0, 0 
154572, 530913100, 0.189, 0.000, -454.994, 250.000, 0.000, 2.350, 0, 0 
154572, 532500167, 0.189, 0.000, -454.981, 250.000, 0.000, 2.350, 0, 0 
154572, 534109150, 0.190, 0.715, -454.981, 250.000, 0.000, 2.350, 0, 0 
154572, 535709895, 0.190, 0.000, -454.981, 250.000, 0.000, 2.350, 0, 0 
154572, 537225119, 0.190, 0.000, -454.967, 250.000, 0.000, 2.350, 0, 0 
154572, 538836725, 0.190, 0.000, -454.981, 250.000, 0.000, 2.350, 0, 0 
154572, 540380797, 0.190, 0.000, -454.967, 250.000, 0.000, 2.350, 0, 0 
154572, 541894519, 0.190, 0.000, -454.967, 250.000, 0.000, 2.350, 0, 0 
154572, 543406914, 0.191, 0.760, -454.981, 250.000, 0.000, 2.350, 0, 0 
154572, 544918876, 0.191, 0.000, -454.981, 250.000, 0.000, 2.350, 0, 0 
154572, 546485271, 0.191, 0.000, -454.981, 250.000, 0.000, 2.350, 0, 0 
154572, 548034406, 0.192, 0.742, -454.967, 250.000, 0.000, 2.350, 0, 0 
154572, 549567631, 0.193, 0.750, -454.981, 250.000, 0.000, 2.350, 0, 0 
154572, 551081865, 0.193, 0.000, -454.981, 250.000, 0.000, 2.350, 0, 0 
154572, 552661945, 0.194, 0.728, -454.981, 250.000, 0.000, 2.350, 0, 0 
154572, 554216844, 0.196, 0.740, -454.981, 250.000, 0.000, 2.350, 0, 0 
154572, 555732709, 0.196, 0.000, -454.994, 250.000, 0.000, 2.350, 0, 0 
154572, 557246610, 0.196, 0.000, -454.981, 250.000, 0.000, 2.350, 0, 0 
154572, 558759901, 0.197, 0.760, -454.967, 250.000, 0.000, 2.350, 0, 0 
154572, 560275256, 0.197, 0.000, -454.994, 250.000, 0.000, 2.350, 0, 0 
154572, 561839006, 0.197, 0.000, -454.981, 250.000, 0.000, 2.350, 0, 0 
154572, 563359331, 0.197, 0.000, -454.981, 250.000, 0.000, 2.350, 0, 0 
154572, 564929646, 0.198, 0.732, -454.967, 250.000, 0.000, 2.350, 0, 0 
154572, 566489360, 0.198, 0.000, -454.967, 250.000, 0.000, 2.350, 0, 0 
154572, 568101278, 0.198, 0.000, -454.981, 250.000, 0.000, 2.350, 0, 0 
154572, 569759661, 0.198, 0.000, -454.981, 250.000, 0.000, 2.350, 0, 0 
154572, 571351695, 0.199, 0.722, -454.994, 250.000, 0.000, 2.350, 0, 0 
154572, 572957433, 0.200, 0.716, -454.981, 250.000, 0.000, 2.350, 0, 0 
154572, 574566987, 0.200, 0.000, -454.994, 250.000, 0.000, 2.350, 0, 0 
154572, 576176507, 0.200, 0.000, -454.981, 250.000, 0.000, 2.350, 0, 0 
154572, 577783748, 0.200, 0.000, -454.981, 250.000, 0.000, 2.350, 0, 0 
154572, 579326105, 0.200, 0.000, -454.981, 250.000, 0.000, 2.350, 0, 0 
154572, 580846361, 0.201, 0.756, -454.994, 250.000, 0.000, 2.350, 0, 0 
154572, 582397053, 0.201, 0.000, -454.981, 250.000, 0.000, 2.350, 0, 0 
154572, 583913261, 0.201, 0.000, -454.967, 250.000, 0.000, 2.350, 0, 0 
154572, 585468677, 0.201, 0.000, -454.967, 250.000, 0.000, 2.350, 0, 0 
154572, 586982873, 0.202, 0.759, -454.981, 250.000, 0.000, 2.350, 0, 0 
154572, 588499417, 0.204, 0.758, -454.981, 250.000, 0.000, 2.350, 0, 0 
154572, 590088527, 0.204, 0.000, -454.967, 250.000, 0.000, 2.350, 0, 0 
154572, 591646215, 0.205, 0.738, -454.967, 250.000, 0.000, 2.350, 0, 0 
154572, 593166377, 0.206, 0.756, -454.967, 250.000, 0.000, 2.350, 0, 0 
154572, 594686105, 0.206, 0.000, -454.981, 250.000, 0.000, 2.350, 0, 0 
154572, 596273459, 0.207, 0.724, -454.981, 250.000, 0.000, 2.350, 0, 0 
154572, 597835819, 0.208, 0.736, -454.967, 250.000, 0.000, 2.350, 0, 0 
154572, 599399612, 0.208, 0.000, -454.981, 250.000, 0.000, 2.350, 0, 0 
154572, 601061361, 0.208, 0.000, -454.981, 250.000, 0.000, 2.350, 0, 0 
154572, 602578652, 0.208, 0.000, -454.981, 250.000, 0.000, 2.350, 0, 0 
154572, 604173444, 0.209, 0.721, -454.994, 250.000, 0.000, 2.350, 0, 0 
154572, 605766480, 0.210, 0.722, -454.981, 250.000, 0.000, 2.350, 0, 0 
154572, 607281466, 0.210, 0.000, -454.994, 250.000, 0.000, 2.350, 0, 0 
154572, 608883944, 0.210, 0.000, -454.967, 250.000, 0.000, 2.350, 0, 0 
154572, 610427325, 0.212, 0.745, -454.967, 250.000, 0.000, 2.350, 0, 0 
154572, 612037200, 0.212, 0.000, -454.967, 250.000, 0.000, 2.350, 0, 0 
154572, 613613762, 0.212, 0.000, -454.994, 250.000, 0.000, 2.350, 0, 0 
154572, 615216729, 0.213, 0.717, -454.994, 250.000, 0.000, 2.350, 0, 0 
154572, 616854008, 0.214, 0.702, -454.981, 250.000, 0.000, 2.350, 0, 0 
154572, 618463540, 0.214, 0.000, -454.981, 250.000, 0.000, 2.350, 0, 0 
154572, 620028841, 0.214, 0.000, -454.994, 250.000, 0.000, 2.350, 0, 0 
154572, 621590249, 0.215, 0.737, -454.981, 250.000, 0.000, 2.350, 0, 0 
154572, 623104764, 0.216, 0.759, -454.967, 250.000, 0.000, 2.350, 0, 0 
154572, 624629867, 0.216, 0.000, -454.981, 250.000, 0.000, 2.350, 0, 0 
154572, 626183174, 0.217, 0.740, -454.981, 250.000, 0.000, 2.350, 0, 0 
154572, 627794503, 0.217, 0.000, -454.981, 250.000, 0.000, 2.350, 0, 0 
154572, 629400711, 0.219, 0.716, -454.994, 250.000, 0.000, 2.350, 0, 0 
154572, 630921561, 0.219, 0.000, -454.981, 250.000, 0.000, 2.350, 0, 0 
154572, 632533306, 0.219, 0.000, -454.967, 250.000, 0.000, 2.350, 0, 0 
154572, 634053417, 0.220, 0.757, -454.967, 250.000, 0.000, 2.350, 0, 0 
154572, 635628153, 0.220, 0.000, -454.981, 250.000, 0.000, 2.350, 0, 0 
154572, 637219367, 0.221, 0.723, -454.967, 250.000, 0.000, 2.350, 0, 0 
154572, 638812440, 0.221, 0.000, -454.967, 250.000, 0.000, 2.350, 0, 0 
154572, 640409898, 0.222, 0.720, -454.981, 250.000, 0.000, 2.350, 0, 0 
154572, 642003992, 0.222, 0.000, -454.981, 250.000, 0.000, 2.350, 0, 0 
154572, 643523196, 0.223, 0.757, -454.981, 250.000, 0.000, 2.350, 0, 0 
154572, 645128375, 0.223, 0.000, -454.967, 250.000, 0.000, 2.350, 0, 0 
154572, 646643618, 0.223, 0.000, -454.967, 250.000, 0.000, 2.350, 0, 0 
154572, 648203842, 0.224, 0.737, -454.981, 250.000, 0.000, 2.350, 0, 0 
154572, 649809754, 0.224, 0.000, -454.967, 250.000, 0.000, 2.350, 0, 0 
154572, 651417154, 0.225, 0.715, -454.967, 250.000, 0.000, 2.350, 0, 0 
154572, 652931820, 0.227, 0.759, -454.967, 250.000, 0.000, 2.350, 0, 0 
154572, 654445066, 0.227, 0.000, -454.981, 250.000, 0.000, 2.350, 0, 0 
154572, 655967951, 0.228, 0.755, -454.967, 250.000, 0.000, 2.350, 0, 0 
154572, 657484913, 0.229, 0.758, -454.981, 250.000, 0.000, 2.350, 0, 0 
154572, 658997910, 0.229, 0.000, -454.994, 250.000, 0.000, 2.350, 0, 0 
154572, 660509708, 0.229, 0.000, -454.981, 250.000, 0.000, 2.350, 0, 0 
154572, 662119315, 0.230, 0.714, -454.967, 250.000, 0.000, 2.350, 0, 0 
154572, 663725916, 0.230, 0.000, -454.981, 250.000, 0.000, 2.350, 0, 0 
154572, 665258112, 0.230, 0.000, -454.981, 250.000, 0.000, 2.350, 0, 0 
154572, 666837695, 0.230, 0.000, -454.967, 250.000, 0.000, 2.350, 0, 0 
154572, 668357467, 0.230, 0.000, -454.967, 250.000, 0.000, 2.350, 0, 0 
154572, 669872125, 0.230, 0.000, -454.981, 250.000, 0.000, 2.350, 0, 0 
154572, 671385920, 0.231, 0.760, -454.981, 250.000, 0.000, 2.350, 0, 0 
154572, 672900201, 0.231, 0.000, -454.981, 250.000, 0.000, 2.350, 0, 0 
154572, 674413884, 0.232, 0.760, -454.994, 250.000, 0.000, 2.350, 0, 0 
154572, 675927520, 0.233, 0.760, -454.981, 250.000, 0.000, 2.350, 0, 0 
154572, 677443026, 0.233, 0.000, -454.981, 250.000, 0.000, 2.350, 0, 0 
154572, 679001474, 0.233, 0.000, -454.981, 250.000, 0.000, 2.350, 0, 0 
154572, 680516144, 0.235, 0.759, -454.981, 250.000, 0.000, 2.350, 0, 0 
154572, 682120509, 0.235, 0.000, -454.994, 250.000, 0.000, 2.350, 0, 0 
154572, 683635031, 0.235, 0.000, -454.981, 250.000, 0.000, 2.350, 0, 0 
154572, 685150251, 0.236, 0.759, -454.967, 250.000, 0.000, 2.350, 0, 0 
154572, 686665222, 0.236, 0.000, -454.981, 250.000, 0.000, 2.350, 0, 0 
154572, 688181624, 0.236, 0.000, -454.981, 250.000, 0.000, 2.350, 0, 0 
154572, 689704968, 0.237, 0.755, -454.981, 250.000, 0.000, 2.350, 0, 0 
154572, 691219279, 0.237, 0.000, -454.981, 250.000, 0.000, 2.350, 0, 0 
154572, 692831186, 0.238, 0.713, -454.981, 250.000, 0.000, 2.350, 0, 0 
154572, 694386404, 0.238, 0.000, -454.994, 250.000, 0.000, 2.350, 0, 0 
154572, 695899010, 0.238, 0.000, -454.967, 250.000, 0.000, 2.350, 0, 0 
154572, 697425529, 0.239, 0.753, -454.981, 250.000, 0.000, 2.350, 0, 0 
154572, 699045264, 0.240, 0.710, -454.981, 250.000, 0.000, 2.350, 0, 0 
154572, 700559639, 0.240, 0.000, -454.967, 250.000, 0.000, 2.350, 0, 0 
154572, 702164321, 0.242, 0.717, -454.981, 250.000, 0.000, 2.350, 0, 0 
154572, 703679427, 0.242, 0.000, -454.967, 250.000, 0.000, 2.350, 0, 0 
154572, 705194296, 0.242, 0.000, -454.981, 250.000, 0.000, 2.350, 0, 0 
154572, 706708089, 0.243, 0.760, -454.967, 250.000, 0.000, 2.350, 0, 0 
154572, 708222837, 0.243, 0.000, -454.981, 250.000, 0.000, 2.350, 0, 0 
154572, 709775025, 0.243, 0.000, -454.981, 250.000, 0.000, 2.350, 0, 0 
154572, 711289266, 0.244, 0.759, -454.981, 250.000, 0.000, 2.350, 0, 0 
154572, 712872927, 0.244, 0.000, -454.981, 250.000, 0.000, 2.350, 0, 0 
154572, 714390581, 0.245, 0.758, -454.994, 250.000, 0.000, 2.350, 0, 0 
154572, 715907844, 0.245, 0.000, -454.981, 250.000, 0.000, 2.350, 0, 0 
154572, 717422661, 0.245, 0.000, -454.981, 250.000, 0.000, 2.350, 0, 0 
154572, 718939344, 0.246, 0.758, -454.967, 250.000, 0.000, 2.350, 0, 0 
154572, 720542260, 0.246, 0.000, -454.994, 250.000, 0.000, 2.350, 0, 0 
154572, 722110389, 0.247, 0.733, -454.967, 250.000, 0.000, 2.350, 0, 0 
154572, 723710707, 0.247, 0.000, -454.981, 250.000, 0.000, 2.350, 0, 0 
154572, 725357052, 0.248, 0.699, -454.981, 250.000, 0.000, 2.350, 0, 0 
154572, 726905219, 0.248, 0.000, -454.967, 250.000, 0.000, 2.350, 0, 0 
154572, 728509708, 0.250, 0.717, -454.981, 250.000, 0.000, 2.350, 0, 0 
154572, 730024188, 0.250, 0.000, -454.981, 250.000, 0.000, 2.350, 0, 0 
154572, 731544494, 0.250, 0.000, -454.994, 250.000, 0.000, 2.350, 0, 0 
154572, 733063026, 0.251, 0.757, -454.981, 250.000, 0.000, 2.350, 0, 0 
154572, 734604309, 0.252, 0.746, -454.967, 250.000, 0.000, 2.350, 0, 0 
154572, 736118714, 0.253, 0.759, -454.994, 250.000, 0.000, 2.350, 0, 0 
154572, 737634349, 0.253, 0.000, -454.994, 250.000, 0.000, 2.350, 0, 0 
154572, 739148177, 0.253, 0.000, -454.994, 250.000, 0.000, 2.350, 0, 0 
154572, 740755818, 0.254, 0.715, -454.981, 250.000, 0.000, 2.350, 0, 0 
154572, 742348500, 0.254, 0.000, -454.981, 250.000, 0.000, 2.350, 0, 0 
154572, 743864658, 0.254, 0.000, -454.994, 250.000, 0.000, 2.350, 0, 0 
154572, 745468651, 0.255, 0.717, -454.994, 250.000, 0.000, 2.350, 0, 0 
154572, 747076511, 0.255, 0.000, -454.981, 250.000, 0.000, 2.350, 0, 0 
154572, 748596735, 0.256, 0.756, -454.994, 250.000, 0.000, 2.350, 0, 0 
154572, 750116396, 0.258, 0.757, -454.994, 250.000, 0.000, 2.350, 0, 0 
154572, 751633939, 0.258, 0.000, -454.967, 250.000, 0.000, 2.350, 0, 0 
154572, 753217620, 0.259, 0.726, -454.981, 250.000, 0.000, 2.350, 0, 0 
154572, 754824469, 0.259, 0.000, -454.981, 250.000, 0.000, 2.350, 0, 0 
154572, 756472143, 0.260, 0.698, -454.981, 250.000, 0.000, 2.350, 0, 0 
154572, 757987265, 0.260, 0.000, -454.967, 250.000, 0.000, 2.350, 0, 0 
154572, 759560663, 0.260, 0.000, -454.981, 250.000, 0.000, 2.350, 0, 0 
154572, 761168803, 0.260, 0.000, -454.981, 250.000, 0.000, 2.350, 0, 0 
154572, 762769812, 0.261, 0.718, -454.981, 250.000, 0.000, 2.350, 0, 0 
154572, 764289924, 0.261, 0.000, -454.994, 250.000, 0.000, 2.350, 0, 0 
154572, 765813548, 0.262, 0.755, -454.967, 250.000, 0.000, 2.350, 0, 0 
154572, 767398457, 0.262, 0.000, -454.994, 250.000, 0.000, 2.350, 0, 0 
154572, 768985183, 0.262, 0.000, -454.967, 250.000, 0.000, 2.350, 0, 0 
154572, 770499808, 0.263, 0.759, -454.994, 250.000, 0.000, 2.350, 0, 0 
154572, 772059408, 0.263, 0.000, -454.981, 250.000, 0.000, 2.350, 0, 0 
154572, 773573249, 0.265, 0.760, -454.981, 250.000, 0.000, 2.350, 0, 0 
154572, 775086295, 0.266, 0.760, -454.981, 250.000, 0.000, 2.350, 0, 0 
154572, 776600905, 0.266, 0.000, -454.981, 250.000, 0.000, 2.350, 0, 0 
154572, 778113912, 0.267, 0.760, -454.981, 250.000, 0.000, 2.350, 0, 0 
154572, 779626137, 0.268, 0.760, -454.994, 250.000, 0.000, 2.350, 0, 0 
154572, 781136654, 0.268, 0.000, -454.981, 250.000, 0.000, 2.350, 0, 0 
154572, 782649165, 0.269, 0.760, -454.994, 250.000, 0.000, 2.350, 0, 0 
154572, 784237143, 0.269, 0.000, -454.981, 250.000, 0.000, 2.350, 0, 0 
154572, 785846217, 0.270, 0.715, -454.981, 250.000, 0.000, 2.350, 0, 0 
154572, 787384909, 0.270, 0.000, -454.967, 250.000, 0.000, 2.350, 0, 0 
154572, 788898982, 0.270, 0.000, -454.994, 250.000, 0.000, 2.350, 0, 0 
154572, 790411992, 0.271, 0.760, -454.967, 250.000, 0.000, 2.350, 0, 0 
154572, 791924286, 0.271, 0.000, -454.967, 250.000, 0.000, 2.350, 0, 0 
154572, 793436582, 0.271, 0.000, -454.967, 250.000, 0.000, 2.350, 0, 0 
154572, 794948232, 0.273, 0.761, -454.994, 250.000, 0.000, 2.350, 0, 0 
154572, 796463692, 0.273, 0.000, -454.994, 250.000, 0.000, 2.350, 0, 0 
154572, 798022442, 0.273, 0.000, -454.981, 250.000, 0.000, 2.350, 0, 0 
154572, 799573124, 0.273, 0.000, -454.981, 250.000, 0.000, 2.350, 0, 0 
154572, 801086628, 0.273, 0.000, -454.981, 250.000, 0.000, 2.350, 0, 0 
154572, 802720137, 0.273, 0.000, -454.981, 250.000, 0.000, 2.350, 0, 0 
154572, 804310159, 0.273, 0.000, -454.967, 250.000, 0.000, 2.350, 0, 0 
154572, 805900488, 0.274, 0.723, -454.981, 250.000, 0.000, 2.350, 0, 0 
154572, 807472169, 0.275, 0.732, -454.994, 250.000, 0.000, 2.350, 0, 0 
154572, 809059373, 0.275, 0.000, -454.981, 250.000, 0.000, 2.350, 0, 0 
154572, 810574879, 0.276, 0.759, -454.981, 250.000, 0.000, 2.350, 0, 0 
154572, 812133316, 0.276, 0.000, -454.967, 250.000, 0.000, 2.350, 0, 0 
154572, 813657840, 0.277, 0.754, -454.994, 250.000, 0.000, 2.350, 0, 0 
154572, 815240586, 0.277, 0.000, -454.981, 250.000, 0.000, 2.350, 0, 0 
154572, 816760926, 0.278, 0.756, -454.967, 250.000, 0.000, 2.350, 0, 0 
154572, 818406763, 0.278, 0.000, -454.967, 250.000, 0.000, 2.350, 0, 0 
154572, 819993679, 0.279, 0.725, -454.981, 250.000, 0.000, 2.350, 0, 0 
154572, 821560396, 0.279, 0.000, -454.981, 250.000, 0.000, 2.350, 0, 0 
154572, 823073951, 0.281, 0.760, -454.994, 250.000, 0.000, 2.350, 0, 0 
154572, 824589854, 0.281, 0.000, -454.981, 250.000, 0.000, 2.350, 0, 0 
154572, 826102415, 0.282, 0.760, -454.981, 250.000, 0.000, 2.350, 0, 0 
154572, 827614680, 0.283, 0.760, -454.981, 250.000, 0.000, 2.350, 0, 0 
154572, 829126983, 0.283, 0.000, -454.994, 250.000, 0.000, 2.350, 0, 0 
154572, 830641040, 0.284, 0.760, -454.981, 250.000, 0.000, 2.350, 0, 0 
154572, 832212051, 0.284, 0.000, -454.981, 250.000, 0.000, 2.350, 0, 0 
154572, 833815120, 0.284, 0.000, -454.994, 250.000, 0.000, 2.350, 0, 0 
154572, 835421003, 0.285, 0.716, -454.981, 250.000, 0.000, 2.350, 0, 0 
154572, 837015587, 0.285, 0.000, -454.994, 250.000, 0.000, 2.350, 0, 0 
154572, 838589541, 0.285, 0.000, -454.981, 250.000, 0.000, 2.350, 0, 0 
154572, 840105541, 0.286, 0.759, -454.967, 250.000, 0.000, 2.350, 0, 0 
154572, 841617597, 0.288, 0.761, -454.981, 250.000, 0.000, 2.350, 0, 0 
154572, 843129499, 0.288, 0.000, -454.981, 250.000, 0.000, 2.350, 0, 0 
154572, 844640797, 0.289, 0.761, -454.981, 250.000, 0.000, 2.350, 0, 0 
154572, 846152166, 0.289, 0.000, -454.981, 250.000, 0.000, 2.350, 0, 0 
154572, 847664707, 0.290, 0.760, -454.994, 250.000, 0.000, 2.350, 0, 0 
154572, 849229903, 0.290, 0.000, -454.981, 250.000, 0.000, 2.350, 0, 0 
154572, 850838561, 0.290, 0.000, -454.981, 250.000, 0.000, 2.350, 0, 0 
154572, 852355407, 0.290, 0.000, -454.981, 250.000, 0.000, 2.350, 0, 0 
154572, 853867611, 0.291, 0.760, -454.981, 250.000, 0.000, 2.350, 0, 0 
154572, 855379532, 0.291, 0.000, -454.967, 250.000, 0.000, 2.350, 0, 0 
154572, 856891347, 0.292, 0.761, -454.967, 250.000, 0.000, 2.350, 0, 0 
154572, 858403131, 0.292, 0.000, -454.981, 250.000, 0.000, 2.350, 0, 0 
154572, 860011805, 0.293, 0.715, -454.981, 250.000, 0.000, 2.350, 0, 0 
154572, 861524902, 0.293, 0.000, -454.994, 250.000, 0.000, 2.350, 0, 0 
154572, 863036833, 0.294, 0.761, -454.981, 250.000, 0.000, 2.350, 0, 0 
154572, 864594772, 0.294, 0.000, -454.981, 250.000, 0.000, 2.350, 0, 0 
154572, 866137462, 0.296, 0.745, -454.981, 250.000, 0.000, 2.350, 0, 0 
154572, 867708616, 0.296, 0.000, -454.981, 250.000, 0.000, 2.350, 0, 0 
154572, 869261508, 0.297, 0.741, -454.981, 250.000, 0.000, 2.350, 0, 0 
154572, 870855068, 0.297, 0.000, -454.994, 250.000, 0.000, 2.350, 0, 0 
154572, 872370329, 0.298, 0.759, -454.981, 250.000, 0.000, 2.350, 0, 0 
154572, 873882301, 0.298, 0.000, -454.981, 250.000, 0.000, 2.350, 0, 0 
154572, 875393781, 0.299, 0.761, -454.981, 250.000, 0.000, 2.350, 0, 0 
154572, 876906320, 0.299, 0.000, -454.981, 250.000, 0.000, 2.350, 0, 0 
154572, 878420984, 0.300, 0.759, -454.994, 250.000, 0.000, 2.350, 0, 0 
154572, 879988473, 0.301, 0.734, -454.994, 250.000, 0.000, 2.350, 0, 0 
154572, 881598298, 0.302, 0.714, -454.981, 250.000, 0.000, 2.350, 0, 0 
154572, 883112234, 0.302, 0.000, -454.994, 250.000, 0.000, 2.350, 0, 0 
154572, 884699562, 0.304, 0.724, -454.994, 250.000, 0.000, 2.350, 0, 0 
154572, 886309090, 0.305, 0.714, -454.994, 250.000, 0.000, 2.350, 0, 0 
154572, 887912870, 0.306, 0.717, -454.994, 250.000, 0.000, 2.350, 0, 0 
154572, 889491526, 0.307, 0.728, -454.994, 250.000, 0.000, 2.350, 0, 0 
154572, 891095778, 0.307, 0.000, -454.981, 250.000, 0.000, 2.350, 0, 0 
154572, 892658459, 0.308, 0.736, -454.967, 250.000, 0.000, 2.350, 0, 0 
154572, 894174731, 0.308, 0.000, -454.994, 250.000, 0.000, 2.350, 0, 0 
154572, 895820237, 0.308, 0.000, -454.994, 250.000, 0.000, 2.350, 0, 0 
154572, 897330495, 0.309, 0.761, -454.981, 250.000, 0.000, 2.350, 0, 0 
154572, 898891026, 0.309, 0.000, -454.967, 250.000, 0.000, 2.350, 0, 0 
154572, 900432491, 0.309, 0.000, -454.967, 250.000, 0.000, 2.350, 0, 0 
154572, 902004973, 0.309, 0.000, -454.981, 250.000, 0.000, 2.350, 0, 0 
154572, 903519207, 0.309, 0.000, -454.981, 250.000, 0.000, 2.350, 0, 0 
154572, 905079756, 0.309, 0.000, -454.994, 250.000, 0.000, 2.350, 0, 0 
154572, 906592381, 0.311, 0.760, -454.981, 250.000, 0.000, 2.350, 0, 0 
154572, 908106094, 0.311, 0.000, -454.981, 250.000, 0.000, 2.350, 0, 0 
154572, 909618241, 0.311, 0.000, -454.981, 250.000, 0.000, 2.350, 0, 0 
154572, 911166225, 0.311, 0.000, -454.967, 250.000, 0.000, 2.350, 0, 0 
154572, 912729789, 0.312, 0.735, -454.981, 250.000, 0.000, 2.350, 0, 0 
154572, 914249995, 0.312, 0.000, -454.981, 250.000, 0.000, 2.350, 0, 0 
154572, 915771084, 0.313, 0.756, -454.981, 250.000, 0.000, 2.350, 0, 0 
154572, 917319860, 0.314, 0.743, -454.981, 250.000, 0.000, 2.350, 0, 0 
154572, 918869005, 0.315, 0.742, -454.981, 250.000, 0.000, 2.350, 0, 0 
154572, 920456585, 0.316, 0.724, -454.967, 250.000, 0.000, 2.350, 0, 0 
154572, 922014257, 0.316, 0.000, -454.981, 250.000, 0.000, 2.350, 0, 0 
154572, 923570330, 0.317, 0.739, -454.967, 250.000, 0.000, 2.350, 0, 0 
154572, 925132668, 0.317, 0.000, -454.981, 250.000, 0.000, 2.350, 0, 0 
154572, 926736819, 0.317, 0.000, -454.994, 250.000, 0.000, 2.350, 0, 0 
154572, 928305563, 0.319, 0.733, -454.981, 250.000, 0.000, 2.350, 0, 0 
154572, 929818549, 0.319, 0.000, -454.967, 250.000, 0.000, 2.350, 0, 0 
154572, 931330899, 0.320, 0.760, -454.967, 250.000, 0.000, 2.350, 0, 0 
154572, 932843315, 0.320, 0.000, -454.981, 250.000, 0.000, 2.350, 0, 0 
154572, 934355034, 0.321, 0.761, -454.981, 250.000, 0.000, 2.350, 0, 0 
154572, 935866700, 0.321, 0.000, -454.967, 250.000, 0.000, 2.350, 0, 0 
154572, 937379738, 0.322, 0.760, -454.967, 250.000, 0.000, 2.350, 0, 0 
154572, 938989871, 0.323, 0.714, -454.981, 250.000, 0.000, 2.350, 0, 0 
154572, 940499746, 0.323, 0.000, -454.981, 250.000, 0.000, 2.350, 0, 0 
154572, 942067439, 0.324, 0.734, -454.994, 250.000, 0.000, 2.350, 0, 0 
154572, 943585371, 0.324, 0.000, -454.981, 250.000, 0.000, 2.350, 0, 0 
154572, 945098021, 0.325, 0.760, -454.967, 250.000, 0.000, 2.350, 0, 0 
154572, 946612131, 0.325, 0.000, -454.967, 250.000, 0.000, 2.350, 0, 0 
154572, 948122208, 0.327, 0.762, -454.967, 250.000, 0.000, 2.350, 0, 0 
154572, 949637476, 0.328, 0.759, -454.981, 250.000, 0.000, 2.350, 0, 0 
154572, 951200461, 0.328, 0.000, -454.981, 250.000, 0.000, 2.350, 0, 0 
154572, 952770397, 0.329, 0.733, -454.981, 250.000, 0.000, 2.350, 0, 0 
154572, 954362986, 0.330, 0.722, -454.981, 250.000, 0.000, 2.350, 0, 0 
154572, 955952339, 0.330, 0.000, -454.981, 250.000, 0.000, 2.350, 0, 0 
154572, 957571256, 0.330, 0.000, -454.981, 250.000, 0.000, 2.350, 0, 0 
154572, 959089283, 0.331, 0.758, -454.981, 250.000, 0.000, 2.350, 0, 0 
154572, 960607975, 0.331, 0.000, -454.967, 250.000, 0.000, 2.350, 0, 0 
154572, 962198668, 0.332, 0.723, -454.981, 250.000, 0.000, 2.350, 0, 0 
154572, 963810975, 0.334, 0.713, -454.981, 250.000, 0.000, 2.350, 0, 0 
154572, 965416141, 0.334, 0.000, -454.967, 250.000, 0.000, 2.350, 0, 0 
154572, 966934082, 0.334, 0.000, -454.981, 250.000, 0.000, 2.350, 0, 0 
154572, 968536748, 0.335, 0.718, -454.981, 250.000, 0.000, 2.350, 0, 0 
154572, 970143618, 0.336, 0.716, -454.981, 250.000, 0.000, 2.350, 0, 0 
154572, 971663105, 0.336, 0.000, -454.967, 250.000, 0.000, 2.350, 0, 0 
154572, 973227504, 0.336, 0.000, -454.967, 250.000, 0.000, 2.350, 0, 0 
154572, 974811862, 0.336, 0.000, -454.994, 250.000, 0.000, 2.350, 0, 0 
154572, 976326056, 0.336, 0.000, -454.981, 250.000, 0.000, 2.350, 0, 0 
154572, 977839170, 0.337, 0.760, -454.981, 250.000, 0.000, 2.350, 0, 0 
154572, 979448942, 0.337, 0.000, -454.981, 250.000, 0.000, 2.350, 0, 0 
154572, 980965648, 0.338, 0.758, -454.994, 250.000, 0.000, 2.350, 0, 0 
154572, 982483647, 0.338, 0.000, -454.994, 250.000, 0.000, 2.350, 0, 0 
154572, 984054555, 0.338, 0.000, -454.994, 250.000, 0.000, 2.350, 0, 0 
154572, 985565070, 0.339, 0.761, -454.994, 250.000, 0.000, 2.350, 0, 0 
154572, 987076633, 0.340, 0.761, -454.967, 250.000, 0.000, 2.350, 0, 0 
154572, 988627749, 0.342, 0.741, -454.967, 250.000, 0.000, 2.350, 0, 0 
154572, 990222929, 0.342, 0.000, -454.981, 250.000, 0.000, 2.350, 0, 0 
154572, 991814993, 0.343, 0.722, -454.953, 250.000, 0.000, 2.350, 0, 0 
154572, 993402759, 0.344, 0.724, -454.981, 250.000, 0.000, 2.350, 0, 0 
154572, 995000446, 0.344, 0.000, -454.994, 250.000, 0.000, 2.350, 0, 0 
154572, 996514225, 0.345, 0.760, -454.967, 250.000, 0.000, 2.350, 0, 0 
154572, 998113398, 0.346, 0.719, -454.981, 250.000, 0.000, 2.350, 0, 0 
154572, 999714737, 0.346, 0.000, -454.981, 250.000, 0.000, 2.350, 0, 0 
154573, 1259739, 0.347, 0.001, -454.981, 250.000, 0.000, 2.350, 0, 0 
154573, 2773948, 0.347, 0.000, -454.981, 250.000, 0.000, 2.350, 0, 0 
154573, 4347239, 0.347, 0.000, -454.967, 250.000, 0.000, 2.350, 0, 0 
154573, 5888232, 0.348, 0.746, -454.967, 250.000, 0.000, 2.350, 0, 0 
154573, 7454863, 0.350, 0.734, -454.967, 250.000, 0.000, 2.350, 0, 0 
154573, 8976513, 0.351, 0.756, -454.981, 250.000, 0.000, 2.350, 0, 0 
154573, 10511586, 0.352, 0.749, -454.981, 250.000, 0.000, 2.350, 0, 0 
154573, 12033583, 0.352, 0.000, -454.981, 250.000, 0.000, 2.350, 0, 0 
154573, 13557821, 0.353, 0.754, -454.967, 250.000, 0.000, 2.350, 0, 0 
154573, 15095351, 0.353, 0.000, -454.981, 250.000, 0.000, 2.350, 0, 0 
154573, 16616384, 0.353, 0.000, -454.994, 250.000, 0.000, 2.350, 0, 0 
154573, 18135879, 0.353, 0.000, -454.981, 250.000, 0.000, 2.350, 0, 0 
154573, 19706436, 0.353, 0.000, -454.994, 250.000, 0.000, 2.350, 0, 0 
154573, 21226016, 0.354, 0.757, -454.967, 250.000, 0.000, 2.350, 0, 0 
154573, 22745494, 0.354, 0.000, -454.967, 250.000, 0.000, 2.350, 0, 0 
154573, 24264226, 0.355, 0.757, -454.981, 250.000, 0.000, 2.350, 0, 0 
154573, 25783488, 0.356, 0.757, -454.981, 250.000, 0.000, 2.350, 0, 0 
154573, 27298905, 0.356, 0.000, -454.967, 250.000, 0.000, 2.350, 0, 0 
154573, 28812235, 0.356, 0.000, -454.981, 250.000, 0.000, 2.350, 0, 0 
154573, 30325035, 0.356, 0.000, -454.981, 250.000, 0.000, 2.350, 0, 0 
154573, 31838691, 0.358, 0.760, -454.981, 250.000, 0.000, 2.350, 0, 0 
154573, 33347709, 0.358, 0.000, -454.981, 250.000, 0.000, 2.350, 0, 0 
154573, 34879382, 0.359, 0.751, -454.981, 250.000, 0.000, 2.350, 0, 0 
154573, 36388826, 0.359, 0.000, -454.981, 250.000, 0.000, 2.350, 0, 0 
154573, 37901732, 0.359, 0.000, -454.981, 250.000, 0.000, 2.350, 0, 0 
154573, 39409251, 0.360, 0.763, -454.981, 250.000, 0.000, 2.350, 0, 0 
154573, 40917900, 0.360, 0.000, -454.981, 250.000, 0.000, 2.350, 0, 0 
154573, 42432524, 0.361, 0.759, -454.967, 250.000, 0.000, 2.350, 0, 0 
154573, 43941685, 0.362, 0.762, -454.967, 250.000, 0.000, 2.350, 0, 0 
154573, 45446813, 0.363, 0.764, -454.981, 250.000, 0.000, 2.350, 0, 0 
154573, 46951696, 0.365, 0.764, -454.994, 250.000, 0.000, 2.350, 0, 0 
154573, 48458336, 0.365, 0.000, -454.967, 250.000, 0.000, 2.350, 0, 0 
154573, 50046892, 0.366, 0.724, -454.994, 250.000, 0.000, 2.350, 0, 0 
154573, 51621004, 0.367, 0.731, -454.994, 250.000, 0.000, 2.350, 0, 0 
154573, 53217365, 0.367, 0.000, -454.981, 250.000, 0.000, 2.350, 0, 0 
154573, 54814310, 0.367, 0.000, -454.981, 250.000, 0.000, 2.350, 0, 0 
154573, 56416151, 0.367, 0.000, -454.981, 250.000, 0.000, 2.350, 0, 0 
154573, 58008529, 0.368, 0.722, -454.981, 250.000, 0.000, 2.350, 0, 0 
154573, 59589246, 0.369, 0.728, -454.994, 250.000, 0.000, 2.350, 0, 0 
154573, 61196513, 0.370, 0.716, -454.981, 250.000, 0.000, 2.350, 0, 0 
154573, 62812624, 0.370, 0.000, -454.981, 250.000, 0.000, 2.350, 0, 0 
154573, 64424236, 0.370, 0.000, -454.981, 250.000, 0.000, 2.350, 0, 0 
154573, 66048917, 0.370, 0.000, -454.981, 250.000, 0.000, 2.350, 0, 0 
154573, 67557550, 0.371, 0.762, -454.994, 250.000, 0.000, 2.350, 0, 0 
154573, 69063447, 0.371, 0.000, -454.981, 250.000, 0.000, 2.350, 0, 0 
154573, 70567664, 0.371, 0.000, -454.967, 250.000, 0.000, 2.350, 0, 0 
154573, 72094146, 0.373, 0.753, -454.967, 250.000, 0.000, 2.350, 0, 0 
154573, 73682688, 0.374, 0.724, -454.981, 250.000, 0.000, 2.350, 0, 0 
154573, 75280248, 0.375, 0.720, -454.967, 250.000, 0.000, 2.350, 0, 0 
154573, 76878554, 0.375, 0.000, -454.981, 250.000, 0.000, 2.350, 0, 0 
154573, 78462055, 0.375, 0.000, -454.981, 250.000, 0.000, 2.350, 0, 0 
154573, 80076007, 0.375, 0.000, -454.994, 250.000, 0.000, 2.350, 0, 0 
154573, 81635839, 0.375, 0.000, -454.981, 250.000, 0.000, 2.350, 0, 0 
154573, 83173978, 0.376, 0.748, -454.967, 250.000, 0.000, 2.350, 0, 0 
154573, 84711604, 0.376, 0.000, -454.994, 250.000, 0.000, 2.350, 0, 0 
154573, 86306245, 0.376, 0.000, -454.981, 250.000, 0.000, 2.350, 0, 0 
154573, 87905283, 0.377, 0.719, -454.994, 250.000, 0.000, 2.350, 0, 0 
154573, 89497132, 0.378, 0.722, -454.981, 250.000, 0.000, 2.350, 0, 0 
154573, 91093070, 0.379, 0.721, -454.981, 250.000, 0.000, 2.350, 0, 0 
154573, 92677002, 0.381, 0.726, -454.967, 250.000, 0.000, 2.350, 0, 0 
154573, 94182162, 0.381, 0.000, -454.994, 250.000, 0.000, 2.350, 0, 0 
154573, 95786957, 0.381, 0.000, -454.981, 250.000, 0.000, 2.350, 0, 0 
154573, 97311663, 0.382, 0.754, -454.967, 250.000, 0.000, 2.350, 0, 0 
154573, 98883978, 0.383, 0.731, -454.981, 250.000, 0.000, 2.350, 0, 0 
154573, 100447980, 0.383, 0.000, -454.981, 250.000, 0.000, 2.350, 0, 0 
154573, 102025661, 0.383, 0.000, -454.967, 250.000, 0.000, 2.350, 0, 0 
154573, 103587276, 0.383, 0.000, -454.967, 250.000, 0.000, 2.350, 0, 0 
154573, 105169471, 0.383, 0.000, -454.981, 250.000, 0.000, 2.350, 0, 0 
154573, 106751710, 0.383, 0.000, -454.981, 250.000, 0.000, 2.350, 0, 0 
154573, 108333067, 0.384, 0.727, -454.981, 250.000, 0.000, 2.350, 0, 0 
154573, 109840663, 0.384, 0.000, -454.981, 250.000, 0.000, 2.350, 0, 0 
154573, 111347714, 0.384, 0.000, -454.981, 250.000, 0.000, 2.350, 0, 0 
154573, 112882238, 0.385, 0.749, -454.981, 250.000, 0.000, 2.350, 0, 0 
154573, 114393015, 0.386, 0.761, -454.967, 250.000, 0.000, 2.350, 0, 0 
154573, 115916870, 0.386, 0.000, -454.981, 250.000, 0.000, 2.350, 0, 0 
154573, 117456467, 0.386, 0.000, -454.981, 250.000, 0.000, 2.350, 0, 0 
154573, 118966552, 0.386, 0.000, -454.981, 250.000, 0.000, 2.350, 0, 0 
154573, 120480037, 0.388, 0.760, -454.994, 250.000, 0.000, 2.350, 0, 0 
154573, 121994009, 0.389, 0.760, -454.967, 250.000, 0.000, 2.350, 0, 0 
154573, 123506350, 0.389, 0.000, -454.981, 250.000, 0.000, 2.350, 0, 0 
154573, 125020540, 0.389, 0.000, -454.981, 250.000, 0.000, 2.350, 0, 0 
154573, 126532877, 0.390, 0.760, -454.981, 250.000, 0.000, 2.350, 0, 0 
154573, 128112926, 0.390, 0.000, -454.994, 250.000, 0.000, 2.350, 0, 0 
154573, 129628789, 0.391, 0.759, -454.981, 250.000, 0.000, 2.350, 0, 0 
154573, 131145258, 0.392, 0.758, -454.981, 250.000, 0.000, 2.350, 0, 0 
154573, 132660290, 0.392, 0.000, -454.981, 250.000, 0.000, 2.350, 0, 0 
154573, 134268524, 0.392, 0.000, -454.981, 250.000, 0.000, 2.350, 0, 0 
154573, 135878650, 0.392, 0.000, -454.981, 250.000, 0.000, 2.350, 0, 0 
154573, 137440422, 0.392, 0.000, -454.981, 250.000, 0.000, 2.350, 0, 0 
154573, 139050354, 0.392, 0.000, -454.994, 250.000, 0.000, 2.350, 0, 0 
154573, 140612856, 0.392, 0.000, -454.981, 250.000, 0.000, 2.350, 0, 0 
154573, 142173025, 0.392, 0.000, -454.994, 250.000, 0.000, 2.350, 0, 0 
154573, 143803929, 0.392, 0.000, -454.967, 250.000, 0.000, 2.350, 0, 0 
154573, 145364666, 0.392, 0.000, -454.981, 250.000, 0.000, 2.350, 0, 0 
154573, 146889769, 0.393, 0.754, -454.981, 250.000, 0.000, 2.350, 0, 0 
154573, 148448818, 0.394, 0.738, -454.981, 250.000, 0.000, 2.350, 0, 0 
154573, 150071100, 0.396, 0.709, -454.981, 250.000, 0.000, 2.350, 0, 0 
154573, 151585688, 0.396, 0.000, -454.981, 250.000, 0.000, 2.350, 0, 0 
154573, 153173584, 0.396, 0.000, -454.994, 250.000, 0.000, 2.350, 0, 0 
154573, 154766933, 0.396, 0.000, -454.967, 250.000, 0.000, 2.350, 0, 0 
154573, 156327771, 0.397, 0.737, -454.994, 250.000, 0.000, 2.350, 0, 0 
154573, 157890277, 0.398, 0.736, -454.981, 250.000, 0.000, 2.350, 0, 0 
154573, 159456960, 0.398, 0.000, -454.981, 250.000, 0.000, 2.350, 0, 0 
154573, 160974575, 0.399, 0.758, -454.981, 250.000, 0.000, 2.350, 0, 0 
154573, 162490825, 0.400, 0.758, -454.981, 250.000, 0.000, 2.350, 0, 0 
154573, 164020040, 0.401, 0.752, -454.967, 250.000, 0.000, 2.350, 0, 0 
154573, 165533085, 0.402, 0.760, -454.967, 250.000, 0.000, 2.350, 0, 0 
154573, 167047970, 0.404, 0.759, -454.981, 250.000, 0.000, 2.350, 0, 0 
154573, 168561701, 0.405, 0.760, -454.981, 250.000, 0.000, 2.350, 0, 0 
154573, 170073580, 0.405, 0.000, -454.981, 250.000, 0.000, 2.350, 0, 0 
154573, 171584986, 0.405, 0.000, -454.981, 250.000, 0.000, 2.350, 0, 0 
154573, 173096585, 0.405, 0.000, -454.981, 250.000, 0.000, 2.350, 0, 0 
154573, 174714835, 0.405, 0.000, -454.994, 250.000, 0.000, 2.350, 0, 0 
154573, 176310736, 0.405, 0.000, -454.981, 250.000, 0.000, 2.350, 0, 0 
154573, 177826982, 0.406, 0.758, -454.981, 250.000, 0.000, 2.350, 0, 0 
154573, 179339337, 0.406, 0.000, -454.981, 250.000, 0.000, 2.350, 0, 0 
154573, 180950995, 0.406, 0.000, -454.981, 250.000, 0.000, 2.350, 0, 0 
154573, 182545245, 0.407, 0.721, -454.967, 250.000, 0.000, 2.350, 0, 0 
154573, 184150420, 0.408, 0.716, -454.981, 250.000, 0.000, 2.350, 0, 0 
154573, 185754069, 0.408, 0.000, -454.994, 250.000, 0.000, 2.350, 0, 0 
154573, 187357379, 0.409, 0.717, -454.981, 250.000, 0.000, 2.350, 0, 0 
154573, 188920028, 0.409, 0.000, -454.981, 250.000, 0.000, 2.350, 0, 0 
154573, 190498159, 0.411, 0.729, -454.994, 250.000, 0.000, 2.350, 0, 0 
154573, 192015244, 0.412, 0.758, -454.994, 250.000, 0.000, 2.350, 0, 0 
154573, 193532592, 0.413, 0.758, -454.981, 250.000, 0.000, 2.350, 0, 0 
154573, 195125201, 0.414, 0.722, -454.981, 250.000, 0.000, 2.350, 0, 0 
154573, 196739139, 0.414, 0.000, -454.981, 250.000, 0.000, 2.350, 0, 0 
154573, 198255492, 0.414, 0.000, -454.981, 250.000, 0.000, 2.350, 0, 0 
154573, 199874806, 0.414, 0.000, -454.981, 250.000, 0.000, 2.350, 0, 0 
154573, 201451992, 0.414, 0.000, -454.967, 250.000, 0.000, 2.350, 0, 0 
154573, 203040947, 0.415, 0.724, -454.981, 250.000, 0.000, 2.350, 0, 0 
154573, 204608971, 0.416, 0.733, -454.981, 250.000, 0.000, 2.350, 0, 0 
154573, 206233619, 0.416, 0.000, -454.967, 250.000, 0.000, 2.350, 0, 0 
154573, 207836897, 0.416, 0.000, -454.967, 250.000, 0.000, 2.350, 0, 0 
154573, 209399784, 0.416, 0.000, -454.994, 250.000, 0.000, 2.350, 0, 0 
154573, 210921939, 0.416, 0.000, -454.967, 250.000, 0.000, 2.350, 0, 0 
154573, 212529723, 0.417, 0.715, -454.981, 250.000, 0.000, 2.350, 0, 0 
154573, 214045701, 0.419, 0.759, -454.981, 250.000, 0.000, 2.350, 0, 0 
154573, 215558296, 0.420, 0.760, -454.967, 250.000, 0.000, 2.350, 0, 0 
154573, 217166008, 0.420, 0.000, -454.967, 250.000, 0.000, 2.350, 0, 0 
154573, 218679045, 0.420, 0.000, -454.981, 250.000, 0.000, 2.350, 0, 0 
154573, 220288832, 0.420, 0.000, -454.981, 250.000, 0.000, 2.350, 0, 0 
154573, 221827521, 0.420, 0.000, -454.981, 250.000, 0.000, 2.350, 0, 0 
154573, 223384951, 0.421, 0.738, -454.981, 250.000, 0.000, 2.350, 0, 0 
154573, 224962096, 0.422, 0.729, -454.967, 250.000, 0.000, 2.350, 0, 0 
154573, 226563055, 0.422, 0.000, -454.981, 250.000, 0.000, 2.350, 0, 0 
154573, 228168468, 0.422, 0.000, -454.981, 250.000, 0.000, 2.350, 0, 0 
154573, 229770981, 0.423, 0.718, -454.981, 250.000, 0.000, 2.350, 0, 0 
154573, 231290264, 0.424, 0.757, -454.994, 250.000, 0.000, 2.350, 0, 0 
154573, 232820211, 0.424, 0.000, -454.981, 250.000, 0.000, 2.350, 0, 0 
154573, 234333093, 0.425, 0.760, -454.981, 250.000, 0.000, 2.350, 0, 0 
154573, 235922650, 0.427, 0.723, -454.981, 250.000, 0.000, 2.350, 0, 0 
154573, 237521279, 0.427, 0.000, -454.981, 250.000, 0.000, 2.350, 0, 0 
154573, 239079395, 0.428, 0.738, -454.967, 250.000, 0.000, 2.350, 0, 0 
154573, 240596263, 0.429, 0.758, -454.981, 250.000, 0.000, 2.350, 0, 0 
154573, 242108427, 0.430, 0.760, -454.981, 250.000, 0.000, 2.350, 0, 0 
154573, 243620573, 0.431, 0.761, -454.981, 250.000, 0.000, 2.350, 0, 0 
154573, 245138570, 0.432, 0.758, -454.994, 250.000, 0.000, 2.350, 0, 0 
154573, 246654805, 0.432, 0.000, -454.981, 250.000, 0.000, 2.350, 0, 0 
154573, 248214023, 0.432, 0.000, -454.981, 250.000, 0.000, 2.350, 0, 0 
154573, 249820972, 0.432, 0.000, -454.994, 250.000, 0.000, 2.350, 0, 0 
154573, 251425537, 0.432, 0.000, -454.967, 250.000, 0.000, 2.350, 0, 0 
154573, 252968674, 0.432, 0.000, -454.981, 250.000, 0.000, 2.350, 0, 0 
154573, 254487519, 0.432, 0.000, -454.981, 250.000, 0.000, 2.350, 0, 0 
154573, 256016954, 0.434, 0.752, -454.967, 250.000, 0.000, 2.350, 0, 0 
154573, 257535797, 0.435, 0.757, -454.981, 250.000, 0.000, 2.350, 0, 0 
154573, 259140150, 0.436, 0.717, -454.981, 250.000, 0.000, 2.350, 0, 0 
154573, 260654862, 0.437, 0.759, -454.994, 250.000, 0.000, 2.350, 0, 0 
154573, 262167088, 0.437, 0.000, -454.994, 250.000, 0.000, 2.350, 0, 0 
154573, 263693786, 0.437, 0.000, -454.994, 250.000, 0.000, 2.350, 0, 0 
154573, 265212488, 0.438, 0.757, -454.994, 250.000, 0.000, 2.350, 0, 0 
154573, 266743024, 0.438, 0.000, -454.981, 250.000, 0.000, 2.350, 0, 0 
154573, 268285702, 0.439, 0.745, -454.981, 250.000, 0.000, 2.350, 0, 0 
154573, 269798109, 0.439, 0.000, -454.981, 250.000, 0.000, 2.350, 0, 0 
154573, 271310089, 0.439, 0.000, -454.994, 250.000, 0.000, 2.350, 0, 0 
154573, 272851941, 0.440, 0.746, -454.981, 250.000, 0.000, 2.350, 0, 0 
154573, 274432221, 0.442, 0.728, -454.981, 250.000, 0.000, 2.350, 0, 0 
154573, 275946987, 0.443, 0.759, -454.967, 250.000, 0.000, 2.350, 0, 0 
154573, 277461572, 0.443, 0.000, -454.981, 250.000, 0.000, 2.350, 0, 0 
154573, 278975366, 0.443, 0.000, -454.981, 250.000, 0.000, 2.350, 0, 0 
154573, 280591592, 0.444, 0.712, -454.981, 250.000, 0.000, 2.350, 0, 0 
154573, 282106342, 0.445, 0.759, -454.981, 250.000, 0.000, 2.350, 0, 0 
154573, 283658722, 0.446, 0.741, -454.981, 250.000, 0.000, 2.350, 0, 0 
154573, 285180611, 0.446, 0.000, -454.981, 250.000, 0.000, 2.350, 0, 0 
154573, 286726691, 0.447, 0.744, -454.981, 250.000, 0.000, 2.350, 0, 0 
154573, 288340624, 0.447, 0.000, -454.981, 250.000, 0.000, 2.350, 0, 0 
154573, 289903614, 0.448, 0.736, -454.981, 250.000, 0.000, 2.350, 0, 0 
154573, 291461616, 0.448, 0.000, -454.967, 250.000, 0.000, 2.350, 0, 0 
154573, 293059941, 0.448, 0.000, -454.981, 250.000, 0.000, 2.350, 0, 0 
154573, 294661241, 0.450, 0.718, -454.981, 250.000, 0.000, 2.350, 0, 0 
154573, 296271428, 0.450, 0.000, -454.981, 250.000, 0.000, 2.350, 0, 0 
154573, 297795520, 0.451, 0.755, -454.981, 250.000, 0.000, 2.350, 0, 0 
154573, 299365007, 0.451, 0.000, -454.994, 250.000, 0.000, 2.350, 0, 0 
154573, 300878598, 0.451, 0.000, -454.981, 250.000, 0.000, 2.350, 0, 0 
154573, 302481198, 0.452, 0.718, -454.967, 250.000, 0.000, 2.350, 0, 0 
154573, 303993939, 0.453, 0.760, -454.981, 250.000, 0.000, 2.350, 0, 0 
154573, 305505605, 0.453, 0.000, -454.981, 250.000, 0.000, 2.350, 0, 0 
154573, 307017490, 0.453, 0.000, -454.967, 250.000, 0.000, 2.350, 0, 0 
154573, 308531928, 0.454, 0.759, -454.981, 250.000, 0.000, 2.350, 0, 0 
154573, 310043575, 0.455, 0.761, -454.981, 250.000, 0.000, 2.350, 0, 0 
154573, 311622953, 0.455, 0.000, -454.981, 250.000, 0.000, 2.350, 0, 0 
154573, 313234683, 0.457, 0.714, -454.981, 250.000, 0.000, 2.350, 0, 0 
154573, 314889073, 0.458, 0.695, -454.967, 250.000, 0.000, 2.350, 0, 0 
154573, 316405771, 0.459, 0.758, -454.994, 250.000, 0.000, 2.350, 0, 0 
154573, 317924162, 0.459, 0.000, -454.994, 250.000, 0.000, 2.350, 0, 0 
154573, 319455067, 0.460, 0.751, -454.967, 250.000, 0.000, 2.350, 0, 0 
154573, 320971090, 0.461, 0.759, -454.981, 250.000, 0.000, 2.350, 0, 0 
154573, 322484729, 0.461, 0.000, -454.981, 250.000, 0.000, 2.350, 0, 0 
154573, 324097563, 0.462, 0.713, -454.967, 250.000, 0.000, 2.350, 0, 0 
154573, 325699072, 0.462, 0.000, -454.967, 250.000, 0.000, 2.350, 0, 0 
154573, 327212704, 0.462, 0.000, -454.981, 250.000, 0.000, 2.350, 0, 0 
154573, 328725197, 0.463, 0.760, -454.981, 250.000, 0.000, 2.350, 0, 0 
154573, 330280890, 0.463, 0.000, -454.981, 250.000, 0.000, 2.350, 0, 0 
154573, 331802225, 0.465, 0.756, -454.981, 250.000, 0.000, 2.350, 0, 0 
154573, 333322992, 0.466, 0.756, -454.967, 250.000, 0.000, 2.350, 0, 0 
154573, 334877037, 0.467, 0.740, -454.981, 250.000, 0.000, 2.350, 0, 0 
154573, 336393817, 0.467, 0.000, -454.994, 250.000, 0.000, 2.350, 0, 0 
154573, 337906216, 0.467, 0.000, -454.994, 250.000, 0.000, 2.350, 0, 0 
154573, 339418229, 0.468, 0.761, -454.994, 250.000, 0.000, 2.350, 0, 0 
154573, 340930432, 0.468, 0.000, -454.994, 250.000, 0.000, 2.350, 0, 0 
154573, 342441980, 0.468, 0.000, -454.981, 250.000, 0.000, 2.350, 0, 0 
154573, 343953692, 0.469, 0.761, -454.994, 250.000, 0.000, 2.350, 0, 0 
154573, 345609574, 0.470, 0.694, -454.981, 250.000, 0.000, 2.350, 0, 0 
154573, 347158271, 0.470, 0.000, -454.994, 250.000, 0.000, 2.350, 0, 0 
154573, 348674401, 0.470, 0.000, -454.981, 250.000, 0.000, 2.350, 0, 0 
154573, 350195883, 0.471, 0.756, -454.981, 250.000, 0.000, 2.350, 0, 0 
154573, 351776234, 0.471, 0.000, -454.981, 250.000, 0.000, 2.350, 0, 0 
154573, 353383241, 0.471, 0.000, -454.994, 250.000, 0.000, 2.350, 0, 0 
154573, 354895341, 0.471, 0.000, -454.981, 250.000, 0.000, 2.350, 0, 0 
154573, 356410470, 0.471, 0.000, -454.994, 250.000, 0.000, 2.350, 0, 0 
154573, 358019611, 0.471, 0.000, -454.994, 250.000, 0.000, 2.350, 0, 0 
154573, 359595085, 0.471, 0.000, -454.981, 250.000, 0.000, 2.350, 0, 0 
154573, 361144026, 0.473, 0.742, -454.994, 250.000, 0.000, 2.350, 0, 0 
154573, 362657909, 0.474, 0.760, -454.967, 250.000, 0.000, 2.350, 0, 0 
154573, 364173040, 0.475, 0.759, -454.981, 250.000, 0.000, 2.350, 0, 0 
154573, 365687054, 0.476, 0.760, -454.981, 250.000, 0.000, 2.350, 0, 0 
154573, 367213616, 0.476, 0.000, -454.981, 250.000, 0.000, 2.350, 0, 0 
154573, 368729753, 0.476, 0.000, -454.981, 250.000, 0.000, 2.350, 0, 0 
154573, 370241648, 0.476, 0.000, -454.981, 250.000, 0.000, 2.350, 0, 0 
154573, 371753153, 0.476, 0.000, -454.981, 250.000, 0.000, 2.350, 0, 0 
154573, 373264657, 0.476, 0.000, -454.994, 250.000, 0.000, 2.350, 0, 0 
154573, 374776383, 0.477, 0.761, -454.994, 250.000, 0.000, 2.350, 0, 0 
154573, 376328595, 0.478, 0.741, -454.981, 250.000, 0.000, 2.350, 0, 0 
154573, 377841660, 0.480, 0.760, -454.981, 250.000, 0.000, 2.350, 0, 0 
154573, 379359548, 0.480, 0.000, -454.967, 250.000, 0.000, 2.350, 0, 0 
154573, 380923033, 0.480, 0.000, -454.967, 250.000, 0.000, 2.350, 0, 0 
154573, 382437017, 0.480, 0.000, -454.967, 250.000, 0.000, 2.350, 0, 0 
154573, 383952035, 0.480, 0.000, -454.967, 250.000, 0.000, 2.350, 0, 0 
154573, 385464481, 0.480, 0.000, -454.994, 250.000, 0.000, 2.350, 0, 0 
154573, 386976439, 0.481, 0.761, -454.967, 250.000, 0.000, 2.350, 0, 0 
154573, 388491199, 0.481, 0.000, -454.981, 250.000, 0.000, 2.350, 0, 0 
154573, 390003044, 0.481, 0.000, -454.981, 250.000, 0.000, 2.350, 0, 0 
154573, 391540346, 0.481, 0.000, -454.981, 250.000, 0.000, 2.350, 0, 0 
154573, 393097257, 0.482, 0.739, -454.981, 250.000, 0.000, 2.350, 0, 0 
154573, 394694493, 0.483, 0.720, -454.994, 250.000, 0.000, 2.350, 0, 0 
154573, 396304282, 0.484, 0.714, -454.981, 250.000, 0.000, 2.350, 0, 0 
154573, 397852696, 0.484, 0.000, -454.981, 250.000, 0.000, 2.350, 0, 0 
154573, 399465622, 0.484, 0.000, -454.967, 250.000, 0.000, 2.350, 0, 0 
154573, 401064527, 0.485, 0.719, -454.967, 250.000, 0.000, 2.350, 0, 0 
154573, 402625759, 0.486, 0.737, -454.981, 250.000, 0.000, 2.350, 0, 0 
154573, 404218190, 0.486, 0.000, -454.994, 250.000, 0.000, 2.350, 0, 0 
154573, 405819622, 0.486, 0.000, -454.981, 250.000, 0.000, 2.350, 0, 0 
154573, 407441660, 0.488, 0.709, -454.967, 250.000, 0.000, 2.350, 0, 0 
154573, 408957305, 0.489, 0.759, -454.981, 250.000, 0.000, 2.350, 0, 0 
154573, 410510539, 0.490, 0.740, -454.981, 250.000, 0.000, 2.350, 0, 0 
154573, 412030450, 0.491, 0.757, -454.967, 250.000, 0.000, 2.350, 0, 0 
154573, 413622021, 0.492, 0.723, -454.981, 250.000, 0.000, 2.350, 0, 0 
154573, 415181623, 0.492, 0.000, -454.994, 250.000, 0.000, 2.350, 0, 0 
154573, 416698694, 0.492, 0.000, -454.981, 250.000, 0.000, 2.350, 0, 0 
154573, 418211841, 0.493, 0.760, -454.981, 250.000, 0.000, 2.350, 0, 0 
154573, 419724468, 0.493, 0.000, -454.981, 250.000, 0.000, 2.350, 0, 0 
154573, 421236212, 0.494, 0.761, -454.981, 250.000, 0.000, 2.350, 0, 0 
154573, 422803332, 0.496, 0.734, -454.981, 250.000, 0.000, 2.350, 0, 0 
154573, 424317691, 0.496, 0.000, -454.981, 250.000, 0.000, 2.350, 0, 0 
154573, 425888184, 0.496, 0.000, -454.981, 250.000, 0.000, 2.350, 0, 0 
154573, 427398962, 0.497, 0.761, -454.967, 250.000, 0.000, 2.350, 0, 0 
154573, 429001701, 0.498, 0.718, -454.981, 250.000, 0.000, 2.350, 0, 0 
154573, 430574738, 0.499, 0.731, -454.967, 250.000, 0.000, 2.350, 0, 0 
154573, 432089795, 0.499, 0.000, -454.981, 250.000, 0.000, 2.350, 0, 0 
154573, 433605295, 0.500, 0.759, -454.981, 250.000, 0.000, 2.350, 0, 0 
154573, 435119588, 0.501, 0.759, -454.994, 250.000, 0.000, 2.350, 0, 0 
154573, 436718653, 0.503, 0.719, -454.967, 250.000, 0.000, 2.350, 0, 0 
154573, 438345355, 0.504, 0.707, -454.994, 250.000, 0.000, 2.350, 0, 0 
154573, 439857772, 0.504, 0.000, -454.967, 250.000, 0.000, 2.350, 0, 0 
154573, 441371887, 0.505, 0.760, -454.981, 250.000, 0.000, 2.350, 0, 0 
154573, 442926201, 0.506, 0.740, -454.994, 250.000, 0.000, 2.350, 0, 0 
154573, 444442745, 0.507, 0.758, -454.981, 250.000, 0.000, 2.350, 0, 0 
154573, 446048082, 0.508, 0.716, -454.981, 250.000, 0.000, 2.350, 0, 0 
154573, 447623203, 0.509, 0.730, -454.981, 250.000, 0.000, 2.350, 0, 0 
154573, 449138937, 0.509, 0.000, -454.981, 250.000, 0.000, 2.350, 0, 0 
154573, 450718957, 0.511, 0.728, -454.981, 250.000, 0.000, 2.350, 0, 0 
154573, 452299217, 0.511, 0.000, -454.967, 250.000, 0.000, 2.350, 0, 0 
154573, 453943894, 0.511, 0.000, -454.994, 250.000, 0.000, 2.350, 0, 0 
154573, 455503014, 0.512, 0.738, -454.981, 250.000, 0.000, 2.350, 0, 0 
154573, 457066384, 0.513, 0.736, -454.994, 250.000, 0.000, 2.350, 0, 0 
154573, 458630004, 0.514, 0.735, -454.981, 250.000, 0.000, 2.350, 0, 0 
154573, 460225259, 0.515, 0.721, -454.981, 250.000, 0.000, 2.350, 0, 0 
154573, 461783743, 0.516, 0.738, -454.981, 250.000, 0.000, 2.350, 0, 0 
154573, 463383529, 0.517, 0.719, -454.967, 250.000, 0.000, 2.350, 0, 0 
154573, 464991620, 0.519, 0.715, -454.981, 250.000, 0.000, 2.350, 0, 0 
154573, 466584342, 0.520, 0.722, -454.981, 250.000, 0.000, 2.350, 0, 0 
154573, 468101227, 0.520, 0.000, -454.967, 250.000, 0.000, 2.350, 0, 0 
154573, 469747376, 0.521, 0.699, -454.981, 250.000, 0.000, 2.350, 0, 0 
154573, 471347704, 0.522, 0.719, -454.981, 250.000, 0.000, 2.350, 0, 0 
154573, 472868302, 0.523, 0.756, -454.981, 250.000, 0.000, 2.350, 0, 0 
154573, 474392979, 0.523, 0.000, -454.981, 250.000, 0.000, 2.350, 0, 0 
154573, 476016439, 0.524, 0.708, -454.981, 250.000, 0.000, 2.350, 0, 0 
154573, 477530376, 0.524, 0.000, -454.981, 250.000, 0.000, 2.350, 0, 0 
154573, 479043566, 0.526, 0.760, -454.981, 250.000, 0.000, 2.350, 0, 0 
154573, 480558509, 0.527, 0.759, -454.981, 250.000, 0.000, 2.350, 0, 0 
154573, 482076291, 0.528, 0.758, -454.994, 250.000, 0.000, 2.350, 0, 0 
154573, 483622474, 0.529, 0.744, -454.981, 250.000, 0.000, 2.350, 0, 0 
154573, 485164668, 0.530, 0.746, -454.994, 250.000, 0.000, 2.350, 0, 0 
154573, 486736000, 0.531, 0.732, -454.994, 250.000, 0.000, 2.350, 0, 0 
154573, 488341609, 0.532, 0.716, -454.981, 250.000, 0.000, 2.350, 0, 0 
154573, 489932922, 0.534, 0.723, -454.994, 250.000, 0.000, 2.350, 0, 0 
154573, 491517458, 0.535, 0.726, -454.967, 250.000, 0.000, 2.350, 0, 0 
154573, 493106013, 0.536, 0.724, -454.967, 250.000, 0.000, 2.350, 0, 0 
154573, 494622251, 0.537, 0.758, -454.994, 250.000, 0.000, 2.350, 0, 0 
154573, 496232865, 0.538, 0.714, -454.967, 250.000, 0.000, 2.350, 0, 0 
154573, 497748635, 0.539, 0.759, -454.981, 250.000, 0.000, 2.350, 0, 0 
154573, 499364776, 0.539, 0.000, -454.981, 250.000, 0.000, 2.350, 0, 0 
154573, 501017059, 0.539, 0.000, -454.994, 250.000, 0.000, 2.350, 0, 0 
154573, 502535208, 0.539, 0.000, -454.981, 250.000, 0.000, 2.350, 0, 0 
154573, 504048650, 0.540, 0.760, -454.994, 250.000, 0.000, 2.350, 0, 0 
154573, 505571022, 0.542, 0.755, -454.981, 250.000, 0.000, 2.350, 0, 0 
154573, 507131244, 0.542, 0.000, -454.967, 250.000, 0.000, 2.350, 0, 0 
154573, 508732705, 0.542, 0.000, -454.994, 250.000, 0.000, 2.350, 0, 0 
154573, 510335798, 0.542, 0.000, -454.967, 250.000, 0.000, 2.350, 0, 0 
154573, 511947339, 0.543, 0.714, -454.994, 250.000, 0.000, 2.350, 0, 0 
154573, 513557288, 0.544, 0.714, -454.967, 250.000, 0.000, 2.350, 0, 0 
154573, 515114802, 0.544, 0.000, -454.981, 250.000, 0.000, 2.350, 0, 0 
154573, 516663317, 0.544, 0.000, -454.967, 250.000, 0.000, 2.350, 0, 0 
154573, 518176506, 0.545, 0.760, -454.967, 250.000, 0.000, 2.350, 0, 0 
154573, 519769392, 0.545, 0.000, -454.994, 250.000, 0.000, 2.350, 0, 0 
154573, 521358687, 0.545, 0.000, -454.981, 250.000, 0.000, 2.350, 0, 0 
154573, 522871830, 0.545, 0.000, -454.981, 250.000, 0.000, 2.350, 0, 0 
154573, 524386703, 0.545, 0.000, -454.994, 250.000, 0.000, 2.350, 0, 0 
154573, 525898877, 0.545, 0.000, -454.981, 250.000, 0.000, 2.350, 0, 0 
154573, 527410604, 0.546, 0.761, -454.967, 250.000, 0.000, 2.350, 0, 0 
154573, 528973084, 0.546, 0.000, -454.967, 250.000, 0.000, 2.350, 0, 0 
154573, 530572822, 0.547, 0.719, -454.981, 250.000, 0.000, 2.350, 0, 0 
154573, 532202256, 0.549, 0.706, -454.981, 250.000, 0.000, 2.350, 0, 0 
154573, 533805844, 0.549, 0.000, -454.981, 250.000, 0.000, 2.350, 0, 0 
154573, 535362864, 0.549, 0.000, -454.981, 250.000, 0.000, 2.350, 0, 0 
154573, 536879864, 0.550, 0.758, -454.981, 250.000, 0.000, 2.350, 0, 0 
154573, 538457443, 0.551, 0.729, -454.981, 250.000, 0.000, 2.350, 0, 0 
154573, 539992808, 0.552, 0.749, -454.967, 250.000, 0.000, 2.350, 0, 0 
154573, 541576245, 0.552, 0.000, -454.967, 250.000, 0.000, 2.350, 0, 0 
154573, 543180322, 0.552, 0.000, -454.981, 250.000, 0.000, 2.350, 0, 0 
154573, 544780824, 0.553, 0.719, -454.967, 250.000, 0.000, 2.350, 0, 0 
154573, 546382209, 0.554, 0.718, -454.981, 250.000, 0.000, 2.350, 0, 0 
