Thu Nov 29 11:30:15 2018
Controller Frequency: 1.50 kHz
Time(s), Time(ns), x, v, f, xdes, vdes, cmd, LSB, LSF
153356, 616748617, 0.000, 0.000, -454.981, 250.000, 0.000, 2.350, 0, 0 
153356, 618273344, 0.000, 0.000, -454.994, 250.000, 0.000, 2.350, 0, 0 
153356, 619796548, 0.000, 0.000, -454.994, 250.000, 0.000, 2.350, 0, 0 
153356, 621323735, 0.000, 0.000, -454.981, 250.000, 0.000, 2.350, 0, 0 
153356, 622843748, 0.000, 0.000, -454.994, 250.000, 0.000, 2.350, 0, 0 
153356, 624395088, 0.000, 0.000, -454.994, 250.000, 0.000, 2.350, 0, 0 
153356, 625916215, 0.000, 0.000, -454.967, 250.000, 0.000, 2.350, 0, 0 
153356, 627436982, 0.000, 0.000, -454.994, 250.000, 0.000, 2.350, 0, 0 
153356, 628957110, 0.000, 0.000, -454.981, 250.000, 0.000, 2.350, 0, 0 
153356, 630478578, 0.000, 0.000, -454.981, 250.000, 0.000, 2.350, 0, 0 
153356, 632074255, 0.000, 0.000, -454.967, 250.000, 0.000, 2.350, 0, 0 
153356, 633669480, 0.000, 0.000, -454.994, 250.000, 0.000, 2.350, 0, 0 
153356, 635254398, 0.000, 0.000, -454.981, 250.000, 0.000, 2.350, 0, 0 
153356, 636853763, 0.000, 0.000, -454.994, 250.000, 0.000, 2.350, 0, 0 
153356, 638435271, 0.000, 0.000, -454.981, 250.000, 0.000, 2.350, 0, 0 
153356, 640031736, 0.000, 0.000, -454.994, 250.000, 0.000, 2.350, 0, 0 
153356, 641628639, 0.000, 0.000, -454.981, 250.000, 0.000, 2.350, 0, 0 
153356, 643136894, 0.000, 0.000, -454.994, 250.000, 0.000, 2.350, 0, 0 
153356, 644642994, 0.000, 0.000, -454.981, 250.000, 0.000, 2.350, 0, 0 
153356, 646148413, 0.000, 0.000, -454.981, 250.000, 0.000, 2.350, 0, 0 
153356, 647668452, 0.000, 0.000, -454.994, 250.000, 0.000, 2.350, 0, 0 
153356, 649173455, 0.000, 0.000, -454.967, 250.000, 0.000, 2.350, 0, 0 
153356, 650715771, 0.000, 0.000, -454.981, 250.000, 0.000, 2.350, 0, 0 
153356, 652221265, 0.000, 0.000, -454.994, 250.000, 0.000, 2.350, 0, 0 
153356, 653817740, 0.000, 0.000, -454.994, 250.000, 0.000, 2.350, 0, 0 
153356, 655441830, 0.000, 0.000, -454.994, 250.000, 0.000, 2.350, 0, 0 
153356, 657050260, 0.000, 0.000, -454.994, 250.000, 0.000, 2.350, 0, 0 
153356, 658613324, 0.000, 0.000, -454.994, 250.000, 0.000, 2.350, 0, 0 
153356, 660149990, 0.000, 0.000, -454.981, 250.000, 0.000, 2.350, 0, 0 
153356, 661687069, 0.000, 0.000, -454.994, 250.000, 0.000, 2.350, 0, 0 
153356, 663238769, 0.000, 0.000, -454.981, 250.000, 0.000, 2.350, 0, 0 
153356, 664776035, 0.000, 0.000, -454.994, 250.000, 0.000, 2.350, 0, 0 
153356, 666371226, 0.000, 0.000, -454.967, 250.000, 0.000, 2.350, 0, 0 
153356, 667962155, 0.000, 0.000, -454.981, 250.000, 0.000, 2.350, 0, 0 
153356, 669549941, 0.000, 0.000, -454.967, 250.000, 0.000, 2.350, 0, 0 
153356, 671099959, 0.000, 0.000, -454.994, 250.000, 0.000, 2.350, 0, 0 
153356, 672647104, 0.000, 0.000, -454.981, 250.000, 0.000, 2.350, 0, 0 
153356, 674153385, 0.000, 0.000, -454.967, 250.000, 0.000, 2.350, 0, 0 
153356, 675657144, 0.000, 0.000, -454.981, 250.000, 0.000, 2.350, 0, 0 
153356, 677160657, 0.000, 0.000, -454.994, 250.000, 0.000, 2.350, 0, 0 
153356, 678678035, 0.000, 0.000, -454.994, 250.000, 0.000, 2.350, 0, 0 
153356, 680181279, 0.000, 0.000, -454.981, 250.000, 0.000, 2.350, 0, 0 
153356, 681685040, 0.000, 0.000, -454.981, 250.000, 0.000, 2.350, 0, 0 
153356, 683259364, 0.000, 0.000, -454.994, 250.000, 0.000, 2.350, 0, 0 
153356, 684838559, 0.000, 0.000, -454.981, 250.000, 0.000, 2.350, 0, 0 
153356, 686344159, 0.000, 0.000, -454.994, 250.000, 0.000, 2.350, 0, 0 
153356, 687849425, 0.000, 0.000, -454.994, 250.000, 0.000, 2.350, 0, 0 
153356, 689355239, 0.000, 0.000, -454.967, 250.000, 0.000, 2.350, 0, 0 
153356, 690863671, 0.000, 0.000, -454.994, 250.000, 0.000, 2.350, 0, 0 
153356, 692435263, 0.000, 0.000, -454.994, 250.000, 0.000, 2.350, 0, 0 
153356, 694035121, 0.000, 0.000, -454.981, 250.000, 0.000, 2.350, 0, 0 
153356, 695617366, 0.000, 0.000, -454.981, 250.000, 0.000, 2.350, 0, 0 
153356, 697204223, 0.000, 0.000, -454.981, 250.000, 0.000, 2.350, 0, 0 
153356, 698793951, 0.000, 0.000, -454.981, 250.000, 0.000, 2.350, 0, 0 
153356, 700381098, 0.000, 0.000, -454.967, 250.000, 0.000, 2.350, 0, 0 
153356, 701968313, 0.000, 0.000, -454.994, 250.000, 0.000, 2.350, 0, 0 
153356, 703549406, 0.000, 0.000, -454.994, 250.000, 0.000, 2.350, 0, 0 
153356, 705060263, 0.000, 0.000, -454.981, 250.000, 0.000, 2.350, 0, 0 
153356, 706599951, 0.000, 0.000, -454.981, 250.000, 0.000, 2.350, 0, 0 
153356, 708107065, 0.000, 0.000, -454.981, 250.000, 0.000, 2.350, 0, 0 
153356, 709692593, 0.000, 0.000, -454.981, 250.000, 0.000, 2.350, 0, 0 
153356, 711275893, 0.000, 0.000, -454.981, 250.000, 0.000, 2.350, 0, 0 
153356, 712815425, 0.000, 0.000, -454.981, 250.000, 0.000, 2.350, 0, 0 
153356, 714358188, 0.000, 0.000, -454.994, 250.000, 0.000, 2.350, 0, 0 
153356, 715943897, 0.000, 0.000, -454.981, 250.000, 0.000, 2.350, 0, 0 
153356, 717521923, 0.000, 0.000, -454.994, 250.000, 0.000, 2.350, 0, 0 
153356, 719104548, 0.000, 0.000, -454.994, 250.000, 0.000, 2.350, 0, 0 
153356, 720612482, 0.000, 0.000, -454.981, 250.000, 0.000, 2.350, 0, 0 
153356, 722206765, 0.000, 0.000, -454.981, 250.000, 0.000, 2.350, 0, 0 
153356, 723794936, 0.000, 0.000, -454.994, 250.000, 0.000, 2.350, 0, 0 
153356, 725419387, 0.000, 0.000, -454.981, 250.000, 0.000, 2.350, 0, 0 
153356, 727020895, 0.000, 0.000, -454.967, 250.000, 0.000, 2.350, 0, 0 
153356, 728595289, 0.000, 0.000, -454.981, 250.000, 0.000, 2.350, 0, 0 
153356, 730201723, 0.000, 0.000, -454.994, 250.000, 0.000, 2.350, 0, 0 
153356, 731715029, 0.000, 0.000, -454.967, 250.000, 0.000, 2.350, 0, 0 
153356, 733226119, 0.000, 0.000, -454.994, 250.000, 0.000, 2.350, 0, 0 
153356, 734736276, 0.000, 0.000, -454.967, 250.000, 0.000, 2.350, 0, 0 
153356, 736249609, 0.000, 0.000, -454.981, 250.000, 0.000, 2.350, 0, 0 
153356, 737768489, 0.000, 0.000, -454.967, 250.000, 0.000, 2.350, 0, 0 
153356, 739366088, 0.000, 0.000, -454.967, 250.000, 0.000, 2.350, 0, 0 
153356, 740921355, 0.000, 0.000, -454.981, 250.000, 0.000, 2.350, 0, 0 
153356, 742438784, 0.000, 0.000, -454.994, 250.000, 0.000, 2.350, 0, 0 
153356, 744020203, 0.000, 0.000, -454.967, 250.000, 0.000, 2.350, 0, 0 
153356, 745592068, 0.000, 0.000, -454.981, 250.000, 0.000, 2.350, 0, 0 
153356, 747182312, 0.000, 0.000, -454.967, 250.000, 0.000, 2.350, 0, 0 
153356, 748696818, 0.000, 0.000, -454.994, 250.000, 0.000, 2.350, 0, 0 
153356, 750209681, 0.000, 0.000, -454.981, 250.000, 0.000, 2.350, 0, 0 
153356, 751722921, 0.000, 0.000, -454.967, 250.000, 0.000, 2.350, 0, 0 
153356, 753236056, 0.000, 0.000, -454.967, 250.000, 0.000, 2.350, 0, 0 
153356, 754844431, 0.000, 0.000, -454.981, 250.000, 0.000, 2.350, 0, 0 
153356, 756502713, 0.000, 0.000, -454.994, 250.000, 0.000, 2.350, 0, 0 
153356, 758107979, 0.000, 0.000, -454.967, 250.000, 0.000, 2.350, 0, 0 
153356, 759715370, 0.000, 0.000, -454.967, 250.000, 0.000, 2.350, 0, 0 
153356, 761229333, 0.000, 0.000, -454.981, 250.000, 0.000, 2.350, 0, 0 
153356, 762742132, 0.000, 0.000, -454.994, 250.000, 0.000, 2.350, 0, 0 
153356, 764258456, 0.000, 0.000, -454.981, 250.000, 0.000, 2.350, 0, 0 
153356, 765771297, 0.000, 0.000, -454.981, 250.000, 0.000, 2.350, 0, 0 
153356, 767284272, 0.000, 0.000, -454.981, 250.000, 0.000, 2.350, 0, 0 
153356, 768803405, 0.000, 0.000, -454.994, 250.000, 0.000, 2.350, 0, 0 
153356, 770322052, 0.000, 0.000, -454.981, 250.000, 0.000, 2.350, 0, 0 
153356, 771964766, 0.000, 0.000, -454.967, 250.000, 0.000, 2.350, 0, 0 
153356, 773483896, 0.000, 0.000, -454.981, 250.000, 0.000, 2.350, 0, 0 
153356, 775046424, 0.000, 0.000, -454.967, 250.000, 0.000, 2.350, 0, 0 
153356, 776563891, 0.000, 0.000, -454.981, 250.000, 0.000, 2.350, 0, 0 
153356, 778168090, 0.000, 0.000, -454.981, 250.000, 0.000, 2.350, 0, 0 
153356, 779682254, 0.000, 0.000, -454.994, 250.000, 0.000, 2.350, 0, 0 
153356, 781195273, 0.000, 0.000, -454.967, 250.000, 0.000, 2.350, 0, 0 
153356, 782707849, 0.000, 0.000, -454.994, 250.000, 0.000, 2.350, 0, 0 
153356, 784223694, 0.000, 0.000, -454.994, 250.000, 0.000, 2.350, 0, 0 
153356, 785736242, 0.000, 0.000, -454.994, 250.000, 0.000, 2.350, 0, 0 
153356, 787281652, 0.000, 0.000, -454.981, 250.000, 0.000, 2.350, 0, 0 
153356, 788884939, 0.000, 0.000, -454.981, 250.000, 0.000, 2.350, 0, 0 
153356, 790462198, 0.000, 0.000, -454.967, 250.000, 0.000, 2.350, 0, 0 
153356, 791979266, 0.000, 0.000, -454.981, 250.000, 0.000, 2.350, 0, 0 
153356, 793557179, 0.000, 0.000, -454.994, 250.000, 0.000, 2.350, 0, 0 
153356, 795166534, 0.000, 0.000, -454.981, 250.000, 0.000, 2.350, 0, 0 
153356, 796772236, 0.000, 0.000, -454.981, 250.000, 0.000, 2.350, 0, 0 
153356, 798328011, 0.000, 0.000, -454.981, 250.000, 0.000, 2.350, 0, 0 
153356, 799848278, 0.000, 0.000, -454.994, 250.000, 0.000, 2.350, 0, 0 
153356, 801372220, 0.000, 0.000, -454.967, 250.000, 0.000, 2.350, 0, 0 
153356, 803032392, 0.000, 0.000, -454.981, 250.000, 0.000, 2.350, 0, 0 
153356, 804576319, 0.000, 0.000, -454.981, 250.000, 0.000, 2.350, 0, 0 
153356, 806101928, 0.000, 0.000, -454.967, 250.000, 0.000, 2.350, 0, 0 
153356, 807617178, 0.000, 0.000, -454.981, 250.000, 0.000, 2.350, 0, 0 
153356, 809133490, 0.000, 0.000, -454.994, 250.000, 0.000, 2.350, 0, 0 
153356, 810662917, 0.000, 0.000, -454.994, 250.000, 0.000, 2.350, 0, 0 
153356, 812239002, 0.000, 0.000, -454.994, 250.000, 0.000, 2.350, 0, 0 
153356, 813829330, 0.000, 0.000, -454.981, 250.000, 0.000, 2.350, 0, 0 
153356, 815379457, 0.000, 0.000, -454.981, 250.000, 0.000, 2.350, 0, 0 
153356, 816973626, 0.000, 0.000, -454.981, 250.000, 0.000, 2.350, 0, 0 
153356, 818519698, 0.000, 0.000, -454.967, 250.000, 0.000, 2.350, 0, 0 
153356, 820093157, 0.000, 0.000, -454.981, 250.000, 0.000, 2.350, 0, 0 
153356, 821656543, 0.000, 0.000, -454.981, 250.000, 0.000, 2.350, 0, 0 
153356, 823177148, 0.000, 0.000, -454.981, 250.000, 0.000, 2.350, 0, 0 
153356, 824704096, 0.000, 0.000, -454.981, 250.000, 0.000, 2.350, 0, 0 
153356, 826222622, 0.000, 0.000, -454.981, 250.000, 0.000, 2.350, 0, 0 
153356, 827802397, 0.000, 0.000, -454.967, 250.000, 0.000, 2.350, 0, 0 
153356, 829317814, 0.000, 0.000, -454.981, 250.000, 0.000, 2.350, 0, 0 
153356, 830833840, 0.000, 0.000, -454.981, 250.000, 0.000, 2.350, 0, 0 
153356, 832377993, 0.000, 0.000, -454.967, 250.000, 0.000, 2.350, 0, 0 
153356, 833993922, 0.000, 0.000, -454.994, 250.000, 0.000, 2.350, 0, 0 
153356, 835511641, 0.000, 0.000, -454.994, 250.000, 0.000, 2.350, 0, 0 
153356, 837103519, 0.000, 0.000, -454.967, 250.000, 0.000, 2.350, 0, 0 
153356, 838717081, 0.000, 0.000, -454.981, 250.000, 0.000, 2.350, 0, 0 
153356, 840231289, 0.000, 0.000, -454.994, 250.000, 0.000, 2.350, 0, 0 
153356, 841795773, 0.000, 0.000, -454.981, 250.000, 0.000, 2.350, 0, 0 
153356, 843315831, 0.000, 0.000, -454.981, 250.000, 0.000, 2.350, 0, 0 
153356, 844832774, 0.000, 0.000, -454.981, 250.000, 0.000, 2.350, 0, 0 
153356, 846347540, 0.000, 0.000, -454.994, 250.000, 0.000, 2.350, 0, 0 
153356, 847861820, 0.000, 0.000, -454.981, 250.000, 0.000, 2.350, 0, 0 
153356, 849416811, 0.000, 0.000, -454.981, 250.000, 0.000, 2.350, 0, 0 
153356, 850930585, 0.000, 0.000, -454.967, 250.000, 0.000, 2.350, 0, 0 
153356, 852475551, 0.000, 0.000, -454.981, 250.000, 0.000, 2.350, 0, 0 
153356, 853989862, 0.000, 0.000, -454.981, 250.000, 0.000, 2.350, 0, 0 
153356, 855570351, 0.000, 0.000, -454.994, 250.000, 0.000, 2.350, 0, 0 
153356, 857175353, 0.000, 0.000, -454.994, 250.000, 0.000, 2.350, 0, 0 
153356, 858782472, 0.000, 0.000, -454.994, 250.000, 0.000, 2.350, 0, 0 
153356, 860344979, 0.000, 0.000, -454.981, 250.000, 0.000, 2.350, 0, 0 
153356, 861907857, 0.000, 0.000, -454.994, 250.000, 0.000, 2.350, 0, 0 
153356, 863426225, 0.000, 0.000, -454.981, 250.000, 0.000, 2.350, 0, 0 
153356, 865034351, 0.000, 0.000, -454.981, 250.000, 0.000, 2.350, 0, 0 
153356, 866553477, 0.000, 0.000, -454.967, 250.000, 0.000, 2.350, 0, 0 
153356, 868121188, 0.000, 0.000, -454.981, 250.000, 0.000, 2.350, 0, 0 
153356, 869725801, 0.000, 0.000, -454.981, 250.000, 0.000, 2.350, 0, 0 
153356, 871269417, 0.000, 0.000, -454.981, 250.000, 0.000, 2.350, 0, 0 
153356, 872876363, 0.000, 0.000, -454.981, 250.000, 0.000, 2.350, 0, 0 
153356, 874400826, 0.000, 0.000, -454.994, 250.000, 0.000, 2.350, 0, 0 
153356, 875946560, 0.000, 0.000, -454.994, 250.000, 0.000, 2.350, 0, 0 
153356, 877506810, 0.000, 0.000, -454.981, 250.000, 0.000, 2.350, 0, 0 
153356, 879021400, 0.000, 0.000, -454.994, 250.000, 0.000, 2.350, 0, 0 
153356, 880613078, 0.000, 0.000, -454.994, 250.000, 0.000, 2.350, 0, 0 
153356, 882190758, 0.000, 0.000, -454.967, 250.000, 0.000, 2.350, 0, 0 
153356, 883783627, 0.000, 0.000, -454.981, 250.000, 0.000, 2.350, 0, 0 
153356, 885376300, 0.000, 0.000, -454.994, 250.000, 0.000, 2.350, 0, 0 
153356, 886976269, 0.000, 0.000, -454.981, 250.000, 0.000, 2.350, 0, 0 
153356, 888553300, 0.000, 0.000, -454.994, 250.000, 0.000, 2.350, 0, 0 
153356, 890155737, 0.000, 0.000, -454.994, 250.000, 0.000, 2.350, 0, 0 
153356, 891722483, 0.000, 0.000, -454.981, 250.000, 0.000, 2.350, 0, 0 
153356, 893243968, 0.000, 0.000, -454.981, 250.000, 0.000, 2.350, 0, 0 
153356, 894768197, 0.000, 0.000, -454.981, 250.000, 0.000, 2.350, 0, 0 
153356, 896316036, 0.000, 0.000, -454.981, 250.000, 0.000, 2.350, 0, 0 
153356, 897848447, 0.000, 0.000, -454.981, 250.000, 0.000, 2.350, 0, 0 
153356, 899444017, 0.000, 0.000, -454.981, 250.000, 0.000, 2.350, 0, 0 
153356, 900958405, 0.000, 0.000, -454.981, 250.000, 0.000, 2.350, 0, 0 
153356, 902474883, 0.000, 0.000, -454.981, 250.000, 0.000, 2.350, 0, 0 
153356, 903987597, 0.000, 0.000, -454.994, 250.000, 0.000, 2.350, 0, 0 
153356, 905567931, 0.000, 0.000, -454.967, 250.000, 0.000, 2.350, 0, 0 
153356, 907087755, 0.000, 0.000, -454.994, 250.000, 0.000, 2.350, 0, 0 
153356, 908605103, 0.000, 0.000, -454.981, 250.000, 0.000, 2.350, 0, 0 
153356, 910166446, 0.000, 0.000, -454.994, 250.000, 0.000, 2.350, 0, 0 
153356, 911722864, 0.000, 0.000, -454.981, 250.000, 0.000, 2.350, 0, 0 
153356, 913238856, 0.000, 0.000, -454.967, 250.000, 0.000, 2.350, 0, 0 
153356, 914752034, 0.000, 0.000, -454.981, 250.000, 0.000, 2.350, 0, 0 
153356, 916268472, 0.000, 0.000, -454.994, 250.000, 0.000, 2.350, 0, 0 
153356, 917781425, 0.000, 0.000, -454.981, 250.000, 0.000, 2.350, 0, 0 
153356, 919293972, 0.000, 0.000, -454.981, 250.000, 0.000, 2.350, 0, 0 
153356, 920817957, 0.000, 0.000, -454.981, 250.000, 0.000, 2.350, 0, 0 
153356, 922389772, 0.000, 0.000, -454.994, 250.000, 0.000, 2.350, 0, 0 
153356, 923903164, 0.000, 0.000, -454.981, 250.000, 0.000, 2.350, 0, 0 
153356, 925467316, 0.000, 0.000, -454.981, 250.000, 0.000, 2.350, 0, 0 
153356, 927040514, 0.000, 0.000, -454.967, 250.000, 0.000, 2.350, 0, 0 
153356, 928557787, 0.000, 0.000, -454.981, 250.000, 0.000, 2.350, 0, 0 
153356, 930075297, 0.000, 0.000, -454.981, 250.000, 0.000, 2.350, 0, 0 
153356, 931592508, 0.000, 0.000, -454.994, 250.000, 0.000, 2.350, 0, 0 
153356, 933107739, 0.000, 0.000, -454.981, 250.000, 0.000, 2.350, 0, 0 
153356, 934630823, 0.000, 0.000, -454.994, 250.000, 0.000, 2.350, 0, 0 
153356, 936202920, 0.000, 0.000, -454.981, 250.000, 0.000, 2.350, 0, 0 
153356, 937780681, 0.000, 0.000, -454.994, 250.000, 0.000, 2.350, 0, 0 
153356, 939386386, 0.000, 0.000, -454.994, 250.000, 0.000, 2.350, 0, 0 
153356, 940905140, 0.000, 0.000, -454.994, 250.000, 0.000, 2.350, 0, 0 
153356, 942462331, 0.000, 0.000, -455.008, 250.000, 0.000, 2.350, 0, 0 
153356, 943978748, 0.000, 0.000, -454.994, 250.000, 0.000, 2.350, 0, 0 
153356, 945552220, 0.000, 0.000, -454.981, 250.000, 0.000, 2.350, 0, 0 
153356, 947144373, 0.000, 0.000, -454.981, 250.000, 0.000, 2.350, 0, 0 
153356, 948658860, 0.000, 0.000, -454.994, 250.000, 0.000, 2.350, 0, 0 
153356, 950201395, 0.000, 0.000, -454.981, 250.000, 0.000, 2.350, 0, 0 
153356, 951714443, 0.000, 0.000, -454.994, 250.000, 0.000, 2.350, 0, 0 
153356, 953227815, 0.000, 0.000, -454.967, 250.000, 0.000, 2.350, 0, 0 
153356, 954833573, 0.000, 0.000, -454.967, 250.000, 0.000, 2.350, 0, 0 
153356, 956403020, 0.000, 0.000, -454.994, 250.000, 0.000, 2.350, 0, 0 
153356, 957958485, 0.000, 0.000, -454.981, 250.000, 0.000, 2.350, 0, 0 
153356, 959474788, 0.000, 0.000, -454.967, 250.000, 0.000, 2.350, 0, 0 
153356, 961019586, 0.000, 0.000, -454.994, 250.000, 0.000, 2.350, 0, 0 
153356, 962595443, 0.000, 0.000, -454.981, 250.000, 0.000, 2.350, 0, 0 
153356, 964206285, 0.000, 0.000, -454.981, 250.000, 0.000, 2.350, 0, 0 
153356, 965812259, 0.000, 0.000, -454.994, 250.000, 0.000, 2.350, 0, 0 
153356, 967419884, 0.000, 0.000, -454.994, 250.000, 0.000, 2.350, 0, 0 
153356, 968936209, 0.000, 0.000, -454.994, 250.000, 0.000, 2.350, 0, 0 
153356, 970534671, 0.000, 0.000, -454.981, 250.000, 0.000, 2.350, 0, 0 
153356, 972149296, 0.000, 0.000, -454.981, 250.000, 0.000, 2.350, 0, 0 
153356, 973707935, 0.000, 0.000, -454.994, 250.000, 0.000, 2.350, 0, 0 
153356, 975225979, 0.000, 0.000, -454.981, 250.000, 0.000, 2.350, 0, 0 
153356, 976745532, 0.000, 0.000, -454.994, 250.000, 0.000, 2.350, 0, 0 
153356, 978259875, 0.000, 0.000, -454.994, 250.000, 0.000, 2.350, 0, 0 
153356, 979773500, 0.000, 0.000, -454.981, 250.000, 0.000, 2.350, 0, 0 
153356, 981288396, 0.000, 0.000, -454.967, 250.000, 0.000, 2.350, 0, 0 
153356, 982801795, 0.000, 0.000, -454.994, 250.000, 0.000, 2.350, 0, 0 
153356, 984320259, 0.000, 0.000, -454.994, 250.000, 0.000, 2.350, 0, 0 
153356, 985839157, 0.000, 0.000, -454.981, 250.000, 0.000, 2.350, 0, 0 
153356, 987355463, 0.000, 0.000, -454.981, 250.000, 0.000, 2.350, 0, 0 
153356, 988912068, 0.000, 0.000, -454.981, 250.000, 0.000, 2.350, 0, 0 
153356, 990437626, 0.000, 0.000, -454.994, 250.000, 0.000, 2.350, 0, 0 
153356, 991952848, 0.000, 0.000, -454.967, 250.000, 0.000, 2.350, 0, 0 
153356, 993471881, 0.000, 0.000, -454.994, 250.000, 0.000, 2.350, 0, 0 
153356, 995031491, 0.000, 0.000, -454.981, 250.000, 0.000, 2.350, 0, 0 
153356, 996572616, 0.000, 0.000, -454.981, 250.000, 0.000, 2.350, 0, 0 
153356, 998086124, 0.000, 0.000, -454.994, 250.000, 0.000, 2.350, 0, 0 
153356, 999599562, 0.000, 0.000, -454.981, 250.000, 0.000, 2.350, 0, 0 
153357, 1190652, 0.000, 0.000, -454.994, 250.000, 0.000, 2.350, 0, 0 
153357, 2781678, 0.000, 0.000, -454.981, 250.000, 0.000, 2.350, 0, 0 
153357, 4350236, 0.000, 0.000, -454.981, 250.000, 0.000, 2.350, 0, 0 
153357, 5922646, 0.000, 0.000, -454.967, 250.000, 0.000, 2.350, 0, 0 
153357, 7442169, 0.000, 0.000, -454.994, 250.000, 0.000, 2.350, 0, 0 
153357, 8965328, 0.000, 0.000, -454.994, 250.000, 0.000, 2.350, 0, 0 
153357, 10500593, 0.000, 0.000, -454.994, 250.000, 0.000, 2.350, 0, 0 
153357, 12020058, 0.000, 0.000, -454.981, 250.000, 0.000, 2.350, 0, 0 
153357, 13591996, 0.000, 0.000, -454.981, 250.000, 0.000, 2.350, 0, 0 
153357, 15169041, 0.000, 0.000, -454.981, 250.000, 0.000, 2.350, 0, 0 
153357, 16683626, 0.000, 0.000, -454.981, 250.000, 0.000, 2.350, 0, 0 
153357, 18197158, 0.000, 0.000, -454.981, 250.000, 0.000, 2.350, 0, 0 
153357, 19751366, 0.000, 0.000, -454.981, 250.000, 0.000, 2.350, 0, 0 
153357, 21270695, 0.000, 0.000, -454.981, 250.000, 0.000, 2.350, 0, 0 
153357, 22786828, 0.000, 0.000, -454.981, 250.000, 0.000, 2.350, 0, 0 
153357, 24310793, 0.000, 0.000, -454.981, 250.000, 0.000, 2.350, 0, 0 
153357, 25832450, 0.000, 0.000, -454.967, 250.000, 0.000, 2.350, 0, 0 
153357, 27395291, 0.000, 0.000, -454.981, 250.000, 0.000, 2.350, 0, 0 
153357, 28910525, 0.000, 0.000, -454.981, 250.000, 0.000, 2.350, 0, 0 
153357, 30425974, 0.000, 0.000, -454.994, 250.000, 0.000, 2.350, 0, 0 
153357, 31938816, 0.000, 0.000, -454.981, 250.000, 0.000, 2.350, 0, 0 
153357, 33528529, 0.000, 0.000, -454.981, 250.000, 0.000, 2.350, 0, 0 
153357, 35083605, 0.000, 0.000, -454.981, 250.000, 0.000, 2.350, 0, 0 
153357, 36597774, 0.000, 0.000, -454.981, 250.000, 0.000, 2.350, 0, 0 
153357, 38114665, 0.000, 0.000, -454.981, 250.000, 0.000, 2.350, 0, 0 
153357, 39628253, 0.000, 0.000, -454.967, 250.000, 0.000, 2.350, 0, 0 
153357, 41141595, 0.000, 0.000, -454.981, 250.000, 0.000, 2.350, 0, 0 
153357, 42654142, 0.000, 0.000, -454.994, 250.000, 0.000, 2.350, 0, 0 
153357, 44170284, 0.000, 0.000, -454.981, 250.000, 0.000, 2.350, 0, 0 
153357, 45682347, 0.000, 0.000, -454.981, 250.000, 0.000, 2.350, 0, 0 
153357, 47194483, 0.000, 0.000, -454.981, 250.000, 0.000, 2.350, 0, 0 
153357, 48809183, 0.000, 0.000, -454.967, 250.000, 0.000, 2.350, 0, 0 
153357, 50449980, 0.000, 0.000, -454.994, 250.000, 0.000, 2.350, 0, 0 
153357, 51995571, 0.000, 0.000, -454.994, 250.000, 0.000, 2.350, 0, 0 
153357, 53509882, 0.000, 0.000, -454.981, 250.000, 0.000, 2.350, 0, 0 
153357, 55031304, 0.000, 0.000, -454.981, 250.000, 0.000, 2.350, 0, 0 
153357, 56575809, 0.000, 0.000, -454.994, 250.000, 0.000, 2.350, 0, 0 
153357, 58091538, 0.000, 0.000, -454.981, 250.000, 0.000, 2.350, 0, 0 
153357, 59604559, 0.000, 0.000, -454.981, 250.000, 0.000, 2.350, 0, 0 
153357, 61117055, 0.000, 0.000, -454.994, 250.000, 0.000, 2.350, 0, 0 
153357, 62629126, 0.000, 0.000, -454.994, 250.000, 0.000, 2.350, 0, 0 
153357, 64144837, 0.000, 0.000, -454.994, 250.000, 0.000, 2.350, 0, 0 
153357, 65697983, 0.000, 0.000, -454.994, 250.000, 0.000, 2.350, 0, 0 
153357, 67284965, 0.000, 0.000, -454.981, 250.000, 0.000, 2.350, 0, 0 
153357, 68799207, 0.000, 0.000, -454.981, 250.000, 0.000, 2.350, 0, 0 
153357, 70312012, 0.000, 0.000, -454.981, 250.000, 0.000, 2.350, 0, 0 
153357, 71824417, 0.000, 0.000, -454.981, 250.000, 0.000, 2.350, 0, 0 
153357, 73339493, 0.000, 0.000, -454.981, 250.000, 0.000, 2.350, 0, 0 
153357, 74854814, 0.000, 0.000, -454.981, 250.000, 0.000, 2.350, 0, 0 
153357, 76375996, 0.000, 0.000, -454.994, 250.000, 0.000, 2.350, 0, 0 
153357, 77893882, 0.000, 0.000, -454.981, 250.000, 0.000, 2.350, 0, 0 
153357, 79463201, 0.000, 0.000, -454.967, 250.000, 0.000, 2.350, 0, 0 
153357, 81022238, 0.000, 0.000, -454.981, 250.000, 0.000, 2.350, 0, 0 
153357, 82568387, 0.000, 0.000, -454.981, 250.000, 0.000, 2.350, 0, 0 
153357, 84084305, 0.000, 0.000, -454.994, 250.000, 0.000, 2.350, 0, 0 
153357, 85596961, 0.000, 0.000, -454.981, 250.000, 0.000, 2.350, 0, 0 
153357, 87117317, 0.000, 0.000, -454.981, 250.000, 0.000, 2.350, 0, 0 
153357, 88637929, 0.000, 0.000, -454.994, 250.000, 0.000, 2.350, 0, 0 
153357, 90229269, 0.000, 0.000, -454.981, 250.000, 0.000, 2.350, 0, 0 
153357, 91746613, 0.000, 0.000, -454.967, 250.000, 0.000, 2.350, 0, 0 
153357, 93263065, 0.000, 0.000, -454.981, 250.000, 0.000, 2.350, 0, 0 
153357, 94825295, 0.000, 0.000, -454.981, 250.000, 0.000, 2.350, 0, 0 
153357, 96477368, 0.000, 0.000, -454.981, 250.000, 0.000, 2.350, 0, 0 
153357, 98052222, 0.000, 0.000, -454.967, 250.000, 0.000, 2.350, 0, 0 
153357, 99621706, 0.000, 0.000, -454.994, 250.000, 0.000, 2.350, 0, 0 
153357, 101213811, 0.000, 0.000, -454.981, 250.000, 0.000, 2.350, 0, 0 
153357, 102804807, 0.000, 0.000, -454.994, 250.000, 0.000, 2.350, 0, 0 
153357, 104323247, 0.000, 0.000, -454.981, 250.000, 0.000, 2.350, 0, 0 
153357, 105931686, 0.000, 0.000, -454.994, 250.000, 0.000, 2.350, 0, 0 
153357, 107445962, 0.000, 0.000, -454.994, 250.000, 0.000, 2.350, 0, 0 
153357, 108959401, 0.000, 0.000, -454.994, 250.000, 0.000, 2.350, 0, 0 
153357, 110472466, 0.000, 0.000, -454.981, 250.000, 0.000, 2.350, 0, 0 
153357, 112033752, 0.000, 0.000, -454.981, 250.000, 0.000, 2.350, 0, 0 
153357, 113547179, 0.000, 0.000, -454.994, 250.000, 0.000, 2.350, 0, 0 
153357, 115154735, 0.000, 0.000, -454.981, 250.000, 0.000, 2.350, 0, 0 
153357, 116676375, 0.000, 0.000, -454.994, 250.000, 0.000, 2.350, 0, 0 
153357, 118237360, 0.000, 0.000, -454.981, 250.000, 0.000, 2.350, 0, 0 
153357, 119811349, 0.000, 0.000, -454.981, 250.000, 0.000, 2.350, 0, 0 
153357, 121393997, 0.000, 0.000, -454.981, 250.000, 0.000, 2.350, 0, 0 
153357, 122980951, 0.000, 0.000, -454.994, 250.000, 0.000, 2.350, 0, 0 
153357, 124499161, 0.000, 0.000, -454.994, 250.000, 0.000, 2.350, 0, 0 
153357, 126016957, 0.000, 0.000, -454.981, 250.000, 0.000, 2.350, 0, 0 
153357, 127575728, 0.000, 0.000, -454.967, 250.000, 0.000, 2.350, 0, 0 
153357, 129117235, 0.000, 0.000, -454.981, 250.000, 0.000, 2.350, 0, 0 
153357, 130629994, 0.000, 0.000, -454.981, 250.000, 0.000, 2.350, 0, 0 
153357, 132146165, 0.000, 0.000, -454.994, 250.000, 0.000, 2.350, 0, 0 
153357, 133659145, 0.000, 0.000, -454.994, 250.000, 0.000, 2.350, 0, 0 
153357, 135172123, 0.000, 0.000, -454.981, 250.000, 0.000, 2.350, 0, 0 
153357, 136719697, 0.000, 0.000, -454.994, 250.000, 0.000, 2.350, 0, 0 
153357, 138235149, 0.000, 0.000, -454.994, 250.000, 0.000, 2.350, 0, 0 
153357, 139747910, 0.000, 0.000, -454.981, 250.000, 0.000, 2.350, 0, 0 
153357, 141260447, 0.000, 0.000, -454.967, 250.000, 0.000, 2.350, 0, 0 
153357, 142855917, 0.000, 0.000, -454.981, 250.000, 0.000, 2.350, 0, 0 
153357, 144372203, 0.000, 0.000, -454.981, 250.000, 0.000, 2.350, 0, 0 
153357, 145959975, 0.000, 0.000, -454.981, 250.000, 0.000, 2.350, 0, 0 
153357, 147474716, 0.000, 0.000, -454.981, 250.000, 0.000, 2.350, 0, 0 
153357, 149042399, 0.000, 0.000, -454.981, 250.000, 0.000, 2.350, 0, 0 
153357, 150566640, 0.000, 0.000, -454.981, 250.000, 0.000, 2.350, 0, 0 
153357, 152086305, 0.000, 0.000, -454.981, 250.000, 0.000, 2.350, 0, 0 
153357, 153613406, 0.000, 0.000, -454.981, 250.000, 0.000, 2.350, 0, 0 
153357, 155203941, 0.000, 0.000, -454.994, 250.000, 0.000, 2.350, 0, 0 
153357, 156775641, 0.000, 0.000, -454.981, 250.000, 0.000, 2.350, 0, 0 
153357, 158337395, 0.000, 0.000, -454.981, 250.000, 0.000, 2.350, 0, 0 
153357, 159871562, 0.000, 0.000, -454.994, 250.000, 0.000, 2.350, 0, 0 
153357, 161388424, 0.000, 0.000, -454.994, 250.000, 0.000, 2.350, 0, 0 
153357, 162966301, 0.000, 0.000, -454.981, 250.000, 0.000, 2.350, 0, 0 
153357, 164544593, 0.000, 0.000, -454.981, 250.000, 0.000, 2.350, 0, 0 
153357, 166058104, 0.000, 0.000, -454.981, 250.000, 0.000, 2.350, 0, 0 
153357, 167570837, 0.000, 0.000, -454.967, 250.000, 0.000, 2.350, 0, 0 
153357, 169129847, 0.000, 0.000, -454.981, 250.000, 0.000, 2.350, 0, 0 
153357, 170687916, 0.000, 0.000, -454.981, 250.000, 0.000, 2.350, 0, 0 
153357, 172198574, 0.000, 0.000, -454.994, 250.000, 0.000, 2.350, 0, 0 
153357, 173818812, 0.000, 0.000, -454.994, 250.000, 0.000, 2.350, 0, 0 
153357, 175340335, 0.000, 0.000, -454.967, 250.000, 0.000, 2.350, 0, 0 
153357, 176864938, 0.000, 0.000, -454.981, 250.000, 0.000, 2.350, 0, 0 
153357, 178382291, 0.000, 0.000, -454.981, 250.000, 0.000, 2.350, 0, 0 
153357, 179895778, 0.000, 0.000, -454.994, 250.000, 0.000, 2.350, 0, 0 
153357, 181415582, 0.000, 0.000, -454.981, 250.000, 0.000, 2.350, 0, 0 
153357, 182938691, 0.000, 0.000, -454.981, 250.000, 0.000, 2.350, 0, 0 
153357, 184518421, 0.000, 0.000, -454.967, 250.000, 0.000, 2.350, 0, 0 
153357, 186097408, 0.000, 0.000, -454.994, 250.000, 0.000, 2.350, 0, 0 
153357, 187622291, 0.000, 0.000, -454.981, 250.000, 0.000, 2.350, 0, 0 
153357, 189180355, 0.000, 0.000, -454.981, 250.000, 0.000, 2.350, 0, 0 
153357, 190748669, 0.000, 0.000, -454.994, 250.000, 0.000, 2.350, 0, 0 
153357, 192272771, 0.000, 0.000, -454.994, 250.000, 0.000, 2.350, 0, 0 
153357, 193796121, 0.000, 0.000, -454.994, 250.000, 0.000, 2.350, 0, 0 
153357, 195374985, 0.000, 0.000, -454.994, 250.000, 0.000, 2.350, 0, 0 
153357, 196925984, 0.000, 0.000, -454.981, 250.000, 0.000, 2.350, 0, 0 
153357, 198504844, 0.000, 0.000, -454.981, 250.000, 0.000, 2.350, 0, 0 
153357, 200086860, 0.000, 0.000, -454.981, 250.000, 0.000, 2.350, 0, 0 
153357, 201666886, 0.000, 0.000, -454.967, 250.000, 0.000, 2.350, 0, 0 
153357, 203245783, 0.000, 0.000, -454.981, 250.000, 0.000, 2.350, 0, 0 
153357, 204822906, 0.000, 0.000, -454.981, 250.000, 0.000, 2.350, 0, 0 
153357, 206406965, 0.000, 0.000, -454.967, 250.000, 0.000, 2.350, 0, 0 
153357, 207990704, 0.000, 0.000, -454.981, 250.000, 0.000, 2.350, 0, 0 
153357, 209575154, 0.000, 0.000, -454.981, 250.000, 0.000, 2.350, 0, 0 
153357, 211097906, 0.000, 0.000, -454.981, 250.000, 0.000, 2.350, 0, 0 
153357, 212659064, 0.000, 0.000, -454.981, 250.000, 0.000, 2.350, 0, 0 
153357, 214179185, 0.000, 0.000, -454.994, 250.000, 0.000, 2.350, 0, 0 
153357, 215692340, 0.000, 0.000, -454.994, 250.000, 0.000, 2.350, 0, 0 
153357, 217219712, 0.000, 0.000, -454.967, 250.000, 0.000, 2.350, 0, 0 
153357, 218746424, 0.000, 0.000, -454.967, 250.000, 0.000, 2.350, 0, 0 
153357, 220346188, 0.000, 0.000, -454.981, 250.000, 0.000, 2.350, 0, 0 
153357, 221934725, 0.000, 0.000, -454.981, 250.000, 0.000, 2.350, 0, 0 
153357, 223547125, 0.000, 0.000, -454.994, 250.000, 0.000, 2.350, 0, 0 
153357, 225071595, 0.000, 0.000, -454.994, 250.000, 0.000, 2.350, 0, 0 
153357, 226600682, 0.000, 0.000, -455.008, 250.000, 0.000, 2.350, 0, 0 
153357, 228119439, 0.000, 0.000, -454.994, 250.000, 0.000, 2.350, 0, 0 
153357, 229723043, 0.000, 0.000, -454.981, 250.000, 0.000, 2.350, 0, 0 
153357, 231236685, 0.000, 0.000, -454.967, 250.000, 0.000, 2.350, 0, 0 
153357, 232800360, 0.000, 0.000, -454.994, 250.000, 0.000, 2.350, 0, 0 
153357, 234363975, 0.000, 0.000, -454.981, 250.000, 0.000, 2.350, 0, 0 
153357, 235981360, 0.000, 0.000, -454.981, 250.000, 0.000, 2.350, 0, 0 
153357, 237500814, 0.000, 0.000, -454.981, 250.000, 0.000, 2.350, 0, 0 
153357, 239070928, 0.000, 0.000, -454.994, 250.000, 0.000, 2.350, 0, 0 
153357, 240652049, 0.000, 0.000, -454.981, 250.000, 0.000, 2.350, 0, 0 
153357, 242173516, 0.000, 0.000, -454.981, 250.000, 0.000, 2.350, 0, 0 
153357, 243754579, 0.000, 0.000, -454.981, 250.000, 0.000, 2.350, 0, 0 
153357, 245274164, 0.000, 0.000, -454.967, 250.000, 0.000, 2.350, 0, 0 
153357, 246874859, 0.000, 0.000, -454.981, 250.000, 0.000, 2.350, 0, 0 
153357, 248462330, 0.000, 0.000, -454.981, 250.000, 0.000, 2.350, 0, 0 
153357, 250054955, 0.000, 0.000, -454.994, 250.000, 0.000, 2.350, 0, 0 
153357, 251611845, 0.000, 0.000, -454.981, 250.000, 0.000, 2.350, 0, 0 
153357, 253126325, 0.000, 0.000, -454.981, 250.000, 0.000, 2.350, 0, 0 
153357, 254710845, 0.000, 0.000, -454.994, 250.000, 0.000, 2.350, 0, 0 
153357, 256282530, 0.000, 0.000, -454.994, 250.000, 0.000, 2.350, 0, 0 
153357, 257797038, 0.000, 0.000, -454.981, 250.000, 0.000, 2.350, 0, 0 
153357, 259366247, 0.000, 0.000, -454.981, 250.000, 0.000, 2.350, 0, 0 
153357, 260952808, 0.000, 0.000, -454.994, 250.000, 0.000, 2.350, 0, 0 
153357, 262511629, 0.000, 0.000, -454.981, 250.000, 0.000, 2.350, 0, 0 
153357, 264094706, 0.000, 0.000, -454.994, 250.000, 0.000, 2.350, 0, 0 
153357, 265674533, 0.000, 0.000, -454.981, 250.000, 0.000, 2.350, 0, 0 
153357, 267278976, 0.000, 0.000, -454.981, 250.000, 0.000, 2.350, 0, 0 
153357, 268857118, 0.000, 0.000, -454.981, 250.000, 0.000, 2.350, 0, 0 
153357, 270433607, 0.000, 0.000, -454.994, 250.000, 0.000, 2.350, 0, 0 
153357, 271974376, 0.000, 0.000, -454.994, 250.000, 0.000, 2.350, 0, 0 
153357, 273488549, 0.000, 0.000, -454.967, 250.000, 0.000, 2.350, 0, 0 
153357, 275002493, 0.000, 0.000, -454.981, 250.000, 0.000, 2.350, 0, 0 
153357, 276517799, 0.000, 0.000, -454.994, 250.000, 0.000, 2.350, 0, 0 
153357, 278031742, 0.000, 0.000, -454.994, 250.000, 0.000, 2.350, 0, 0 
153357, 279620418, 0.000, 0.000, -454.981, 250.000, 0.000, 2.350, 0, 0 
153357, 281186779, 0.000, 0.000, -454.981, 250.000, 0.000, 2.350, 0, 0 
153357, 282798778, 0.000, 0.000, -454.981, 250.000, 0.000, 2.350, 0, 0 
153357, 284325029, 0.000, 0.000, -454.967, 250.000, 0.000, 2.350, 0, 0 
153357, 285840197, 0.000, 0.000, -454.981, 250.000, 0.000, 2.350, 0, 0 
153357, 287354838, 0.000, 0.000, -454.994, 250.000, 0.000, 2.350, 0, 0 
153357, 288939404, 0.000, 0.000, -454.981, 250.000, 0.000, 2.350, 0, 0 
153357, 290457685, 0.000, 0.000, -454.994, 250.000, 0.000, 2.350, 0, 0 
153357, 291975785, 0.000, 0.000, -454.994, 250.000, 0.000, 2.350, 0, 0 
153357, 293503929, 0.000, 0.000, -454.981, 250.000, 0.000, 2.350, 0, 0 
153357, 295015373, 0.000, 0.000, -454.981, 250.000, 0.000, 2.350, 0, 0 
153357, 296600239, 0.000, 0.000, -454.981, 250.000, 0.000, 2.350, 0, 0 
153357, 298156674, 0.000, 0.000, -454.994, 250.000, 0.000, 2.350, 0, 0 
153357, 299717534, 0.000, 0.000, -454.981, 250.000, 0.000, 2.350, 0, 0 
153357, 301232325, 0.000, 0.000, -454.981, 250.000, 0.000, 2.350, 0, 0 
153357, 302789880, 0.000, 0.000, -454.967, 250.000, 0.000, 2.350, 0, 0 
153357, 304309535, 0.000, 0.000, -454.981, 250.000, 0.000, 2.350, 0, 0 
153357, 305891207, 0.000, 0.000, -454.994, 250.000, 0.000, 2.350, 0, 0 
153357, 307477153, 0.000, 0.000, -454.981, 250.000, 0.000, 2.350, 0, 0 
153357, 308992165, 0.000, 0.000, -454.981, 250.000, 0.000, 2.350, 0, 0 
153357, 310506711, 0.000, 0.000, -454.981, 250.000, 0.000, 2.350, 0, 0 
153357, 312029863, 0.000, 0.000, -454.994, 250.000, 0.000, 2.350, 0, 0 
153357, 313668665, 0.000, 0.000, -454.981, 250.000, 0.000, 2.350, 0, 0 
153357, 315196434, 0.000, 0.000, -454.981, 250.000, 0.000, 2.350, 0, 0 
153357, 316714082, 0.000, 0.000, -454.981, 250.000, 0.000, 2.350, 0, 0 
153357, 318284909, 0.000, 0.000, -454.967, 250.000, 0.000, 2.350, 0, 0 
153357, 319848690, 0.000, 0.000, -454.994, 250.000, 0.000, 2.350, 0, 0 
153357, 321434232, 0.000, 0.000, -454.967, 250.000, 0.000, 2.350, 0, 0 
153357, 323046115, 0.000, 0.000, -454.981, 250.000, 0.000, 2.350, 0, 0 
153357, 324611378, 0.000, 0.000, -454.981, 250.000, 0.000, 2.350, 0, 0 
153357, 326130457, 0.000, 0.000, -454.981, 250.000, 0.000, 2.350, 0, 0 
153357, 327684093, 0.000, 0.000, -454.994, 250.000, 0.000, 2.350, 0, 0 
153357, 329303541, 0.000, 0.000, -454.994, 250.000, 0.000, 2.350, 0, 0 
153357, 330884082, 0.000, 0.000, -454.981, 250.000, 0.000, 2.350, 0, 0 
153357, 332466639, 0.000, 0.000, -454.967, 250.000, 0.000, 2.350, 0, 0 
153357, 334007941, 0.000, 0.000, -454.994, 250.000, 0.000, 2.350, 0, 0 
153357, 335532869, 0.000, 0.000, -454.981, 250.000, 0.000, 2.350, 0, 0 
153357, 337116666, 0.000, 0.000, -454.967, 250.000, 0.000, 2.350, 0, 0 
153357, 338703276, 0.000, 0.000, -454.994, 250.000, 0.000, 2.350, 0, 0 
153357, 340220041, 0.000, 0.000, -454.981, 250.000, 0.000, 2.350, 0, 0 
153357, 341744191, 0.000, 0.000, -454.967, 250.000, 0.000, 2.350, 0, 0 
153357, 343278591, 0.000, 0.000, -454.981, 250.000, 0.000, 2.350, 0, 0 
153357, 344926883, 0.000, 0.000, -454.967, 250.000, 0.000, 2.350, 0, 0 
153357, 346445822, 0.000, 0.000, -454.981, 250.000, 0.000, 2.350, 0, 0 
153357, 347963067, 0.000, 0.000, -454.981, 250.000, 0.000, 2.350, 0, 0 
153357, 349479728, 0.000, 0.000, -454.967, 250.000, 0.000, 2.350, 0, 0 
153357, 350993991, 0.000, 0.000, -454.967, 250.000, 0.000, 2.350, 0, 0 
153357, 352575328, 0.000, 0.000, -454.994, 250.000, 0.000, 2.350, 0, 0 
153357, 354154202, 0.000, 0.000, -454.967, 250.000, 0.000, 2.350, 0, 0 
153357, 355671219, 0.000, 0.000, -454.994, 250.000, 0.000, 2.350, 0, 0 
153357, 357184233, 0.000, 0.000, -454.994, 250.000, 0.000, 2.350, 0, 0 
153357, 358699927, 0.000, 0.000, -454.981, 250.000, 0.000, 2.350, 0, 0 
153357, 360261828, 0.000, 0.000, -454.981, 250.000, 0.000, 2.350, 0, 0 
153357, 361778511, 0.000, 0.000, -454.981, 250.000, 0.000, 2.350, 0, 0 
153357, 363306518, 0.000, 0.000, -454.981, 250.000, 0.000, 2.350, 0, 0 
153357, 364820673, 0.000, 0.000, -454.981, 250.000, 0.000, 2.350, 0, 0 
153357, 366334427, 0.000, 0.000, -454.981, 250.000, 0.000, 2.350, 0, 0 
153357, 367847906, 0.000, 0.000, -454.994, 250.000, 0.000, 2.350, 0, 0 
153357, 369367692, 0.000, 0.000, -454.981, 250.000, 0.000, 2.350, 0, 0 
153357, 370947092, 0.000, 0.000, -454.981, 250.000, 0.000, 2.350, 0, 0 
153357, 372512792, 0.000, 0.000, -454.981, 250.000, 0.000, 2.350, 0, 0 
153357, 374027053, 0.000, 0.000, -454.981, 250.000, 0.000, 2.350, 0, 0 
153357, 375568785, 0.000, 0.000, -454.967, 250.000, 0.000, 2.350, 0, 0 
153357, 377082704, 0.000, 0.000, -454.994, 250.000, 0.000, 2.350, 0, 0 
153357, 378645849, 0.000, 0.000, -454.981, 250.000, 0.000, 2.350, 0, 0 
153357, 380217908, 0.000, 0.000, -454.981, 250.000, 0.000, 2.350, 0, 0 
153357, 381787005, 0.000, 0.000, -454.981, 250.000, 0.000, 2.350, 0, 0 
153357, 383355723, 0.000, 0.000, -454.994, 250.000, 0.000, 2.350, 0, 0 
153357, 384939349, 0.000, 0.000, -454.994, 250.000, 0.000, 2.350, 0, 0 
153357, 386524038, 0.000, 0.000, -454.981, 250.000, 0.000, 2.350, 0, 0 
153357, 388114171, 0.000, 0.000, -454.967, 250.000, 0.000, 2.350, 0, 0 
153357, 389699682, 0.000, 0.000, -454.994, 250.000, 0.000, 2.350, 0, 0 
153357, 391290781, 0.000, 0.000, -454.994, 250.000, 0.000, 2.350, 0, 0 
153357, 392813057, 0.000, 0.000, -454.967, 250.000, 0.000, 2.350, 0, 0 
153357, 394341546, 0.000, 0.000, -454.981, 250.000, 0.000, 2.350, 0, 0 
153357, 395882901, 0.000, 0.000, -454.981, 250.000, 0.000, 2.350, 0, 0 
153357, 397395822, 0.000, 0.000, -454.994, 250.000, 0.000, 2.350, 0, 0 
153357, 398908694, 0.000, 0.000, -454.967, 250.000, 0.000, 2.350, 0, 0 
153357, 400425117, 0.000, 0.000, -454.994, 250.000, 0.000, 2.350, 0, 0 
153357, 401938339, 0.000, 0.000, -454.981, 250.000, 0.000, 2.350, 0, 0 
153357, 403451849, 0.000, 0.000, -454.981, 250.000, 0.000, 2.350, 0, 0 
153357, 404975464, 0.000, 0.000, -454.981, 250.000, 0.000, 2.350, 0, 0 
153357, 406597599, 0.000, 0.000, -454.981, 250.000, 0.000, 2.350, 0, 0 
153357, 408166376, 0.000, 0.000, -454.994, 250.000, 0.000, 2.350, 0, 0 
153357, 409690822, 0.000, 0.000, -454.994, 250.000, 0.000, 2.350, 0, 0 
153357, 411208716, 0.000, 0.000, -454.981, 250.000, 0.000, 2.350, 0, 0 
153357, 412796218, 0.000, 0.000, -454.994, 250.000, 0.000, 2.350, 0, 0 
153357, 414358148, 0.000, 0.000, -454.981, 250.000, 0.000, 2.350, 0, 0 
153357, 415942739, 0.000, 0.000, -454.994, 250.000, 0.000, 2.350, 0, 0 
153357, 417527126, 0.000, 0.000, -454.967, 250.000, 0.000, 2.350, 0, 0 
153357, 419110636, 0.000, 0.000, -454.994, 250.000, 0.000, 2.350, 0, 0 
153357, 420695906, 0.000, 0.000, -454.981, 250.000, 0.000, 2.350, 0, 0 
153357, 422317188, 0.000, 0.000, -454.981, 250.000, 0.000, 2.350, 0, 0 
153357, 423898605, 0.000, 0.000, -454.981, 250.000, 0.000, 2.350, 0, 0 
153357, 425470819, 0.000, 0.000, -454.981, 250.000, 0.000, 2.350, 0, 0 
153357, 426997710, 0.000, 0.000, -454.981, 250.000, 0.000, 2.350, 0, 0 
153357, 428513026, 0.000, 0.000, -454.981, 250.000, 0.000, 2.350, 0, 0 
153357, 430025964, 0.000, 0.000, -454.967, 250.000, 0.000, 2.350, 0, 0 
153357, 431539121, 0.000, 0.000, -454.981, 250.000, 0.000, 2.350, 0, 0 
153357, 433051982, 0.000, 0.000, -454.981, 250.000, 0.000, 2.350, 0, 0 
153357, 434595532, 0.000, 0.000, -454.994, 250.000, 0.000, 2.350, 0, 0 
153357, 436148130, 0.000, 0.000, -454.981, 250.000, 0.000, 2.350, 0, 0 
153357, 437690823, 0.000, 0.000, -454.981, 250.000, 0.000, 2.350, 0, 0 
153357, 439207194, 0.000, 0.000, -454.981, 250.000, 0.000, 2.350, 0, 0 
153357, 440773956, 0.000, 0.000, -454.967, 250.000, 0.000, 2.350, 0, 0 
153357, 442361085, 0.000, 0.000, -454.981, 250.000, 0.000, 2.350, 0, 0 
153357, 443948688, 0.000, 0.000, -454.994, 250.000, 0.000, 2.350, 0, 0 
153357, 445530897, 0.000, 0.000, -454.994, 250.000, 0.000, 2.350, 0, 0 
153357, 447119152, 0.000, 0.000, -454.967, 250.000, 0.000, 2.350, 0, 0 
153357, 448702869, 0.000, 0.000, -454.981, 250.000, 0.000, 2.350, 0, 0 
153357, 450288632, 0.000, 0.000, -454.981, 250.000, 0.000, 2.350, 0, 0 
153357, 451872813, 0.000, 0.000, -454.981, 250.000, 0.000, 2.350, 0, 0 
153357, 453427267, 0.000, 0.000, -454.981, 250.000, 0.000, 2.350, 0, 0 
153357, 454980717, 0.000, 0.000, -454.981, 250.000, 0.000, 2.350, 0, 0 
153357, 456526010, 0.000, 0.000, -454.981, 250.000, 0.000, 2.350, 0, 0 
153357, 458042502, 0.000, 0.000, -454.967, 250.000, 0.000, 2.350, 0, 0 
153357, 459562102, 0.000, 0.000, -454.994, 250.000, 0.000, 2.350, 0, 0 
153357, 461100664, 0.000, 0.000, -454.967, 250.000, 0.000, 2.350, 0, 0 
153357, 462661930, 0.000, 0.000, -454.981, 250.000, 0.000, 2.350, 0, 0 
153357, 464244199, 0.000, 0.000, -454.981, 250.000, 0.000, 2.350, 0, 0 
153357, 465823075, 0.000, 0.000, -454.994, 250.000, 0.000, 2.350, 0, 0 
153357, 467401836, 0.000, 0.000, -454.994, 250.000, 0.000, 2.350, 0, 0 
153357, 469020090, 0.000, 0.000, -454.994, 250.000, 0.000, 2.350, 0, 0 
153357, 470545168, 0.000, 0.000, -454.981, 250.000, 0.000, 2.350, 0, 0 
153357, 472066606, 0.000, 0.000, -454.994, 250.000, 0.000, 2.350, 0, 0 
153357, 473580939, 0.000, 0.000, -454.981, 250.000, 0.000, 2.350, 0, 0 
153357, 475101327, 0.000, 0.000, -454.981, 250.000, 0.000, 2.350, 0, 0 
153357, 476619798, 0.000, 0.000, -454.967, 250.000, 0.000, 2.350, 0, 0 
153357, 478133237, 0.000, 0.000, -454.967, 250.000, 0.000, 2.350, 0, 0 
153357, 479646474, 0.000, 0.000, -454.967, 250.000, 0.000, 2.350, 0, 0 
153357, 481159163, 0.000, 0.000, -454.994, 250.000, 0.000, 2.350, 0, 0 
153357, 482671872, 0.000, 0.000, -454.994, 250.000, 0.000, 2.350, 0, 0 
153357, 484230767, 0.000, 0.000, -454.994, 250.000, 0.000, 2.350, 0, 0 
153357, 485744778, 0.000, 0.000, -454.967, 250.000, 0.000, 2.350, 0, 0 
153357, 487258363, 0.000, 0.000, -454.994, 250.000, 0.000, 2.350, 0, 0 
153357, 488772315, 0.000, 0.000, -454.967, 250.000, 0.000, 2.350, 0, 0 
153357, 490300729, 0.000, 0.000, -454.981, 250.000, 0.000, 2.350, 0, 0 
153357, 491822573, 0.000, 0.000, -454.981, 250.000, 0.000, 2.350, 0, 0 
153357, 493370076, 0.000, 0.000, -454.981, 250.000, 0.000, 2.350, 0, 0 
153357, 494947103, 0.000, 0.000, -454.967, 250.000, 0.000, 2.350, 0, 0 
153357, 496532779, 0.000, 0.000, -454.981, 250.000, 0.000, 2.350, 0, 0 
153357, 498052738, 0.000, 0.000, -454.981, 250.000, 0.000, 2.350, 0, 0 
153357, 499607815, 0.000, 0.000, -454.981, 250.000, 0.000, 2.350, 0, 0 
153357, 501179911, 0.000, 0.000, -454.994, 250.000, 0.000, 2.350, 0, 0 
153357, 502693688, 0.000, 0.000, -454.981, 250.000, 0.000, 2.350, 0, 0 
153357, 504218946, 0.000, 0.000, -454.981, 250.000, 0.000, 2.350, 0, 0 
153357, 505769598, 0.000, 0.000, -454.994, 250.000, 0.000, 2.350, 0, 0 
153357, 507357424, 0.000, 0.000, -454.981, 250.000, 0.000, 2.350, 0, 0 
153357, 508908800, 0.000, 0.000, -454.994, 250.000, 0.000, 2.350, 0, 0 
153357, 510449957, 0.000, 0.000, -454.981, 250.000, 0.000, 2.350, 0, 0 
153357, 511967201, 0.000, 0.000, -454.981, 250.000, 0.000, 2.350, 0, 0 
153357, 513485052, 0.000, 0.000, -454.994, 250.000, 0.000, 2.350, 0, 0 
153357, 515116060, 0.000, 0.000, -454.981, 250.000, 0.000, 2.350, 0, 0 
153357, 516695951, 0.000, 0.000, -454.994, 250.000, 0.000, 2.350, 0, 0 
153357, 518257416, 0.000, 0.000, -454.994, 250.000, 0.000, 2.350, 0, 0 
153357, 519836783, 0.000, 0.000, -454.967, 250.000, 0.000, 2.350, 0, 0 
153357, 521357555, 0.000, 0.000, -454.967, 250.000, 0.000, 2.350, 0, 0 
153357, 522948342, 0.000, 0.000, -454.994, 250.000, 0.000, 2.350, 0, 0 
153357, 524476148, 0.000, 0.000, -454.981, 250.000, 0.000, 2.350, 0, 0 
153357, 526046972, 0.000, 0.000, -454.967, 250.000, 0.000, 2.350, 0, 0 
153357, 527563984, 0.000, 0.000, -454.981, 250.000, 0.000, 2.350, 0, 0 
153357, 529140300, 0.000, 0.000, -454.981, 250.000, 0.000, 2.350, 0, 0 
153357, 530694151, 0.000, 0.000, -454.981, 250.000, 0.000, 2.350, 0, 0 
153357, 532205404, 0.000, 0.000, -454.994, 250.000, 0.000, 2.350, 0, 0 
153357, 533761076, 0.000, 0.000, -454.981, 250.000, 0.000, 2.350, 0, 0 
153357, 535278175, 0.000, 0.000, -454.994, 250.000, 0.000, 2.350, 0, 0 
153357, 536852508, 0.000, 0.000, -454.981, 250.000, 0.000, 2.350, 0, 0 
153357, 538413671, 0.000, 0.000, -454.994, 250.000, 0.000, 2.350, 0, 0 
153357, 539928484, 0.000, 0.000, -454.981, 250.000, 0.000, 2.350, 0, 0 
153357, 541445925, 0.000, 0.000, -454.994, 250.000, 0.000, 2.350, 0, 0 
153357, 542961700, 0.000, 0.000, -454.981, 250.000, 0.000, 2.350, 0, 0 
153357, 544581023, 0.000, 0.000, -454.994, 250.000, 0.000, 2.350, 0, 0 
153357, 546124306, 0.000, 0.000, -454.994, 250.000, 0.000, 2.350, 0, 0 
153357, 547641994, 0.000, 0.000, -454.981, 250.000, 0.000, 2.350, 0, 0 
153357, 549156192, 0.000, 0.000, -454.981, 250.000, 0.000, 2.350, 0, 0 
153357, 550670179, 0.000, 0.000, -454.967, 250.000, 0.000, 2.350, 0, 0 
153357, 552187254, 0.000, 0.000, -454.981, 250.000, 0.000, 2.350, 0, 0 
153357, 553700884, 0.000, 0.000, -454.994, 250.000, 0.000, 2.350, 0, 0 
153357, 555216051, 0.000, 0.000, -454.981, 250.000, 0.000, 2.350, 0, 0 
153357, 556730329, 0.000, 0.000, -454.981, 250.000, 0.000, 2.350, 0, 0 
153357, 558243880, 0.000, 0.000, -454.981, 250.000, 0.000, 2.350, 0, 0 
153357, 559790916, 0.000, 0.000, -454.994, 250.000, 0.000, 2.350, 0, 0 
153357, 561401238, 0.000, 0.000, -454.981, 250.000, 0.000, 2.350, 0, 0 
153357, 562989008, 0.000, 0.000, -454.994, 250.000, 0.000, 2.350, 0, 0 
153357, 564509617, 0.000, 0.000, -454.981, 250.000, 0.000, 2.350, 0, 0 
153357, 566032149, 0.000, 0.000, -454.981, 250.000, 0.000, 2.350, 0, 0 
153357, 567547796, 0.000, 0.000, -454.981, 250.000, 0.000, 2.350, 0, 0 
153357, 569064000, 0.000, 0.000, -454.967, 250.000, 0.000, 2.350, 0, 0 
153357, 570578500, 0.000, 0.000, -454.994, 250.000, 0.000, 2.350, 0, 0 
153357, 572168058, 0.000, 0.000, -454.981, 250.000, 0.000, 2.350, 0, 0 
153357, 573754160, 0.000, 0.000, -454.981, 250.000, 0.000, 2.350, 0, 0 
153357, 575269766, 0.000, 0.000, -454.994, 250.000, 0.000, 2.350, 0, 0 
153357, 576892573, 0.000, 0.000, -454.967, 250.000, 0.000, 2.350, 0, 0 
153357, 578407515, 0.000, 0.000, -454.981, 250.000, 0.000, 2.350, 0, 0 
153357, 579921823, 0.000, 0.000, -454.967, 250.000, 0.000, 2.350, 0, 0 
153357, 581435270, 0.000, 0.000, -454.981, 250.000, 0.000, 2.350, 0, 0 
153357, 582949313, 0.000, 0.000, -454.981, 250.000, 0.000, 2.350, 0, 0 
153357, 584466214, 0.000, 0.000, -454.981, 250.000, 0.000, 2.350, 0, 0 
153357, 585982370, 0.000, 0.000, -454.981, 250.000, 0.000, 2.350, 0, 0 
153357, 587495496, 0.000, 0.000, -454.994, 250.000, 0.000, 2.350, 0, 0 
153357, 589089470, 0.000, 0.000, -454.967, 250.000, 0.000, 2.350, 0, 0 
153357, 590673066, 0.000, 0.000, -454.981, 250.000, 0.000, 2.350, 0, 0 
153357, 592311828, 0.000, 0.000, -454.967, 250.000, 0.000, 2.350, 0, 0 
153357, 593826797, 0.000, 0.000, -454.967, 250.000, 0.000, 2.350, 0, 0 
153357, 595340948, 0.000, 0.000, -454.981, 250.000, 0.000, 2.350, 0, 0 
153357, 596855076, 0.000, 0.000, -454.967, 250.000, 0.000, 2.350, 0, 0 
153357, 598373209, 0.000, 0.000, -454.967, 250.000, 0.000, 2.350, 0, 0 
153357, 599894911, 0.000, 0.000, -454.981, 250.000, 0.000, 2.350, 0, 0 
153357, 601411145, 0.000, 0.000, -454.994, 250.000, 0.000, 2.350, 0, 0 
153357, 602976838, 0.000, 0.000, -454.994, 250.000, 0.000, 2.350, 0, 0 
153357, 604562839, 0.000, 0.000, -454.994, 250.000, 0.000, 2.350, 0, 0 
153357, 606147953, 0.000, 0.000, -454.981, 250.000, 0.000, 2.350, 0, 0 
153357, 607718664, 0.000, 0.000, -454.981, 250.000, 0.000, 2.350, 0, 0 
153357, 609242923, 0.000, 0.000, -454.981, 250.000, 0.000, 2.350, 0, 0 
153357, 610777767, 0.000, 0.000, -454.981, 250.000, 0.000, 2.350, 0, 0 
153357, 612293747, 0.000, 0.000, -454.981, 250.000, 0.000, 2.350, 0, 0 
153357, 613872692, 0.000, 0.000, -454.981, 250.000, 0.000, 2.350, 0, 0 
153357, 615451209, 0.000, 0.000, -454.994, 250.000, 0.000, 2.350, 0, 0 
153357, 617030641, 0.000, 0.000, -454.981, 250.000, 0.000, 2.350, 0, 0 
153357, 618609484, 0.000, 0.000, -454.994, 250.000, 0.000, 2.350, 0, 0 
153357, 620191464, 0.000, 0.000, -454.967, 250.000, 0.000, 2.350, 0, 0 
153357, 621710460, 0.000, 0.000, -454.981, 250.000, 0.000, 2.350, 0, 0 
153357, 623334033, 0.000, 0.000, -454.994, 250.000, 0.000, 2.350, 0, 0 
153357, 624945660, 0.000, 0.000, -454.981, 250.000, 0.000, 2.350, 0, 0 
153357, 626517027, 0.000, 0.000, -454.994, 250.000, 0.000, 2.350, 0, 0 
153357, 628036719, 0.000, 0.000, -454.981, 250.000, 0.000, 2.350, 0, 0 
153357, 629605813, 0.000, 0.000, -454.981, 250.000, 0.000, 2.350, 0, 0 
153357, 631122776, 0.000, 0.000, -454.981, 250.000, 0.000, 2.350, 0, 0 
153357, 632706901, 0.000, 0.000, -454.981, 250.000, 0.000, 2.350, 0, 0 
153357, 634288734, 0.000, 0.000, -454.981, 250.000, 0.000, 2.350, 0, 0 
153357, 635818347, 0.000, 0.000, -454.981, 250.000, 0.000, 2.350, 0, 0 
153357, 637345931, 0.000, 0.000, -454.981, 250.000, 0.000, 2.350, 0, 0 
153357, 638887715, 0.000, 0.000, -454.981, 250.000, 0.000, 2.350, 0, 0 
153357, 640405499, 0.000, 0.000, -454.981, 250.000, 0.000, 2.350, 0, 0 
153357, 641954146, 0.000, 0.000, -454.981, 250.000, 0.000, 2.350, 0, 0 
153357, 643526578, 0.000, 0.000, -454.981, 250.000, 0.000, 2.350, 0, 0 
153357, 645143574, 0.000, 0.000, -454.967, 250.000, 0.000, 2.350, 0, 0 
153357, 646723070, 0.000, 0.000, -454.981, 250.000, 0.000, 2.350, 0, 0 
153357, 648241180, 0.000, 0.000, -454.981, 250.000, 0.000, 2.350, 0, 0 
153357, 649754741, 0.000, 0.000, -454.967, 250.000, 0.000, 2.350, 0, 0 
153357, 651267944, 0.000, 0.000, -454.981, 250.000, 0.000, 2.350, 0, 0 
153357, 652781194, 0.000, 0.000, -454.981, 250.000, 0.000, 2.350, 0, 0 
153357, 654322840, 0.000, 0.000, -454.994, 250.000, 0.000, 2.350, 0, 0 
153357, 655888954, 0.000, 0.000, -454.967, 250.000, 0.000, 2.350, 0, 0 
153357, 657401378, 0.000, 0.000, -454.981, 250.000, 0.000, 2.350, 0, 0 
153357, 658913866, 0.000, 0.000, -454.994, 250.000, 0.000, 2.350, 0, 0 
153357, 660428242, 0.000, 0.000, -454.981, 250.000, 0.000, 2.350, 0, 0 
153357, 661946437, 0.000, 0.000, -454.994, 250.000, 0.000, 2.350, 0, 0 
153357, 663514965, 0.000, 0.000, -454.967, 250.000, 0.000, 2.350, 0, 0 
153357, 665101284, 0.000, 0.000, -454.967, 250.000, 0.000, 2.350, 0, 0 
153357, 666686976, 0.000, 0.000, -454.994, 250.000, 0.000, 2.350, 0, 0 
153357, 668276472, 0.000, 0.000, -454.994, 250.000, 0.000, 2.350, 0, 0 
153357, 669899241, 0.000, 0.000, -454.967, 250.000, 0.000, 2.350, 0, 0 
153357, 671464449, 0.000, 0.000, -454.981, 250.000, 0.000, 2.350, 0, 0 
153357, 673049247, 0.000, 0.000, -454.981, 250.000, 0.000, 2.350, 0, 0 
153357, 674610434, 0.000, 0.000, -454.967, 250.000, 0.000, 2.350, 0, 0 
153357, 676240814, 0.000, 0.000, -454.981, 250.000, 0.000, 2.350, 0, 0 
153357, 677817048, 0.000, 0.000, -454.953, 250.000, 0.000, 2.350, 0, 0 
153357, 679331241, 0.000, 0.000, -454.981, 250.000, 0.000, 2.350, 0, 0 
153357, 680910158, 0.000, 0.000, -454.981, 250.000, 0.000, 2.350, 0, 0 
153357, 682488794, 0.000, 0.000, -454.981, 250.000, 0.000, 2.350, 0, 0 
153357, 684070020, 0.000, 0.000, -454.981, 250.000, 0.000, 2.350, 0, 0 
153357, 685688511, 0.000, 0.000, -454.981, 250.000, 0.000, 2.350, 0, 0 
153357, 687249929, 0.000, 0.000, -454.981, 250.000, 0.000, 2.350, 0, 0 
153357, 688768377, 0.000, 0.000, -454.981, 250.000, 0.000, 2.350, 0, 0 
153357, 690288398, 0.000, 0.000, -454.994, 250.000, 0.000, 2.350, 0, 0 
153357, 691804258, 0.000, 0.000, -454.994, 250.000, 0.000, 2.350, 0, 0 
153357, 693330528, 0.000, 0.000, -454.981, 250.000, 0.000, 2.350, 0, 0 
153357, 694922138, 0.000, 0.000, -454.967, 250.000, 0.000, 2.350, 0, 0 
153357, 696438595, 0.000, 0.000, -454.994, 250.000, 0.000, 2.350, 0, 0 
153357, 698020550, 0.000, 0.000, -454.981, 250.000, 0.000, 2.350, 0, 0 
153357, 699600300, 0.000, 0.000, -454.981, 250.000, 0.000, 2.350, 0, 0 
153357, 701155497, 0.000, 0.000, -454.953, 250.000, 0.000, 2.350, 0, 0 
153357, 702669570, 0.000, 0.000, -454.994, 250.000, 0.000, 2.350, 0, 0 
153357, 704185220, 0.000, 0.000, -454.967, 250.000, 0.000, 2.350, 0, 0 
153357, 705699652, 0.000, 0.000, -454.981, 250.000, 0.000, 2.350, 0, 0 
153357, 707284336, 0.000, 0.000, -454.981, 250.000, 0.000, 2.350, 0, 0 
153357, 708847405, 0.000, 0.000, -454.981, 250.000, 0.000, 2.350, 0, 0 
153357, 710374527, 0.000, 0.000, -454.994, 250.000, 0.000, 2.350, 0, 0 
153357, 711892816, 0.000, 0.000, -454.981, 250.000, 0.000, 2.350, 0, 0 
153357, 713455304, 0.000, 0.000, -454.994, 250.000, 0.000, 2.350, 0, 0 
153357, 715019685, 0.000, 0.000, -454.981, 250.000, 0.000, 2.350, 0, 0 
153357, 716578701, 0.000, 0.000, -454.981, 250.000, 0.000, 2.350, 0, 0 
153357, 718095475, 0.000, 0.000, -454.994, 250.000, 0.000, 2.350, 0, 0 
153357, 719608917, 0.000, 0.000, -454.994, 250.000, 0.000, 2.350, 0, 0 
153357, 721122081, 0.000, 0.000, -454.981, 250.000, 0.000, 2.350, 0, 0 
153357, 722635728, 0.000, 0.000, -454.981, 250.000, 0.000, 2.350, 0, 0 
153357, 724151233, 0.000, 0.000, -454.994, 250.000, 0.000, 2.350, 0, 0 
153357, 725670018, 0.000, 0.000, -454.981, 250.000, 0.000, 2.350, 0, 0 
153357, 727272003, 0.000, 0.000, -454.994, 250.000, 0.000, 2.350, 0, 0 
153357, 728842872, 0.000, 0.000, -454.981, 250.000, 0.000, 2.350, 0, 0 
153357, 730425682, 0.000, 0.000, -454.994, 250.000, 0.000, 2.350, 0, 0 
153357, 731982279, 0.000, 0.000, -454.981, 250.000, 0.000, 2.350, 0, 0 
153357, 733496092, 0.000, 0.000, -454.994, 250.000, 0.000, 2.350, 0, 0 
153357, 735077581, 0.000, 0.000, -454.994, 250.000, 0.000, 2.350, 0, 0 
153357, 736592323, 0.000, 0.000, -454.981, 250.000, 0.000, 2.350, 0, 0 
153357, 738167477, 0.000, 0.000, -454.994, 250.000, 0.000, 2.350, 0, 0 
153357, 739758948, 0.000, 0.000, -454.981, 250.000, 0.000, 2.350, 0, 0 
153357, 741350447, 0.000, 0.000, -454.981, 250.000, 0.000, 2.350, 0, 0 
153357, 742874712, 0.000, 0.000, -454.981, 250.000, 0.000, 2.350, 0, 0 
153357, 744397384, 0.000, 0.000, -454.967, 250.000, 0.000, 2.350, 0, 0 
153357, 745978326, 0.000, 0.000, -454.981, 250.000, 0.000, 2.350, 0, 0 
153357, 747609165, 0.000, 0.000, -454.994, 250.000, 0.000, 2.350, 0, 0 
153357, 749188124, 0.000, 0.000, -454.967, 250.000, 0.000, 2.350, 0, 0 
153357, 750702363, 0.000, 0.000, -454.981, 250.000, 0.000, 2.350, 0, 0 
153357, 752218888, 0.000, 0.000, -454.994, 250.000, 0.000, 2.350, 0, 0 
153357, 753732270, 0.000, 0.000, -454.981, 250.000, 0.000, 2.350, 0, 0 
153357, 755249055, 0.000, 0.000, -454.981, 250.000, 0.000, 2.350, 0, 0 
153357, 756768108, 0.000, 0.000, -454.981, 250.000, 0.000, 2.350, 0, 0 
153357, 758293626, 0.000, 0.000, -454.967, 250.000, 0.000, 2.350, 0, 0 
153357, 759808415, 0.000, 0.000, -454.967, 250.000, 0.000, 2.350, 0, 0 
153357, 761322581, 0.000, 0.000, -454.967, 250.000, 0.000, 2.350, 0, 0 
153357, 762881468, 0.000, 0.000, -454.981, 250.000, 0.000, 2.350, 0, 0 
153357, 764443947, 0.000, 0.000, -454.994, 250.000, 0.000, 2.350, 0, 0 
153357, 766025191, 0.000, 0.000, -454.967, 250.000, 0.000, 2.350, 0, 0 
153357, 767607354, 0.000, 0.000, -454.981, 250.000, 0.000, 2.350, 0, 0 
153357, 769163760, 0.000, 0.000, -454.994, 250.000, 0.000, 2.350, 0, 0 
153357, 770675654, 0.000, 0.000, -454.967, 250.000, 0.000, 2.350, 0, 0 
153357, 772186688, 0.000, 0.000, -454.981, 250.000, 0.000, 2.350, 0, 0 
153357, 773711501, 0.000, 0.000, -454.981, 250.000, 0.000, 2.350, 0, 0 
153357, 775221823, 0.000, 0.000, -454.967, 250.000, 0.000, 2.350, 0, 0 
153357, 776734766, 0.000, 0.000, -454.967, 250.000, 0.000, 2.350, 0, 0 
153357, 778375611, 0.000, 0.000, -454.981, 250.000, 0.000, 2.350, 0, 0 
153357, 779890383, 0.000, 0.000, -454.981, 250.000, 0.000, 2.350, 0, 0 
153357, 781407445, 0.000, 0.000, -454.981, 250.000, 0.000, 2.350, 0, 0 
153357, 782984814, 0.000, 0.000, -454.994, 250.000, 0.000, 2.350, 0, 0 
153357, 784559834, 0.000, 0.000, -454.967, 250.000, 0.000, 2.350, 0, 0 
153357, 786072121, 0.000, 0.000, -454.967, 250.000, 0.000, 2.350, 0, 0 
153357, 787585417, 0.000, 0.000, -454.967, 250.000, 0.000, 2.350, 0, 0 
153357, 789102956, 0.000, 0.000, -454.967, 250.000, 0.000, 2.350, 0, 0 
153357, 790664949, 0.000, 0.000, -454.994, 250.000, 0.000, 2.350, 0, 0 
153357, 792177266, 0.000, 0.000, -454.981, 250.000, 0.000, 2.350, 0, 0 
153357, 793733340, 0.000, 0.000, -454.967, 250.000, 0.000, 2.350, 0, 0 
153357, 795246242, 0.000, 0.000, -454.994, 250.000, 0.000, 2.350, 0, 0 
153357, 796782839, 0.000, 0.000, -454.981, 250.000, 0.000, 2.350, 0, 0 
153357, 798342397, 0.000, 0.000, -454.967, 250.000, 0.000, 2.350, 0, 0 
153357, 799901414, 0.000, 0.000, -454.994, 250.000, 0.000, 2.350, 0, 0 
153357, 801461876, 0.000, 0.000, -454.994, 250.000, 0.000, 2.350, 0, 0 
153357, 803015131, 0.000, 0.000, -454.981, 250.000, 0.000, 2.350, 0, 0 
153357, 804577763, 0.000, 0.000, -454.981, 250.000, 0.000, 2.350, 0, 0 
153357, 806125246, 0.000, 0.000, -454.994, 250.000, 0.000, 2.350, 0, 0 
153357, 807707696, 0.000, 0.000, -454.981, 250.000, 0.000, 2.350, 0, 0 
153357, 809310857, 0.000, 0.000, -454.981, 250.000, 0.000, 2.350, 0, 0 
153357, 810894503, 0.000, 0.000, -454.981, 250.000, 0.000, 2.350, 0, 0 
153357, 812478476, 0.000, 0.000, -454.981, 250.000, 0.000, 2.350, 0, 0 
153357, 814059048, 0.000, 0.000, -454.994, 250.000, 0.000, 2.350, 0, 0 
153357, 815639659, 0.000, 0.000, -454.981, 250.000, 0.000, 2.350, 0, 0 
153357, 817220065, 0.000, 0.000, -454.994, 250.000, 0.000, 2.350, 0, 0 
153357, 818783711, 0.000, 0.000, -454.981, 250.000, 0.000, 2.350, 0, 0 
153357, 820298733, 0.000, 0.000, -454.981, 250.000, 0.000, 2.350, 0, 0 
153357, 821815356, 0.000, 0.000, -454.981, 250.000, 0.000, 2.350, 0, 0 
153357, 823380386, 0.000, 0.000, -454.967, 250.000, 0.000, 2.350, 0, 0 
153357, 824944133, 0.000, 0.000, -454.981, 250.000, 0.000, 2.350, 0, 0 
153357, 826475741, 0.000, 0.000, -454.981, 250.000, 0.000, 2.350, 0, 0 
153357, 828034491, 0.000, 0.000, -454.994, 250.000, 0.000, 2.350, 0, 0 
153357, 829548543, 0.000, 0.000, -454.981, 250.000, 0.000, 2.350, 0, 0 
153357, 831060895, 0.000, 0.000, -454.981, 250.000, 0.000, 2.350, 0, 0 
153357, 832575827, 0.000, 0.000, -454.981, 250.000, 0.000, 2.350, 0, 0 
153357, 834088275, 0.000, 0.000, -454.994, 250.000, 0.000, 2.350, 0, 0 
153357, 835663857, 0.000, 0.000, -454.981, 250.000, 0.000, 2.350, 0, 0 
153357, 837247315, 0.000, 0.000, -454.981, 250.000, 0.000, 2.350, 0, 0 
153357, 838764107, 0.000, 0.000, -454.981, 250.000, 0.000, 2.350, 0, 0 
153357, 840308533, 0.000, 0.000, -454.994, 250.000, 0.000, 2.350, 0, 0 
153357, 841866290, 0.000, 0.000, -454.981, 250.000, 0.000, 2.350, 0, 0 
153357, 843451893, 0.000, 0.000, -454.981, 250.000, 0.000, 2.350, 0, 0 
153357, 845035503, 0.000, 0.000, -454.981, 250.000, 0.000, 2.350, 0, 0 
153357, 846616470, 0.000, 0.000, -454.981, 250.000, 0.000, 2.350, 0, 0 
153357, 848200690, 0.000, 0.000, -454.994, 250.000, 0.000, 2.350, 0, 0 
153357, 849720977, 0.000, 0.000, -454.994, 250.000, 0.000, 2.350, 0, 0 
153357, 851235758, 0.000, 0.000, -454.994, 250.000, 0.000, 2.350, 0, 0 
153357, 852758582, 0.000, 0.000, -454.994, 250.000, 0.000, 2.350, 0, 0 
153357, 854339067, 0.000, 0.000, -454.981, 250.000, 0.000, 2.350, 0, 0 
153357, 855889550, 0.000, 0.000, -454.981, 250.000, 0.000, 2.350, 0, 0 
153357, 857470351, 0.000, 0.000, -454.967, 250.000, 0.000, 2.350, 0, 0 
153357, 859014592, 0.000, 0.000, -454.994, 250.000, 0.000, 2.350, 0, 0 
153357, 860543809, 0.000, 0.000, -454.981, 250.000, 0.000, 2.350, 0, 0 
153357, 862119958, 0.000, 0.000, -454.981, 250.000, 0.000, 2.350, 0, 0 
153357, 863643651, 0.000, 0.000, -454.981, 250.000, 0.000, 2.350, 0, 0 
153357, 865158246, 0.000, 0.000, -454.994, 250.000, 0.000, 2.350, 0, 0 
153357, 866732134, 0.000, 0.000, -454.981, 250.000, 0.000, 2.350, 0, 0 
153357, 868308406, 0.000, 0.000, -454.981, 250.000, 0.000, 2.350, 0, 0 
153357, 869882056, 0.000, 0.000, -454.967, 250.000, 0.000, 2.350, 0, 0 
153357, 871431618, 0.000, 0.000, -454.994, 250.000, 0.000, 2.350, 0, 0 
153357, 872990004, 0.000, 0.000, -454.994, 250.000, 0.000, 2.350, 0, 0 
153357, 874569844, 0.000, 0.000, -454.994, 250.000, 0.000, 2.350, 0, 0 
153357, 876129138, 0.000, 0.000, -454.981, 250.000, 0.000, 2.350, 0, 0 
153357, 877678013, 0.000, 0.000, -454.981, 250.000, 0.000, 2.350, 0, 0 
153357, 879215286, 0.000, 0.000, -454.981, 250.000, 0.000, 2.350, 0, 0 
153357, 880752679, 0.000, 0.000, -454.981, 250.000, 0.000, 2.350, 0, 0 
153357, 882263436, 0.000, 0.000, -454.994, 250.000, 0.000, 2.350, 0, 0 
153357, 883785441, 0.000, 0.000, -454.967, 250.000, 0.000, 2.350, 0, 0 
153357, 885361144, 0.000, 0.000, -454.967, 250.000, 0.000, 2.350, 0, 0 
153357, 886915670, 0.000, 0.000, -454.981, 250.000, 0.000, 2.350, 0, 0 
153357, 888433416, 0.000, 0.000, -454.981, 250.000, 0.000, 2.350, 0, 0 
153357, 890014941, 0.000, 0.000, -454.981, 250.000, 0.000, 2.350, 0, 0 
153357, 891595643, 0.000, 0.000, -454.994, 250.000, 0.000, 2.350, 0, 0 
153357, 893118290, 0.000, 0.000, -454.981, 250.000, 0.000, 2.350, 0, 0 
153357, 894721990, 0.000, 0.000, -454.994, 250.000, 0.000, 2.350, 0, 0 
153357, 896236281, 0.000, 0.000, -454.967, 250.000, 0.000, 2.350, 0, 0 
153357, 897748503, 0.000, 0.000, -454.994, 250.000, 0.000, 2.350, 0, 0 
153357, 899259943, 0.000, 0.000, -454.981, 250.000, 0.000, 2.350, 0, 0 
153357, 900772396, 0.000, 0.000, -454.994, 250.000, 0.000, 2.350, 0, 0 
153357, 902309733, 0.000, 0.000, -454.981, 250.000, 0.000, 2.350, 0, 0 
153357, 903885420, 0.000, 0.000, -454.981, 250.000, 0.000, 2.350, 0, 0 
153357, 905406713, 0.000, 0.000, -454.981, 250.000, 0.000, 2.350, 0, 0 
153357, 906989292, 0.000, 0.000, -454.981, 250.000, 0.000, 2.350, 0, 0 
153357, 908576032, 0.000, 0.000, -454.967, 250.000, 0.000, 2.350, 0, 0 
153357, 910088198, 0.000, 0.000, -454.981, 250.000, 0.000, 2.350, 0, 0 
153357, 911601041, 0.000, 0.000, -454.981, 250.000, 0.000, 2.350, 0, 0 
153357, 913158750, 0.000, 0.000, -454.981, 250.000, 0.000, 2.350, 0, 0 
153357, 914718765, 0.000, 0.000, -454.994, 250.000, 0.000, 2.350, 0, 0 
153357, 916307930, 0.000, 0.000, -454.981, 250.000, 0.000, 2.350, 0, 0 
153357, 917935537, 0.000, 0.000, -454.981, 250.000, 0.000, 2.350, 0, 0 
153357, 919519334, 0.000, 0.000, -454.981, 250.000, 0.000, 2.350, 0, 0 
153357, 921126192, 0.000, 0.000, -454.981, 250.000, 0.000, 2.350, 0, 0 
153357, 922706162, 0.000, 0.000, -454.967, 250.000, 0.000, 2.350, 0, 0 
153357, 924271496, 0.000, 0.000, -454.994, 250.000, 0.000, 2.350, 0, 0 
153357, 925836639, 0.000, 0.000, -454.994, 250.000, 0.000, 2.350, 0, 0 
153357, 927353369, 0.000, 0.000, -454.994, 250.000, 0.000, 2.350, 0, 0 
153357, 928914299, 0.000, 0.000, -454.994, 250.000, 0.000, 2.350, 0, 0 
153357, 930427062, 0.000, 0.000, -454.981, 250.000, 0.000, 2.350, 0, 0 
153357, 931939176, 0.000, 0.000, -454.994, 250.000, 0.000, 2.350, 0, 0 
153357, 933487921, 0.000, 0.000, -454.981, 250.000, 0.000, 2.350, 0, 0 
153357, 935015222, 0.000, 0.000, -454.981, 250.000, 0.000, 2.350, 0, 0 
153357, 936590695, 0.000, 0.000, -454.981, 250.000, 0.000, 2.350, 0, 0 
153357, 938168624, 0.000, 0.000, -454.967, 250.000, 0.000, 2.350, 0, 0 
153357, 939753905, 0.000, 0.000, -454.994, 250.000, 0.000, 2.350, 0, 0 
153357, 941268463, 0.000, 0.000, -454.994, 250.000, 0.000, 2.350, 0, 0 
153357, 942781748, 0.000, 0.000, -454.981, 250.000, 0.000, 2.350, 0, 0 
153357, 944295820, 0.000, 0.000, -454.967, 250.000, 0.000, 2.350, 0, 0 
153357, 945810691, 0.000, 0.000, -454.967, 250.000, 0.000, 2.350, 0, 0 
153357, 947373665, 0.000, 0.000, -454.994, 250.000, 0.000, 2.350, 0, 0 
153357, 948995190, 0.000, 0.000, -454.981, 250.000, 0.000, 2.350, 0, 0 
153357, 950560628, 0.000, 0.000, -454.981, 250.000, 0.000, 2.350, 0, 0 
153357, 952077937, 0.000, 0.000, -454.981, 250.000, 0.000, 2.350, 0, 0 
153357, 953635920, 0.000, 0.000, -454.994, 250.000, 0.000, 2.350, 0, 0 
153357, 955154973, 0.000, 0.000, -454.994, 250.000, 0.000, 2.350, 0, 0 
153357, 956668650, 0.000, 0.000, -454.981, 250.000, 0.000, 2.350, 0, 0 
153357, 958231297, 0.000, 0.000, -454.994, 250.000, 0.000, 2.350, 0, 0 
153357, 959780280, 0.000, 0.000, -454.981, 250.000, 0.000, 2.350, 0, 0 
153357, 961314978, 0.000, 0.000, -454.994, 250.000, 0.000, 2.350, 0, 0 
153357, 962895458, 0.000, 0.000, -454.981, 250.000, 0.000, 2.350, 0, 0 
153357, 964517753, 0.000, 0.000, -454.981, 250.000, 0.000, 2.350, 0, 0 
153357, 966082009, 0.000, 0.000, -454.981, 250.000, 0.000, 2.350, 0, 0 
153357, 967683489, 0.000, 0.000, -454.981, 250.000, 0.000, 2.350, 0, 0 
153357, 969202525, 0.000, 0.000, -454.981, 250.000, 0.000, 2.350, 0, 0 
153357, 970715925, 0.000, 0.000, -454.994, 250.000, 0.000, 2.350, 0, 0 
153357, 972231432, 0.000, 0.000, -454.981, 250.000, 0.000, 2.350, 0, 0 
153357, 973744488, 0.000, 0.000, -454.981, 250.000, 0.000, 2.350, 0, 0 
153357, 975256989, 0.000, 0.000, -454.981, 250.000, 0.000, 2.350, 0, 0 
153357, 976770212, 0.000, 0.000, -454.994, 250.000, 0.000, 2.350, 0, 0 
153357, 978331879, 0.000, 0.000, -454.994, 250.000, 0.000, 2.350, 0, 0 
153357, 979941061, 0.000, 0.000, -454.967, 250.000, 0.000, 2.350, 0, 0 
153357, 981457171, 0.000, 0.000, -454.981, 250.000, 0.000, 2.350, 0, 0 
153357, 983041504, 0.000, 0.000, -454.994, 250.000, 0.000, 2.350, 0, 0 
153357, 984625577, 0.000, 0.000, -454.981, 250.000, 0.000, 2.350, 0, 0 
153357, 986212040, 0.000, 0.000, -454.994, 250.000, 0.000, 2.350, 0, 0 
153357, 987796285, 0.000, 0.000, -454.981, 250.000, 0.000, 2.350, 0, 0 
153357, 989379599, 0.000, 0.000, -454.981, 250.000, 0.000, 2.350, 0, 0 
153357, 990964610, 0.000, 0.000, -454.981, 250.000, 0.000, 2.350, 0, 0 
153357, 992534942, 0.000, 0.000, -454.967, 250.000, 0.000, 2.350, 0, 0 
153357, 994195794, 0.000, 0.000, -454.994, 250.000, 0.000, 2.350, 0, 0 
153357, 995836311, 0.000, 0.000, -454.994, 250.000, 0.000, 2.350, 0, 0 
153357, 997351734, 0.000, 0.000, -454.981, 250.000, 0.000, 2.350, 0, 0 
153357, 998931478, 0.000, 0.000, -454.994, 250.000, 0.000, 2.350, 0, 0 
153358, 453903, 0.000, 0.000, -454.981, 250.000, 0.000, 2.350, 0, 0 
153358, 2033035, 0.000, 0.000, -454.981, 250.000, 0.000, 2.350, 0, 0 
153358, 3617932, 0.000, 0.000, -454.994, 250.000, 0.000, 2.350, 0, 0 
153358, 5135759, 0.000, 0.000, -454.994, 250.000, 0.000, 2.350, 0, 0 
153358, 6650807, 0.000, 0.000, -454.994, 250.000, 0.000, 2.350, 0, 0 
153358, 8171630, 0.000, 0.000, -454.994, 250.000, 0.000, 2.350, 0, 0 
153358, 9690161, 0.000, 0.000, -454.994, 250.000, 0.000, 2.350, 0, 0 
153358, 11316385, 0.000, 0.000, -454.967, 250.000, 0.000, 2.350, 0, 0 
153358, 12832770, 0.000, 0.000, -454.967, 250.000, 0.000, 2.350, 0, 0 
153358, 14352574, 0.000, 0.000, -454.967, 250.000, 0.000, 2.350, 0, 0 
153358, 15937921, 0.000, 0.000, -454.981, 250.000, 0.000, 2.350, 0, 0 
153358, 17502786, 0.000, 0.000, -454.967, 250.000, 0.000, 2.350, 0, 0 
153358, 19031493, 0.000, 0.000, -454.967, 250.000, 0.000, 2.350, 0, 0 
153358, 20546523, 0.000, 0.000, -454.981, 250.000, 0.000, 2.350, 0, 0 
153358, 22059395, 0.000, 0.000, -454.994, 250.000, 0.000, 2.350, 0, 0 
153358, 23579132, 0.000, 0.000, -454.967, 250.000, 0.000, 2.350, 0, 0 
153358, 25102452, 0.000, 0.000, -454.967, 250.000, 0.000, 2.350, 0, 0 
153358, 26673920, 0.000, 0.000, -454.981, 250.000, 0.000, 2.350, 0, 0 
153358, 28192110, 0.000, 0.000, -454.994, 250.000, 0.000, 2.350, 0, 0 
153358, 29775687, 0.000, 0.000, -454.981, 250.000, 0.000, 2.350, 0, 0 
153358, 31352283, 0.000, 0.000, -454.981, 250.000, 0.000, 2.350, 0, 0 
153358, 32909432, 0.000, 0.000, -454.981, 250.000, 0.000, 2.350, 0, 0 
153358, 34482906, 0.000, 0.000, -454.994, 250.000, 0.000, 2.350, 0, 0 
153358, 36068969, 0.000, 0.000, -454.994, 250.000, 0.000, 2.350, 0, 0 
153358, 37648500, 0.000, 0.000, -454.981, 250.000, 0.000, 2.350, 0, 0 
153358, 39172345, 0.000, 0.000, -454.994, 250.000, 0.000, 2.350, 0, 0 
153358, 40690479, 0.000, 0.000, -454.981, 250.000, 0.000, 2.350, 0, 0 
153358, 42283110, 0.000, 0.000, -454.981, 250.000, 0.000, 2.350, 0, 0 
153358, 43799778, 0.000, 0.000, -454.994, 250.000, 0.000, 2.350, 0, 0 
153358, 45318334, 0.000, 0.000, -454.967, 250.000, 0.000, 2.350, 0, 0 
153358, 46833729, 0.000, 0.000, -454.967, 250.000, 0.000, 2.350, 0, 0 
153358, 48347943, 0.000, 0.000, -454.967, 250.000, 0.000, 2.350, 0, 0 
153358, 49873193, 0.000, 0.000, -454.994, 250.000, 0.000, 2.350, 0, 0 
153358, 51419944, 0.000, 0.000, -454.981, 250.000, 0.000, 2.350, 0, 0 
153358, 53005696, 0.000, 0.000, -454.981, 250.000, 0.000, 2.350, 0, 0 
153358, 54590384, 0.000, 0.000, -454.981, 250.000, 0.000, 2.350, 0, 0 
153358, 56111600, 0.000, 0.000, -454.981, 250.000, 0.000, 2.350, 0, 0 
153358, 57666023, 0.000, 0.000, -454.981, 250.000, 0.000, 2.350, 0, 0 
153358, 59189897, 0.000, 0.000, -454.981, 250.000, 0.000, 2.350, 0, 0 
153358, 60713751, 0.000, 0.000, -454.981, 250.000, 0.000, 2.350, 0, 0 
153358, 62296388, 0.000, 0.000, -454.994, 250.000, 0.000, 2.350, 0, 0 
153358, 63814486, 0.000, 0.000, -454.981, 250.000, 0.000, 2.350, 0, 0 
153358, 65393729, 0.000, 0.000, -454.994, 250.000, 0.000, 2.350, 0, 0 
153358, 66910083, 0.000, 0.000, -454.994, 250.000, 0.000, 2.350, 0, 0 
153358, 68471272, 0.000, 0.000, -454.994, 250.000, 0.000, 2.350, 0, 0 
153358, 70053646, 0.000, 0.000, -454.994, 250.000, 0.000, 2.350, 0, 0 
153358, 71569997, 0.000, 0.000, -454.981, 250.000, 0.000, 2.350, 0, 0 
153358, 73179539, 0.000, 0.000, -454.981, 250.000, 0.000, 2.350, 0, 0 
153358, 74699680, 0.000, 0.000, -454.981, 250.000, 0.000, 2.350, 0, 0 
153358, 76214191, 0.000, 0.000, -454.981, 250.000, 0.000, 2.350, 0, 0 
153358, 77799714, 0.000, 0.000, -454.994, 250.000, 0.000, 2.350, 0, 0 
153358, 79384146, 0.000, 0.000, -454.981, 250.000, 0.000, 2.350, 0, 0 
153358, 80972646, 0.000, 0.000, -454.994, 250.000, 0.000, 2.350, 0, 0 
153358, 82553887, 0.000, 0.000, -454.981, 250.000, 0.000, 2.350, 0, 0 
153358, 84075839, 0.000, 0.000, -454.981, 250.000, 0.000, 2.350, 0, 0 
153358, 85637038, 0.000, 0.000, -454.994, 250.000, 0.000, 2.350, 0, 0 
153358, 87182762, 0.000, 0.000, -454.981, 250.000, 0.000, 2.350, 0, 0 
153358, 88740580, 0.000, 0.000, -454.981, 250.000, 0.000, 2.350, 0, 0 
153358, 90342358, 0.000, 0.000, -454.981, 250.000, 0.000, 2.350, 0, 0 
153358, 91869502, 0.000, 0.000, -454.981, 250.000, 0.000, 2.350, 0, 0 
153358, 93391484, 0.000, 0.000, -454.981, 250.000, 0.000, 2.350, 0, 0 
153358, 94906316, 0.000, 0.000, -454.981, 250.000, 0.000, 2.350, 0, 0 
153358, 96423314, 0.000, 0.000, -454.981, 250.000, 0.000, 2.350, 0, 0 
153358, 97937688, 0.000, 0.000, -454.981, 250.000, 0.000, 2.350, 0, 0 
153358, 99451085, 0.000, 0.000, -454.981, 250.000, 0.000, 2.350, 0, 0 
153358, 100964665, 0.000, 0.000, -454.967, 250.000, 0.000, 2.350, 0, 0 
153358, 102478095, 0.000, 0.000, -454.994, 250.000, 0.000, 2.350, 0, 0 
153358, 104069435, 0.000, 0.000, -454.994, 250.000, 0.000, 2.350, 0, 0 
153358, 105587237, 0.000, 0.000, -454.994, 250.000, 0.000, 2.350, 0, 0 
153358, 107105570, 0.000, 0.000, -454.994, 250.000, 0.000, 2.350, 0, 0 
153358, 108622719, 0.000, 0.000, -454.981, 250.000, 0.000, 2.350, 0, 0 
153358, 110161054, 0.000, 0.000, -454.994, 250.000, 0.000, 2.350, 0, 0 
153358, 111748010, 0.000, 0.000, -454.967, 250.000, 0.000, 2.350, 0, 0 
153358, 113333008, 0.000, 0.000, -454.981, 250.000, 0.000, 2.350, 0, 0 
153358, 114917716, 0.000, 0.000, -454.981, 250.000, 0.000, 2.350, 0, 0 
153358, 116501445, 0.000, 0.000, -454.967, 250.000, 0.000, 2.350, 0, 0 
153358, 118086310, 0.000, 0.000, -454.967, 250.000, 0.000, 2.350, 0, 0 
153358, 119713679, 0.000, 0.000, -454.981, 250.000, 0.000, 2.350, 0, 0 
153358, 121277817, 0.000, 0.000, -454.994, 250.000, 0.000, 2.350, 0, 0 
153358, 122844301, 0.000, 0.000, -454.994, 250.000, 0.000, 2.350, 0, 0 
153358, 124426805, 0.000, 0.000, -454.967, 250.000, 0.000, 2.350, 0, 0 
153358, 125945799, 0.000, 0.000, -454.981, 250.000, 0.000, 2.350, 0, 0 
153358, 127476544, 0.000, 0.000, -454.981, 250.000, 0.000, 2.350, 0, 0 
153358, 128991960, 0.000, 0.000, -454.981, 250.000, 0.000, 2.350, 0, 0 
153358, 130505436, 0.000, 0.000, -454.981, 250.000, 0.000, 2.350, 0, 0 
153358, 132021977, 0.000, 0.000, -454.994, 250.000, 0.000, 2.350, 0, 0 
153358, 133534477, 0.000, 0.000, -454.981, 250.000, 0.000, 2.350, 0, 0 
153358, 135075660, 0.000, 0.000, -454.967, 250.000, 0.000, 2.350, 0, 0 
153358, 136589811, 0.000, 0.000, -454.967, 250.000, 0.000, 2.350, 0, 0 
153358, 138103154, 0.000, 0.000, -454.981, 250.000, 0.000, 2.350, 0, 0 
153358, 139622498, 0.000, 0.000, -454.994, 250.000, 0.000, 2.350, 0, 0 
153358, 141137800, 0.000, 0.000, -454.981, 250.000, 0.000, 2.350, 0, 0 
153358, 142709072, 0.000, 0.000, -454.981, 250.000, 0.000, 2.350, 0, 0 
153358, 144308113, 0.000, 0.000, -454.994, 250.000, 0.000, 2.350, 0, 0 
153358, 145892127, 0.000, 0.000, -454.981, 250.000, 0.000, 2.350, 0, 0 
153358, 147452671, 0.000, 0.000, -454.967, 250.000, 0.000, 2.350, 0, 0 
153358, 148967070, 0.000, 0.000, -454.967, 250.000, 0.000, 2.350, 0, 0 
153358, 150508398, 0.000, 0.000, -454.967, 250.000, 0.000, 2.350, 0, 0 
153358, 152025269, 0.000, 0.000, -454.981, 250.000, 0.000, 2.350, 0, 0 
153358, 153537973, 0.000, 0.000, -454.967, 250.000, 0.000, 2.350, 0, 0 
153358, 155050731, 0.000, 0.000, -454.994, 250.000, 0.000, 2.350, 0, 0 
153358, 156616395, 0.000, 0.000, -454.967, 250.000, 0.000, 2.350, 0, 0 
153358, 158144478, 0.000, 0.000, -454.994, 250.000, 0.000, 2.350, 0, 0 
153358, 159668706, 0.000, 0.000, -454.994, 250.000, 0.000, 2.350, 0, 0 
153358, 161190103, 0.000, 0.000, -454.981, 250.000, 0.000, 2.350, 0, 0 
153358, 162707831, 0.000, 0.000, -454.994, 250.000, 0.000, 2.350, 0, 0 
153358, 164225181, 0.000, 0.000, -454.981, 250.000, 0.000, 2.350, 0, 0 
