Thu Nov 29 11:48:22 2018
Controller Frequency: 1.50 kHz
Time(s), Time(ns), x, v, f, xdes, vdes, cmd, LSB, LSF
154442, 980564933, 0.000, 0.000, -454.967, 250.000, 0.000, 2.350, 0, 0 
154442, 982092763, 0.001, inf, -454.981, 250.000, 0.000, -nan, 0, 0 
154442, 983618860, 0.001, -nan, -454.967, 250.000, 0.000, -nan, 0, 0 
154442, 985140442, 0.001, -nan, -454.981, 250.000, 0.000, -nan, 0, 0 
154442, 986663127, 0.002, inf, -454.981, 250.000, 0.000, -nan, 0, 0 
154442, 988186600, 0.002, -nan, -454.981, 250.000, 0.000, -nan, 0, 0 
154442, 989707540, 0.003, inf, -454.967, 250.000, 0.000, -nan, 0, 0 
154442, 991226085, 0.003, -nan, -454.967, 250.000, 0.000, -nan, 0, 0 
154442, 992754658, 0.003, -nan, -454.981, 250.000, 0.000, -nan, 0, 0 
154442, 994284419, 0.005, inf, -454.994, 250.000, 0.000, -nan, 0, 0 
154442, 995874064, 0.005, -nan, -454.981, 250.000, 0.000, -nan, 0, 0 
154442, 997397417, 0.005, -nan, -454.981, 250.000, 0.000, -nan, 0, 0 
154442, 998929835, 0.006, inf, -454.967, 250.000, 0.000, -nan, 0, 0 
154443, 570192, 0.006, 0.000, -454.994, 250.000, 0.000, 2.350, 0, 0 
154443, 2099877, 0.007, inf, -454.967, 250.000, 0.000, -nan, 0, 0 
154443, 3618993, 0.008, inf, -454.981, 250.000, 0.000, -nan, 0, 0 
154443, 5137548, 0.008, -nan, -454.981, 250.000, 0.000, -nan, 0, 0 
154443, 6654366, 0.009, inf, -454.967, 250.000, 0.000, -nan, 0, 0 
154443, 8173386, 0.009, -nan, -454.981, 250.000, 0.000, -nan, 0, 0 
154443, 9689057, 0.010, inf, -454.981, 250.000, 0.000, -nan, 0, 0 
154443, 11260658, 0.011, inf, -454.981, 250.000, 0.000, -nan, 0, 0 
154443, 12778589, 0.011, -nan, -454.994, 250.000, 0.000, -nan, 0, 0 
154443, 14296064, 0.013, inf, -454.981, 250.000, 0.000, -nan, 0, 0 
154443, 15810856, 0.013, -nan, -454.981, 250.000, 0.000, -nan, 0, 0 
154443, 17325878, 0.013, -nan, -454.981, 250.000, 0.000, -nan, 0, 0 
154443, 18840986, 0.014, inf, -454.981, 250.000, 0.000, -nan, 0, 0 
154443, 20357523, 0.014, -nan, -454.967, 250.000, 0.000, -nan, 0, 0 
154443, 21872173, 0.015, inf, -454.981, 250.000, 0.000, -nan, 0, 0 
154443, 23386320, 0.015, -nan, -454.967, 250.000, 0.000, -nan, 0, 0 
154443, 24900510, 0.015, -nan, -454.981, 250.000, 0.000, -nan, 0, 0 
154443, 26441044, 0.016, inf, -454.981, 250.000, 0.000, -nan, 0, 0 
154443, 27950433, 0.016, -nan, -454.981, 250.000, 0.000, -nan, 0, 0 
154443, 29504935, 0.017, inf, -454.981, 250.000, 0.000, -nan, 0, 0 
154443, 31013119, 0.017, -nan, -454.981, 250.000, 0.000, -nan, 0, 0 
154443, 32520871, 0.017, -nan, -454.981, 250.000, 0.000, -nan, 0, 0 
154443, 34089852, 0.018, inf, -454.994, 250.000, 0.000, -nan, 0, 0 
154443, 35638819, 0.018, -nan, -454.967, 250.000, 0.000, -nan, 0, 0 
154443, 37148941, 0.020, inf, -454.981, 250.000, 0.000, -nan, 0, 0 
154443, 38709976, 0.021, inf, -454.994, 250.000, 0.000, -nan, 0, 0 
154443, 40215951, 0.021, -nan, -454.981, 250.000, 0.000, -nan, 0, 0 
154443, 41776541, 0.022, inf, -454.981, 250.000, 0.000, -nan, 0, 0 
154443, 43281861, 0.022, -nan, -454.994, 250.000, 0.000, -nan, 0, 0 
154443, 44787136, 0.023, inf, -454.981, 250.000, 0.000, -nan, 0, 0 
154443, 46291280, 0.023, -nan, -454.981, 250.000, 0.000, -nan, 0, 0 
154443, 47801466, 0.023, -nan, -454.981, 250.000, 0.000, -nan, 0, 0 
154443, 49381200, 0.024, inf, -454.981, 250.000, 0.000, -nan, 0, 0 
154443, 50885832, 0.024, -nan, -454.994, 250.000, 0.000, -nan, 0, 0 
154443, 52391342, 0.025, inf, -454.981, 250.000, 0.000, -nan, 0, 0 
154443, 53895319, 0.026, inf, -454.967, 250.000, 0.000, -nan, 0, 0 
154443, 55424949, 0.026, -nan, -454.981, 250.000, 0.000, -nan, 0, 0 
154443, 56960906, 0.028, inf, -454.981, 250.000, 0.000, -nan, 0, 0 
154443, 58558062, 0.028, -nan, -454.981, 250.000, 0.000, -nan, 0, 0 
154443, 60114601, 0.029, inf, -454.981, 250.000, 0.000, -nan, 0, 0 
154443, 61713379, 0.030, inf, -454.994, 250.000, 0.000, -nan, 0, 0 
154443, 63311922, 0.030, -nan, -454.994, 250.000, 0.000, -nan, 0, 0 
154443, 64911757, 0.031, inf, -454.981, 250.000, 0.000, -nan, 0, 0 
154443, 66519622, 0.032, inf, -454.994, 250.000, 0.000, -nan, 0, 0 
154443, 68113949, 0.032, -nan, -454.994, 250.000, 0.000, -nan, 0, 0 
154443, 69619288, 0.033, inf, -454.981, 250.000, 0.000, -nan, 0, 0 
154443, 71124823, 0.034, inf, -454.981, 250.000, 0.000, -nan, 0, 0 
154443, 72672302, 0.036, inf, -454.967, 250.000, 0.000, -nan, 0, 0 
154443, 74260636, 0.037, inf, -454.967, 250.000, 0.000, -nan, 0, 0 
154443, 75859672, 0.037, -nan, -454.981, 250.000, 0.000, -nan, 0, 0 
154443, 77457894, 0.038, inf, -454.967, 250.000, 0.000, -nan, 0, 0 
154443, 79056710, 0.038, -nan, -454.967, 250.000, 0.000, -nan, 0, 0 
154443, 80653705, 0.038, -nan, -454.967, 250.000, 0.000, -nan, 0, 0 
154443, 82254376, 0.039, inf, -454.967, 250.000, 0.000, -nan, 0, 0 
154443, 83758498, 0.039, -nan, -454.967, 250.000, 0.000, -nan, 0, 0 
154443, 85373394, 0.040, inf, -454.981, 250.000, 0.000, -nan, 0, 0 
154443, 86984750, 0.041, inf, -454.981, 250.000, 0.000, -nan, 0, 0 
154443, 88592757, 0.041, -nan, -454.981, 250.000, 0.000, -nan, 0, 0 
154443, 90201321, 0.043, inf, -454.994, 250.000, 0.000, -nan, 0, 0 
154443, 91800574, 0.043, -nan, -454.967, 250.000, 0.000, -nan, 0, 0 
154443, 93400254, 0.043, -nan, -454.967, 250.000, 0.000, -nan, 0, 0 
154443, 95003301, 0.044, inf, -454.994, 250.000, 0.000, -nan, 0, 0 
154443, 96577613, 0.044, -nan, -454.981, 250.000, 0.000, -nan, 0, 0 
154443, 98175024, 0.045, inf, -454.994, 250.000, 0.000, -nan, 0, 0 
154443, 99682554, 0.045, -nan, -454.981, 250.000, 0.000, -nan, 0, 0 
154443, 101191142, 0.046, inf, -454.967, 250.000, 0.000, -nan, 0, 0 
154443, 102775247, 0.047, inf, -454.994, 250.000, 0.000, -nan, 0, 0 
154443, 104298335, 0.047, -nan, -454.967, 250.000, 0.000, -nan, 0, 0 
154443, 105864488, 0.048, inf, -454.981, 250.000, 0.000, -nan, 0, 0 
154443, 107464380, 0.048, -nan, -454.981, 250.000, 0.000, -nan, 0, 0 
154443, 109064294, 0.049, inf, -454.967, 250.000, 0.000, -nan, 0, 0 
154443, 110642373, 0.049, -nan, -454.967, 250.000, 0.000, -nan, 0, 0 
154443, 112229382, 0.051, inf, -454.981, 250.000, 0.000, -nan, 0, 0 
154443, 113814934, 0.052, inf, -454.981, 250.000, 0.000, -nan, 0, 0 
154443, 115397917, 0.052, -nan, -454.981, 250.000, 0.000, -nan, 0, 0 
154443, 116912034, 0.053, inf, -454.981, 250.000, 0.000, -nan, 0, 0 
154443, 118512866, 0.053, -nan, -455.008, 250.000, 0.000, -nan, 0, 0 
154443, 120156954, 0.054, inf, -454.981, 250.000, 0.000, -nan, 0, 0 
154443, 121675723, 0.054, -nan, -454.981, 250.000, 0.000, -nan, 0, 0 
154443, 123194224, 0.055, inf, -454.967, 250.000, 0.000, -nan, 0, 0 
154443, 124706565, 0.055, -nan, -454.981, 250.000, 0.000, -nan, 0, 0 
154443, 126219172, 0.056, inf, -454.981, 250.000, 0.000, -nan, 0, 0 
154443, 127817463, 0.056, -nan, -454.981, 250.000, 0.000, -nan, 0, 0 
154443, 129400301, 0.057, inf, -454.981, 250.000, 0.000, -nan, 0, 0 
154443, 130920072, 0.059, inf, -454.981, 250.000, 0.000, -nan, 0, 0 
154443, 132436734, 0.060, inf, -454.981, 250.000, 0.000, -nan, 0, 0 
154443, 133952486, 0.060, -nan, -454.981, 250.000, 0.000, -nan, 0, 0 
154443, 135587043, 0.060, -nan, -454.981, 250.000, 0.000, -nan, 0, 0 
154443, 137110334, 0.061, inf, -454.967, 250.000, 0.000, -nan, 0, 0 
154443, 138639958, 0.061, -nan, -454.967, 250.000, 0.000, -nan, 0, 0 
154443, 140220093, 0.062, inf, -454.994, 250.000, 0.000, -nan, 0, 0 
154443, 141801276, 0.062, -nan, -454.994, 250.000, 0.000, -nan, 0, 0 
154443, 143314339, 0.063, inf, -454.994, 250.000, 0.000, -nan, 0, 0 
154443, 144827191, 0.063, -nan, -454.981, 250.000, 0.000, -nan, 0, 0 
154443, 146339361, 0.063, -nan, -454.981, 250.000, 0.000, -nan, 0, 0 
154443, 147851470, 0.064, inf, -454.981, 250.000, 0.000, -nan, 0, 0 
154443, 149363225, 0.064, -nan, -454.981, 250.000, 0.000, -nan, 0, 0 
154443, 150977948, 0.066, inf, -454.994, 250.000, 0.000, -nan, 0, 0 
154443, 152493417, 0.066, -nan, -454.981, 250.000, 0.000, -nan, 0, 0 
154443, 154006032, 0.067, inf, -454.981, 250.000, 0.000, -nan, 0, 0 
154443, 155518308, 0.067, -nan, -454.994, 250.000, 0.000, -nan, 0, 0 
154443, 157117233, 0.068, inf, -454.967, 250.000, 0.000, -nan, 0, 0 
154443, 158697677, 0.068, -nan, -454.981, 250.000, 0.000, -nan, 0, 0 
154443, 160278349, 0.069, inf, -454.981, 250.000, 0.000, -nan, 0, 0 
154443, 161797469, 0.069, -nan, -454.981, 250.000, 0.000, -nan, 0, 0 
154443, 163316352, 0.070, inf, -454.981, 250.000, 0.000, -nan, 0, 0 
154443, 164832126, 0.070, -nan, -454.981, 250.000, 0.000, -nan, 0, 0 
154443, 166468495, 0.071, inf, -454.981, 250.000, 0.000, -nan, 0, 0 
154443, 168043319, 0.071, -nan, -454.994, 250.000, 0.000, -nan, 0, 0 
154443, 169561476, 0.072, inf, -454.981, 250.000, 0.000, -nan, 0, 0 
154443, 171077173, 0.072, -nan, -454.967, 250.000, 0.000, -nan, 0, 0 
154443, 172594604, 0.074, inf, -454.981, 250.000, 0.000, -nan, 0, 0 
154443, 174113704, 0.075, inf, -454.981, 250.000, 0.000, -nan, 0, 0 
154443, 175636410, 0.075, -nan, -454.981, 250.000, 0.000, -nan, 0, 0 
154443, 177215188, 0.076, inf, -454.967, 250.000, 0.000, -nan, 0, 0 
154443, 178730662, 0.076, -nan, -454.981, 250.000, 0.000, -nan, 0, 0 
154443, 180245699, 0.077, inf, -454.994, 250.000, 0.000, -nan, 0, 0 
154443, 181787309, 0.077, -nan, -454.967, 250.000, 0.000, -nan, 0, 0 
154443, 183315998, 0.078, inf, -454.994, 250.000, 0.000, -nan, 0, 0 
154443, 184898215, 0.078, -nan, -454.981, 250.000, 0.000, -nan, 0, 0 
154443, 186479831, 0.079, inf, -454.967, 250.000, 0.000, -nan, 0, 0 
154443, 188020260, 0.080, inf, -454.981, 250.000, 0.000, -nan, 0, 0 
154443, 189545154, 0.080, -nan, -454.981, 250.000, 0.000, -nan, 0, 0 
154443, 191106226, 0.082, inf, -454.981, 250.000, 0.000, -nan, 0, 0 
154443, 192620704, 0.082, -nan, -454.981, 250.000, 0.000, -nan, 0, 0 
154443, 194133623, 0.083, inf, -454.967, 250.000, 0.000, -nan, 0, 0 
154443, 195657715, 0.083, -nan, -454.981, 250.000, 0.000, -nan, 0, 0 
154443, 197255741, 0.084, inf, -454.981, 250.000, 0.000, -nan, 0, 0 
154443, 198788543, 0.084, -nan, -454.981, 250.000, 0.000, -nan, 0, 0 
154443, 200301351, 0.084, -nan, -454.981, 250.000, 0.000, -nan, 0, 0 
154443, 201886011, 0.085, inf, -454.981, 250.000, 0.000, -nan, 0, 0 
154443, 203448302, 0.085, -nan, -454.994, 250.000, 0.000, -nan, 0, 0 
154443, 204972514, 0.086, inf, -454.981, 250.000, 0.000, -nan, 0, 0 
154443, 206486707, 0.086, -nan, -454.967, 250.000, 0.000, -nan, 0, 0 
154443, 208052887, 0.086, -nan, -454.967, 250.000, 0.000, -nan, 0, 0 
154443, 209610361, 0.087, inf, -454.994, 250.000, 0.000, -nan, 0, 0 
154443, 211166943, 0.087, -nan, -454.967, 250.000, 0.000, -nan, 0, 0 
154443, 212726767, 0.089, inf, -454.967, 250.000, 0.000, -nan, 0, 0 
154443, 214242772, 0.089, -nan, -454.981, 250.000, 0.000, -nan, 0, 0 
154443, 215755960, 0.090, inf, -454.981, 250.000, 0.000, -nan, 0, 0 
154443, 217292992, 0.091, inf, -454.981, 250.000, 0.000, -nan, 0, 0 
154443, 218880133, 0.091, -nan, -454.967, 250.000, 0.000, -nan, 0, 0 
154443, 220455883, 0.092, inf, -454.967, 250.000, 0.000, -nan, 0, 0 
154443, 221970264, 0.092, -nan, -454.981, 250.000, 0.000, -nan, 0, 0 
154443, 223483279, 0.092, -nan, -454.967, 250.000, 0.000, -nan, 0, 0 
154443, 224995999, 0.093, inf, -454.981, 250.000, 0.000, -nan, 0, 0 
154443, 226520450, 0.093, -nan, -454.994, 250.000, 0.000, -nan, 0, 0 
154443, 228092491, 0.094, inf, -454.981, 250.000, 0.000, -nan, 0, 0 
154443, 229658496, 0.094, -nan, -454.994, 250.000, 0.000, -nan, 0, 0 
154443, 231227867, 0.094, -nan, -454.967, 250.000, 0.000, -nan, 0, 0 
154443, 232742652, 0.095, inf, -454.981, 250.000, 0.000, -nan, 0, 0 
154443, 234256514, 0.095, -nan, -454.994, 250.000, 0.000, -nan, 0, 0 
154443, 235769534, 0.097, inf, -454.981, 250.000, 0.000, -nan, 0, 0 
154443, 237294664, 0.097, -nan, -454.981, 250.000, 0.000, -nan, 0, 0 
154443, 238816586, 0.097, -nan, -454.967, 250.000, 0.000, -nan, 0, 0 
154443, 240332675, 0.098, inf, -454.967, 250.000, 0.000, -nan, 0, 0 
154443, 241908205, 0.098, -nan, -454.981, 250.000, 0.000, -nan, 0, 0 
154443, 243525471, 0.099, inf, -454.981, 250.000, 0.000, -nan, 0, 0 
154443, 245104414, 0.100, inf, -454.967, 250.000, 0.000, -nan, 0, 0 
154443, 246683368, 0.100, -nan, -454.981, 250.000, 0.000, -nan, 0, 0 
154443, 248243591, 0.101, inf, -454.981, 250.000, 0.000, -nan, 0, 0 
154443, 249758393, 0.102, inf, -454.981, 250.000, 0.000, -nan, 0, 0 
154443, 251275133, 0.102, -nan, -454.981, 250.000, 0.000, -nan, 0, 0 
154443, 252859456, 0.103, inf, -454.967, 250.000, 0.000, -nan, 0, 0 
154443, 254375954, 0.103, -nan, -454.981, 250.000, 0.000, -nan, 0, 0 
154443, 255897191, 0.103, -nan, -454.981, 250.000, 0.000, -nan, 0, 0 
154443, 257437608, 0.105, inf, -454.967, 250.000, 0.000, -nan, 0, 0 
154443, 259007441, 0.105, -nan, -454.994, 250.000, 0.000, -nan, 0, 0 
154443, 260592452, 0.105, -nan, -454.981, 250.000, 0.000, -nan, 0, 0 
154443, 262176337, 0.106, inf, -454.981, 250.000, 0.000, -nan, 0, 0 
154443, 263763420, 0.106, -nan, -454.981, 250.000, 0.000, -nan, 0, 0 
154443, 265348300, 0.107, inf, -454.981, 250.000, 0.000, -nan, 0, 0 
154443, 266909305, 0.108, inf, -454.967, 250.000, 0.000, -nan, 0, 0 
154443, 268493671, 0.108, -nan, -454.981, 250.000, 0.000, -nan, 0, 0 
154443, 270080072, 0.109, inf, -454.981, 250.000, 0.000, -nan, 0, 0 
154443, 271595800, 0.109, -nan, -454.994, 250.000, 0.000, -nan, 0, 0 
154443, 273112295, 0.109, -nan, -454.981, 250.000, 0.000, -nan, 0, 0 
154443, 274680188, 0.110, inf, -454.981, 250.000, 0.000, -nan, 0, 0 
154443, 276199937, 0.110, -nan, -454.981, 250.000, 0.000, -nan, 0, 0 
154443, 277712687, 0.110, -nan, -454.967, 250.000, 0.000, -nan, 0, 0 
154443, 279225019, 0.112, inf, -454.994, 250.000, 0.000, -nan, 0, 0 
154443, 280737555, 0.112, -nan, -454.981, 250.000, 0.000, -nan, 0, 0 
154443, 282256236, 0.112, -nan, -454.981, 250.000, 0.000, -nan, 0, 0 
154443, 283769432, 0.113, inf, -454.994, 250.000, 0.000, -nan, 0, 0 
154443, 285377805, 0.113, -nan, -454.967, 250.000, 0.000, -nan, 0, 0 
154443, 286893019, 0.113, -nan, -454.981, 250.000, 0.000, -nan, 0, 0 
154443, 288406178, 0.114, inf, -454.994, 250.000, 0.000, -nan, 0, 0 
154443, 289966596, 0.114, -nan, -454.981, 250.000, 0.000, -nan, 0, 0 
154443, 291482471, 0.114, -nan, -454.994, 250.000, 0.000, -nan, 0, 0 
154443, 293091238, 0.115, inf, -454.981, 250.000, 0.000, -nan, 0, 0 
154443, 294675968, 0.115, -nan, -454.981, 250.000, 0.000, -nan, 0, 0 
154443, 296233129, 0.116, inf, -454.967, 250.000, 0.000, -nan, 0, 0 
154443, 297746108, 0.117, inf, -454.967, 250.000, 0.000, -nan, 0, 0 
154443, 299258946, 0.117, -nan, -454.994, 250.000, 0.000, -nan, 0, 0 
154443, 300786260, 0.117, -nan, -454.967, 250.000, 0.000, -nan, 0, 0 
154443, 302369292, 0.118, inf, -454.994, 250.000, 0.000, -nan, 0, 0 
154443, 303886953, 0.118, -nan, -454.994, 250.000, 0.000, -nan, 0, 0 
154443, 305437331, 0.120, inf, -454.981, 250.000, 0.000, -nan, 0, 0 
154443, 307024268, 0.120, -nan, -454.981, 250.000, 0.000, -nan, 0, 0 
154443, 308556305, 0.120, -nan, -454.994, 250.000, 0.000, -nan, 0, 0 
154443, 310070869, 0.121, inf, -454.967, 250.000, 0.000, -nan, 0, 0 
154443, 311583853, 0.122, inf, -454.994, 250.000, 0.000, -nan, 0, 0 
154443, 313096525, 0.122, -nan, -454.981, 250.000, 0.000, -nan, 0, 0 
154443, 314609430, 0.123, inf, -454.967, 250.000, 0.000, -nan, 0, 0 
154443, 316125369, 0.124, inf, -454.981, 250.000, 0.000, -nan, 0, 0 
154443, 317675009, 0.124, -nan, -454.994, 250.000, 0.000, -nan, 0, 0 
154443, 319201709, 0.125, inf, -454.994, 250.000, 0.000, -nan, 0, 0 
154443, 320753185, 0.126, inf, -454.994, 250.000, 0.000, -nan, 0, 0 
154443, 322311454, 0.126, -nan, -454.981, 250.000, 0.000, -nan, 0, 0 
154443, 323836903, 0.128, inf, -454.981, 250.000, 0.000, -nan, 0, 0 
154443, 325350042, 0.129, inf, -454.981, 250.000, 0.000, -nan, 0, 0 
154443, 326862815, 0.129, -nan, -454.994, 250.000, 0.000, -nan, 0, 0 
154443, 328377857, 0.130, inf, -454.994, 250.000, 0.000, -nan, 0, 0 
154443, 329889627, 0.131, inf, -454.994, 250.000, 0.000, -nan, 0, 0 
154443, 331401024, 0.131, -nan, -454.981, 250.000, 0.000, -nan, 0, 0 
154443, 332912417, 0.132, inf, -454.994, 250.000, 0.000, -nan, 0, 0 
154443, 334423469, 0.133, inf, -454.981, 250.000, 0.000, -nan, 0, 0 
154443, 335969231, 0.133, -nan, -454.981, 250.000, 0.000, -nan, 0, 0 
154443, 337482391, 0.135, inf, -454.967, 250.000, 0.000, -nan, 0, 0 
154443, 339001012, 0.136, inf, -454.981, 250.000, 0.000, -nan, 0, 0 
154443, 340560320, 0.136, -nan, -454.981, 250.000, 0.000, -nan, 0, 0 
154443, 342137699, 0.137, inf, -454.981, 250.000, 0.000, -nan, 0, 0 
154443, 343714622, 0.137, -nan, -454.981, 250.000, 0.000, -nan, 0, 0 
154443, 345288455, 0.137, -nan, -454.994, 250.000, 0.000, -nan, 0, 0 
154443, 346863761, 0.138, inf, -454.981, 250.000, 0.000, -nan, 0, 0 
154443, 348379675, 0.138, -nan, -454.967, 250.000, 0.000, -nan, 0, 0 
154443, 349891293, 0.138, -nan, -454.994, 250.000, 0.000, -nan, 0, 0 
154443, 351444929, 0.139, inf, -454.981, 250.000, 0.000, -nan, 0, 0 
154443, 352957209, 0.139, -nan, -454.994, 250.000, 0.000, -nan, 0, 0 
154443, 354474941, 0.140, inf, -454.981, 250.000, 0.000, -nan, 0, 0 
154443, 355991469, 0.141, inf, -454.967, 250.000, 0.000, -nan, 0, 0 
154443, 357505096, 0.141, -nan, -454.981, 250.000, 0.000, -nan, 0, 0 
154443, 359083045, 0.143, inf, -454.994, 250.000, 0.000, -nan, 0, 0 
154443, 360623451, 0.144, inf, -454.981, 250.000, 0.000, -nan, 0, 0 
154443, 362180428, 0.144, -nan, -454.981, 250.000, 0.000, -nan, 0, 0 
154443, 363779237, 0.145, inf, -454.981, 250.000, 0.000, -nan, 0, 0 
154443, 365378263, 0.145, -nan, -454.981, 250.000, 0.000, -nan, 0, 0 
154443, 366970975, 0.145, -nan, -454.967, 250.000, 0.000, -nan, 0, 0 
154443, 368515592, 0.146, inf, -454.981, 250.000, 0.000, -nan, 0, 0 
154443, 370098221, 0.146, -nan, -454.981, 250.000, 0.000, -nan, 0, 0 
154443, 371613720, 0.147, inf, -454.981, 250.000, 0.000, -nan, 0, 0 
154443, 373161055, 0.147, -nan, -454.981, 250.000, 0.000, -nan, 0, 0 
154443, 374723892, 0.147, -nan, -454.994, 250.000, 0.000, -nan, 0, 0 
154443, 376304650, 0.148, inf, -454.981, 250.000, 0.000, -nan, 0, 0 
154443, 377877275, 0.148, -nan, -454.981, 250.000, 0.000, -nan, 0, 0 
154443, 379388805, 0.148, -nan, -454.981, 250.000, 0.000, -nan, 0, 0 
154443, 380901601, 0.150, inf, -454.981, 250.000, 0.000, -nan, 0, 0 
154443, 382450013, 0.150, -nan, -454.981, 250.000, 0.000, -nan, 0, 0 
154443, 383961150, 0.151, inf, -454.981, 250.000, 0.000, -nan, 0, 0 
154443, 385482029, 0.152, inf, -454.967, 250.000, 0.000, -nan, 0, 0 
154443, 386998218, 0.152, -nan, -454.981, 250.000, 0.000, -nan, 0, 0 
154443, 388515087, 0.153, inf, -454.981, 250.000, 0.000, -nan, 0, 0 
154443, 390030359, 0.154, inf, -454.981, 250.000, 0.000, -nan, 0, 0 
154443, 391545710, 0.154, -nan, -454.981, 250.000, 0.000, -nan, 0, 0 
154443, 393063452, 0.154, -nan, -454.981, 250.000, 0.000, -nan, 0, 0 
154443, 394578822, 0.155, inf, -454.981, 250.000, 0.000, -nan, 0, 0 
154443, 396094113, 0.155, -nan, -454.981, 250.000, 0.000, -nan, 0, 0 
154443, 397641960, 0.156, inf, -454.981, 250.000, 0.000, -nan, 0, 0 
154443, 399155171, 0.158, inf, -454.981, 250.000, 0.000, -nan, 0, 0 
154443, 400666018, 0.158, -nan, -454.981, 250.000, 0.000, -nan, 0, 0 
154443, 402245826, 0.159, inf, -454.994, 250.000, 0.000, -nan, 0, 0 
154443, 403760377, 0.159, -nan, -454.981, 250.000, 0.000, -nan, 0, 0 
154443, 405276784, 0.159, -nan, -454.967, 250.000, 0.000, -nan, 0, 0 
154443, 406799290, 0.160, inf, -454.981, 250.000, 0.000, -nan, 0, 0 
154443, 408364711, 0.160, -nan, -454.994, 250.000, 0.000, -nan, 0, 0 
154443, 409941572, 0.161, inf, -454.981, 250.000, 0.000, -nan, 0, 0 
154443, 411497300, 0.162, inf, -454.994, 250.000, 0.000, -nan, 0, 0 
154443, 413140443, 0.162, -nan, -454.981, 250.000, 0.000, -nan, 0, 0 
154443, 414653781, 0.163, inf, -454.981, 250.000, 0.000, -nan, 0, 0 
154443, 416166828, 0.163, -nan, -454.981, 250.000, 0.000, -nan, 0, 0 
154443, 417688044, 0.163, -nan, -454.981, 250.000, 0.000, -nan, 0, 0 
154443, 419201561, 0.164, inf, -454.994, 250.000, 0.000, -nan, 0, 0 
154443, 420721263, 0.164, -nan, -454.967, 250.000, 0.000, -nan, 0, 0 
154443, 422245759, 0.166, inf, -454.994, 250.000, 0.000, -nan, 0, 0 
154443, 423787296, 0.166, -nan, -454.994, 250.000, 0.000, -nan, 0, 0 
154443, 425347063, 0.166, -nan, -454.994, 250.000, 0.000, -nan, 0, 0 
154443, 426922919, 0.167, inf, -454.994, 250.000, 0.000, -nan, 0, 0 
154443, 428527370, 0.167, -nan, -454.967, 250.000, 0.000, -nan, 0, 0 
154443, 430043721, 0.168, inf, -454.981, 250.000, 0.000, -nan, 0, 0 
154443, 431555816, 0.169, inf, -454.994, 250.000, 0.000, -nan, 0, 0 
154443, 433067471, 0.169, -nan, -454.981, 250.000, 0.000, -nan, 0, 0 
154443, 434582830, 0.170, inf, -454.967, 250.000, 0.000, -nan, 0, 0 
154443, 436097363, 0.171, inf, -454.967, 250.000, 0.000, -nan, 0, 0 
154443, 437608555, 0.171, -nan, -454.994, 250.000, 0.000, -nan, 0, 0 
154443, 439119630, 0.173, inf, -454.981, 250.000, 0.000, -nan, 0, 0 
154443, 440633813, 0.174, inf, -454.981, 250.000, 0.000, -nan, 0, 0 
154443, 442145025, 0.174, -nan, -454.981, 250.000, 0.000, -nan, 0, 0 
154443, 443772295, 0.175, inf, -454.981, 250.000, 0.000, -nan, 0, 0 
154443, 445350378, 0.175, -nan, -454.981, 250.000, 0.000, -nan, 0, 0 
154443, 446910763, 0.176, inf, -454.967, 250.000, 0.000, -nan, 0, 0 
154443, 448426410, 0.176, -nan, -454.981, 250.000, 0.000, -nan, 0, 0 
154443, 449994680, 0.177, inf, -454.981, 250.000, 0.000, -nan, 0, 0 
154443, 451548013, 0.178, inf, -454.981, 250.000, 0.000, -nan, 0, 0 
154443, 453111993, 0.178, -nan, -454.994, 250.000, 0.000, -nan, 0, 0 
154443, 454624587, 0.179, inf, -454.981, 250.000, 0.000, -nan, 0, 0 
154443, 456136467, 0.181, inf, -454.994, 250.000, 0.000, -nan, 0, 0 
154443, 457674305, 0.182, inf, -454.981, 250.000, 0.000, -nan, 0, 0 
154443, 459224577, 0.183, inf, -454.994, 250.000, 0.000, -nan, 0, 0 
154443, 460737841, 0.183, -nan, -454.967, 250.000, 0.000, -nan, 0, 0 
154443, 462249777, 0.183, -nan, -454.981, 250.000, 0.000, -nan, 0, 0 
154443, 463761089, 0.184, inf, -454.994, 250.000, 0.000, -nan, 0, 0 
154443, 465272236, 0.184, -nan, -454.981, 250.000, 0.000, -nan, 0, 0 
154443, 466844952, 0.184, -nan, -454.981, 250.000, 0.000, -nan, 0, 0 
154443, 468428557, 0.185, inf, -454.967, 250.000, 0.000, -nan, 0, 0 
154443, 470011552, 0.185, -nan, -454.967, 250.000, 0.000, -nan, 0, 0 
154443, 471600699, 0.186, inf, -454.981, 250.000, 0.000, -nan, 0, 0 
154443, 473115950, 0.186, -nan, -454.967, 250.000, 0.000, -nan, 0, 0 
154443, 474664421, 0.186, -nan, -454.994, 250.000, 0.000, -nan, 0, 0 
154443, 476180584, 0.187, inf, -454.981, 250.000, 0.000, -nan, 0, 0 
154443, 477740329, 0.187, -nan, -454.981, 250.000, 0.000, -nan, 0, 0 
154443, 479286192, 0.189, inf, -454.981, 250.000, 0.000, -nan, 0, 0 
154443, 480801151, 0.190, inf, -454.981, 250.000, 0.000, -nan, 0, 0 
154443, 482390481, 0.190, -nan, -454.994, 250.000, 0.000, -nan, 0, 0 
154443, 483909329, 0.191, inf, -454.981, 250.000, 0.000, -nan, 0, 0 
154443, 485490411, 0.191, -nan, -454.994, 250.000, 0.000, -nan, 0, 0 
154443, 487006329, 0.191, -nan, -454.994, 250.000, 0.000, -nan, 0, 0 
154443, 488520454, 0.192, inf, -454.981, 250.000, 0.000, -nan, 0, 0 
154443, 490109994, 0.192, -nan, -454.981, 250.000, 0.000, -nan, 0, 0 
154443, 491620532, 0.193, inf, -454.981, 250.000, 0.000, -nan, 0, 0 
154443, 493131778, 0.194, inf, -454.981, 250.000, 0.000, -nan, 0, 0 
154443, 494642806, 0.194, -nan, -454.981, 250.000, 0.000, -nan, 0, 0 
154443, 496156985, 0.196, inf, -454.994, 250.000, 0.000, -nan, 0, 0 
154443, 497667901, 0.197, inf, -454.981, 250.000, 0.000, -nan, 0, 0 
154443, 499242600, 0.197, -nan, -454.967, 250.000, 0.000, -nan, 0, 0 
154443, 500767161, 0.198, inf, -454.967, 250.000, 0.000, -nan, 0, 0 
154443, 502344348, 0.198, -nan, -454.967, 250.000, 0.000, -nan, 0, 0 
154443, 503922250, 0.199, inf, -454.967, 250.000, 0.000, -nan, 0, 0 
154443, 505542776, 0.199, -nan, -454.981, 250.000, 0.000, -nan, 0, 0 
154443, 507122360, 0.199, -nan, -454.981, 250.000, 0.000, -nan, 0, 0 
154443, 508727981, 0.200, inf, -454.967, 250.000, 0.000, -nan, 0, 0 
154443, 510286380, 0.200, -nan, -454.981, 250.000, 0.000, -nan, 0, 0 
154443, 511801612, 0.201, inf, -454.967, 250.000, 0.000, -nan, 0, 0 
154443, 513413271, 0.201, -nan, -454.981, 250.000, 0.000, -nan, 0, 0 
154443, 514971450, 0.202, inf, -454.967, 250.000, 0.000, -nan, 0, 0 
154443, 516556356, 0.204, inf, -454.981, 250.000, 0.000, -nan, 0, 0 
154443, 518139257, 0.204, -nan, -454.981, 250.000, 0.000, -nan, 0, 0 
154443, 519746480, 0.205, inf, -454.994, 250.000, 0.000, -nan, 0, 0 
154443, 521355736, 0.205, -nan, -454.981, 250.000, 0.000, -nan, 0, 0 
154443, 522870688, 0.206, inf, -454.981, 250.000, 0.000, -nan, 0, 0 
154443, 524448992, 0.206, -nan, -454.981, 250.000, 0.000, -nan, 0, 0 
154443, 526023725, 0.207, inf, -454.994, 250.000, 0.000, -nan, 0, 0 
154443, 527598765, 0.207, -nan, -454.981, 250.000, 0.000, -nan, 0, 0 
154443, 529174291, 0.208, inf, -454.967, 250.000, 0.000, -nan, 0, 0 
154443, 530749813, 0.209, inf, -454.981, 250.000, 0.000, -nan, 0, 0 
154443, 532326714, 0.209, -nan, -454.981, 250.000, 0.000, -nan, 0, 0 
154443, 533904599, 0.210, inf, -454.981, 250.000, 0.000, -nan, 0, 0 
154443, 535483074, 0.210, -nan, -454.981, 250.000, 0.000, -nan, 0, 0 
154443, 537094130, 0.212, inf, -454.981, 250.000, 0.000, -nan, 0, 0 
154443, 538656361, 0.212, -nan, -454.981, 250.000, 0.000, -nan, 0, 0 
154443, 540170872, 0.213, inf, -454.967, 250.000, 0.000, -nan, 0, 0 
154443, 541687226, 0.213, -nan, -454.967, 250.000, 0.000, -nan, 0, 0 
154443, 543205964, 0.213, -nan, -454.981, 250.000, 0.000, -nan, 0, 0 
154443, 544767141, 0.214, inf, -454.967, 250.000, 0.000, -nan, 0, 0 
154443, 546324589, 0.214, -nan, -454.981, 250.000, 0.000, -nan, 0, 0 
154443, 547881381, 0.215, inf, -454.967, 250.000, 0.000, -nan, 0, 0 
154443, 549461924, 0.215, -nan, -454.981, 250.000, 0.000, -nan, 0, 0 
154443, 551073256, 0.216, inf, -454.981, 250.000, 0.000, -nan, 0, 0 
154443, 552673691, 0.216, -nan, -454.981, 250.000, 0.000, -nan, 0, 0 
154443, 554232289, 0.217, inf, -454.967, 250.000, 0.000, -nan, 0, 0 
154443, 555769873, 0.217, -nan, -454.981, 250.000, 0.000, -nan, 0, 0 
154443, 557283673, 0.219, inf, -454.967, 250.000, 0.000, -nan, 0, 0 
154443, 558884147, 0.219, -nan, -454.967, 250.000, 0.000, -nan, 0, 0 
154443, 560397101, 0.220, inf, -454.994, 250.000, 0.000, -nan, 0, 0 
154443, 561909006, 0.221, inf, -454.967, 250.000, 0.000, -nan, 0, 0 
154443, 563419981, 0.221, -nan, -454.981, 250.000, 0.000, -nan, 0, 0 
154443, 564931933, 0.222, inf, -454.967, 250.000, 0.000, -nan, 0, 0 
154443, 566443586, 0.222, -nan, -454.994, 250.000, 0.000, -nan, 0, 0 
154443, 567987935, 0.223, inf, -454.981, 250.000, 0.000, -nan, 0, 0 
154443, 569568428, 0.223, -nan, -454.994, 250.000, 0.000, -nan, 0, 0 
154443, 571082399, 0.224, inf, -454.981, 250.000, 0.000, -nan, 0, 0 
154443, 572596830, 0.224, -nan, -454.981, 250.000, 0.000, -nan, 0, 0 
154443, 574112378, 0.224, -nan, -454.994, 250.000, 0.000, -nan, 0, 0 
154443, 575680263, 0.224, -nan, -454.981, 250.000, 0.000, -nan, 0, 0 
154443, 577237225, 0.224, -nan, -454.994, 250.000, 0.000, -nan, 0, 0 
154443, 578820909, 0.225, inf, -454.994, 250.000, 0.000, -nan, 0, 0 
154443, 580402664, 0.225, -nan, -454.981, 250.000, 0.000, -nan, 0, 0 
154443, 581981487, 0.227, inf, -454.994, 250.000, 0.000, -nan, 0, 0 
154443, 583594150, 0.228, inf, -454.967, 250.000, 0.000, -nan, 0, 0 
154443, 585156858, 0.229, inf, -454.981, 250.000, 0.000, -nan, 0, 0 
154443, 586671237, 0.229, -nan, -454.994, 250.000, 0.000, -nan, 0, 0 
154443, 588193122, 0.230, inf, -454.981, 250.000, 0.000, -nan, 0, 0 
154443, 589717392, 0.230, -nan, -454.967, 250.000, 0.000, -nan, 0, 0 
154443, 591317144, 0.231, inf, -454.967, 250.000, 0.000, -nan, 0, 0 
154443, 592887867, 0.231, -nan, -454.981, 250.000, 0.000, -nan, 0, 0 
154443, 594441034, 0.232, inf, -454.994, 250.000, 0.000, -nan, 0, 0 
154443, 596019384, 0.232, -nan, -454.981, 250.000, 0.000, -nan, 0, 0 
154443, 597595713, 0.233, inf, -454.994, 250.000, 0.000, -nan, 0, 0 
154443, 599208648, 0.233, -nan, -454.981, 250.000, 0.000, -nan, 0, 0 
154443, 600728106, 0.235, inf, -454.967, 250.000, 0.000, -nan, 0, 0 
154443, 602294327, 0.235, -nan, -454.994, 250.000, 0.000, -nan, 0, 0 
154443, 603837618, 0.236, inf, -454.967, 250.000, 0.000, -nan, 0, 0 
154443, 605362239, 0.236, -nan, -454.994, 250.000, 0.000, -nan, 0, 0 
154443, 606876174, 0.237, inf, -454.994, 250.000, 0.000, -nan, 0, 0 
154443, 608460852, 0.237, -nan, -454.981, 250.000, 0.000, -nan, 0, 0 
154443, 609975914, 0.238, inf, -454.967, 250.000, 0.000, -nan, 0, 0 
154443, 611555936, 0.238, -nan, -454.981, 250.000, 0.000, -nan, 0, 0 
154443, 613136852, 0.239, inf, -454.981, 250.000, 0.000, -nan, 0, 0 
154443, 614755879, 0.239, -nan, -454.981, 250.000, 0.000, -nan, 0, 0 
154443, 616277151, 0.240, inf, -454.994, 250.000, 0.000, -nan, 0, 0 
154443, 617789906, 0.240, -nan, -454.967, 250.000, 0.000, -nan, 0, 0 
154443, 619304190, 0.242, inf, -454.994, 250.000, 0.000, -nan, 0, 0 
154443, 620863893, 0.242, -nan, -454.981, 250.000, 0.000, -nan, 0, 0 
154443, 622422998, 0.243, inf, -454.967, 250.000, 0.000, -nan, 0, 0 
154443, 624048713, 0.244, inf, -454.994, 250.000, 0.000, -nan, 0, 0 
154443, 625652064, 0.244, -nan, -454.981, 250.000, 0.000, -nan, 0, 0 
154443, 627230268, 0.245, inf, -454.981, 250.000, 0.000, -nan, 0, 0 
154443, 628808646, 0.245, -nan, -454.981, 250.000, 0.000, -nan, 0, 0 
154443, 630437079, 0.246, inf, -454.967, 250.000, 0.000, -nan, 0, 0 
154443, 632023049, 0.246, -nan, -454.981, 250.000, 0.000, -nan, 0, 0 
154443, 633603597, 0.247, inf, -454.967, 250.000, 0.000, -nan, 0, 0 
154443, 635166626, 0.248, inf, -454.981, 250.000, 0.000, -nan, 0, 0 
154443, 636684745, 0.248, -nan, -454.981, 250.000, 0.000, -nan, 0, 0 
154443, 638274866, 0.250, inf, -454.981, 250.000, 0.000, -nan, 0, 0 
154443, 639859118, 0.250, -nan, -454.981, 250.000, 0.000, -nan, 0, 0 
154443, 641439773, 0.251, inf, -454.981, 250.000, 0.000, -nan, 0, 0 
154443, 643020597, 0.251, -nan, -454.981, 250.000, 0.000, -nan, 0, 0 
154443, 644610218, 0.252, inf, -454.981, 250.000, 0.000, -nan, 0, 0 
154443, 646235112, 0.253, inf, -454.994, 250.000, 0.000, -nan, 0, 0 
154443, 647818783, 0.253, -nan, -454.981, 250.000, 0.000, -nan, 0, 0 
154443, 649402954, 0.254, inf, -454.994, 250.000, 0.000, -nan, 0, 0 
154443, 650918852, 0.254, -nan, -454.981, 250.000, 0.000, -nan, 0, 0 
154443, 652502996, 0.255, inf, -454.967, 250.000, 0.000, -nan, 0, 0 
154443, 654020052, 0.255, -nan, -454.967, 250.000, 0.000, -nan, 0, 0 
154443, 655583076, 0.256, inf, -454.981, 250.000, 0.000, -nan, 0, 0 
154443, 657111741, 0.258, inf, -454.981, 250.000, 0.000, -nan, 0, 0 
154443, 658691415, 0.259, inf, -454.981, 250.000, 0.000, -nan, 0, 0 
154443, 660274158, 0.259, -nan, -454.967, 250.000, 0.000, -nan, 0, 0 
154443, 661892249, 0.259, -nan, -454.981, 250.000, 0.000, -nan, 0, 0 
154443, 663408310, 0.260, inf, -454.981, 250.000, 0.000, -nan, 0, 0 
154443, 664921340, 0.261, inf, -454.981, 250.000, 0.000, -nan, 0, 0 
154443, 666434044, 0.261, -nan, -454.981, 250.000, 0.000, -nan, 0, 0 
154443, 667951535, 0.261, -nan, -454.981, 250.000, 0.000, -nan, 0, 0 
154443, 669512246, 0.262, inf, -454.981, 250.000, 0.000, -nan, 0, 0 
154443, 671030905, 0.262, -nan, -454.967, 250.000, 0.000, -nan, 0, 0 
154443, 672575013, 0.263, inf, -454.981, 250.000, 0.000, -nan, 0, 0 
154443, 674136503, 0.263, -nan, -454.981, 250.000, 0.000, -nan, 0, 0 
154443, 675699950, 0.265, inf, -454.967, 250.000, 0.000, -nan, 0, 0 
154443, 677330061, 0.266, inf, -454.994, 250.000, 0.000, -nan, 0, 0 
154443, 678921311, 0.266, -nan, -454.981, 250.000, 0.000, -nan, 0, 0 
154443, 680509072, 0.267, inf, -454.981, 250.000, 0.000, -nan, 0, 0 
154443, 682094706, 0.267, -nan, -454.967, 250.000, 0.000, -nan, 0, 0 
154443, 683678244, 0.268, inf, -454.981, 250.000, 0.000, -nan, 0, 0 
154443, 685259342, 0.268, -nan, -454.981, 250.000, 0.000, -nan, 0, 0 
154443, 686820205, 0.268, -nan, -454.981, 250.000, 0.000, -nan, 0, 0 
154443, 688380667, 0.269, inf, -454.981, 250.000, 0.000, -nan, 0, 0 
154443, 689906280, 0.269, -nan, -454.967, 250.000, 0.000, -nan, 0, 0 
154443, 691516836, 0.270, inf, -454.967, 250.000, 0.000, -nan, 0, 0 
154443, 693134965, 0.270, -nan, -454.981, 250.000, 0.000, -nan, 0, 0 
154443, 694714061, 0.271, inf, -454.981, 250.000, 0.000, -nan, 0, 0 
154443, 696274907, 0.273, inf, -454.981, 250.000, 0.000, -nan, 0, 0 
154443, 697814754, 0.273, -nan, -454.981, 250.000, 0.000, -nan, 0, 0 
154443, 699375300, 0.274, inf, -454.967, 250.000, 0.000, -nan, 0, 0 
154443, 700893039, 0.274, -nan, -454.967, 250.000, 0.000, -nan, 0, 0 
154443, 702408805, 0.275, inf, -454.967, 250.000, 0.000, -nan, 0, 0 
154443, 703936609, 0.275, -nan, -454.981, 250.000, 0.000, -nan, 0, 0 
154443, 705462526, 0.276, inf, -454.967, 250.000, 0.000, -nan, 0, 0 
154443, 707002151, 0.276, -nan, -454.967, 250.000, 0.000, -nan, 0, 0 
154443, 708608873, 0.276, -nan, -454.981, 250.000, 0.000, -nan, 0, 0 
154443, 710124500, 0.277, inf, -454.981, 250.000, 0.000, -nan, 0, 0 
154443, 711702973, 0.277, -nan, -454.981, 250.000, 0.000, -nan, 0, 0 
154443, 713281660, 0.278, inf, -454.981, 250.000, 0.000, -nan, 0, 0 
154443, 714860414, 0.278, -nan, -454.981, 250.000, 0.000, -nan, 0, 0 
154443, 716441303, 0.279, inf, -454.981, 250.000, 0.000, -nan, 0, 0 
154443, 717960487, 0.279, -nan, -454.981, 250.000, 0.000, -nan, 0, 0 
154443, 719480379, 0.281, inf, -454.967, 250.000, 0.000, -nan, 0, 0 
154443, 721043504, 0.282, inf, -454.981, 250.000, 0.000, -nan, 0, 0 
154443, 722628345, 0.282, -nan, -454.994, 250.000, 0.000, -nan, 0, 0 
154443, 724189362, 0.283, inf, -454.981, 250.000, 0.000, -nan, 0, 0 
154443, 725704576, 0.283, -nan, -454.981, 250.000, 0.000, -nan, 0, 0 
154443, 727254229, 0.284, inf, -454.981, 250.000, 0.000, -nan, 0, 0 
154443, 728768785, 0.284, -nan, -454.981, 250.000, 0.000, -nan, 0, 0 
154443, 730283546, 0.285, inf, -454.994, 250.000, 0.000, -nan, 0, 0 
154443, 731801301, 0.285, -nan, -454.981, 250.000, 0.000, -nan, 0, 0 
154443, 733386764, 0.285, -nan, -454.994, 250.000, 0.000, -nan, 0, 0 
154443, 734959732, 0.286, inf, -454.981, 250.000, 0.000, -nan, 0, 0 
154443, 736544274, 0.286, -nan, -454.994, 250.000, 0.000, -nan, 0, 0 
154443, 738089175, 0.288, inf, -454.994, 250.000, 0.000, -nan, 0, 0 
154443, 739649494, 0.288, -nan, -454.981, 250.000, 0.000, -nan, 0, 0 
154443, 741166384, 0.289, inf, -454.967, 250.000, 0.000, -nan, 0, 0 
154443, 742745271, 0.290, inf, -454.967, 250.000, 0.000, -nan, 0, 0 
154443, 744264599, 0.290, -nan, -454.967, 250.000, 0.000, -nan, 0, 0 
154443, 745843771, 0.291, inf, -454.967, 250.000, 0.000, -nan, 0, 0 
154443, 747407198, 0.291, -nan, -454.981, 250.000, 0.000, -nan, 0, 0 
154443, 748985957, 0.292, inf, -454.981, 250.000, 0.000, -nan, 0, 0 
154443, 750565416, 0.293, inf, -454.967, 250.000, 0.000, -nan, 0, 0 
154443, 752152626, 0.293, -nan, -454.967, 250.000, 0.000, -nan, 0, 0 
154443, 753716985, 0.294, inf, -454.994, 250.000, 0.000, -nan, 0, 0 
154443, 755267959, 0.294, -nan, -454.981, 250.000, 0.000, -nan, 0, 0 
154443, 756876512, 0.294, -nan, -454.994, 250.000, 0.000, -nan, 0, 0 
154443, 758393171, 0.296, inf, -454.981, 250.000, 0.000, -nan, 0, 0 
154443, 759955108, 0.296, -nan, -454.981, 250.000, 0.000, -nan, 0, 0 
154443, 761483963, 0.297, inf, -454.981, 250.000, 0.000, -nan, 0, 0 
154443, 763047266, 0.297, -nan, -454.967, 250.000, 0.000, -nan, 0, 0 
154443, 764634807, 0.298, inf, -454.981, 250.000, 0.000, -nan, 0, 0 
154443, 766226416, 0.298, -nan, -454.967, 250.000, 0.000, -nan, 0, 0 
154443, 767743547, 0.298, -nan, -454.981, 250.000, 0.000, -nan, 0, 0 
154443, 769305543, 0.299, inf, -454.981, 250.000, 0.000, -nan, 0, 0 
154443, 770921282, 0.299, -nan, -454.981, 250.000, 0.000, -nan, 0, 0 
154443, 772482933, 0.300, inf, -454.994, 250.000, 0.000, -nan, 0, 0 
154443, 774013304, 0.301, inf, -454.981, 250.000, 0.000, -nan, 0, 0 
154443, 775528666, 0.302, inf, -454.981, 250.000, 0.000, -nan, 0, 0 
154443, 777093734, 0.302, -nan, -454.981, 250.000, 0.000, -nan, 0, 0 
154443, 778675771, 0.302, -nan, -454.994, 250.000, 0.000, -nan, 0, 0 
154443, 780258031, 0.304, inf, -454.981, 250.000, 0.000, -nan, 0, 0 
154443, 781836843, 0.304, -nan, -454.967, 250.000, 0.000, -nan, 0, 0 
154443, 783415855, 0.304, -nan, -454.981, 250.000, 0.000, -nan, 0, 0 
154443, 784936266, 0.305, inf, -454.994, 250.000, 0.000, -nan, 0, 0 
154443, 786561510, 0.305, -nan, -454.981, 250.000, 0.000, -nan, 0, 0 
154443, 788151812, 0.306, inf, -454.981, 250.000, 0.000, -nan, 0, 0 
154443, 789737011, 0.307, inf, -454.994, 250.000, 0.000, -nan, 0, 0 
154443, 791321472, 0.307, -nan, -454.981, 250.000, 0.000, -nan, 0, 0 
154443, 792846625, 0.308, inf, -454.967, 250.000, 0.000, -nan, 0, 0 
154443, 794371318, 0.308, -nan, -454.967, 250.000, 0.000, -nan, 0, 0 
154443, 795891126, 0.309, inf, -454.981, 250.000, 0.000, -nan, 0, 0 
154443, 797459792, 0.309, -nan, -454.981, 250.000, 0.000, -nan, 0, 0 
154443, 799022351, 0.309, -nan, -455.008, 250.000, 0.000, -nan, 0, 0 
154443, 800604113, 0.311, inf, -454.981, 250.000, 0.000, -nan, 0, 0 
154443, 802230424, 0.311, -nan, -454.967, 250.000, 0.000, -nan, 0, 0 
154443, 803787784, 0.312, inf, -454.981, 250.000, 0.000, -nan, 0, 0 
154443, 805302252, 0.312, -nan, -454.981, 250.000, 0.000, -nan, 0, 0 
154443, 806818596, 0.313, inf, -454.981, 250.000, 0.000, -nan, 0, 0 
154443, 808331862, 0.314, inf, -454.994, 250.000, 0.000, -nan, 0, 0 
154443, 809883852, 0.314, -nan, -454.981, 250.000, 0.000, -nan, 0, 0 
154443, 811464481, 0.315, inf, -454.981, 250.000, 0.000, -nan, 0, 0 
154443, 813017669, 0.315, -nan, -454.981, 250.000, 0.000, -nan, 0, 0 
154443, 814570486, 0.315, -nan, -454.967, 250.000, 0.000, -nan, 0, 0 
154443, 816127629, 0.316, inf, -454.981, 250.000, 0.000, -nan, 0, 0 
154443, 817722314, 0.316, -nan, -454.981, 250.000, 0.000, -nan, 0, 0 
154443, 819303404, 0.317, inf, -454.981, 250.000, 0.000, -nan, 0, 0 
154443, 820884306, 0.319, inf, -454.981, 250.000, 0.000, -nan, 0, 0 
154443, 822465425, 0.319, -nan, -454.967, 250.000, 0.000, -nan, 0, 0 
154443, 823985654, 0.320, inf, -454.981, 250.000, 0.000, -nan, 0, 0 
154443, 825501321, 0.320, -nan, -454.981, 250.000, 0.000, -nan, 0, 0 
154443, 827022591, 0.321, inf, -454.981, 250.000, 0.000, -nan, 0, 0 
154443, 828611973, 0.322, inf, -454.967, 250.000, 0.000, -nan, 0, 0 
154443, 830194180, 0.322, -nan, -454.994, 250.000, 0.000, -nan, 0, 0 
154443, 831773523, 0.322, -nan, -454.967, 250.000, 0.000, -nan, 0, 0 
154443, 833369148, 0.323, inf, -454.981, 250.000, 0.000, -nan, 0, 0 
154443, 834952295, 0.323, -nan, -454.981, 250.000, 0.000, -nan, 0, 0 
154443, 836517420, 0.324, inf, -454.967, 250.000, 0.000, -nan, 0, 0 
154443, 838030392, 0.325, inf, -454.994, 250.000, 0.000, -nan, 0, 0 
154443, 839551703, 0.325, -nan, -454.994, 250.000, 0.000, -nan, 0, 0 
154443, 841068050, 0.327, inf, -454.981, 250.000, 0.000, -nan, 0, 0 
154443, 842642791, 0.327, -nan, -454.981, 250.000, 0.000, -nan, 0, 0 
154443, 844159452, 0.327, -nan, -454.981, 250.000, 0.000, -nan, 0, 0 
154443, 845736398, 0.328, inf, -454.994, 250.000, 0.000, -nan, 0, 0 
154443, 847249087, 0.328, -nan, -454.981, 250.000, 0.000, -nan, 0, 0 
154443, 848868155, 0.328, -nan, -454.981, 250.000, 0.000, -nan, 0, 0 
154443, 850442875, 0.329, inf, -454.994, 250.000, 0.000, -nan, 0, 0 
154443, 852011275, 0.329, -nan, -454.981, 250.000, 0.000, -nan, 0, 0 
154443, 853594551, 0.329, -nan, -454.981, 250.000, 0.000, -nan, 0, 0 
154443, 855151910, 0.330, inf, -454.994, 250.000, 0.000, -nan, 0, 0 
154443, 856679410, 0.330, -nan, -454.981, 250.000, 0.000, -nan, 0, 0 
154443, 858193208, 0.331, inf, -454.981, 250.000, 0.000, -nan, 0, 0 
154443, 859776405, 0.332, inf, -454.967, 250.000, 0.000, -nan, 0, 0 
154443, 861289898, 0.332, -nan, -454.981, 250.000, 0.000, -nan, 0, 0 
154443, 862802139, 0.334, inf, -454.967, 250.000, 0.000, -nan, 0, 0 
154443, 864358646, 0.334, -nan, -454.994, 250.000, 0.000, -nan, 0, 0 
154443, 865873577, 0.334, -nan, -454.981, 250.000, 0.000, -nan, 0, 0 
154443, 867385863, 0.335, inf, -454.981, 250.000, 0.000, -nan, 0, 0 
154443, 868966597, 0.335, -nan, -454.981, 250.000, 0.000, -nan, 0, 0 
154443, 870486324, 0.335, -nan, -454.994, 250.000, 0.000, -nan, 0, 0 
154443, 872022321, 0.336, inf, -454.981, 250.000, 0.000, -nan, 0, 0 
154443, 873538036, 0.336, -nan, -454.981, 250.000, 0.000, -nan, 0, 0 
154443, 875116816, 0.336, -nan, -454.967, 250.000, 0.000, -nan, 0, 0 
154443, 876633087, 0.337, inf, -454.981, 250.000, 0.000, -nan, 0, 0 
154443, 878145651, 0.337, -nan, -454.981, 250.000, 0.000, -nan, 0, 0 
154443, 879683369, 0.338, inf, -454.981, 250.000, 0.000, -nan, 0, 0 
154443, 881195113, 0.338, -nan, -454.981, 250.000, 0.000, -nan, 0, 0 
154443, 882707021, 0.338, -nan, -454.981, 250.000, 0.000, -nan, 0, 0 
154443, 884221359, 0.339, inf, -454.981, 250.000, 0.000, -nan, 0, 0 
154443, 885803941, 0.339, -nan, -454.981, 250.000, 0.000, -nan, 0, 0 
154443, 887320988, 0.340, inf, -454.994, 250.000, 0.000, -nan, 0, 0 
154443, 888878829, 0.342, inf, -454.967, 250.000, 0.000, -nan, 0, 0 
154443, 890393024, 0.342, -nan, -454.981, 250.000, 0.000, -nan, 0, 0 
154443, 891905381, 0.343, inf, -454.967, 250.000, 0.000, -nan, 0, 0 
154443, 893419401, 0.343, -nan, -454.981, 250.000, 0.000, -nan, 0, 0 
154443, 894958071, 0.343, -nan, -454.981, 250.000, 0.000, -nan, 0, 0 
154443, 896538288, 0.344, inf, -454.981, 250.000, 0.000, -nan, 0, 0 
154443, 898120379, 0.344, -nan, -454.967, 250.000, 0.000, -nan, 0, 0 
154443, 899698947, 0.344, -nan, -454.967, 250.000, 0.000, -nan, 0, 0 
154443, 901212062, 0.345, inf, -454.981, 250.000, 0.000, -nan, 0, 0 
154443, 902724995, 0.345, -nan, -454.981, 250.000, 0.000, -nan, 0, 0 
154443, 904239302, 0.346, inf, -454.981, 250.000, 0.000, -nan, 0, 0 
154443, 905754151, 0.347, inf, -454.981, 250.000, 0.000, -nan, 0, 0 
154443, 907275947, 0.347, -nan, -454.981, 250.000, 0.000, -nan, 0, 0 
154443, 908787026, 0.348, inf, -454.981, 250.000, 0.000, -nan, 0, 0 
154443, 910334280, 0.348, -nan, -454.981, 250.000, 0.000, -nan, 0, 0 
154443, 911846108, 0.350, inf, -454.994, 250.000, 0.000, -nan, 0, 0 
154443, 913358257, 0.351, inf, -454.967, 250.000, 0.000, -nan, 0, 0 
154443, 914870150, 0.351, -nan, -454.967, 250.000, 0.000, -nan, 0, 0 
154443, 916382573, 0.352, inf, -454.967, 250.000, 0.000, -nan, 0, 0 
154443, 917895251, 0.352, -nan, -454.981, 250.000, 0.000, -nan, 0, 0 
154443, 919473177, 0.352, -nan, -454.994, 250.000, 0.000, -nan, 0, 0 
154443, 920988473, 0.353, inf, -454.994, 250.000, 0.000, -nan, 0, 0 
154443, 922559497, 0.353, -nan, -454.981, 250.000, 0.000, -nan, 0, 0 
154443, 924090896, 0.353, -nan, -454.981, 250.000, 0.000, -nan, 0, 0 
154443, 925679775, 0.354, inf, -454.967, 250.000, 0.000, -nan, 0, 0 
154443, 927216974, 0.354, -nan, -454.981, 250.000, 0.000, -nan, 0, 0 
154443, 928792721, 0.355, inf, -454.994, 250.000, 0.000, -nan, 0, 0 
154443, 930346005, 0.355, -nan, -454.981, 250.000, 0.000, -nan, 0, 0 
154443, 931923080, 0.355, -nan, -454.967, 250.000, 0.000, -nan, 0, 0 
154443, 933476033, 0.356, inf, -454.967, 250.000, 0.000, -nan, 0, 0 
154443, 935033162, 0.358, inf, -454.967, 250.000, 0.000, -nan, 0, 0 
154443, 936590914, 0.358, -nan, -454.967, 250.000, 0.000, -nan, 0, 0 
154443, 938149601, 0.359, inf, -454.967, 250.000, 0.000, -nan, 0, 0 
154443, 939695219, 0.360, inf, -454.981, 250.000, 0.000, -nan, 0, 0 
154443, 941250678, 0.360, -nan, -454.981, 250.000, 0.000, -nan, 0, 0 
154443, 942787442, 0.361, inf, -454.967, 250.000, 0.000, -nan, 0, 0 
154443, 944343719, 0.361, -nan, -454.981, 250.000, 0.000, -nan, 0, 0 
154443, 945897888, 0.361, -nan, -454.981, 250.000, 0.000, -nan, 0, 0 
154443, 947503526, 0.362, inf, -454.967, 250.000, 0.000, -nan, 0, 0 
154443, 949024512, 0.362, -nan, -454.994, 250.000, 0.000, -nan, 0, 0 
154443, 950579355, 0.363, inf, -454.967, 250.000, 0.000, -nan, 0, 0 
154443, 952098178, 0.363, -nan, -454.981, 250.000, 0.000, -nan, 0, 0 
154443, 953610002, 0.363, -nan, -454.994, 250.000, 0.000, -nan, 0, 0 
154443, 955126883, 0.365, inf, -454.967, 250.000, 0.000, -nan, 0, 0 
154443, 956680063, 0.365, -nan, -454.967, 250.000, 0.000, -nan, 0, 0 
154443, 958219305, 0.365, -nan, -454.981, 250.000, 0.000, -nan, 0, 0 
154443, 959777991, 0.366, inf, -454.981, 250.000, 0.000, -nan, 0, 0 
154443, 961350866, 0.366, -nan, -454.981, 250.000, 0.000, -nan, 0, 0 
154443, 962926498, 0.367, inf, -454.981, 250.000, 0.000, -nan, 0, 0 
154443, 964505060, 0.367, -nan, -454.981, 250.000, 0.000, -nan, 0, 0 
154443, 966018359, 0.367, -nan, -454.981, 250.000, 0.000, -nan, 0, 0 
154443, 967590474, 0.368, inf, -454.994, 250.000, 0.000, -nan, 0, 0 
154443, 969174243, 0.368, -nan, -454.981, 250.000, 0.000, -nan, 0, 0 
154443, 970757888, 0.369, inf, -454.981, 250.000, 0.000, -nan, 0, 0 
154443, 972385288, 0.370, inf, -454.981, 250.000, 0.000, -nan, 0, 0 
154443, 973900052, 0.370, -nan, -454.967, 250.000, 0.000, -nan, 0, 0 
154443, 975411970, 0.371, inf, -454.981, 250.000, 0.000, -nan, 0, 0 
154443, 976923621, 0.371, -nan, -454.994, 250.000, 0.000, -nan, 0, 0 
154443, 978435377, 0.373, inf, -454.994, 250.000, 0.000, -nan, 0, 0 
154443, 979947038, 0.373, -nan, -454.994, 250.000, 0.000, -nan, 0, 0 
154443, 981463480, 0.373, -nan, -454.981, 250.000, 0.000, -nan, 0, 0 
154443, 983024785, 0.374, inf, -454.994, 250.000, 0.000, -nan, 0, 0 
154443, 984542123, 0.374, -nan, -454.981, 250.000, 0.000, -nan, 0, 0 
154443, 986122987, 0.375, inf, -454.967, 250.000, 0.000, -nan, 0, 0 
154443, 987688850, 0.376, inf, -454.994, 250.000, 0.000, -nan, 0, 0 
154443, 989209173, 0.376, -nan, -454.967, 250.000, 0.000, -nan, 0, 0 
154443, 990734471, 0.377, inf, -454.994, 250.000, 0.000, -nan, 0, 0 
154443, 992314269, 0.377, -nan, -454.994, 250.000, 0.000, -nan, 0, 0 
154443, 993889522, 0.378, inf, -454.967, 250.000, 0.000, -nan, 0, 0 
154443, 995464805, 0.379, inf, -454.994, 250.000, 0.000, -nan, 0, 0 
154443, 997040549, 0.379, -nan, -454.994, 250.000, 0.000, -nan, 0, 0 
154443, 998618894, 0.379, -nan, -454.981, 250.000, 0.000, -nan, 0, 0 
154444, 177955, 0.381, 0.001, -454.967, 250.000, 0.000, 2.350, 0, 0 
154444, 1692154, 0.381, -nan, -454.981, 250.000, 0.000, -nan, 0, 0 
154444, 3308346, 0.382, inf, -454.994, 250.000, 0.000, -nan, 0, 0 
154444, 4853119, 0.382, -nan, -454.981, 250.000, 0.000, -nan, 0, 0 
154444, 6461633, 0.382, -nan, -454.994, 250.000, 0.000, -nan, 0, 0 
154444, 8046677, 0.383, inf, -454.994, 250.000, 0.000, -nan, 0, 0 
154444, 9559773, 0.384, inf, -454.994, 250.000, 0.000, -nan, 0, 0 
154444, 11076920, 0.384, -nan, -454.981, 250.000, 0.000, -nan, 0, 0 
154444, 12594194, 0.385, inf, -454.994, 250.000, 0.000, -nan, 0, 0 
154444, 14152805, 0.386, inf, -454.981, 250.000, 0.000, -nan, 0, 0 
154444, 15718831, 0.386, -nan, -454.981, 250.000, 0.000, -nan, 0, 0 
154444, 17302824, 0.388, inf, -454.981, 250.000, 0.000, -nan, 0, 0 
154444, 18937861, 0.388, -nan, -454.994, 250.000, 0.000, -nan, 0, 0 
154444, 20519456, 0.388, -nan, -454.967, 250.000, 0.000, -nan, 0, 0 
154444, 22033861, 0.389, inf, -454.967, 250.000, 0.000, -nan, 0, 0 
154444, 23595722, 0.390, inf, -454.994, 250.000, 0.000, -nan, 0, 0 
154444, 25154805, 0.390, -nan, -454.967, 250.000, 0.000, -nan, 0, 0 
154444, 26666500, 0.391, inf, -454.994, 250.000, 0.000, -nan, 0, 0 
154444, 28177736, 0.391, -nan, -454.981, 250.000, 0.000, -nan, 0, 0 
154444, 29689113, 0.391, -nan, -454.981, 250.000, 0.000, -nan, 0, 0 
154444, 31264286, 0.392, inf, -454.967, 250.000, 0.000, -nan, 0, 0 
154444, 32839701, 0.392, -nan, -454.981, 250.000, 0.000, -nan, 0, 0 
154444, 34379028, 0.392, -nan, -454.994, 250.000, 0.000, -nan, 0, 0 
154444, 35893123, 0.393, inf, -454.981, 250.000, 0.000, -nan, 0, 0 
154444, 37405208, 0.393, -nan, -454.994, 250.000, 0.000, -nan, 0, 0 
154444, 38916962, 0.393, -nan, -454.981, 250.000, 0.000, -nan, 0, 0 
154444, 40431445, 0.394, inf, -454.967, 250.000, 0.000, -nan, 0, 0 
154444, 41944540, 0.394, -nan, -454.981, 250.000, 0.000, -nan, 0, 0 
154444, 43461078, 0.396, inf, -454.967, 250.000, 0.000, -nan, 0, 0 
154444, 45077351, 0.397, inf, -454.967, 250.000, 0.000, -nan, 0, 0 
154444, 46639130, 0.397, -nan, -454.994, 250.000, 0.000, -nan, 0, 0 
154444, 48210633, 0.397, -nan, -454.994, 250.000, 0.000, -nan, 0, 0 
154444, 49808441, 0.398, inf, -454.981, 250.000, 0.000, -nan, 0, 0 
154444, 51325161, 0.398, -nan, -454.981, 250.000, 0.000, -nan, 0, 0 
154444, 52891542, 0.398, -nan, -454.981, 250.000, 0.000, -nan, 0, 0 
154444, 54414505, 0.399, inf, -454.967, 250.000, 0.000, -nan, 0, 0 
154444, 55935768, 0.400, inf, -454.994, 250.000, 0.000, -nan, 0, 0 
154444, 57511203, 0.400, -nan, -454.981, 250.000, 0.000, -nan, 0, 0 
154444, 59086084, 0.401, inf, -454.967, 250.000, 0.000, -nan, 0, 0 
154444, 60669124, 0.402, inf, -454.967, 250.000, 0.000, -nan, 0, 0 
154444, 62183120, 0.402, -nan, -454.981, 250.000, 0.000, -nan, 0, 0 
154444, 63695770, 0.404, inf, -454.981, 250.000, 0.000, -nan, 0, 0 
154444, 65245025, 0.405, inf, -454.967, 250.000, 0.000, -nan, 0, 0 
154444, 66757160, 0.405, -nan, -454.981, 250.000, 0.000, -nan, 0, 0 
154444, 68274931, 0.406, inf, -454.967, 250.000, 0.000, -nan, 0, 0 
154444, 69853425, 0.407, inf, -454.981, 250.000, 0.000, -nan, 0, 0 
154444, 71431639, 0.407, -nan, -454.967, 250.000, 0.000, -nan, 0, 0 
154444, 72950493, 0.407, -nan, -454.981, 250.000, 0.000, -nan, 0, 0 
154444, 74468839, 0.408, inf, -454.981, 250.000, 0.000, -nan, 0, 0 
154444, 75982092, 0.408, -nan, -454.981, 250.000, 0.000, -nan, 0, 0 
154444, 77496024, 0.408, -nan, -454.967, 250.000, 0.000, -nan, 0, 0 
154444, 79078999, 0.409, inf, -454.981, 250.000, 0.000, -nan, 0, 0 
154444, 80619868, 0.409, -nan, -454.981, 250.000, 0.000, -nan, 0, 0 
154444, 82132293, 0.409, -nan, -454.994, 250.000, 0.000, -nan, 0, 0 
154444, 83645634, 0.411, inf, -454.981, 250.000, 0.000, -nan, 0, 0 
154444, 85168243, 0.411, -nan, -454.967, 250.000, 0.000, -nan, 0, 0 
154444, 86690438, 0.411, -nan, -454.981, 250.000, 0.000, -nan, 0, 0 
154444, 88215214, 0.412, inf, -454.981, 250.000, 0.000, -nan, 0, 0 
154444, 89737333, 0.413, inf, -454.981, 250.000, 0.000, -nan, 0, 0 
154444, 91278103, 0.413, -nan, -454.967, 250.000, 0.000, -nan, 0, 0 
154444, 92835134, 0.414, inf, -454.981, 250.000, 0.000, -nan, 0, 0 
154444, 94388452, 0.415, inf, -454.981, 250.000, 0.000, -nan, 0, 0 
154444, 95934676, 0.415, -nan, -454.994, 250.000, 0.000, -nan, 0, 0 
154444, 97511978, 0.415, -nan, -454.994, 250.000, 0.000, -nan, 0, 0 
154444, 99025230, 0.416, inf, -454.981, 250.000, 0.000, -nan, 0, 0 
154444, 100538183, 0.416, -nan, -454.967, 250.000, 0.000, -nan, 0, 0 
154444, 102106728, 0.416, -nan, -454.994, 250.000, 0.000, -nan, 0, 0 
154444, 103671340, 0.417, inf, -454.981, 250.000, 0.000, -nan, 0, 0 
154444, 105193964, 0.419, inf, -454.981, 250.000, 0.000, -nan, 0, 0 
154444, 106709118, 0.419, -nan, -454.981, 250.000, 0.000, -nan, 0, 0 
154444, 108290637, 0.419, -nan, -454.967, 250.000, 0.000, -nan, 0, 0 
154444, 109869446, 0.420, inf, -454.981, 250.000, 0.000, -nan, 0, 0 
154444, 111484474, 0.421, inf, -454.981, 250.000, 0.000, -nan, 0, 0 
154444, 113049937, 0.421, -nan, -454.994, 250.000, 0.000, -nan, 0, 0 
154444, 114632193, 0.421, -nan, -454.994, 250.000, 0.000, -nan, 0, 0 
154444, 116200833, 0.422, inf, -454.981, 250.000, 0.000, -nan, 0, 0 
154444, 117782208, 0.423, inf, -454.994, 250.000, 0.000, -nan, 0, 0 
154444, 119295097, 0.423, -nan, -454.981, 250.000, 0.000, -nan, 0, 0 
154444, 120807395, 0.424, inf, -454.981, 250.000, 0.000, -nan, 0, 0 
154444, 122321224, 0.425, inf, -454.967, 250.000, 0.000, -nan, 0, 0 
154444, 123837583, 0.427, inf, -454.981, 250.000, 0.000, -nan, 0, 0 
154444, 125391292, 0.427, -nan, -454.981, 250.000, 0.000, -nan, 0, 0 
154444, 127002709, 0.427, -nan, -454.967, 250.000, 0.000, -nan, 0, 0 
154444, 128581038, 0.428, inf, -454.967, 250.000, 0.000, -nan, 0, 0 
154444, 130146964, 0.429, inf, -454.981, 250.000, 0.000, -nan, 0, 0 
154444, 131746090, 0.429, -nan, -454.981, 250.000, 0.000, -nan, 0, 0 
154444, 133344405, 0.429, -nan, -454.981, 250.000, 0.000, -nan, 0, 0 
154444, 134859705, 0.430, inf, -454.981, 250.000, 0.000, -nan, 0, 0 
154444, 136374764, 0.430, -nan, -454.981, 250.000, 0.000, -nan, 0, 0 
154444, 137898424, 0.430, -nan, -454.994, 250.000, 0.000, -nan, 0, 0 
154444, 139473466, 0.430, -nan, -454.967, 250.000, 0.000, -nan, 0, 0 
154444, 140999271, 0.431, inf, -454.981, 250.000, 0.000, -nan, 0, 0 
154444, 142546792, 0.431, -nan, -454.981, 250.000, 0.000, -nan, 0, 0 
154444, 144060604, 0.431, -nan, -454.994, 250.000, 0.000, -nan, 0, 0 
154444, 145571517, 0.432, inf, -454.953, 250.000, 0.000, -nan, 0, 0 
154444, 147082392, 0.432, -nan, -454.981, 250.000, 0.000, -nan, 0, 0 
154444, 148595812, 0.432, -nan, -454.981, 250.000, 0.000, -nan, 0, 0 
154444, 150106789, 0.434, inf, -454.994, 250.000, 0.000, -nan, 0, 0 
154444, 151618245, 0.434, -nan, -454.981, 250.000, 0.000, -nan, 0, 0 
154444, 153129191, 0.434, -nan, -454.981, 250.000, 0.000, -nan, 0, 0 
154444, 154645710, 0.435, inf, -454.981, 250.000, 0.000, -nan, 0, 0 
154444, 156165526, 0.436, inf, -454.967, 250.000, 0.000, -nan, 0, 0 
154444, 157733281, 0.436, -nan, -454.967, 250.000, 0.000, -nan, 0, 0 
154444, 159294456, 0.437, inf, -454.994, 250.000, 0.000, -nan, 0, 0 
154444, 160866545, 0.438, inf, -454.981, 250.000, 0.000, -nan, 0, 0 
154444, 162438975, 0.438, -nan, -454.981, 250.000, 0.000, -nan, 0, 0 
154444, 164016571, 0.438, -nan, -454.981, 250.000, 0.000, -nan, 0, 0 
154444, 165591114, 0.439, inf, -454.981, 250.000, 0.000, -nan, 0, 0 
154444, 167146565, 0.439, -nan, -454.981, 250.000, 0.000, -nan, 0, 0 
154444, 168661304, 0.439, -nan, -454.981, 250.000, 0.000, -nan, 0, 0 
154444, 170193523, 0.440, inf, -454.981, 250.000, 0.000, -nan, 0, 0 
154444, 171739198, 0.442, inf, -454.967, 250.000, 0.000, -nan, 0, 0 
154444, 173287906, 0.442, -nan, -454.994, 250.000, 0.000, -nan, 0, 0 
154444, 174824890, 0.443, inf, -454.967, 250.000, 0.000, -nan, 0, 0 
154444, 176384491, 0.444, inf, -454.981, 250.000, 0.000, -nan, 0, 0 
154444, 177940543, 0.444, -nan, -454.981, 250.000, 0.000, -nan, 0, 0 
154444, 179495692, 0.445, inf, -454.967, 250.000, 0.000, -nan, 0, 0 
154444, 181048342, 0.446, inf, -454.994, 250.000, 0.000, -nan, 0, 0 
154444, 182654175, 0.446, -nan, -454.981, 250.000, 0.000, -nan, 0, 0 
154444, 184231888, 0.446, -nan, -454.981, 250.000, 0.000, -nan, 0, 0 
154444, 185791180, 0.447, inf, -454.967, 250.000, 0.000, -nan, 0, 0 
154444, 187349175, 0.448, inf, -454.967, 250.000, 0.000, -nan, 0, 0 
154444, 188994073, 0.448, -nan, -454.981, 250.000, 0.000, -nan, 0, 0 
154444, 190507295, 0.450, inf, -454.994, 250.000, 0.000, -nan, 0, 0 
154444, 192022288, 0.451, inf, -454.981, 250.000, 0.000, -nan, 0, 0 
154444, 193535311, 0.451, -nan, -454.967, 250.000, 0.000, -nan, 0, 0 
154444, 195046563, 0.452, inf, -454.981, 250.000, 0.000, -nan, 0, 0 
154444, 196560248, 0.452, -nan, -454.981, 250.000, 0.000, -nan, 0, 0 
154444, 198071695, 0.452, -nan, -454.967, 250.000, 0.000, -nan, 0, 0 
154444, 199629902, 0.453, inf, -454.994, 250.000, 0.000, -nan, 0, 0 
154444, 201210883, 0.453, -nan, -454.981, 250.000, 0.000, -nan, 0, 0 
154444, 202794574, 0.453, -nan, -454.994, 250.000, 0.000, -nan, 0, 0 
154444, 204368867, 0.454, inf, -454.981, 250.000, 0.000, -nan, 0, 0 
154444, 205928855, 0.455, inf, -454.981, 250.000, 0.000, -nan, 0, 0 
154444, 207506307, 0.455, -nan, -454.994, 250.000, 0.000, -nan, 0, 0 
154444, 209083314, 0.457, inf, -454.981, 250.000, 0.000, -nan, 0, 0 
154444, 210595174, 0.457, -nan, -454.981, 250.000, 0.000, -nan, 0, 0 
154444, 212109924, 0.457, -nan, -454.967, 250.000, 0.000, -nan, 0, 0 
154444, 213622008, 0.458, inf, -454.981, 250.000, 0.000, -nan, 0, 0 
154444, 215133609, 0.458, -nan, -454.994, 250.000, 0.000, -nan, 0, 0 
154444, 216684800, 0.458, -nan, -454.981, 250.000, 0.000, -nan, 0, 0 
154444, 218200899, 0.459, inf, -454.994, 250.000, 0.000, -nan, 0, 0 
154444, 219828038, 0.459, -nan, -454.981, 250.000, 0.000, -nan, 0, 0 
154444, 221435933, 0.459, -nan, -454.994, 250.000, 0.000, -nan, 0, 0 
154444, 223000009, 0.460, inf, -454.981, 250.000, 0.000, -nan, 0, 0 
154444, 224610818, 0.461, inf, -454.981, 250.000, 0.000, -nan, 0, 0 
154444, 226124628, 0.461, -nan, -454.967, 250.000, 0.000, -nan, 0, 0 
154444, 227636362, 0.462, inf, -454.967, 250.000, 0.000, -nan, 0, 0 
154444, 229148243, 0.462, -nan, -454.981, 250.000, 0.000, -nan, 0, 0 
154444, 230670429, 0.463, inf, -454.981, 250.000, 0.000, -nan, 0, 0 
154444, 232242116, 0.465, inf, -454.981, 250.000, 0.000, -nan, 0, 0 
154444, 233800650, 0.465, -nan, -454.967, 250.000, 0.000, -nan, 0, 0 
154444, 235425096, 0.465, -nan, -454.981, 250.000, 0.000, -nan, 0, 0 
154444, 237005221, 0.466, inf, -454.994, 250.000, 0.000, -nan, 0, 0 
154444, 238526075, 0.466, -nan, -454.981, 250.000, 0.000, -nan, 0, 0 
154444, 240046373, 0.467, inf, -454.981, 250.000, 0.000, -nan, 0, 0 
154444, 241599550, 0.468, inf, -454.981, 250.000, 0.000, -nan, 0, 0 
154444, 243156326, 0.468, -nan, -454.967, 250.000, 0.000, -nan, 0, 0 
154444, 244734773, 0.469, inf, -454.981, 250.000, 0.000, -nan, 0, 0 
154444, 246310231, 0.469, -nan, -454.981, 250.000, 0.000, -nan, 0, 0 
154444, 247886075, 0.469, -nan, -454.967, 250.000, 0.000, -nan, 0, 0 
154444, 249459122, 0.470, inf, -454.981, 250.000, 0.000, -nan, 0, 0 
154444, 251071658, 0.471, inf, -454.981, 250.000, 0.000, -nan, 0, 0 
154444, 252651743, 0.471, -nan, -454.981, 250.000, 0.000, -nan, 0, 0 
154444, 254164895, 0.473, inf, -454.981, 250.000, 0.000, -nan, 0, 0 
154444, 255677077, 0.473, -nan, -454.981, 250.000, 0.000, -nan, 0, 0 
154444, 257189577, 0.473, -nan, -454.981, 250.000, 0.000, -nan, 0, 0 
154444, 258701628, 0.474, inf, -454.994, 250.000, 0.000, -nan, 0, 0 
154444, 260216705, 0.474, -nan, -454.967, 250.000, 0.000, -nan, 0, 0 
154444, 261732777, 0.474, -nan, -454.967, 250.000, 0.000, -nan, 0, 0 
154444, 263309785, 0.475, inf, -454.994, 250.000, 0.000, -nan, 0, 0 
154444, 264872093, 0.475, -nan, -454.981, 250.000, 0.000, -nan, 0, 0 
154444, 266495895, 0.475, -nan, -454.981, 250.000, 0.000, -nan, 0, 0 
154444, 268064917, 0.476, inf, -454.967, 250.000, 0.000, -nan, 0, 0 
154444, 269609180, 0.476, -nan, -454.981, 250.000, 0.000, -nan, 0, 0 
154444, 271124409, 0.476, -nan, -454.981, 250.000, 0.000, -nan, 0, 0 
154444, 272643552, 0.477, inf, -454.994, 250.000, 0.000, -nan, 0, 0 
154444, 274163857, 0.478, inf, -454.994, 250.000, 0.000, -nan, 0, 0 
154444, 275678115, 0.478, -nan, -454.981, 250.000, 0.000, -nan, 0, 0 
154444, 277290199, 0.480, inf, -454.994, 250.000, 0.000, -nan, 0, 0 
154444, 278866885, 0.481, inf, -454.981, 250.000, 0.000, -nan, 0, 0 
154444, 280442812, 0.481, -nan, -454.994, 250.000, 0.000, -nan, 0, 0 
154444, 282038280, 0.481, -nan, -454.994, 250.000, 0.000, -nan, 0, 0 
154444, 283591213, 0.482, inf, -454.981, 250.000, 0.000, -nan, 0, 0 
154444, 285104978, 0.483, inf, -454.967, 250.000, 0.000, -nan, 0, 0 
154444, 286682129, 0.483, -nan, -454.981, 250.000, 0.000, -nan, 0, 0 
154444, 288195691, 0.483, -nan, -454.981, 250.000, 0.000, -nan, 0, 0 
154444, 289776839, 0.484, inf, -454.981, 250.000, 0.000, -nan, 0, 0 
154444, 291334614, 0.485, inf, -454.994, 250.000, 0.000, -nan, 0, 0 
154444, 292847748, 0.485, -nan, -454.981, 250.000, 0.000, -nan, 0, 0 
154444, 294359504, 0.485, -nan, -454.981, 250.000, 0.000, -nan, 0, 0 
154444, 295880115, 0.486, inf, -454.981, 250.000, 0.000, -nan, 0, 0 
154444, 297427240, 0.488, inf, -454.981, 250.000, 0.000, -nan, 0, 0 
154444, 298994965, 0.488, -nan, -454.994, 250.000, 0.000, -nan, 0, 0 
154444, 300557014, 0.488, -nan, -454.994, 250.000, 0.000, -nan, 0, 0 
154444, 302172844, 0.488, -nan, -454.994, 250.000, 0.000, -nan, 0, 0 
154444, 303743511, 0.489, inf, -454.981, 250.000, 0.000, -nan, 0, 0 
154444, 305260451, 0.490, inf, -454.981, 250.000, 0.000, -nan, 0, 0 
154444, 306781848, 0.490, -nan, -454.981, 250.000, 0.000, -nan, 0, 0 
154444, 308298531, 0.490, -nan, -454.981, 250.000, 0.000, -nan, 0, 0 
154444, 309874209, 0.490, -nan, -454.981, 250.000, 0.000, -nan, 0, 0 
154444, 311387652, 0.491, inf, -454.981, 250.000, 0.000, -nan, 0, 0 
154444, 312997308, 0.492, inf, -454.994, 250.000, 0.000, -nan, 0, 0 
154444, 314510758, 0.492, -nan, -454.967, 250.000, 0.000, -nan, 0, 0 
154444, 316025574, 0.492, -nan, -454.981, 250.000, 0.000, -nan, 0, 0 
154444, 317537100, 0.492, -nan, -454.994, 250.000, 0.000, -nan, 0, 0 
154444, 319052808, 0.493, inf, -454.994, 250.000, 0.000, -nan, 0, 0 
154444, 320567682, 0.494, inf, -454.981, 250.000, 0.000, -nan, 0, 0 
154444, 322079687, 0.494, -nan, -454.981, 250.000, 0.000, -nan, 0, 0 
154444, 323591600, 0.494, -nan, -454.981, 250.000, 0.000, -nan, 0, 0 
154444, 325103554, 0.494, -nan, -454.981, 250.000, 0.000, -nan, 0, 0 
154444, 326619168, 0.494, -nan, -454.981, 250.000, 0.000, -nan, 0, 0 
154444, 328172668, 0.496, inf, -454.967, 250.000, 0.000, -nan, 0, 0 
154444, 329782187, 0.497, inf, -454.981, 250.000, 0.000, -nan, 0, 0 
154444, 331397702, 0.498, inf, -454.981, 250.000, 0.000, -nan, 0, 0 
154444, 332955708, 0.499, inf, -454.994, 250.000, 0.000, -nan, 0, 0 
154444, 334516397, 0.500, inf, -454.981, 250.000, 0.000, -nan, 0, 0 
154444, 336078008, 0.501, inf, -454.994, 250.000, 0.000, -nan, 0, 0 
154444, 337661522, 0.501, -nan, -454.994, 250.000, 0.000, -nan, 0, 0 
154444, 339204989, 0.501, -nan, -454.981, 250.000, 0.000, -nan, 0, 0 
154444, 340756439, 0.503, inf, -454.994, 250.000, 0.000, -nan, 0, 0 
154444, 342318672, 0.503, -nan, -454.981, 250.000, 0.000, -nan, 0, 0 
154444, 343928892, 0.503, -nan, -454.981, 250.000, 0.000, -nan, 0, 0 
154444, 345481934, 0.503, -nan, -454.981, 250.000, 0.000, -nan, 0, 0 
154444, 347035923, 0.503, -nan, -454.967, 250.000, 0.000, -nan, 0, 0 
154444, 348594179, 0.504, inf, -454.967, 250.000, 0.000, -nan, 0, 0 
154444, 350152833, 0.505, inf, -454.994, 250.000, 0.000, -nan, 0, 0 
154444, 351690412, 0.506, inf, -454.967, 250.000, 0.000, -nan, 0, 0 
154444, 353271692, 0.507, inf, -454.981, 250.000, 0.000, -nan, 0, 0 
154444, 354852481, 0.508, inf, -454.981, 250.000, 0.000, -nan, 0, 0 
154444, 356372161, 0.509, inf, -454.994, 250.000, 0.000, -nan, 0, 0 
154444, 357887988, 0.511, inf, -454.981, 250.000, 0.000, -nan, 0, 0 
154444, 359448526, 0.512, inf, -454.981, 250.000, 0.000, -nan, 0, 0 
154444, 360991074, 0.512, -nan, -454.994, 250.000, 0.000, -nan, 0, 0 
154444, 362502429, 0.512, -nan, -454.967, 250.000, 0.000, -nan, 0, 0 
154444, 364018334, 0.512, -nan, -454.981, 250.000, 0.000, -nan, 0, 0 
154444, 365529443, 0.512, -nan, -454.994, 250.000, 0.000, -nan, 0, 0 
154444, 367109573, 0.512, -nan, -454.981, 250.000, 0.000, -nan, 0, 0 
154444, 368691109, 0.512, -nan, -454.981, 250.000, 0.000, -nan, 0, 0 
154444, 370265178, 0.512, -nan, -454.994, 250.000, 0.000, -nan, 0, 0 
154444, 371789064, 0.512, -nan, -454.981, 250.000, 0.000, -nan, 0, 0 
154444, 373309814, 0.512, -nan, -454.967, 250.000, 0.000, -nan, 0, 0 
154444, 374894768, 0.512, -nan, -454.981, 250.000, 0.000, -nan, 0, 0 
154444, 376454680, 0.512, -nan, -454.994, 250.000, 0.000, -nan, 0, 0 
154444, 378017810, 0.512, -nan, -454.967, 250.000, 0.000, -nan, 0, 0 
154444, 379595003, 0.512, -nan, -454.967, 250.000, 0.000, -nan, 0, 0 
154444, 381172122, 0.512, -nan, -454.967, 250.000, 0.000, -nan, 0, 0 
154444, 382747413, 0.512, -nan, -454.994, 250.000, 0.000, -nan, 0, 0 
154444, 384328503, 0.513, inf, -454.981, 250.000, 0.000, -nan, 0, 0 
154444, 385912225, 0.514, inf, -454.994, 250.000, 0.000, -nan, 0, 0 
154444, 387493777, 0.515, inf, -454.994, 250.000, 0.000, -nan, 0, 0 
154444, 389053157, 0.516, inf, -454.994, 250.000, 0.000, -nan, 0, 0 
154444, 390611933, 0.517, inf, -454.981, 250.000, 0.000, -nan, 0, 0 
154444, 392169210, 0.519, inf, -454.981, 250.000, 0.000, -nan, 0, 0 
154444, 393678787, 0.520, inf, -454.967, 250.000, 0.000, -nan, 0, 0 
154444, 395259835, 0.521, inf, -454.994, 250.000, 0.000, -nan, 0, 0 
154444, 396840315, 0.521, -nan, -454.981, 250.000, 0.000, -nan, 0, 0 
154444, 398353152, 0.521, -nan, -454.981, 250.000, 0.000, -nan, 0, 0 
154444, 399864709, 0.522, inf, -454.994, 250.000, 0.000, -nan, 0, 0 
154444, 401444904, 0.522, -nan, -454.994, 250.000, 0.000, -nan, 0, 0 
154444, 403025059, 0.522, -nan, -454.981, 250.000, 0.000, -nan, 0, 0 
154444, 404537152, 0.522, -nan, -454.981, 250.000, 0.000, -nan, 0, 0 
154444, 406104779, 0.522, -nan, -454.967, 250.000, 0.000, -nan, 0, 0 
154444, 407617426, 0.522, -nan, -454.967, 250.000, 0.000, -nan, 0, 0 
154444, 409179882, 0.522, -nan, -454.981, 250.000, 0.000, -nan, 0, 0 
154444, 410755418, 0.523, inf, -454.967, 250.000, 0.000, -nan, 0, 0 
154444, 412332997, 0.524, inf, -454.981, 250.000, 0.000, -nan, 0, 0 
154444, 413907902, 0.524, -nan, -454.994, 250.000, 0.000, -nan, 0, 0 
154444, 415482376, 0.524, -nan, -454.981, 250.000, 0.000, -nan, 0, 0 
154444, 417061908, 0.524, -nan, -454.994, 250.000, 0.000, -nan, 0, 0 
154444, 418576034, 0.524, -nan, -454.981, 250.000, 0.000, -nan, 0, 0 
154444, 420137341, 0.524, -nan, -454.981, 250.000, 0.000, -nan, 0, 0 
154444, 421736121, 0.526, inf, -454.967, 250.000, 0.000, -nan, 0, 0 
154444, 423303248, 0.527, inf, -454.967, 250.000, 0.000, -nan, 0, 0 
154444, 424883597, 0.528, inf, -454.967, 250.000, 0.000, -nan, 0, 0 
154444, 426475268, 0.528, -nan, -454.981, 250.000, 0.000, -nan, 0, 0 
154444, 428062129, 0.528, -nan, -454.981, 250.000, 0.000, -nan, 0, 0 
154444, 429644857, 0.528, -nan, -454.967, 250.000, 0.000, -nan, 0, 0 
154444, 431225049, 0.528, -nan, -454.967, 250.000, 0.000, -nan, 0, 0 
154444, 432805638, 0.529, inf, -454.994, 250.000, 0.000, -nan, 0, 0 
154444, 434385301, 0.530, inf, -454.981, 250.000, 0.000, -nan, 0, 0 
154444, 435965385, 0.530, -nan, -454.981, 250.000, 0.000, -nan, 0, 0 
154444, 437581223, 0.530, -nan, -454.981, 250.000, 0.000, -nan, 0, 0 
154444, 439140704, 0.530, -nan, -454.981, 250.000, 0.000, -nan, 0, 0 
154444, 440655713, 0.531, inf, -454.981, 250.000, 0.000, -nan, 0, 0 
154444, 442230855, 0.532, inf, -454.994, 250.000, 0.000, -nan, 0, 0 
154444, 443807361, 0.532, -nan, -454.981, 250.000, 0.000, -nan, 0, 0 
154444, 445381857, 0.532, -nan, -454.967, 250.000, 0.000, -nan, 0, 0 
154444, 446959476, 0.532, -nan, -454.967, 250.000, 0.000, -nan, 0, 0 
154444, 448540810, 0.534, inf, -454.981, 250.000, 0.000, -nan, 0, 0 
154444, 450116746, 0.535, inf, -454.981, 250.000, 0.000, -nan, 0, 0 
154444, 451632186, 0.535, -nan, -454.994, 250.000, 0.000, -nan, 0, 0 
154444, 453186163, 0.535, -nan, -454.981, 250.000, 0.000, -nan, 0, 0 
154444, 454704157, 0.535, -nan, -454.994, 250.000, 0.000, -nan, 0, 0 
154444, 456219863, 0.535, -nan, -454.981, 250.000, 0.000, -nan, 0, 0 
154444, 457801008, 0.536, inf, -454.994, 250.000, 0.000, -nan, 0, 0 
154444, 459314044, 0.537, inf, -454.994, 250.000, 0.000, -nan, 0, 0 
154444, 460894607, 0.537, -nan, -454.981, 250.000, 0.000, -nan, 0, 0 
154444, 462412384, 0.537, -nan, -454.981, 250.000, 0.000, -nan, 0, 0 
154444, 463925552, 0.537, -nan, -454.967, 250.000, 0.000, -nan, 0, 0 
154444, 465437526, 0.538, inf, -454.994, 250.000, 0.000, -nan, 0, 0 
154444, 466955217, 0.539, inf, -454.981, 250.000, 0.000, -nan, 0, 0 
154444, 468506764, 0.540, inf, -454.981, 250.000, 0.000, -nan, 0, 0 
154444, 470019274, 0.540, -nan, -454.994, 250.000, 0.000, -nan, 0, 0 
154444, 471533219, 0.540, -nan, -454.994, 250.000, 0.000, -nan, 0, 0 
154444, 473047557, 0.542, inf, -454.981, 250.000, 0.000, -nan, 0, 0 
154444, 474583925, 0.542, -nan, -454.994, 250.000, 0.000, -nan, 0, 0 
154444, 476099479, 0.543, inf, -454.967, 250.000, 0.000, -nan, 0, 0 
154444, 477611139, 0.543, -nan, -454.967, 250.000, 0.000, -nan, 0, 0 
154444, 479185453, 0.544, inf, -454.967, 250.000, 0.000, -nan, 0, 0 
154444, 480698234, 0.545, inf, -454.981, 250.000, 0.000, -nan, 0, 0 
154444, 482209919, 0.546, inf, -454.981, 250.000, 0.000, -nan, 0, 0 
154444, 483753061, 0.546, -nan, -454.981, 250.000, 0.000, -nan, 0, 0 
154444, 485265845, 0.546, -nan, -454.967, 250.000, 0.000, -nan, 0, 0 
154444, 486788890, 0.547, inf, -454.967, 250.000, 0.000, -nan, 0, 0 
154444, 488303410, 0.549, inf, -454.981, 250.000, 0.000, -nan, 0, 0 
154444, 489824484, 0.549, -nan, -454.981, 250.000, 0.000, -nan, 0, 0 
154444, 491349426, 0.550, inf, -454.994, 250.000, 0.000, -nan, 0, 0 
154444, 492902035, 0.551, inf, -454.981, 250.000, 0.000, -nan, 0, 0 
154444, 494431978, 0.551, -nan, -454.967, 250.000, 0.000, -nan, 0, 0 
154444, 496021837, 0.551, -nan, -454.981, 250.000, 0.000, -nan, 0, 0 
154444, 497598515, 0.552, inf, -454.994, 250.000, 0.000, -nan, 0, 0 
154444, 499212894, 0.553, inf, -454.994, 250.000, 0.000, -nan, 0, 0 
154444, 500785692, 0.553, -nan, -454.981, 250.000, 0.000, -nan, 0, 0 
154444, 502303328, 0.554, inf, -454.967, 250.000, 0.000, -nan, 0, 0 
154444, 503909553, 0.555, inf, -454.981, 250.000, 0.000, -nan, 0, 0 
154444, 505486748, 0.555, -nan, -454.967, 250.000, 0.000, -nan, 0, 0 
154444, 507070480, 0.557, inf, -454.981, 250.000, 0.000, -nan, 0, 0 
154444, 508652083, 0.557, -nan, -454.967, 250.000, 0.000, -nan, 0, 0 
154444, 510234754, 0.557, -nan, -454.994, 250.000, 0.000, -nan, 0, 0 
154444, 511814290, 0.558, inf, -454.967, 250.000, 0.000, -nan, 0, 0 
154444, 513326881, 0.558, -nan, -454.994, 250.000, 0.000, -nan, 0, 0 
154444, 514873290, 0.558, -nan, -454.981, 250.000, 0.000, -nan, 0, 0 
154444, 516389638, 0.559, inf, -454.981, 250.000, 0.000, -nan, 0, 0 
154444, 517910873, 0.559, -nan, -454.981, 250.000, 0.000, -nan, 0, 0 
154444, 519440985, 0.559, -nan, -454.994, 250.000, 0.000, -nan, 0, 0 
154444, 521023405, 0.560, inf, -454.981, 250.000, 0.000, -nan, 0, 0 
154444, 522581040, 0.561, inf, -454.967, 250.000, 0.000, -nan, 0, 0 
154444, 524158978, 0.562, inf, -454.994, 250.000, 0.000, -nan, 0, 0 
154444, 525695734, 0.563, inf, -454.994, 250.000, 0.000, -nan, 0, 0 
154444, 527270577, 0.563, -nan, -454.981, 250.000, 0.000, -nan, 0, 0 
154444, 528845795, 0.565, inf, -454.981, 250.000, 0.000, -nan, 0, 0 
