Thu Feb 28 13:45:32 2019
Controller Frequency: 1.00 kHz
Time(s), Time(ns), x, xa, v, va, v_unfilt, f, f_unfilt, xdes, vdes, cmd, LSB, LSF
89019, 479222374, 0.000, 200.000, 0.000, -0.000, 0.000, 0.025, 0.246, 200.000, 0.000, 1.940, 0, 0 
89019, 480616305, 0.000, 200.000, 0.000, 0.004, 0.000, -0.398, -3.981, 200.000, 0.000, 1.940, 0, 0 
89019, 481620652, 0.000, 200.000, 0.000, 0.006, 0.000, -0.200, -2.246, 200.000, 0.000, 1.940, 0, 0 
89019, 482625231, 0.000, 200.000, 0.000, 0.010, 0.000, -0.466, -0.921, 200.000, 0.000, 1.940, 0, 0 
89019, 483629419, 0.000, 200.000, 0.000, 0.017, 0.000, -0.627, -0.290, 200.000, 0.000, 1.940, 0, 0 
89019, 484634020, 0.000, 200.000, 0.000, 0.023, 0.000, -0.700, -0.101, 200.000, 0.000, 1.940, 0, 0 
89019, 485638636, 0.000, 200.000, 0.000, 0.031, 0.000, -0.733, -0.132, 200.000, 0.000, 1.940, 0, 0 
89019, 486643396, 0.000, 200.000, 0.000, 0.038, 0.000, -0.752, -0.227, 200.000, 0.000, 1.940, 0, 0 
89019, 487735927, 0.000, 200.000, 0.000, 0.045, 0.000, -0.765, -0.227, 200.000, 0.000, 1.940, 0, 0 
89019, 488744534, 0.000, 200.000, 0.000, 0.053, 0.000, -0.775, -0.101, 200.000, 0.000, 1.940, 0, 0 
89019, 489776112, 0.000, 200.000, 0.000, 0.061, 0.000, -0.789, -0.006, 200.000, 0.000, 1.940, 1, 0 
89019, 490786208, 0.000, 200.000, 0.000, 0.069, 0.000, -0.830, -0.069, 200.000, 0.000, 1.940, 1, 0 
89019, 491844552, 0.000, 200.000, 0.000, 0.073, 0.000, -0.429, -0.038, 200.000, 0.000, 1.940, 1, 0 
89019, 492923656, 0.000, 200.000, 0.000, 0.074, 0.000, -0.211, -0.038, 200.000, 0.000, 1.940, 1, 0 
89019, 493985429, 0.000, 200.001, 0.000, 0.075, 0.000, -0.120, -0.006, 200.000, 0.000, 1.940, 1, 0 
89019, 495060413, 0.000, 200.001, 0.000, 0.076, 0.000, -0.060, 0.341, 200.000, 0.000, 1.940, 1, 0 
89019, 496142315, 0.000, 200.001, 0.000, 0.076, 0.000, -0.069, 0.151, 200.000, 0.000, 1.940, 1, 0 
89019, 497217226, 0.000, 200.001, 0.000, 0.076, 0.000, -0.028, 0.088, 200.000, 0.000, 1.940, 1, 0 
89019, 498295780, 0.000, 200.001, 0.000, 0.076, 0.000, -0.003, -0.038, 200.000, 0.000, 1.940, 1, 0 
89019, 499380232, 0.000, 200.001, 0.000, 0.075, 0.000, 0.028, -0.038, 200.000, 0.000, 1.940, 1, 0 
89019, 500462862, 0.000, 200.001, 0.000, 0.074, 0.000, 0.038, -0.006, 200.000, 0.000, 1.940, 1, 0 
89019, 501581834, 0.000, 200.001, 0.000, 0.073, 0.000, 0.038, 0.025, 200.000, 0.000, 1.940, 1, 0 
89019, 502677542, 0.000, 200.001, 0.000, 0.073, 0.000, 0.025, -0.164, 200.000, 0.000, 1.940, 1, 0 
89019, 503773265, 0.000, 200.001, 0.000, 0.072, 0.000, 0.025, -0.227, 200.000, 0.000, 1.940, 1, 0 
89019, 504823843, 0.000, 200.001, 0.000, 0.072, 0.000, 0.009, -0.259, 200.000, 0.000, 1.940, 1, 0 
89019, 505875649, 0.000, 200.001, 0.000, 0.071, 0.000, 0.009, -0.038, 200.000, 0.000, 1.940, 1, 0 
89019, 506929840, 0.000, 200.001, 0.000, 0.072, 0.000, -0.057, -0.101, 200.000, 0.000, 1.940, 1, 0 
89019, 507975031, 0.000, 200.001, 0.000, 0.072, 0.000, -0.066, -0.006, 200.000, 0.000, 1.940, 1, 0 
89019, 509026759, 0.000, 200.002, 0.000, 0.073, 0.000, -0.088, -0.038, 200.000, 0.000, 1.940, 1, 0 
89019, 510069382, 0.000, 200.002, 0.000, 0.073, 0.000, -0.079, 0.025, 200.000, 0.000, 1.940, 1, 0 
