Thu Nov 29 11:07:36 2018
Controller Frequency: 1.50 kHz
Time(s), Time(ns), x, v, f, xdes, vdes, cmd, LSB, LSF
151997, 567344975, 0.000, 0.000, -454.981, 250.000, 0.000, 2.350, 0, 0 
151997, 568865957, 0.000, 0.000, -454.967, 250.000, 0.000, 2.350, 0, 0 
151997, 570470337, 0.000, 0.000, -454.967, 250.000, 0.000, 2.350, 0, 0 
151997, 572076881, 0.000, 0.000, -454.981, 250.000, 0.000, 2.350, 0, 0 
151997, 573680591, 0.000, 0.000, -454.981, 250.000, 0.000, 2.350, 0, 0 
151997, 575285902, 0.000, 0.000, -454.967, 250.000, 0.000, 2.350, 0, 0 
151997, 576795591, 0.000, 0.000, -454.981, 250.000, 0.000, 2.350, 0, 0 
151997, 578392557, 0.000, 0.000, -454.967, 250.000, 0.000, 2.350, 0, 0 
151997, 579988867, 0.000, 0.000, -454.981, 250.000, 0.000, 2.350, 0, 0 
151997, 581567019, 0.000, 0.000, -454.994, 250.000, 0.000, 2.350, 0, 0 
151997, 583175033, 0.000, 0.000, -454.981, 250.000, 0.000, 2.350, 0, 0 
151997, 584757855, 0.000, 0.000, -454.981, 250.000, 0.000, 2.350, 0, 0 
151997, 586350783, 0.000, 0.000, -454.967, 250.000, 0.000, 2.350, 0, 0 
151997, 587860496, 0.000, 0.000, -454.981, 250.000, 0.000, 2.350, 0, 0 
151997, 589367531, 0.000, 0.000, -454.981, 250.000, 0.000, 2.350, 0, 0 
151997, 590874357, 0.000, 0.000, -454.967, 250.000, 0.000, 2.350, 0, 0 
151997, 592384569, 0.000, 0.000, -454.981, 250.000, 0.000, 2.350, 0, 0 
151997, 593892804, 0.000, 0.000, -454.967, 250.000, 0.000, 2.350, 0, 0 
151997, 595468839, 0.000, 0.000, -454.981, 250.000, 0.000, 2.350, 0, 0 
151997, 597060946, 0.000, 0.000, -454.967, 250.000, 0.000, 2.350, 0, 0 
151997, 598680494, 0.000, 0.000, -454.967, 250.000, 0.000, 2.350, 0, 0 
151997, 600288731, 0.000, 0.000, -454.981, 250.000, 0.000, 2.350, 0, 0 
151997, 601883739, 0.000, 0.000, -454.981, 250.000, 0.000, 2.350, 0, 0 
151997, 603481131, 0.000, 0.000, -454.981, 250.000, 0.000, 2.350, 0, 0 
151997, 605077421, 0.000, 0.000, -454.967, 250.000, 0.000, 2.350, 0, 0 
151997, 606699226, 0.000, 0.000, -454.981, 250.000, 0.000, 2.350, 0, 0 
151997, 608289880, 0.000, 0.000, -454.981, 250.000, 0.000, 2.350, 0, 0 
151997, 609883049, 0.000, 0.000, -454.967, 250.000, 0.000, 2.350, 0, 0 
151997, 611472324, 0.000, 0.000, -454.994, 250.000, 0.000, 2.350, 0, 0 
151997, 613060005, 0.000, 0.000, -454.981, 250.000, 0.000, 2.350, 0, 0 
151997, 614689858, 0.000, 0.000, -454.981, 250.000, 0.000, 2.350, 0, 0 
151997, 616211507, 0.000, 0.000, -454.994, 250.000, 0.000, 2.350, 0, 0 
151997, 617749888, 0.000, 0.000, -454.981, 250.000, 0.000, 2.350, 0, 0 
151997, 619315511, 0.000, 0.000, -454.981, 250.000, 0.000, 2.350, 0, 0 
151997, 620883458, 0.000, 0.000, -454.981, 250.000, 0.000, 2.350, 0, 0 
151997, 622399591, 0.000, 0.000, -454.981, 250.000, 0.000, 2.350, 0, 0 
151997, 623965191, 0.000, 0.000, -454.994, 250.000, 0.000, 2.350, 0, 0 
151997, 625507882, 0.000, 0.000, -454.981, 250.000, 0.000, 2.350, 0, 0 
151997, 627024054, 0.000, 0.000, -454.994, 250.000, 0.000, 2.350, 0, 0 
151997, 628596395, 0.000, 0.000, -454.994, 250.000, 0.000, 2.350, 0, 0 
151997, 630198227, 0.000, 0.000, -454.994, 250.000, 0.000, 2.350, 0, 0 
151997, 631764618, 0.000, 0.000, -454.967, 250.000, 0.000, 2.350, 0, 0 
151997, 633336618, 0.000, 0.000, -454.981, 250.000, 0.000, 2.350, 0, 0 
151997, 634903556, 0.000, 0.000, -454.981, 250.000, 0.000, 2.350, 0, 0 
151997, 636476104, 0.000, 0.000, -454.981, 250.000, 0.000, 2.350, 0, 0 
151997, 637991104, 0.000, 0.000, -454.981, 250.000, 0.000, 2.350, 0, 0 
151997, 639536488, 0.000, 0.000, -454.967, 250.000, 0.000, 2.350, 0, 0 
151997, 641102723, 0.000, 0.000, -454.981, 250.000, 0.000, 2.350, 0, 0 
151997, 642671853, 0.000, 0.000, -454.981, 250.000, 0.000, 2.350, 0, 0 
151997, 644257955, 0.000, 0.000, -454.981, 250.000, 0.000, 2.350, 0, 0 
151997, 645833410, 0.000, 0.000, -454.981, 250.000, 0.000, 2.350, 0, 0 
151997, 647390171, 0.000, 0.000, -454.981, 250.000, 0.000, 2.350, 0, 0 
151997, 648974476, 0.000, 0.000, -454.981, 250.000, 0.000, 2.350, 0, 0 
151997, 650535504, 0.000, 0.000, -454.967, 250.000, 0.000, 2.350, 0, 0 
151997, 652055816, 0.000, 0.000, -454.967, 250.000, 0.000, 2.350, 0, 0 
151997, 653655801, 0.000, 0.000, -454.967, 250.000, 0.000, 2.350, 0, 0 
151997, 655218625, 0.000, 0.000, -454.967, 250.000, 0.000, 2.350, 0, 0 
151997, 656809727, 0.000, 0.000, -454.981, 250.000, 0.000, 2.350, 0, 0 
151997, 658413333, 0.000, 0.000, -454.994, 250.000, 0.000, 2.350, 0, 0 
151997, 660017160, 0.000, 0.000, -454.967, 250.000, 0.000, 2.350, 0, 0 
151997, 661574088, 0.000, 0.000, -454.981, 250.000, 0.000, 2.350, 0, 0 
151997, 663091497, 0.000, 0.000, -454.994, 250.000, 0.000, 2.350, 0, 0 
151997, 664641472, 0.000, 0.000, -454.981, 250.000, 0.000, 2.350, 0, 0 
151997, 666207369, 0.000, 0.000, -454.981, 250.000, 0.000, 2.350, 0, 0 
151997, 667792263, 0.000, 0.000, -454.967, 250.000, 0.000, 2.350, 0, 0 
151997, 669349312, 0.000, 0.000, -454.994, 250.000, 0.000, 2.350, 0, 0 
151997, 670949281, 0.000, 0.000, -454.981, 250.000, 0.000, 2.350, 0, 0 
151997, 672508300, 0.000, 0.000, -454.981, 250.000, 0.000, 2.350, 0, 0 
151997, 674109831, 0.000, 0.000, -454.967, 250.000, 0.000, 2.350, 0, 0 
151997, 675624593, 0.000, 0.000, -454.981, 250.000, 0.000, 2.350, 0, 0 
151997, 677215224, 0.000, 0.000, -454.981, 250.000, 0.000, 2.350, 0, 0 
151997, 678793500, 0.000, 0.000, -454.967, 250.000, 0.000, 2.350, 0, 0 
151997, 680306476, 0.000, 0.000, -454.981, 250.000, 0.000, 2.350, 0, 0 
151997, 681895553, 0.000, 0.000, -454.967, 250.000, 0.000, 2.350, 0, 0 
151997, 683480334, 0.000, 0.000, -454.994, 250.000, 0.000, 2.350, 0, 0 
151997, 685070036, 0.000, 0.000, -454.981, 250.000, 0.000, 2.350, 0, 0 
151997, 686649417, 0.000, 0.000, -454.994, 250.000, 0.000, 2.350, 0, 0 
151997, 688236377, 0.000, 0.000, -454.994, 250.000, 0.000, 2.350, 0, 0 
151997, 689803929, 0.000, 0.000, -454.967, 250.000, 0.000, 2.350, 0, 0 
151997, 691315751, 0.000, 0.000, -454.981, 250.000, 0.000, 2.350, 0, 0 
151997, 692930625, 0.000, 0.000, -454.967, 250.000, 0.000, 2.350, 0, 0 
151997, 694443016, 0.000, 0.000, -454.967, 250.000, 0.000, 2.350, 0, 0 
151997, 695954715, 0.000, 0.000, -454.967, 250.000, 0.000, 2.350, 0, 0 
151997, 697496764, 0.000, 0.000, -454.981, 250.000, 0.000, 2.350, 0, 0 
151997, 699009126, 0.000, 0.000, -454.981, 250.000, 0.000, 2.350, 0, 0 
151997, 700593908, 0.000, 0.000, -454.967, 250.000, 0.000, 2.350, 0, 0 
151997, 702183293, 0.000, 0.000, -454.981, 250.000, 0.000, 2.350, 0, 0 
151997, 703742147, 0.000, 0.000, -454.994, 250.000, 0.000, 2.350, 0, 0 
151997, 705319151, 0.000, 0.000, -454.994, 250.000, 0.000, 2.350, 0, 0 
151997, 706829793, 0.000, 0.000, -454.967, 250.000, 0.000, 2.350, 0, 0 
151997, 708455161, 0.000, 0.000, -454.967, 250.000, 0.000, 2.350, 0, 0 
151997, 709968107, 0.000, 0.000, -454.981, 250.000, 0.000, 2.350, 0, 0 
151997, 711531953, 0.000, 0.000, -454.967, 250.000, 0.000, 2.350, 0, 0 
151997, 713078048, 0.000, 0.000, -454.967, 250.000, 0.000, 2.350, 0, 0 
151997, 714590715, 0.000, 0.000, -454.981, 250.000, 0.000, 2.350, 0, 0 
151997, 716183268, 0.000, 0.000, -454.967, 250.000, 0.000, 2.350, 0, 0 
151997, 717697181, 0.000, 0.000, -454.981, 250.000, 0.000, 2.350, 0, 0 
151997, 719287023, 0.000, 0.000, -454.967, 250.000, 0.000, 2.350, 0, 0 
151997, 720877017, 0.000, 0.000, -454.981, 250.000, 0.000, 2.350, 0, 0 
151997, 722389439, 0.000, 0.000, -454.994, 250.000, 0.000, 2.350, 0, 0 
151997, 724012876, 0.000, 0.000, -454.967, 250.000, 0.000, 2.350, 0, 0 
151997, 725525096, 0.000, 0.000, -454.981, 250.000, 0.000, 2.350, 0, 0 
151997, 727119580, 0.000, 0.000, -454.981, 250.000, 0.000, 2.350, 0, 0 
151997, 728701429, 0.000, 0.000, -454.967, 250.000, 0.000, 2.350, 0, 0 
151997, 730286690, 0.000, 0.000, -454.967, 250.000, 0.000, 2.350, 0, 0 
151997, 731800418, 0.000, 0.000, -454.967, 250.000, 0.000, 2.350, 0, 0 
151997, 733312196, 0.000, 0.000, -454.967, 250.000, 0.000, 2.350, 0, 0 
151997, 734896946, 0.000, 0.000, -454.981, 250.000, 0.000, 2.350, 0, 0 
151997, 736432664, 0.000, 0.000, -454.994, 250.000, 0.000, 2.350, 0, 0 
151997, 738025426, 0.000, 0.000, -454.981, 250.000, 0.000, 2.350, 0, 0 
151997, 739640289, 0.000, 0.000, -454.981, 250.000, 0.000, 2.350, 0, 0 
151997, 741152709, 0.000, 0.000, -454.981, 250.000, 0.000, 2.350, 0, 0 
151997, 742743601, 0.000, 0.000, -454.981, 250.000, 0.000, 2.350, 0, 0 
151997, 744276471, 0.000, 0.000, -454.981, 250.000, 0.000, 2.350, 0, 0 
151997, 745788191, 0.000, 0.000, -454.967, 250.000, 0.000, 2.350, 0, 0 
151997, 747300841, 0.000, 0.000, -454.967, 250.000, 0.000, 2.350, 0, 0 
151997, 748894538, 0.000, 0.000, -454.981, 250.000, 0.000, 2.350, 0, 0 
151997, 750406347, 0.000, 0.000, -454.981, 250.000, 0.000, 2.350, 0, 0 
151997, 751995168, 0.000, 0.000, -454.981, 250.000, 0.000, 2.350, 0, 0 
151997, 753507669, 0.000, 0.000, -454.981, 250.000, 0.000, 2.350, 0, 0 
151997, 755069914, 0.000, 0.000, -454.981, 250.000, 0.000, 2.350, 0, 0 
151997, 756582578, 0.000, 0.000, -454.967, 250.000, 0.000, 2.350, 0, 0 
151997, 758097796, 0.000, 0.000, -454.981, 250.000, 0.000, 2.350, 0, 0 
151997, 759675694, 0.000, 0.000, -454.981, 250.000, 0.000, 2.350, 0, 0 
151997, 761192476, 0.000, 0.000, -454.981, 250.000, 0.000, 2.350, 0, 0 
151997, 762786157, 0.000, 0.000, -454.981, 250.000, 0.000, 2.350, 0, 0 
151997, 764302425, 0.000, 0.000, -454.981, 250.000, 0.000, 2.350, 0, 0 
151997, 765901645, 0.000, 0.000, -454.981, 250.000, 0.000, 2.350, 0, 0 
151997, 767418863, 0.000, 0.000, -454.981, 250.000, 0.000, 2.350, 0, 0 
151997, 769015413, 0.000, 0.000, -454.981, 250.000, 0.000, 2.350, 0, 0 
151997, 770657830, 0.000, 0.000, -454.967, 250.000, 0.000, 2.350, 0, 0 
151997, 772170865, 0.000, 0.000, -454.981, 250.000, 0.000, 2.350, 0, 0 
151997, 773684743, 0.000, 0.000, -454.967, 250.000, 0.000, 2.350, 0, 0 
151997, 775267155, 0.000, 0.000, -454.981, 250.000, 0.000, 2.350, 0, 0 
151997, 776778492, 0.000, 0.000, -454.967, 250.000, 0.000, 2.350, 0, 0 
151997, 778290016, 0.000, 0.000, -454.981, 250.000, 0.000, 2.350, 0, 0 
151997, 779878867, 0.000, 0.000, -454.994, 250.000, 0.000, 2.350, 0, 0 
151997, 781456163, 0.000, 0.000, -454.981, 250.000, 0.000, 2.350, 0, 0 
151997, 782968717, 0.000, 0.000, -454.967, 250.000, 0.000, 2.350, 0, 0 
151997, 784480826, 0.000, 0.000, -454.981, 250.000, 0.000, 2.350, 0, 0 
151997, 786098247, 0.000, 0.000, -454.967, 250.000, 0.000, 2.350, 0, 0 
151997, 787610336, 0.000, 0.000, -454.967, 250.000, 0.000, 2.350, 0, 0 
151997, 789153228, 0.000, 0.000, -454.981, 250.000, 0.000, 2.350, 0, 0 
151997, 790736570, 0.000, 0.000, -454.981, 250.000, 0.000, 2.350, 0, 0 
151997, 792248817, 0.000, 0.000, -454.981, 250.000, 0.000, 2.350, 0, 0 
151997, 793829080, 0.000, 0.000, -454.981, 250.000, 0.000, 2.350, 0, 0 
151997, 795412122, 0.000, 0.000, -454.953, 250.000, 0.000, 2.350, 0, 0 
151997, 796924185, 0.000, 0.000, -454.967, 250.000, 0.000, 2.350, 0, 0 
151997, 798437029, 0.000, 0.000, -454.981, 250.000, 0.000, 2.350, 0, 0 
151997, 799949151, 0.000, 0.000, -454.981, 250.000, 0.000, 2.350, 0, 0 
151997, 801532676, 0.000, 0.000, -454.994, 250.000, 0.000, 2.350, 0, 0 
151997, 803044832, 0.000, 0.000, -454.981, 250.000, 0.000, 2.350, 0, 0 
151997, 804589551, 0.000, 0.000, -454.981, 250.000, 0.000, 2.350, 0, 0 
151997, 806133187, 0.000, 0.000, -454.967, 250.000, 0.000, 2.350, 0, 0 
151997, 807679164, 0.000, 0.000, -454.967, 250.000, 0.000, 2.350, 0, 0 
151997, 809223058, 0.000, 0.000, -454.981, 250.000, 0.000, 2.350, 0, 0 
151997, 810739720, 0.000, 0.000, -454.953, 250.000, 0.000, 2.350, 0, 0 
151997, 812258593, 0.000, 0.000, -454.981, 250.000, 0.000, 2.350, 0, 0 
151997, 813805144, 0.000, 0.000, -454.981, 250.000, 0.000, 2.350, 0, 0 
151997, 815321131, 0.000, 0.000, -454.967, 250.000, 0.000, 2.350, 0, 0 
151997, 816878929, 0.000, 0.000, -454.994, 250.000, 0.000, 2.350, 0, 0 
151997, 818394748, 0.000, 0.000, -454.967, 250.000, 0.000, 2.350, 0, 0 
151997, 819940011, 0.000, 0.000, -454.967, 250.000, 0.000, 2.350, 0, 0 
151997, 821456789, 0.000, 0.000, -454.994, 250.000, 0.000, 2.350, 0, 0 
151997, 822994791, 0.000, 0.000, -454.981, 250.000, 0.000, 2.350, 0, 0 
151997, 824533384, 0.000, 0.000, -454.981, 250.000, 0.000, 2.350, 0, 0 
151997, 826045377, 0.000, 0.000, -454.981, 250.000, 0.000, 2.350, 0, 0 
151997, 827591423, 0.000, 0.000, -454.981, 250.000, 0.000, 2.350, 0, 0 
151997, 829149289, 0.000, 0.000, -454.981, 250.000, 0.000, 2.350, 0, 0 
151997, 830692077, 0.000, 0.000, -454.994, 250.000, 0.000, 2.350, 0, 0 
151997, 832303107, 0.000, 0.000, -454.967, 250.000, 0.000, 2.350, 0, 0 
151997, 833903467, 0.000, 0.000, -454.981, 250.000, 0.000, 2.350, 0, 0 
151997, 835490681, 0.000, 0.000, -454.981, 250.000, 0.000, 2.350, 0, 0 
151997, 837082739, 0.000, 0.000, -454.994, 250.000, 0.000, 2.350, 0, 0 
151997, 838663909, 0.000, 0.000, -454.981, 250.000, 0.000, 2.350, 0, 0 
151997, 840168985, 0.000, 0.000, -454.981, 250.000, 0.000, 2.350, 0, 0 
151997, 841770657, 0.000, 0.000, -454.994, 250.000, 0.000, 2.350, 0, 0 
151997, 843369732, 0.000, 0.000, -454.967, 250.000, 0.000, 2.350, 0, 0 
151997, 844963611, 0.000, 0.000, -454.994, 250.000, 0.000, 2.350, 0, 0 
151997, 846524073, 0.000, 0.000, -454.981, 250.000, 0.000, 2.350, 0, 0 
151997, 848129476, 0.000, 0.000, -454.967, 250.000, 0.000, 2.350, 0, 0 
151997, 849722187, 0.000, 0.000, -454.981, 250.000, 0.000, 2.350, 0, 0 
151997, 851323766, 0.000, 0.000, -454.967, 250.000, 0.000, 2.350, 0, 0 
151997, 852922702, 0.000, 0.000, -454.967, 250.000, 0.000, 2.350, 0, 0 
151997, 854507251, 0.000, 0.000, -454.981, 250.000, 0.000, 2.350, 0, 0 
151997, 856091534, 0.000, 0.000, -454.981, 250.000, 0.000, 2.350, 0, 0 
151997, 857679700, 0.000, 0.000, -454.967, 250.000, 0.000, 2.350, 0, 0 
151997, 859270362, 0.000, 0.000, -454.967, 250.000, 0.000, 2.350, 0, 0 
151997, 860860670, 0.000, 0.000, -454.967, 250.000, 0.000, 2.350, 0, 0 
151997, 862450400, 0.000, 0.000, -454.981, 250.000, 0.000, 2.350, 0, 0 
151997, 864079037, 0.000, 0.000, -454.981, 250.000, 0.000, 2.350, 0, 0 
151997, 865585520, 0.000, 0.000, -454.967, 250.000, 0.000, 2.350, 0, 0 
151997, 867174433, 0.000, 0.000, -454.967, 250.000, 0.000, 2.350, 0, 0 
151997, 868776222, 0.000, 0.000, -454.981, 250.000, 0.000, 2.350, 0, 0 
151997, 870282867, 0.000, 0.000, -454.981, 250.000, 0.000, 2.350, 0, 0 
151997, 871789071, 0.000, 0.000, -454.981, 250.000, 0.000, 2.350, 0, 0 
151997, 873383893, 0.000, 0.000, -454.967, 250.000, 0.000, 2.350, 0, 0 
151997, 874982466, 0.000, 0.000, -454.981, 250.000, 0.000, 2.350, 0, 0 
151997, 876557075, 0.000, 0.000, -454.981, 250.000, 0.000, 2.350, 0, 0 
151997, 878145210, 0.000, 0.000, -454.967, 250.000, 0.000, 2.350, 0, 0 
151997, 879674533, 0.000, 0.000, -454.981, 250.000, 0.000, 2.350, 0, 0 
151997, 881183874, 0.000, 0.000, -454.981, 250.000, 0.000, 2.350, 0, 0 
151997, 882736154, 0.000, 0.000, -454.981, 250.000, 0.000, 2.350, 0, 0 
151997, 884248541, 0.000, 0.000, -454.967, 250.000, 0.000, 2.350, 0, 0 
151997, 885834168, 0.000, 0.000, -454.967, 250.000, 0.000, 2.350, 0, 0 
151997, 887394632, 0.000, 0.000, -454.981, 250.000, 0.000, 2.350, 0, 0 
151997, 888907233, 0.000, 0.000, -454.994, 250.000, 0.000, 2.350, 0, 0 
151997, 890420297, 0.000, 0.000, -454.967, 250.000, 0.000, 2.350, 0, 0 
151997, 891932991, 0.000, 0.000, -454.967, 250.000, 0.000, 2.350, 0, 0 
151997, 893475524, 0.000, 0.000, -454.967, 250.000, 0.000, 2.350, 0, 0 
151997, 895030379, 0.000, 0.000, -454.967, 250.000, 0.000, 2.350, 0, 0 
151997, 896543989, 0.000, 0.000, -454.994, 250.000, 0.000, 2.350, 0, 0 
151997, 898127520, 0.000, 0.000, -454.981, 250.000, 0.000, 2.350, 0, 0 
151997, 899656344, 0.000, 0.000, -454.981, 250.000, 0.000, 2.350, 0, 0 
151997, 901168923, 0.000, 0.000, -454.981, 250.000, 0.000, 2.350, 0, 0 
151997, 902696708, 0.000, 0.000, -454.981, 250.000, 0.000, 2.350, 0, 0 
151997, 904212170, 0.000, 0.000, -454.967, 250.000, 0.000, 2.350, 0, 0 
151997, 905757707, 0.000, 0.000, -454.967, 250.000, 0.000, 2.350, 0, 0 
151997, 907300510, 0.000, 0.000, -454.994, 250.000, 0.000, 2.350, 0, 0 
151997, 908890021, 0.000, 0.000, -454.981, 250.000, 0.000, 2.350, 0, 0 
151997, 910444056, 0.000, 0.000, -454.967, 250.000, 0.000, 2.350, 0, 0 
151997, 911957578, 0.000, 0.000, -454.967, 250.000, 0.000, 2.350, 0, 0 
151997, 913504171, 0.000, 0.000, -454.981, 250.000, 0.000, 2.350, 0, 0 
151997, 915018266, 0.000, 0.000, -454.981, 250.000, 0.000, 2.350, 0, 0 
151997, 916568750, 0.000, 0.000, -454.981, 250.000, 0.000, 2.350, 0, 0 
151997, 918081515, 0.000, 0.000, -454.994, 250.000, 0.000, 2.350, 0, 0 
151997, 919595853, 0.000, 0.000, -454.981, 250.000, 0.000, 2.350, 0, 0 
151997, 921110553, 0.000, 0.000, -454.981, 250.000, 0.000, 2.350, 0, 0 
151997, 922623562, 0.000, 0.000, -454.981, 250.000, 0.000, 2.350, 0, 0 
151997, 924204088, 0.000, 0.000, -454.981, 250.000, 0.000, 2.350, 0, 0 
151997, 925770965, 0.000, 0.000, -454.967, 250.000, 0.000, 2.350, 0, 0 
151997, 927284682, 0.000, 0.000, -454.953, 250.000, 0.000, 2.350, 0, 0 
151997, 928862811, 0.000, 0.000, -454.981, 250.000, 0.000, 2.350, 0, 0 
151997, 930375520, 0.000, 0.000, -454.967, 250.000, 0.000, 2.350, 0, 0 
151997, 931887772, 0.000, 0.000, -454.981, 250.000, 0.000, 2.350, 0, 0 
151997, 933428921, 0.000, 0.000, -454.981, 250.000, 0.000, 2.350, 0, 0 
151997, 934968923, 0.000, 0.000, -454.967, 250.000, 0.000, 2.350, 0, 0 
151997, 936511970, 0.000, 0.000, -454.967, 250.000, 0.000, 2.350, 0, 0 
151997, 938062272, 0.000, 0.000, -454.981, 250.000, 0.000, 2.350, 0, 0 
151997, 939648246, 0.000, 0.000, -454.967, 250.000, 0.000, 2.350, 0, 0 
151997, 941201141, 0.000, 0.000, -454.994, 250.000, 0.000, 2.350, 0, 0 
151997, 942714338, 0.000, 0.000, -454.981, 250.000, 0.000, 2.350, 0, 0 
151997, 944225183, 0.000, 0.000, -454.981, 250.000, 0.000, 2.350, 0, 0 
151997, 945747906, 0.000, 0.000, -454.981, 250.000, 0.000, 2.350, 0, 0 
151997, 947275242, 0.000, 0.000, -454.967, 250.000, 0.000, 2.350, 0, 0 
151997, 948798177, 0.000, 0.000, -454.981, 250.000, 0.000, 2.350, 0, 0 
151997, 950364751, 0.000, 0.000, -454.981, 250.000, 0.000, 2.350, 0, 0 
151997, 951875918, 0.000, 0.000, -454.994, 250.000, 0.000, 2.350, 0, 0 
151997, 953419978, 0.000, 0.000, -454.967, 250.000, 0.000, 2.350, 0, 0 
151997, 954932677, 0.000, 0.000, -454.981, 250.000, 0.000, 2.350, 0, 0 
151997, 956528714, 0.000, 0.000, -454.981, 250.000, 0.000, 2.350, 0, 0 
151997, 958042543, 0.000, 0.000, -454.981, 250.000, 0.000, 2.350, 0, 0 
151997, 959553872, 0.000, 0.000, -454.994, 250.000, 0.000, 2.350, 0, 0 
151997, 961067392, 0.000, 0.000, -454.981, 250.000, 0.000, 2.350, 0, 0 
151997, 962654035, 0.000, 0.000, -454.981, 250.000, 0.000, 2.350, 0, 0 
151997, 964215761, 0.000, 0.000, -454.967, 250.000, 0.000, 2.350, 0, 0 
151997, 965781803, 0.000, 0.000, -454.967, 250.000, 0.000, 2.350, 0, 0 
151997, 967295588, 0.000, 0.000, -454.981, 250.000, 0.000, 2.350, 0, 0 
151997, 968809803, 0.000, 0.000, -454.981, 250.000, 0.000, 2.350, 0, 0 
151997, 970378618, 0.000, 0.000, -454.981, 250.000, 0.000, 2.350, 0, 0 
151997, 971934981, 0.000, 0.000, -454.967, 250.000, 0.000, 2.350, 0, 0 
151997, 973447835, 0.000, 0.000, -454.981, 250.000, 0.000, 2.350, 0, 0 
151997, 974963564, 0.000, 0.000, -454.981, 250.000, 0.000, 2.350, 0, 0 
151997, 976477735, 0.000, 0.000, -454.981, 250.000, 0.000, 2.350, 0, 0 
151997, 978039710, 0.000, 0.000, -454.967, 250.000, 0.000, 2.350, 0, 0 
151997, 979554043, 0.000, 0.000, -454.981, 250.000, 0.000, 2.350, 0, 0 
151997, 981132396, 0.000, 0.000, -454.994, 250.000, 0.000, 2.350, 0, 0 
151997, 982644975, 0.000, 0.000, -454.981, 250.000, 0.000, 2.350, 0, 0 
151997, 984160622, 0.000, 0.000, -454.967, 250.000, 0.000, 2.350, 0, 0 
151997, 985671938, 0.000, 0.000, -454.967, 250.000, 0.000, 2.350, 0, 0 
151997, 987274547, 0.000, 0.000, -454.994, 250.000, 0.000, 2.350, 0, 0 
151997, 988851648, 0.000, 0.000, -454.967, 250.000, 0.000, 2.350, 0, 0 
151997, 990420869, 0.000, 0.000, -454.994, 250.000, 0.000, 2.350, 0, 0 
151997, 991934486, 0.000, 0.000, -454.994, 250.000, 0.000, 2.350, 0, 0 
151997, 993447118, 0.000, 0.000, -454.981, 250.000, 0.000, 2.350, 0, 0 
151997, 994959683, 0.000, 0.000, -454.994, 250.000, 0.000, 2.350, 0, 0 
151997, 996472797, 0.000, 0.000, -454.981, 250.000, 0.000, 2.350, 0, 0 
151997, 997985741, 0.000, 0.000, -454.994, 250.000, 0.000, 2.350, 0, 0 
151997, 999498574, 0.000, 0.000, -454.981, 250.000, 0.000, 2.350, 0, 0 
151998, 1081315, 0.000, 0.000, -454.981, 250.000, 0.000, 2.350, 0, 0 
151998, 2655965, 0.000, 0.000, -454.981, 250.000, 0.000, 2.350, 0, 0 
151998, 4210310, 0.000, 0.000, -454.981, 250.000, 0.000, 2.350, 0, 0 
151998, 5723090, 0.000, 0.000, -454.981, 250.000, 0.000, 2.350, 0, 0 
151998, 7235967, 0.000, 0.000, -454.967, 250.000, 0.000, 2.350, 0, 0 
151998, 8750688, 0.000, 0.000, -454.967, 250.000, 0.000, 2.350, 0, 0 
151998, 10266101, 0.000, 0.000, -454.981, 250.000, 0.000, 2.350, 0, 0 
151998, 11848145, 0.000, 0.000, -454.981, 250.000, 0.000, 2.350, 0, 0 
151998, 13360945, 0.000, 0.000, -454.967, 250.000, 0.000, 2.350, 0, 0 
151998, 14962298, 0.000, 0.000, -454.967, 250.000, 0.000, 2.350, 0, 0 
151998, 16477674, 0.000, 0.000, -454.981, 250.000, 0.000, 2.350, 0, 0 
151998, 18024814, 0.000, 0.000, -454.981, 250.000, 0.000, 2.350, 0, 0 
151998, 19537003, 0.000, 0.000, -454.981, 250.000, 0.000, 2.350, 0, 0 
151998, 21049527, 0.000, 0.000, -454.967, 250.000, 0.000, 2.350, 0, 0 
151998, 22562147, 0.000, 0.000, -454.994, 250.000, 0.000, 2.350, 0, 0 
151998, 24075978, 0.000, 0.000, -454.994, 250.000, 0.000, 2.350, 0, 0 
151998, 25589781, 0.000, 0.000, -454.967, 250.000, 0.000, 2.350, 0, 0 
151998, 27101906, 0.000, 0.000, -454.981, 250.000, 0.000, 2.350, 0, 0 
151998, 28708592, 0.000, 0.000, -454.994, 250.000, 0.000, 2.350, 0, 0 
151998, 30224729, 0.000, 0.000, -454.981, 250.000, 0.000, 2.350, 0, 0 
151998, 31737062, 0.000, 0.000, -454.994, 250.000, 0.000, 2.350, 0, 0 
151998, 33363128, 0.000, 0.000, -454.967, 250.000, 0.000, 2.350, 0, 0 
151998, 34942354, 0.000, 0.000, -454.967, 250.000, 0.000, 2.350, 0, 0 
151998, 36504743, 0.000, 0.000, -454.967, 250.000, 0.000, 2.350, 0, 0 
151998, 38041765, 0.000, 0.000, -454.981, 250.000, 0.000, 2.350, 0, 0 
151998, 39626567, 0.000, 0.000, -454.981, 250.000, 0.000, 2.350, 0, 0 
151998, 41211973, 0.000, 0.000, -454.981, 250.000, 0.000, 2.350, 0, 0 
151998, 42756818, 0.000, 0.000, -454.981, 250.000, 0.000, 2.350, 0, 0 
151998, 44273438, 0.000, 0.000, -454.981, 250.000, 0.000, 2.350, 0, 0 
151998, 45853317, 0.000, 0.000, -454.981, 250.000, 0.000, 2.350, 0, 0 
151998, 47438692, 0.000, 0.000, -454.967, 250.000, 0.000, 2.350, 0, 0 
151998, 48987993, 0.000, 0.000, -454.981, 250.000, 0.000, 2.350, 0, 0 
151998, 50500473, 0.000, 0.000, -454.981, 250.000, 0.000, 2.350, 0, 0 
151998, 52093777, 0.000, 0.000, -454.981, 250.000, 0.000, 2.350, 0, 0 
151998, 53671160, 0.000, 0.000, -454.981, 250.000, 0.000, 2.350, 0, 0 
151998, 55264226, 0.000, 0.000, -454.994, 250.000, 0.000, 2.350, 0, 0 
151998, 56776454, 0.000, 0.000, -454.981, 250.000, 0.000, 2.350, 0, 0 
151998, 58371448, 0.000, 0.000, -454.981, 250.000, 0.000, 2.350, 0, 0 
151998, 59884354, 0.000, 0.000, -454.981, 250.000, 0.000, 2.350, 0, 0 
151998, 61475166, 0.000, 0.000, -454.967, 250.000, 0.000, 2.350, 0, 0 
151998, 63016717, 0.000, 0.000, -454.981, 250.000, 0.000, 2.350, 0, 0 
151998, 64565255, 0.000, 0.000, -454.981, 250.000, 0.000, 2.350, 0, 0 
151998, 66138129, 0.000, 0.000, -454.994, 250.000, 0.000, 2.350, 0, 0 
151998, 67727756, 0.000, 0.000, -454.967, 250.000, 0.000, 2.350, 0, 0 
151998, 69240599, 0.000, 0.000, -454.981, 250.000, 0.000, 2.350, 0, 0 
151998, 70753391, 0.000, 0.000, -454.981, 250.000, 0.000, 2.350, 0, 0 
151998, 72268246, 0.000, 0.000, -454.981, 250.000, 0.000, 2.350, 0, 0 
151998, 73789095, 0.000, 0.000, -454.967, 250.000, 0.000, 2.350, 0, 0 
151998, 75339224, 0.000, 0.000, -454.981, 250.000, 0.000, 2.350, 0, 0 
151998, 76851327, 0.000, 0.000, -454.981, 250.000, 0.000, 2.350, 0, 0 
151998, 78407824, 0.000, 0.000, -454.981, 250.000, 0.000, 2.350, 0, 0 
151998, 79955611, 0.000, 0.000, -454.981, 250.000, 0.000, 2.350, 0, 0 
151998, 81467599, 0.000, 0.000, -454.981, 250.000, 0.000, 2.350, 0, 0 
151998, 82979333, 0.000, 0.000, -454.994, 250.000, 0.000, 2.350, 0, 0 
151998, 84493365, 0.000, 0.000, -454.994, 250.000, 0.000, 2.350, 0, 0 
151998, 86075143, 0.000, 0.000, -454.967, 250.000, 0.000, 2.350, 0, 0 
151998, 87662179, 0.000, 0.000, -454.967, 250.000, 0.000, 2.350, 0, 0 
151998, 89174636, 0.000, 0.000, -454.994, 250.000, 0.000, 2.350, 0, 0 
151998, 90716203, 0.000, 0.000, -454.994, 250.000, 0.000, 2.350, 0, 0 
151998, 92229157, 0.000, 0.000, -454.981, 250.000, 0.000, 2.350, 0, 0 
151998, 93740651, 0.000, 0.000, -454.994, 250.000, 0.000, 2.350, 0, 0 
151998, 95360955, 0.000, 0.000, -454.981, 250.000, 0.000, 2.350, 0, 0 
151998, 96875636, 0.000, 0.000, -454.967, 250.000, 0.000, 2.350, 0, 0 
151998, 98388011, 0.000, 0.000, -454.981, 250.000, 0.000, 2.350, 0, 0 
151998, 99977773, 0.000, 0.000, -454.981, 250.000, 0.000, 2.350, 0, 0 
151998, 101537116, 0.000, 0.000, -454.981, 250.000, 0.000, 2.350, 0, 0 
151998, 103049409, 0.000, 0.000, -454.981, 250.000, 0.000, 2.350, 0, 0 
151998, 104560918, 0.000, 0.000, -454.981, 250.000, 0.000, 2.350, 0, 0 
151998, 106071917, 0.000, 0.000, -454.981, 250.000, 0.000, 2.350, 0, 0 
151998, 107585636, 0.000, 0.000, -454.981, 250.000, 0.000, 2.350, 0, 0 
151998, 109099703, 0.000, 0.000, -454.994, 250.000, 0.000, 2.350, 0, 0 
151998, 110656068, 0.000, 0.000, -454.981, 250.000, 0.000, 2.350, 0, 0 
151998, 112168588, 0.000, 0.000, -454.981, 250.000, 0.000, 2.350, 0, 0 
151998, 113717162, 0.000, 0.000, -454.981, 250.000, 0.000, 2.350, 0, 0 
151998, 115249523, 0.000, 0.000, -454.967, 250.000, 0.000, 2.350, 0, 0 
151998, 116847075, 0.000, 0.000, -454.981, 250.000, 0.000, 2.350, 0, 0 
151998, 118410657, 0.000, 0.000, -454.967, 250.000, 0.000, 2.350, 0, 0 
151998, 120016360, 0.000, 0.000, -454.981, 250.000, 0.000, 2.350, 0, 0 
151998, 121614190, 0.000, 0.000, -454.967, 250.000, 0.000, 2.350, 0, 0 
151998, 123222523, 0.000, 0.000, -454.967, 250.000, 0.000, 2.350, 0, 0 
151998, 124824502, 0.000, 0.000, -454.981, 250.000, 0.000, 2.350, 0, 0 
151998, 126446767, 0.000, 0.000, -454.981, 250.000, 0.000, 2.350, 0, 0 
151998, 127962579, 0.000, 0.000, -454.981, 250.000, 0.000, 2.350, 0, 0 
151998, 129477356, 0.000, 0.000, -454.981, 250.000, 0.000, 2.350, 0, 0 
151998, 130991992, 0.000, 0.000, -454.994, 250.000, 0.000, 2.350, 0, 0 
151998, 132505309, 0.000, 0.000, -454.981, 250.000, 0.000, 2.350, 0, 0 
151998, 134107321, 0.000, 0.000, -454.981, 250.000, 0.000, 2.350, 0, 0 
151998, 135707972, 0.000, 0.000, -454.967, 250.000, 0.000, 2.350, 0, 0 
151998, 137298899, 0.000, 0.000, -454.981, 250.000, 0.000, 2.350, 0, 0 
151998, 138814922, 0.000, 0.000, -454.981, 250.000, 0.000, 2.350, 0, 0 
151998, 140332797, 0.000, 0.000, -454.967, 250.000, 0.000, 2.350, 0, 0 
151998, 141964381, 0.000, 0.000, -454.967, 250.000, 0.000, 2.350, 0, 0 
151998, 143480424, 0.000, 0.000, -454.981, 250.000, 0.000, 2.350, 0, 0 
151998, 145086326, 0.000, 0.000, -454.967, 250.000, 0.000, 2.350, 0, 0 
151998, 146675434, 0.000, 0.000, -454.981, 250.000, 0.000, 2.350, 0, 0 
151998, 148193262, 0.000, 0.000, -454.981, 250.000, 0.000, 2.350, 0, 0 
151998, 149795964, 0.000, 0.000, -454.981, 250.000, 0.000, 2.350, 0, 0 
151998, 151403371, 0.000, 0.000, -454.981, 250.000, 0.000, 2.350, 0, 0 
151998, 153005783, 0.000, 0.000, -454.981, 250.000, 0.000, 2.350, 0, 0 
151998, 154602242, 0.000, 0.000, -454.981, 250.000, 0.000, 2.350, 0, 0 
151998, 156200492, 0.000, 0.000, -454.967, 250.000, 0.000, 2.350, 0, 0 
151998, 157784789, 0.000, 0.000, -454.967, 250.000, 0.000, 2.350, 0, 0 
151998, 159386756, 0.000, 0.000, -454.967, 250.000, 0.000, 2.350, 0, 0 
151998, 160905506, 0.000, 0.000, -454.967, 250.000, 0.000, 2.350, 0, 0 
151998, 162497137, 0.000, 0.000, -454.981, 250.000, 0.000, 2.350, 0, 0 
151998, 164103012, 0.000, 0.000, -454.981, 250.000, 0.000, 2.350, 0, 0 
151998, 165701863, 0.000, 0.000, -454.994, 250.000, 0.000, 2.350, 0, 0 
151998, 167307030, 0.000, 0.000, -454.981, 250.000, 0.000, 2.350, 0, 0 
151998, 168888668, 0.000, 0.000, -454.981, 250.000, 0.000, 2.350, 0, 0 
151998, 170474512, 0.000, 0.000, -454.967, 250.000, 0.000, 2.350, 0, 0 
151998, 172072580, 0.000, 0.000, -454.994, 250.000, 0.000, 2.350, 0, 0 
151998, 173639820, 0.000, 0.000, -454.981, 250.000, 0.000, 2.350, 0, 0 
151998, 175154967, 0.000, 0.000, -454.994, 250.000, 0.000, 2.350, 0, 0 
151998, 176670207, 0.000, 0.000, -454.981, 250.000, 0.000, 2.350, 0, 0 
151998, 178240445, 0.000, 0.000, -454.994, 250.000, 0.000, 2.350, 0, 0 
151998, 179830387, 0.000, 0.000, -454.994, 250.000, 0.000, 2.350, 0, 0 
151998, 181416534, 0.000, 0.000, -454.981, 250.000, 0.000, 2.350, 0, 0 
151998, 183009197, 0.000, 0.000, -454.994, 250.000, 0.000, 2.350, 0, 0 
151998, 184598382, 0.000, 0.000, -454.981, 250.000, 0.000, 2.350, 0, 0 
151998, 186112989, 0.000, 0.000, -454.967, 250.000, 0.000, 2.350, 0, 0 
151998, 187695520, 0.000, 0.000, -454.981, 250.000, 0.000, 2.350, 0, 0 
151998, 189270757, 0.000, 0.000, -454.981, 250.000, 0.000, 2.350, 0, 0 
151998, 190852832, 0.000, 0.000, -454.981, 250.000, 0.000, 2.350, 0, 0 
151998, 192382520, 0.000, 0.000, -454.981, 250.000, 0.000, 2.350, 0, 0 
151998, 193946820, 0.000, 0.000, -454.967, 250.000, 0.000, 2.350, 0, 0 
151998, 195468463, 0.000, 0.000, -454.981, 250.000, 0.000, 2.350, 0, 0 
151998, 197014445, 0.000, 0.000, -454.967, 250.000, 0.000, 2.350, 0, 0 
151998, 198528546, 0.000, 0.000, -454.981, 250.000, 0.000, 2.350, 0, 0 
151998, 200046254, 0.000, 0.000, -454.994, 250.000, 0.000, 2.350, 0, 0 
151998, 201628862, 0.000, 0.000, -454.981, 250.000, 0.000, 2.350, 0, 0 
151998, 203213044, 0.000, 0.000, -454.981, 250.000, 0.000, 2.350, 0, 0 
151998, 204770608, 0.000, 0.000, -454.994, 250.000, 0.000, 2.350, 0, 0 
151998, 206284789, 0.000, 0.000, -454.981, 250.000, 0.000, 2.350, 0, 0 
151998, 207858150, 0.000, 0.000, -454.981, 250.000, 0.000, 2.350, 0, 0 
151998, 209405207, 0.000, 0.000, -454.981, 250.000, 0.000, 2.350, 0, 0 
151998, 210922666, 0.000, 0.000, -454.994, 250.000, 0.000, 2.350, 0, 0 
151998, 212440733, 0.000, 0.000, -454.981, 250.000, 0.000, 2.350, 0, 0 
151998, 213998198, 0.000, 0.000, -454.967, 250.000, 0.000, 2.350, 0, 0 
151998, 215570364, 0.000, 0.000, -454.967, 250.000, 0.000, 2.350, 0, 0 
151998, 217090466, 0.000, 0.000, -454.994, 250.000, 0.000, 2.350, 0, 0 
151998, 218608400, 0.000, 0.000, -454.981, 250.000, 0.000, 2.350, 0, 0 
151998, 220190186, 0.000, 0.000, -454.981, 250.000, 0.000, 2.350, 0, 0 
151998, 221705633, 0.000, 0.000, -454.967, 250.000, 0.000, 2.350, 0, 0 
151998, 223226716, 0.000, 0.000, -454.981, 250.000, 0.000, 2.350, 0, 0 
151998, 224784189, 0.000, 0.000, -454.981, 250.000, 0.000, 2.350, 0, 0 
151998, 226301289, 0.000, 0.000, -454.967, 250.000, 0.000, 2.350, 0, 0 
151998, 227908436, 0.000, 0.000, -454.967, 250.000, 0.000, 2.350, 0, 0 
151998, 229506563, 0.000, 0.000, -454.981, 250.000, 0.000, 2.350, 0, 0 
151998, 231023686, 0.000, 0.000, -454.981, 250.000, 0.000, 2.350, 0, 0 
151998, 232542604, 0.000, 0.000, -454.981, 250.000, 0.000, 2.350, 0, 0 
151998, 234109556, 0.000, 0.000, -454.994, 250.000, 0.000, 2.350, 0, 0 
151998, 235734770, 0.000, 0.000, -454.981, 250.000, 0.000, 2.350, 0, 0 
151998, 237252494, 0.000, 0.000, -454.967, 250.000, 0.000, 2.350, 0, 0 
151998, 238812806, 0.000, 0.000, -454.967, 250.000, 0.000, 2.350, 0, 0 
151998, 240331187, 0.000, 0.000, -454.967, 250.000, 0.000, 2.350, 0, 0 
151998, 241848300, 0.000, 0.000, -454.981, 250.000, 0.000, 2.350, 0, 0 
151998, 243392651, 0.000, 0.000, -454.981, 250.000, 0.000, 2.350, 0, 0 
151998, 244969540, 0.000, 0.000, -454.981, 250.000, 0.000, 2.350, 0, 0 
151998, 246487562, 0.000, 0.000, -454.994, 250.000, 0.000, 2.350, 0, 0 
151998, 248018485, 0.000, 0.000, -454.967, 250.000, 0.000, 2.350, 0, 0 
151998, 249539907, 0.000, 0.000, -454.994, 250.000, 0.000, 2.350, 0, 0 
151998, 251151859, 0.000, 0.000, -454.981, 250.000, 0.000, 2.350, 0, 0 
151998, 252672920, 0.000, 0.000, -454.967, 250.000, 0.000, 2.350, 0, 0 
151998, 254190523, 0.000, 0.000, -454.981, 250.000, 0.000, 2.350, 0, 0 
151998, 255708540, 0.000, 0.000, -454.994, 250.000, 0.000, 2.350, 0, 0 
151998, 257223883, 0.000, 0.000, -454.981, 250.000, 0.000, 2.350, 0, 0 
151998, 258764449, 0.000, 0.000, -454.981, 250.000, 0.000, 2.350, 0, 0 
151998, 260334397, 0.000, 0.000, -454.981, 250.000, 0.000, 2.350, 0, 0 
151998, 261941027, 0.000, 0.000, -454.967, 250.000, 0.000, 2.350, 0, 0 
151998, 263497962, 0.000, 0.000, -454.981, 250.000, 0.000, 2.350, 0, 0 
151998, 265019223, 0.000, 0.000, -454.981, 250.000, 0.000, 2.350, 0, 0 
151998, 266576359, 0.000, 0.000, -454.967, 250.000, 0.000, 2.350, 0, 0 
151998, 268094624, 0.000, 0.000, -454.981, 250.000, 0.000, 2.350, 0, 0 
151998, 269685915, 0.000, 0.000, -454.967, 250.000, 0.000, 2.350, 0, 0 
151998, 271200781, 0.000, 0.000, -454.994, 250.000, 0.000, 2.350, 0, 0 
151998, 272749031, 0.000, 0.000, -454.981, 250.000, 0.000, 2.350, 0, 0 
151998, 274273934, 0.000, 0.000, -454.981, 250.000, 0.000, 2.350, 0, 0 
151998, 275789328, 0.000, 0.000, -454.994, 250.000, 0.000, 2.350, 0, 0 
151998, 277343292, 0.000, 0.000, -454.981, 250.000, 0.000, 2.350, 0, 0 
151998, 278861080, 0.000, 0.000, -454.981, 250.000, 0.000, 2.350, 0, 0 
151998, 280462229, 0.000, 0.000, -454.981, 250.000, 0.000, 2.350, 0, 0 
151998, 282018556, 0.000, 0.000, -454.981, 250.000, 0.000, 2.350, 0, 0 
151998, 283533479, 0.000, 0.000, -454.981, 250.000, 0.000, 2.350, 0, 0 
151998, 285047563, 0.000, 0.000, -454.981, 250.000, 0.000, 2.350, 0, 0 
151998, 286563739, 0.000, 0.000, -454.981, 250.000, 0.000, 2.350, 0, 0 
151998, 288075344, 0.000, 0.000, -454.981, 250.000, 0.000, 2.350, 0, 0 
151998, 289630876, 0.000, 0.000, -454.967, 250.000, 0.000, 2.350, 0, 0 
151998, 291238926, 0.000, 0.000, -454.967, 250.000, 0.000, 2.350, 0, 0 
151998, 292755255, 0.000, 0.000, -454.981, 250.000, 0.000, 2.350, 0, 0 
151998, 294344301, 0.000, 0.000, -454.994, 250.000, 0.000, 2.350, 0, 0 
151998, 295935708, 0.000, 0.000, -454.981, 250.000, 0.000, 2.350, 0, 0 
151998, 297496009, 0.000, 0.000, -454.967, 250.000, 0.000, 2.350, 0, 0 
151998, 299012163, 0.000, 0.000, -454.981, 250.000, 0.000, 2.350, 0, 0 
151998, 300594031, 0.000, 0.000, -454.967, 250.000, 0.000, 2.350, 0, 0 
151998, 302106563, 0.000, 0.000, -454.981, 250.000, 0.000, 2.350, 0, 0 
151998, 303622382, 0.000, 0.000, -454.994, 250.000, 0.000, 2.350, 0, 0 
151998, 305178885, 0.000, 0.000, -454.981, 250.000, 0.000, 2.350, 0, 0 
151998, 306772105, 0.000, 0.000, -454.967, 250.000, 0.000, 2.350, 0, 0 
151998, 308284944, 0.000, 0.000, -454.981, 250.000, 0.000, 2.350, 0, 0 
151998, 309797992, 0.000, 0.000, -454.967, 250.000, 0.000, 2.350, 0, 0 
151998, 311311445, 0.000, 0.000, -454.967, 250.000, 0.000, 2.350, 0, 0 
151998, 312863990, 0.000, 0.000, -454.967, 250.000, 0.000, 2.350, 0, 0 
151998, 314382843, 0.000, 0.000, -454.981, 250.000, 0.000, 2.350, 0, 0 
151998, 315992980, 0.000, 0.000, -454.981, 250.000, 0.000, 2.350, 0, 0 
151998, 317583043, 0.000, 0.000, -454.981, 250.000, 0.000, 2.350, 0, 0 
151998, 319097705, 0.000, 0.000, -454.967, 250.000, 0.000, 2.350, 0, 0 
151998, 320703277, 0.000, 0.000, -454.981, 250.000, 0.000, 2.350, 0, 0 
151998, 322220335, 0.000, 0.000, -454.967, 250.000, 0.000, 2.350, 0, 0 
151998, 323737589, 0.000, 0.000, -454.981, 250.000, 0.000, 2.350, 0, 0 
151998, 325251968, 0.000, 0.000, -454.981, 250.000, 0.000, 2.350, 0, 0 
151998, 326838172, 0.000, 0.000, -454.967, 250.000, 0.000, 2.350, 0, 0 
151998, 328430635, 0.000, 0.000, -454.981, 250.000, 0.000, 2.350, 0, 0 
151998, 329946131, 0.000, 0.000, -454.967, 250.000, 0.000, 2.350, 0, 0 
151998, 331463647, 0.000, 0.000, -454.967, 250.000, 0.000, 2.350, 0, 0 
151998, 332976525, 0.000, 0.000, -454.981, 250.000, 0.000, 2.350, 0, 0 
151998, 334538824, 0.000, 0.000, -454.981, 250.000, 0.000, 2.350, 0, 0 
151998, 336059725, 0.000, 0.000, -454.981, 250.000, 0.000, 2.350, 0, 0 
151998, 337576094, 0.000, 0.000, -454.981, 250.000, 0.000, 2.350, 0, 0 
151998, 339114933, 0.000, 0.000, -454.981, 250.000, 0.000, 2.350, 0, 0 
151998, 340629232, 0.000, 0.000, -454.981, 250.000, 0.000, 2.350, 0, 0 
151998, 342142570, 0.000, 0.000, -454.981, 250.000, 0.000, 2.350, 0, 0 
151998, 343696769, 0.000, 0.000, -454.981, 250.000, 0.000, 2.350, 0, 0 
151998, 345210173, 0.000, 0.000, -454.967, 250.000, 0.000, 2.350, 0, 0 
151998, 346750011, 0.000, 0.000, -454.981, 250.000, 0.000, 2.350, 0, 0 
151998, 348294981, 0.000, 0.000, -454.981, 250.000, 0.000, 2.350, 0, 0 
151998, 349835657, 0.000, 0.000, -454.994, 250.000, 0.000, 2.350, 0, 0 
151998, 351378533, 0.000, 0.000, -454.981, 250.000, 0.000, 2.350, 0, 0 
151998, 352888886, 0.000, 0.000, -454.981, 250.000, 0.000, 2.350, 0, 0 
151998, 354468908, 0.000, 0.000, -454.994, 250.000, 0.000, 2.350, 0, 0 
151998, 356017159, 0.000, 0.000, -454.981, 250.000, 0.000, 2.350, 0, 0 
151998, 357530064, 0.000, 0.000, -454.967, 250.000, 0.000, 2.350, 0, 0 
151998, 359082455, 0.000, 0.000, -454.981, 250.000, 0.000, 2.350, 0, 0 
151998, 360598804, 0.000, 0.000, -454.981, 250.000, 0.000, 2.350, 0, 0 
151998, 362142670, 0.000, 0.000, -454.981, 250.000, 0.000, 2.350, 0, 0 
151998, 363719457, 0.000, 0.000, -454.981, 250.000, 0.000, 2.350, 0, 0 
151998, 365233283, 0.000, 0.000, -454.967, 250.000, 0.000, 2.350, 0, 0 
151998, 366751778, 0.000, 0.000, -454.981, 250.000, 0.000, 2.350, 0, 0 
151998, 368269822, 0.000, 0.000, -454.981, 250.000, 0.000, 2.350, 0, 0 
151998, 369853971, 0.000, 0.000, -454.994, 250.000, 0.000, 2.350, 0, 0 
151998, 371367113, 0.000, 0.000, -454.981, 250.000, 0.000, 2.350, 0, 0 
151998, 372879158, 0.000, 0.000, -454.967, 250.000, 0.000, 2.350, 0, 0 
151998, 374466503, 0.000, 0.000, -454.967, 250.000, 0.000, 2.350, 0, 0 
151998, 375981206, 0.000, 0.000, -454.981, 250.000, 0.000, 2.350, 0, 0 
151998, 377524773, 0.000, 0.000, -454.967, 250.000, 0.000, 2.350, 0, 0 
151998, 379080715, 0.000, 0.000, -454.981, 250.000, 0.000, 2.350, 0, 0 
151998, 380598460, 0.000, 0.000, -454.967, 250.000, 0.000, 2.350, 0, 0 
151998, 382112715, 0.000, 0.000, -454.994, 250.000, 0.000, 2.350, 0, 0 
151998, 383663924, 0.000, 0.000, -454.981, 250.000, 0.000, 2.350, 0, 0 
151998, 385183730, 0.000, 0.000, -454.994, 250.000, 0.000, 2.350, 0, 0 
151998, 386702197, 0.000, 0.000, -454.981, 250.000, 0.000, 2.350, 0, 0 
151998, 388218023, 0.000, 0.000, -454.981, 250.000, 0.000, 2.350, 0, 0 
151998, 389840557, 0.000, 0.000, -454.981, 250.000, 0.000, 2.350, 0, 0 
151998, 391356211, 0.000, 0.000, -454.981, 250.000, 0.000, 2.350, 0, 0 
151998, 392873625, 0.000, 0.000, -454.981, 250.000, 0.000, 2.350, 0, 0 
151998, 394474782, 0.000, 0.000, -454.981, 250.000, 0.000, 2.350, 0, 0 
151998, 395999861, 0.000, 0.000, -454.953, 250.000, 0.000, 2.350, 0, 0 
151998, 397517746, 0.000, 0.000, -454.981, 250.000, 0.000, 2.350, 0, 0 
151998, 399041912, 0.000, 0.000, -454.967, 250.000, 0.000, 2.350, 0, 0 
151998, 400564567, 0.000, 0.000, -454.967, 250.000, 0.000, 2.350, 0, 0 
151998, 402089834, 0.000, 0.000, -454.967, 250.000, 0.000, 2.350, 0, 0 
151998, 403609073, 0.000, 0.000, -454.981, 250.000, 0.000, 2.350, 0, 0 
151998, 405173690, 0.000, 0.000, -454.981, 250.000, 0.000, 2.350, 0, 0 
151998, 406692136, 0.000, 0.000, -454.981, 250.000, 0.000, 2.350, 0, 0 
151998, 408209454, 0.000, 0.000, -454.981, 250.000, 0.000, 2.350, 0, 0 
151998, 409765621, 0.000, 0.000, -454.967, 250.000, 0.000, 2.350, 0, 0 
151998, 411283139, 0.000, 0.000, -454.981, 250.000, 0.000, 2.350, 0, 0 
151998, 412801299, 0.000, 0.000, -454.967, 250.000, 0.000, 2.350, 0, 0 
151998, 414319521, 0.000, 0.000, -454.967, 250.000, 0.000, 2.350, 0, 0 
151998, 415837463, 0.000, 0.000, -454.967, 250.000, 0.000, 2.350, 0, 0 
151998, 417368209, 0.000, 0.000, -454.981, 250.000, 0.000, 2.350, 0, 0 
151998, 418956387, 0.000, 0.000, -454.994, 250.000, 0.000, 2.350, 0, 0 
151998, 420513314, 0.000, 0.000, -454.967, 250.000, 0.000, 2.350, 0, 0 
151998, 422032987, 0.000, 0.000, -454.981, 250.000, 0.000, 2.350, 0, 0 
151998, 423624239, 0.000, 0.000, -454.981, 250.000, 0.000, 2.350, 0, 0 
151998, 425218744, 0.000, 0.000, -454.967, 250.000, 0.000, 2.350, 0, 0 
151998, 426802354, 0.000, 0.000, -454.981, 250.000, 0.000, 2.350, 0, 0 
151998, 428314169, 0.000, 0.000, -454.981, 250.000, 0.000, 2.350, 0, 0 
151998, 429916351, 0.000, 0.000, -454.981, 250.000, 0.000, 2.350, 0, 0 
151998, 431431313, 0.000, 0.000, -454.981, 250.000, 0.000, 2.350, 0, 0 
151998, 432954471, 0.000, 0.000, -454.994, 250.000, 0.000, 2.350, 0, 0 
151998, 434476061, 0.000, 0.000, -454.981, 250.000, 0.000, 2.350, 0, 0 
151998, 436051102, 0.000, 0.000, -454.967, 250.000, 0.000, 2.350, 0, 0 
151998, 437565394, 0.000, 0.000, -454.981, 250.000, 0.000, 2.350, 0, 0 
151998, 439078425, 0.000, 0.000, -454.967, 250.000, 0.000, 2.350, 0, 0 
151998, 440592150, 0.000, 0.000, -454.967, 250.000, 0.000, 2.350, 0, 0 
151998, 442178013, 0.000, 0.000, -454.981, 250.000, 0.000, 2.350, 0, 0 
151998, 443718685, 0.000, 0.000, -454.981, 250.000, 0.000, 2.350, 0, 0 
151998, 445259438, 0.000, 0.000, -454.967, 250.000, 0.000, 2.350, 0, 0 
151998, 446776438, 0.000, 0.000, -454.967, 250.000, 0.000, 2.350, 0, 0 
151998, 448372853, 0.000, 0.000, -454.981, 250.000, 0.000, 2.350, 0, 0 
151998, 449967740, 0.000, 0.000, -454.994, 250.000, 0.000, 2.350, 0, 0 
151998, 451577468, 0.000, 0.000, -454.981, 250.000, 0.000, 2.350, 0, 0 
151998, 453092459, 0.000, 0.000, -454.981, 250.000, 0.000, 2.350, 0, 0 
151998, 454607115, 0.000, 0.000, -454.981, 250.000, 0.000, 2.350, 0, 0 
151998, 456124545, 0.000, 0.000, -454.994, 250.000, 0.000, 2.350, 0, 0 
151998, 457639235, 0.000, 0.000, -454.981, 250.000, 0.000, 2.350, 0, 0 
151998, 459154057, 0.000, 0.000, -454.967, 250.000, 0.000, 2.350, 0, 0 
151998, 460668432, 0.000, 0.000, -454.981, 250.000, 0.000, 2.350, 0, 0 
151998, 462183167, 0.000, 0.000, -454.994, 250.000, 0.000, 2.350, 0, 0 
151998, 463701817, 0.000, 0.000, -454.981, 250.000, 0.000, 2.350, 0, 0 
151998, 465218400, 0.000, 0.000, -454.994, 250.000, 0.000, 2.350, 0, 0 
151998, 466834349, 0.000, 0.000, -454.981, 250.000, 0.000, 2.350, 0, 0 
151998, 468356746, 0.000, 0.000, -454.981, 250.000, 0.000, 2.350, 0, 0 
151998, 469901889, 0.000, 0.000, -454.994, 250.000, 0.000, 2.350, 0, 0 
151998, 471475276, 0.000, 0.000, -454.967, 250.000, 0.000, 2.350, 0, 0 
151998, 473086702, 0.000, 0.000, -454.981, 250.000, 0.000, 2.350, 0, 0 
151998, 474688439, 0.000, 0.000, -454.981, 250.000, 0.000, 2.350, 0, 0 
151998, 476205022, 0.000, 0.000, -454.981, 250.000, 0.000, 2.350, 0, 0 
151998, 477726006, 0.000, 0.000, -454.981, 250.000, 0.000, 2.350, 0, 0 
151998, 479241161, 0.000, 0.000, -454.981, 250.000, 0.000, 2.350, 0, 0 
151998, 480757041, 0.000, 0.000, -454.981, 250.000, 0.000, 2.350, 0, 0 
151998, 482313266, 0.000, 0.000, -454.981, 250.000, 0.000, 2.350, 0, 0 
151998, 483830366, 0.000, 0.000, -454.981, 250.000, 0.000, 2.350, 0, 0 
151998, 485406734, 0.000, 0.000, -454.981, 250.000, 0.000, 2.350, 0, 0 
151998, 486922522, 0.000, 0.000, -454.981, 250.000, 0.000, 2.350, 0, 0 
151998, 488498163, 0.000, 0.000, -454.981, 250.000, 0.000, 2.350, 0, 0 
151998, 490010026, 0.000, 0.000, -454.967, 250.000, 0.000, 2.350, 0, 0 
151998, 491526665, 0.000, 0.000, -454.981, 250.000, 0.000, 2.350, 0, 0 
151998, 493132043, 0.000, 0.000, -454.994, 250.000, 0.000, 2.350, 0, 0 
151998, 494717141, 0.000, 0.000, -454.994, 250.000, 0.000, 2.350, 0, 0 
151998, 496257648, 0.000, 0.000, -454.981, 250.000, 0.000, 2.350, 0, 0 
151998, 497818705, 0.000, 0.000, -454.967, 250.000, 0.000, 2.350, 0, 0 
151998, 499333401, 0.000, 0.000, -454.967, 250.000, 0.000, 2.350, 0, 0 
151998, 500926588, 0.000, 0.000, -454.981, 250.000, 0.000, 2.350, 0, 0 
151998, 502439297, 0.000, 0.000, -454.994, 250.000, 0.000, 2.350, 0, 0 
151998, 504028463, 0.000, 0.000, -454.981, 250.000, 0.000, 2.350, 0, 0 
151998, 505541853, 0.000, 0.000, -454.981, 250.000, 0.000, 2.350, 0, 0 
151998, 507054360, 0.000, 0.000, -454.967, 250.000, 0.000, 2.350, 0, 0 
151998, 508567110, 0.000, 0.000, -454.981, 250.000, 0.000, 2.350, 0, 0 
151998, 510079963, 0.000, 0.000, -454.981, 250.000, 0.000, 2.350, 0, 0 
151998, 511593723, 0.000, 0.000, -454.981, 250.000, 0.000, 2.350, 0, 0 
151998, 513217388, 0.000, 0.000, -454.994, 250.000, 0.000, 2.350, 0, 0 
151998, 514730640, 0.000, 0.000, -454.994, 250.000, 0.000, 2.350, 0, 0 
151998, 516244413, 0.000, 0.000, -454.967, 250.000, 0.000, 2.350, 0, 0 
151998, 517757088, 0.000, 0.000, -454.994, 250.000, 0.000, 2.350, 0, 0 
151998, 519365110, 0.000, 0.000, -454.967, 250.000, 0.000, 2.350, 0, 0 
151998, 520967261, 0.000, 0.000, -454.994, 250.000, 0.000, 2.350, 0, 0 
151998, 522482318, 0.000, 0.000, -454.967, 250.000, 0.000, 2.350, 0, 0 
151998, 523995803, 0.000, 0.000, -454.967, 250.000, 0.000, 2.350, 0, 0 
151998, 525558578, 0.000, 0.000, -454.967, 250.000, 0.000, 2.350, 0, 0 
151998, 527072665, 0.000, 0.000, -454.981, 250.000, 0.000, 2.350, 0, 0 
151998, 528628413, 0.000, 0.000, -454.967, 250.000, 0.000, 2.350, 0, 0 
151998, 530143638, 0.000, 0.000, -454.967, 250.000, 0.000, 2.350, 0, 0 
151998, 531656497, 0.000, 0.000, -454.967, 250.000, 0.000, 2.350, 0, 0 
151998, 533210761, 0.000, 0.000, -454.981, 250.000, 0.000, 2.350, 0, 0 
151998, 534724204, 0.000, 0.000, -454.981, 250.000, 0.000, 2.350, 0, 0 
151998, 536311835, 0.000, 0.000, -454.981, 250.000, 0.000, 2.350, 0, 0 
151998, 537894322, 0.000, 0.000, -454.981, 250.000, 0.000, 2.350, 0, 0 
151998, 539470771, 0.000, 0.000, -454.981, 250.000, 0.000, 2.350, 0, 0 
151998, 540983682, 0.000, 0.000, -454.981, 250.000, 0.000, 2.350, 0, 0 
151998, 542541086, 0.000, 0.000, -454.967, 250.000, 0.000, 2.350, 0, 0 
151998, 544156779, 0.000, 0.000, -454.994, 250.000, 0.000, 2.350, 0, 0 
151998, 545675044, 0.000, 0.000, -454.981, 250.000, 0.000, 2.350, 0, 0 
151998, 547193168, 0.000, 0.000, -454.967, 250.000, 0.000, 2.350, 0, 0 
151998, 548751075, 0.000, 0.000, -454.981, 250.000, 0.000, 2.350, 0, 0 
151998, 550328059, 0.000, 0.000, -454.967, 250.000, 0.000, 2.350, 0, 0 
151998, 551845418, 0.000, 0.000, -454.981, 250.000, 0.000, 2.350, 0, 0 
151998, 553363297, 0.000, 0.000, -454.967, 250.000, 0.000, 2.350, 0, 0 
151998, 554879299, 0.000, 0.000, -454.981, 250.000, 0.000, 2.350, 0, 0 
151998, 556453126, 0.000, 0.000, -454.967, 250.000, 0.000, 2.350, 0, 0 
151998, 557966678, 0.000, 0.000, -454.967, 250.000, 0.000, 2.350, 0, 0 
151998, 559551288, 0.000, 0.000, -454.981, 250.000, 0.000, 2.350, 0, 0 
151998, 561066835, 0.000, 0.000, -454.994, 250.000, 0.000, 2.350, 0, 0 
151998, 562619581, 0.000, 0.000, -454.981, 250.000, 0.000, 2.350, 0, 0 
151998, 564169498, 0.000, 0.000, -454.967, 250.000, 0.000, 2.350, 0, 0 
151998, 565686849, 0.000, 0.000, -454.981, 250.000, 0.000, 2.350, 0, 0 
151998, 567231367, 0.000, 0.000, -454.981, 250.000, 0.000, 2.350, 0, 0 
151998, 568834153, 0.000, 0.000, -454.981, 250.000, 0.000, 2.350, 0, 0 
151998, 570421008, 0.000, 0.000, -454.981, 250.000, 0.000, 2.350, 0, 0 
151998, 571942006, 0.000, 0.000, -454.994, 250.000, 0.000, 2.350, 0, 0 
151998, 573486785, 0.000, 0.000, -454.967, 250.000, 0.000, 2.350, 0, 0 
151998, 575088460, 0.000, 0.000, -454.967, 250.000, 0.000, 2.350, 0, 0 
151998, 576608705, 0.000, 0.000, -454.981, 250.000, 0.000, 2.350, 0, 0 
151998, 578124608, 0.000, 0.000, -454.981, 250.000, 0.000, 2.350, 0, 0 
151998, 579640988, 0.000, 0.000, -454.981, 250.000, 0.000, 2.350, 0, 0 
151998, 581180446, 0.000, 0.000, -454.981, 250.000, 0.000, 2.350, 0, 0 
151998, 582762955, 0.000, 0.000, -454.981, 250.000, 0.000, 2.350, 0, 0 
151998, 584280225, 0.000, 0.000, -454.981, 250.000, 0.000, 2.350, 0, 0 
151998, 585795612, 0.000, 0.000, -454.981, 250.000, 0.000, 2.350, 0, 0 
151998, 587367967, 0.000, 0.000, -454.981, 250.000, 0.000, 2.350, 0, 0 
151998, 588927405, 0.000, 0.000, -454.981, 250.000, 0.000, 2.350, 0, 0 
151998, 590485347, 0.000, 0.000, -454.967, 250.000, 0.000, 2.350, 0, 0 
151998, 592016932, 0.000, 0.000, -454.981, 250.000, 0.000, 2.350, 0, 0 
151998, 593590445, 0.000, 0.000, -454.981, 250.000, 0.000, 2.350, 0, 0 
151998, 595148320, 0.000, 0.000, -454.994, 250.000, 0.000, 2.350, 0, 0 
151998, 596669856, 0.000, 0.000, -454.981, 250.000, 0.000, 2.350, 0, 0 
151998, 598187642, 0.000, 0.000, -454.981, 250.000, 0.000, 2.350, 0, 0 
151998, 599705487, 0.000, 0.000, -454.981, 250.000, 0.000, 2.350, 0, 0 
151998, 601261398, 0.000, 0.000, -454.981, 250.000, 0.000, 2.350, 0, 0 
151998, 602781904, 0.000, 0.000, -454.967, 250.000, 0.000, 2.350, 0, 0 
151998, 604303975, 0.000, 0.000, -454.981, 250.000, 0.000, 2.350, 0, 0 
151998, 605856124, 0.000, 0.000, -454.994, 250.000, 0.000, 2.350, 0, 0 
151998, 607378701, 0.000, 0.000, -454.967, 250.000, 0.000, 2.350, 0, 0 
151998, 608895035, 0.000, 0.000, -454.967, 250.000, 0.000, 2.350, 0, 0 
151998, 610419779, 0.000, 0.000, -454.967, 250.000, 0.000, 2.350, 0, 0 
151998, 611933676, 0.000, 0.000, -454.981, 250.000, 0.000, 2.350, 0, 0 
151998, 613446842, 0.000, 0.000, -454.994, 250.000, 0.000, 2.350, 0, 0 
151998, 614960051, 0.000, 0.000, -454.967, 250.000, 0.000, 2.350, 0, 0 
151998, 616484032, 0.000, 0.000, -454.981, 250.000, 0.000, 2.350, 0, 0 
151998, 617997789, 0.000, 0.000, -454.994, 250.000, 0.000, 2.350, 0, 0 
151998, 619515434, 0.000, 0.000, -454.967, 250.000, 0.000, 2.350, 0, 0 
151998, 621084984, 0.000, 0.000, -454.994, 250.000, 0.000, 2.350, 0, 0 
151998, 622659291, 0.000, 0.000, -454.981, 250.000, 0.000, 2.350, 0, 0 
151998, 624174576, 0.000, 0.000, -454.981, 250.000, 0.000, 2.350, 0, 0 
151998, 625689676, 0.000, 0.000, -454.967, 250.000, 0.000, 2.350, 0, 0 
151998, 627270379, 0.000, 0.000, -454.981, 250.000, 0.000, 2.350, 0, 0 
151998, 628784198, 0.000, 0.000, -454.967, 250.000, 0.000, 2.350, 0, 0 
151998, 630374315, 0.000, 0.000, -454.981, 250.000, 0.000, 2.350, 0, 0 
151998, 631967633, 0.000, 0.000, -454.981, 250.000, 0.000, 2.350, 0, 0 
151998, 633538232, 0.000, 0.000, -454.967, 250.000, 0.000, 2.350, 0, 0 
151998, 635120795, 0.000, 0.000, -454.967, 250.000, 0.000, 2.350, 0, 0 
151998, 636724983, 0.000, 0.000, -454.994, 250.000, 0.000, 2.350, 0, 0 
151998, 638239307, 0.000, 0.000, -454.994, 250.000, 0.000, 2.350, 0, 0 
151998, 639758196, 0.000, 0.000, -454.981, 250.000, 0.000, 2.350, 0, 0 
151998, 641276095, 0.000, 0.000, -454.981, 250.000, 0.000, 2.350, 0, 0 
151998, 642868758, 0.000, 0.000, -454.994, 250.000, 0.000, 2.350, 0, 0 
151998, 644417547, 0.000, 0.000, -454.981, 250.000, 0.000, 2.350, 0, 0 
151998, 645932724, 0.000, 0.000, -454.981, 250.000, 0.000, 2.350, 0, 0 
151998, 647533675, 0.000, 0.000, -454.981, 250.000, 0.000, 2.350, 0, 0 
151998, 649091957, 0.000, 0.000, -454.981, 250.000, 0.000, 2.350, 0, 0 
151998, 650654213, 0.000, 0.000, -454.994, 250.000, 0.000, 2.350, 0, 0 
151998, 652207383, 0.000, 0.000, -454.981, 250.000, 0.000, 2.350, 0, 0 
151998, 653724074, 0.000, 0.000, -454.981, 250.000, 0.000, 2.350, 0, 0 
151998, 655242650, 0.000, 0.000, -454.981, 250.000, 0.000, 2.350, 0, 0 
151998, 656757610, 0.000, 0.000, -454.994, 250.000, 0.000, 2.350, 0, 0 
151998, 658271227, 0.000, 0.000, -454.981, 250.000, 0.000, 2.350, 0, 0 
151998, 659784389, 0.000, 0.000, -454.981, 250.000, 0.000, 2.350, 0, 0 
151998, 661376040, 0.000, 0.000, -454.981, 250.000, 0.000, 2.350, 0, 0 
151998, 662918199, 0.000, 0.000, -454.981, 250.000, 0.000, 2.350, 0, 0 
151998, 664480060, 0.000, 0.000, -454.967, 250.000, 0.000, 2.350, 0, 0 
151998, 665998302, 0.000, 0.000, -454.981, 250.000, 0.000, 2.350, 0, 0 
151998, 667561204, 0.000, 0.000, -454.967, 250.000, 0.000, 2.350, 0, 0 
151998, 669074317, 0.000, 0.000, -454.967, 250.000, 0.000, 2.350, 0, 0 
151998, 670585221, 0.000, 0.000, -454.994, 250.000, 0.000, 2.350, 0, 0 
151998, 672097342, 0.000, 0.000, -454.981, 250.000, 0.000, 2.350, 0, 0 
151998, 673611094, 0.000, 0.000, -454.981, 250.000, 0.000, 2.350, 0, 0 
151998, 675128741, 0.000, 0.000, -454.981, 250.000, 0.000, 2.350, 0, 0 
151998, 676739569, 0.000, 0.000, -454.981, 250.000, 0.000, 2.350, 0, 0 
151998, 678340384, 0.000, 0.000, -454.967, 250.000, 0.000, 2.350, 0, 0 
151998, 679854754, 0.000, 0.000, -454.981, 250.000, 0.000, 2.350, 0, 0 
151998, 681375692, 0.000, 0.000, -454.981, 250.000, 0.000, 2.350, 0, 0 
151998, 682930120, 0.000, 0.000, -454.967, 250.000, 0.000, 2.350, 0, 0 
151998, 684444804, 0.000, 0.000, -454.981, 250.000, 0.000, 2.350, 0, 0 
151998, 685956559, 0.000, 0.000, -454.981, 250.000, 0.000, 2.350, 0, 0 
151998, 687469825, 0.000, 0.000, -454.994, 250.000, 0.000, 2.350, 0, 0 
151998, 688981200, 0.000, 0.000, -454.981, 250.000, 0.000, 2.350, 0, 0 
151998, 690492816, 0.000, 0.000, -454.981, 250.000, 0.000, 2.350, 0, 0 
151998, 692018543, 0.000, 0.000, -454.967, 250.000, 0.000, 2.350, 0, 0 
151998, 693530724, 0.000, 0.000, -454.981, 250.000, 0.000, 2.350, 0, 0 
151998, 695059103, 0.000, 0.000, -454.994, 250.000, 0.000, 2.350, 0, 0 
151998, 696571048, 0.000, 0.000, -454.981, 250.000, 0.000, 2.350, 0, 0 
151998, 698119886, 0.000, 0.000, -454.981, 250.000, 0.000, 2.350, 0, 0 
151998, 699631603, 0.000, 0.000, -454.981, 250.000, 0.000, 2.350, 0, 0 
151998, 701143218, 0.000, 0.000, -454.994, 250.000, 0.000, 2.350, 0, 0 
151998, 702655006, 0.000, 0.000, -454.981, 250.000, 0.000, 2.350, 0, 0 
151998, 704169396, 0.000, 0.000, -454.981, 250.000, 0.000, 2.350, 0, 0 
151998, 705725163, 0.000, 0.000, -454.981, 250.000, 0.000, 2.350, 0, 0 
151998, 707242351, 0.000, 0.000, -454.981, 250.000, 0.000, 2.350, 0, 0 
151998, 708763186, 0.000, 0.000, -454.994, 250.000, 0.000, 2.350, 0, 0 
151998, 710278627, 0.000, 0.000, -454.981, 250.000, 0.000, 2.350, 0, 0 
151998, 711866978, 0.000, 0.000, -454.994, 250.000, 0.000, 2.350, 0, 0 
151998, 713468210, 0.000, 0.000, -454.981, 250.000, 0.000, 2.350, 0, 0 
151998, 714980561, 0.000, 0.000, -454.967, 250.000, 0.000, 2.350, 0, 0 
151998, 716492734, 0.000, 0.000, -454.981, 250.000, 0.000, 2.350, 0, 0 
151998, 718005351, 0.000, 0.000, -454.967, 250.000, 0.000, 2.350, 0, 0 
151998, 719518293, 0.000, 0.000, -454.967, 250.000, 0.000, 2.350, 0, 0 
151998, 721029765, 0.000, 0.000, -454.981, 250.000, 0.000, 2.350, 0, 0 
151998, 722541887, 0.000, 0.000, -454.967, 250.000, 0.000, 2.350, 0, 0 
151998, 724056678, 0.000, 0.000, -454.967, 250.000, 0.000, 2.350, 0, 0 
151998, 725601684, 0.000, 0.000, -454.967, 250.000, 0.000, 2.350, 0, 0 
151998, 727113909, 0.000, 0.000, -454.981, 250.000, 0.000, 2.350, 0, 0 
151998, 728724954, 0.000, 0.000, -454.967, 250.000, 0.000, 2.350, 0, 0 
151998, 730246169, 0.000, 0.000, -454.994, 250.000, 0.000, 2.350, 0, 0 
151998, 731760682, 0.000, 0.000, -454.981, 250.000, 0.000, 2.350, 0, 0 
151998, 733273929, 0.000, 0.000, -454.967, 250.000, 0.000, 2.350, 0, 0 
151998, 734788710, 0.000, 0.000, -455.008, 250.000, 0.000, 2.350, 0, 0 
151998, 736343902, 0.000, 0.000, -454.967, 250.000, 0.000, 2.350, 0, 0 
151998, 737856562, 0.000, 0.000, -454.981, 250.000, 0.000, 2.350, 0, 0 
151998, 739376437, 0.000, 0.000, -454.967, 250.000, 0.000, 2.350, 0, 0 
151998, 740894977, 0.000, 0.000, -454.981, 250.000, 0.000, 2.350, 0, 0 
151998, 742408052, 0.000, 0.000, -454.981, 250.000, 0.000, 2.350, 0, 0 
151998, 744053854, 0.000, 0.000, -454.981, 250.000, 0.000, 2.350, 0, 0 
151998, 745567205, 0.000, 0.000, -454.981, 250.000, 0.000, 2.350, 0, 0 
151998, 747081016, 0.000, 0.000, -454.994, 250.000, 0.000, 2.350, 0, 0 
151998, 748598872, 0.000, 0.000, -454.967, 250.000, 0.000, 2.350, 0, 0 
151998, 750116677, 0.000, 0.000, -454.981, 250.000, 0.000, 2.350, 0, 0 
151998, 751633896, 0.000, 0.000, -454.981, 250.000, 0.000, 2.350, 0, 0 
151998, 753151368, 0.000, 0.000, -454.967, 250.000, 0.000, 2.350, 0, 0 
151998, 754736710, 0.000, 0.000, -454.981, 250.000, 0.000, 2.350, 0, 0 
151998, 756251386, 0.000, 0.000, -454.981, 250.000, 0.000, 2.350, 0, 0 
151998, 757820267, 0.000, 0.000, -454.981, 250.000, 0.000, 2.350, 0, 0 
151998, 759384164, 0.000, 0.000, -454.967, 250.000, 0.000, 2.350, 0, 0 
151998, 760898751, 0.000, 0.000, -454.967, 250.000, 0.000, 2.350, 0, 0 
151998, 762441309, 0.000, 0.000, -454.981, 250.000, 0.000, 2.350, 0, 0 
151998, 763956619, 0.000, 0.000, -454.967, 250.000, 0.000, 2.350, 0, 0 
151998, 765470637, 0.000, 0.000, -454.967, 250.000, 0.000, 2.350, 0, 0 
151998, 766985729, 0.000, 0.000, -454.994, 250.000, 0.000, 2.350, 0, 0 
151998, 768504086, 0.000, 0.000, -454.967, 250.000, 0.000, 2.350, 0, 0 
151998, 770048104, 0.000, 0.000, -454.967, 250.000, 0.000, 2.350, 0, 0 
151998, 771562938, 0.000, 0.000, -454.967, 250.000, 0.000, 2.350, 0, 0 
151998, 773102581, 0.000, 0.000, -454.981, 250.000, 0.000, 2.350, 0, 0 
151998, 774645366, 0.000, 0.000, -454.967, 250.000, 0.000, 2.350, 0, 0 
151998, 776160965, 0.000, 0.000, -454.981, 250.000, 0.000, 2.350, 0, 0 
151998, 777674597, 0.000, 0.000, -454.967, 250.000, 0.000, 2.350, 0, 0 
151998, 779188366, 0.000, 0.000, -454.981, 250.000, 0.000, 2.350, 0, 0 
151998, 780736596, 0.000, 0.000, -454.967, 250.000, 0.000, 2.350, 0, 0 
151998, 782249988, 0.000, 0.000, -454.967, 250.000, 0.000, 2.350, 0, 0 
151998, 783795920, 0.000, 0.000, -454.994, 250.000, 0.000, 2.350, 0, 0 
151998, 785308345, 0.000, 0.000, -454.967, 250.000, 0.000, 2.350, 0, 0 
151998, 786823299, 0.000, 0.000, -454.967, 250.000, 0.000, 2.350, 0, 0 
151998, 788410180, 0.000, 0.000, -454.981, 250.000, 0.000, 2.350, 0, 0 
151998, 789971950, 0.000, 0.000, -454.994, 250.000, 0.000, 2.350, 0, 0 
151998, 791486379, 0.000, 0.000, -454.981, 250.000, 0.000, 2.350, 0, 0 
151998, 793074534, 0.000, 0.000, -454.967, 250.000, 0.000, 2.350, 0, 0 
151998, 794667263, 0.000, 0.000, -454.994, 250.000, 0.000, 2.350, 0, 0 
151998, 796183938, 0.000, 0.000, -454.981, 250.000, 0.000, 2.350, 0, 0 
151998, 797699373, 0.000, 0.000, -454.981, 250.000, 0.000, 2.350, 0, 0 
151998, 799213669, 0.000, 0.000, -454.981, 250.000, 0.000, 2.350, 0, 0 
151998, 800731587, 0.000, 0.000, -454.981, 250.000, 0.000, 2.350, 0, 0 
151998, 802249486, 0.000, 0.000, -454.981, 250.000, 0.000, 2.350, 0, 0 
151998, 803764248, 0.000, 0.000, -454.981, 250.000, 0.000, 2.350, 0, 0 
151998, 805345384, 0.000, 0.000, -454.981, 250.000, 0.000, 2.350, 0, 0 
151998, 806861691, 0.000, 0.000, -454.981, 250.000, 0.000, 2.350, 0, 0 
151998, 808376634, 0.000, 0.000, -454.981, 250.000, 0.000, 2.350, 0, 0 
151998, 809955576, 0.000, 0.000, -454.981, 250.000, 0.000, 2.350, 0, 0 
151998, 811471189, 0.000, 0.000, -454.981, 250.000, 0.000, 2.350, 0, 0 
151998, 813004992, 0.000, 0.000, -454.994, 250.000, 0.000, 2.350, 0, 0 
151998, 814528498, 0.000, 0.000, -454.994, 250.000, 0.000, 2.350, 0, 0 
151998, 816045786, 0.000, 0.000, -454.981, 250.000, 0.000, 2.350, 0, 0 
151998, 817567675, 0.000, 0.000, -454.981, 250.000, 0.000, 2.350, 0, 0 
151998, 819107476, 0.000, 0.000, -454.981, 250.000, 0.000, 2.350, 0, 0 
151998, 820718669, 0.000, 0.000, -454.967, 250.000, 0.000, 2.350, 0, 0 
151998, 822235550, 0.000, 0.000, -454.981, 250.000, 0.000, 2.350, 0, 0 
151998, 823824300, 0.000, 0.000, -454.994, 250.000, 0.000, 2.350, 0, 0 
151998, 825383675, 0.000, 0.000, -454.981, 250.000, 0.000, 2.350, 0, 0 
151998, 826902259, 0.000, 0.000, -454.967, 250.000, 0.000, 2.350, 0, 0 
151998, 828438572, 0.000, 0.000, -454.967, 250.000, 0.000, 2.350, 0, 0 
151998, 829952670, 0.000, 0.000, -454.981, 250.000, 0.000, 2.350, 0, 0 
151998, 831472050, 0.000, 0.000, -454.981, 250.000, 0.000, 2.350, 0, 0 
151998, 833050304, 0.000, 0.000, -454.981, 250.000, 0.000, 2.350, 0, 0 
151998, 834569321, 0.000, 0.000, -454.981, 250.000, 0.000, 2.350, 0, 0 
151998, 836149170, 0.000, 0.000, -454.967, 250.000, 0.000, 2.350, 0, 0 
151998, 837661223, 0.000, 0.000, -454.981, 250.000, 0.000, 2.350, 0, 0 
151998, 839173633, 0.000, 0.000, -454.981, 250.000, 0.000, 2.350, 0, 0 
151998, 840689260, 0.000, 0.000, -454.994, 250.000, 0.000, 2.350, 0, 0 
151998, 842254459, 0.000, 0.000, -454.981, 250.000, 0.000, 2.350, 0, 0 
151998, 843771904, 0.000, 0.000, -454.994, 250.000, 0.000, 2.350, 0, 0 
151998, 845287541, 0.000, 0.000, -454.981, 250.000, 0.000, 2.350, 0, 0 
151998, 846876237, 0.000, 0.000, -454.967, 250.000, 0.000, 2.350, 0, 0 
151998, 848389487, 0.000, 0.000, -454.981, 250.000, 0.000, 2.350, 0, 0 
151998, 849990874, 0.000, 0.000, -454.981, 250.000, 0.000, 2.350, 0, 0 
151998, 851541948, 0.000, 0.000, -454.967, 250.000, 0.000, 2.350, 0, 0 
151998, 853056198, 0.000, 0.000, -454.981, 250.000, 0.000, 2.350, 0, 0 
151998, 854585398, 0.000, 0.000, -454.981, 250.000, 0.000, 2.350, 0, 0 
151998, 856100740, 0.000, 0.000, -454.981, 250.000, 0.000, 2.350, 0, 0 
151998, 857629784, 0.000, 0.000, -454.981, 250.000, 0.000, 2.350, 0, 0 
151998, 859144462, 0.000, 0.000, -454.981, 250.000, 0.000, 2.350, 0, 0 
151998, 860656505, 0.000, 0.000, -454.981, 250.000, 0.000, 2.350, 0, 0 
151998, 862167977, 0.000, 0.000, -454.967, 250.000, 0.000, 2.350, 0, 0 
151998, 863682177, 0.000, 0.000, -454.981, 250.000, 0.000, 2.350, 0, 0 
151998, 865199333, 0.000, 0.000, -454.967, 250.000, 0.000, 2.350, 0, 0 
151998, 866749822, 0.000, 0.000, -454.967, 250.000, 0.000, 2.350, 0, 0 
151998, 868263496, 0.000, 0.000, -454.967, 250.000, 0.000, 2.350, 0, 0 
151998, 869853562, 0.000, 0.000, -454.981, 250.000, 0.000, 2.350, 0, 0 
151998, 871365024, 0.000, 0.000, -454.981, 250.000, 0.000, 2.350, 0, 0 
151998, 872876815, 0.000, 0.000, -454.967, 250.000, 0.000, 2.350, 0, 0 
151998, 874388488, 0.000, 0.000, -454.981, 250.000, 0.000, 2.350, 0, 0 
151998, 875899978, 0.000, 0.000, -454.981, 250.000, 0.000, 2.350, 0, 0 
151998, 877443234, 0.000, 0.000, -454.994, 250.000, 0.000, 2.350, 0, 0 
151998, 878955496, 0.000, 0.000, -454.981, 250.000, 0.000, 2.350, 0, 0 
151998, 880470136, 0.000, 0.000, -454.981, 250.000, 0.000, 2.350, 0, 0 
151998, 882021672, 0.000, 0.000, -454.981, 250.000, 0.000, 2.350, 0, 0 
151998, 883607296, 0.000, 0.000, -454.981, 250.000, 0.000, 2.350, 0, 0 
151998, 885119135, 0.000, 0.000, -454.981, 250.000, 0.000, 2.350, 0, 0 
151998, 886633542, 0.000, 0.000, -454.967, 250.000, 0.000, 2.350, 0, 0 
151998, 888152385, 0.000, 0.000, -454.994, 250.000, 0.000, 2.350, 0, 0 
151998, 889749219, 0.000, 0.000, -454.967, 250.000, 0.000, 2.350, 0, 0 
151998, 891322686, 0.000, 0.000, -454.981, 250.000, 0.000, 2.350, 0, 0 
151998, 892836104, 0.000, 0.000, -454.981, 250.000, 0.000, 2.350, 0, 0 
151998, 894429411, 0.000, 0.000, -454.981, 250.000, 0.000, 2.350, 0, 0 
151998, 895944780, 0.000, 0.000, -454.981, 250.000, 0.000, 2.350, 0, 0 
151998, 897573322, 0.000, 0.000, -454.981, 250.000, 0.000, 2.350, 0, 0 
151998, 899091266, 0.000, 0.000, -454.981, 250.000, 0.000, 2.350, 0, 0 
151998, 900604318, 0.000, 0.000, -454.981, 250.000, 0.000, 2.350, 0, 0 
151998, 902116173, 0.000, 0.000, -454.981, 250.000, 0.000, 2.350, 0, 0 
151998, 903682312, 0.000, 0.000, -454.981, 250.000, 0.000, 2.350, 0, 0 
151998, 905196594, 0.000, 0.000, -454.967, 250.000, 0.000, 2.350, 0, 0 
151998, 906788573, 0.000, 0.000, -454.994, 250.000, 0.000, 2.350, 0, 0 
151998, 908301906, 0.000, 0.000, -454.981, 250.000, 0.000, 2.350, 0, 0 
151998, 909819046, 0.000, 0.000, -454.981, 250.000, 0.000, 2.350, 0, 0 
151998, 911333793, 0.000, 0.000, -454.967, 250.000, 0.000, 2.350, 0, 0 
151998, 912882757, 0.000, 0.000, -454.981, 250.000, 0.000, 2.350, 0, 0 
151998, 914396550, 0.000, 0.000, -454.967, 250.000, 0.000, 2.350, 0, 0 
151998, 915909422, 0.000, 0.000, -454.981, 250.000, 0.000, 2.350, 0, 0 
151998, 917464167, 0.000, 0.000, -454.981, 250.000, 0.000, 2.350, 0, 0 
151998, 919021733, 0.000, 0.000, -454.981, 250.000, 0.000, 2.350, 0, 0 
151998, 920539475, 0.000, 0.000, -454.994, 250.000, 0.000, 2.350, 0, 0 
151998, 922129703, 0.000, 0.000, -454.981, 250.000, 0.000, 2.350, 0, 0 
151998, 923642358, 0.000, 0.000, -454.981, 250.000, 0.000, 2.350, 0, 0 
151998, 925233175, 0.000, 0.000, -454.967, 250.000, 0.000, 2.350, 0, 0 
151998, 926821069, 0.000, 0.000, -454.994, 250.000, 0.000, 2.350, 0, 0 
151998, 928375005, 0.000, 0.000, -454.994, 250.000, 0.000, 2.350, 0, 0 
151998, 929887329, 0.000, 0.000, -454.994, 250.000, 0.000, 2.350, 0, 0 
151998, 931398900, 0.000, 0.000, -454.967, 250.000, 0.000, 2.350, 0, 0 
151998, 933001522, 0.000, 0.000, -454.981, 250.000, 0.000, 2.350, 0, 0 
151998, 934515126, 0.000, 0.000, -454.981, 250.000, 0.000, 2.350, 0, 0 
151998, 936030370, 0.000, 0.000, -454.981, 250.000, 0.000, 2.350, 0, 0 
151998, 937542221, 0.000, 0.000, -454.981, 250.000, 0.000, 2.350, 0, 0 
151998, 939054365, 0.000, 0.000, -454.981, 250.000, 0.000, 2.350, 0, 0 
151998, 940566539, 0.000, 0.000, -454.981, 250.000, 0.000, 2.350, 0, 0 
151998, 942078823, 0.000, 0.000, -454.967, 250.000, 0.000, 2.350, 0, 0 
151998, 943633484, 0.000, 0.000, -454.994, 250.000, 0.000, 2.350, 0, 0 
151998, 945146589, 0.000, 0.000, -454.981, 250.000, 0.000, 2.350, 0, 0 
151998, 946661081, 0.000, 0.000, -454.981, 250.000, 0.000, 2.350, 0, 0 
151998, 948175402, 0.000, 0.000, -454.967, 250.000, 0.000, 2.350, 0, 0 
151998, 949687992, 0.000, 0.000, -454.981, 250.000, 0.000, 2.350, 0, 0 
151998, 951200621, 0.000, 0.000, -454.994, 250.000, 0.000, 2.350, 0, 0 
151998, 952793147, 0.000, 0.000, -454.981, 250.000, 0.000, 2.350, 0, 0 
151998, 954309188, 0.000, 0.000, -454.994, 250.000, 0.000, 2.350, 0, 0 
151998, 955825589, 0.000, 0.000, -454.981, 250.000, 0.000, 2.350, 0, 0 
151998, 957376710, 0.000, 0.000, -454.967, 250.000, 0.000, 2.350, 0, 0 
151998, 958950781, 0.000, 0.000, -454.981, 250.000, 0.000, 2.350, 0, 0 
151998, 960462855, 0.000, 0.000, -454.967, 250.000, 0.000, 2.350, 0, 0 
151998, 961979136, 0.000, 0.000, -454.981, 250.000, 0.000, 2.350, 0, 0 
151998, 963524225, 0.000, 0.000, -454.981, 250.000, 0.000, 2.350, 0, 0 
151998, 965041846, 0.000, 0.000, -454.967, 250.000, 0.000, 2.350, 0, 0 
151998, 966559396, 0.000, 0.000, -454.981, 250.000, 0.000, 2.350, 0, 0 
151998, 968079183, 0.000, 0.000, -454.967, 250.000, 0.000, 2.350, 0, 0 
151998, 969671871, 0.000, 0.000, -454.981, 250.000, 0.000, 2.350, 0, 0 
151998, 971188925, 0.000, 0.000, -454.981, 250.000, 0.000, 2.350, 0, 0 
151998, 972702318, 0.000, 0.000, -454.994, 250.000, 0.000, 2.350, 0, 0 
151998, 974255907, 0.000, 0.000, -454.981, 250.000, 0.000, 2.350, 0, 0 
151998, 975772778, 0.000, 0.000, -454.981, 250.000, 0.000, 2.350, 0, 0 
151998, 977346526, 0.000, 0.000, -454.967, 250.000, 0.000, 2.350, 0, 0 
151998, 978868475, 0.000, 0.000, -454.967, 250.000, 0.000, 2.350, 0, 0 
151998, 980386378, 0.000, 0.000, -454.981, 250.000, 0.000, 2.350, 0, 0 
151998, 981903673, 0.000, 0.000, -454.981, 250.000, 0.000, 2.350, 0, 0 
151998, 983419943, 0.000, 0.000, -454.981, 250.000, 0.000, 2.350, 0, 0 
151998, 984935841, 0.000, 0.000, -454.981, 250.000, 0.000, 2.350, 0, 0 
151998, 986447860, 0.000, 0.000, -454.981, 250.000, 0.000, 2.350, 0, 0 
151998, 987987139, 0.000, 0.000, -454.981, 250.000, 0.000, 2.350, 0, 0 
151998, 989567705, 0.000, 0.000, -454.981, 250.000, 0.000, 2.350, 0, 0 
151998, 991083958, 0.000, 0.000, -454.994, 250.000, 0.000, 2.350, 0, 0 
151998, 992599257, 0.000, 0.000, -454.981, 250.000, 0.000, 2.350, 0, 0 
151998, 994149700, 0.000, 0.000, -454.981, 250.000, 0.000, 2.350, 0, 0 
151998, 995668193, 0.000, 0.000, -454.967, 250.000, 0.000, 2.350, 0, 0 
151998, 997182540, 0.000, 0.000, -454.981, 250.000, 0.000, 2.350, 0, 0 
151998, 998696767, 0.000, 0.000, -454.981, 250.000, 0.000, 2.350, 0, 0 
151999, 209945, 0.000, 0.000, -454.981, 250.000, 0.000, 2.350, 0, 0 
151999, 1723539, 0.000, 0.000, -454.981, 250.000, 0.000, 2.350, 0, 0 
151999, 3262904, 0.000, 0.000, -454.981, 250.000, 0.000, 2.350, 0, 0 
151999, 4843779, 0.000, 0.000, -454.981, 250.000, 0.000, 2.350, 0, 0 
151999, 6360186, 0.000, 0.000, -454.981, 250.000, 0.000, 2.350, 0, 0 
151999, 7874606, 0.000, 0.000, -454.981, 250.000, 0.000, 2.350, 0, 0 
151999, 9389244, 0.000, 0.000, -454.981, 250.000, 0.000, 2.350, 0, 0 
151999, 10908767, 0.000, 0.000, -454.981, 250.000, 0.000, 2.350, 0, 0 
151999, 12451652, 0.000, 0.000, -454.967, 250.000, 0.000, 2.350, 0, 0 
151999, 14010533, 0.000, 0.000, -454.981, 250.000, 0.000, 2.350, 0, 0 
151999, 15568486, 0.000, 0.000, -454.981, 250.000, 0.000, 2.350, 0, 0 
151999, 17087140, 0.000, 0.000, -454.981, 250.000, 0.000, 2.350, 0, 0 
151999, 18605847, 0.000, 0.000, -454.981, 250.000, 0.000, 2.350, 0, 0 
151999, 20159632, 0.000, 0.000, -454.981, 250.000, 0.000, 2.350, 0, 0 
151999, 21676983, 0.000, 0.000, -454.981, 250.000, 0.000, 2.350, 0, 0 
151999, 23194341, 0.000, 0.000, -454.981, 250.000, 0.000, 2.350, 0, 0 
151999, 24713358, 0.000, 0.000, -454.981, 250.000, 0.000, 2.350, 0, 0 
151999, 26227414, 0.000, 0.000, -454.967, 250.000, 0.000, 2.350, 0, 0 
151999, 27743691, 0.000, 0.000, -454.981, 250.000, 0.000, 2.350, 0, 0 
151999, 29290986, 0.000, 0.000, -454.967, 250.000, 0.000, 2.350, 0, 0 
151999, 30808498, 0.000, 0.000, -454.981, 250.000, 0.000, 2.350, 0, 0 
151999, 32323708, 0.000, 0.000, -454.981, 250.000, 0.000, 2.350, 0, 0 
151999, 33835672, 0.000, 0.000, -454.981, 250.000, 0.000, 2.350, 0, 0 
151999, 35382192, 0.000, 0.000, -454.967, 250.000, 0.000, 2.350, 0, 0 
151999, 36928581, 0.000, 0.000, -454.981, 250.000, 0.000, 2.350, 0, 0 
151999, 38438665, 0.000, 0.000, -454.981, 250.000, 0.000, 2.350, 0, 0 
151999, 39946517, 0.000, 0.000, -454.967, 250.000, 0.000, 2.350, 0, 0 
151999, 41477935, 0.000, 0.000, -454.967, 250.000, 0.000, 2.350, 0, 0 
151999, 43022253, 0.000, 0.000, -454.967, 250.000, 0.000, 2.350, 0, 0 
151999, 44562786, 0.000, 0.000, -454.981, 250.000, 0.000, 2.350, 0, 0 
151999, 46105707, 0.000, 0.000, -454.967, 250.000, 0.000, 2.350, 0, 0 
151999, 47615041, 0.000, 0.000, -454.967, 250.000, 0.000, 2.350, 0, 0 
151999, 49148605, 0.000, 0.000, -454.994, 250.000, 0.000, 2.350, 0, 0 
151999, 50664772, 0.000, 0.000, -454.981, 250.000, 0.000, 2.350, 0, 0 
151999, 52245287, 0.000, 0.000, -454.981, 250.000, 0.000, 2.350, 0, 0 
151999, 53831412, 0.000, 0.000, -454.981, 250.000, 0.000, 2.350, 0, 0 
151999, 55408498, 0.000, 0.000, -454.981, 250.000, 0.000, 2.350, 0, 0 
151999, 57006137, 0.000, 0.000, -454.994, 250.000, 0.000, 2.350, 0, 0 
151999, 58599028, 0.000, 0.000, -454.967, 250.000, 0.000, 2.350, 0, 0 
151999, 60199258, 0.000, 0.000, -454.981, 250.000, 0.000, 2.350, 0, 0 
151999, 61808928,