Thu Nov 29 11:52:56 2018
Controller Frequency: 1.50 kHz
Time(s), Time(ns), x, v, f, xdes, vdes, cmd, LSB, LSF
154717, 780374118, 0.000, 0.000, -454.994, 250.000, 0.000, 2.350, 0, 0 
154717, 781912714, 0.000, 0.000, -454.994, 250.000, 0.000, 2.350, 0, 0 
154717, 783433022, 0.000, 0.000, -454.967, 250.000, 0.000, 2.350, 0, 0 
154717, 785013531, 0.000, 0.000, -454.981, 250.000, 0.000, 2.350, 0, 0 
154717, 786598147, 0.000, 0.000, -454.994, 250.000, 0.000, 2.350, 0, 0 
154717, 788183482, 0.000, 0.000, -454.981, 250.000, 0.000, 2.350, 0, 0 
154717, 789768149, 0.000, 0.000, -454.981, 250.000, 0.000, 2.350, 0, 0 
154717, 791298001, 0.000, 0.000, -454.994, 250.000, 0.000, 2.350, 0, 0 
154717, 792828452, 0.000, 0.000, -454.981, 250.000, 0.000, 2.350, 0, 0 
154717, 794409307, 0.000, 0.000, -454.994, 250.000, 0.000, 2.350, 0, 0 
154717, 796103258, 0.000, 0.000, -454.967, 250.000, 0.000, 2.350, 1, 0 
154717, 797623847, 0.000, 0.000, -454.994, 250.000, 0.000, 2.350, 1, 0 
154717, 799128817, 0.000, 0.000, -454.967, 250.000, 0.000, 2.350, 1, 0 
154717, 800665184, 0.000, 0.000, -454.981, 250.000, 0.000, 2.350, 1, 0 
154717, 802201536, 0.000, 0.000, -454.981, 250.000, 0.000, 2.350, 1, 0 
154717, 803737897, 0.000, 0.000, -454.981, 250.000, 0.000, 2.350, 1, 0 
154717, 805268914, 0.000, 0.000, -454.981, 250.000, 0.000, 2.350, 1, 0 
154717, 806799376, 0.000, 0.000, -454.981, 250.000, 0.000, 2.350, 1, 0 
154717, 808304677, 0.000, 0.000, -454.967, 250.000, 0.000, 2.350, 1, 0 
154717, 809809496, 0.000, 0.000, -454.981, 250.000, 0.000, 2.350, 1, 0 
154717, 811330244, 0.000, 0.000, -454.994, 250.000, 0.000, 2.350, 1, 0 
154717, 812835264, 0.000, 0.000, -454.981, 250.000, 0.000, 2.350, 1, 0 
154717, 814377431, 0.000, 0.000, -454.994, 250.000, 0.000, 2.350, 1, 0 
154717, 815891338, 0.000, 0.000, -454.981, 250.000, 0.000, 2.350, 1, 0 
154717, 817459199, 0.000, 0.000, -454.981, 250.000, 0.000, 2.350, 1, 0 
154717, 819044350, 0.000, 0.000, -454.967, 250.000, 0.000, 2.350, 1, 0 
154717, 820605676, 0.000, 0.000, -454.994, 250.000, 0.000, 2.350, 1, 0 
154717, 822195836, 0.000, 0.000, -454.967, 250.000, 0.000, 2.350, 1, 0 
154717, 823702067, 0.000, 0.000, -454.981, 250.000, 0.000, 2.350, 1, 0 
154717, 825207067, 0.000, 0.000, -454.994, 250.000, 0.000, 2.350, 1, 0 
154717, 826727246, 0.000, 0.000, -454.981, 250.000, 0.000, 2.350, 1, 0 
154717, 828233299, 0.000, 0.000, -454.967, 250.000, 0.000, 2.350, 1, 0 
154717, 829738996, 0.000, 0.000, -454.981, 250.000, 0.000, 2.350, 1, 0 
154717, 831244158, 0.000, 0.000, -454.981, 250.000, 0.000, 2.350, 1, 0 
154717, 832750713, 0.000, 0.000, -454.981, 250.000, 0.000, 2.350, 1, 0 
154717, 834331608, 0.000, 0.000, -454.967, 250.000, 0.000, 2.350, 1, 0 
154717, 835913094, 0.000, 0.000, -454.981, 250.000, 0.000, 2.350, 1, 0 
154717, 837420412, 0.000, 0.000, -454.981, 250.000, 0.000, 2.350, 1, 0 
154717, 838930400, 0.000, 0.000, -454.981, 250.000, 0.000, 2.350, 1, 0 
154717, 840438014, 0.000, 0.000, -454.994, 250.000, 0.000, 2.350, 1, 0 
154717, 841969794, 0.000, 0.000, -454.981, 250.000, 0.000, 2.350, 1, 0 
154717, 843478168, 0.000, 0.000, -454.994, 250.000, 0.000, 2.350, 1, 0 
154717, 844987128, 0.000, 0.000, -454.967, 250.000, 0.000, 2.350, 1, 0 
154717, 846495928, 0.000, 0.000, -454.981, 250.000, 0.000, 2.350, 1, 0 
154717, 848006485, 0.000, 0.000, -454.994, 250.000, 0.000, 2.350, 1, 0 
154717, 849515107, 0.000, 0.000, -454.981, 250.000, 0.000, 2.350, 1, 0 
154717, 851027338, 0.000, 0.000, -454.981, 250.000, 0.000, 2.350, 1, 0 
154717, 852535309, 0.000, 0.000, -454.981, 250.000, 0.000, 2.350, 1, 0 
154717, 854050971, 0.000, 0.000, -454.967, 250.000, 0.000, 2.350, 1, 0 
154717, 855558179, 0.000, 0.000, -454.981, 250.000, 0.000, 2.350, 1, 0 
154717, 857079334, 0.000, 0.000, -454.981, 250.000, 0.000, 2.350, 1, 0 
154717, 858629910, 0.000, 0.000, -454.981, 250.000, 0.000, 2.350, 1, 0 
154717, 860161332, 0.000, 0.000, -454.994, 250.000, 0.000, 2.350, 1, 0 
154717, 861668670, 0.000, 0.000, -454.981, 250.000, 0.000, 2.350, 1, 0 
154717, 863246866, 0.000, 0.000, -454.967, 250.000, 0.000, 2.350, 1, 0 
154717, 864825683, 0.000, 0.000, -454.981, 250.000, 0.000, 2.350, 1, 0 
154717, 866406003, 0.000, 0.000, -454.994, 250.000, 0.000, 2.350, 1, 0 
154717, 867983969, 0.000, 0.000, -454.981, 250.000, 0.000, 2.350, 1, 0 
154717, 869524365, 0.000, 0.000, -454.981, 250.000, 0.000, 2.350, 1, 0 
154717, 871036344, 0.000, 0.000, -454.967, 250.000, 0.000, 2.350, 1, 0 
154717, 872565994, 0.000, 0.000, -454.981, 250.000, 0.000, 2.350, 1, 0 
154717, 874075013, 0.000, 0.000, -454.981, 250.000, 0.000, 2.350, 1, 0 
154717, 875592633, 0.000, 0.000, -454.981, 250.000, 0.000, 2.350, 1, 0 
154717, 877147193, 0.000, 0.000, -454.994, 250.000, 0.000, 2.350, 1, 0 
154717, 878653835, 0.000, 0.000, -454.994, 250.000, 0.000, 2.350, 1, 0 
154717, 880160105, 0.000, 0.000, -454.994, 250.000, 0.000, 2.350, 1, 0 
154717, 881667331, 0.000, 0.000, -454.967, 250.000, 0.000, 2.350, 1, 0 
154717, 883174559, 0.000, 0.000, -454.981, 250.000, 0.000, 2.350, 1, 0 
154717, 884683496, 0.000, 0.000, -454.981, 250.000, 0.000, 2.350, 1, 0 
154717, 886190888, 0.000, 0.000, -454.981, 250.000, 0.000, 2.350, 1, 0 
154717, 887722730, 0.000, 0.000, -454.981, 250.000, 0.000, 2.350, 1, 0 
154717, 889256142, 0.000, 0.000, -454.981, 250.000, 0.000, 2.350, 1, 0 
154717, 890839501, 0.000, 0.000, -454.967, 250.000, 0.000, 2.350, 1, 0 
154717, 892440854, 0.000, 0.000, -454.967, 250.000, 0.000, 2.350, 1, 0 
154717, 894035528, 0.000, 0.000, -454.994, 250.000, 0.000, 2.350, 1, 0 
154717, 895605249, 0.000, 0.000, -454.981, 250.000, 0.000, 2.350, 1, 0 
154717, 897211363, 0.000, 0.000, -454.981, 250.000, 0.000, 2.350, 1, 0 
154717, 898804548, 0.000, 0.000, -454.981, 250.000, 0.000, 2.350, 1, 0 
154717, 900353751, 0.000, 0.000, -454.981, 250.000, 0.000, 2.350, 1, 0 
154717, 901926527, 0.000, 0.000, -454.981, 250.000, 0.000, 2.350, 1, 0 
154717, 903536368, 0.000, 0.000, -454.994, 250.000, 0.000, 2.350, 1, 0 
154717, 905134261, 0.000, 0.000, -454.981, 250.000, 0.000, 2.350, 1, 0 
154717, 906713856, 0.000, 0.000, -454.981, 250.000, 0.000, 2.350, 1, 0 
154717, 908242560, 0.000, 0.000, -454.994, 250.000, 0.000, 2.350, 1, 0 
154717, 909833281, 0.000, 0.000, -454.994, 250.000, 0.000, 2.350, 1, 0 
154717, 911425932, 0.000, 0.000, -454.981, 250.000, 0.000, 2.350, 1, 0 
154717, 913005949, 0.000, 0.000, -454.981, 250.000, 0.000, 2.350, 1, 0 
154717, 914567233, 0.000, 0.000, -454.981, 250.000, 0.000, 2.350, 1, 0 
154717, 916089540, 0.000, 0.000, -454.967, 250.000, 0.000, 2.350, 1, 0 
154717, 917659120, 0.000, 0.000, -454.994, 250.000, 0.000, 2.350, 1, 0 
154717, 919273077, 0.000, 0.000, -454.981, 250.000, 0.000, 2.350, 1, 0 
154717, 920794102, 0.000, 0.000, -454.967, 250.000, 0.000, 2.350, 1, 0 
154717, 922400099, 0.000, 0.000, -454.981, 250.000, 0.000, 2.350, 1, 0 
154717, 923913111, 0.000, 0.000, -454.994, 250.000, 0.000, 2.350, 1, 0 
154717, 925427877, 0.000, 0.000, -454.994, 250.000, 0.000, 2.350, 1, 0 
154717, 926942813, 0.000, 0.000, -454.981, 250.000, 0.000, 2.350, 1, 0 
154717, 928460023, 0.000, 0.000, -454.967, 250.000, 0.000, 2.350, 1, 0 
154717, 929973508, 0.000, 0.000, -454.967, 250.000, 0.000, 2.350, 1, 0 
154717, 931488460, 0.000, 0.000, -454.981, 250.000, 0.000, 2.350, 1, 0 
154717, 933011923, 0.000, 0.000, -454.981, 250.000, 0.000, 2.350, 1, 0 
154717, 934559225, 0.000, 0.000, -454.981, 250.000, 0.000, 2.350, 1, 0 
154717, 936147861, 0.000, 0.000, -454.967, 250.000, 0.000, 2.350, 1, 0 
154717, 937662865, 0.000, 0.000, -454.967, 250.000, 0.000, 2.350, 1, 0 
154717, 939177454, 0.000, 0.000, -454.994, 250.000, 0.000, 2.350, 1, 0 
154717, 940695386, 0.000, 0.000, -454.981, 250.000, 0.000, 2.350, 1, 0 
154717, 942250459, 0.000, 0.000, -454.967, 250.000, 0.000, 2.350, 1, 0 
154717, 943788852, 0.000, 0.000, -454.981, 250.000, 0.000, 2.350, 1, 0 
154717, 945302037, 0.000, 0.000, -454.967, 250.000, 0.000, 2.350, 1, 0 
154717, 946816251, 0.000, 0.000, -454.994, 250.000, 0.000, 2.350, 1, 0 
154717, 948333640, 0.000, 0.000, -454.981, 250.000, 0.000, 2.350, 1, 0 
154717, 949889100, 0.000, 0.000, -454.981, 250.000, 0.000, 2.350, 1, 0 
154717, 951404590, 0.000, 0.000, -454.967, 250.000, 0.000, 2.350, 1, 0 
154717, 952918006, 0.000, 0.000, -454.981, 250.000, 0.000, 2.350, 1, 0 
154717, 954455236, 0.000, 0.000, -454.967, 250.000, 0.000, 2.350, 1, 0 
154717, 956039429, 0.000, 0.000, -454.981, 250.000, 0.000, 2.350, 1, 0 
154717, 957553684, 0.000, 0.000, -454.994, 250.000, 0.000, 2.350, 1, 0 
154717, 959068516, 0.000, 0.000, -454.967, 250.000, 0.000, 2.350, 1, 0 
154717, 960653425, 0.000, 0.000, -454.994, 250.000, 0.000, 2.350, 1, 0 
154717, 962168257, 0.000, 0.000, -454.981, 250.000, 0.000, 2.350, 1, 0 
154717, 963682945, 0.000, 0.000, -454.981, 250.000, 0.000, 2.350, 1, 0 
154717, 965241115, 0.000, 0.000, -454.981, 250.000, 0.000, 2.350, 1, 0 
154717, 966755186, 0.000, 0.000, -454.967, 250.000, 0.000, 2.350, 1, 0 
154717, 968267120, 0.000, 0.000, -454.981, 250.000, 0.000, 2.350, 1, 0 
154717, 969870997, 0.000, 0.000, -454.994, 250.000, 0.000, 2.350, 1, 0 
154717, 971461620, 0.000, 0.000, -454.981, 250.000, 0.000, 2.350, 1, 0 
154717, 973040298, 0.000, 0.000, -454.981, 250.000, 0.000, 2.350, 1, 0 
154717, 974556112, 0.000, 0.000, -454.967, 250.000, 0.000, 2.350, 1, 0 
154717, 976074972, 0.000, 0.000, -454.967, 250.000, 0.000, 2.350, 1, 0 
154717, 977592512, 0.000, 0.000, -454.981, 250.000, 0.000, 2.350, 1, 0 
154717, 979168478, 0.000, 0.000, -454.967, 250.000, 0.000, 2.350, 1, 0 
154717, 980789945, 0.000, 0.000, -454.981, 250.000, 0.000, 2.350, 1, 0 
154717, 982393080, 0.000, 0.000, -454.981, 250.000, 0.000, 2.350, 1, 0 
154717, 983908283, 0.000, 0.000, -454.967, 250.000, 0.000, 2.350, 1, 0 
154717, 985422174, 0.000, 0.000, -454.994, 250.000, 0.000, 2.350, 1, 0 
154717, 986935426, 0.000, 0.000, -454.981, 250.000, 0.000, 2.350, 1, 0 
154717, 988451029, 0.000, 0.000, -454.981, 250.000, 0.000, 2.350, 1, 0 
154717, 990062185, 0.000, 0.000, -454.994, 250.000, 0.000, 2.350, 1, 0 
154717, 991642424, 0.000, 0.000, -454.967, 250.000, 0.000, 2.350, 1, 0 
154717, 993255085, 0.000, 0.000, -454.981, 250.000, 0.000, 2.350, 1, 0 
154717, 994772465, 0.000, 0.000, -454.981, 250.000, 0.000, 2.350, 1, 0 
154717, 996336285, 0.000, 0.000, -454.981, 250.000, 0.000, 2.350, 1, 0 
154717, 997852387, 0.000, 0.000, -454.981, 250.000, 0.000, 2.350, 1, 0 
154717, 999428455, 0.000, 0.000, -454.981, 250.000, 0.000, 2.350, 1, 0 
154718, 1032793, 0.000, 0.000, -454.981, 250.000, 0.000, 2.350, 1, 0 
154718, 2603716, 0.000, 0.000, -454.981, 250.000, 0.000, 2.350, 1, 0 
154718, 4199113, 0.000, 0.000, -454.967, 250.000, 0.000, 2.350, 1, 0 
154718, 5802768, 0.000, 0.000, -454.967, 250.000, 0.000, 2.350, 1, 0 
154718, 7325256, 0.000, 0.000, -454.967, 250.000, 0.000, 2.350, 1, 0 
154718, 8846148, 0.000, 0.000, -454.981, 250.000, 0.000, 2.350, 1, 0 
154718, 10384855, 0.000, 0.000, -454.994, 250.000, 0.000, 2.350, 1, 0 
154718, 11996183, 0.000, 0.000, -454.994, 250.000, 0.000, 2.350, 1, 0 
154718, 13508156, 0.000, 0.000, -454.981, 250.000, 0.000, 2.350, 1, 0 
154718, 15019608, 0.000, 0.000, -454.994, 250.000, 0.000, 2.350, 1, 0 
154718, 16534750, 0.000, 0.000, -454.967, 250.000, 0.000, 2.350, 1, 0 
154718, 18046397, 0.000, 0.000, -454.981, 250.000, 0.000, 2.350, 1, 0 
154718, 19557890, 0.000, 0.000, -454.981, 250.000, 0.000, 2.350, 1, 0 
154718, 21073177, 0.000, 0.000, -454.981, 250.000, 0.000, 2.350, 1, 0 
154718, 22672168, 0.000, 0.000, -454.981, 250.000, 0.000, 2.350, 1, 0 
154718, 24188809, 0.000, 0.000, -454.981, 250.000, 0.000, 2.350, 1, 0 
154718, 25700885, 0.000, 0.000, -454.981, 250.000, 0.000, 2.350, 1, 0 
154718, 27246065, 0.000, 0.000, -454.981, 250.000, 0.000, 2.350, 1, 0 
154718, 28762786, 0.000, 0.000, -454.994, 250.000, 0.000, 2.350, 1, 0 
154718, 30292631, 0.000, 0.000, -454.981, 250.000, 0.000, 2.350, 1, 0 
154718, 31895419, 0.000, 0.000, -454.981, 250.000, 0.000, 2.350, 1, 0 
154718, 33408554, 0.000, 0.000, -454.967, 250.000, 0.000, 2.350, 1, 0 
154718, 34920687, 0.000, 0.000, -454.981, 250.000, 0.000, 2.350, 1, 0 
154718, 36435840, 0.000, 0.000, -454.981, 250.000, 0.000, 2.350, 1, 0 
154718, 38026542, 0.000, 0.000, -454.981, 250.000, 0.000, 2.350, 1, 0 
154718, 39582667, 0.000, 0.000, -454.994, 250.000, 0.000, 2.350, 1, 0 
154718, 41099595, 0.000, 0.000, -454.967, 250.000, 0.000, 2.350, 1, 0 
154718, 42658570, 0.000, 0.000, -454.967, 250.000, 0.000, 2.350, 1, 0 
154718, 44224891, 0.000, 0.000, -454.981, 250.000, 0.000, 2.350, 1, 0 
154718, 45773064, 0.000, 0.000, -454.981, 250.000, 0.000, 2.350, 1, 0 
154718, 47284846, 0.000, 0.000, -454.981, 250.000, 0.000, 2.350, 1, 0 
154718, 48797424, 0.000, 0.000, -454.994, 250.000, 0.000, 2.350, 1, 0 
154718, 50309433, 0.000, 0.000, -454.994, 250.000, 0.000, 2.350, 1, 0 
154718, 51820911, 0.000, 0.000, -454.967, 250.000, 0.000, 2.350, 1, 0 
154718, 53332302, 0.000, 0.000, -454.981, 250.000, 0.000, 2.350, 1, 0 
154718, 54845919, 0.000, 0.000, -454.967, 250.000, 0.000, 2.350, 1, 0 
154718, 56455933, 0.000, 0.000, -454.994, 250.000, 0.000, 2.350, 1, 0 
154718, 58065168, 0.000, 0.000, -454.981, 250.000, 0.000, 2.350, 1, 0 
154718, 59582777, 0.000, 0.000, -454.967, 250.000, 0.000, 2.350, 1, 0 
154718, 61170318, 0.000, 0.000, -454.994, 250.000, 0.000, 2.350, 1, 0 
154718, 62733226, 0.000, 0.000, -454.994, 250.000, 0.000, 2.350, 1, 0 
154718, 64343689, 0.000, 0.000, -454.981, 250.000, 0.000, 2.350, 1, 0 
154718, 65947289, 0.000, 0.000, -454.981, 250.000, 0.000, 2.350, 1, 0 
154718, 67546537, 0.000, 0.000, -454.967, 250.000, 0.000, 2.350, 1, 0 
154718, 69154164, 0.000, 0.000, -454.994, 250.000, 0.000, 2.350, 1, 0 
154718, 70764739, 0.000, 0.000, -454.994, 250.000, 0.000, 2.350, 1, 0 
154718, 72381268, 0.000, 0.000, -454.981, 250.000, 0.000, 2.350, 1, 0 
154718, 73926716, 0.000, 0.000, -454.981, 250.000, 0.000, 2.350, 1, 0 
154718, 75445418, 0.000, 0.000, -454.981, 250.000, 0.000, 2.350, 1, 0 
154718, 77046293, 0.000, 0.000, -454.967, 250.000, 0.000, 2.350, 1, 0 
154718, 78646523, 0.000, 0.000, -454.981, 250.000, 0.000, 2.350, 1, 0 
154718, 80203971, 0.000, 0.000, -454.967, 250.000, 0.000, 2.350, 1, 0 
154718, 81717818, 0.000, 0.000, -454.981, 250.000, 0.000, 2.350, 1, 0 
154718, 83230156, 0.000, 0.000, -454.967, 250.000, 0.000, 2.350, 1, 0 
154718, 84743105, 0.000, 0.000, -454.967, 250.000, 0.000, 2.350, 1, 0 
154718, 86255100, 0.000, 0.000, -454.967, 250.000, 0.000, 2.350, 1, 0 
154718, 87768678, 0.000, 0.000, -454.981, 250.000, 0.000, 2.350, 1, 0 
154718, 89349980, 0.000, 0.000, -454.967, 250.000, 0.000, 2.350, 1, 0 
154718, 90872428, 0.000, 0.000, -454.981, 250.000, 0.000, 2.350, 1, 0 
154718, 92462273, 0.000, 0.000, -454.981, 250.000, 0.000, 2.350, 1, 0 
154718, 94054668, 0.000, 0.000, -454.994, 250.000, 0.000, 2.350, 1, 0 
154718, 95616966, 0.000, 0.000, -454.981, 250.000, 0.000, 2.350, 1, 0 
154718, 97225716, 0.000, 0.000, -454.967, 250.000, 0.000, 2.350, 1, 0 
154718, 98844272, 0.000, 0.000, -454.994, 250.000, 0.000, 2.350, 1, 0 
154718, 100456085, 0.000, 0.000, -454.981, 250.000, 0.000, 2.350, 1, 0 
154718, 102064087, 0.000, 0.000, -454.981, 250.000, 0.000, 2.350, 1, 0 
154718, 103672823, 0.000, 0.000, -454.981, 250.000, 0.000, 2.350, 1, 0 
154718, 105284644, 0.000, 0.000, -454.981, 250.000, 0.000, 2.350, 1, 0 
154718, 106895689, 0.000, 0.000, -454.981, 250.000, 0.000, 2.350, 1, 0 
154718, 108457268, 0.000, 0.000, -454.981, 250.000, 0.000, 2.350, 1, 0 
154718, 109983560, 0.000, 0.000, -454.967, 250.000, 0.000, 2.350, 1, 0 
154718, 111559018, 0.000, 0.000, -454.994, 250.000, 0.000, 2.350, 1, 0 
154718, 113154651, 0.000, 0.000, -454.967, 250.000, 0.000, 2.350, 1, 0 
154718, 114739379, 0.000, 0.000, -454.981, 250.000, 0.000, 2.350, 1, 0 
154718, 116334967, 0.000, 0.000, -454.981, 250.000, 0.000, 2.350, 1, 0 
154718, 117922711, 0.000, 0.000, -454.994, 250.000, 0.000, 2.350, 1, 0 
154718, 119490759, 0.000, 0.000, -454.994, 250.000, 0.000, 2.350, 1, 0 
154718, 121046754, 0.000, 0.000, -454.994, 250.000, 0.000, 2.350, 1, 0 
154718, 122569915, 0.000, 0.000, -454.967, 250.000, 0.000, 2.350, 1, 0 
154718, 124154413, 0.000, 0.000, -454.981, 250.000, 0.000, 2.350, 1, 0 
154718, 125672379, 0.000, 0.000, -454.981, 250.000, 0.000, 2.350, 1, 0 
154718, 127202736, 0.000, 0.000, -454.994, 250.000, 0.000, 2.350, 1, 0 
154718, 128716457, 0.000, 0.000, -454.981, 250.000, 0.000, 2.350, 1, 0 
154718, 130307263, 0.000, 0.000, -454.981, 250.000, 0.000, 2.350, 1, 0 
154718, 131908321, 0.000, 0.000, -454.994, 250.000, 0.000, 2.350, 1, 0 
154718, 133421621, 0.000, 0.000, -454.994, 250.000, 0.000, 2.350, 1, 0 
154718, 134933971, 0.000, 0.000, -454.994, 250.000, 0.000, 2.350, 1, 0 
154718, 136474181, 0.000, 0.000, -454.981, 250.000, 0.000, 2.350, 1, 0 
154718, 137987824, 0.000, 0.000, -454.981, 250.000, 0.000, 2.350, 1, 0 
154718, 139585622, 0.000, 0.000, -454.994, 250.000, 0.000, 2.350, 1, 0 
154718, 141196211, 0.000, 0.000, -454.994, 250.000, 0.000, 2.350, 1, 0 
154718, 142785301, 0.000, 0.000, -454.981, 250.000, 0.000, 2.350, 1, 0 
154718, 144299888, 0.000, 0.000, -454.967, 250.000, 0.000, 2.350, 1, 0 
154718, 145907336, 0.000, 0.000, -454.994, 250.000, 0.000, 2.350, 1, 0 
154718, 147515055, 0.000, 0.000, -454.981, 250.000, 0.000, 2.350, 1, 0 
154718, 149121686, 0.000, 0.000, -454.981, 250.000, 0.000, 2.350, 1, 0 
154718, 150728323, 0.000, 0.000, -454.994, 250.000, 0.000, 2.350, 1, 0 
154718, 152289811, 0.000, 0.000, -454.981, 250.000, 0.000, 2.350, 1, 0 
154718, 153809731, 0.000, 0.000, -454.981, 250.000, 0.000, 2.350, 1, 0 
154718, 155369866, 0.000, 0.000, -454.967, 250.000, 0.000, 2.350, 1, 0 
154718, 156927908, 0.000, 0.000, -454.981, 250.000, 0.000, 2.350, 1, 0 
154718, 158484425, 0.000, 0.000, -454.981, 250.000, 0.000, 2.350, 1, 0 
154718, 159999775, 0.000, 0.000, -454.981, 250.000, 0.000, 2.350, 1, 0 
154718, 161538952, 0.000, 0.000, -454.981, 250.000, 0.000, 2.350, 1, 0 
154718, 163133718, 0.000, 0.000, -454.981, 250.000, 0.000, 2.350, 1, 0 
154718, 164647462, 0.000, 0.000, -454.981, 250.000, 0.000, 2.350, 1, 0 
154718, 166160122, 0.000, 0.000, -454.981, 250.000, 0.000, 2.350, 1, 0 
154718, 167707581, 0.000, 0.000, -454.967, 250.000, 0.000, 2.350, 1, 0 
154718, 169261129, 0.000, 0.000, -454.981, 250.000, 0.000, 2.350, 1, 0 
154718, 170805831, 0.000, 0.000, -454.967, 250.000, 0.000, 2.350, 1, 0 
154718, 172368771, 0.000, 0.000, -454.994, 250.000, 0.000, 2.350, 1, 0 
154718, 173882948, 0.000, 0.000, -454.967, 250.000, 0.000, 2.350, 1, 0 
154718, 175395801, 0.000, 0.000, -454.967, 250.000, 0.000, 2.350, 1, 0 
154718, 176908718, 0.000, 0.000, -454.994, 250.000, 0.000, 2.350, 1, 0 
154718, 178420947, 0.000, 0.000, -454.994, 250.000, 0.000, 2.350, 1, 0 
154718, 179933520, 0.000, 0.000, -454.981, 250.000, 0.000, 2.350, 1, 0 
154718, 181502182, 0.000, 0.000, -454.981, 250.000, 0.000, 2.350, 1, 0 
154718, 183149942, 0.000, 0.000, -454.981, 250.000, 0.000, 2.350, 1, 0 
154718, 184709614, 0.000, 0.000, -454.981, 250.000, 0.000, 2.350, 1, 0 
154718, 186276389, 0.000, 0.000, -454.981, 250.000, 0.000, 2.350, 1, 0 
154718, 187797451, 0.000, 0.000, -454.994, 250.000, 0.000, 2.350, 1, 0 
154718, 189344896, 0.000, 0.000, -454.981, 250.000, 0.000, 2.350, 1, 0 
154718, 190869452, 0.000, 0.000, -454.967, 250.000, 0.000, 2.350, 1, 0 
154718, 192388999, 0.000, 0.000, -454.981, 250.000, 0.000, 2.350, 1, 0 
154718, 193954492, 0.000, 0.000, -454.967, 250.000, 0.000, 2.350, 1, 0 
154718, 195510155, 0.000, 0.000, -454.981, 250.000, 0.000, 2.350, 1, 0 
154718, 197073942, 0.000, 0.000, -454.981, 250.000, 0.000, 2.350, 1, 0 
154718, 198677540, 0.000, 0.000, -454.981, 250.000, 0.000, 2.350, 1, 0 
154718, 200268744, 0.000, 0.000, -454.967, 250.000, 0.000, 2.350, 1, 0 
154718, 201859201, 0.000, 0.000, -454.981, 250.000, 0.000, 2.350, 1, 0 
154718, 203417409, 0.000, 0.000, -454.967, 250.000, 0.000, 2.350, 1, 0 
154718, 204934213, 0.000, 0.000, -454.981, 250.000, 0.000, 2.350, 1, 0 
154718, 206503274, 0.000, 0.000, -454.981, 250.000, 0.000, 2.350, 1, 0 
154718, 208111572, 0.000, 0.000, -454.967, 250.000, 0.000, 2.350, 1, 0 
154718, 209670807, 0.000, 0.000, -454.981, 250.000, 0.000, 2.350, 1, 0 
154718, 211228155, 0.000, 0.000, -454.981, 250.000, 0.000, 2.350, 1, 0 
154718, 212795318, 0.000, 0.000, -454.981, 250.000, 0.000, 2.350, 1, 0 
154718, 214437381, 0.000, 0.000, -454.981, 250.000, 0.000, 2.350, 1, 0 
154718, 216047355, 0.000, 0.000, -454.994, 250.000, 0.000, 2.350, 1, 0 
154718, 217561215, 0.000, 0.000, -454.967, 250.000, 0.000, 2.350, 1, 0 
154718, 219075751, 0.000, 0.000, -454.967, 250.000, 0.000, 2.350, 1, 0 
154718, 220591191, 0.000, 0.000, -454.981, 250.000, 0.000, 2.350, 1, 0 
154718, 222179108, 0.000, 0.000, -454.981, 250.000, 0.000, 2.350, 1, 0 
154718, 223785797, 0.000, 0.000, -454.981, 250.000, 0.000, 2.350, 1, 0 
154718, 225305385, 0.000, 0.000, -454.967, 250.000, 0.000, 2.350, 1, 0 
154718, 226823151, 0.000, 0.000, -454.981, 250.000, 0.000, 2.350, 1, 0 
154718, 228337160, 0.000, 0.000, -454.981, 250.000, 0.000, 2.350, 1, 0 
154718, 229876608, 0.000, 0.000, -454.967, 250.000, 0.000, 2.350, 1, 0 
154718, 231389630, 0.000, 0.000, -454.994, 250.000, 0.000, 2.350, 1, 0 
154718, 232902132, 0.000, 0.000, -454.981, 250.000, 0.000, 2.350, 1, 0 
154718, 234414543, 0.000, 0.000, -454.994, 250.000, 0.000, 2.350, 1, 0 
154718, 235926444, 0.000, 0.000, -454.981, 250.000, 0.000, 2.350, 1, 0 
154718, 237438365, 0.000, 0.000, -454.981, 250.000, 0.000, 2.350, 1, 0 
154718, 238953112, 0.000, 0.000, -454.994, 250.000, 0.000, 2.350, 1, 0 
154718, 240467952, 0.000, 0.000, -454.967, 250.000, 0.000, 2.350, 1, 0 
154718, 241980542, 0.000, 0.000, -454.981, 250.000, 0.000, 2.350, 1, 0 
154718, 243493745, 0.000, 0.000, -454.981, 250.000, 0.000, 2.350, 1, 0 
154718, 245031678, 0.000, 0.000, -454.994, 250.000, 0.000, 2.350, 1, 0 
154718, 246544327, 0.000, 0.000, -454.994, 250.000, 0.000, 2.350, 1, 0 
154718, 248059345, 0.000, 0.000, -454.981, 250.000, 0.000, 2.350, 1, 0 
154718, 249571750, 0.000, 0.000, -454.981, 250.000, 0.000, 2.350, 1, 0 
154718, 251093141, 0.000, 0.000, -454.994, 250.000, 0.000, 2.350, 1, 0 
154718, 252611016, 0.000, 0.000, -454.967, 250.000, 0.000, 2.350, 1, 0 
154718, 254127574, 0.000, 0.000, -454.967, 250.000, 0.000, 2.350, 1, 0 
154718, 255642715, 0.000, 0.000, -454.994, 250.000, 0.000, 2.350, 1, 0 
154718, 257157614, 0.000, 0.000, -454.967, 250.000, 0.000, 2.350, 1, 0 
154718, 258677749, 0.000, 0.000, -454.967, 250.000, 0.000, 2.350, 1, 0 
154718, 260299297, 0.000, 0.000, -454.967, 250.000, 0.000, 2.350, 1, 0 
154718, 261864423, 0.000, 0.000, -454.994, 250.000, 0.000, 2.350, 1, 0 
154718, 263437891, 0.000, 0.000, -454.994, 250.000, 0.000, 2.350, 1, 0 
154718, 265017406, 0.000, 0.000, -454.981, 250.000, 0.000, 2.350, 1, 0 
154718, 266592548, 0.000, 0.000, -454.994, 250.000, 0.000, 2.350, 1, 0 
154718, 268170048, 0.000, 0.000, -454.967, 250.000, 0.000, 2.350, 1, 0 
154718, 269805839, 0.000, 0.000, -454.994, 250.000, 0.000, 2.350, 1, 0 
154718, 271388768, 0.000, 0.000, -454.981, 250.000, 0.000, 2.350, 1, 0 
154718, 273003619, 0.000, 0.000, -454.967, 250.000, 0.000, 2.350, 1, 0 
154718, 274593661, 0.000, 0.000, -454.994, 250.000, 0.000, 2.350, 1, 0 
154718, 276208536, 0.000, 0.000, -454.981, 250.000, 0.000, 2.350, 1, 0 
154718, 277724626, 0.000, 0.000, -454.967, 250.000, 0.000, 2.350, 1, 0 
154718, 279301272, 0.000, 0.000, -454.981, 250.000, 0.000, 2.350, 1, 0 
154718, 280822101, 0.000, 0.000, -454.967, 250.000, 0.000, 2.350, 1, 0 
154718, 282346715, 0.000, 0.000, -454.967, 250.000, 0.000, 2.350, 1, 0 
154718, 283884800, 0.000, 0.000, -454.981, 250.000, 0.000, 2.350, 1, 0 
154718, 285462205, 0.000, 0.000, -454.994, 250.000, 0.000, 2.350, 1, 0 
154718, 286975262, 0.000, 0.000, -454.981, 250.000, 0.000, 2.350, 1, 0 
154718, 288488773, 0.000, 0.000, -454.981, 250.000, 0.000, 2.350, 1, 0 
154718, 290001203, 0.000, 0.000, -454.967, 250.000, 0.000, 2.350, 1, 0 
154718, 291578090, 0.000, 0.000, -454.994, 250.000, 0.000, 2.350, 1, 0 
154718, 293096231, 0.000, 0.000, -454.981, 250.000, 0.000, 2.350, 1, 0 
154718, 294608229, 0.000, 0.000, -454.981, 250.000, 0.000, 2.350, 1, 0 
154718, 296123628, 0.000, 0.000, -454.981, 250.000, 0.000, 2.350, 1, 0 
154718, 297640527, 0.000, 0.000, -454.981, 250.000, 0.000, 2.350, 1, 0 
154718, 299152810, 0.000, 0.000, -454.994, 250.000, 0.000, 2.350, 1, 0 
154718, 300668013, 0.000, 0.000, -454.981, 250.000, 0.000, 2.350, 1, 0 
154718, 302221328, 0.000, 0.000, -454.981, 250.000, 0.000, 2.350, 1, 0 
154718, 303801902, 0.000, 0.000, -454.981, 250.000, 0.000, 2.350, 1, 0 
154718, 305379074, 0.000, 0.000, -454.981, 250.000, 0.000, 2.350, 1, 0 
154718, 306992668, 0.000, 0.000, -454.981, 250.000, 0.000, 2.350, 1, 0 
154718, 308506789, 0.000, 0.000, -454.994, 250.000, 0.000, 2.350, 1, 0 
154718, 310032162, 0.000, 0.000, -454.967, 250.000, 0.000, 2.350, 1, 0 
154718, 311550592, 0.000, 0.000, -454.981, 250.000, 0.000, 2.350, 1, 0 
154718, 313068668, 0.000, 0.000, -454.994, 250.000, 0.000, 2.350, 1, 0 
154718, 314630747, 0.000, 0.000, -454.981, 250.000, 0.000, 2.350, 1, 0 
154718, 316214112, 0.000, 0.000, -454.981, 250.000, 0.000, 2.350, 1, 0 
154718, 317731184, 0.000, 0.000, -454.981, 250.000, 0.000, 2.350, 1, 0 
154718, 319243727, 0.000, 0.000, -454.994, 250.000, 0.000, 2.350, 1, 0 
154718, 320761466, 0.000, 0.000, -454.981, 250.000, 0.000, 2.350, 1, 0 
154718, 322320162, 0.000, 0.000, -454.967, 250.000, 0.000, 2.350, 1, 0 
154718, 323850354, 0.000, 0.000, -454.967, 250.000, 0.000, 2.350, 1, 0 
154718, 325363787, 0.000, 0.000, -454.981, 250.000, 0.000, 2.350, 1, 0 
154718, 326879174, 0.000, 0.000, -454.981, 250.000, 0.000, 2.350, 1, 0 
154718, 328455043, 0.000, 0.000, -454.994, 250.000, 0.000, 2.350, 1, 0 
154718, 329968774, 0.000, 0.000, -454.981, 250.000, 0.000, 2.350, 1, 0 
154718, 331517508, 0.000, 0.000, -454.994, 250.000, 0.000, 2.350, 1, 0 
154718, 333029836, 0.000, 0.000, -454.981, 250.000, 0.000, 2.350, 1, 0 
154718, 334542254, 0.000, 0.000, -454.981, 250.000, 0.000, 2.350, 1, 0 
154718, 336057763, 0.000, 0.000, -454.967, 250.000, 0.000, 2.350, 1, 0 
154718, 337605116, 0.000, 0.000, -454.994, 250.000, 0.000, 2.350, 1, 0 
154718, 339170379, 0.000, 0.000, -454.981, 250.000, 0.000, 2.350, 1, 0 
154718, 340750736, 0.000, 0.000, -454.981, 250.000, 0.000, 2.350, 1, 0 
154718, 342361306, 0.000, 0.000, -454.981, 250.000, 0.000, 2.350, 1, 0 
154718, 343927390, 0.000, 0.000, -454.967, 250.000, 0.000, 2.350, 1, 0 
154718, 345486976, 0.000, 0.000, -454.981, 250.000, 0.000, 2.350, 1, 0 
154718, 347010385, 0.000, 0.000, -454.981, 250.000, 0.000, 2.350, 1, 0 
154718, 348597389, 0.000, 0.000, -454.981, 250.000, 0.000, 2.350, 1, 0 
154718, 350180098, 0.000, 0.000, -454.994, 250.000, 0.000, 2.350, 1, 0 
154718, 351737895, 0.000, 0.000, -454.981, 250.000, 0.000, 2.350, 1, 0 
154718, 353353453, 0.000, 0.000, -454.981, 250.000, 0.000, 2.350, 1, 0 
154718, 354922161, 0.000, 0.000, -454.981, 250.000, 0.000, 2.350, 1, 0 
154718, 356436478, 0.000, 0.000, -454.981, 250.000, 0.000, 2.350, 1, 0 
154718, 357952570, 0.000, 0.000, -454.981, 250.000, 0.000, 2.350, 1, 0 
154718, 359467373, 0.000, 0.000, -454.994, 250.000, 0.000, 2.350, 1, 0 
154718, 361112961, 0.000, 0.000, -454.994, 250.000, 0.000, 2.350, 1, 0 
154718, 362690153, 0.000, 0.000, -454.967, 250.000, 0.000, 2.350, 1, 0 
154718, 364270320, 0.000, 0.000, -454.981, 250.000, 0.000, 2.350, 1, 0 
154718, 365782913, 0.000, 0.000, -454.994, 250.000, 0.000, 2.350, 1, 0 
154718, 367294404, 0.000, 0.000, -454.981, 250.000, 0.000, 2.350, 1, 0 
154718, 368844259, 0.000, 0.000, -454.994, 250.000, 0.000, 2.350, 1, 0 
154718, 370356265, 0.000, 0.000, -454.994, 250.000, 0.000, 2.350, 1, 0 
154718, 371924848, 0.000, 0.000, -454.994, 250.000, 0.000, 2.350, 1, 0 
154718, 373505269, 0.000, 0.000, -454.994, 250.000, 0.000, 2.350, 1, 0 
154718, 375018862, 0.000, 0.000, -454.994, 250.000, 0.000, 2.350, 1, 0 
154718, 376535394, 0.000, 0.000, -454.994, 250.000, 0.000, 2.350, 1, 0 
154718, 378059820, 0.000, 0.000, -454.967, 250.000, 0.000, 2.350, 1, 0 
154718, 379651227, 0.000, 0.000, -454.994, 250.000, 0.000, 2.350, 1, 0 
154718, 381239467, 0.000, 0.000, -454.981, 250.000, 0.000, 2.350, 1, 0 
154718, 382752275, 0.000, 0.000, -454.994, 250.000, 0.000, 2.350, 1, 0 
154718, 384293057, 0.000, 0.000, -454.967, 250.000, 0.000, 2.350, 1, 0 
154718, 385805561, 0.000, 0.000, -454.981, 250.000, 0.000, 2.350, 1, 0 
154718, 387317410, 0.000, 0.000, -454.981, 250.000, 0.000, 2.350, 1, 0 
154718, 388829654, 0.000, 0.000, -454.981, 250.000, 0.000, 2.350, 1, 0 
154718, 390346644, 0.000, 0.000, -454.981, 250.000, 0.000, 2.350, 1, 0 
154718, 391864714, 0.000, 0.000, -454.981, 250.000, 0.000, 2.350, 1, 0 
154718, 393383378, 0.000, 0.000, -454.981, 250.000, 0.000, 2.350, 1, 0 
154718, 394896826, 0.000, 0.000, -454.981, 250.000, 0.000, 2.350, 1, 0 
154718, 396472436, 0.000, 0.000, -454.967, 250.000, 0.000, 2.350, 1, 0 
154718, 398046993, 0.000, 0.000, -454.981, 250.000, 0.000, 2.350, 1, 0 
154718, 399595456, 0.000, 0.000, -454.994, 250.000, 0.000, 2.350, 1, 0 
154718, 401162686, 0.000, 0.000, -454.981, 250.000, 0.000, 2.350, 1, 0 
154718, 402738654, 0.000, 0.000, -454.981, 250.000, 0.000, 2.350, 1, 0 
154718, 404321301, 0.000, 0.000, -454.967, 250.000, 0.000, 2.350, 1, 0 
154718, 405878113, 0.000, 0.000, -454.994, 250.000, 0.000, 2.350, 1, 0 
154718, 407398771, 0.000, 0.000, -454.981, 250.000, 0.000, 2.350, 1, 0 
154718, 408957801, 0.000, 0.000, -454.967, 250.000, 0.000, 2.350, 1, 0 
154718, 410472454, 0.000, 0.000, -454.994, 250.000, 0.000, 2.350, 1, 0 
154718, 411984637, 0.000, 0.000, -454.967, 250.000, 0.000, 2.350, 1, 0 
154718, 413497573, 0.000, 0.000, -454.994, 250.000, 0.000, 2.350, 1, 0 
154718, 415034807, 0.000, 0.000, -454.994, 250.000, 0.000, 2.350, 1, 0 
154718, 416549776, 0.000, 0.000, -454.967, 250.000, 0.000, 2.350, 1, 0 
154718, 418061781, 0.000, 0.000, -454.981, 250.000, 0.000, 2.350, 1, 0 
154718, 419573387, 0.000, 0.000, -454.981, 250.000, 0.000, 2.350, 1, 0 
154718, 421085081, 0.000, 0.000, -454.981, 250.000, 0.000, 2.350, 1, 0 
154718, 422596980, 0.000, 0.000, -454.967, 250.000, 0.000, 2.350, 1, 0 
154718, 424180720, 0.000, 0.000, -454.967, 250.000, 0.000, 2.350, 1, 0 
154718, 425698071, 0.000, 0.000, -454.967, 250.000, 0.000, 2.350, 1, 0 
154718, 427215402, 0.000, 0.000, -454.967, 250.000, 0.000, 2.350, 1, 0 
154718, 428790568, 0.000, 0.000, -454.981, 250.000, 0.000, 2.350, 1, 0 
154718, 430339715, 0.000, 0.000, -454.994, 250.000, 0.000, 2.350, 1, 0 
154718, 431853045, 0.000, 0.000, -454.981, 250.000, 0.000, 2.350, 1, 0 
154718, 433365040, 0.000, 0.000, -454.981, 250.000, 0.000, 2.350, 1, 0 
154718, 434876655, 0.000, 0.000, -454.981, 250.000, 0.000, 2.350, 1, 0 
154718, 436391209, 0.000, 0.000, -454.981, 250.000, 0.000, 2.350, 1, 0 
154718, 437903220, 0.000, 0.000, -454.967, 250.000, 0.000, 2.350, 1, 0 
154718, 439418697, 0.000, 0.000, -454.994, 250.000, 0.000, 2.350, 1, 0 
154718, 440934657, 0.000, 0.000, -454.994, 250.000, 0.000, 2.350, 1, 0 
154718, 442448302, 0.000, 0.000, -454.994, 250.000, 0.000, 2.350, 1, 0 
154718, 443959479, 0.000, 0.000, -454.994, 250.000, 0.000, 2.350, 1, 0 
154718, 445509245, 0.000, 0.000, -454.994, 250.000, 0.000, 2.350, 1, 0 
154718, 447021159, 0.000, 0.000, -454.967, 250.000, 0.000, 2.350, 1, 0 
154718, 448536037, 0.000, 0.000, -454.981, 250.000, 0.000, 2.350, 1, 0 
154718, 450047876, 0.000, 0.000, -454.967, 250.000, 0.000, 2.350, 1, 0 
154718, 451559194, 0.000, 0.000, -454.981, 250.000, 0.000, 2.350, 1, 0 
154718, 453070854, 0.000, 0.000, -454.967, 250.000, 0.000, 2.350, 1, 0 
154718, 454652781, 0.000, 0.000, -454.967, 250.000, 0.000, 2.350, 1, 0 
154718, 456236090, 0.000, 0.000, -454.981, 250.000, 0.000, 2.350, 1, 0 
154718, 457759489, 0.000, 0.000, -454.967, 250.000, 0.000, 2.350, 1, 0 
154718, 459282651, 0.000, 0.000, -454.967, 250.000, 0.000, 2.350, 1, 0 
154718, 460837632, 0.000, 0.000, -454.981, 250.000, 0.000, 2.350, 1, 0 
154718, 462350735, 0.000, 0.000, -454.967, 250.000, 0.000, 2.350, 1, 0 
154718, 463862719, 0.000, 0.000, -454.967, 250.000, 0.000, 2.350, 1, 0 
154718, 465374094, 0.000, 0.000, -454.994, 250.000, 0.000, 2.350, 1, 0 
154718, 466948969, 0.000, 0.000, -454.981, 250.000, 0.000, 2.350, 1, 0 
154718, 468464781, 0.000, 0.000, -454.994, 250.000, 0.000, 2.350, 1, 0 
154718, 469976866, 0.000, 0.000, -454.981, 250.000, 0.000, 2.350, 1, 0 
154718, 471490916, 0.000, 0.000, -454.967, 250.000, 0.000, 2.350, 1, 0 
154718, 473040001, 0.000, 0.000, -454.967, 250.000, 0.000, 2.350, 1, 0 
154718, 474554815, 0.000, 0.000, -454.981, 250.000, 0.000, 2.350, 1, 0 
154718, 476109639, 0.000, 0.000, -454.994, 250.000, 0.000, 2.350, 1, 0 
154718, 477640749, 0.000, 0.000, -454.981, 250.000, 0.000, 2.350, 1, 0 
154718, 479197450, 0.000, 0.000, -454.994, 250.000, 0.000, 2.350, 1, 0 
154718, 480710906, 0.000, 0.000, -454.981, 250.000, 0.000, 2.350, 1, 0 
154718, 482222871, 0.000, 0.000, -454.981, 250.000, 0.000, 2.350, 1, 0 
154718, 483736365, 0.000, 0.000, -454.981, 250.000, 0.000, 2.350, 1, 0 
154718, 485248293, 0.000, 0.000, -454.967, 250.000, 0.000, 2.350, 1, 0 
154718, 486759751, 0.000, 0.000, -454.981, 250.000, 0.000, 2.350, 1, 0 
154718, 488275850, 0.000, 0.000, -454.994, 250.000, 0.000, 2.350, 1, 0 
154718, 489833889, 0.000, 0.000, -454.981, 250.000, 0.000, 2.350, 1, 0 
154718, 491459364, 0.000, 0.000, -454.981, 250.000, 0.000, 2.350, 1, 0 
154718, 492975162, 0.000, 0.000, -454.994, 250.000, 0.000, 2.350, 1, 0 
154718, 494489381, 0.000, 0.000, -454.967, 250.000, 0.000, 2.350, 1, 0 
154718, 496073359, 0.000, 0.000, -454.981, 250.000, 0.000, 2.350, 1, 0 
154718, 497593821, 0.000, 0.000, -454.994, 250.000, 0.000, 2.350, 1, 0 
154718, 499146542, 0.000, 0.000, -454.994, 250.000, 0.000, 2.350, 1, 0 
154718, 500660484, 0.000, 0.000, -454.981, 250.000, 0.000, 2.350, 1, 0 
154718, 502173477, 0.000, 0.000, -454.994, 250.000, 0.000, 2.350, 1, 0 
154718, 503692170, 0.000, 0.000, -454.981, 250.000, 0.000, 2.350, 1, 0 
154718, 505255988, 0.000, 0.000, -454.994, 250.000, 0.000, 2.350, 1, 0 
154718, 506865113, 0.000, 0.000, -454.981, 250.000, 0.000, 2.350, 1, 0 
154718, 508380171, 0.000, 0.000, -454.981, 250.000, 0.000, 2.350, 1, 0 
154718, 509899603, 0.000, 0.000, -454.967, 250.000, 0.000, 2.350, 1, 0 
154718, 511444724, 0.000, 0.000, -454.994, 250.000, 0.000, 2.350, 1, 0 
154718, 513022891, 0.000, 0.000, -454.981, 250.000, 0.000, 2.350, 1, 0 
154718, 514601939, 0.000, 0.000, -454.967, 250.000, 0.000, 2.350, 1, 0 
154718, 516120817, 0.000, 0.000, -454.981, 250.000, 0.000, 2.350, 1, 0 
154718, 517701385, 0.000, 0.000, -454.967, 250.000, 0.000, 2.350, 1, 0 
154718, 519215129, 0.000, 0.000, -454.981, 250.000, 0.000, 2.350, 1, 0 
154718, 520728489, 0.000, 0.000, -454.981, 250.000, 0.000, 2.350, 1, 0 
154718, 522276867, 0.000, 0.000, -454.967, 250.000, 0.000, 2.350, 1, 0 
154718, 523795924, 0.000, 0.000, -454.981, 250.000, 0.000, 2.350, 1, 0 
154718, 525308797, 0.000, 0.000, -454.981, 250.000, 0.000, 2.350, 1, 0 
154718, 526821223, 0.000, 0.000, -454.981, 250.000, 0.000, 2.350, 1, 0 
154718, 528334517, 0.000, 0.000, -454.967, 250.000, 0.000, 2.350, 1, 0 
154718, 529848677, 0.000, 0.000, -454.981, 250.000, 0.000, 2.350, 1, 0 
154718, 531362094, 0.000, 0.000, -454.981, 250.000, 0.000, 2.350, 1, 0 
154718, 532876033, 0.000, 0.000, -454.994, 250.000, 0.000, 2.350, 1, 0 
154718, 534389729, 0.000, 0.000, -454.967, 250.000, 0.000, 2.350, 1, 0 
154718, 535908918, 0.000, 0.000, -454.967, 250.000, 0.000, 2.350, 1, 0 
154718, 537533075, 0.000, 0.000, -454.994, 250.000, 0.000, 2.350, 1, 0 
154718, 539078318, 0.000, 0.000, -454.967, 250.000, 0.000, 2.350, 1, 0 
154718, 540657751, 0.000, 0.000, -454.981, 250.000, 0.000, 2.350, 1, 0 
154718, 542224474, 0.000, 0.000, -454.981, 250.000, 0.000, 2.350, 1, 0 
154718, 543740276, 0.000, 0.000, -454.967, 250.000, 0.000, 2.350, 1, 0 
154718, 545318267, 0.000, 0.000, -454.967, 250.000, 0.000, 2.350, 1, 0 
154718, 546896709, 0.000, 0.000, -454.981, 250.000, 0.000, 2.350, 1, 0 
154718, 548414161, 0.000, 0.000, -454.981, 250.000, 0.000, 2.350, 1, 0 
154718, 549927270, 0.000, 0.000, -454.967, 250.000, 0.000, 2.350, 1, 0 
154718, 551440354, 0.000, 0.000, -454.981, 250.000, 0.000, 2.350, 1, 0 
154718, 552982534, 0.000, 0.000, -454.967, 250.000, 0.000, 2.350, 1, 0 
154718, 554496173, 0.000, 0.000, -454.981, 250.000, 0.000, 2.350, 1, 0 
154718, 556012298, 0.000, 0.000, -454.981, 250.000, 0.000, 2.350, 1, 0 
154718, 557593532, 0.000, 0.000, -454.981, 250.000, 0.000, 2.350, 1, 0 
154718, 559179069, 0.000, 0.000, -454.981, 250.000, 0.000, 2.350, 1, 0 
154718, 560763339, 0.000, 0.000, -454.981, 250.000, 0.000, 2.350, 1, 0 
154718, 562277485, 0.000, 0.000, -454.981, 250.000, 0.000, 2.350, 1, 0 
154718, 563790736, 0.000, 0.000, -454.981, 250.000, 0.000, 2.350, 1, 0 
154718, 565304871, 0.000, 0.000, -454.981, 250.000, 0.000, 2.350, 1, 0 
154718, 566820918, 0.000, 0.000, -454.994, 250.000, 0.000, 2.350, 1, 0 
154718, 568393820, 0.000, 0.000, -454.994, 250.000, 0.000, 2.350, 1, 0 
154718, 569961896, 0.000, 0.000, -454.981, 250.000, 0.000, 2.350, 1, 0 
154718, 571543913, 0.000, 0.000, -454.967, 250.000, 0.000, 2.350, 1, 0 
154718, 573125635, 0.000, 0.000, -454.981, 250.000, 0.000, 2.350, 1, 0 
154718, 574714797, 0.000, 0.000, -454.981, 250.000, 0.000, 2.350, 1, 0 
154718, 576237888, 0.000, 0.000, -454.981, 250.000, 0.000, 2.350, 1, 0 
154718, 577779231, 0.000, 0.000, -454.994, 250.000, 0.000, 2.350, 1, 0 
154718, 579340205, 0.000, 0.000, -454.981, 250.000, 0.000, 2.350, 1, 0 
154718, 580919471, 0.000, 0.000, -454.981, 250.000, 0.000, 2.350, 1, 0 
154718, 582497690, 0.000, 0.000, -454.994, 250.000, 0.000, 2.350, 1, 0 
154718, 584119521, 0.000, 0.000, -454.967, 250.000, 0.000, 2.350, 1, 0 
154718, 585698517, 0.000, 0.000, -454.994, 250.000, 0.000, 2.350, 1, 0 
154718, 587276774, 0.000, 0.000, -454.967, 250.000, 0.000, 2.350, 1, 0 
154718, 588801855, 0.000, 0.000, -454.981, 250.000, 0.000, 2.350, 1, 0 
154718, 590385189, 0.000, 0.000, -454.981, 250.000, 0.000, 2.350, 1, 0 
154718, 591970933, 0.000, 0.000, -454.967, 250.000, 0.000, 2.350, 1, 0 
154718, 593554949, 0.000, 0.000, -454.981, 250.000, 0.000, 2.350, 1, 0 
154718, 595141580, 0.000, 0.000, -454.967, 250.000, 0.000, 2.350, 1, 0 
154718, 596663564, 0.000, 0.000, -454.981, 250.000, 0.000, 2.350, 1, 0 
154718, 598225424, 0.000, 0.000, -454.994, 250.000, 0.000, 2.350, 1, 0 
154718, 599867382, 0.000, 0.000, -454.967, 250.000, 0.000, 2.350, 1, 0 
154718, 601461935, 0.000, 0.000, -454.981, 250.000, 0.000, 2.350, 1, 0 
154718, 603046035, 0.000, 0.000, -454.967, 250.000, 0.000, 2.350, 1, 0 
154718, 604632304, 0.000, 0.000, -454.967, 250.000, 0.000, 2.350, 1, 0 
154718, 606216272, 0.000, 0.000, -454.981, 250.000, 0.000, 2.350, 1, 0 
154718, 607733435, 0.000, 0.000, -454.981, 250.000, 0.000, 2.350, 1, 0 
154718, 609260184, 0.000, 0.000, -454.994, 250.000, 0.000, 2.350, 1, 0 
154718, 610778189, 0.000, 0.000, -454.981, 250.000, 0.000, 2.350, 1, 0 
154718, 612360939, 0.000, 0.000, -454.981, 250.000, 0.000, 2.350, 1, 0 
154718, 613938971, 0.000, 0.000, -454.981, 250.000, 0.000, 2.350, 1, 0 
154718, 615567887, 0.000, 0.000, -454.967, 250.000, 0.000, 2.350, 1, 0 
154718, 617146331, 0.000, 0.000, -454.981, 250.000, 0.000, 2.350, 1, 0 
154718, 618660560, 0.000, 0.000, -454.994, 250.000, 0.000, 2.350, 1, 0 
154718, 620177529, 0.000, 0.000, -454.981, 250.000, 0.000, 2.350, 1, 0 
154718, 621690180, 0.000, 0.000, -454.994, 250.000, 0.000, 2.350, 1, 0 
154718, 623203509, 0.000, 0.000, -454.994, 250.000, 0.000, 2.350, 1, 0 
154718, 624716878, 0.000, 0.000, -454.981, 250.000, 0.000, 2.350, 1, 0 
154718, 626243836, 0.000, 0.000, -454.994, 250.000, 0.000, 2.350, 1, 0 
154718, 627807105, 0.000, 0.000, -454.981, 250.000, 0.000, 2.350, 1, 0 
154718, 629325241, 0.000, 0.000, -454.994, 250.000, 0.000, 2.350, 1, 0 
154718, 630972702, 0.000, 0.000, -454.981, 250.000, 0.000, 2.350, 1, 0 
154718, 632486325, 0.000, 0.000, -454.994, 250.000, 0.000, 2.350, 1, 0 
154718, 634094070, 0.000, 0.000, -454.994, 250.000, 0.000, 2.350, 1, 0 
154718, 635654067, 0.000, 0.000, -454.967, 250.000, 0.000, 2.350, 1, 0 
154718, 637238097, 0.000, 0.000, -454.994, 250.000, 0.000, 2.350, 1, 0 
154718, 638822435, 0.000, 0.000, -454.994, 250.000, 0.000, 2.350, 1, 0 
154718, 640406367, 0.000, 0.000, -454.994, 250.000, 0.000, 2.350, 1, 0 
154718, 641970770, 0.000, 0.000, -454.981, 250.000, 0.000, 2.350, 1, 0 
154718, 643577549, 0.000, 0.000, -454.994, 250.000, 0.000, 2.350, 1, 0 
154718, 645157353, 0.000, 0.000, -454.981, 250.000, 0.000, 2.350, 1, 0 
154718, 646775287, 0.000, 0.000, -454.967, 250.000, 0.000, 2.350, 1, 0 
154718, 648341493, 0.000, 0.000, -454.981, 250.000, 0.000, 2.350, 1, 0 
154718, 649923107, 0.000, 0.000, -454.981, 250.000, 0.000, 2.350, 1, 0 
154718, 651488395, 0.000, 0.000, -454.981, 250.000, 0.000, 2.350, 1, 0 
154718, 653003112, 0.000, 0.000, -454.981, 250.000, 0.000, 2.350, 1, 0 
154718, 654515879, 0.000, 0.000, -454.981, 250.000, 0.000, 2.350, 1, 0 
154718, 656072635, 0.000, 0.000, -454.967, 250.000, 0.000, 2.350, 1, 0 
154718, 657584949, 0.000, 0.000, -454.981, 250.000, 0.000, 2.350, 1, 0 
154718, 659096912, 0.000, 0.000, -454.981, 250.000, 0.000, 2.350, 1, 0 
154718, 660618036, 0.000, 0.000, -454.981, 250.000, 0.000, 2.350, 1, 0 
154718, 662221434, 0.000, 0.000, -454.994, 250.000, 0.000, 2.350, 1, 0 
154718, 663733452, 0.000, 0.000, -454.981, 250.000, 0.000, 2.350, 1, 0 
154718, 665246734, 0.000, 0.000, -454.967, 250.000, 0.000, 2.350, 1, 0 
154718, 666759369, 0.000, 0.000, -454.967, 250.000, 0.000, 2.350, 1, 0 
154718, 668342849, 0.000, 0.000, -454.994, 250.000, 0.000, 2.350, 1, 0 
154718, 669923671, 0.000, 0.000, -454.994, 250.000, 0.000, 2.350, 1, 0 
154718, 671439828, 0.000, 0.000, -454.967, 250.000, 0.000, 2.350, 1, 0 
154718, 673021637, 0.000, 0.000, -454.981, 250.000, 0.000, 2.350, 1, 0 
154718, 674533167, 0.000, 0.000, -454.994, 250.000, 0.000, 2.350, 1, 0 
154718, 676048859, 0.000, 0.000, -454.981, 250.000, 0.000, 2.350, 1, 0 
154718, 677679503, 0.000, 0.000, -454.981, 250.000, 0.000, 2.350, 1, 0 
154718, 679252296, 0.000, 0.000, -454.994, 250.000, 0.000, 2.350, 1, 0 
154718, 680765542, 0.000, 0.000, -454.981, 250.000, 0.000, 2.350, 1, 0 
154718, 682277754, 0.000, 0.000, -454.994, 250.000, 0.000, 2.350, 1, 0 
154718, 683804963, 0.000, 0.000, -454.981, 250.000, 0.000, 2.350, 1, 0 
154718, 685382283, 0.000, 0.000, -454.994, 250.000, 0.000, 2.350, 1, 0 
154718, 686962161, 0.000, 0.000, -454.981, 250.000, 0.000, 2.350, 1, 0 
154718, 688476203, 0.000, 0.000, -454.981, 250.000, 0.000, 2.350, 1, 0 
154718, 690034294, 0.000, 0.000, -454.967, 250.000, 0.000, 2.350, 1, 0 
154718, 691595667, 0.000, 0.000, -454.994, 250.000, 0.000, 2.350, 1, 0 
154718, 693191735, 0.000, 0.000, -454.981, 250.000, 0.000, 2.350, 1, 0 
154718, 694752335, 0.000, 0.000, -454.981, 250.000, 0.000, 2.350, 1, 0 
154718, 696269017, 0.000, 0.000, -454.967, 250.000, 0.000, 2.350, 1, 0 
154718, 697850172, 0.000, 0.000, -454.981, 250.000, 0.000, 2.350, 1, 0 
154718, 699431005, 0.000, 0.000, -454.981, 250.000, 0.000, 2.350, 1, 0 
154718, 701011574, 0.000, 0.000, -454.967, 250.000, 0.000, 2.350, 1, 0 
154718, 702589695, 0.000, 0.000, -455.008, 250.000, 0.000, 2.350, 1, 0 
154718, 704110310, 0.000, 0.000, -454.981, 250.000, 0.000, 2.350, 1, 0 
154718, 705667042, 0.000, 0.000, -454.994, 250.000, 0.000, 2.350, 1, 0 
154718, 707247662, 0.000, 0.000, -454.981, 250.000, 0.000, 2.350, 1, 0 
154718, 708855914, 0.000, 0.000, -454.981, 250.000, 0.000, 2.350, 1, 0 
154718, 710416310, 0.000, 0.000, -454.981, 250.000, 0.000, 2.350, 1, 0 
154718, 711929445, 0.000, 0.000, -454.994, 250.000, 0.000, 2.350, 1, 0 
154718, 713442329, 0.000, 0.000, -454.981, 250.000, 0.000, 2.350, 1, 0 
154718, 714954648, 0.000, 0.000, -454.981, 250.000, 0.000, 2.350, 1, 0 
154718, 716468793, 0.000, 0.000, -454.981, 250.000, 0.000, 2.350, 1, 0 
154718, 717981243, 0.000, 0.000, -454.967, 250.000, 0.000, 2.350, 1, 0 
154718, 719493339, 0.000, 0.000, -454.994, 250.000, 0.000, 2.350, 1, 0 
154718, 721006559, 0.000, 0.000, -454.981, 250.000, 0.000, 2.350, 1, 0 
154718, 722522472, 0.000, 0.000, -454.981, 250.000, 0.000, 2.350, 1, 0 
154718, 724086117, 0.000, 0.000, -454.981, 250.000, 0.000, 2.350, 1, 0 
154718, 725609569, 0.000, 0.000, -454.981, 250.000, 0.000, 2.350, 1, 0 
154718, 727123194, 0.000, 0.000, -454.981, 250.000, 0.000, 2.350, 1, 0 
154718, 728699295, 0.000, 0.000, -454.967, 250.000, 0.000, 2.350, 1, 0 
154718, 730259936, 0.000, 0.000, -454.981, 250.000, 0.000, 2.350, 1, 0 
154718, 731833236, 0.000, 0.000, -454.981, 250.000, 0.000, 2.350, 1, 0 
154718, 733391329, 0.000, 0.000, -454.981, 250.000, 0.000, 2.350, 1, 0 
154718, 734964284, 0.000, 0.000, -454.981, 250.000, 0.000, 2.350, 1, 0 
154718, 736514294, 0.000, 0.000, -454.981, 250.000, 0.000, 2.350, 1, 0 
154718, 738072406, 0.000, 0.000, -454.994, 250.000, 0.000, 2.350, 1, 0 
154718, 739656481, 0.000, 0.000, -454.981, 250.000, 0.000, 2.350, 1, 0 
154718, 741240014, 0.000, 0.000, -454.967, 250.000, 0.000, 2.350, 1, 0 
154718, 742807944, 0.000, 0.000, -454.967, 250.000, 0.000, 2.350, 1, 0 
154718, 744321410, 0.000, 0.000, -454.981, 250.000, 0.000, 2.350, 1, 0 
154718, 745902247, 0.000, 0.000, -454.967, 250.000, 0.000, 2.350, 1, 0 
154718, 747416185, 0.000, 0.000, -454.994, 250.000, 0.000, 2.350, 1, 0 
154718, 748994361, 0.000, 0.000, -454.981, 250.000, 0.000, 2.350, 1, 0 
154718, 750572273, 0.000, 0.000, -454.994, 250.000, 0.000, 2.350, 1, 0 
154718, 752135326, 0.000, 0.000, -454.981, 250.000, 0.000, 2.350, 1, 0 
154718, 753651458, 0.000, 0.000, -454.981, 250.000, 0.000, 2.350, 1, 0 
154718, 755217190, 0.000, 0.000, -454.981, 250.000, 0.000, 2.350, 1, 0 
154718, 756728623, 0.000, 0.000, -454.994, 250.000, 0.000, 2.350, 1, 0 
154718, 758242233, 0.000, 0.000, -454.981, 250.000, 0.000, 2.350, 1, 0 
154718, 759851998, 0.000, 0.000, -454.981, 250.000, 0.000, 2.350, 1, 0 
154718, 761413048, 0.000, 0.000, -454.981, 250.000, 0.000, 2.350, 1, 0 
154718, 762990304, 0.000, 0.000, -454.967, 250.000, 0.000, 2.350, 1, 0 
154718, 764571820, 0.000, 0.000, -454.981, 250.000, 0.000, 2.350, 1, 0 
154718, 766144810, 0.000, 0.000, -454.981, 250.000, 0.000, 2.350, 1, 0 
154718, 767721831, 0.000, 0.000, -454.967, 250.000, 0.000, 2.350, 1, 0 
154718, 769294465, 0.000, 0.000, -454.967, 250.000, 0.000, 2.350, 1, 0 
154718, 770908882, 0.000, 0.000, -454.981, 250.000, 0.000, 2.350, 0, 0 
154718, 772424923, 0.000, 0.000, -454.994, 250.000, 0.000, 2.350, 0, 0 
154718, 774007753, 0.000, 0.000, -454.994, 250.000, 0.000, 2.350, 0, 0 
154718, 775588384, 0.000, 0.000, -454.981, 250.000, 0.000, 2.350, 0, 0 
154718, 777168544, 0.000, 0.000, -454.981, 250.000, 0.000, 2.350, 0, 0 
154718, 778749290, 0.000, 0.000, -454.994, 250.000, 0.000, 2.350, 0, 0 
154718, 780332102, 0.000, 0.000, -454.994, 250.000, 0.000, 2.350, 0, 0 
154718, 781912112, 0.000, 0.000, -454.981, 250.000, 0.000, 2.350, 0, 0 
154718, 783468817, 0.000, 0.000, -454.967, 250.000, 0.000, 2.350, 0, 0 
154718, 784985974, 0.000, 0.000, -454.981, 250.000, 0.000, 2.350, 0, 0 
154718, 786624699, 0.000, 0.000, -454.994, 250.000, 0.000, 2.350, 0, 0 
154718, 788196539, 0.000, 0.000, -454.981, 250.000, 0.000, 2.350, 0, 0 
154718, 789710077, 0.000, 0.000, -454.967, 250.000, 0.000, 2.350, 0, 0 
154718, 791247847, 0.000, 0.000, -454.981, 250.000, 0.000, 2.350, 0, 0 
154718, 792763489, 0.000, 0.000, -454.981, 250.000, 0.000, 2.350, 0, 0 
154718, 794277406, 0.000, 0.000, -454.967, 250.000, 0.000, 2.350, 0, 0 
154718, 795852737, 0.000, 0.000, -454.981, 250.000, 0.000, 2.350, 0, 0 
154718, 797430841, 0.000, 0.000, -454.981, 250.000, 0.000, 2.350, 0, 0 
154718, 799009622, 0.000, 0.000, -454.981, 250.000, 0.000, 2.350, 0, 0 
154718, 800591297, 0.000, 0.000, -454.994, 250.000, 0.000, 2.350, 0, 0 
154718, 802202466, 0.000, 0.000, -454.981, 250.000, 0.000, 2.350, 0, 0 
154718, 803780155, 0.000, 0.000, -454.967, 250.000, 0.000, 2.350, 0, 0 
154718, 805297988, 0.000, 0.000, -454.981, 250.000, 0.000, 2.350, 0, 0 
154718, 806879051, 0.000, 0.000, -454.981, 250.000, 0.000, 2.350, 0, 0 
154718, 808462311, 0.000, 0.000, -454.994, 250.000, 0.000, 2.350, 0, 0 
154718, 809975526, 0.000, 0.000, -454.967, 250.000, 0.000, 2.350, 0, 0 
154718, 811488286, 0.000, 0.000, -454.967, 250.000, 0.000, 2.350, 0, 0 
154718, 813001063, 0.000, 0.000, -454.967, 250.000, 0.000, 2.350, 0, 0 
154718, 814561676, 0.000, 0.000, -454.981, 250.000, 0.000, 2.350, 0, 0 
154718, 816085331, 0.000, 0.000, -454.981, 250.000, 0.000, 2.350, 0, 0 
154718, 817681801, 0.000, 0.000, -454.981, 250.000, 0.000, 2.350, 0, 0 
154718, 819250448, 0.000, 0.000, -454.981, 250.000, 0.000, 2.350, 0, 0 
154718, 820831556, 0.000, 0.000, -454.981, 250.000, 0.000, 2.350, 0, 0 
154718, 822413333, 0.000, 0.000, -454.981, 250.000, 0.000, 2.350, 0, 0 
154718, 824041946, 0.000, 0.000, -454.994, 250.000, 0.000, 2.350, 0, 0 
154718, 825612040, 0.000, 0.000, -454.981, 250.000, 0.000, 2.350, 0, 0 
154718, 827127829, 0.000, 0.000, -454.967, 250.000, 0.000, 2.350, 0, 0 
154718, 828642734, 0.000, 0.000, -454.981, 250.000, 0.000, 2.350, 0, 0 
154718, 830155530, 0.000, 0.000, -454.994, 250.000, 0.000, 2.350, 0, 0 
154718, 831734302, 0.000, 0.000, -454.981, 250.000, 0.000, 2.350, 0, 0 
154718, 833347473, 0.000, 0.000, -454.981, 250.000, 0.000, 2.350, 0, 0 
154718, 834924520, 0.000, 0.000, -454.981, 250.000, 0.000, 2.350, 0, 0 
154718, 836533020, 0.000, 0.000, -454.981, 250.000, 0.000, 2.350, 0, 0 
154718, 838139587, 0.000, 0.000, -454.981, 250.000, 0.000, 2.350, 0, 0 
154718, 839696915, 0.000, 0.000, -454.981, 250.000, 0.000, 2.350, 0, 0 
154718, 841287373, 0.000, 0.000, -454.981, 250.000, 0.000, 2.350, 0, 0 
154718, 842871219, 0.000, 0.000, -454.981, 250.000, 0.000, 2.350, 0, 0 
154718, 844453879, 0.000, 0.000, -454.981, 250.000, 0.000, 2.350, 0, 0 
154718, 845972939, 0.000, 0.000, -454.981, 250.000, 0.000, 2.350, 0, 0 
154718, 847496800, 0.000, 0.000, -454.981, 250.000, 0.000, 2.350, 0, 0 
154718, 849057972, 0.000, 0.000, -454.981, 250.000, 0.000, 2.350, 0, 0 
154718, 850626139, 0.000, 0.000, -454.967, 250.000, 0.000, 2.350, 0, 0 
154718, 852171290, 0.000, 0.000, -454.967, 250.000, 0.000, 2.350, 0, 0 
154718, 853685443, 0.000, 0.000, -454.981, 250.000, 0.000, 2.350, 0, 0 
154718, 855203120, 0.000, 0.000, -454.967, 250.000, 0.000, 2.350, 0, 0 
154718, 856730467, 0.000, 0.000, -454.967, 250.000, 0.000, 2.350, 0, 0 
154718, 858245590, 0.000, 0.000, -454.981, 250.000, 0.000, 2.350, 0, 0 
154718, 859767094, 0.000, 0.000, -454.994, 250.000, 0.000, 2.350, 0, 0 
154718, 861283301, 0.000, 0.000, -454.994, 250.000, 0.000, 2.350, 0, 0 
154718, 862858565, 0.000, 0.000, -454.981, 250.000, 0.000, 2.350, 0, 0 
154718, 864398041, 0.000, 0.000, -454.981, 250.000, 0.000, 2.350, 0, 0 
154718, 865910624, 0.000, 0.000, -454.981, 250.000, 0.000, 2.350, 0, 0 
154718, 867422599, 0.000, 0.000, -454.981, 250.000, 0.000, 2.350, 0, 0 
154718, 868934646, 0.000, 0.000, -454.981, 250.000, 0.000, 2.350, 0, 0 
154718, 870446631, 0.000, 0.000, -454.981, 250.000, 0.000, 2.350, 0, 0 
154718, 871960499, 0.000, 0.000, -454.981, 250.000, 0.000, 2.350, 0, 0 
154718, 873510142, 0.000, 0.000, -454.967, 250.000, 0.000, 2.350, 0, 0 
154718, 875060093, 0.000, 0.000, -454.981, 250.000, 0.000, 2.350, 0, 0 
154718, 876622403, 0.000, 0.000, -454.994, 250.000, 0.000, 2.350, 0, 0 
154718, 878133120, 0.000, 0.000, -454.994, 250.000, 0.000, 2.350, 0, 0 
154718, 879691771, 0.000, 0.000, -454.967, 250.000, 0.000, 2.350, 0, 0 
154718, 881219955, 0.000, 0.000, -454.981, 250.000, 0.000, 2.350, 0, 0 
154718, 882802256, 0.000, 0.000, -454.967, 250.000, 0.000, 2.350, 0, 0 
154718, 884389309, 0.000, 0.000, -454.967, 250.000, 0.000, 2.350, 0, 0 
154718, 885969510, 0.000, 0.000, -454.994, 250.000, 0.000, 2.350, 0, 0 
154718, 887549893, 0.000, 0.000, -454.953, 250.000, 0.000, 2.350, 0, 0 
154718, 889130065, 0.000, 0.000, -454.967, 250.000, 0.000, 2.350, 0, 1 
154718, 890713668, 0.000, 0.000, -454.994, 250.000, 0.000, 2.350, 0, 1 
154718, 892226468, 0.000, 0.000, -454.981, 250.000, 0.000, 2.350, 0, 1 
154718, 893774101, 0.000, 0.000, -454.981, 250.000, 0.000, 2.350, 0, 1 
154718, 895329273, 0.000, 0.000, -454.994, 250.000, 0.000, 2.350, 0, 1 
154718, 896903960, 0.000, 0.000, -454.981, 250.000, 0.000, 2.350, 0, 1 
154718, 898457006, 0.000, 0.000, -454.967, 250.000, 0.000, 2.350, 0, 1 
154718, 899969611, 0.000, 0.000, -454.981, 250.000, 0.000, 2.350, 0, 1 
154718, 901481768, 0.000, 0.000, -454.994, 250.000, 0.000, 2.350, 0, 1 
154718, 902993760, 0.000, 0.000, -454.981, 250.000, 0.000, 2.350, 0, 1 
154718, 904546740, 0.000, 0.000, -454.981, 250.000, 0.000, 2.350, 0, 1 
154718, 906060595, 0.000, 0.000, -454.981, 250.000, 0.000, 2.350, 0, 1 
154718, 907572284, 0.000, 0.000, -454.981, 250.000, 0.000, 2.350, 0, 1 
154718, 909084137, 0.000, 0.000, -454.994, 250.000, 0.000, 2.350, 0, 1 
154718, 910645100, 0.000, 0.000, -454.967, 250.000, 0.000, 2.350, 0, 1 
154718, 912206852, 0.000, 0.000, -454.981, 250.000, 0.000, 2.350, 0, 1 
154718, 913719861, 0.000, 0.000, -454.994, 250.000, 0.000, 2.350, 0, 1 
154718, 915231873, 0.000, 0.000, -454.967, 250.000, 0.000, 2.350, 0, 1 
154718, 916744477, 0.000, 0.000, -454.994, 250.000, 0.000, 2.350, 0, 1 
154718, 918256262, 0.000, 0.000, -454.981, 250.000, 0.000, 2.350, 0, 1 
154718, 919767709, 0.000, 0.000, -454.994, 250.000, 0.000, 2.350, 0, 1 
154718, 921279694, 0.000, 0.000, -454.967, 250.000, 0.000, 2.350, 0, 1 
154718, 922791407, 0.000, 0.000, -454.967, 250.000, 0.000, 2.350, 0, 1 
154718, 924306376, 0.000, 0.000, -454.967, 250.000, 0.000, 2.350, 0, 1 
154718, 925858308, 0.000, 0.000, -454.994, 250.000, 0.000, 2.350, 0, 1 
154718, 927373022, 0.000, 0.000, -454.967, 250.000, 0.000, 2.350, 0, 1 
154718, 928932782, 0.000, 0.000, -454.981, 250.000, 0.000, 2.350, 0, 1 
154718, 930508927, 0.000, 0.000, -454.994, 250.000, 0.000, 2.350, 0, 1 
154718, 932025382, 0.000, 0.000, -454.981, 250.000, 0.000, 2.350, 0, 1 
154718, 933553199, 0.000, 0.000, -455.008, 250.000, 0.000, 2.350, 0, 1 
154718, 935079052, 0.000, 0.000, -454.981, 250.000, 0.000, 2.350, 0, 1 
154718, 936591199, 0.000, 0.000, -454.994, 250.000, 0.000, 2.350, 0, 1 
154718, 938102977, 0.000, 0.000, -454.967, 250.000, 0.000, 2.350, 0, 1 
154718, 939622159, 0.000, 0.000, -454.981, 250.000, 0.000, 2.350, 0, 1 
154718, 941181939, 0.000, 0.000, -454.994, 250.000, 0.000, 2.350, 0, 1 
154718, 942745169, 0.000, 0.000, -454.981, 250.000, 0.000, 2.350, 0, 1 
154718, 944260834, 0.000, 0.000, -454.994, 250.000, 0.000, 2.350, 0, 1 
154718, 945774082, 0.000, 0.000, -454.981, 250.000, 0.000, 2.350, 0, 1 
154718, 947285719, 0.000, 0.000, -454.967, 250.000, 0.000, 2.350, 0, 1 
154718, 948813283, 0.000, 0.000, -454.981, 250.000, 0.000, 2.350, 0, 1 
154718, 950393517, 0.000, 0.000, -454.981, 250.000, 0.000, 2.350, 0, 1 
154718, 951974517, 0.000, 0.000, -454.967, 250.000, 0.000, 2.350, 0, 1 
154718, 953487350, 0.000, 0.000, -454.967, 250.000, 0.000, 2.350, 0, 1 
154718, 954999803, 0.000, 0.000, -454.994, 250.000, 0.000, 2.350, 0, 1 
154718, 956551380, 0.000, 0.000, -454.967, 250.000, 0.000, 2.350, 0, 1 
154718, 958064463, 0.000, 0.000, -454.981, 250.000, 0.000, 2.350, 0, 1 
154718, 959576898, 0.000, 0.000, -454.981, 250.000, 0.000, 2.350, 0, 1 
154718, 961108741, 0.000, 0.000, -454.994, 250.000, 0.000, 2.350, 0, 1 
154718, 962651164, 0.000, 0.000, -454.981, 250.000, 0.000, 2.350, 0, 1 
154718, 964229559, 0.000, 0.000, -454.994, 250.000, 0.000, 2.350, 0, 1 
154718, 965804387, 0.000, 0.000, -454.967, 250.000, 0.000, 2.350, 0, 1 
154718, 967379120, 0.000, 0.000, -454.981, 250.000, 0.000, 2.350, 0, 1 
154718, 968956378, 0.000, 0.000, -454.967, 250.000, 0.000, 2.350, 0, 1 
154718, 970531268, 0.000, 0.000, -454.967, 250.000, 0.000, 2.350, 0, 1 
154718, 972100180, 0.000, 0.000, -454.967, 250.000, 0.000, 2.350, 0, 1 
154718, 973616507, 0.000, 0.000, -454.981, 250.000, 0.000, 2.350, 0, 1 
154718, 975132237, 0.000, 0.000, -454.981, 250.000, 0.000, 2.350, 0, 1 
154718, 976642976, 0.000, 0.000, -454.981, 250.000, 0.000, 2.350, 0, 1 
154718, 978182700, 0.000, 0.000, -454.967, 250.000, 0.000, 2.350, 0, 1 
154718, 979757794, 0.000, 0.000, -454.981, 250.000, 0.000, 2.350, 0, 1 
154718, 981355929, 0.000, 0.000, -454.981, 250.000, 0.000, 2.350, 0, 1 
154718, 982932935, 0.000, 0.000, -454.981, 250.000, 0.000, 2.350, 0, 1 
154718, 984513842, 0.000, 0.000, -454.981, 250.000, 0.000, 2.350, 0, 1 
154718, 986030895, 0.000, 0.000, -454.981, 250.000, 0.000, 2.350, 0, 1 
154718, 987583192, 0.000, 0.000, -454.981, 250.000, 0.000, 2.350, 0, 1 
154718, 989100337, 0.000, 0.000, -454.994, 250.000, 0.000, 2.350, 0, 1 
154718, 990681924, 0.000, 0.000, -454.967, 250.000, 0.000, 2.350, 0, 1 
154718, 992264556, 0.000, 0.000, -454.967, 250.000, 0.000, 2.350, 0, 1 
154718, 993845082, 0.000, 0.000, -454.994, 250.000, 0.000, 2.350, 0, 1 
154718, 995357784, 0.000, 0.000, -454.967, 250.000, 0.000, 2.350, 0, 1 
154718, 996870337, 0.000, 0.000, -454.981, 250.000, 0.000, 2.350, 0, 1 
154718, 998382578, 0.000, 0.000, -454.981, 250.000, 0.000, 2.350, 0, 1 
154718, 999894588, 0.000, 0.000, -454.967, 250.000, 0.000, 2.350, 0, 1 
154719, 1411191, 0.000, 0.000, -454.981, 250.000, 0.000, 2.350, 0, 1 
154719, 2973252, 0.000, 0.000, -454.967, 250.000, 0.000, 2.350, 0, 1 
154719, 4491234, 0.000, 0.000, -454.981, 250.000, 0.000, 2.350, 0, 1 
154719, 6006258, 0.000, 0.000, -454.967, 250.000, 0.000, 2.350, 0, 1 
154719, 7518561, 0.000, 0.000, -454.967, 250.000, 0.000, 2.350, 0, 1 
154719, 9031118, 0.000, 0.000, -454.981, 250.000, 0.000, 2.350, 0, 1 
154719, 10564771, 0.000, 0.000, -454.981, 250.000, 0.000, 2.350, 0, 1 
154719, 12080628, 0.000, 0.000, -454.981, 250.000, 0.000, 2.350, 0, 1 
154719, 13643288, 0.000, 0.000, -454.981, 250.000, 0.000, 2.350, 0, 1 
154719, 15217838, 0.000, 0.000, -454.994, 250.000, 0.000, 2.350, 0, 1 
154719, 16815489, 0.000, 0.000, -454.981, 250.000, 0.000, 2.350, 0, 1 
154719, 18466596, 0.000, 0.000, -454.981, 250.000, 0.000, 2.350, 0, 1 
154719, 20045013, 0.000, 0.000, -454.994, 250.000, 0.000, 2.350, 0, 1 
154719, 21663477, 0.000, 0.000, -454.981, 250.000, 0.000, 2.350, 0, 1 
154719, 23245795, 0.000, 0.000, -454.981, 250.000, 0.000, 2.350, 0, 1 
154719, 24758136, 0.000, 0.000, -454.981, 250.000, 0.000, 2.350, 0, 1 
154719, 26270228, 0.000, 0.000, -454.994, 250.000, 0.000, 2.350, 0, 1 
154719, 27828025, 0.000, 0.000, -454.994, 250.000, 0.000, 2.350, 0, 1 
154719, 29386930, 0.000, 0.000, -454.967, 250.000, 0.000, 2.350, 0, 1 
154719, 30968805, 0.000, 0.000, -454.994, 250.000, 0.000, 2.350, 0, 1 
154719, 32482519, 0.000, 0.000, -454.981, 250.000, 0.000, 2.350, 0, 1 
154719, 34020378, 0.000, 0.000, -454.981, 250.000, 0.000, 2.350, 0, 1 
154719, 35532781, 0.000, 0.000, -454.981, 250.000, 0.000, 2.350, 0, 1 
154719, 37048582, 0.000, 0.000, -454.967, 250.000, 0.000, 2.350, 0, 1 
154719, 38565771, 0.000, 0.000, -454.967, 250.000, 0.000, 2.350, 0, 1 
154719, 40079640, 0.000, 0.000, -454.981, 250.000, 0.000, 2.350, 0, 1 
154719, 41598228, 0.000, 0.000, -454.981, 250.000, 0.000, 2.350, 0, 1 
154719, 43114337, 0.000, 0.000, -454.981, 250.000, 0.000, 2.350, 0, 1 
154719, 44629744, 0.000, 0.000, -454.981, 250.000, 0.000, 2.350, 0, 1 
154719, 46208188, 0.000, 0.000, -454.994, 250.000, 0.000, 2.350, 0, 1 
154719, 47721754, 0.000, 0.000, -454.981, 250.000, 0.000, 2.350, 0, 1 
154719, 49260182, 0.000, 0.000, -454.994, 250.000, 0.000, 2.350, 0, 1 
154719, 50772652, 0.000, 0.000, -454.994, 250.000, 0.000, 2.350, 0, 1 
154719, 52285474, 0.000, 0.000, -454.981, 250.000, 0.000, 2.350, 0, 1 
154719, 53860192, 0.000, 0.000, -454.981, 250.000, 0.000, 2.350, 0, 1 
154719, 55420702, 0.000, 0.000, -454.981, 250.000, 0.000, 2.350, 0, 1 
154719, 56977555, 0.000, 0.000, -454.981, 250.000, 0.000, 2.350, 0, 1 
154719, 58490531, 0.000, 0.000, -454.981, 250.000, 0.000, 2.350, 0, 1 
154719, 60014837, 0.000, 0.000, -454.994, 250.000, 0.000, 2.350, 0, 1 
154719, 61526859, 0.000, 0.000, -454.981, 250.000, 0.000, 2.350, 0, 1 
154719, 63093469, 0.000, 0.000, -454.981, 250.000, 0.000, 2.350, 0, 1 
154719, 64676200, 0.000, 0.000, -454.967, 250.000, 0.000, 2.350, 0, 1 
154719, 66233369, 0.000, 0.000, -454.967, 250.000, 0.000, 2.350, 0, 1 
154719, 67813031, 0.000, 0.000, -454.981, 250.000, 0.000, 2.350, 0, 1 
154719, 69370181, 0.000, 0.000, -454.981, 250.000, 0.000, 2.350, 0, 1 
154719, 70949514, 0.000, 0.000, -454.994, 250.000, 0.000, 2.350, 0, 1 
154719, 72526754, 0.000, 0.000, -454.967, 250.000, 0.000, 2.350, 0, 1 
154719, 74106996, 0.000, 0.000, -454.981, 250.000, 0.000, 2.350, 0, 1 
154719, 75631208, 0.000, 0.000, -454.981, 250.000, 0.000, 2.350, 0, 1 
154719, 77151010, 0.000, 0.000, -454.981, 250.000, 0.000, 2.350, 0, 1 
154719, 78724984, 0.000, 0.000, -454.981, 250.000, 0.000, 2.350, 0, 1 
154719, 80270713, 0.000, 0.000, -454.994, 250.000, 0.000, 2.350, 0, 1 
154719, 81846270, 0.000, 0.000, -454.994, 250.000, 0.000, 2.350, 0, 1 
154719, 83449070, 0.000, 0.000, -454.967, 250.000, 0.000, 2.350, 0, 1 
154719, 85002264, 0.000, 0.000, -454.981, 250.000, 0.000, 2.350, 0, 1 
154719, 86560063, 0.000, 0.000, -454.967, 250.000, 0.000, 2.350, 0, 1 
154719, 88076527, 0.000, 0.000, -454.981, 250.000, 0.000, 2.350, 0, 1 
154719, 89635570, 0.000, 0.000, -454.981, 250.000, 0.000, 2.350, 0, 1 
154719, 91176002, 0.000, 0.000, -454.981, 250.000, 0.000, 2.350, 0, 1 
154719, 92764937, 0.000, 0.000, -454.994, 250.000, 0.000, 2.350, 0, 1 
154719, 94373819, 0.000, 0.000, -454.981, 250.000, 0.000, 2.350, 0, 1 
154719, 96018090, 0.000, 0.000, -454.981, 250.000, 0.000, 2.350, 0, 1 
154719, 97575021, 0.000, 0.000, -454.967, 250.000, 0.000, 2.350, 0, 1 
154719, 99097180, 0.000, 0.000, -454.967, 250.000, 0.000, 2.350, 0, 1 
154719, 100613688, 0.000, 0.000, -454.981, 250.000, 0.000, 2.350, 0, 1 
154719, 102163130, 0.000, 0.000, -454.981, 250.000, 0.000, 2.350, 0, 1 
154719, 103745178, 0.000, 0.000, -454.981, 250.000, 0.000, 2.350, 0, 1 
154719, 105325110, 0.000, 0.000, -454.981, 250.000, 0.000, 2.350, 0, 1 
154719, 106905386, 0.000, 0.000, -454.981, 250.000, 0.000, 2.350, 0, 1 
154719, 108432001, 0.000, 0.000, -454.967, 250.000, 0.000, 2.350, 0, 1 
154719, 109947229, 0.000, 0.000, -454.994, 250.000, 0.000, 2.350, 0, 1 
154719, 111558267, 0.000, 0.000, -454.981, 250.000, 0.000, 2.350, 0, 1 
154719, 113111992, 0.000, 0.000, -454.981, 250.000, 0.000, 2.350, 0, 1 
154719, 114624954, 0.000, 0.000, -454.981, 250.000, 0.000, 2.350, 0, 1 
154719, 116140153, 0.000, 0.000, -454.981, 250.000, 0.000, 2.350, 0, 1 
154719, 117653339, 0.000, 0.000, -454.981, 250.000, 0.000, 2.350, 0, 1 
154719, 119166297, 0.000, 0.000, -454.994, 250.000, 0.000, 2.350, 0, 1 
154719, 120748820, 0.000, 0.000, -454.981, 250.000, 0.000, 2.350, 0, 1 
154719, 122267505, 0.000, 0.000, -454.967, 250.000, 0.000, 2.350, 0, 1 
154719, 123847199, 0.000, 0.000, -454.981, 250.000, 0.000, 2.350, 0, 1 
154719, 125359789, 0.000, 0.000, -454.967, 250.000, 0.000, 2.350, 0, 1 
154719, 126908557, 0.000, 0.000, -454.981, 250.000, 0.000, 2.350, 0, 1 
154719, 128423326, 0.000, 0.000, -454.967, 250.000, 0.000, 2.350, 0, 1 
154719, 129939428, 0.000, 0.000, -454.981, 250.000, 0.000, 2.350, 0, 1 
154719, 131455767, 0.000, 0.000, -454.981, 250.000, 0.000, 2.350, 0, 1 
154719, 132971794, 0.000, 0.000, -454.967, 250.000, 0.000, 2.350, 0, 1 
154719, 134483549, 0.000, 0.000, -454.981, 250.000, 0.000, 2.350, 0, 1 
154719, 136069724, 0.000, 0.000, -454.981, 250.000, 0.000, 2.350, 0, 1 
154719, 137650274, 0.000, 0.000, -454.981, 250.000, 0.000, 2.350, 0, 1 
154719, 139163553, 0.000, 0.000, -454.981, 250.000, 0.000, 2.350, 0, 1 
154719, 140750516, 0.000, 0.000, -454.994, 250.000, 0.000, 2.350, 0, 1 
154719, 142403518, 0.000, 0.000, -454.981, 250.000, 0.000, 2.350, 0, 1 
154719, 143925886, 0.000, 0.000, -454.981, 250.000, 0.000, 2.350, 0, 1 
154719, 145442081, 0.000, 0.000, -454.994, 250.000, 0.000, 2.350, 0, 1 
154719, 147016938, 0.000, 0.000, -454.981, 250.000, 0.000, 2.350, 0, 1 
154719, 148533183, 0.000, 0.000, -454.981, 250.000, 0.000, 2.350, 0, 1 
154719, 150043845, 0.000, 0.000, -454.967, 250.000, 0.000, 2.350, 0, 1 
154719, 151555420, 0.000, 0.000, -454.981, 250.000, 0.000, 2.350, 0, 1 
154719, 153104030, 0.000, 0.000, -454.981, 250.000, 0.000, 2.350, 0, 1 
154719, 154615278, 0.000, 0.000, -454.981, 250.000, 0.000, 2.350, 0, 1 
154719, 156127877, 0.000, 0.000, -454.981, 250.000, 0.000, 2.350, 0, 1 
154719, 157691488, 0.000, 0.000, -454.981, 250.000, 0.000, 2.350, 0, 1 
154719, 159254266, 0.000, 0.000, -454.981, 250.000, 0.000, 2.350, 0, 1 
154719, 160766373, 0.000, 0.000, -454.967, 250.000, 0.000, 2.350, 0, 1 
154719, 162283548, 0.000, 0.000, -454.981, 250.000, 0.000, 2.350, 0, 1 
154719, 163855470, 0.000, 0.000, -454.981, 250.000, 0.000, 2.350, 0, 1 
154719, 165435528, 0.000, 0.000, -454.967, 250.000, 0.000, 2.350, 0, 1 
154719, 167015705, 0.000, 0.000, -454.994, 250.000, 0.000, 2.350, 0, 1 
154719, 168598400, 0.000, 0.000, -454.994, 250.000, 0.000, 2.350, 0, 1 
154719, 170178989, 0.000, 0.000, -454.981, 250.000, 0.000, 2.350, 0, 1 
154719, 171760455, 0.000, 0.000, -454.981, 250.000, 0.000, 2.350, 0, 1 
154719, 173306955, 0.000, 0.000, -454.967, 250.000, 0.000, 2.350, 0, 1 
154719, 174877237, 0.000, 0.000, -454.981, 250.000, 0.000, 2.350, 0, 1 
154719, 176391875, 0.000, 0.000, -454.994, 250.000, 0.000, 2.350, 0, 1 
154719, 177918477, 0.000, 0.000, -454.981, 250.000, 0.000, 2.350, 0, 1 
154719, 179500690, 0.000, 0.000, -454.967, 250.000, 0.000, 2.350, 0, 1 
154719, 181112540, 0.000, 0.000, -454.994, 250.000, 0.000, 2.350, 0, 1 
154719, 182689564, 0.000, 0.000, -454.981, 250.000, 0.000, 2.350, 0, 1 
154719, 184246656, 0.000, 0.000, -454.981, 250.000, 0.000, 2.350, 0, 1 
154719, 185824889, 0.000, 0.000, -454.981, 250.000, 0.000, 2.350, 0, 1 
154719, 187403613, 0.000, 0.000, -454.981, 250.000, 0.000, 2.350, 0, 1 
154719, 188993045, 0.000, 0.000, -454.981, 250.000, 0.000, 2.350, 0, 1 
154719, 190508618, 0.000, 0.000, -454.967, 250.000, 0.000, 2.350, 0, 1 
154719, 192028481, 0.000, 0.000, -454.981, 250.000, 0.000, 2.350, 0, 1 
154719, 193544674, 0.000, 0.000, -454.981, 250.000, 0.000, 2.350, 0, 1 
154719, 195129341, 0.000, 0.000, -454.981, 250.000, 0.000, 2.350, 0, 1 
154719, 196638899, 0.000, 0.000, -454.967, 250.000, 0.000, 2.350, 0, 1 
154719, 198150898, 0.000, 0.000, -454.981, 250.000, 0.000, 2.350, 0, 1 
154719, 199662523, 0.000, 0.000, -454.981, 250.000, 0.000, 2.350, 0, 1 
154719, 201189193, 0.000, 0.000, -454.981, 250.000, 0.000, 2.350, 0, 1 
154719, 202770559, 0.000, 0.000, -454.981, 250.000, 0.000, 2.350, 0, 1 
154719, 204326789, 0.000, 0.000, -454.981, 250.000, 0.000, 2.350, 0, 1 
154719, 205910541, 0.000, 0.000, -454.981, 250.000, 0.000, 2.350, 0, 1 
154719, 207423914, 0.000, 0.000, -454.981, 250.000, 0.000, 2.350, 0, 1 
154719, 208940285, 0.000, 0.000, -454.981, 250.000, 0.000, 2.350, 0, 1 
154719, 210462081, 0.000, 0.000, -454.967, 250.000, 0.000, 2.350, 0, 1 
154719, 212052978, 0.000, 0.000, -454.994, 250.000, 0.000, 2.350, 0, 1 
154719, 213609476, 0.000, 0.000, -454.981, 250.000, 0.000, 2.350, 0, 1 
154719, 215120523, 0.000, 0.000, -454.994, 250.000, 0.000, 2.350, 0, 1 
154719, 216632706, 0.000, 0.000, -454.981, 250.000, 0.000, 2.350, 0, 1 
154719, 218144546, 0.000, 0.000, -454.981, 250.000, 0.000, 2.350, 0, 1 
154719, 219754193, 0.000, 0.000, -454.981, 250.000, 0.000, 2.350, 0, 1 
154719, 221328577, 0.000, 0.000, -454.994, 250.000, 0.000, 2.350, 0, 1 
154719, 222871476, 0.000, 0.000, -454.981, 250.000, 0.000, 2.350, 0, 1 
154719, 224391383, 0.000, 0.000, -454.981, 250.000, 0.000, 2.350, 0, 1 
154719, 225914061, 0.000, 0.000, -454.994, 250.000, 0.000, 2.350, 0, 1 
154719, 227427726, 0.000, 0.000, -454.967, 250.000, 0.000, 2.350, 0, 1 
154719, 228941134, 0.000, 0.000, -454.994, 250.000, 0.000, 2.350, 0, 1 
154719, 230453421, 0.000, 0.000, -454.981, 250.000, 0.000, 2.350, 0, 1 
154719, 231965160, 0.000, 0.000, -454.981, 250.000, 0.000, 2.350, 0, 1 
154719, 233545800, 0.000, 0.000, -454.967, 250.000, 0.000, 2.350, 0, 1 
154719, 235152036, 0.000, 0.000, -454.981, 250.000, 0.000, 2.350, 0, 1 
154719, 236664873, 0.000, 0.000, -454.981, 250.000, 0.000, 2.350, 0, 1 
154719, 238181060, 0.000, 0.000, -454.981, 250.000, 0.000, 2.350, 0, 1 
154719, 239740385, 0.000, 0.000, -454.994, 250.000, 0.000, 2.350, 0, 1 
154719, 241322502, 0.000, 0.000, -454.981, 250.000, 0.000, 2.350, 0, 1 
154719, 242846702, 0.000, 0.000, -454.981, 250.000, 0.000, 2.350, 0, 1 
154719, 244363989, 0.000, 0.000, -454.994, 250.000, 0.000, 2.350, 0, 1 
154719, 245942990, 0.000, 0.000, -454.981, 250.000, 0.000, 2.350, 0, 1 
154719, 247507551, 0.000, 0.000, -454.981, 250.000, 0.000, 2.350, 0, 1 
154719, 249058050, 0.000, 0.000, -454.981, 250.000, 0.000, 2.350, 0, 1 
154719, 250650140, 0.000, 0.000, -454.981, 250.000, 0.000, 2.350, 0, 1 
154719, 252162567, 0.000, 0.000, -454.981, 250.000, 0.000, 2.350, 0, 1 
154719, 253739886, 0.000, 0.000, -454.994, 250.000, 0.000, 2.350, 0, 1 
154719, 255262227, 0.000, 0.000, -454.967, 250.000, 0.000, 2.350, 0, 1 
154719, 256786709, 0.000, 0.000, -454.981, 250.000, 0.000, 2.350, 0, 1 
154719, 258345864, 0.000, 0.000, -454.967, 250.000, 0.000, 2.350, 0, 1 
154719, 259915224, 0.000, 0.000, -454.981, 250.000, 0.000, 2.350, 0, 1 
154719, 261428899, 0.000, 0.000, -454.967, 250.000, 0.000, 2.350, 0, 1 
154719, 262941584, 0.000, 0.000, -454.967, 250.000, 0.000, 2.350, 0, 1 
154719, 264456177, 0.000, 0.000, -454.981, 250.000, 0.000, 2.350, 0, 1 
154719, 265995839, 0.000, 0.000, -454.981, 250.000, 0.000, 2.350, 0, 1 
154719, 267508519, 0.000, 0.000, -454.981, 250.000, 0.000, 2.350, 0, 1 
154719, 269089296, 0.000, 0.000, -454.994, 250.000, 0.000, 2.350, 0, 1 
154719, 270670319, 0.000, 0.000, -454.994, 250.000, 0.000, 2.350, 0, 1 
154719, 272185251, 0.000, 0.000, -454.981, 250.000, 0.000, 2.350, 0, 1 
154719, 273697453, 0.000, 0.000, -454.967, 250.000, 0.000, 2.350, 0, 1 
154719, 275209269, 0.000, 0.000, -454.981, 250.000, 0.000, 2.350, 0, 1 
154719, 276730130, 0.000, 0.000, -454.994, 250.000, 0.000, 2.350, 0, 1 
154719, 278263073, 0.000, 0.000, -454.981, 250.000, 0.000, 2.350, 0, 1 
154719, 279776199, 0.000, 0.000, -454.981, 250.000, 0.000, 2.350, 0, 1 
154719, 281326775, 0.000, 0.000, -454.981, 250.000, 0.000, 2.350, 0, 1 
154719, 282840953, 0.000, 0.000, -454.981, 250.000, 0.000, 2.350, 0, 1 
154719, 284355220, 0.000, 0.000, -454.981, 250.000, 0.000, 2.350, 0, 1 
154719, 285961840, 0.000, 0.000, -454.981, 250.000, 0.000, 2.350, 0, 1 
154719, 287475686, 0.000, 0.000, -454.967, 250.000, 0.000, 2.350, 0, 1 
154719, 288989213, 0.000, 0.000, -454.981, 250.000, 0.000, 2.350, 0, 1 
154719, 290500416, 0.000, 0.000, -454.981, 250.000, 0.000, 2.350, 0, 1 
154719, 292041895, 0.000, 0.000, -454.981, 250.000, 0.000, 2.350, 0, 1 
154719, 293624853, 0.000, 0.000, -454.981, 250.000, 0.000, 2.350, 0, 1 
154719, 295190000, 0.000, 0.000, -454.981, 250.000, 0.000, 2.350, 0, 1 
154719, 296815682, 0.000, 0.000, -454.981, 250.000, 0.000, 2.350, 0, 1 
154719, 298330276, 0.000, 0.000, -454.981, 250.000, 0.000, 2.350, 0, 1 
154719, 299842063, 0.000, 0.000, -454.967, 250.000, 0.000, 2.350, 0, 1 
154719, 301354115, 0.000, 0.000, -454.994, 250.000, 0.000, 2.350, 0, 1 
154719, 302865712, 0.000, 0.000, -454.981, 250.000, 0.000, 2.350, 0, 1 
154719, 304379448, 0.000, 0.000, -454.967, 250.000, 0.000, 2.350, 0, 1 
154719, 305890015, 0.000, 0.000, -454.994, 250.000, 0.000, 2.350, 0, 1 
154719, 307400333, 0.000, 0.000, -454.967, 250.000, 0.000, 2.350, 0, 1 
154719, 308913256, 0.000, 0.000, -454.994, 250.000, 0.000, 2.350, 0, 1 
154719, 310431312, 0.000, 0.000, -454.981, 250.000, 0.000, 2.350, 0, 1 
154719, 312062093, 0.000, 0.000, -454.994, 250.000, 0.000, 2.350, 0, 1 
154719, 313619767, 0.000, 0.000, -454.967, 250.000, 0.000, 2.350, 0, 1 
154719, 315157570, 0.000, 0.000, -454.981, 250.000, 0.000, 2.350, 0, 1 
154719, 316672317, 0.000, 0.000, -454.967, 250.000, 0.000, 2.350, 0, 1 
154719, 318244445, 0.000, 0.000, -454.967, 250.000, 0.000, 2.350, 0, 1 
154719, 319821752, 0.000, 0.000, -454.981, 250.000, 0.000, 2.350, 0, 1 
154719, 321337923, 0.000, 0.000, -454.967, 250.000, 0.000, 2.350, 0, 1 
154719, 322854651, 0.000, 0.000, -454.981, 250.000, 0.000, 2.350, 0, 1 
154719, 324369377, 0.000, 0.000, -454.981, 250.000, 0.000, 2.350, 0, 1 
154719, 325882058, 0.000, 0.000, -454.981, 250.000, 0.000, 2.350, 0, 1 
