Tue Nov 27 18:06:07 2018
StepTime, x, v, f, xdes, vdes, fdes, cmd, IR, LSB, LSF
0, 29439443,0.00, 100.00, 0.00, 2.25, 0, 0 
1, 35634252,0.00, 100.00, 0.00, 2.25, 0, 0 
2, 39684316,0.00, 100.00, 0.00, 2.25, 0, 0 
3, 40645399,0.00, 100.00, 0.00, 2.25, 0, 0 
4, 41650368,0.00, 100.00, 0.00, 2.25, 0, 0 
5, 42641996,0.00, 100.00, 0.00, 2.25, 0, 0 
6, 43390163,0.00, 100.00, 0.00, 2.25, 0, 0 
7, 44628393,0.00, 100.00, 0.00, 2.25, 0, 0 
8, 45634235,0.00, 100.00, 0.00, 2.25, 0, 0 
9, 46659511,0.00, 100.00, 0.00, 2.25, 0, 0 
0, 18210400,0.00, 100.00, 0.00, 2.25, 0, 0 
1, 13013342,0.00, 100.00, 0.00, 2.25, 0, 0 
2, 9953395,0.00, 100.00, 0.00, 2.25, 0, 0 
3, 10000510,0.00, 100.00, 0.00, 2.25, 0, 0 
4, 9988009,0.00, 100.00, 0.00, 2.25, 0, 0 
5, 10004328,0.00, 100.00, 0.00, 2.25, 0, 0 
6, 10251715,0.00, 100.00, 0.00, 2.25, 0, 0 
7, 10005358,0.00, 100.00, 0.00, 2.25, 0, 0 
8, 9978818,0.00, 100.00, 0.00, 2.25, 0, 0 
9, 9678714,0.00, 100.00, 0.00, 2.25, 0, 0 
0, 9958510,0.00, 100.00, 0.00, 2.25, 0, 0 
1, 9952471,0.00, 100.00, 0.00, 2.25, 0, 0 
2, 9960601,0.00, 100.00, 0.00, 2.25, 0, 0 
3, 9976143,0.00, 100.00, 0.00, 2.25, 0, 0 
4, 9984738,0.00, 100.00, 0.00, 2.25, 0, 0 
5, 10051113,0.00, 100.00, 0.00, 2.25, 0, 0 
6, 9766148,0.00, 100.00, 0.00, 2.25, 0, 0 
7, 10030915,0.00, 100.00, 0.00, 2.25, 0, 0 
8, 10029477,0.00, 100.00, 0.00, 2.25, 0, 0 
9, 10299572,0.00, 100.00, 0.00, 2.25, 0, 0 
0, 10021842,0.00, 100.00, 0.00, 2.25, 0, 0 
1, 10042580,0.00, 100.00, 0.00, 2.25, 0, 0 
2, 10037379,0.00, 100.00, 0.00, 2.25, 0, 0 
3, 10022863,0.00, 100.00, 0.00, 2.25, 0, 0 
4, 10015888,0.00, 100.00, 0.00, 2.25, 0, 0 
5, 9946898,0.00, 100.00, 0.00, 2.25, 0, 0 
6, 10233084,0.00, 100.00, 0.00, 2.25, 0, 0 
7, 9991891,0.00, 100.00, 0.00, 2.25, 0, 0 
8, 10005373,0.00, 100.00, 0.00, 2.25, 0, 0 
9, 9743866,0.00, 100.00, 0.00, 2.25, 0, 0 
0, 10020112,0.00, 100.00, 0.00, 2.25, 0, 0 
1, 9995383,0.00, 100.00, 0.00, 2.25, 0, 0 
2, 10012728,0.00, 100.00, 0.00, 2.25, 0, 0 
3, 9995918,0.00, 100.00, 0.00, 2.25, 0, 0 
4, 10010216,0.00, 100.00, 0.00, 2.25, 0, 0 
5, 10004049,0.00, 100.00, 0.00, 2.25, 0, 0 
6, 9993884,0.00, 100.00, 0.00, 2.25, 0, 0 
7, 9993003,0.00, 100.00, 0.00, 2.25, 0, 0 
8, 9993252,0.00, 100.00, 0.00, 2.25, 0, 0 
9, 10256510,0.00, 100.00, 0.00, 2.25, 0, 0 
0, 9996625,0.00, 100.00, 0.00, 2.25, 0, 0 
1, 10001091,0.00, 100.00, 0.00, 2.25, 0, 0 
2, 9998305,0.00, 100.00, 0.00, 2.25, 0, 0 
3, 9951773,0.00, 100.00, 0.00, 2.25, 0, 0 
4, 9985965,0.00, 100.00, 0.00, 2.25, 0, 0 
5, 9962102,0.00, 100.00, 0.00, 2.25, 0, 0 
6, 9994130,0.00, 100.00, 0.00, 2.25, 0, 0 
7, 9948388,0.00, 100.00, 0.00, 2.25, 0, 0 
8, 9988967,0.00, 100.00, 0.00, 2.25, 0, 0 
9, 10030369,0.00, 100.00, 0.00, 2.25, 0, 0 
0, 10012366,0.00, 100.00, 0.00, 2.25, 0, 0 
1, 9754071,0.00, 100.00, 0.00, 2.25, 0, 0 
2, 9988342,0.00, 100.00, 0.00, 2.25, 0, 0 
3, 10055957,0.00, 100.00, 0.00, 2.25, 0, 0 
4, 9990257,0.00, 100.00, 0.00, 2.25, 0, 0 
5, 10022747,0.00, 100.00, 0.00, 2.25, 0, 0 
6, 10018295,0.00, 100.00, 0.00, 2.25, 0, 0 
7, 10038814,0.00, 100.00, 0.00, 2.25, 0, 0 
8, 10001952,0.00, 100.00, 0.00, 2.25, 0, 0 
9, 9959491,0.00, 100.00, 0.00, 2.25, 0, 0 
0, 9694051,0.00, 100.00, 0.00, 2.25, 0, 0 
1, 10252019,0.00, 100.00, 0.00, 2.25, 0, 0 
2, 9975463,0.00, 100.00, 0.00, 2.25, 0, 0 
3, 10009596,0.00, 100.00, 0.00, 2.25, 0, 0 
4, 10017888,0.00, 100.00, 0.00, 2.25, 0, 0 
5, 10002894,0.00, 100.00, 0.00, 2.25, 0, 0 
6, 10002867,0.00, 100.00, 0.00, 2.25, 0, 0 
7, 10001438,0.00, 100.00, 0.00, 2.25, 0, 0 
8, 10020561,0.00, 100.00, 0.00, 2.25, 0, 0 
9, 10013332,0.00, 100.00, 0.00, 2.25, 0, 0 
0, 11293406,0.00, 100.00, 0.00, 2.25, 0, 0 
1, 10995195,0.00, 100.00, 0.00, 2.25, 0, 0 
2, 11046988,0.00, 100.00, 0.00, 2.25, 0, 0 
3, 10983975,0.00, 100.00, 0.00, 2.25, 0, 0 
4, 11012705,0.00, 100.00, 0.00, 2.25, 0, 0 
5, 11015353,0.00, 100.00, 0.00, 2.25, 0, 0 
6, 11015921,0.00, 100.00, 0.00, 2.25, 0, 0 
7, 11000166,0.00, 100.00, 0.00, 2.25, 0, 0 
8, 10718797,0.00, 100.00, 0.00, 2.25, 0, 0 
9, 11003046,0.00, 100.00, 0.00, 2.25, 0, 0 
0, 10000761,0.00, 100.00, 0.00, 2.25, 0, 0 
1, 10035053,0.00, 100.00, 0.00, 2.25, 0, 0 
2, 10992398,0.00, 100.00, 0.00, 2.25, 0, 0 
3, 11007309,0.00, 100.00, 0.00, 2.25, 0, 0 
4, 11012893,0.00, 100.00, 0.00, 2.25, 0, 0 
5, 11005059,0.00, 100.00, 0.00, 2.25, 0, 0 
6, 10983472,0.00, 100.00, 0.00, 2.25, 0, 0 
7, 11025857,0.00, 100.00, 0.00, 2.25, 0, 0 
8, 11286136,0.00, 100.00, 0.00, 2.25, 0, 0 
9, 11025496,0.00, 100.00, 0.00, 2.25, 0, 0 
0, 11022674,0.00, 100.00, 0.00, 2.25, 0, 0 
1, 10992120,0.00, 100.00, 0.00, 2.25, 0, 0 
2, 10028885,0.00, 100.00, 0.00, 2.25, 0, 0 
3, 10023723,0.00, 100.00, 0.00, 2.25, 0, 0 
4, 10050724,0.00, 100.00, 0.00, 2.25, 0, 0 
5, 10054147,0.00, 100.00, 0.00, 2.25, 0, 0 
6, 10040569,0.00, 100.00, 0.00, 2.25, 0, 0 
7, 10066440,0.00, 100.00, 0.00, 2.25, 0, 0 
8, 10044083,0.00, 100.00, 0.00, 2.25, 0, 0 
9, 10067800,0.00, 100.00, 0.00, 2.25, 0, 0 
0, 10099428,0.00, 100.00, 0.00, 2.25, 0, 0 
1, 10074501,0.00, 100.00, 0.00, 2.25, 0, 0 
2, 10067522,0.00, 100.00, 0.00, 2.25, 0, 0 
3, 9798083,0.00, 100.00, 0.00, 2.25, 0, 0 
4, 10013000,0.00, 100.00, 0.00, 2.25, 0, 0 
5, 10036000,0.00, 100.00, 0.00, 2.25, 0, 0 
6, 10046607,0.00, 100.00, 0.00, 2.25, 0, 0 
7, 10009884,0.00, 100.00, 0.00, 2.25, 0, 0 
8, 10026747,0.00, 100.00, 0.00, 2.25, 0, 0 
9, 9998763,0.00, 100.00, 0.00, 2.25, 0, 0 
0, 9959345,0.00, 100.00, 0.00, 2.25, 0, 0 
1, 10003632,0.00, 100.00, 0.00, 2.25, 0, 0 
2, 10019227,0.00, 100.00, 0.00, 2.25, 0, 0 
3, 10312459,0.00, 100.00, 0.00, 2.25, 0, 0 
4, 12110542,0.00, 100.00, 0.00, 2.25, 0, 0 
5, 11997110,0.00, 100.00, 0.00, 2.25, 0, 0 
6, 12039426,0.00, 100.00, 0.00, 2.25, 0, 0 
7, 11986292,0.00, 100.00, 0.00, 2.25, 0, 0 
8, 11989465,0.00, 100.00, 0.00, 2.25, 0, 0 
9, 11708338,0.00, 100.00, 0.00, 2.25, 0, 0 
0, 12079563,0.00, 100.00, 0.00, 2.25, 0, 0 
1, 12040969,0.00, 100.00, 0.00, 2.25, 0, 0 
2, 12022178,0.00, 100.00, 0.00, 2.25, 0, 0 
3, 11995507,0.00, 100.00, 0.00, 2.25, 0, 0 
4, 9922499,0.00, 100.00, 0.00, 2.25, 0, 0 
5, 10030073,0.00, 100.00, 0.00, 2.25, 0, 0 
6, 9932663,0.00, 100.00, 0.00, 2.25, 0, 0 
7, 9998358,0.00, 100.00, 0.00, 2.25, 0, 0 
8, 10024989,0.00, 100.00, 0.00, 2.25, 0, 0 
9, 10325949,0.00, 100.00, 0.00, 2.25, 0, 0 
0, 9935600,0.00, 100.00, 0.00, 2.25, 0, 0 
1, 9969449,0.00, 100.00, 0.00, 2.25, 0, 0 
2, 9968488,0.00, 100.00, 0.00, 2.25, 0, 0 
3, 9964371,0.00, 100.00, 0.00, 2.25, 0, 0 
4, 9965728,0.00, 100.00, 0.00, 2.25, 0, 0 
5, 9943350,0.00, 100.00, 0.00, 2.25, 0, 0 
6, 10022950,0.00, 100.00, 0.00, 2.25, 0, 0 
7, 10008132,0.00, 100.00, 0.00, 2.25, 0, 0 
8, 9979521,0.00, 100.00, 0.00, 2.25, 0, 0 
9, 9967579,0.00, 100.00, 0.00, 2.25, 0, 0 
0, 9989276,0.00, 100.00, 0.00, 2.25, 0, 0 
1, 9980692,0.00, 100.00, 0.00, 2.25, 0, 0 
2, 10000026,0.00, 100.00, 0.00, 2.25, 0, 0 
3, 9963768,0.00, 100.00, 0.00, 2.25, 0, 0 
4, 10022641,0.00, 100.00, 0.00, 2.25, 0, 0 
5, 11048763,0.00, 100.00, 0.00, 2.25, 0, 0 
6, 11060941,0.00, 100.00, 0.00, 2.25, 0, 0 
7, 11030647,0.00, 100.00, 0.00, 2.25, 0, 0 
8, 11047958,0.00, 100.00, 0.00, 2.25, 0, 0 
9, 11031194,0.00, 100.00, 0.00, 2.25, 0, 0 
0, 11036679,0.00, 100.00, 0.00, 2.25, 0, 0 
1, 11009890,0.00, 100.00, 0.00, 2.25, 0, 0 
2, 10970927,0.00, 100.00, 0.00, 2.25, 0, 0 
3, 11025467,0.00, 100.00, 0.00, 2.25, 0, 0 
4, 10970608,0.00, 100.00, 0.00, 2.25, 0, 0 
5, 9952392,0.00, 100.00, 0.00, 2.25, 0, 0 
6, 10992389,0.00, 100.00, 0.00, 2.25, 0, 0 
7, 10982565,0.00, 100.00, 0.00, 2.25, 0, 0 
8, 10976142,0.00, 100.00, 0.00, 2.25, 0, 0 
9, 10974588,0.00, 100.00, 0.00, 2.25, 0, 0 
0, 10977052,0.00, 100.00, 0.00, 2.25, 0, 0 
1, 10979528,0.00, 100.00, 0.00, 2.25, 0, 0 
2, 10983112,0.00, 100.00, 0.00, 2.25, 0, 0 
3, 11001427,0.00, 100.00, 0.00, 2.25, 0, 0 
4, 11052579,0.00, 100.00, 0.00, 2.25, 0, 0 
5, 11042223,0.00, 100.00, 0.00, 2.25, 0, 0 
6, 9975951,0.00, 100.00, 0.00, 2.25, 0, 0 
7, 9981000,0.00, 100.00, 0.00, 2.25, 0, 0 
8, 12023445,0.00, 100.00, 0.00, 2.25, 0, 0 
9, 11988009,0.00, 100.00, 0.00, 2.25, 0, 0 
0, 11976643,0.00, 100.00, 0.00, 2.25, 0, 0 
1, 13053105,0.00, 100.00, 0.00, 2.25, 0, 0 
2, 13039493,0.00, 100.00, 0.00, 2.25, 0, 0 
3, 13098430,0.00, 100.00, 0.00, 2.25, 0, 0 
4, 12983412,0.00, 100.00, 0.00, 2.25, 0, 0 
5, 13088892,0.00, 100.00, 0.00, 2.25, 0, 0 
6, 13032806,0.00, 100.00, 0.00, 2.25, 0, 0 
7, 13048923,0.00, 100.00, 0.00, 2.25, 0, 0 
8, 11990226,0.00, 100.00, 0.00, 2.25, 0, 0 
9, 15007654,0.00, 100.00, 0.00, 2.25, 0, 0 
0, 15043538,0.00, 100.00, 0.00, 2.25, 0, 0 
1, 13991911,0.00, 100.00, 0.00, 2.25, 0, 0 
2, 13999861,0.00, 100.00, 0.00, 2.25, 0, 0 
3, 14924872,0.00, 100.00, 0.00, 2.25, 0, 0 
4, 15011719,0.00, 100.00, 0.00, 2.25, 0, 0 
5, 15012933,0.00, 100.00, 0.00, 2.25, 0, 0 
6, 14973317,0.00, 100.00, 0.00, 2.25, 0, 0 
7, 14955683,0.00, 100.00, 0.00, 2.25, 0, 0 
8, 14097064,0.00, 100.00, 0.00, 2.25, 0, 0 
9, 11005524,0.00, 100.00, 0.00, 2.25, 0, 0 
0, 10965812,0.00, 100.00, 0.00, 2.25, 0, 0 
1, 11005262,0.00, 100.00, 0.00, 2.25, 0, 0 
2, 11026574,0.00, 100.00, 0.00, 2.25, 0, 0 
3, 10023077,0.00, 100.00, 0.00, 2.25, 0, 0 
4, 10010538,0.00, 100.00, 0.00, 2.25, 0, 0 
5, 9909817,0.00, 100.00, 0.00, 2.25, 0, 0 
6, 9964893,0.00, 100.00, 0.00, 2.25, 0, 0 
7, 9978555,0.00, 100.00, 0.00, 2.25, 0, 0 
8, 9943494,0.00, 100.00, 0.00, 2.25, 0, 0 
9, 10041530,0.00, 100.00, 0.00, 2.25, 0, 0 
0, 10048008,0.00, 100.00, 0.00, 2.25, 0, 0 
1, 9991184,0.00, 100.00, 0.00, 2.25, 0, 0 
2, 10018764,0.00, 100.00, 0.00, 2.25, 0, 0 
3, 9995121,0.00, 100.00, 0.00, 2.25, 0, 0 
4, 9950417,0.00, 100.00, 0.00, 2.25, 0, 0 
5, 9945618,0.00, 100.00, 0.00, 2.25, 0, 0 
6, 9997885,0.00, 100.00, 0.00, 2.25, 0, 0 
7, 10018270,0.00, 100.00, 0.00, 2.25, 0, 0 
8, 9925455,0.00, 100.00, 0.00, 2.25, 0, 0 
9, 9948225,0.00, 100.00, 0.00, 2.25, 0, 0 
0, 12012966,0.00, 100.00, 0.00, 2.25, 0, 0 
1, 11999187,0.00, 100.00, 0.00, 2.25, 0, 0 
2, 11923176,0.00, 100.00, 0.00, 2.25, 0, 0 
3, 11959927,0.00, 100.00, 0.00, 2.25, 0, 0 
4, 11999082,0.00, 100.00, 0.00, 2.25, 0, 0 
5, 11985282,0.00, 100.00, 0.00, 2.25, 0, 0 
6, 12051932,0.00, 100.00, 0.00, 2.25, 0, 0 
7, 12071312,0.00, 100.00, 0.00, 2.25, 0, 0 
8, 12021207,0.00, 100.00, 0.00, 2.25, 0, 0 
9, 12023453,0.00, 100.00, 0.00, 2.25, 0, 0 
0, 9981702,0.00, 100.00, 0.00, 2.25, 0, 0 
1, 9966509,0.00, 100.00, 0.00, 2.25, 0, 0 
2, 10007297,0.00, 100.00, 0.00, 2.25, 0, 0 
3, 10034208,0.00, 100.00, 0.00, 2.25, 0, 0 
4, 10026385,0.00, 100.00, 0.00, 2.25, 0, 0 
5, 10013822,0.00, 100.00, 0.00, 2.25, 0, 0 
6, 9934594,0.00, 100.00, 0.00, 2.25, 0, 0 
7, 9929864,0.00, 100.00, 0.00, 2.25, 0, 0 
8, 9977604,0.00, 100.00, 0.00, 2.25, 0, 0 
9, 9930552,0.00, 100.00, 0.00, 2.25, 0, 0 
0, 11991121,0.00, 100.00, 0.00, 2.25, 0, 0 
1, 12042293,0.00, 100.00, 0.00, 2.25, 0, 0 
2, 12044050,0.00, 100.00, 0.00, 2.25, 0, 0 
3, 11953581,0.00, 100.00, 0.00, 2.25, 0, 0 
4, 12009682,0.00, 100.00, 0.00, 2.25, 0, 0 
5, 12064754,0.00, 100.00, 0.00, 2.25, 0, 0 
6, 12063487,0.00, 100.00, 0.00, 2.25, 0, 0 
7, 12048099,0.00, 100.00, 0.00, 2.25, 0, 0 
8, 12010932,0.00, 100.00, 0.00, 2.25, 0, 0 
9, 12107625,0.00, 100.00, 0.00, 2.25, 0, 0 
0, 10060067,0.00, 100.00, 0.00, 2.25, 0, 0 
1, 10009856,0.00, 100.00, 0.00, 2.25, 0, 0 
2, 10035917,0.00, 100.00, 0.00, 2.25, 0, 0 
3, 10049035,0.00, 100.00, 0.00, 2.25, 0, 0 
4, 9968574,0.00, 100.00, 0.00, 2.25, 0, 0 
5, 9940802,0.00, 100.00, 0.00, 2.25, 0, 0 
6, 9933666,0.00, 100.00, 0.00, 2.25, 0, 0 
7, 9677769,0.00, 100.00, 0.00, 2.25, 0, 0 
8, 10057667,0.00, 100.00, 0.00, 2.25, 0, 0 
9, 9945002,0.00, 100.00, 0.00, 2.25, 0, 0 
0, 9926719,0.00, 100.00, 0.00, 2.25, 0, 0 
1, 9959309,0.00, 100.00, 0.00, 2.25, 0, 0 
2, 9980320,0.00, 100.00, 0.00, 2.25, 0, 0 
3, 9994832,0.00, 100.00, 0.00, 2.25, 0, 0 
4, 10016758,0.00, 100.00, 0.00, 2.25, 0, 0 
5, 10056192,0.00, 100.00, 0.00, 2.25, 0, 0 
6, 10050059,0.00, 100.00, 0.00, 2.25, 0, 0 
7, 10300427,0.00, 100.00, 0.00, 2.25, 0, 0 
8, 9926984,0.00, 100.00, 0.00, 2.25, 0, 0 
9, 9983495,0.00, 100.00, 0.00, 2.25, 0, 0 
0, 9967550,0.00, 100.00, 0.00, 2.25, 0, 0 
1, 9975461,0.00, 100.00, 0.00, 2.25, 0, 0 
2, 9951265,0.00, 100.00, 0.00, 2.25, 0, 0 
3, 9963944,0.00, 100.00, 0.00, 2.25, 0, 0 
4, 9964746,0.00, 100.00, 0.00, 2.25, 0, 0 
5, 9693119,0.00, 100.00, 0.00, 2.25, 0, 0 
6, 9944981,0.00, 100.00, 0.00, 2.25, 0, 0 
7, 10037548,0.00, 100.00, 0.00, 2.25, 0, 0 
8, 10054948,0.00, 100.00, 0.00, 2.25, 0, 0 
9, 10048744,0.00, 100.00, 0.00, 2.25, 0, 0 
0, 10082495,0.00, 100.00, 0.00, 2.25, 0, 0 
1, 10105341,0.00, 100.00, 0.00, 2.25, 0, 0 
2, 10043818,0.00, 100.00, 0.00, 2.25, 0, 0 
3, 9958117,0.00, 100.00, 0.00, 2.25, 0, 0 
4, 10053335,0.00, 100.00, 0.00, 2.25, 0, 0 
5, 10285584,0.00, 100.00, 0.00, 2.25, 0, 0 
6, 10052302,0.00, 100.00, 0.00, 2.25, 0, 0 
7, 9929491,0.00, 100.00, 0.00, 2.25, 0, 0 
8, 9949148,0.00, 100.00, 0.00, 2.25, 0, 0 
9, 9925232,0.00, 100.00, 0.00, 2.25, 0, 0 
0, 11938488,0.00, 100.00, 0.00, 2.25, 0, 0 
1, 11922768,0.00, 100.00, 0.00, 2.25, 0, 0 
2, 11984808,0.00, 100.00, 0.00, 2.25, 0, 0 
3, 12007092,0.00, 100.00, 0.00, 2.25, 0, 0 
4, 11990970,0.00, 100.00, 0.00, 2.25, 0, 0 
5, 12007075,0.00, 100.00, 0.00, 2.25, 0, 0 
6, 12005416,0.00, 100.00, 0.00, 2.25, 0, 0 
7, 12010777,0.00, 100.00, 0.00, 2.25, 0, 0 
8, 11989852,0.00, 100.00, 0.00, 2.25, 0, 0 
9, 12016217,0.00, 100.00, 0.00, 2.25, 0, 0 
0, 9969688,0.00, 100.00, 0.00, 2.25, 0, 0 
1, 9958960,0.00, 100.00, 0.00, 2.25, 0, 0 
2, 9956059,0.00, 100.00, 0.00, 2.25, 0, 0 
3, 10070335,0.00, 100.00, 0.00, 2.25, 0, 0 
4, 9983781,0.00, 100.00, 0.00, 2.25, 0, 0 
5, 9961746,0.00, 100.00, 0.00, 2.25, 0, 0 
6, 9958280,0.00, 100.00, 0.00, 2.25, 0, 0 
7, 9991584,0.00, 100.00, 0.00, 2.25, 0, 0 
8, 10013962,0.00, 100.00, 0.00, 2.25, 0, 0 
9, 10018158,0.00, 100.00, 0.00, 2.25, 0, 0 
0, 10028509,0.00, 100.00, 0.00, 2.25, 0, 0 
1, 10000688,0.00, 100.00, 0.00, 2.25, 0, 0 
2, 9990168,0.00, 100.00, 0.00, 2.25, 0, 0 
3, 10013775,0.00, 100.00, 0.00, 2.25, 0, 0 
4, 9976989,0.00, 100.00, 0.00, 2.25, 0, 0 
5, 10030740,0.00, 100.00, 0.00, 2.25, 0, 0 
6, 10010512,0.00, 100.00, 0.00, 2.25, 0, 0 
7, 9991840,0.00, 100.00, 0.00, 2.25, 0, 0 
8, 9988606,0.00, 100.00, 0.00, 2.25, 0, 0 
9, 9952099,0.00, 100.00, 0.00, 2.25, 0, 0 
0, 10046515,0.00, 100.00, 0.00, 2.25, 0, 0 
1, 10024999,0.00, 100.00, 0.00, 2.25, 0, 0 
2, 9986230,0.00, 100.00, 0.00, 2.25, 0, 0 
3, 9941861,0.00, 100.00, 0.00, 2.25, 0, 0 
4, 10004673,0.00, 100.00, 0.00, 2.25, 0, 0 
5, 10032110,0.00, 100.00, 0.00, 2.25, 0, 0 
6, 9978008,0.00, 100.00, 0.00, 2.25, 0, 0 
7, 10046730,0.00, 100.00, 0.00, 2.25, 0, 0 
8, 9989083,0.00, 100.00, 0.00, 2.25, 0, 0 
9, 10080775,0.00, 100.00, 0.00, 2.25, 0, 0 
0, 9925634,0.00, 100.00, 0.00, 2.25, 0, 0 
1, 10031637,0.00, 100.00, 0.00, 2.25, 0, 0 
2, 10012072,0.00, 100.00, 0.00, 2.25, 0, 0 
3, 9731913,0.00, 100.00, 0.00, 2.25, 0, 0 
4, 9973419,0.00, 100.00, 0.00, 2.25, 0, 0 
5, 9929250,0.00, 100.00, 0.00, 2.25, 0, 0 
6, 11019265,0.00, 100.00, 0.00, 2.25, 0, 0 
7, 10951024,0.00, 100.00, 0.00, 2.25, 0, 0 
8, 11035073,0.00, 100.00, 0.00, 2.25, 0, 0 
9, 10990082,0.00, 100.00, 0.00, 2.25, 0, 0 
0, 11013077,0.00, 100.00, 0.00, 2.25, 0, 0 
1, 10922912,0.00, 100.00, 0.00, 2.25, 0, 0 
2, 11020630,0.00, 100.00, 0.00, 2.25, 0, 0 
3, 11259078,0.00, 100.00, 0.00, 2.25, 0, 0 
4, 11022620,0.00, 100.00, 0.00, 2.25, 0, 0 
5, 11056282,0.00, 100.00, 0.00, 2.25, 0, 0 
6, 9995375,0.00, 100.00, 0.00, 2.25, 0, 0 
7, 9992496,0.00, 100.00, 0.00, 2.25, 0, 0 
8, 9975723,0.00, 100.00, 0.00, 2.25, 0, 0 
9, 9953375,0.00, 100.00, 0.00, 2.25, 0, 0 
0, 9988115,0.00, 100.00, 0.00, 2.25, 0, 0 
1, 10089425,0.00, 100.00, 0.00, 2.25, 0, 0 
2, 9995954,0.00, 100.00, 0.00, 2.25, 0, 0 
3, 9696019,0.00, 100.00, 0.00, 2.25, 0, 0 
4, 10069853,0.00, 100.00, 0.00, 2.25, 0, 0 
5, 9973255,0.00, 100.00, 0.00, 2.25, 0, 0 
6, 10067635,0.00, 100.00, 0.00, 2.25, 0, 0 
7, 10148124,0.00, 100.00, 0.00, 2.25, 0, 0 
8, 10003402,0.00, 100.00, 0.00, 2.25, 0, 0 
9, 10051245,0.00, 100.00, 0.00, 2.25, 0, 0 
0, 10041302,0.00, 100.00, 0.00, 2.25, 0, 0 
1, 9985140,0.00, 100.00, 0.00, 2.25, 0, 0 
2, 10029460,0.00, 100.00, 0.00, 2.25, 0, 0 
3, 10353517,0.00, 100.00, 0.00, 2.25, 0, 0 
4, 9959204,0.00, 100.00, 0.00, 2.25, 0, 0 
5, 9965665,0.00, 100.00, 0.00, 2.25, 0, 0 
6, 9924630,0.00, 100.00, 0.00, 2.25, 0, 0 
7, 9867213,0.00, 100.00, 0.00, 2.25, 0, 0 
8, 9994302,0.00, 100.00, 0.00, 2.25, 0, 0 
9, 9975629,0.00, 100.00, 0.00, 2.25, 0, 0 
0, 9963225,0.00, 100.00, 0.00, 2.25, 0, 0 
1, 9993828,0.00, 100.00, 0.00, 2.25, 0, 0 
2, 9999670,0.00, 100.00, 0.00, 2.25, 0, 0 
3, 9948852,0.00, 100.00, 0.00, 2.25, 0, 0 
4, 9958933,0.00, 100.00, 0.00, 2.25, 0, 0 
5, 9999683,0.00, 100.00, 0.00, 2.25, 0, 0 
6, 9999320,0.00, 100.00, 0.00, 2.25, 0, 0 
7, 10003673,0.00, 100.00, 0.00, 2.25, 0, 0 
8, 9994499,0.00, 100.00, 0.00, 2.25, 0, 0 
9, 9984422,0.00, 100.00, 0.00, 2.25, 0, 0 
0, 10049308,0.00, 100.00, 0.00, 2.25, 0, 0 
1, 9933329,0.00, 100.00, 0.00, 2.25, 0, 0 
2, 9995012,0.00, 100.00, 0.00, 2.25, 0, 0 
3, 10044498,0.00, 100.00, 0.00, 2.25, 0, 0 
4, 10039915,0.00, 100.00, 0.00, 2.25, 0, 0 
5, 10001468,0.00, 100.00, 0.00, 2.25, 0, 0 
6, 9990450,0.00, 100.00, 0.00, 2.25, 0, 0 
7, 9974298,0.00, 100.00, 0.00, 2.25, 0, 0 
8, 10015106,0.00, 100.00, 0.00, 2.25, 0, 0 
9, 10024951,0.00, 100.00, 0.00, 2.25, 0, 0 
0, 10024910,0.00, 100.00, 0.00, 2.25, 0, 0 
1, 10325185,0.00, 100.00, 0.00, 2.25, 0, 0 
2, 11022257,0.00, 100.00, 0.00, 2.25, 0, 0 
3, 11014841,0.00, 100.00, 0.00, 2.25, 0, 0 
4, 10949339,0.00, 100.00, 0.00, 2.25, 0, 0 
5, 10976063,0.00, 100.00, 0.00, 2.25, 0, 0 
6, 11004584,0.00, 100.00, 0.00, 2.25, 0, 0 
7, 11050551,0.00, 100.00, 0.00, 2.25, 0, 0 
8, 11042058,0.00, 100.00, 0.00, 2.25, 0, 0 
9, 10970857,0.00, 100.00, 0.00, 2.25, 0, 0 
0, 10937967,0.00, 100.00, 0.00, 2.25, 0, 0 
1, 10735887,0.00, 100.00, 0.00, 2.25, 0, 0 
2, 9953263,0.00, 100.00, 0.00, 2.25, 0, 0 
3, 9942039,0.00, 100.00, 0.00, 2.25, 0, 0 
4, 9987180,0.00, 100.00, 0.00, 2.25, 0, 0 
5, 10008651,0.00, 100.00, 0.00, 2.25, 0, 0 
6, 9998022,0.00, 100.00, 0.00, 2.25, 0, 0 
7, 9944361,0.00, 100.00, 0.00, 2.25, 0, 0 
8, 9970302,0.00, 100.00, 0.00, 2.25, 0, 0 
9, 9978297,0.00, 100.00, 0.00, 2.25, 0, 0 
0, 9979413,0.00, 100.00, 0.00, 2.25, 0, 0 
1, 9942147,0.00, 100.00, 0.00, 2.25, 0, 0 
2, 10018625,0.00, 100.00, 0.00, 2.25, 0, 0 
3, 10065484,0.00, 100.00, 0.00, 2.25, 0, 0 
4, 10064986,0.00, 100.00, 0.00, 2.25, 0, 0 
5, 10025964,0.00, 100.00, 0.00, 2.25, 0, 0 
6, 9993459,0.00, 100.00, 0.00, 2.25, 0, 0 
7, 10058871,0.00, 100.00, 0.00, 2.25, 0, 0 
8, 9977020,0.00, 100.00, 0.00, 2.25, 0, 0 
9, 9980448,0.00, 100.00, 0.00, 2.25, 0, 0 
0, 10050501,0.00, 100.00, 0.00, 2.25, 0, 0 
1, 10055331,0.00, 100.00, 0.00, 2.25, 0, 0 
2, 10018786,0.00, 100.00, 0.00, 2.25, 0, 0 
3, 9912884,0.00, 100.00, 0.00, 2.25, 0, 0 
4, 9949407,0.00, 100.00, 0.00, 2.25, 0, 0 
5, 9980592,0.00, 100.00, 0.00, 2.25, 0, 0 
6, 10061660,0.00, 100.00, 0.00, 2.25, 0, 0 
7, 9991977,0.00, 100.00, 0.00, 2.25, 0, 0 
8, 9995024,0.00, 100.00, 0.00, 2.25, 0, 0 
9, 10045032,0.00, 100.00, 0.00, 2.25, 0, 0 
0, 9962445,0.00, 100.00, 0.00, 2.25, 0, 0 
1, 9987774,0.00, 100.00, 0.00, 2.25, 0, 0 
2, 9934855,0.00, 100.00, 0.00, 2.25, 0, 0 
3, 9999084,0.00, 100.00, 0.00, 2.25, 0, 0 
4, 11035633,0.00, 100.00, 0.00, 2.25, 0, 0 
5, 11037874,0.00, 100.00, 0.00, 2.25, 0, 0 
6, 10976889,0.00, 100.00, 0.00, 2.25, 0, 0 
7, 11025957,0.00, 100.00, 0.00, 2.25, 0, 0 
8, 11033001,0.00, 100.00, 0.00, 2.25, 0, 0 
9, 11157642,0.00, 100.00, 0.00, 2.25, 0, 0 
0, 12023145,0.00, 100.00, 0.00, 2.25, 0, 0 
1, 12019216,0.00, 100.00, 0.00, 2.25, 0, 0 
2, 12047588,0.00, 100.00, 0.00, 2.25, 0, 0 
3, 12039268,0.00, 100.00, 0.00, 2.25, 0, 0 
4, 10967972,0.00, 100.00, 0.00, 2.25, 0, 0 
5, 10941474,0.00, 100.00, 0.00, 2.25, 0, 0 
6, 10965983,0.00, 100.00, 0.00, 2.25, 0, 0 
7, 10931447,0.00, 100.00, 0.00, 2.25, 0, 0 
8, 10946884,0.00, 100.00, 0.00, 2.25, 0, 0 
9, 10858709,0.00, 100.00, 0.00, 2.25, 0, 0 
0, 9922469,0.00, 100.00, 0.00, 2.25, 0, 0 
1, 9964113,0.00, 100.00, 0.00, 2.25, 0, 0 
2, 9967115,0.00, 100.00, 0.00, 2.25, 0, 0 
3, 9977562,0.00, 100.00, 0.00, 2.25, 0, 0 
4, 9996423,0.00, 100.00, 0.00, 2.25, 0, 0 
5, 10016599,0.00, 100.00, 0.00, 2.25, 0, 0 
6, 10049528,0.00, 100.00, 0.00, 2.25, 0, 0 
7, 10028535,0.00, 100.00, 0.00, 2.25, 0, 0 
8, 10082317,0.00, 100.00, 0.00, 2.25, 0, 0 
9, 9976848,0.00, 100.00, 0.00, 2.25, 0, 0 
0, 10055033,0.00, 100.00, 0.00, 2.25, 0, 0 
1, 10036006,0.00, 100.00, 0.00, 2.25, 0, 0 
2, 9976327,0.00, 100.00, 0.00, 2.25, 0, 0 
3, 10013632,0.00, 100.00, 0.00, 2.25, 0, 0 
4, 10001611,0.00, 100.00, 0.00, 2.25, 0, 0 
5, 9993319,0.00, 100.00, 0.00, 2.25, 0, 0 
6, 10005236,0.00, 100.00, 0.00, 2.25, 0, 0 
7, 9980649,0.00, 100.00, 0.00, 2.25, 0, 0 
8, 9952660,0.00, 100.00, 0.00, 2.25, 0, 0 
9, 9980157,0.00, 100.00, 0.00, 2.25, 0, 0 
0, 9972095,0.00, 100.00, 0.00, 2.25, 0, 0 
1, 9949053,0.00, 100.00, 0.00, 2.25, 0, 0 
2, 10160464,0.00, 100.00, 0.00, 2.25, 0, 0 
3, 9986458,0.00, 100.00, 0.00, 2.25, 0, 0 
4, 10000136,0.00, 100.00, 0.00, 2.25, 0, 0 
5, 10023911,0.00, 100.00, 0.00, 2.25, 0, 0 
6, 9950330,0.00, 100.00, 0.00, 2.25, 0, 0 
7, 9981630,0.00, 100.00, 0.00, 2.25, 0, 0 
8, 9977820,0.00, 100.00, 0.00, 2.25, 0, 0 
9, 9995857,0.00, 100.00, 0.00, 2.25, 0, 0 
0, 10003280,0.00, 100.00, 0.00, 2.25, 0, 0 
1, 9988983,0.00, 100.00, 0.00, 2.25, 0, 0 
2, 9890849,0.00, 100.00, 0.00, 2.25, 0, 0 
3, 9984587,0.00, 100.00, 0.00, 2.25, 0, 0 
4, 9985262,0.00, 100.00, 0.00, 2.25, 0, 0 
5, 9988546,0.00, 100.00, 0.00, 2.25, 0, 0 
6, 9981688,0.00, 100.00, 0.00, 2.25, 0, 0 
7, 10015875,0.00, 100.00, 0.00, 2.25, 0, 0 
8, 9996630,0.00, 100.00, 0.00, 2.25, 0, 0 
9, 10000306,0.00, 100.00, 0.00, 2.25, 0, 0 
0, 10038489,0.00, 100.00, 0.00, 2.25, 0, 0 
1, 10043168,0.00, 100.00, 0.00, 2.25, 0, 0 
2, 9991405,0.00, 100.00, 0.00, 2.25, 0, 0 
3, 10010573,0.00, 100.00, 0.00, 2.25, 0, 0 
4, 10049501,0.00, 100.00, 0.00, 2.25, 0, 0 
5, 10042975,0.00, 100.00, 0.00, 2.25, 0, 0 
6, 10002059,0.00, 100.00, 0.00, 2.25, 0, 0 
7, 9986756,0.00, 100.00, 0.00, 2.25, 0, 0 
8, 9970484,0.00, 100.00, 0.00, 2.25, 0, 0 
9, 10014902,0.00, 100.00, 0.00, 2.25, 0, 0 
0, 9992339,0.00, 100.00, 0.00, 2.25, 0, 0 
1, 10045746,0.00, 100.00, 0.00, 2.25, 0, 0 
2, 10060734,0.00, 100.00, 0.00, 2.25, 0, 0 
3, 11182173,0.00, 100.00, 0.00, 2.25, 0, 0 
4, 10982456,0.00, 100.00, 0.00, 2.25, 0, 0 
5, 10949587,0.00, 100.00, 0.00, 2.25, 0, 0 
6, 10998865,0.00, 100.00, 0.00, 2.25, 0, 0 
7, 10997437,0.00, 100.00, 0.00, 2.25, 0, 0 
8, 11006057,0.00, 100.00, 0.00, 2.25, 0, 0 
9, 10726163,0.00, 100.00, 0.00, 2.25, 0, 0 
0, 11034685,0.00, 100.00, 0.00, 2.25, 0, 0 
1, 10954520,0.00, 100.00, 0.00, 2.25, 0, 0 
2, 10954250,0.00, 100.00, 0.00, 2.25, 0, 0 
3, 9853762,0.00, 100.00, 0.00, 2.25, 0, 0 
4, 10010580,0.00, 100.00, 0.00, 2.25, 0, 0 
5, 10068520,0.00, 100.00, 0.00, 2.25, 0, 0 
6, 10015586,0.00, 100.00, 0.00, 2.25, 0, 0 
7, 10010167,0.00, 100.00, 0.00, 2.25, 0, 0 
8, 10018506,0.00, 100.00, 0.00, 2.25, 0, 0 
9, 10262199,0.00, 100.00, 0.00, 2.25, 0, 0 
0, 9969193,0.00, 100.00, 0.00, 2.25, 0, 0 
1, 9965861,0.00, 100.00, 0.00, 2.25, 0, 0 
2, 9987526,0.00, 100.00, 0.00, 2.25, 0, 0 
3, 9950728,0.00, 100.00, 0.00, 2.25, 0, 0 
4, 10006280,0.00, 100.00, 0.00, 2.25, 0, 0 
5, 9933868,0.00, 100.00, 0.00, 2.25, 0, 0 
6, 10033316,0.00, 100.00, 0.00, 2.25, 0, 0 
7, 10039553,0.00, 100.00, 0.00, 2.25, 0, 0 
8, 10056379,0.00, 100.00, 0.00, 2.25, 0, 0 
9, 10063010,0.00, 100.00, 0.00, 2.25, 0, 0 
0, 9981516,0.00, 100.00, 0.00, 2.25, 0, 0 
1, 10047788,0.00, 100.00, 0.00, 2.25, 0, 0 
2, 10022767,0.00, 100.00, 0.00, 2.25, 0, 0 
3, 10055577,0.00, 100.00, 0.00, 2.25, 0, 0 
4, 9989939,0.00, 100.00, 0.00, 2.25, 0, 0 
5, 10015306,0.00, 100.00, 0.00, 2.25, 0, 0 
6, 9986614,0.00, 100.00, 0.00, 2.25, 0, 0 
7, 10094186,0.00, 100.00, 0.00, 2.25, 0, 0 
8, 9952461,0.00, 100.00, 0.00, 2.25, 0, 0 
9, 9988771,0.00, 100.00, 0.00, 2.25, 0, 0 
0, 10018954,0.00, 100.00, 0.00, 2.25, 0, 0 
1, 9991692,0.00, 100.00, 0.00, 2.25, 0, 0 
2, 9983618,0.00, 100.00, 0.00, 2.25, 0, 0 
3, 9986423,0.00, 100.00, 0.00, 2.25, 0, 0 
4, 9983729,0.00, 100.00, 0.00, 2.25, 0, 0 
5, 9970416,0.00, 100.00, 0.00, 2.25, 0, 0 
6, 9976671,0.00, 100.00, 0.00, 2.25, 0, 0 
7, 9848197,0.00, 100.00, 0.00, 2.25, 0, 0 
8, 10003595,0.00, 100.00, 0.00, 2.25, 0, 0 
9, 9937922,0.00, 100.00, 0.00, 2.25, 0, 0 
0, 9956174,0.00, 100.00, 0.00, 2.25, 0, 0 
1, 10996415,0.00, 100.00, 0.00, 2.25, 0, 0 
2, 11021991,0.00, 100.00, 0.00, 2.25, 0, 0 
3, 10955032,0.00, 100.00, 0.00, 2.25, 0, 0 
4, 11037893,0.00, 100.00, 0.00, 2.25, 0, 0 
5, 11019439,0.00, 100.00, 0.00, 2.25, 0, 0 
6, 10978633,0.00, 100.00, 0.00, 2.25, 0, 0 
7, 11005234,0.00, 100.00, 0.00, 2.25, 0, 0 
8, 10986047,0.00, 100.00, 0.00, 2.25, 0, 0 
9, 11010302,0.00, 100.00, 0.00, 2.25, 0, 0 
0, 11009343,0.00, 100.00, 0.00, 2.25, 0, 0 
1, 9948510,0.00, 100.00, 0.00, 2.25, 0, 0 
2, 9913157,0.00, 100.00, 0.00, 2.25, 0, 0 
3, 9990287,0.00, 100.00, 0.00, 2.25, 0, 0 
4, 9982968,0.00, 100.00, 0.00, 2.25, 0, 0 
5, 9983536,0.00, 100.00, 0.00, 2.25, 0, 0 
6, 10017447,0.00, 100.00, 0.00, 2.25, 0, 0 
7, 10032302,0.00, 100.00, 0.00, 2.25, 0, 0 
8, 10016947,0.00, 100.00, 0.00, 2.25, 0, 0 
9, 10002613,0.00, 100.00, 0.00, 2.25, 0, 0 
0, 9988789,0.00, 100.00, 0.00, 2.25, 0, 0 
1, 10004972,0.00, 100.00, 0.00, 2.25, 0, 0 
2, 10004355,0.00, 100.00, 0.00, 2.25, 0, 0 
3, 10021409,0.00, 100.00, 0.00, 2.25, 0, 0 
4, 9964735,0.00, 100.00, 0.00, 2.25, 0, 0 
5, 9994454,0.00, 100.00, 0.00, 2.25, 0, 0 
6, 10034112,0.00, 100.00, 0.00, 2.25, 0, 0 
7, 10017193,0.00, 100.00, 0.00, 2.25, 0, 0 
8, 10022080,0.00, 100.00, 0.00, 2.25, 0, 0 
9, 10002960,0.00, 100.00, 0.00, 2.25, 0, 0 
0, 10032066,0.00, 100.00, 0.00, 2.25, 0, 0 
1, 10016526,0.00, 100.00, 0.00, 2.25, 0, 0 
2, 10019485,0.00, 100.00, 0.00, 2.25, 0, 0 
3, 10000692,0.00, 100.00, 0.00, 2.25, 0, 0 
4, 10034212,0.00, 100.00, 0.00, 2.25, 0, 0 
5, 10035280,0.00, 100.00, 0.00, 2.25, 0, 0 
6, 9986669,0.00, 100.00, 0.00, 2.25, 0, 0 
7, 10071319,0.00, 100.00, 0.00, 2.25, 0, 0 
8, 9947478,0.00, 100.00, 0.00, 2.25, 0, 0 
9, 9976770,0.00, 100.00, 0.00, 2.25, 0, 0 
0, 9958048,0.00, 100.00, 0.00, 2.25, 0, 0 
1, 9979670,0.00, 100.00, 0.00, 2.25, 0, 0 
2, 9709913,0.00, 100.00, 0.00, 2.25, 0, 0 
3, 10039660,0.00, 100.00, 0.00, 2.25, 0, 0 
4, 10013371,0.00, 100.00, 0.00, 2.25, 0, 0 
5, 10025450,0.00, 100.00, 0.00, 2.25, 0, 0 
6, 10023085,0.00, 100.00, 0.00, 2.25, 0, 0 
7, 9886373,0.00, 100.00, 0.00, 2.25, 0, 0 
8, 10002125,0.00, 100.00, 0.00, 2.25, 0, 0 
9, 9965438,0.00, 100.00, 0.00, 2.25, 0, 0 
0, 10024556,0.00, 100.00, 0.00, 2.25, 0, 0 
1, 11056663,0.00, 100.00, 0.00, 2.25, 0, 0 
2, 11337247,0.00, 100.00, 0.00, 2.25, 0, 0 
3, 10982216,0.00, 100.00, 0.00, 2.25, 0, 0 
4, 10955715,0.00, 100.00, 0.00, 2.25, 0, 0 
5, 10949523,0.00, 100.00, 0.00, 2.25, 0, 0 
6, 11002143,0.00, 100.00, 0.00, 2.25, 0, 0 
7, 11033380,0.00, 100.00, 0.00, 2.25, 0, 0 
8, 11073759,0.00, 100.00, 0.00, 2.25, 0, 0 
9, 11100827,0.00, 100.00, 0.00, 2.25, 0, 0 
0, 11002385,0.00, 100.00, 0.00, 2.25, 0, 0 
1, 9956458,0.00, 100.00, 0.00, 2.25, 0, 0 
2, 9986747,0.00, 100.00, 0.00, 2.25, 0, 0 
3, 10027351,0.00, 100.00, 0.00, 2.25, 0, 0 
4, 10012569,0.00, 100.00, 0.00, 2.25, 0, 0 
5, 9978993,0.00, 100.00, 0.00, 2.25, 0, 0 
6, 9948705,0.00, 100.00, 0.00, 2.25, 0, 0 
7, 9960907,0.00, 100.00, 0.00, 2.25, 0, 0 
8, 9954148,0.00, 100.00, 0.00, 2.25, 0, 0 
9, 9825140,0.00, 100.00, 0.00, 2.25, 0, 0 
0, 9989120,0.00, 100.00, 0.00, 2.25, 0, 0 
1, 9982571,0.00, 100.00, 0.00, 2.25, 0, 0 
2, 9960563,0.00, 100.00, 0.00, 2.25, 0, 0 
3, 9932741,0.00, 100.00, 0.00, 2.25, 0, 0 
4, 9971760,0.00, 100.00, 0.00, 2.25, 0, 0 
5, 10022069,0.00, 100.00, 0.00, 2.25, 0, 0 
6, 9997555,0.00, 100.00, 0.00, 2.25, 0, 0 
7, 9987596,0.00, 100.00, 0.00, 2.25, 0, 0 
8, 9983049,0.00, 100.00, 0.00, 2.25, 0, 0 
9, 10128427,0.00, 100.00, 0.00, 2.25, 0, 0 
0, 9994174,0.00, 100.00, 0.00, 2.25, 0, 0 
1, 9995423,0.00, 100.00, 0.00, 2.25, 0, 0 
2, 9996187,0.00, 100.00, 0.00, 2.25, 0, 0 
3, 10022339,0.00, 100.00, 0.00, 2.25, 0, 0 
4, 10018252,0.00, 100.00, 0.00, 2.25, 0, 0 
5, 9981867,0.00, 100.00, 0.00, 2.25, 0, 0 
6, 9981882,0.00, 100.00, 0.00, 2.25, 0, 0 
7, 10006057,0.00, 100.00, 0.00, 2.25, 0, 0 
8, 9999916,0.00, 100.00, 0.00, 2.25, 0, 0 
9, 9999311,0.00, 100.00, 0.00, 2.25, 0, 0 
0, 10006034,0.00, 100.00, 0.00, 2.25, 0, 0 
1, 10017141,0.00, 100.00, 0.00, 2.25, 0, 0 
2, 10012508,0.00, 100.00, 0.00, 2.25, 0, 0 
3, 10005127,0.00, 100.00, 0.00, 2.25, 0, 0 
4, 9993021,0.00, 100.00, 0.00, 2.25, 0, 0 
5, 9980501,0.00, 100.00, 0.00, 2.25, 0, 0 
6, 17160645,0.00, 100.00, 0.00, 2.25, 0, 0 
7, 18082581,0.00, 100.00, 0.00, 2.25, 0, 0 
8, 18051554,0.00, 100.00, 0.00, 2.25, 0, 0 
9, 20087362,0.00, 100.00, 0.00, 2.25, 0, 0 
0, 20035391,0.00, 100.00, 0.00, 2.25, 0, 0 
1, 20020052,0.00, 100.00, 0.00, 2.25, 0, 0 
2, 21023257,0.00, 100.00, 0.00, 2.25, 0, 0 
3, 20997704,0.00, 100.00, 0.00, 2.25, 0, 0 
4, 21042725,0.00, 100.00, 0.00, 2.25, 0, 0 
5, 24056257,0.00, 100.00, 0.00, 2.25, 0, 0 
6, 21968715,0.00, 100.00, 0.00, 2.25, 0, 0 
7, 20975282,0.00, 100.00, 0.00, 2.25, 0, 0 
8, 20962102,0.00, 100.00, 0.00, 2.25, 0, 0 
9, 20674140,0.00, 100.00, 0.00, 2.25, 0, 0 
0, 20964897,0.00, 100.00, 0.00, 2.25, 0, 0 
1, 20718918,0.00, 100.00, 0.00, 2.25, 0, 0 
2, 19995645,0.00, 100.00, 0.00, 2.25, 0, 0 
3, 19997464,0.00, 100.00, 0.00, 2.25, 0, 0 
4, 20107505,0.00, 100.00, 0.00, 2.25, 0, 0 
5, 16975798,0.00, 100.00, 0.00, 2.25, 0, 0 
6, 11938496,0.00, 100.00, 0.00, 2.25, 0, 0 
7, 12041821,0.00, 100.00, 0.00, 2.25, 0, 0 
8, 12089032,0.00, 100.00, 0.00, 2.25, 0, 0 
9, 10335458,0.00, 100.00, 0.00, 2.25, 0, 0 
0, 10019520,0.00, 100.00, 0.00, 2.25, 0, 0 
1, 15061214,0.00, 100.00, 0.00, 2.25, 0, 0 
2, 15067293,0.00, 100.00, 0.00, 2.25, 0, 0 
3, 15059092,0.00, 100.00, 0.00, 2.25, 0, 0 
4, 14889258,0.00, 100.00, 0.00, 2.25, 0, 0 
5, 14738205,0.00, 100.00, 0.00, 2.25, 0, 0 
6, 14986410,0.00, 100.00, 0.00, 2.25, 0, 0 
7, 14645535,0.00, 100.00, 0.00, 2.25, 0, 0 
8, 14951820,0.00, 100.00, 0.00, 2.25, 0, 0 
9, 16014861,0.00, 100.00, 0.00, 2.25, 0, 0 
0, 27244408,0.00, 100.00, 0.00, 2.25, 0, 0 
1, 22243613,0.00, 100.00, 0.00, 2.25, 0, 0 
2, 21650537,0.00, 100.00, 0.00, 2.25, 0, 0 
3, 21969435,0.00, 100.00, 0.00, 2.25, 0, 0 
4, 21684729,0.00, 100.00, 0.00, 2.25, 0, 0 
5, 22288112,0.00, 100.00, 0.00, 2.25, 0, 0 
6, 29007560,0.00, 100.00, 0.00, 2.25, 0, 0 
7, 40327918,0.00, 100.00, 0.00, 2.25, 0, 0 
8, 44033929,0.00, 100.00, 0.00, 2.25, 0, 0 
9, 42962396,0.00, 100.00, 0.00, 2.25, 0, 0 
0, 31802691,0.00, 100.00, 0.00, 2.25, 0, 0 
1, 31735535,0.00, 100.00, 0.00, 2.25, 0, 0 
2, 32292385,0.00, 100.00, 0.00, 2.25, 0, 0 
3, 31941270,0.00, 100.00, 0.00, 2.25, 0, 0 
4, 32257743,0.00, 100.00, 0.00, 2.25, 0, 0 
5, 31947705,0.00, 100.00, 0.00, 2.25, 0, 0 
6, 24928167,0.00, 100.00, 0.00, 2.25, 0, 0 
7, 13910779,0.00, 100.00, 0.00, 2.25, 0, 0 
8, 9892859,0.00, 100.00, 0.00, 2.25, 0, 0 
9, 9908758,0.00, 100.00, 0.00, 2.25, 0, 0 
0, 9912210,0.00, 100.00, 0.00, 2.25, 0, 0 
1, 10203030,0.00, 100.00, 0.00, 2.25, 0, 0 
2, 9935599,0.00, 100.00, 0.00, 2.25, 0, 0 
3, 10040296,0.00, 100.00, 0.00, 2.25, 0, 0 
4, 9985655,0.00, 100.00, 0.00, 2.25, 0, 0 
5, 9984792,0.00, 100.00, 0.00, 2.25, 0, 0 
6, 10048575,0.00, 100.00, 0.00, 2.25, 0, 0 
7, 10138225,0.00, 100.00, 0.00, 2.25, 0, 0 
8, 10063607,0.00, 100.00, 0.00, 2.25, 0, 0 
9, 10030117,0.00, 100.00, 0.00, 2.25, 0, 0 
0, 9992311,0.00, 100.00, 0.00, 2.25, 0, 0 
1, 10020307,0.00, 100.00, 0.00, 2.25, 0, 0 
2, 10015792,0.00, 100.00, 0.00, 2.25, 0, 0 
3, 9981564,0.00, 100.00, 0.00, 2.25, 0, 0 
4, 10004857,0.00, 100.00, 0.00, 2.25, 0, 0 
5, 10025699,0.00, 100.00, 0.00, 2.25, 0, 0 
6, 9953514,0.00, 100.00, 0.00, 2.25, 0, 0 
7, 9866023,0.00, 100.00, 0.00, 2.25, 0, 0 
8, 9924525,0.00, 100.00, 0.00, 2.25, 0, 0 
9, 10022267,0.00, 100.00, 0.00, 2.25, 0, 0 
0, 10024564,0.00, 100.00, 0.00, 2.25, 0, 0 
1, 14347516,0.00, 100.00, 0.00, 2.25, 0, 0 
2, 25068912,0.00, 100.00, 0.00, 2.25, 0, 0 
3, 63514043,0.00, 100.00, 0.00, 2.25, 0, 0 
4, 312142418,0.00, 100.00, 0.00, 2.25, 0, 0 
5, 36112065,0.00, 100.00, 0.00, 2.25, 0, 0 
6, 59612391,0.00, 100.00, 0.00, 2.25, 0, 0 
7, 161623344,0.00, 100.00, 0.00, 2.25, 0, 0 
8, 167921178,0.00, 100.00, 0.00, 2.25, 0, 0 
9, 171575952,0.00, 100.00, 0.00, 2.25, 0, 0 
0, 171904982,0.00, 100.00, 0.00, 2.25, 0, 0 
1, 178507190,0.00, 100.00, 0.00, 2.25, 0, 0 
2, 167816783,0.00, 100.00, 0.00, 2.25, 0, 0 
3, 130402622,0.00, 100.00, 0.00, 2.25, 0, 0 
4, 881758165,0.00, 100.00, 0.00, 2.25, 0, 0 
5, 157801810,0.00, 100.00, 0.00, 2.25, 0, 0 
6, 140352968,0.00, 100.00, 0.00, 2.25, 0, 0 
7, 42252292,0.00, 100.00, 0.00, 2.25, 0, 0 
8, 50079644,0.00, 100.00, 0.00, 2.25, 0, 0 
9, 523412277,0.00, 100.00, 0.00, 2.25, 0, 0 
0, 522962243,0.00, 100.00, 0.00, 2.25, 0, 0 
1, 512172835,0.00, 100.00, 0.00, 2.25, 0, 0 
2, 512118032,0.00, 100.00, 0.00, 2.25, 0, 0 
3, 511084912,0.00, 100.00, 0.00, 2.25, 0, 0 
4, 511062809,0.00, 100.00, 0.00, 2.25, 0, 0 
5, 511034600,0.00, 100.00, 0.00, 2.25, 0, 0 
6, 504981768,0.00, 100.00, 0.00, 2.25, 0, 0 
7, 501062539,0.00, 100.00, 0.00, 2.25, 0, 0 
8, 486880440,0.00, 100.00, 0.00, 2.25, 0, 0 
9, 9869362,0.00, 100.00, 0.00, 2.25, 0, 0 
0, 12132309,0.00, 100.00, 0.00, 2.25, 0, 0 
1, 11895020,0.00, 100.00, 0.00, 2.25, 0, 0 
2, 125603274,0.00, 100.00, 0.00, 2.25, 0, 0 
3, 136888323,0.00, 100.00, 0.00, 2.25, 0, 0 
4, 136676085,0.00, 100.00, 0.00, 2.25, 0, 0 
5, 151952201,0.00, 100.00, 0.00, 2.25, 0, 0 
6, 154965464,0.00, 100.00, 0.00, 2.25, 0, 0 
7, 177957783,0.00, 100.00, 0.00, 2.25, 0, 0 
8, 412273822,0.00, 100.00, 0.00, 2.25, 0, 0 
9, 441299389,0.00, 100.00, 0.00, 2.25, 0, 0 
0, 439112015,0.00, 100.00, 0.00, 2.25, 0, 0 
1, 448152014,0.00, 100.00, 0.00, 2.25, 0, 0 
2, 335451395,0.00, 100.00, 0.00, 2.25, 0, 0 
3, 618944557,0.00, 100.00, 0.00, 2.25, 0, 0 
4, 651523908,0.00, 100.00, 0.00, 2.25, 0, 0 
5, 637195430,0.00, 100.00, 0.00, 2.25, 0, 0 
6, 634073446,0.00, 100.00, 0.00, 2.25, 0, 0 
7, 611098845,0.00, 100.00, 0.00, 2.25, 0, 0 
8, 377910507,0.00, 100.00, 0.00, 2.25, 0, 0 
9, 348826234,0.00, 100.00, 0.00, 2.25, 0, 0 
0, 348910248,0.00, 100.00, 0.00, 2.25, 0, 0 
1, 339937337,0.00, 100.00, 0.00, 2.25, 0, 0 
2, 338906970,0.00, 100.00, 0.00, 2.25, 0, 0 
3, 44127691,0.00, 100.00, 0.00, 2.25, 0, 0 
4, 11822289,0.00, 100.00, 0.00, 2.25, 0, 0 
5, 13938560,0.00, 100.00, 0.00, 2.25, 0, 0 
6, 14045657,0.00, 100.00, 0.00, 2.25, 0, 0 
7, 14045092,0.00, 100.00, 0.00, 2.25, 0, 0 
8, 12996459,0.00, 100.00, 0.00, 2.25, 0, 0 
9, 13008035,0.00, 100.00, 0.00, 2.25, 0, 0 
0, 12968436,0.00, 100.00, 0.00, 2.25, 0, 0 
1, 12942794,0.00, 100.00, 0.00, 2.25, 0, 0 
2, 13060581,0.00, 100.00, 0.00, 2.25, 0, 0 
3, 13027600,0.00, 100.00, 0.00, 2.25, 0, 0 
4, 13022735,0.00, 100.00, 0.00, 2.25, 0, 0 
5, 9952018,0.00, 100.00, 0.00, 2.25, 0, 0 
6, 9959862,0.00, 100.00, 0.00, 2.25, 0, 0 
7, 9950823,0.00, 100.00, 0.00, 2.25, 0, 0 
8, 9986792,0.00, 100.00, 0.00, 2.25, 0, 0 
9, 9922876,0.00, 100.00, 0.00, 2.25, 0, 0 
0, 9946328,0.00, 100.00, 0.00, 2.25, 0, 0 
1, 10007807,0.00, 100.00, 0.00, 2.25, 0, 0 
2, 9940472,0.00, 100.00, 0.00, 2.25, 0, 0 
3, 9935585,0.00, 100.00, 0.00, 2.25, 0, 0 
4, 10039080,0.00, 100.00, 0.00, 2.25, 0, 0 
5, 10010837,0.00, 100.00, 0.00, 2.25, 0, 0 
6, 10014538,0.00, 100.00, 0.00, 2.25, 0, 0 
7, 9990479,0.00, 100.00, 0.00, 2.25, 0, 0 
8, 9955360,0.00, 100.00, 0.00, 2.25, 0, 0 
9, 10025824,0.00, 100.00, 0.00, 2.25, 0, 0 
0, 10085213,0.00, 100.00, 0.00, 2.25, 0, 0 
1, 10069989,0.00, 100.00, 0.00, 2.25, 0, 0 
2, 10004749,0.00, 100.00, 0.00, 2.25, 0, 0 
3, 10103945,0.00, 100.00, 0.00, 2.25, 0, 0 
4, 9940897,0.00, 100.00, 0.00, 2.25, 0, 0 
5, 9982750,0.00, 100.00, 0.00, 2.25, 0, 0 
6, 9988961,0.00, 100.00, 0.00, 2.25, 0, 0 
7, 10083249,0.00, 100.00, 0.00, 2.25, 0, 0 
8, 10023185,0.00, 100.00, 0.00, 2.25, 0, 0 
9, 9969754,0.00, 100.00, 0.00, 2.25, 0, 0 
0, 9956538,0.00, 100.00, 0.00, 2.25, 0, 0 
1, 9919221,0.00, 100.00, 0.00, 2.25, 0, 0 
2, 10008550,0.00, 100.00, 0.00, 2.25, 0, 0 
3, 9957619,0.00, 100.00, 0.00, 2.25, 0, 0 
4, 10058908,0.00, 100.00, 0.00, 2.25, 0, 0 
5, 10001939,0.00, 100.00, 0.00, 2.25, 0, 0 
6, 9993537,0.00, 100.00, 0.00, 2.25, 0, 0 
7, 10020706,0.00, 100.00, 0.00, 2.25, 0, 0 
8, 10116410,0.00, 100.00, 0.00, 2.25, 0, 0 
9, 10086189,0.00, 100.00, 0.00, 2.25, 0, 0 
0, 9994174,0.00, 100.00, 0.00, 2.25, 0, 0 
1, 10015298,0.00, 100.00, 0.00, 2.25, 0, 0 
2, 9990547,0.00, 100.00, 0.00, 2.25, 0, 0 
3, 9962421,0.00, 100.00, 0.00, 2.25, 0, 0 
4, 10988912,0.00, 100.00, 0.00, 2.25, 0, 0 
5, 10988702,0.00, 100.00, 0.00, 2.25, 0, 0 
6, 11015261,0.00, 100.00, 0.00, 2.25, 0, 0 
7, 10996241,0.00, 100.00, 0.00, 2.25, 0, 0 
8, 10949141,0.00, 100.00, 0.00, 2.25, 0, 0 
9, 11031080,0.00, 100.00, 0.00, 2.25, 0, 0 
0, 11063068,0.00, 100.00, 0.00, 2.25, 0, 0 
1, 11040017,0.00, 100.00, 0.00, 2.25, 0, 0 
2, 11054897,0.00, 100.00, 0.00, 2.25, 0, 0 
3, 11000448,0.00, 100.00, 0.00, 2.25, 0, 0 
4, 10006029,0.00, 100.00, 0.00, 2.25, 0, 0 
5, 9999861,0.00, 100.00, 0.00, 2.25, 0, 0 
6, 9971152,0.00, 100.00, 0.00, 2.25, 0, 0 
7, 11950375,0.00, 100.00, 0.00, 2.25, 0, 0 
8, 11970867,0.00, 100.00, 0.00, 2.25, 0, 0 
9, 11908755,0.00, 100.00, 0.00, 2.25, 0, 0 
0, 11928308,0.00, 100.00, 0.00, 2.25, 0, 0 
1, 11952552,0.00, 100.00, 0.00, 2.25, 0, 0 
2, 11956220,0.00, 100.00, 0.00, 2.25, 0, 0 
3, 12030837,0.00, 100.00, 0.00, 2.25, 0, 0 
4, 11982573,0.00, 100.00, 0.00, 2.25, 0, 0 
5, 12056928,0.00, 100.00, 0.00, 2.25, 0, 0 
6, 12029035,0.00, 100.00, 0.00, 2.25, 0, 0 
7, 9930917,0.00, 100.00, 0.00, 2.25, 0, 0 
8, 9932204,0.00, 100.00, 0.00, 2.25, 0, 0 
9, 11042410,0.00, 100.00, 0.00, 2.25, 0, 0 
0, 11061679,0.00, 100.00, 0.00, 2.25, 0, 0 
1, 11009728,0.00, 100.00, 0.00, 2.25, 0, 0 
2, 11015954,0.00, 100.00, 0.00, 2.25, 0, 0 
3, 10949216,0.00, 100.00, 0.00, 2.25, 0, 0 
4, 10947485,0.00, 100.00, 0.00, 2.25, 0, 0 
5, 10949691,0.00, 100.00, 0.00, 2.25, 0, 0 
6, 10964204,0.00, 100.00, 0.00, 2.25, 0, 0 
7, 11037325,0.00, 100.00, 0.00, 2.25, 0, 0 
8, 11012620,0.00, 100.00, 0.00, 2.25, 0, 0 
9, 9944303,0.00, 100.00, 0.00, 2.25, 0, 0 
0, 10009832,0.00, 100.00, 0.00, 2.25, 0, 0 
1, 9981202,0.00, 100.00, 0.00, 2.25, 0, 0 
2, 9972628,0.00, 100.00, 0.00, 2.25, 0, 0 
3, 10017719,0.00, 100.00, 0.00, 2.25, 0, 0 
4, 10056171,0.00, 100.00, 0.00, 2.25, 0, 0 
5, 10051603,0.00, 100.00, 0.00, 2.25, 0, 0 
6, 10057269,0.00, 100.00, 0.00, 2.25, 0, 0 
7, 10031067,0.00, 100.00, 0.00, 2.25, 0, 0 
8, 10039420,0.00, 100.00, 0.00, 2.25, 0, 0 
9, 9996287,0.00, 100.00, 0.00, 2.25, 0, 0 
0, 9932202,0.00, 100.00, 0.00, 2.25, 0, 0 
1, 10001983,0.00, 100.00, 0.00, 2.25, 0, 0 
2, 9964329,0.00, 100.00, 0.00, 2.25, 0, 0 
3, 10052799,0.00, 100.00, 0.00, 2.25, 0, 0 
4, 9944788,0.00, 100.00, 0.00, 2.25, 0, 0 
5, 9964793,0.00, 100.00, 0.00, 2.25, 0, 0 
6, 9985615,0.00, 100.00, 0.00, 2.25, 0, 0 
7, 9951475,0.00, 100.00, 0.00, 2.25, 0, 0 
8, 9941682,0.00, 100.00, 0.00, 2.25, 0, 0 
9, 9984558,0.00, 100.00, 0.00, 2.25, 0, 0 
0, 10032031,0.00, 100.00, 0.00, 2.25, 0, 0 
1, 10039693,0.00, 100.00, 0.00, 2.25, 0, 0 
2, 10067128,0.00, 100.00, 0.00, 2.25, 0, 0 
3, 10023607,0.00, 100.00, 0.00, 2.25, 0, 0 
4, 10058296,0.00, 100.00, 0.00, 2.25, 0, 0 
5, 9991576,0.00, 100.00, 0.00, 2.25, 0, 0 
6, 9978483,0.00, 100.00, 0.00, 2.25, 0, 0 
7, 9988331,0.00, 100.00, 0.00, 2.25, 0, 0 
8, 10015347,0.00, 100.00, 0.00, 2.25, 0, 0 
9, 10008226,0.00, 100.00, 0.00, 2.25, 0, 0 
0, 9998885,0.00, 100.00, 0.00, 2.25, 0, 0 
1, 9965766,0.00, 100.00, 0.00, 2.25, 0, 0 
2, 10005761,0.00, 100.00, 0.00, 2.25, 0, 0 
3, 9987079,0.00, 100.00, 0.00, 2.25, 0, 0 
4, 9982990,0.00, 100.00, 0.00, 2.25, 0, 0 
5, 9988061,0.00, 100.00, 0.00, 2.25, 0, 0 
6, 10040362,0.00, 100.00, 0.00, 2.25, 0, 0 
7, 10044627,0.00, 100.00, 0.00, 2.25, 0, 0 
8, 10028026,0.00, 100.00, 0.00, 2.25, 0, 0 
9, 10001731,0.00, 100.00, 0.00, 2.25, 0, 0 
0, 9952313,0.00, 100.00, 0.00, 2.25, 0, 0 
1, 9979804,0.00, 100.00, 0.00, 2.25, 0, 0 
2, 9947072,0.00, 100.00, 0.00, 2.25, 0, 0 
3, 10004681,0.00, 100.00, 0.00, 2.25, 0, 0 
4, 10006877,0.00, 100.00, 0.00, 2.25, 0, 0 
5, 10037694,0.00, 100.00, 0.00, 2.25, 0, 0 
6, 9993202,0.00, 100.00, 0.00, 2.25, 0, 0 
7, 9961813,0.00, 100.00, 0.00, 2.25, 0, 0 
8, 9988193,0.00, 100.00, 0.00, 2.25, 0, 0 
9, 10008377,0.00, 100.00, 0.00, 2.25, 0, 0 
0, 10016102,0.00, 100.00, 0.00, 2.25, 0, 0 
1, 10070096,0.00, 100.00, 0.00, 2.25, 0, 0 
2, 10094074,0.00, 100.00, 0.00, 2.25, 0, 0 
3, 9993468,0.00, 100.00, 0.00, 2.25, 0, 0 
4, 10020704,0.00, 100.00, 0.00, 2.25, 0, 0 
5, 10015462,0.00, 100.00, 0.00, 2.25, 0, 0 
6, 10008997,0.00, 100.00, 0.00, 2.25, 0, 0 
7, 9996841,0.00, 100.00, 0.00, 2.25, 0, 0 
8, 9964787,0.00, 100.00, 0.00, 2.25, 0, 0 
9, 9979802,0.00, 100.00, 0.00, 2.25, 0, 0 
0, 10005499,0.00, 100.00, 0.00, 2.25, 0, 0 
1, 9994229,0.00, 100.00, 0.00, 2.25, 0, 0 
2, 9954155,0.00, 100.00, 0.00, 2.25, 0, 0 
3, 9954786,0.00, 100.00, 0.00, 2.25, 0, 0 
4, 9964724,0.00, 100.00, 0.00, 2.25, 0, 0 
5, 9991695,0.00, 100.00, 0.00, 2.25, 0, 0 
6, 10028652,0.00, 100.00, 0.00, 2.25, 0, 0 
7, 10015735,0.00, 100.00, 0.00, 2.25, 0, 0 
8, 9983621,0.00, 100.00, 0.00, 2.25, 0, 0 
9, 10007781,0.00, 100.00, 0.00, 2.25, 0, 0 
0, 9978865,0.00, 100.00, 0.00, 2.25, 0, 0 
1, 9927093,0.00, 100.00, 0.00, 2.25, 0, 0 
2, 10014342,0.00, 100.00, 0.00, 2.25, 0, 0 
3, 10034448,0.00, 100.00, 0.00, 2.25, 0, 0 
4, 10019009,0.00, 100.00, 0.00, 2.25, 0, 0 
5, 9970921,0.00, 100.00, 0.00, 2.25, 0, 0 
6, 9909791,0.00, 100.00, 0.00, 2.25, 0, 0 
7, 10008577,0.00, 100.00, 0.00, 2.25, 0, 0 
8, 10117133,0.00, 100.00, 0.00, 2.25, 0, 0 
9, 10020009,0.00, 100.00, 0.00, 2.25, 0, 0 
0, 12176490,0.00, 100.00, 0.00, 2.25, 0, 0 
1, 13027960,0.00, 100.00, 0.00, 2.25, 0, 0 
2, 12990213,0.00, 100.00, 0.00, 2.25, 0, 0 
3, 12958293,0.00, 100.00, 0.00, 2.25, 0, 0 
4, 12986278,0.00, 100.00, 0.00, 2.25, 0, 0 
5, 13017802,0.00, 100.00, 0.00, 2.25, 0, 0 
6, 13056902,0.00, 100.00, 0.00, 2.25, 0, 0 
7, 13014921,0.00, 100.00, 0.00, 2.25, 0, 0 
8, 12954752,0.00, 100.00, 0.00, 2.25, 0, 0 
9, 13031834,0.00, 100.00, 0.00, 2.25, 0, 0 
0, 10868256,0.00, 100.00, 0.00, 2.25, 0, 0 
1, 9973757,0.00, 100.00, 0.00, 2.25, 0, 0 
2, 9950461,0.00, 100.00, 0.00, 2.25, 0, 0 
3, 10001953,0.00, 100.00, 0.00, 2.25, 0, 0 
4, 9984378,0.00, 100.00, 0.00, 2.25, 0, 0 
5, 9982922,0.00, 100.00, 0.00, 2.25, 0, 0 
6, 9973254,0.00, 100.00, 0.00, 2.25, 0, 0 
7, 10087735,0.00, 100.00, 0.00, 2.25, 0, 0 
8, 9957847,0.00, 100.00, 0.00, 2.25, 0, 0 
9, 9945673,0.00, 100.00, 0.00, 2.25, 0, 0 
0, 9961583,0.00, 100.00, 0.00, 2.25, 0, 0 
1, 10010562,0.00, 100.00, 0.00, 2.25, 0, 0 
2, 9983541,0.00, 100.00, 0.00, 2.25, 0, 0 
3, 9986652,0.00, 100.00, 0.00, 2.25, 0, 0 
4, 9960473,0.00, 100.00, 0.00, 2.25, 0, 0 
5, 10002355,0.00, 100.00, 0.00, 2.25, 0, 0 
6, 10007079,0.00, 100.00, 0.00, 2.25, 0, 0 
7, 9889691,0.00, 100.00, 0.00, 2.25, 0, 0 
8, 9998406,0.00, 100.00, 0.00, 2.25, 0, 0 
9, 10013022,0.00, 100.00, 0.00, 2.25, 0, 0 
0, 10064606,0.00, 100.00, 0.00, 2.25, 0, 0 
1, 10089151,0.00, 100.00, 0.00, 2.25, 0, 0 
2, 10104164,0.00, 100.00, 0.00, 2.25, 0, 0 
3, 10106548,0.00, 100.00, 0.00, 2.25, 0, 0 
4, 10083625,0.00, 100.00, 0.00, 2.25, 0, 0 
5, 9929219,0.00, 100.00, 0.00, 2.25, 0, 0 
6, 9910879,0.00, 100.00, 0.00, 2.25, 0, 0 
7, 9906462,0.00, 100.00, 0.00, 2.25, 0, 0 
8, 9912638,0.00, 100.00, 0.00, 2.25, 0, 0 
9, 9934970,0.00, 100.00, 0.00, 2.25, 0, 0 
0, 9856588,0.00, 100.00, 0.00, 2.25, 0, 0 
1, 9853899,0.00, 100.00, 0.00, 2.25, 0, 0 
2, 9849566,0.00, 100.00, 0.00, 2.25, 0, 0 
3, 9877260,0.00, 100.00, 0.00, 2.25, 0, 0 
4, 9925424,0.00, 100.00, 0.00, 2.25, 0, 0 
5, 10026369,0.00, 100.00, 0.00, 2.25, 0, 0 
6, 10046554,0.00, 100.00, 0.00, 2.25, 0, 0 
7, 10046095,0.00, 100.00, 0.00, 2.25, 0, 0 
8, 10039719,0.00, 100.00, 0.00, 2.25, 0, 0 
9, 10009522,0.00, 100.00, 0.00, 2.25, 0, 0 
0, 10010173,0.00, 100.00, 0.00, 2.25, 0, 0 
1, 9985937,0.00, 100.00, 0.00, 2.25, 0, 0 
2, 10042666,0.00, 100.00, 0.00, 2.25, 0, 0 
3, 9997088,0.00, 100.00, 0.00, 2.25, 0, 0 
4, 10014775,0.00, 100.00, 0.00, 2.25, 0, 0 
5, 9978845,0.00, 100.00, 0.00, 2.25, 0, 0 
6, 9947680,0.00, 100.00, 0.00, 2.25, 0, 0 
7, 9999319,0.00, 100.00, 0.00, 2.25, 0, 0 
8, 9978143,0.00, 100.00, 0.00, 2.25, 0, 0 
9, 9985144,0.00, 100.00, 0.00, 2.25, 0, 0 
0, 10002777,0.00, 100.00, 0.00, 2.25, 0, 0 
1, 9984889,0.00, 100.00, 0.00, 2.25, 0, 0 
2, 9926621,0.00, 100.00, 0.00, 2.25, 0, 0 
3, 9991850,0.00, 100.00, 0.00, 2.25, 0, 0 
4, 9957039,0.00, 100.00, 0.00, 2.25, 0, 0 
5, 10014583,0.00, 100.00, 0.00, 2.25, 0, 0 
6, 9817454,0.00, 100.00, 0.00, 2.25, 0, 0 
7, 9965097,0.00, 100.00, 0.00, 2.25, 0, 0 
8, 10034945,0.00, 100.00, 0.00, 2.25, 0, 0 
9, 10034601,0.00, 100.00, 0.00, 2.25, 0, 0 
