Tue Nov 27 18:12:52 2018
StepTime, x, v, f, xdes, vdes, fdes, cmd, IR, LSB, LSF
0, 603985890,0.00, 100.00, 0.00, 2.25, 0, 0 
1, 606861104,0.00, 100.00, 0.00, 2.25, 0, 0 
2, 607891874,0.00, 100.00, 0.00, 2.25, 0, 0 
3, 610741082,0.00, 100.00, 0.00, 2.25, 0, 0 
4, 612973200,0.00, 100.00, 0.00, 2.25, 0, 0 
5, 613873241,0.00, 100.00, 0.00, 2.25, 0, 0 
6, 630311867,0.00, 100.00, 0.00, 2.25, 0, 0 
7, 631320570,0.00, 100.00, 0.00, 2.25, 0, 0 
8, 636494324,0.00, 100.00, 0.00, 2.25, 0, 0 
9, 637377134,0.00, 100.00, 0.00, 2.25, 0, 0 
0, 34507486,0.00, 100.00, 0.00, 2.25, 0, 0 
1, 32498606,0.00, 100.00, 0.00, 2.25, 0, 0 
2, 32608858,0.00, 100.00, 0.00, 2.25, 0, 0 
3, 30596548,0.00, 100.00, 0.00, 2.25, 0, 0 
4, 29507514,0.00, 100.00, 0.00, 2.25, 0, 0 
5, 29471912,0.00, 100.00, 0.00, 2.25, 0, 0 
6, 15228644,0.00, 100.00, 0.00, 2.25, 0, 0 
7, 27533210,0.00, 100.00, 0.00, 2.25, 0, 0 
8, 35960658,0.00, 100.00, 0.00, 2.25, 0, 0 
9, 38216125,0.00, 100.00, 0.00, 2.25, 0, 0 
0, 38000248,0.00, 100.00, 0.00, 2.25, 0, 0 
1, 38258953,0.00, 100.00, 0.00, 2.25, 0, 0 
2, 38012011,0.00, 100.00, 0.00, 2.25, 0, 0 
3, 38087578,0.00, 100.00, 0.00, 2.25, 0, 0 
4, 37966715,0.00, 100.00, 0.00, 2.25, 0, 0 
5, 37935006,0.00, 100.00, 0.00, 2.25, 0, 0 
6, 39877094,0.00, 100.00, 0.00, 2.25, 0, 0 
7, 37990511,0.00, 100.00, 0.00, 2.25, 0, 0 
8, 28494724,0.00, 100.00, 0.00, 2.25, 0, 0 
9, 29587404,0.00, 100.00, 0.00, 2.25, 0, 0 
0, 36106484,0.00, 100.00, 0.00, 2.25, 0, 0 
1, 39062828,0.00, 100.00, 0.00, 2.25, 0, 0 
2, 50667963,0.00, 100.00, 0.00, 2.25, 0, 0 
3, 53690469,0.00, 100.00, 0.00, 2.25, 0, 0 
4, 57841595,0.00, 100.00, 0.00, 2.25, 0, 0 
5, 58167477,0.00, 100.00, 0.00, 2.25, 0, 0 
6, 60058799,0.00, 100.00, 0.00, 2.25, 0, 0 
7, 49466412,0.00, 100.00, 0.00, 2.25, 0, 0 
8, 46405024,0.00, 100.00, 0.00, 2.25, 0, 0 
9, 43007358,0.00, 100.00, 0.00, 2.25, 0, 0 
0, 36726694,0.00, 100.00, 0.00, 2.25, 0, 0 
1, 33509528,0.00, 100.00, 0.00, 2.25, 0, 0 
2, 22073405,0.00, 100.00, 0.00, 2.25, 0, 0 
3, 20007454,0.00, 100.00, 0.00, 2.25, 0, 0 
4, 23949714,0.00, 100.00, 0.00, 2.25, 0, 0 
5, 29852634,0.00, 100.00, 0.00, 2.25, 0, 0 
6, 24436073,0.00, 100.00, 0.00, 2.25, 0, 0 
7, 24188095,0.00, 100.00, 0.00, 2.25, 0, 0 
8, 25293319,0.00, 100.00, 0.00, 2.25, 0, 0 
9, 32326871,0.00, 100.00, 0.00, 2.25, 0, 0 
0, 32759521,0.00, 100.00, 0.00, 2.25, 0, 0 
1, 32443104,0.00, 100.00, 0.00, 2.25, 0, 0 
2, 33909185,0.00, 100.00, 0.00, 2.25, 0, 0 
3, 32971304,0.00, 100.00, 0.00, 2.25, 0, 0 
4, 33175174,0.00, 100.00, 0.00, 2.25, 0, 0 
5, 29289400,0.00, 100.00, 0.00, 2.25, 0, 0 
6, 32935604,0.00, 100.00, 0.00, 2.25, 0, 0 
7, 34604776,0.00, 100.00, 0.00, 2.25, 0, 0 
8, 35405590,0.00, 100.00, 0.00, 2.25, 0, 0 
9, 29547136,0.00, 100.00, 0.00, 2.25, 0, 0 
0, 34033210,0.00, 100.00, 0.00, 2.25, 0, 0 
1, 36675177,0.00, 100.00, 0.00, 2.25, 0, 0 
2, 35918236,0.00, 100.00, 0.00, 2.25, 0, 0 
3, 36096634,0.00, 100.00, 0.00, 2.25, 0, 0 
4, 27826663,0.00, 100.00, 0.00, 2.25, 0, 0 
5, 26516134,0.00, 100.00, 0.00, 2.25, 0, 0 
6, 29260364,0.00, 100.00, 0.00, 2.25, 0, 0 
7, 30233050,0.00, 100.00, 0.00, 2.25, 0, 0 
8, 30379787,0.00, 100.00, 0.00, 2.25, 0, 0 
9, 33553770,0.00, 100.00, 0.00, 2.25, 0, 0 
0, 30565152,0.00, 100.00, 0.00, 2.25, 0, 0 
1, 30703067,0.00, 100.00, 0.00, 2.25, 0, 0 
2, 31861866,0.00, 100.00, 0.00, 2.25, 0, 0 
3, 33683183,0.00, 100.00, 0.00, 2.25, 0, 0 
4, 35949882,0.00, 100.00, 0.00, 2.25, 0, 0 
5, 36128558,0.00, 100.00, 0.00, 2.25, 0, 0 
6, 33143816,0.00, 100.00, 0.00, 2.25, 0, 0 
7, 33117120,0.00, 100.00, 0.00, 2.25, 0, 0 
8, 33084129,0.00, 100.00, 0.00, 2.25, 0, 0 
9, 31823032,0.00, 100.00, 0.00, 2.25, 0, 0 
0, 29859906,0.00, 100.00, 0.00, 2.25, 0, 0 
1, 27419174,0.00, 100.00, 0.00, 2.25, 0, 0 
2, 29402588,0.00, 100.00, 0.00, 2.25, 0, 0 
3, 27402989,0.00, 100.00, 0.00, 2.25, 0, 0 
4, 27386521,0.00, 100.00, 0.00, 2.25, 0, 0 
5, 26222202,0.00, 100.00, 0.00, 2.25, 0, 0 
6, 27294283,0.00, 100.00, 0.00, 2.25, 0, 0 
7, 27268914,0.00, 100.00, 0.00, 2.25, 0, 0 
8, 27984427,0.00, 100.00, 0.00, 2.25, 0, 0 
9, 28267890,0.00, 100.00, 0.00, 2.25, 0, 0 
0, 29371390,0.00, 100.00, 0.00, 2.25, 0, 0 
1, 30472937,0.00, 100.00, 0.00, 2.25, 0, 0 
2, 28721271,0.00, 100.00, 0.00, 2.25, 0, 0 
3, 31814453,0.00, 100.00, 0.00, 2.25, 0, 0 
4, 31430429,0.00, 100.00, 0.00, 2.25, 0, 0 
5, 32569709,0.00, 100.00, 0.00, 2.25, 0, 0 
6, 29448676,0.00, 100.00, 0.00, 2.25, 0, 0 
7, 28454727,0.00, 100.00, 0.00, 2.25, 0, 0 
8, 25562046,0.00, 100.00, 0.00, 2.25, 0, 0 
9, 23537316,0.00, 100.00, 0.00, 2.25, 0, 0 
0, 23244664,0.00, 100.00, 0.00, 2.25, 0, 0 
1, 24395062,0.00, 100.00, 0.00, 2.25, 0, 0 
2, 24315125,0.00, 100.00, 0.00, 2.25, 0, 0 
3, 21178037,0.00, 100.00, 0.00, 2.25, 0, 0 
4, 19147835,0.00, 100.00, 0.00, 2.25, 0, 0 
5, 18159992,0.00, 100.00, 0.00, 2.25, 0, 0 
6, 18675865,0.00, 100.00, 0.00, 2.25, 0, 0 
7, 18709397,0.00, 100.00, 0.00, 2.25, 0, 0 
8, 18372881,0.00, 100.00, 0.00, 2.25, 0, 0 
9, 17062723,0.00, 100.00, 0.00, 2.25, 0, 0 
0, 15908370,0.00, 100.00, 0.00, 2.25, 0, 0 
1, 13621332,0.00, 100.00, 0.00, 2.25, 0, 0 
2, 11085587,0.00, 100.00, 0.00, 2.25, 0, 0 
3, 10716223,0.00, 100.00, 0.00, 2.25, 0, 0 
4, 11660679,0.00, 100.00, 0.00, 2.25, 0, 0 
5, 11514891,0.00, 100.00, 0.00, 2.25, 0, 0 
6, 9569690,0.00, 100.00, 0.00, 2.25, 0, 0 
7, 10330480,0.00, 100.00, 0.00, 2.25, 0, 0 
8, 10685742,0.00, 100.00, 0.00, 2.25, 0, 0 
9, 10347921,0.00, 100.00, 0.00, 2.25, 0, 0 
0, 11497984,0.00, 100.00, 0.00, 2.25, 0, 0 
1, 13896524,0.00, 100.00, 0.00, 2.25, 0, 0 
2, 14066638,0.00, 100.00, 0.00, 2.25, 0, 0 
3, 14438280,0.00, 100.00, 0.00, 2.25, 0, 0 
4, 13126924,0.00, 100.00, 0.00, 2.25, 0, 0 
5, 15803865,0.00, 100.00, 0.00, 2.25, 0, 0 
6, 18346949,0.00, 100.00, 0.00, 2.25, 0, 0 
7, 17506433,0.00, 100.00, 0.00, 2.25, 0, 0 
8, 17660535,0.00, 100.00, 0.00, 2.25, 0, 0 
9, 19088514,0.00, 100.00, 0.00, 2.25, 0, 0 
0, 18260264,0.00, 100.00, 0.00, 2.25, 0, 0 
1, 15813165,0.00, 100.00, 0.00, 2.25, 0, 0 
2, 18165310,0.00, 100.00, 0.00, 2.25, 0, 0 
3, 18299448,0.00, 100.00, 0.00, 2.25, 0, 0 
4, 18667944,0.00, 100.00, 0.00, 2.25, 0, 0 
5, 16171840,0.00, 100.00, 0.00, 2.25, 0, 0 
6, 16347145,0.00, 100.00, 0.00, 2.25, 0, 0 
7, 17013189,0.00, 100.00, 0.00, 2.25, 0, 0 
8, 16992159,0.00, 100.00, 0.00, 2.25, 0, 0 
9, 15888485,0.00, 100.00, 0.00, 2.25, 0, 0 
0, 15950005,0.00, 100.00, 0.00, 2.25, 0, 0 
1, 16113091,0.00, 100.00, 0.00, 2.25, 0, 0 
2, 13912135,0.00, 100.00, 0.00, 2.25, 0, 0 
3, 13805524,0.00, 100.00, 0.00, 2.25, 0, 0 
4, 14061907,0.00, 100.00, 0.00, 2.25, 0, 0 
5, 13825330,0.00, 100.00, 0.00, 2.25, 0, 0 
6, 11577656,0.00, 100.00, 0.00, 2.25, 0, 0 
7, 9825708,0.00, 100.00, 0.00, 2.25, 0, 0 
8, 9617890,0.00, 100.00, 0.00, 2.25, 0, 0 
9, 11000391,0.00, 100.00, 0.00, 2.25, 0, 0 
0, 10699107,0.00, 100.00, 0.00, 2.25, 0, 0 
1, 12960368,0.00, 100.00, 0.00, 2.25, 0, 0 
2, 13042958,0.00, 100.00, 0.00, 2.25, 0, 0 
3, 13007765,0.00, 100.00, 0.00, 2.25, 0, 0 
4, 12772802,0.00, 100.00, 0.00, 2.25, 0, 0 
5, 13087242,0.00, 100.00, 0.00, 2.25, 0, 0 
6, 13151728,0.00, 100.00, 0.00, 2.25, 0, 0 
7, 12938730,0.00, 100.00, 0.00, 2.25, 0, 0 
8, 13211298,0.00, 100.00, 0.00, 2.25, 0, 0 
9, 12126510,0.00, 100.00, 0.00, 2.25, 0, 0 
0, 15366683,0.00, 100.00, 0.00, 2.25, 0, 0 
1, 20997423,0.00, 100.00, 0.00, 2.25, 0, 0 
2, 21034484,0.00, 100.00, 0.00, 2.25, 0, 0 
3, 21305609,0.00, 100.00, 0.00, 2.25, 0, 0 
4, 21327886,0.00, 100.00, 0.00, 2.25, 0, 0 
5, 21044677,0.00, 100.00, 0.00, 2.25, 0, 0 
6, 20993221,0.00, 100.00, 0.00, 2.25, 0, 0 
7, 21043088,0.00, 100.00, 0.00, 2.25, 0, 0 
8, 20837005,0.00, 100.00, 0.00, 2.25, 0, 0 
9, 20782163,0.00, 100.00, 0.00, 2.25, 0, 0 
0, 17773245,0.00, 100.00, 0.00, 2.25, 0, 0 
1, 9770235,0.00, 100.00, 0.00, 2.25, 0, 0 
2, 9704968,0.00, 100.00, 0.00, 2.25, 0, 0 
3, 9621555,0.00, 100.00, 0.00, 2.25, 0, 0 
4, 9522711,0.00, 100.00, 0.00, 2.25, 0, 0 
5, 9757397,0.00, 100.00, 0.00, 2.25, 0, 0 
6, 9574006,0.00, 100.00, 0.00, 2.25, 0, 0 
7, 9817005,0.00, 100.00, 0.00, 2.25, 0, 0 
8, 9721342,0.00, 100.00, 0.00, 2.25, 0, 0 
9, 9644111,0.00, 100.00, 0.00, 2.25, 0, 0 
0, 9658088,0.00, 100.00, 0.00, 2.25, 0, 0 
1, 9606306,0.00, 100.00, 0.00, 2.25, 0, 0 
2, 9744494,0.00, 100.00, 0.00, 2.25, 0, 0 
3, 9770778,0.00, 100.00, 0.00, 2.25, 0, 0 
4, 9780591,0.00, 100.00, 0.00, 2.25, 0, 0 
5, 9810912,0.00, 100.00, 0.00, 2.25, 0, 0 
6, 9818866,0.00, 100.00, 0.00, 2.25, 0, 0 
7, 9554100,0.00, 100.00, 0.00, 2.25, 0, 0 
8, 9805083,0.00, 100.00, 0.00, 2.25, 0, 0 
9, 9901027,0.00, 100.00, 0.00, 2.25, 0, 0 
0, 10387677,0.00, 100.00, 0.00, 2.25, 0, 0 
1, 12429644,0.00, 100.00, 0.00, 2.25, 0, 0 
2, 14419612,0.00, 100.00, 0.00, 2.25, 0, 0 
3, 17364662,0.00, 100.00, 0.00, 2.25, 0, 0 
4, 17647473,0.00, 100.00, 0.00, 2.25, 0, 0 
5, 17384756,0.00, 100.00, 0.00, 2.25, 0, 0 
6, 17639015,0.00, 100.00, 0.00, 2.25, 0, 0 
7, 17633531,0.00, 100.00, 0.00, 2.25, 0, 0 
8, 17706893,0.00, 100.00, 0.00, 2.25, 0, 0 
9, 17455774,0.00, 100.00, 0.00, 2.25, 0, 0 
0, 17853601,0.00, 100.00, 0.00, 2.25, 0, 0 
1, 19337940,0.00, 100.00, 0.00, 2.25, 0, 0 
2, 20380782,0.00, 100.00, 0.00, 2.25, 0, 0 
3, 17362375,0.00, 100.00, 0.00, 2.25, 0, 0 
4, 44480038,0.00, 100.00, 0.00, 2.25, 0, 0 
5, 46532918,0.00, 100.00, 0.00, 2.25, 0, 0 
6, 64924597,0.00, 100.00, 0.00, 2.25, 0, 0 
7, 80924656,0.00, 100.00, 0.00, 2.25, 0, 0 
8, 81960940,0.00, 100.00, 0.00, 2.25, 0, 0 
9, 82102025,0.00, 100.00, 0.00, 2.25, 0, 0 
0, 81977975,0.00, 100.00, 0.00, 2.25, 0, 0 
1, 79530611,0.00, 100.00, 0.00, 2.25, 0, 0 
2, 77467408,0.00, 100.00, 0.00, 2.25, 0, 0 
3, 77289637,0.00, 100.00, 0.00, 2.25, 0, 0 
4, 50140189,0.00, 100.00, 0.00, 2.25, 0, 0 
5, 48257129,0.00, 100.00, 0.00, 2.25, 0, 0 
6, 29768775,0.00, 100.00, 0.00, 2.25, 0, 0 
7, 15877643,0.00, 100.00, 0.00, 2.25, 0, 0 
8, 14731402,0.00, 100.00, 0.00, 2.25, 0, 0 
9, 15623261,0.00, 100.00, 0.00, 2.25, 0, 0 
0, 14836596,0.00, 100.00, 0.00, 2.25, 0, 0 
1, 14015804,0.00, 100.00, 0.00, 2.25, 0, 0 
2, 18021974,0.00, 100.00, 0.00, 2.25, 0, 0 
3, 29427136,0.00, 100.00, 0.00, 2.25, 0, 0 
4, 32862773,0.00, 100.00, 0.00, 2.25, 0, 0 
5, 32799626,0.00, 100.00, 0.00, 2.25, 0, 0 
6, 32546632,0.00, 100.00, 0.00, 2.25, 0, 0 
7, 30586620,0.00, 100.00, 0.00, 2.25, 0, 0 
8, 44404773,0.00, 100.00, 0.00, 2.25, 0, 0 
9, 43566171,0.00, 100.00, 0.00, 2.25, 0, 0 
0, 46600424,0.00, 100.00, 0.00, 2.25, 0, 0 
1, 48802410,0.00, 100.00, 0.00, 2.25, 0, 0 
2, 45826212,0.00, 100.00, 0.00, 2.25, 0, 0 
3, 152598535,0.00, 100.00, 0.00, 2.25, 0, 0 
4, 149265275,0.00, 100.00, 0.00, 2.25, 0, 0 
5, 166684737,0.00, 100.00, 0.00, 2.25, 0, 0 
6, 179774429,0.00, 100.00, 0.00, 2.25, 0, 0 
7, 180560906,0.00, 100.00, 0.00, 2.25, 0, 0 
8, 166809060,0.00, 100.00, 0.00, 2.25, 0, 0 
9, 166835009,0.00, 100.00, 0.00, 2.25, 0, 0 
0, 163802922,0.00, 100.00, 0.00, 2.25, 0, 0 
1, 162472811,0.00, 100.00, 0.00, 2.25, 0, 0 
2, 160385832,0.00, 100.00, 0.00, 2.25, 0, 0 
3, 56118120,0.00, 100.00, 0.00, 2.25, 0, 0 
4, 55735548,0.00, 100.00, 0.00, 2.25, 0, 0 
5, 38674971,0.00, 100.00, 0.00, 2.25, 0, 0 
6, 26568168,0.00, 100.00, 0.00, 2.25, 0, 0 
7, 25830379,0.00, 100.00, 0.00, 2.25, 0, 0 
8, 25873232,0.00, 100.00, 0.00, 2.25, 0, 0 
9, 26537204,0.00, 100.00, 0.00, 2.25, 0, 0 
0, 26523084,0.00, 100.00, 0.00, 2.25, 0, 0 
1, 25413271,0.00, 100.00, 0.00, 2.25, 0, 0 
2, 25522729,0.00, 100.00, 0.00, 2.25, 0, 0 
3, 11691935,0.00, 100.00, 0.00, 2.25, 0, 0 
4, 11725219,0.00, 100.00, 0.00, 2.25, 0, 0 
5, 11423882,0.00, 100.00, 0.00, 2.25, 0, 0 
6, 10600584,0.00, 100.00, 0.00, 2.25, 0, 0 
7, 10647839,0.00, 100.00, 0.00, 2.25, 0, 0 
8, 10413365,0.00, 100.00, 0.00, 2.25, 0, 0 
9, 16032946,0.00, 100.00, 0.00, 2.25, 0, 0 
0, 15856153,0.00, 100.00, 0.00, 2.25, 0, 0 
1, 17014990,0.00, 100.00, 0.00, 2.25, 0, 0 
2, 19958633,0.00, 100.00, 0.00, 2.25, 0, 0 
3, 19896610,0.00, 100.00, 0.00, 2.25, 0, 0 
4, 20099829,0.00, 100.00, 0.00, 2.25, 0, 0 
5, 21954676,0.00, 100.00, 0.00, 2.25, 0, 0 
6, 41072455,0.00, 100.00, 0.00, 2.25, 0, 0 
7, 63973967,0.00, 100.00, 0.00, 2.25, 0, 0 
8, 127032878,0.00, 100.00, 0.00, 2.25, 0, 0 
9, 143730675,0.00, 100.00, 0.00, 2.25, 0, 0 
0, 143939355,0.00, 100.00, 0.00, 2.25, 0, 0 
1, 142877614,0.00, 100.00, 0.00, 2.25, 0, 0 
2, 166106705,0.00, 100.00, 0.00, 2.25, 0, 0 
3, 168429300,0.00, 100.00, 0.00, 2.25, 0, 0 
4, 183066248,0.00, 100.00, 0.00, 2.25, 0, 0 
5, 181084395,0.00, 100.00, 0.00, 2.25, 0, 0 
6, 162168931,0.00, 100.00, 0.00, 2.25, 0, 0 
7, 139050508,0.00, 100.00, 0.00, 2.25, 0, 0 
8, 78165228,0.00, 100.00, 0.00, 2.25, 0, 0 
9, 64353841,0.00, 100.00, 0.00, 2.25, 0, 0 
0, 68496630,0.00, 100.00, 0.00, 2.25, 0, 0 
1, 69803145,0.00, 100.00, 0.00, 2.25, 0, 0 
2, 47486102,0.00, 100.00, 0.00, 2.25, 0, 0 
3, 45409022,0.00, 100.00, 0.00, 2.25, 0, 0 
4, 30629125,0.00, 100.00, 0.00, 2.25, 0, 0 
5, 30791000,0.00, 100.00, 0.00, 2.25, 0, 0 
6, 30573646,0.00, 100.00, 0.00, 2.25, 0, 0 
7, 31729104,0.00, 100.00, 0.00, 2.25, 0, 0 
8, 29560341,0.00, 100.00, 0.00, 2.25, 0, 0 
9, 20367323,0.00, 100.00, 0.00, 2.25, 0, 0 
0, 18246033,0.00, 100.00, 0.00, 2.25, 0, 0 
1, 18023875,0.00, 100.00, 0.00, 2.25, 0, 0 
2, 18213607,0.00, 100.00, 0.00, 2.25, 0, 0 
3, 22319022,0.00, 100.00, 0.00, 2.25, 0, 0 
4, 22308229,0.00, 100.00, 0.00, 2.25, 0, 0 
5, 24379401,0.00, 100.00, 0.00, 2.25, 0, 0 
6, 24340670,0.00, 100.00, 0.00, 2.25, 0, 0 
7, 24423863,0.00, 100.00, 0.00, 2.25, 0, 0 
8, 24369714,0.00, 100.00, 0.00, 2.25, 0, 0 
9, 31443786,0.00, 100.00, 0.00, 2.25, 0, 0 
0, 29371288,0.00, 100.00, 0.00, 2.25, 0, 0 
1, 28441460,0.00, 100.00, 0.00, 2.25, 0, 0 
2, 25190232,0.00, 100.00, 0.00, 2.25, 0, 0 
3, 21830764,0.00, 100.00, 0.00, 2.25, 0, 0 
4, 22787850,0.00, 100.00, 0.00, 2.25, 0, 0 
5, 24625646,0.00, 100.00, 0.00, 2.25, 0, 0 
6, 30026260,0.00, 100.00, 0.00, 2.25, 0, 0 
7, 33811470,0.00, 100.00, 0.00, 2.25, 0, 0 
8, 39557054,0.00, 100.00, 0.00, 2.25, 0, 0 
9, 35566289,0.00, 100.00, 0.00, 2.25, 0, 0 
0, 38636322,0.00, 100.00, 0.00, 2.25, 0, 0 
1, 40414182,0.00, 100.00, 0.00, 2.25, 0, 0 
2, 40483577,0.00, 100.00, 0.00, 2.25, 0, 0 
3, 39404094,0.00, 100.00, 0.00, 2.25, 0, 0 
4, 38369658,0.00, 100.00, 0.00, 2.25, 0, 0 
5, 33952110,0.00, 100.00, 0.00, 2.25, 0, 0 
6, 28201287,0.00, 100.00, 0.00, 2.25, 0, 0 
7, 22853895,0.00, 100.00, 0.00, 2.25, 0, 0 
8, 16796922,0.00, 100.00, 0.00, 2.25, 0, 0 
9, 13166703,0.00, 100.00, 0.00, 2.25, 0, 0 
0, 9838130,0.00, 100.00, 0.00, 2.25, 0, 0 
1, 7868995,0.00, 100.00, 0.00, 2.25, 0, 0 
2, 6986167,0.00, 100.00, 0.00, 2.25, 0, 0 
3, 7256069,0.00, 100.00, 0.00, 2.25, 0, 0 
4, 7469918,0.00, 100.00, 0.00, 2.25, 0, 0 
5, 7811242,0.00, 100.00, 0.00, 2.25, 0, 0 
6, 8369220,0.00, 100.00, 0.00, 2.25, 0, 0 
7, 8702096,0.00, 100.00, 0.00, 2.25, 0, 0 
8, 9309875,0.00, 100.00, 0.00, 2.25, 0, 0 
9, 10522231,0.00, 100.00, 0.00, 2.25, 0, 0 
0, 10810599,0.00, 100.00, 0.00, 2.25, 0, 0 
1, 12122199,0.00, 100.00, 0.00, 2.25, 0, 0 
2, 18157395,0.00, 100.00, 0.00, 2.25, 0, 0 
3, 20199195,0.00, 100.00, 0.00, 2.25, 0, 0 
4, 23337557,0.00, 100.00, 0.00, 2.25, 0, 0 
5, 29648154,0.00, 100.00, 0.00, 2.25, 0, 0 
6, 32839168,0.00, 100.00, 0.00, 2.25, 0, 0 
7, 33998630,0.00, 100.00, 0.00, 2.25, 0, 0 
8, 33912802,0.00, 100.00, 0.00, 2.25, 0, 0 
9, 34115554,0.00, 100.00, 0.00, 2.25, 0, 0 
0, 34235842,0.00, 100.00, 0.00, 2.25, 0, 0 
1, 32918955,0.00, 100.00, 0.00, 2.25, 0, 0 
2, 26745424,0.00, 100.00, 0.00, 2.25, 0, 0 
3, 26886689,0.00, 100.00, 0.00, 2.25, 0, 0 
4, 24880410,0.00, 100.00, 0.00, 2.25, 0, 0 
5, 28544486,0.00, 100.00, 0.00, 2.25, 0, 0 
6, 26172350,0.00, 100.00, 0.00, 2.25, 0, 0 
7, 25197308,0.00, 100.00, 0.00, 2.25, 0, 0 
8, 25198674,0.00, 100.00, 0.00, 2.25, 0, 0 
9, 26588927,0.00, 100.00, 0.00, 2.25, 0, 0 
0, 31505084,0.00, 100.00, 0.00, 2.25, 0, 0 
1, 33694635,0.00, 100.00, 0.00, 2.25, 0, 0 
2, 33694578,0.00, 100.00, 0.00, 2.25, 0, 0 
3, 36872664,0.00, 100.00, 0.00, 2.25, 0, 0 
4, 36428699,0.00, 100.00, 0.00, 2.25, 0, 0 
5, 26633479,0.00, 100.00, 0.00, 2.25, 0, 0 
6, 25603817,0.00, 100.00, 0.00, 2.25, 0, 0 
7, 25586541,0.00, 100.00, 0.00, 2.25, 0, 0 
8, 29656309,0.00, 100.00, 0.00, 2.25, 0, 0 
9, 29394263,0.00, 100.00, 0.00, 2.25, 0, 0 
0, 25332524,0.00, 100.00, 0.00, 2.25, 0, 0 
1, 26610023,0.00, 100.00, 0.00, 2.25, 0, 0 
2, 29644727,0.00, 100.00, 0.00, 2.25, 0, 0 
3, 27267969,0.00, 100.00, 0.00, 2.25, 0, 0 
4, 28670376,0.00, 100.00, 0.00, 2.25, 0, 0 
5, 28459202,0.00, 100.00, 0.00, 2.25, 0, 0 
6, 29507901,0.00, 100.00, 0.00, 2.25, 0, 0 
7, 30672041,0.00, 100.00, 0.00, 2.25, 0, 0 
8, 26568452,0.00, 100.00, 0.00, 2.25, 0, 0 
9, 27507452,0.00, 100.00, 0.00, 2.25, 0, 0 
0, 27580949,0.00, 100.00, 0.00, 2.25, 0, 0 
1, 27175497,0.00, 100.00, 0.00, 2.25, 0, 0 
2, 31541727,0.00, 100.00, 0.00, 2.25, 0, 0 
3, 38594987,0.00, 100.00, 0.00, 2.25, 0, 0 
4, 88617890,0.00, 100.00, 0.00, 2.25, 0, 0 
5, 136096417,0.00, 100.00, 0.00, 2.25, 0, 0 
6, 173899843,0.00, 100.00, 0.00, 2.25, 0, 0 
7, 204150204,0.00, 100.00, 0.00, 2.25, 0, 0 
8, 217489120,0.00, 100.00, 0.00, 2.25, 0, 0 
9, 223018548,0.00, 100.00, 0.00, 2.25, 0, 0 
0, 364797481,0.00, 100.00, 0.00, 2.25, 0, 0 
1, 365146696,0.00, 100.00, 0.00, 2.25, 0, 0 
2, 360411389,0.00, 100.00, 0.00, 2.25, 0, 0 
3, 350437132,0.00, 100.00, 0.00, 2.25, 0, 0 
4, 298364288,0.00, 100.00, 0.00, 2.25, 0, 0 
5, 250916636,0.00, 100.00, 0.00, 2.25, 0, 0 
6, 212272283,0.00, 100.00, 0.00, 2.25, 0, 0 
7, 180788267,0.00, 100.00, 0.00, 2.25, 0, 0 
8, 167369103,0.00, 100.00, 0.00, 2.25, 0, 0 
9, 158362113,0.00, 100.00, 0.00, 2.25, 0, 0 
0, 15252459,0.00, 100.00, 0.00, 2.25, 0, 0 
1, 11779705,0.00, 100.00, 0.00, 2.25, 0, 0 
2, 15928905,0.00, 100.00, 0.00, 2.25, 0, 0 
3, 54946380,0.00, 100.00, 0.00, 2.25, 0, 0 
4, 97698917,0.00, 100.00, 0.00, 2.25, 0, 0 
5, 116758888,0.00, 100.00, 0.00, 2.25, 0, 0 
6, 137714289,0.00, 100.00, 0.00, 2.25, 0, 0 
7, 163813787,0.00, 100.00, 0.00, 2.25, 0, 0 
8, 163903024,0.00, 100.00, 0.00, 2.25, 0, 0 
9, 165270501,0.00, 100.00, 0.00, 2.25, 0, 0 
0, 170235088,0.00, 100.00, 0.00, 2.25, 0, 0 
1, 256474642,0.00, 100.00, 0.00, 2.25, 0, 0 
2, 256112367,0.00, 100.00, 0.00, 2.25, 0, 0 
3, 230613849,0.00, 100.00, 0.00, 2.25, 0, 0 
4, 191687623,0.00, 100.00, 0.00, 2.25, 0, 0 
5, 172612211,0.00, 100.00, 0.00, 2.25, 0, 0 
6, 151950288,0.00, 100.00, 0.00, 2.25, 0, 0 
7, 126245206,0.00, 100.00, 0.00, 2.25, 0, 0 
8, 126311642,0.00, 100.00, 0.00, 2.25, 0, 0 
9, 152595494,0.00, 100.00, 0.00, 2.25, 0, 0 
0, 147792289,0.00, 100.00, 0.00, 2.25, 0, 0 
1, 61631868,0.00, 100.00, 0.00, 2.25, 0, 0 
2, 55330626,0.00, 100.00, 0.00, 2.25, 0, 0 
3, 41633045,0.00, 100.00, 0.00, 2.25, 0, 0 
4, 37833815,0.00, 100.00, 0.00, 2.25, 0, 0 
5, 37828359,0.00, 100.00, 0.00, 2.25, 0, 0 
6, 37578904,0.00, 100.00, 0.00, 2.25, 0, 0 
7, 37085245,0.00, 100.00, 0.00, 2.25, 0, 0 
8, 51780620,0.00, 100.00, 0.00, 2.25, 0, 0 
9, 24185195,0.00, 100.00, 0.00, 2.25, 0, 0 
0, 23777971,0.00, 100.00, 0.00, 2.25, 0, 0 
1, 23392214,0.00, 100.00, 0.00, 2.25, 0, 0 
2, 28457557,0.00, 100.00, 0.00, 2.25, 0, 0 
3, 28390495,0.00, 100.00, 0.00, 2.25, 0, 0 
4, 27829865,0.00, 100.00, 0.00, 2.25, 0, 0 
5, 38082503,0.00, 100.00, 0.00, 2.25, 0, 0 
6, 37651006,0.00, 100.00, 0.00, 2.25, 0, 0 
7, 37915876,0.00, 100.00, 0.00, 2.25, 0, 0 
8, 23194904,0.00, 100.00, 0.00, 2.25, 0, 0 
9, 25456122,0.00, 100.00, 0.00, 2.25, 0, 0 
0, 25995169,0.00, 100.00, 0.00, 2.25, 0, 0 
1, 42966078,0.00, 100.00, 0.00, 2.25, 0, 0 
2, 37883874,0.00, 100.00, 0.00, 2.25, 0, 0 
3, 38060568,0.00, 100.00, 0.00, 2.25, 0, 0 
4, 62605483,0.00, 100.00, 0.00, 2.25, 0, 0 
5, 56234290,0.00, 100.00, 0.00, 2.25, 0, 0 
6, 107586324,0.00, 100.00, 0.00, 2.25, 0, 0 
7, 133833069,0.00, 100.00, 0.00, 2.25, 0, 0 
8, 149187327,0.00, 100.00, 0.00, 2.25, 0, 0 
9, 226086682,0.00, 100.00, 0.00, 2.25, 0, 0 
0, 270001627,0.00, 100.00, 0.00, 2.25, 0, 0 
1, 254503999,0.00, 100.00, 0.00, 2.25, 0, 0 
2, 254540176,0.00, 100.00, 0.00, 2.25, 0, 0 
3, 255258917,0.00, 100.00, 0.00, 2.25, 0, 0 
4, 231303803,0.00, 100.00, 0.00, 2.25, 0, 0 
5, 228549293,0.00, 100.00, 0.00, 2.25, 0, 0 
6, 178506450,0.00, 100.00, 0.00, 2.25, 0, 0 
7, 155382361,0.00, 100.00, 0.00, 2.25, 0, 0 
8, 139833258,0.00, 100.00, 0.00, 2.25, 0, 0 
9, 60971733,0.00, 100.00, 0.00, 2.25, 0, 0 
0, 17099402,0.00, 100.00, 0.00, 2.25, 0, 0 
1, 15984873,0.00, 100.00, 0.00, 2.25, 0, 0 
2, 15962599,0.00, 100.00, 0.00, 2.25, 0, 0 
3, 15075982,0.00, 100.00, 0.00, 2.25, 0, 0 
4, 18000047,0.00, 100.00, 0.00, 2.25, 0, 0 
5, 18875453,0.00, 100.00, 0.00, 2.25, 0, 0 
6, 21083750,0.00, 100.00, 0.00, 2.25, 0, 0 
7, 17623388,0.00, 100.00, 0.00, 2.25, 0, 0 
8, 17834183,0.00, 100.00, 0.00, 2.25, 0, 0 
9, 17826604,0.00, 100.00, 0.00, 2.25, 0, 0 
0, 17834988,0.00, 100.00, 0.00, 2.25, 0, 0 
1, 21801733,0.00, 100.00, 0.00, 2.25, 0, 0 
2, 22914532,0.00, 100.00, 0.00, 2.25, 0, 0 
3, 22965145,0.00, 100.00, 0.00, 2.25, 0, 0 
4, 23079125,0.00, 100.00, 0.00, 2.25, 0, 0 
5, 24375922,0.00, 100.00, 0.00, 2.25, 0, 0 
6, 21072959,0.00, 100.00, 0.00, 2.25, 0, 0 
7, 21424970,0.00, 100.00, 0.00, 2.25, 0, 0 
8, 21235794,0.00, 100.00, 0.00, 2.25, 0, 0 
9, 21275522,0.00, 100.00, 0.00, 2.25, 0, 0 
0, 21203864,0.00, 100.00, 0.00, 2.25, 0, 0 
1, 21525757,0.00, 100.00, 0.00, 2.25, 0, 0 
2, 20247995,0.00, 100.00, 0.00, 2.25, 0, 0 
3, 20435152,0.00, 100.00, 0.00, 2.25, 0, 0 
4, 18294154,0.00, 100.00, 0.00, 2.25, 0, 0 
5, 17367132,0.00, 100.00, 0.00, 2.25, 0, 0 
6, 17340850,0.00, 100.00, 0.00, 2.25, 0, 0 
7, 18194017,0.00, 100.00, 0.00, 2.25, 0, 0 
8, 18356848,0.00, 100.00, 0.00, 2.25, 0, 0 
9, 32358061,0.00, 100.00, 0.00, 2.25, 0, 0 
0, 38153533,0.00, 100.00, 0.00, 2.25, 0, 0 
1, 36138053,0.00, 100.00, 0.00, 2.25, 0, 0 
2, 44600396,0.00, 100.00, 0.00, 2.25, 0, 0 
3, 44413187,0.00, 100.00, 0.00, 2.25, 0, 0 
4, 43021400,0.00, 100.00, 0.00, 2.25, 0, 0 
5, 40448168,0.00, 100.00, 0.00, 2.25, 0, 0 
6, 41342112,0.00, 100.00, 0.00, 2.25, 0, 0 
7, 40118071,0.00, 100.00, 0.00, 2.25, 0, 0 
8, 39610408,0.00, 100.00, 0.00, 2.25, 0, 0 
9, 25267856,0.00, 100.00, 0.00, 2.25, 0, 0 
0, 19139251,0.00, 100.00, 0.00, 2.25, 0, 0 
1, 16789062,0.00, 100.00, 0.00, 2.25, 0, 0 
2, 8172396,0.00, 100.00, 0.00, 2.25, 0, 0 
3, 8307980,0.00, 100.00, 0.00, 2.25, 0, 0 
4, 8593348,0.00, 100.00, 0.00, 2.25, 0, 0 
5, 8923351,0.00, 100.00, 0.00, 2.25, 0, 0 
6, 8290106,0.00, 100.00, 0.00, 2.25, 0, 0 
7, 8317424,0.00, 100.00, 0.00, 2.25, 0, 0 
8, 10647353,0.00, 100.00, 0.00, 2.25, 0, 0 
9, 11363131,0.00, 100.00, 0.00, 2.25, 0, 0 
0, 11456418,0.00, 100.00, 0.00, 2.25, 0, 0 
1, 11209180,0.00, 100.00, 0.00, 2.25, 0, 0 
2, 11022430,0.00, 100.00, 0.00, 2.25, 0, 0 
3, 10478104,0.00, 100.00, 0.00, 2.25, 0, 0 
4, 10083414,0.00, 100.00, 0.00, 2.25, 0, 0 
5, 10374056,0.00, 100.00, 0.00, 2.25, 0, 0 
6, 10300629,0.00, 100.00, 0.00, 2.25, 0, 0 
7, 10257642,0.00, 100.00, 0.00, 2.25, 0, 0 
8, 8406675,0.00, 100.00, 0.00, 2.25, 0, 0 
9, 8400185,0.00, 100.00, 0.00, 2.25, 0, 0 
0, 8428767,0.00, 100.00, 0.00, 2.25, 0, 0 
1, 9940307,0.00, 100.00, 0.00, 2.25, 0, 0 
2, 13489110,0.00, 100.00, 0.00, 2.25, 0, 0 
3, 16881746,0.00, 100.00, 0.00, 2.25, 0, 0 
4, 17371778,0.00, 100.00, 0.00, 2.25, 0, 0 
5, 18962685,0.00, 100.00, 0.00, 2.25, 0, 0 
6, 20996355,0.00, 100.00, 0.00, 2.25, 0, 0 
7, 21226448,0.00, 100.00, 0.00, 2.25, 0, 0 
8, 21995982,0.00, 100.00, 0.00, 2.25, 0, 0 
9, 21949251,0.00, 100.00, 0.00, 2.25, 0, 0 
0, 21993664,0.00, 100.00, 0.00, 2.25, 0, 0 
1, 20977246,0.00, 100.00, 0.00, 2.25, 0, 0 
2, 17879271,0.00, 100.00, 0.00, 2.25, 0, 0 
3, 15014292,0.00, 100.00, 0.00, 2.25, 0, 0 
4, 16557469,0.00, 100.00, 0.00, 2.25, 0, 0 
5, 14729639,0.00, 100.00, 0.00, 2.25, 0, 0 
6, 13455784,0.00, 100.00, 0.00, 2.25, 0, 0 
7, 13534064,0.00, 100.00, 0.00, 2.25, 0, 0 
8, 13731130,0.00, 100.00, 0.00, 2.25, 0, 0 
9, 17172974,0.00, 100.00, 0.00, 2.25, 0, 0 
0, 17319977,0.00, 100.00, 0.00, 2.25, 0, 0 
1, 17312006,0.00, 100.00, 0.00, 2.25, 0, 0 
2, 17095764,0.00, 100.00, 0.00, 2.25, 0, 0 
3, 17098925,0.00, 100.00, 0.00, 2.25, 0, 0 
4, 15546489,0.00, 100.00, 0.00, 2.25, 0, 0 
5, 33374128,0.00, 100.00, 0.00, 2.25, 0, 0 
6, 60510905,0.00, 100.00, 0.00, 2.25, 0, 0 
7, 78182920,0.00, 100.00, 0.00, 2.25, 0, 0 
8, 83852167,0.00, 100.00, 0.00, 2.25, 0, 0 
9, 80271776,0.00, 100.00, 0.00, 2.25, 0, 0 
0, 81056954,0.00, 100.00, 0.00, 2.25, 0, 0 
1, 81891710,0.00, 100.00, 0.00, 2.25, 0, 0 
2, 85053436,0.00, 100.00, 0.00, 2.25, 0, 0 
3, 107681725,0.00, 100.00, 0.00, 2.25, 0, 0 
4, 130442592,0.00, 100.00, 0.00, 2.25, 0, 0 
5, 112542803,0.00, 100.00, 0.00, 2.25, 0, 0 
6, 114590370,0.00, 100.00, 0.00, 2.25, 0, 0 
7, 163539283,0.00, 100.00, 0.00, 2.25, 0, 0 
8, 160150751,0.00, 100.00, 0.00, 2.25, 0, 0 
9, 259023338,0.00, 100.00, 0.00, 2.25, 0, 0 
0, 261006960,0.00, 100.00, 0.00, 2.25, 0, 0 
1, 263309270,0.00, 100.00, 0.00, 2.25, 0, 0 
2, 259865760,0.00, 100.00, 0.00, 2.25, 0, 0 
3, 236770905,0.00, 100.00, 0.00, 2.25, 0, 0 
4, 214052408,0.00, 100.00, 0.00, 2.25, 0, 0 
5, 214152295,0.00, 100.00, 0.00, 2.25, 0, 0 
6, 184219402,0.00, 100.00, 0.00, 2.25, 0, 0 
7, 117495922,0.00, 100.00, 0.00, 2.25, 0, 0 
8, 114092617,0.00, 100.00, 0.00, 2.25, 0, 0 
9, 14894727,0.00, 100.00, 0.00, 2.25, 0, 0 
0, 11839120,0.00, 100.00, 0.00, 2.25, 0, 0 
1, 8188212,0.00, 100.00, 0.00, 2.25, 0, 0 
2, 10114834,0.00, 100.00, 0.00, 2.25, 0, 0 
3, 10577307,0.00, 100.00, 0.00, 2.25, 0, 0 
4, 10391128,0.00, 100.00, 0.00, 2.25, 0, 0 
5, 10078804,0.00, 100.00, 0.00, 2.25, 0, 0 
6, 9902227,0.00, 100.00, 0.00, 2.25, 0, 0 
7, 9515175,0.00, 100.00, 0.00, 2.25, 0, 0 
8, 9551750,0.00, 100.00, 0.00, 2.25, 0, 0 
9, 9518528,0.00, 100.00, 0.00, 2.25, 0, 0 
0, 9561354,0.00, 100.00, 0.00, 2.25, 0, 0 
1, 9766089,0.00, 100.00, 0.00, 2.25, 0, 0 
2, 8190542,0.00, 100.00, 0.00, 2.25, 0, 0 
3, 7995770,0.00, 100.00, 0.00, 2.25, 0, 0 
4, 8228904,0.00, 100.00, 0.00, 2.25, 0, 0 
5, 8288033,0.00, 100.00, 0.00, 2.25, 0, 0 
6, 8460484,0.00, 100.00, 0.00, 2.25, 0, 0 
7, 8936129,0.00, 100.00, 0.00, 2.25, 0, 0 
8, 8929506,0.00, 100.00, 0.00, 2.25, 0, 0 
9, 9069770,0.00, 100.00, 0.00, 2.25, 0, 0 
0, 9352160,0.00, 100.00, 0.00, 2.25, 0, 0 
1, 9686041,0.00, 100.00, 0.00, 2.25, 0, 0 
2, 9713265,0.00, 100.00, 0.00, 2.25, 0, 0 
3, 9741724,0.00, 100.00, 0.00, 2.25, 0, 0 
4, 9563369,0.00, 100.00, 0.00, 2.25, 0, 0 
5, 9781327,0.00, 100.00, 0.00, 2.25, 0, 0 
6, 9816478,0.00, 100.00, 0.00, 2.25, 0, 0 
7, 9611068,0.00, 100.00, 0.00, 2.25, 0, 0 
8, 9738144,0.00, 100.00, 0.00, 2.25, 0, 0 
9, 9813967,0.00, 100.00, 0.00, 2.25, 0, 0 
0, 11545623,0.00, 100.00, 0.00, 2.25, 0, 0 
1, 11612342,0.00, 100.00, 0.00, 2.25, 0, 0 
2, 13421429,0.00, 100.00, 0.00, 2.25, 0, 0 
3, 15905264,0.00, 100.00, 0.00, 2.25, 0, 0 
4, 17886111,0.00, 100.00, 0.00, 2.25, 0, 0 
5, 17923972,0.00, 100.00, 0.00, 2.25, 0, 0 
6, 19738406,0.00, 100.00, 0.00, 2.25, 0, 0 
7, 22024292,0.00, 100.00, 0.00, 2.25, 0, 0 
8, 23000685,0.00, 100.00, 0.00, 2.25, 0, 0 
9, 22926307,0.00, 100.00, 0.00, 2.25, 0, 0 
0, 23376074,0.00, 100.00, 0.00, 2.25, 0, 0 
1, 24285457,0.00, 100.00, 0.00, 2.25, 0, 0 
2, 26926438,0.00, 100.00, 0.00, 2.25, 0, 0 
3, 26475220,0.00, 100.00, 0.00, 2.25, 0, 0 
4, 25351949,0.00, 100.00, 0.00, 2.25, 0, 0 
5, 25376882,0.00, 100.00, 0.00, 2.25, 0, 0 
6, 25712626,0.00, 100.00, 0.00, 2.25, 0, 0 
7, 25452922,0.00, 100.00, 0.00, 2.25, 0, 0 
8, 26610255,0.00, 100.00, 0.00, 2.25, 0, 0 
9, 27689130,0.00, 100.00, 0.00, 2.25, 0, 0 
0, 26492425,0.00, 100.00, 0.00, 2.25, 0, 0 
1, 26416913,0.00, 100.00, 0.00, 2.25, 0, 0 
2, 23081714,0.00, 100.00, 0.00, 2.25, 0, 0 
3, 23546993,0.00, 100.00, 0.00, 2.25, 0, 0 
4, 24457625,0.00, 100.00, 0.00, 2.25, 0, 0 
5, 24466549,0.00, 100.00, 0.00, 2.25, 0, 0 
6, 22991669,0.00, 100.00, 0.00, 2.25, 0, 0 
7, 22263567,0.00, 100.00, 0.00, 2.25, 0, 0 
8, 19969714,0.00, 100.00, 0.00, 2.25, 0, 0 
9, 19966939,0.00, 100.00, 0.00, 2.25, 0, 0 
0, 18906029,0.00, 100.00, 0.00, 2.25, 0, 0 
1, 18113195,0.00, 100.00, 0.00, 2.25, 0, 0 
2, 18083272,0.00, 100.00, 0.00, 2.25, 0, 0 
3, 16541921,0.00, 100.00, 0.00, 2.25, 0, 0 
4, 14677807,0.00, 100.00, 0.00, 2.25, 0, 0 
5, 14632588,0.00, 100.00, 0.00, 2.25, 0, 0 
6, 13913041,0.00, 100.00, 0.00, 2.25, 0, 0 
7, 13653760,0.00, 100.00, 0.00, 2.25, 0, 0 
8, 14884169,0.00, 100.00, 0.00, 2.25, 0, 0 
9, 14763189,0.00, 100.00, 0.00, 2.25, 0, 0 
0, 15632186,0.00, 100.00, 0.00, 2.25, 0, 0 
1, 16319167,0.00, 100.00, 0.00, 2.25, 0, 0 
2, 18004412,0.00, 100.00, 0.00, 2.25, 0, 0 
3, 17230035,0.00, 100.00, 0.00, 2.25, 0, 0 
4, 17454939,0.00, 100.00, 0.00, 2.25, 0, 0 
5, 17528793,0.00, 100.00, 0.00, 2.25, 0, 0 
6, 21651297,0.00, 100.00, 0.00, 2.25, 0, 0 
7, 38998491,0.00, 100.00, 0.00, 2.25, 0, 0 
8, 37973413,0.00, 100.00, 0.00, 2.25, 0, 0 
9, 37204219,0.00, 100.00, 0.00, 2.25, 0, 0 
0, 38205660,0.00, 100.00, 0.00, 2.25, 0, 0 
1, 37407654,0.00, 100.00, 0.00, 2.25, 0, 0 
2, 34806793,0.00, 100.00, 0.00, 2.25, 0, 0 
3, 41666989,0.00, 100.00, 0.00, 2.25, 0, 0 
4, 45883530,0.00, 100.00, 0.00, 2.25, 0, 0 
5, 46618866,0.00, 100.00, 0.00, 2.25, 0, 0 
6, 44125338,0.00, 100.00, 0.00, 2.25, 0, 0 
7, 25926101,0.00, 100.00, 0.00, 2.25, 0, 0 
8, 25875173,0.00, 100.00, 0.00, 2.25, 0, 0 
9, 25637981,0.00, 100.00, 0.00, 2.25, 0, 0 
0, 23852929,0.00, 100.00, 0.00, 2.25, 0, 0 
1, 23871158,0.00, 100.00, 0.00, 2.25, 0, 0 
2, 23635200,0.00, 100.00, 0.00, 2.25, 0, 0 
3, 39397229,0.00, 100.00, 0.00, 2.25, 0, 0 
4, 99617755,0.00, 100.00, 0.00, 2.25, 0, 0 
5, 99787896,0.00, 100.00, 0.00, 2.25, 0, 0 
6, 105463904,0.00, 100.00, 0.00, 2.25, 0, 0 
7, 106276239,0.00, 100.00, 0.00, 2.25, 0, 0 
8, 107095443,0.00, 100.00, 0.00, 2.25, 0, 0 
9, 108390304,0.00, 100.00, 0.00, 2.25, 0, 0 
0, 108129008,0.00, 100.00, 0.00, 2.25, 0, 0 
1, 109043953,0.00, 100.00, 0.00, 2.25, 0, 0 
2, 109135121,0.00, 100.00, 0.00, 2.25, 0, 0 
3, 86529044,0.00, 100.00, 0.00, 2.25, 0, 0 
4, 23132858,0.00, 100.00, 0.00, 2.25, 0, 0 
5, 22905422,0.00, 100.00, 0.00, 2.25, 0, 0 
6, 15597451,0.00, 100.00, 0.00, 2.25, 0, 0 
7, 14779099,0.00, 100.00, 0.00, 2.25, 0, 0 
8, 13845901,0.00, 100.00, 0.00, 2.25, 0, 0 
9, 12908270,0.00, 100.00, 0.00, 2.25, 0, 0 
0, 43082029,0.00, 100.00, 0.00, 2.25, 0, 0 
1, 63482015,0.00, 100.00, 0.00, 2.25, 0, 0 
2, 66261855,0.00, 100.00, 0.00, 2.25, 0, 0 
3, 66200886,0.00, 100.00, 0.00, 2.25, 0, 0 
4, 65233610,0.00, 100.00, 0.00, 2.25, 0, 0 
5, 65421753,0.00, 100.00, 0.00, 2.25, 0, 0 
6, 65290979,0.00, 100.00, 0.00, 2.25, 0, 0 
7, 65243981,0.00, 100.00, 0.00, 2.25, 0, 0 
8, 65443826,0.00, 100.00, 0.00, 2.25, 0, 0 
9, 65313735,0.00, 100.00, 0.00, 2.25, 0, 0 
0, 36194244,0.00, 100.00, 0.00, 2.25, 0, 0 
1, 15971067,0.00, 100.00, 0.00, 2.25, 0, 0 
2, 13399146,0.00, 100.00, 0.00, 2.25, 0, 0 
3, 15498955,0.00, 100.00, 0.00, 2.25, 0, 0 
4, 16337403,0.00, 100.00, 0.00, 2.25, 0, 0 
5, 16517006,0.00, 100.00, 0.00, 2.25, 0, 0 
6, 17347564,0.00, 100.00, 0.00, 2.25, 0, 0 
7, 24706625,0.00, 100.00, 0.00, 2.25, 0, 0 
8, 24650916,0.00, 100.00, 0.00, 2.25, 0, 0 
9, 28503004,0.00, 100.00, 0.00, 2.25, 0, 0 
0, 27749742,0.00, 100.00, 0.00, 2.25, 0, 0 
1, 26493552,0.00, 100.00, 0.00, 2.25, 0, 0 
2, 26270809,0.00, 100.00, 0.00, 2.25, 0, 0 
3, 24164494,0.00, 100.00, 0.00, 2.25, 0, 0 
4, 23293809,0.00, 100.00, 0.00, 2.25, 0, 0 
5, 26300950,0.00, 100.00, 0.00, 2.25, 0, 0 
6, 28466633,0.00, 100.00, 0.00, 2.25, 0, 0 
7, 21288696,0.00, 100.00, 0.00, 2.25, 0, 0 
8, 21087609,0.00, 100.00, 0.00, 2.25, 0, 0 
9, 17648391,0.00, 100.00, 0.00, 2.25, 0, 0 
0, 20068808,0.00, 100.00, 0.00, 2.25, 0, 0 
1, 22647232,0.00, 100.00, 0.00, 2.25, 0, 0 
2, 22464802,0.00, 100.00, 0.00, 2.25, 0, 0 
3, 22443673,0.00, 100.00, 0.00, 2.25, 0, 0 
4, 22462245,0.00, 100.00, 0.00, 2.25, 0, 0 
5, 18418609,0.00, 100.00, 0.00, 2.25, 0, 0 
6, 15359812,0.00, 100.00, 0.00, 2.25, 0, 0 
7, 15095684,0.00, 100.00, 0.00, 2.25, 0, 0 
8, 14775590,0.00, 100.00, 0.00, 2.25, 0, 0 
9, 14094012,0.00, 100.00, 0.00, 2.25, 0, 0 
0, 55805933,0.00, 100.00, 0.00, 2.25, 0, 0 
1, 60397232,0.00, 100.00, 0.00, 2.25, 0, 0 
2, 80656894,0.00, 100.00, 0.00, 2.25, 0, 0 
3, 115074947,0.00, 100.00, 0.00, 2.25, 0, 0 
4, 165944361,0.00, 100.00, 0.00, 2.25, 0, 0 
5, 176607544,0.00, 100.00, 0.00, 2.25, 0, 0 
6, 176463085,0.00, 100.00, 0.00, 2.25, 0, 0 
7, 207009020,0.00, 100.00, 0.00, 2.25, 0, 0 
8, 207466261,0.00, 100.00, 0.00, 2.25, 0, 0 
9, 286067542,0.00, 100.00, 0.00, 2.25, 0, 0 
0, 264869449,0.00, 100.00, 0.00, 2.25, 0, 0 
1, 289392127,0.00, 100.00, 0.00, 2.25, 0, 0 
2, 271220210,0.00, 100.00, 0.00, 2.25, 0, 0 
3, 275681130,0.00, 100.00, 0.00, 2.25, 0, 0 
4, 232915823,0.00, 100.00, 0.00, 2.25, 0, 0 
5, 224152222,0.00, 100.00, 0.00, 2.25, 0, 0 
6, 224498277,0.00, 100.00, 0.00, 2.25, 0, 0 
7, 201413805,0.00, 100.00, 0.00, 2.25, 0, 0 
8, 208645667,0.00, 100.00, 0.00, 2.25, 0, 0 
9, 136538597,0.00, 100.00, 0.00, 2.25, 0, 0 
0, 113625941,0.00, 100.00, 0.00, 2.25, 0, 0 
1, 81977294,0.00, 100.00, 0.00, 2.25, 0, 0 
2, 79994728,0.00, 100.00, 0.00, 2.25, 0, 0 
3, 41244850,0.00, 100.00, 0.00, 2.25, 0, 0 
4, 32959609,0.00, 100.00, 0.00, 2.25, 0, 0 
5, 36033976,0.00, 100.00, 0.00, 2.25, 0, 0 
6, 39261344,0.00, 100.00, 0.00, 2.25, 0, 0 
7, 31764479,0.00, 100.00, 0.00, 2.25, 0, 0 
8, 30042396,0.00, 100.00, 0.00, 2.25, 0, 0 
9, 25596481,0.00, 100.00, 0.00, 2.25, 0, 0 
0, 114269915,0.00, 100.00, 0.00, 2.25, 0, 0 
1, 229400958,0.00, 100.00, 0.00, 2.25, 0, 0 
2, 247861508,0.00, 100.00, 0.00, 2.25, 0, 0 
3, 251470497,0.00, 100.00, 0.00, 2.25, 0, 0 
4, 251438612,0.00, 100.00, 0.00, 2.25, 0, 0 
5, 245870426,0.00, 100.00, 0.00, 2.25, 0, 0 
6, 271708738,0.00, 100.00, 0.00, 2.25, 0, 0 
7, 287116290,0.00, 100.00, 0.00, 2.25, 0, 0 
8, 281722790,0.00, 100.00, 0.00, 2.25, 0, 0 
9, 313478988,0.00, 100.00, 0.00, 2.25, 0, 0 
0, 271784537,0.00, 100.00, 0.00, 2.25, 0, 0 
1, 203258111,0.00, 100.00, 0.00, 2.25, 0, 0 
2, 184993173,0.00, 100.00, 0.00, 2.25, 0, 0 
3, 181515902,0.00, 100.00, 0.00, 2.25, 0, 0 
4, 181682937,0.00, 100.00, 0.00, 2.25, 0, 0 
5, 182809716,0.00, 100.00, 0.00, 2.25, 0, 0 
6, 153808679,0.00, 100.00, 0.00, 2.25, 0, 0 
7, 138351011,0.00, 100.00, 0.00, 2.25, 0, 0 
8, 138272808,0.00, 100.00, 0.00, 2.25, 0, 0 
9, 104747680,0.00, 100.00, 0.00, 2.25, 0, 0 
0, 57540077,0.00, 100.00, 0.00, 2.25, 0, 0 
1, 10620989,0.00, 100.00, 0.00, 2.25, 0, 0 
2, 11360989,0.00, 100.00, 0.00, 2.25, 0, 0 
3, 50547323,0.00, 100.00, 0.00, 2.25, 0, 0 
4, 104720986,0.00, 100.00, 0.00, 2.25, 0, 0 
5, 104051820,0.00, 100.00, 0.00, 2.25, 0, 0 
6, 104748055,0.00, 100.00, 0.00, 2.25, 0, 0 
7, 115280299,0.00, 100.00, 0.00, 2.25, 0, 0 
8, 124599362,0.00, 100.00, 0.00, 2.25, 0, 0 
9, 151471196,0.00, 100.00, 0.00, 2.25, 0, 0 
0, 174365218,0.00, 100.00, 0.00, 2.25, 0, 0 
1, 250588582,0.00, 100.00, 0.00, 2.25, 0, 0 
2, 250904872,0.00, 100.00, 0.00, 2.25, 0, 0 
3, 215155750,0.00, 100.00, 0.00, 2.25, 0, 0 
4, 172615913,0.00, 100.00, 0.00, 2.25, 0, 0 
5, 173636210,0.00, 100.00, 0.00, 2.25, 0, 0 
6, 173660112,0.00, 100.00, 0.00, 2.25, 0, 0 
7, 166012000,0.00, 100.00, 0.00, 2.25, 0, 0 
8, 171406439,0.00, 100.00, 0.00, 2.25, 0, 0 
9, 144537204,0.00, 100.00, 0.00, 2.25, 0, 0 
0, 121543890,0.00, 100.00, 0.00, 2.25, 0, 0 
1, 45708546,0.00, 100.00, 0.00, 2.25, 0, 0 
2, 44777292,0.00, 100.00, 0.00, 2.25, 0, 0 
3, 41106200,0.00, 100.00, 0.00, 2.25, 0, 0 
4, 29472702,0.00, 100.00, 0.00, 2.25, 0, 0 
5, 28490816,0.00, 100.00, 0.00, 2.25, 0, 0 
6, 27670658,0.00, 100.00, 0.00, 2.25, 0, 0 
7, 27909202,0.00, 100.00, 0.00, 2.25, 0, 0 
8, 35006554,0.00, 100.00, 0.00, 2.25, 0, 0 
9, 35863077,0.00, 100.00, 0.00, 2.25, 0, 0 
0, 36885113,0.00, 100.00, 0.00, 2.25, 0, 0 
1, 41648184,0.00, 100.00, 0.00, 2.25, 0, 0 
2, 41539060,0.00, 100.00, 0.00, 2.25, 0, 0 
3, 41604824,0.00, 100.00, 0.00, 2.25, 0, 0 
4, 47624428,0.00, 100.00, 0.00, 2.25, 0, 0 
5, 47324424,0.00, 100.00, 0.00, 2.25, 0, 0 
6, 47389672,0.00, 100.00, 0.00, 2.25, 0, 0 
7, 44474346,0.00, 100.00, 0.00, 2.25, 0, 0 
8, 22698657,0.00, 100.00, 0.00, 2.25, 0, 0 
9, 21819830,0.00, 100.00, 0.00, 2.25, 0, 0 
0, 20786373,0.00, 100.00, 0.00, 2.25, 0, 0 
1, 16135198,0.00, 100.00, 0.00, 2.25, 0, 0 
2, 22896114,0.00, 100.00, 0.00, 2.25, 0, 0 
3, 22920764,0.00, 100.00, 0.00, 2.25, 0, 0 
4, 16867125,0.00, 100.00, 0.00, 2.25, 0, 0 
5, 17165109,0.00, 100.00, 0.00, 2.25, 0, 0 
6, 19125767,0.00, 100.00, 0.00, 2.25, 0, 0 
7, 19187216,0.00, 100.00, 0.00, 2.25, 0, 0 
8, 21952864,0.00, 100.00, 0.00, 2.25, 0, 0 
9, 24276440,0.00, 100.00, 0.00, 2.25, 0, 0 
0, 26339379,0.00, 100.00, 0.00, 2.25, 0, 0 
1, 26362292,0.00, 100.00, 0.00, 2.25, 0, 0 
2, 21514819,0.00, 100.00, 0.00, 2.25, 0, 0 
3, 22461713,0.00, 100.00, 0.00, 2.25, 0, 0 
4, 22507147,0.00, 100.00, 0.00, 2.25, 0, 0 
5, 23287481,0.00, 100.00, 0.00, 2.25, 0, 0 
6, 21106881,0.00, 100.00, 0.00, 2.25, 0, 0 
7, 21079926,0.00, 100.00, 0.00, 2.25, 0, 0 
8, 18277705,0.00, 100.00, 0.00, 2.25, 0, 0 
9, 15959822,0.00, 100.00, 0.00, 2.25, 0, 0 
0, 14196371,0.00, 100.00, 0.00, 2.25, 0, 0 
1, 14913540,0.00, 100.00, 0.00, 2.25, 0, 0 
2, 13008903,0.00, 100.00, 0.00, 2.25, 0, 0 
3, 11983537,0.00, 100.00, 0.00, 2.25, 0, 0 
4, 11930145,0.00, 100.00, 0.00, 2.25, 0, 0 
5, 15235510,0.00, 100.00, 0.00, 2.25, 0, 0 
6, 18714072,0.00, 100.00, 0.00, 2.25, 0, 0 
7, 22817452,0.00, 100.00, 0.00, 2.25, 0, 0 
8, 24736279,0.00, 100.00, 0.00, 2.25, 0, 0 
9, 25747778,0.00, 100.00, 0.00, 2.25, 0, 0 
0, 27845033,0.00, 100.00, 0.00, 2.25, 0, 0 
1, 27140721,0.00, 100.00, 0.00, 2.25, 0, 0 
2, 26978721,0.00, 100.00, 0.00, 2.25, 0, 0 
3, 26535198,0.00, 100.00, 0.00, 2.25, 0, 0 
4, 26037912,0.00, 100.00, 0.00, 2.25, 0, 0 
5, 21492668,0.00, 100.00, 0.00, 2.25, 0, 0 
6, 18033775,0.00, 100.00, 0.00, 2.25, 0, 0 
7, 13436848,0.00, 100.00, 0.00, 2.25, 0, 0 
8, 14099827,0.00, 100.00, 0.00, 2.25, 0, 0 
9, 14006630,0.00, 100.00, 0.00, 2.25, 0, 0 
0, 11301337,0.00, 100.00, 0.00, 2.25, 0, 0 
1, 11223935,0.00, 100.00, 0.00, 2.25, 0, 0 
2, 11046216,0.00, 100.00, 0.00, 2.25, 0, 0 
3, 12145585,0.00, 100.00, 0.00, 2.25, 0, 0 
4, 12534384,0.00, 100.00, 0.00, 2.25, 0, 0 
5, 12441475,0.00, 100.00, 0.00, 2.25, 0, 0 
6, 12109729,0.00, 100.00, 0.00, 2.25, 0, 0 
7, 12088185,0.00, 100.00, 0.00, 2.25, 0, 0 
8, 52020259,0.00, 100.00, 0.00, 2.25, 0, 0 
9, 70036801,0.00, 100.00, 0.00, 2.25, 0, 0 
0, 98923714,0.00, 100.00, 0.00, 2.25, 0, 0 
1, 102002495,0.00, 100.00, 0.00, 2.25, 0, 0 
2, 102383698,0.00, 100.00, 0.00, 2.25, 0, 0 
3, 101545370,0.00, 100.00, 0.00, 2.25, 0, 0 
4, 101904575,0.00, 100.00, 0.00, 2.25, 0, 0 
5, 109042562,0.00, 100.00, 0.00, 2.25, 0, 0 
6, 109284785,0.00, 100.00, 0.00, 2.25, 0, 0 
7, 109784222,0.00, 100.00, 0.00, 2.25, 0, 0 
8, 67312339,0.00, 100.00, 0.00, 2.25, 0, 0 
9, 48367323,0.00, 100.00, 0.00, 2.25, 0, 0 
0, 20859314,0.00, 100.00, 0.00, 2.25, 0, 0 
1, 18010727,0.00, 100.00, 0.00, 2.25, 0, 0 
2, 18755053,0.00, 100.00, 0.00, 2.25, 0, 0 
3, 18925620,0.00, 100.00, 0.00, 2.25, 0, 0 
4, 22708595,0.00, 100.00, 0.00, 2.25, 0, 0 
5, 17174875,0.00, 100.00, 0.00, 2.25, 0, 0 
6, 17991500,0.00, 100.00, 0.00, 2.25, 0, 0 
7, 17934805,0.00, 100.00, 0.00, 2.25, 0, 0 
8, 17908876,0.00, 100.00, 0.00, 2.25, 0, 0 
9, 18734979,0.00, 100.00, 0.00, 2.25, 0, 0 
0, 17913232,0.00, 100.00, 0.00, 2.25, 0, 0 
1, 17651131,0.00, 100.00, 0.00, 2.25, 0, 0 
2, 16817236,0.00, 100.00, 0.00, 2.25, 0, 0 
3, 20592475,0.00, 100.00, 0.00, 2.25, 0, 0 
4, 40735760,0.00, 100.00, 0.00, 2.25, 0, 0 
5, 40409720,0.00, 100.00, 0.00, 2.25, 0, 0 
6, 72528385,0.00, 100.00, 0.00, 2.25, 0, 0 
7, 195121864,0.00, 100.00, 0.00, 2.25, 0, 0 
8, 206639906,0.00, 100.00, 0.00, 2.25, 0, 0 
9, 208773344,0.00, 100.00, 0.00, 2.25, 0, 0 
0, 222970667,0.00, 100.00, 0.00, 2.25, 0, 0 
1, 298108417,0.00, 100.00, 0.00, 2.25, 0, 0 
2, 333646658,0.00, 100.00, 0.00, 2.25, 0, 0 
3, 440259786,0.00, 100.00, 0.00, 2.25, 0, 0 
4, 451615310,0.00, 100.00, 0.00, 2.25, 0, 0 
5, 453481850,0.00, 100.00, 0.00, 2.25, 0, 0 
6, 439717154,0.00, 100.00, 0.00, 2.25, 0, 0 
7, 317839604,0.00, 100.00, 0.00, 2.25, 0, 0 
8, 371555381,0.00, 100.00, 0.00, 2.25, 0, 0 
9, 371497745,0.00, 100.00, 0.00, 2.25, 0, 0 
0, 370202944,0.00, 100.00, 0.00, 2.25, 0, 0 
1, 294912054,0.00, 100.00, 0.00, 2.25, 0, 0 
2, 259508857,0.00, 100.00, 0.00, 2.25, 0, 0 
3, 149002968,0.00, 100.00, 0.00, 2.25, 0, 0 
4, 113334696,0.00, 100.00, 0.00, 2.25, 0, 0 
5, 111966813,0.00, 100.00, 0.00, 2.25, 0, 0 
6, 99439568,0.00, 100.00, 0.00, 2.25, 0, 0 
7, 98757398,0.00, 100.00, 0.00, 2.25, 0, 0 
8, 64373708,0.00, 100.00, 0.00, 2.25, 0, 0 
9, 61716375,0.00, 100.00, 0.00, 2.25, 0, 0 
0, 50647222,0.00, 100.00, 0.00, 2.25, 0, 0 
1, 57862614,0.00, 100.00, 0.00, 2.25, 0, 0 
2, 76490221,0.00, 100.00, 0.00, 2.25, 0, 0 
3, 83198901,0.00, 100.00, 0.00, 2.25, 0, 0 
4, 97926355,0.00, 100.00, 0.00, 2.25, 0, 0 
5, 104800636,0.00, 100.00, 0.00, 2.25, 0, 0 
6, 128924622,0.00, 100.00, 0.00, 2.25, 0, 0 
7, 132382720,0.00, 100.00, 0.00, 2.25, 0, 0 
8, 139670027,0.00, 100.00, 0.00, 2.25, 0, 0 
9, 144146556,0.00, 100.00, 0.00, 2.25, 0, 0 
0, 147790795,0.00, 100.00, 0.00, 2.25, 0, 0 
1, 140216033,0.00, 100.00, 0.00, 2.25, 0, 0 
2, 122048026,0.00, 100.00, 0.00, 2.25, 0, 0 
3, 115486920,0.00, 100.00, 0.00, 2.25, 0, 0 
4, 100945210,0.00, 100.00, 0.00, 2.25, 0, 0 
5, 92723872,0.00, 100.00, 0.00, 2.25, 0, 0 
6, 61681344,0.00, 100.00, 0.00, 2.25, 0, 0 
7, 58171553,0.00, 100.00, 0.00, 2.25, 0, 0 
8, 19577828,0.00, 100.00, 0.00, 2.25, 0, 0 
9, 14845578,0.00, 100.00, 0.00, 2.25, 0, 0 
0, 9400578,0.00, 100.00, 0.00, 2.25, 0, 0 
1, 9924161,0.00, 100.00, 0.00, 2.25, 0, 0 
2, 9219873,0.00, 100.00, 0.00, 2.25, 0, 0 
3, 9296915,0.00, 100.00, 0.00, 2.25, 0, 0 
4, 9220566,0.00, 100.00, 0.00, 2.25, 0, 0 
5, 8793540,0.00, 100.00, 0.00, 2.25, 0, 0 
6, 9357453,0.00, 100.00, 0.00, 2.25, 0, 0 
7, 8852450,0.00, 100.00, 0.00, 2.25, 0, 0 
8, 11050865,0.00, 100.00, 0.00, 2.25, 0, 0 
9, 10753205,0.00, 100.00, 0.00, 2.25, 0, 0 
0, 17597165,0.00, 100.00, 0.00, 2.25, 0, 0 
1, 17676067,0.00, 100.00, 0.00, 2.25, 0, 0 
2, 17686626,0.00, 100.00, 0.00, 2.25, 0, 0 
3, 20912709,0.00, 100.00, 0.00, 2.25, 0, 0 
4, 20803152,0.00, 100.00, 0.00, 2.25, 0, 0 
5, 21186000,0.00, 100.00, 0.00, 2.25, 0, 0 
6, 21230174,0.00, 100.00, 0.00, 2.25, 0, 0 
7, 21617635,0.00, 100.00, 0.00, 2.25, 0, 0 
8, 21743948,0.00, 100.00, 0.00, 2.25, 0, 0 
9, 21926741,0.00, 100.00, 0.00, 2.25, 0, 0 
0, 15063039,0.00, 100.00, 0.00, 2.25, 0, 0 
1, 17024069,0.00, 100.00, 0.00, 2.25, 0, 0 
2, 19242698,0.00, 100.00, 0.00, 2.25, 0, 0 
3, 17147047,0.00, 100.00, 0.00, 2.25, 0, 0 
4, 18309180,0.00, 100.00, 0.00, 2.25, 0, 0 
5, 19445572,0.00, 100.00, 0.00, 2.25, 0, 0 
6, 19363142,0.00, 100.00, 0.00, 2.25, 0, 0 
7, 24557848,0.00, 100.00, 0.00, 2.25, 0, 0 
8, 22519527,0.00, 100.00, 0.00, 2.25, 0, 0 
9, 22703748,0.00, 100.00, 0.00, 2.25, 0, 0 
0, 24507731,0.00, 100.00, 0.00, 2.25, 0, 0 
1, 22512091,0.00, 100.00, 0.00, 2.25, 0, 0 
2, 23498362,0.00, 100.00, 0.00, 2.25, 0, 0 
3, 22144211,0.00, 100.00, 0.00, 2.25, 0, 0 
4, 22141269,0.00, 100.00, 0.00, 2.25, 0, 0 
5, 20987970,0.00, 100.00, 0.00, 2.25, 0, 0 
6, 21095134,0.00, 100.00, 0.00, 2.25, 0, 0 
7, 15901598,0.00, 100.00, 0.00, 2.25, 0, 0 
8, 19247992,0.00, 100.00, 0.00, 2.25, 0, 0 
9, 19082764,0.00, 100.00, 0.00, 2.25, 0, 0 
0, 19128227,0.00, 100.00, 0.00, 2.25, 0, 0 
1, 18900593,0.00, 100.00, 0.00, 2.25, 0, 0 
2, 21117880,0.00, 100.00, 0.00, 2.25, 0, 0 
3, 22285240,0.00, 100.00, 0.00, 2.25, 0, 0 
4, 23199537,0.00, 100.00, 0.00, 2.25, 0, 0 
5, 23199463,0.00, 100.00, 0.00, 2.25, 0, 0 
6, 23100619,0.00, 100.00, 0.00, 2.25, 0, 0 
7, 26312751,0.00, 100.00, 0.00, 2.25, 0, 0 
8, 22963659,0.00, 100.00, 0.00, 2.25, 0, 0 
9, 23111188,0.00, 100.00, 0.00, 2.25, 0, 0 
0, 21279592,0.00, 100.00, 0.00, 2.25, 0, 0 
1, 21276803,0.00, 100.00, 0.00, 2.25, 0, 0 
2, 23174045,0.00, 100.00, 0.00, 2.25, 0, 0 
3, 25382515,0.00, 100.00, 0.00, 2.25, 0, 0 
4, 24504459,0.00, 100.00, 0.00, 2.25, 0, 0 
5, 25729526,0.00, 100.00, 0.00, 2.25, 0, 0 
6, 32909817,0.00, 100.00, 0.00, 2.25, 0, 0 
7, 29612820,0.00, 100.00, 0.00, 2.25, 0, 0 
8, 29769780,0.00, 100.00, 0.00, 2.25, 0, 0 
9, 70300210,0.00, 100.00, 0.00, 2.25, 0, 0 
0, 71311547,0.00, 100.00, 0.00, 2.25, 0, 0 
1, 81439939,0.00, 100.00, 0.00, 2.25, 0, 0 
2, 78444143,0.00, 100.00, 0.00, 2.25, 0, 0 
3, 85609852,0.00, 100.00, 0.00, 2.25, 0, 0 
4, 85152085,0.00, 100.00, 0.00, 2.25, 0, 0 
5, 95498117,0.00, 100.00, 0.00, 2.25, 0, 0 
6, 171503057,0.00, 100.00, 0.00, 2.25, 0, 0 
7, 174416368,0.00, 100.00, 0.00, 2.25, 0, 0 
8, 228948988,0.00, 100.00, 0.00, 2.25, 0, 0 
9, 279318430,0.00, 100.00, 0.00, 2.25, 0, 0 
0, 385211876,0.00, 100.00, 0.00, 2.25, 0, 0 
1, 378347457,0.00, 100.00, 0.00, 2.25, 0, 0 
2, 374165442,0.00, 100.00, 0.00, 2.25, 0, 0 
3, 363251933,0.00, 100.00, 0.00, 2.25, 0, 0 
4, 362197468,0.00, 100.00, 0.00, 2.25, 0, 0 
5, 350259208,0.00, 100.00, 0.00, 2.25, 0, 0 
6, 266557037,0.00, 100.00, 0.00, 2.25, 0, 0 
7, 276081052,0.00, 100.00, 0.00, 2.25, 0, 0 
8, 300012425,0.00, 100.00, 0.00, 2.25, 0, 0 
9, 236502006,0.00, 100.00, 0.00, 2.25, 0, 0 
0, 152528596,0.00, 100.00, 0.00, 2.25, 0, 0 
1, 192158929,0.00, 100.00, 0.00, 2.25, 0, 0 
2, 193954021,0.00, 100.00, 0.00, 2.25, 0, 0 
3, 200759581,0.00, 100.00, 0.00, 2.25, 0, 0 
4, 203387279,0.00, 100.00, 0.00, 2.25, 0, 0 
5, 205828438,0.00, 100.00, 0.00, 2.25, 0, 0 
6, 212838146,0.00, 100.00, 0.00, 2.25, 0, 0 
7, 200507820,0.00, 100.00, 0.00, 2.25, 0, 0 
8, 124196391,0.00, 100.00, 0.00, 2.25, 0, 0 
9, 98622057,0.00, 100.00, 0.00, 2.25, 0, 0 
