Tue Nov 27 18:57:02 2018
StepTime, x, v, f, xdes, vdes, fdes, cmd, IR, LSB, LSF
0, 82624427,0.00, 100.00, 0.00, 2.25, 0, 0 
1, 87648131,0.00, 100.00, 0.00, 2.25, 0, 0 
2, 92652995,0.00, 100.00, 0.00, 2.25, 0, 0 
3, 97669878,0.00, 100.00, 0.00, 2.25, 0, 0 
4, 102669886,0.00, 100.00, 0.00, 2.25, 0, 0 
5, 107691970,0.00, 100.00, 0.00, 2.25, 0, 0 
6, 112684590,0.00, 100.00, 0.00, 2.25, 0, 0 
7, 117598321,0.00, 100.00, 0.00, 2.25, 0, 0 
8, 122673378,0.00, 100.00, 0.00, 2.25, 0, 0 
9, 127506771,0.00, 100.00, 0.00, 2.25, 0, 0 
0, 55097255,1.00, 100.00, 0.00, 2.25, 0, 0 
1, 50266200,0.00, 100.00, 0.00, 2.25, 0, 0 
2, 49995447,0.00, 100.00, 0.00, 2.25, 0, 0 
3, 60041184,2.00, 100.00, 0.00, 2.25, 0, 0 
4, 60037179,2.00, 100.00, 0.00, 2.25, 0, 0 
5, 60087727,2.00, 100.00, 0.00, 2.25, 0, 0 
6, 60036253,2.00, 100.00, 0.00, 2.25, 0, 0 
7, 65213383,3.00, 100.00, 0.00, 2.25, 0, 0 
8, 65224033,3.00, 100.00, 0.00, 2.25, 0, 0 
9, 65384048,3.00, 100.00, 0.00, 2.25, 0, 0 
0, 60238614,3.00, 100.00, 0.00, 2.25, 0, 0 
1, 70237518,4.00, 100.00, 0.00, 2.25, 0, 0 
2, 70249095,4.00, 100.00, 0.00, 2.25, 0, 0 
3, 60264466,4.00, 100.00, 0.00, 2.25, 0, 0 
4, 60390418,4.00, 100.00, 0.00, 2.25, 0, 0 
5, 60087543,4.00, 100.00, 0.00, 2.25, 0, 0 
6, 65145239,5.00, 100.00, 0.00, 2.25, 0, 0 
7, 60197193,5.00, 100.00, 0.00, 2.25, 0, 0 
8, 65140235,6.00, 100.00, 0.00, 2.26, 0, 0 
9, 65131621,6.00, 100.00, 0.00, 2.26, 0, 0 
0, 65023541,6.00, 100.00, 0.00, 2.26, 0, 0 
1, 59753766,6.00, 100.00, 0.00, 2.26, 0, 0 
2, 60208145,6.00, 100.00, 0.00, 2.26, 0, 0 
3, 60030623,6.00, 100.00, 0.00, 2.26, 0, 0 
4, 59825075,6.00, 100.00, 0.00, 2.26, 0, 0 
5, 60013038,6.00, 100.00, 0.00, 2.26, 0, 0 
6, 55099178,6.00, 100.00, 0.00, 2.26, 0, 0 
7, 54915046,6.00, 100.00, 0.00, 2.26, 0, 0 
8, 49942825,6.00, 100.00, 0.00, 2.26, 0, 0 
9, 50091125,6.00, 100.00, 0.00, 2.26, 0, 0 
0, 50022097,6.00, 100.00, 0.00, 2.26, 0, 0 
1, 50110936,6.00, 100.00, 0.00, 2.26, 0, 0 
2, 49845563,6.00, 100.00, 0.00, 2.26, 0, 0 
3, 49855686,6.00, 100.00, 0.00, 2.26, 0, 0 
4, 50095506,6.00, 100.00, 0.00, 2.26, 0, 0 
5, 50010468,6.00, 100.00, 0.00, 2.26, 0, 0 
6, 50080106,6.00, 100.00, 0.00, 2.26, 0, 0 
7, 50212517,6.00, 100.00, 0.00, 2.26, 0, 0 
8, 49918647,6.00, 100.00, 0.00, 2.26, 0, 0 
9, 49810206,6.00, 100.00, 0.00, 2.26, 0, 0 
0, 49881964,6.00, 100.00, 0.00, 2.26, 0, 0 
1, 49954321,6.00, 100.00, 0.00, 2.26, 0, 0 
2, 50062470,6.00, 100.00, 0.00, 2.26, 0, 0 
3, 49960787,6.00, 100.00, 0.00, 2.26, 0, 0 
4, 49950121,6.00, 100.00, 0.00, 2.26, 0, 0 
5, 49951156,6.00, 100.00, 0.00, 2.26, 0, 0 
6, 49856052,6.00, 100.00, 0.00, 2.26, 0, 0 
7, 49781157,6.00, 100.00, 0.00, 2.26, 0, 0 
8, 50217740,6.00, 100.00, 0.00, 2.26, 0, 0 
9, 50008117,6.00, 100.00, 0.00, 2.26, 0, 0 
0, 49944110,6.00, 100.00, 0.00, 2.26, 0, 0 
1, 49841080,6.00, 100.00, 0.00, 2.26, 0, 0 
2, 49931496,6.00, 100.00, 0.00, 2.26, 0, 0 
3, 50140194,6.00, 100.00, 0.00, 2.26, 0, 0 
4, 49911426,6.00, 100.00, 0.00, 2.26, 0, 0 
5, 50056813,6.00, 100.00, 0.00, 2.26, 0, 0 
6, 50170285,6.00, 100.00, 0.00, 2.26, 0, 0 
7, 50041823,6.00, 100.00, 0.00, 2.26, 0, 0 
8, 49844102,6.00, 100.00, 0.00, 2.26, 0, 0 
9, 50023863,6.00, 100.00, 0.00, 2.26, 0, 0 
0, 50332885,6.00, 100.00, 0.00, 2.26, 0, 0 
1, 50098244,6.00, 100.00, 0.00, 2.26, 0, 0 
2, 50218105,6.00, 100.00, 0.00, 2.26, 0, 0 
3, 50450150,6.00, 100.00, 0.00, 2.26, 0, 0 
4, 50203848,6.00, 100.00, 0.00, 2.26, 0, 0 
5, 50452721,6.00, 100.00, 0.00, 2.26, 0, 0 
6, 49943078,6.00, 100.00, 0.00, 2.26, 0, 0 
7, 50232924,6.00, 100.00, 0.00, 2.26, 0, 0 
8, 50181454,6.00, 100.00, 0.00, 2.26, 0, 0 
9, 50126491,6.00, 100.00, 0.00, 2.26, 0, 0 
0, 49822097,6.00, 100.00, 0.00, 2.26, 0, 0 
1, 50099579,6.00, 100.00, 0.00, 2.26, 0, 0 
2, 49972872,6.00, 100.00, 0.00, 2.26, 0, 0 
3, 50016873,6.00, 100.00, 0.00, 2.26, 0, 0 
4, 50007014,6.00, 100.00, 0.00, 2.26, 0, 0 
5, 49656722,6.00, 100.00, 0.00, 2.26, 0, 0 
6, 49972276,6.00, 100.00, 0.00, 2.26, 0, 0 
7, 49942400,6.00, 100.00, 0.00, 2.26, 0, 0 
8, 49844277,6.00, 100.00, 0.00, 2.26, 0, 0 
9, 49946907,6.00, 100.00, 0.00, 2.26, 0, 0 
0, 50155955,6.00, 100.00, 0.00, 2.26, 0, 0 
1, 50015335,6.00, 100.00, 0.00, 2.26, 0, 0 
2, 50108862,6.00, 100.00, 0.00, 2.26, 0, 0 
3, 49924305,6.00, 100.00, 0.00, 2.26, 0, 0 
4, 49934524,6.00, 100.00, 0.00, 2.26, 0, 0 
5, 54982034,7.00, 100.00, 0.00, 2.26, 0, 0 
6, 54928850,7.00, 100.00, 0.00, 2.26, 0, 0 
7, 54995597,7.00, 100.00, 0.00, 2.26, 0, 0 
8, 55146309,7.00, 100.00, 0.00, 2.26, 0, 0 
9, 55499282,7.00, 100.00, 0.00, 2.26, 0, 0 
0, 54930486,7.00, 100.00, 0.00, 2.26, 0, 0 
1, 55176746,7.00, 100.00, 0.00, 2.26, 0, 0 
2, 55248413,7.00, 100.00, 0.00, 2.26, 0, 0 
3, 54586433,7.00, 100.00, 0.00, 2.26, 0, 0 
4, 55025435,7.00, 100.00, 0.00, 2.26, 0, 0 
5, 50044604,7.00, 100.00, 0.00, 2.26, 0, 0 
6, 50026490,7.00, 100.00, 0.00, 2.26, 0, 0 
7, 54856605,8.00, 100.00, 0.00, 2.26, 0, 0 
8, 55193187,8.00, 100.00, 0.00, 2.26, 0, 0 
9, 54454492,8.00, 100.00, 0.00, 2.26, 0, 0 
0, 55202446,8.00, 100.00, 0.00, 2.26, 0, 0 
1, 55251934,8.00, 100.00, 0.00, 2.26, 0, 0 
2, 54528256,8.00, 100.00, 0.00, 2.26, 0, 0 
3, 60080864,9.00, 100.00, 0.00, 2.26, 0, 0 
4, 59988941,9.00, 100.00, 0.00, 2.26, 0, 0 
5, 59837323,9.00, 100.00, 0.00, 2.26, 0, 0 
6, 60020247,9.00, 100.00, 0.00, 2.26, 0, 0 
7, 54910309,9.00, 100.00, 0.00, 2.26, 0, 0 
8, 54687899,9.00, 100.00, 0.00, 2.26, 0, 0 
9, 54976892,9.00, 100.00, 0.00, 2.26, 0, 0 
0, 54804177,9.00, 100.00, 0.00, 2.26, 0, 0 
1, 54508605,9.00, 100.00, 0.00, 2.26, 0, 0 
2, 54987690,9.00, 100.00, 0.00, 2.26, 0, 0 
3, 49983921,9.00, 100.00, 0.00, 2.26, 0, 0 
4, 49878610,9.00, 100.00, 0.00, 2.26, 0, 0 
5, 50017012,9.00, 100.00, 0.00, 2.26, 0, 0 
6, 50161335,9.00, 100.00, 0.00, 2.26, 0, 0 
7, 50085465,9.00, 100.00, 0.00, 2.26, 0, 0 
8, 49846238,9.00, 100.00, 0.00, 2.26, 0, 0 
9, 50066989,9.00, 100.00, 0.00, 2.26, 0, 0 
0, 49962105,9.00, 100.00, 0.00, 2.26, 0, 0 
1, 50059599,9.00, 100.00, 0.00, 2.26, 0, 0 
2, 50001241,9.00, 100.00, 0.00, 2.26, 0, 0 
3, 49949193,9.00, 100.00, 0.00, 2.26, 0, 0 
4, 50103307,9.00, 100.00, 0.00, 2.26, 0, 0 
5, 55134112,10.00, 100.00, 0.00, 2.26, 0, 0 
6, 55035913,10.00, 100.00, 0.00, 2.26, 0, 0 
7, 55153783,10.00, 100.00, 0.00, 2.26, 0, 0 
8, 55607164,10.00, 100.00, 0.00, 2.26, 0, 0 
9, 55500975,10.00, 100.00, 0.00, 2.26, 0, 0 
0, 55155353,10.00, 100.00, 0.00, 2.26, 0, 0 
1, 70083042,13.00, 100.00, 0.00, 2.26, 0, 0 
2, 70146777,13.00, 100.00, 0.00, 2.26, 0, 0 
3, 70166321,13.00, 100.00, 0.00, 2.26, 0, 0 
4, 70144912,13.00, 100.00, 0.00, 2.26, 0, 0 
5, 65521260,13.00, 100.00, 0.00, 2.26, 0, 0 
6, 64892277,13.00, 100.00, 0.00, 2.26, 0, 0 
7, 65116098,13.00, 100.00, 0.00, 2.26, 0, 0 
8, 64637204,13.00, 100.00, 0.00, 2.26, 0, 0 
9, 64570137,13.00, 100.00, 0.00, 2.26, 0, 0 
0, 65473927,13.00, 100.00, 0.00, 2.26, 0, 0 
1, 50134682,13.00, 100.00, 0.00, 2.26, 0, 0 
2, 49939435,13.00, 100.00, 0.00, 2.26, 0, 0 
3, 50462207,13.00, 100.00, 0.00, 2.26, 0, 0 
4, 49966931,13.00, 100.00, 0.00, 2.26, 0, 0 
5, 49934579,13.00, 100.00, 0.00, 2.26, 0, 0 
6, 50044242,13.00, 100.00, 0.00, 2.26, 0, 0 
7, 49769391,13.00, 100.00, 0.00, 2.26, 0, 0 
8, 49907481,13.00, 100.00, 0.00, 2.26, 0, 0 
9, 50173122,13.00, 100.00, 0.00, 2.26, 0, 0 
0, 49381663,13.00, 100.00, 0.00, 2.26, 0, 0 
1, 54745712,14.00, 100.00, 0.00, 2.26, 0, 0 
2, 54938927,14.00, 100.00, 0.00, 2.26, 0, 0 
3, 54667838,14.00, 100.00, 0.00, 2.26, 0, 0 
4, 55086566,14.00, 100.00, 0.00, 2.26, 0, 0 
5, 54360897,14.00, 100.00, 0.00, 2.26, 0, 0 
6, 55058491,14.00, 100.00, 0.00, 2.26, 0, 0 
7, 54800128,14.00, 100.00, 0.00, 2.26, 0, 0 
8, 54836473,14.00, 100.00, 0.00, 2.26, 0, 0 
9, 54932893,14.00, 100.00, 0.00, 2.26, 0, 0 
0, 55088202,14.00, 100.00, 0.00, 2.26, 0, 0 
1, 49768559,14.00, 100.00, 0.00, 2.26, 0, 0 
2, 50002217,14.00, 100.00, 0.00, 2.26, 0, 0 
3, 49413626,14.00, 100.00, 0.00, 2.26, 0, 0 
4, 49806443,14.00, 100.00, 0.00, 2.26, 0, 0 
5, 50134853,14.00, 100.00, 0.00, 2.26, 0, 0 
6, 49599329,14.00, 100.00, 0.00, 2.26, 0, 0 
7, 50003617,14.00, 100.00, 0.00, 2.26, 0, 0 
8, 50133154,14.00, 100.00, 0.00, 2.26, 0, 0 
9, 49605293,14.00, 100.00, 0.00, 2.26, 0, 0 
0, 49589396,14.00, 100.00, 0.00, 2.26, 0, 0 
1, 50011877,14.00, 100.00, 0.00, 2.26, 0, 0 
2, 49852384,14.00, 100.00, 0.00, 2.26, 0, 0 
3, 50160210,14.00, 100.00, 0.00, 2.26, 0, 0 
4, 50013632,14.00, 100.00, 0.00, 2.26, 0, 0 
5, 50082305,14.00, 100.00, 0.00, 2.26, 0, 0 
6, 50177110,14.00, 100.00, 0.00, 2.26, 0, 0 
7, 55181018,15.00, 100.00, 0.00, 2.27, 0, 0 
8, 55131676,15.00, 100.00, 0.00, 2.27, 0, 0 
9, 55206446,15.00, 100.00, 0.00, 2.27, 0, 0 
0, 55298165,15.00, 100.00, 0.00, 2.27, 0, 0 
1, 55893114,15.00, 100.00, 0.00, 2.27, 0, 0 
2, 55102395,15.00, 100.00, 0.00, 2.27, 0, 0 
3, 55653057,15.00, 100.00, 0.00, 2.27, 0, 0 
4, 55039125,15.00, 100.00, 0.00, 2.27, 0, 0 
5, 55094122,15.00, 100.00, 0.00, 2.27, 0, 0 
6, 55468693,15.00, 100.00, 0.00, 2.27, 0, 0 
7, 50119371,15.00, 100.00, 0.00, 2.27, 0, 0 
8, 49807706,15.00, 100.00, 0.00, 2.27, 0, 0 
9, 49988782,15.00, 100.00, 0.00, 2.27, 0, 0 
0, 50023425,15.00, 100.00, 0.00, 2.27, 0, 0 
1, 49494117,15.00, 100.00, 0.00, 2.27, 0, 0 
2, 50083939,15.00, 100.00, 0.00, 2.27, 0, 0 
3, 49513619,15.00, 100.00, 0.00, 2.27, 0, 0 
4, 49922949,15.00, 100.00, 0.00, 2.27, 0, 0 
5, 49986584,15.00, 100.00, 0.00, 2.27, 0, 0 
6, 49578340,15.00, 100.00, 0.00, 2.27, 0, 0 
7, 50003359,15.00, 100.00, 0.00, 2.27, 0, 0 
8, 50257031,15.00, 100.00, 0.00, 2.27, 0, 0 
9, 50334751,15.00, 100.00, 0.00, 2.27, 0, 0 
0, 50161656,15.00, 100.00, 0.00, 2.27, 0, 0 
1, 49948363,15.00, 100.00, 0.00, 2.27, 0, 0 
2, 49927689,15.00, 100.00, 0.00, 2.27, 0, 0 
3, 50559564,15.00, 100.00, 0.00, 2.27, 0, 0 
4, 50684806,15.00, 100.00, 0.00, 2.27, 0, 0 
5, 59996862,17.00, 100.00, 0.00, 2.27, 0, 0 
6, 60552627,17.00, 100.00, 0.00, 2.27, 0, 0 
7, 59994980,17.00, 100.00, 0.00, 2.27, 0, 0 
8, 64935380,18.00, 100.00, 0.00, 2.27, 0, 0 
9, 64851264,18.00, 100.00, 0.00, 2.27, 0, 0 
0, 65287885,18.00, 100.00, 0.00, 2.27, 0, 0 
1, 64910257,18.00, 100.00, 0.00, 2.27, 0, 0 
2, 65272752,18.00, 100.00, 0.00, 2.27, 0, 0 
3, 64538089,18.00, 100.00, 0.00, 2.27, 0, 0 
4, 64303726,18.00, 100.00, 0.00, 2.27, 0, 0 
5, 55244231,18.00, 100.00, 0.00, 2.27, 0, 0 
6, 54389567,18.00, 100.00, 0.00, 2.27, 0, 0 
7, 55070853,18.00, 100.00, 0.00, 2.27, 0, 0 
8, 50610079,18.00, 100.00, 0.00, 2.27, 0, 0 
9, 59975814,20.00, 100.00, 0.00, 2.27, 0, 0 
0, 69531352,22.00, 100.00, 0.00, 2.27, 0, 0 
1, 70155413,22.00, 100.00, 0.00, 2.27, 0, 0 
2, 70052467,22.00, 100.00, 0.00, 2.27, 0, 0 
3, 69918431,22.00, 100.00, 0.00, 2.27, 0, 0 
4, 70005672,22.00, 100.00, 0.00, 2.27, 0, 0 
5, 69475183,22.00, 100.00, 0.00, 2.27, 0, 0 
6, 70152882,22.00, 100.00, 0.00, 2.27, 0, 0 
7, 70019105,22.00, 100.00, 0.00, 2.27, 0, 0 
8, 69260346,22.00, 100.00, 0.00, 2.27, 0, 0 
9, 59855019,22.00, 100.00, 0.00, 2.27, 0, 0 
0, 59963766,24.00, 100.00, 0.00, 2.27, 0, 0 
1, 64783065,25.00, 100.00, 0.00, 2.27, 0, 0 
2, 69648151,26.00, 100.00, 0.00, 2.28, 0, 0 
3, 70058287,26.00, 100.00, 0.00, 2.28, 0, 0 
4, 70005221,26.00, 100.00, 0.00, 2.28, 0, 0 
5, 70058057,26.00, 100.00, 0.00, 2.28, 0, 0 
6, 69969385,26.00, 100.00, 0.00, 2.28, 0, 0 
7, 69711804,26.00, 100.00, 0.00, 2.28, 0, 0 
8, 69914966,26.00, 100.00, 0.00, 2.28, 0, 0 
9, 70026377,26.00, 100.00, 0.00, 2.28, 0, 0 
0, 60057595,26.00, 100.00, 0.00, 2.28, 0, 0 
1, 55106375,26.00, 100.00, 0.00, 2.28, 0, 0 
2, 55036704,27.00, 100.00, 0.00, 2.28, 0, 0 
3, 54831196,27.00, 100.00, 0.00, 2.28, 0, 0 
4, 54882470,27.00, 100.00, 0.00, 2.28, 0, 0 
5, 55035104,27.00, 100.00, 0.00, 2.28, 0, 0 
6, 54837168,27.00, 100.00, 0.00, 2.28, 0, 0 
7, 55076751,27.00, 100.00, 0.00, 2.28, 0, 0 
8, 55100596,27.00, 100.00, 0.00, 2.28, 0, 0 
9, 54812475,27.00, 100.00, 0.00, 2.28, 0, 0 
0, 54927557,27.00, 100.00, 0.00, 2.28, 0, 0 
1, 54836925,27.00, 100.00, 0.00, 2.28, 0, 0 
2, 50008927,27.00, 100.00, 0.00, 2.28, 0, 0 
3, 50083881,27.00, 100.00, 0.00, 2.28, 0, 0 
4, 50014171,27.00, 100.00, 0.00, 2.28, 0, 0 
5, 50030889,27.00, 100.00, 0.00, 2.28, 0, 0 
6, 50124853,27.00, 100.00, 0.00, 2.28, 0, 0 
7, 50009914,27.00, 100.00, 0.00, 2.28, 0, 0 
8, 49921190,27.00, 100.00, 0.00, 2.28, 0, 0 
9, 50136189,27.00, 100.00, 0.00, 2.28, 0, 0 
0, 50275538,27.00, 100.00, 0.00, 2.28, 0, 0 
1, 50023538,27.00, 100.00, 0.00, 2.28, 0, 0 
2, 49943746,27.00, 100.00, 0.00, 2.28, 0, 0 
3, 49976547,27.00, 100.00, 0.00, 2.28, 0, 0 
4, 50106288,27.00, 100.00, 0.00, 2.28, 0, 0 
5, 50042070,27.00, 100.00, 0.00, 2.28, 0, 0 
6, 49953981,27.00, 100.00, 0.00, 2.28, 0, 0 
7, 55219431,28.00, 100.00, 0.00, 2.28, 0, 0 
8, 55210288,28.00, 100.00, 0.00, 2.28, 0, 0 
9, 54979648,28.00, 100.00, 0.00, 2.28, 0, 0 
0, 54649152,28.00, 100.00, 0.00, 2.28, 0, 0 
1, 55100742,28.00, 100.00, 0.00, 2.28, 0, 0 
2, 55008300,28.00, 100.00, 0.00, 2.28, 0, 0 
3, 54832666,28.00, 100.00, 0.00, 2.28, 0, 0 
4, 55138261,28.00, 100.00, 0.00, 2.28, 0, 0 
5, 55178544,28.00, 100.00, 0.00, 2.28, 0, 0 
6, 55154754,28.00, 100.00, 0.00, 2.28, 0, 0 
7, 49731552,28.00, 100.00, 0.00, 2.28, 0, 0 
8, 49715009,28.00, 100.00, 0.00, 2.28, 0, 0 
9, 50238949,28.00, 100.00, 0.00, 2.28, 0, 0 
0, 50037679,28.00, 100.00, 0.00, 2.28, 0, 0 
1, 50122215,28.00, 100.00, 0.00, 2.28, 0, 0 
2, 50189213,28.00, 100.00, 0.00, 2.28, 0, 0 
3, 50122698,28.00, 100.00, 0.00, 2.28, 0, 0 
4, 49849025,28.00, 100.00, 0.00, 2.28, 0, 0 
5, 49916255,28.00, 100.00, 0.00, 2.28, 0, 0 
6, 49776077,28.00, 100.00, 0.00, 2.28, 0, 0 
7, 49905860,28.00, 100.00, 0.00, 2.28, 0, 0 
8, 50076961,28.00, 100.00, 0.00, 2.28, 0, 0 
9, 49907044,28.00, 100.00, 0.00, 2.28, 0, 0 
0, 50345836,28.00, 100.00, 0.00, 2.28, 0, 0 
1, 49800773,28.00, 100.00, 0.00, 2.28, 0, 0 
2, 49704722,28.00, 100.00, 0.00, 2.28, 0, 0 
3, 50196626,28.00, 100.00, 0.00, 2.28, 0, 0 
4, 49917668,28.00, 100.00, 0.00, 2.28, 0, 0 
5, 49885361,28.00, 100.00, 0.00, 2.28, 0, 0 
6, 50120681,28.00, 100.00, 0.00, 2.28, 0, 0 
7, 50093979,28.00, 100.00, 0.00, 2.28, 0, 0 
8, 50063959,28.00, 100.00, 0.00, 2.28, 0, 0 
9, 49811112,28.00, 100.00, 0.00, 2.28, 0, 0 
0, 49639172,28.00, 100.00, 0.00, 2.28, 0, 0 
1, 50191168,28.00, 100.00, 0.00, 2.28, 0, 0 
2, 50040263,28.00, 100.00, 0.00, 2.28, 0, 0 
3, 54836633,29.00, 100.00, 0.00, 2.28, 0, 0 
4, 55014808,29.00, 100.00, 0.00, 2.28, 0, 0 
5, 54809270,29.00, 100.00, 0.00, 2.28, 0, 0 
6, 54939046,29.00, 100.00, 0.00, 2.28, 0, 0 
7, 54976553,29.00, 100.00, 0.00, 2.28, 0, 0 
8, 55002819,29.00, 100.00, 0.00, 2.28, 0, 0 
9, 54945453,29.00, 100.00, 0.00, 2.28, 0, 0 
0, 54897650,29.00, 100.00, 0.00, 2.28, 0, 0 
1, 54868495,29.00, 100.00, 0.00, 2.28, 0, 0 
2, 55065623,29.00, 100.00, 0.00, 2.28, 0, 0 
3, 49936032,29.00, 100.00, 0.00, 2.28, 0, 0 
4, 55269324,30.00, 100.00, 0.00, 2.28, 0, 0 
5, 65245950,32.00, 100.00, 0.00, 2.28, 0, 0 
6, 65037797,32.00, 100.00, 0.00, 2.28, 0, 0 
7, 64952969,32.00, 100.00, 0.00, 2.28, 0, 0 
8, 64968135,32.00, 100.00, 0.00, 2.28, 0, 0 
9, 65020088,32.00, 100.00, 0.00, 2.28, 0, 0 
0, 65039810,32.00, 100.00, 0.00, 2.28, 0, 0 
1, 64975036,32.00, 100.00, 0.00, 2.28, 0, 0 
2, 64943420,32.00, 100.00, 0.00, 2.28, 0, 0 
3, 65117810,32.00, 100.00, 0.00, 2.28, 0, 0 
4, 59792531,32.00, 100.00, 0.00, 2.28, 0, 0 
5, 49916830,32.00, 100.00, 0.00, 2.28, 0, 0 
6, 49855752,32.00, 100.00, 0.00, 2.28, 0, 0 
7, 50055282,32.00, 100.00, 0.00, 2.28, 0, 0 
8, 50015408,32.00, 100.00, 0.00, 2.28, 0, 0 
9, 50034777,32.00, 100.00, 0.00, 2.28, 0, 0 
0, 50018130,32.00, 100.00, 0.00, 2.28, 0, 0 
1, 50071405,32.00, 100.00, 0.00, 2.28, 0, 0 
2, 50046228,32.00, 100.00, 0.00, 2.28, 0, 0 
3, 49872053,32.00, 100.00, 0.00, 2.28, 0, 0 
4, 49852341,32.00, 100.00, 0.00, 2.28, 0, 0 
5, 49987973,32.00, 100.00, 0.00, 2.28, 0, 0 
6, 49991403,32.00, 100.00, 0.00, 2.28, 0, 0 
7, 55014897,33.00, 100.00, 0.00, 2.28, 0, 0 
8, 54953406,33.00, 100.00, 0.00, 2.28, 0, 0 
9, 54884419,33.00, 100.00, 0.00, 2.28, 0, 0 
0, 65053852,35.00, 100.00, 0.00, 2.29, 0, 0 
1, 64836528,35.00, 100.00, 0.00, 2.29, 0, 0 
2, 64774998,35.00, 100.00, 0.00, 2.29, 0, 0 
3, 64999649,35.00, 100.00, 0.00, 2.29, 0, 0 
4, 65003995,35.00, 100.00, 0.00, 2.29, 0, 0 
5, 64875601,35.00, 100.00, 0.00, 2.29, 0, 0 
6, 64897145,35.00, 100.00, 0.00, 2.29, 0, 0 
7, 59906435,35.00, 100.00, 0.00, 2.29, 0, 0 
8, 59909845,35.00, 100.00, 0.00, 2.29, 0, 0 
9, 60087539,35.00, 100.00, 0.00, 2.29, 0, 0 
0, 49981080,35.00, 100.00, 0.00, 2.29, 0, 0 
1, 50040622,35.00, 100.00, 0.00, 2.29, 0, 0 
2, 49994346,35.00, 100.00, 0.00, 2.29, 0, 0 
3, 50045931,35.00, 100.00, 0.00, 2.29, 0, 0 
4, 50076762,35.00, 100.00, 0.00, 2.29, 0, 0 
5, 49982543,35.00, 100.00, 0.00, 2.29, 0, 0 
6, 50456996,35.00, 100.00, 0.00, 2.29, 0, 0 
7, 50222450,35.00, 100.00, 0.00, 2.29, 0, 0 
8, 50113602,35.00, 100.00, 0.00, 2.29, 0, 0 
9, 50036067,35.00, 100.00, 0.00, 2.29, 0, 0 
0, 50419151,35.00, 100.00, 0.00, 2.29, 0, 0 
1, 49991596,35.00, 100.00, 0.00, 2.29, 0, 0 
2, 55287300,36.00, 100.00, 0.00, 2.29, 0, 0 
3, 54961606,36.00, 100.00, 0.00, 2.29, 0, 0 
4, 55010463,36.00, 100.00, 0.00, 2.29, 0, 0 
5, 55135395,36.00, 100.00, 0.00, 2.29, 0, 0 
6, 54747024,36.00, 100.00, 0.00, 2.29, 0, 0 
7, 54858102,36.00, 100.00, 0.00, 2.29, 0, 0 
8, 54939120,36.00, 100.00, 0.00, 2.29, 0, 0 
9, 64932840,38.00, 100.00, 0.00, 2.29, 0, 0 
0, 65028268,38.00, 100.00, 0.00, 2.29, 0, 0 
1, 65809569,38.00, 100.00, 0.00, 2.29, 0, 0 
2, 59903746,38.00, 100.00, 0.00, 2.29, 0, 0 
3, 60174637,38.00, 100.00, 0.00, 2.29, 0, 0 
4, 60071326,38.00, 100.00, 0.00, 2.29, 0, 0 
5, 60003841,38.00, 100.00, 0.00, 2.29, 0, 0 
6, 59941306,38.00, 100.00, 0.00, 2.29, 0, 0 
7, 60578907,38.00, 100.00, 0.00, 2.29, 0, 0 
8, 60553704,38.00, 100.00, 0.00, 2.29, 0, 0 
9, 50073427,38.00, 100.00, 0.00, 2.29, 0, 0 
0, 49530917,38.00, 100.00, 0.00, 2.29, 0, 0 
1, 49145457,38.00, 100.00, 0.00, 2.29, 0, 0 
2, 55061439,39.00, 100.00, 0.00, 2.29, 0, 0 
3, 54880764,39.00, 100.00, 0.00, 2.29, 0, 0 
4, 54930147,39.00, 100.00, 0.00, 2.29, 0, 0 
5, 54987294,39.00, 100.00, 0.00, 2.29, 0, 0 
6, 55103184,39.00, 100.00, 0.00, 2.29, 0, 0 
7, 79466048,44.00, 100.00, 0.00, 2.29, 0, 0 
8, 79529774,44.00, 100.00, 0.00, 2.29, 0, 0 
9, 80015254,44.00, 100.00, 0.00, 2.29, 0, 0 
0, 80055434,44.00, 100.00, 0.00, 2.29, 0, 0 
1, 85110652,45.00, 100.00, 0.00, 2.29, 0, 0 
2, 79981832,45.00, 100.00, 0.00, 2.29, 0, 0 
3, 84989346,46.00, 100.00, 0.00, 2.30, 0, 0 
4, 84904072,46.00, 100.00, 0.00, 2.30, 0, 0 
5, 84966169,46.00, 100.00, 0.00, 2.30, 0, 0 
6, 84932868,46.00, 100.00, 0.00, 2.30, 0, 0 
7, 59966710,46.00, 100.00, 0.00, 2.30, 0, 0 
8, 59914091,46.00, 100.00, 0.00, 2.30, 0, 0 
9, 59918564,46.00, 100.00, 0.00, 2.30, 0, 0 
0, 60014085,46.00, 100.00, 0.00, 2.30, 0, 0 
1, 54951915,46.00, 100.00, 0.00, 2.30, 0, 0 
2, 55010067,46.00, 100.00, 0.00, 2.30, 0, 0 
3, 49956030,46.00, 100.00, 0.00, 2.30, 0, 0 
4, 50071794,46.00, 100.00, 0.00, 2.30, 0, 0 
5, 50003943,46.00, 100.00, 0.00, 2.30, 0, 0 
6, 49996392,46.00, 100.00, 0.00, 2.30, 0, 0 
7, 49962302,46.00, 100.00, 0.00, 2.30, 0, 0 
8, 50023233,46.00, 100.00, 0.00, 2.30, 0, 0 
9, 50036539,46.00, 100.00, 0.00, 2.30, 0, 0 
0, 49923403,46.00, 100.00, 0.00, 2.30, 0, 0 
1, 49951283,46.00, 100.00, 0.00, 2.30, 0, 0 
2, 49972162,46.00, 100.00, 0.00, 2.30, 0, 0 
3, 50042748,46.00, 100.00, 0.00, 2.30, 0, 0 
4, 49933445,46.00, 100.00, 0.00, 2.30, 0, 0 
5, 49989413,46.00, 100.00, 0.00, 2.30, 0, 0 
6, 50000094,46.00, 100.00, 0.00, 2.30, 0, 0 
7, 49992555,46.00, 100.00, 0.00, 2.30, 0, 0 
8, 50009105,46.00, 100.00, 0.00, 2.30, 0, 0 
9, 49862957,46.00, 100.00, 0.00, 2.30, 0, 0 
0, 49841496,46.00, 100.00, 0.00, 2.30, 0, 0 
1, 49864813,46.00, 100.00, 0.00, 2.30, 0, 0 
2, 49738815,46.00, 100.00, 0.00, 2.30, 0, 0 
3, 50186400,46.00, 100.00, 0.00, 2.30, 0, 0 
4, 49812752,46.00, 100.00, 0.00, 2.30, 0, 0 
5, 54712892,47.00, 100.00, 0.00, 2.30, 0, 0 
6, 54669604,47.00, 100.00, 0.00, 2.30, 0, 0 
7, 54652377,47.00, 100.00, 0.00, 2.30, 0, 0 
8, 74751183,51.00, 100.00, 0.00, 2.30, 0, 0 
9, 85124096,53.00, 100.00, 0.00, 2.30, 0, 0 
0, 95413659,55.00, 100.00, 0.00, 2.31, 0, 0 
1, 94843278,55.00, 100.00, 0.00, 2.31, 0, 0 
2, 105058517,57.00, 100.00, 0.00, 2.31, 0, 0 
3, 104671520,57.00, 100.00, 0.00, 2.31, 0, 0 
4, 115178263,59.00, 100.00, 0.00, 2.31, 0, 0 
5, 110152547,59.00, 100.00, 0.00, 2.31, 0, 0 
6, 110516645,59.00, 100.00, 0.00, 2.31, 0, 0 
7, 110792380,59.00, 100.00, 0.00, 2.31, 0, 0 
8, 90206952,59.00, 100.00, 0.00, 2.31, 0, 0 
9, 85111755,60.00, 100.00, 0.00, 2.31, 0, 0 
0, 75456857,60.00, 100.00, 0.00, 2.31, 0, 0 
1, 75240018,60.00, 100.00, 0.00, 2.31, 0, 0 
2, 65226425,60.00, 100.00, 0.00, 2.31, 0, 0 
3, 65422179,60.00, 100.00, 0.00, 2.31, 0, 0 
4, 55127010,60.00, 100.00, 0.00, 2.31, 0, 0 
5, 55146366,60.00, 100.00, 0.00, 2.31, 0, 0 
6, 55244030,60.00, 100.00, 0.00, 2.31, 0, 0 
7, 54713166,60.00, 100.00, 0.00, 2.31, 0, 0 
8, 54966890,60.00, 100.00, 0.00, 2.31, 0, 0 
9, 50445896,60.00, 100.00, 0.00, 2.31, 0, 0 
0, 49554758,60.00, 100.00, 0.00, 2.31, 0, 0 
1, 55219994,61.00, 100.00, 0.00, 2.31, 0, 0 
2, 55200579,61.00, 100.00, 0.00, 2.31, 0, 0 
3, 54783308,61.00, 100.00, 0.00, 2.31, 0, 0 
4, 56104038,61.00, 100.00, 0.00, 2.31, 0, 0 
5, 55513590,61.00, 100.00, 0.00, 2.31, 0, 0 
6, 54722419,61.00, 100.00, 0.00, 2.31, 0, 0 
7, 54940675,61.00, 100.00, 0.00, 2.31, 0, 0 
8, 55394559,61.00, 100.00, 0.00, 2.31, 0, 0 
9, 64483439,63.00, 100.00, 0.00, 2.31, 0, 0 
0, 64981791,63.00, 100.00, 0.00, 2.31, 0, 0 
1, 65679006,64.00, 100.00, 0.00, 2.31, 0, 0 
2, 65429213,64.00, 100.00, 0.00, 2.31, 0, 0 
3, 85083200,68.00, 100.00, 0.00, 2.32, 0, 0 
4, 84016990,68.00, 100.00, 0.00, 2.32, 0, 0 
5, 84607844,68.00, 100.00, 0.00, 2.32, 0, 0 
6, 84960954,68.00, 100.00, 0.00, 2.32, 0, 0 
7, 85144807,68.00, 100.00, 0.00, 2.32, 0, 0 
8, 84624062,68.00, 100.00, 0.00, 2.32, 0, 0 
9, 75330258,68.00, 100.00, 0.00, 2.32, 0, 0 
0, 74870359,68.00, 100.00, 0.00, 2.32, 0, 0 
1, 69273918,68.00, 100.00, 0.00, 2.32, 0, 0 
2, 69577401,68.00, 100.00, 0.00, 2.32, 0, 0 
3, 50043085,68.00, 100.00, 0.00, 2.32, 0, 0 
4, 49904230,68.00, 100.00, 0.00, 2.32, 0, 0 
5, 50194157,68.00, 100.00, 0.00, 2.32, 0, 0 
6, 50116471,68.00, 100.00, 0.00, 2.32, 0, 0 
7, 50424575,68.00, 100.00, 0.00, 2.32, 0, 0 
8, 50870096,68.00, 100.00, 0.00, 2.32, 0, 0 
9, 49852587,68.00, 100.00, 0.00, 2.32, 0, 0 
0, 49972139,68.00, 100.00, 0.00, 2.32, 0, 0 
1, 50405094,68.00, 100.00, 0.00, 2.32, 0, 0 
2, 49817336,68.00, 100.00, 0.00, 2.32, 0, 0 
3, 54844161,69.00, 100.00, 0.00, 2.32, 0, 0 
4, 54942644,69.00, 100.00, 0.00, 2.32, 0, 0 
5, 54795735,69.00, 100.00, 0.00, 2.32, 0, 0 
6, 55272793,69.00, 100.00, 0.00, 2.32, 0, 0 
7, 54388163,69.00, 100.00, 0.00, 2.32, 0, 0 
8, 54067493,69.00, 100.00, 0.00, 2.32, 0, 0 
9, 60040196,70.00, 100.00, 0.00, 2.32, 0, 0 
0, 64930253,71.00, 100.00, 0.00, 2.32, 0, 0 
1, 64534393,71.00, 100.00, 0.00, 2.32, 0, 0 
2, 65044028,71.00, 100.00, 0.00, 2.32, 0, 0 
3, 60162948,71.00, 100.00, 0.00, 2.32, 0, 0 
4, 60075107,71.00, 100.00, 0.00, 2.32, 0, 0 
5, 59909443,71.00, 100.00, 0.00, 2.32, 0, 0 
6, 59509209,71.00, 100.00, 0.00, 2.32, 0, 0 
7, 59989647,71.00, 100.00, 0.00, 2.32, 0, 0 
8, 60169444,71.00, 100.00, 0.00, 2.32, 0, 0 
9, 54800652,71.00, 100.00, 0.00, 2.32, 0, 0 
0, 50030083,71.00, 100.00, 0.00, 2.32, 0, 0 
1, 50190773,71.00, 100.00, 0.00, 2.32, 0, 0 
2, 49900806,71.00, 100.00, 0.00, 2.32, 0, 0 
3, 49858187,71.00, 100.00, 0.00, 2.32, 0, 0 
4, 50650768,71.00, 100.00, 0.00, 2.32, 0, 0 
5, 50174520,71.00, 100.00, 0.00, 2.32, 0, 0 
6, 50099363,71.00, 100.00, 0.00, 2.32, 0, 0 
7, 50014665,71.00, 100.00, 0.00, 2.32, 0, 0 
8, 49953470,71.00, 100.00, 0.00, 2.32, 0, 0 
9, 50055188,71.00, 100.00, 0.00, 2.32, 0, 0 
0, 50067714,71.00, 100.00, 0.00, 2.32, 0, 0 
1, 49956422,71.00, 100.00, 0.00, 2.32, 0, 0 
2, 50414867,71.00, 100.00, 0.00, 2.32, 0, 0 
3, 49985709,71.00, 100.00, 0.00, 2.32, 0, 0 
4, 49337157,71.00, 100.00, 0.00, 2.32, 0, 0 
5, 50211260,71.00, 100.00, 0.00, 2.32, 0, 0 
6, 49825761,71.00, 100.00, 0.00, 2.32, 0, 0 
7, 49855780,71.00, 100.00, 0.00, 2.32, 0, 0 
8, 50051418,71.00, 100.00, 0.00, 2.32, 0, 0 
9, 49962554,71.00, 100.00, 0.00, 2.32, 0, 0 
0, 49987548,71.00, 100.00, 0.00, 2.32, 0, 0 
1, 50296218,71.00, 100.00, 0.00, 2.32, 0, 0 
2, 49521853,71.00, 100.00, 0.00, 2.32, 0, 0 
3, 49872158,71.00, 100.00, 0.00, 2.32, 0, 0 
4, 49948439,71.00, 100.00, 0.00, 2.32, 0, 0 
5, 49665626,71.00, 100.00, 0.00, 2.32, 0, 0 
6, 50242581,71.00, 100.00, 0.00, 2.32, 0, 0 
7, 50087966,71.00, 100.00, 0.00, 2.32, 0, 0 
8, 49778739,71.00, 100.00, 0.00, 2.32, 0, 0 
9, 49774724,71.00, 100.00, 0.00, 2.32, 0, 0 
0, 49727830,71.00, 100.00, 0.00, 2.32, 0, 0 
1, 49254877,71.00, 100.00, 0.00, 2.32, 0, 0 
2, 49749901,71.00, 100.00, 0.00, 2.32, 0, 0 
3, 49798025,71.00, 100.00, 0.00, 2.32, 0, 0 
4, 50070390,71.00, 100.00, 0.00, 2.32, 0, 0 
5, 49619567,71.00, 100.00, 0.00, 2.32, 0, 0 
6, 49505634,71.00, 100.00, 0.00, 2.32, 0, 0 
7, 49641727,71.00, 100.00, 0.00, 2.32, 0, 0 
8, 49841599,71.00, 100.00, 0.00, 2.32, 0, 0 
9, 49804792,71.00, 100.00, 0.00, 2.32, 0, 0 
0, 49854230,71.00, 100.00, 0.00, 2.32, 0, 0 
1, 49930136,71.00, 100.00, 0.00, 2.32, 0, 0 
2, 49905815,71.00, 100.00, 0.00, 2.32, 0, 0 
3, 59989999,73.00, 100.00, 0.00, 2.32, 0, 0 
4, 59573150,73.00, 100.00, 0.00, 2.32, 0, 0 
5, 59901696,73.00, 100.00, 0.00, 2.32, 0, 0 
6, 59937975,73.00, 100.00, 0.00, 2.32, 0, 0 
7, 59966847,72.00, 100.00, 0.00, 2.32, 0, 0 
8, 59955787,73.00, 100.00, 0.00, 2.32, 0, 0 
9, 60021377,73.00, 100.00, 0.00, 2.32, 0, 0 
0, 59965047,73.00, 100.00, 0.00, 2.32, 0, 0 
1, 59999855,73.00, 100.00, 0.00, 2.32, 0, 0 
2, 60041769,73.00, 100.00, 0.00, 2.32, 0, 0 
3, 49915776,72.00, 100.00, 0.00, 2.32, 0, 0 
4, 50004624,73.00, 100.00, 0.00, 2.32, 0, 0 
5, 50064829,73.00, 100.00, 0.00, 2.32, 0, 0 
6, 50720055,73.00, 100.00, 0.00, 2.32, 0, 0 
7, 50108726,73.00, 100.00, 0.00, 2.32, 0, 0 
8, 50007405,73.00, 100.00, 0.00, 2.32, 0, 0 
9, 49991877,73.00, 100.00, 0.00, 2.32, 0, 0 
0, 50038921,73.00, 100.00, 0.00, 2.32, 0, 0 
1, 49965793,73.00, 100.00, 0.00, 2.32, 0, 0 
2, 50768484,73.00, 100.00, 0.00, 2.32, 0, 0 
3, 49990297,73.00, 100.00, 0.00, 2.32, 0, 0 
4, 49981231,73.00, 100.00, 0.00, 2.32, 0, 0 
5, 49959710,73.00, 100.00, 0.00, 2.32, 0, 0 
6, 50385292,73.00, 100.00, 0.00, 2.32, 0, 0 
7, 49922953,73.00, 100.00, 0.00, 2.32, 0, 0 
8, 50014875,73.00, 100.00, 0.00, 2.32, 0, 0 
9, 49982094,73.00, 100.00, 0.00, 2.32, 0, 0 
0, 49966411,73.00, 100.00, 0.00, 2.32, 0, 0 
1, 49997378,73.00, 100.00, 0.00, 2.32, 0, 0 
2, 49285261,73.00, 100.00, 0.00, 2.32, 0, 0 
3, 50008778,73.00, 100.00, 0.00, 2.32, 0, 0 
4, 49954414,73.00, 100.00, 0.00, 2.32, 0, 0 
5, 49981175,73.00, 100.00, 0.00, 2.32, 0, 0 
6, 48924526,73.00, 100.00, 0.00, 2.32, 0, 0 
7, 49943689,73.00, 100.00, 0.00, 2.32, 0, 0 
8, 49964723,73.00, 100.00, 0.00, 2.32, 0, 0 
9, 49949944,73.00, 100.00, 0.00, 2.32, 0, 0 
0, 49961437,73.00, 100.00, 0.00, 2.32, 0, 0 
1, 49971340,73.00, 100.00, 0.00, 2.32, 0, 0 
2, 49910952,73.00, 100.00, 0.00, 2.32, 0, 0 
3, 59995716,75.00, 100.00, 0.00, 2.33, 0, 0 
4, 60017713,75.00, 100.00, 0.00, 2.33, 0, 0 
5, 65012138,75.00, 100.00, 0.00, 2.33, 0, 0 
6, 64966143,76.00, 100.00, 0.00, 2.33, 0, 0 
7, 65053818,76.00, 100.00, 0.00, 2.33, 0, 0 
8, 64982891,76.00, 100.00, 0.00, 2.33, 0, 0 
9, 65010274,75.00, 100.00, 0.00, 2.33, 0, 0 
0, 65082125,76.00, 100.00, 0.00, 2.33, 0, 0 
1, 75059323,78.00, 100.00, 0.00, 2.33, 0, 0 
2, 74968901,78.00, 100.00, 0.00, 2.33, 0, 0 
3, 65026242,78.00, 100.00, 0.00, 2.33, 0, 0 
4, 64994831,78.00, 100.00, 0.00, 2.33, 0, 0 
5, 59990897,78.00, 100.00, 0.00, 2.33, 0, 0 
6, 60040626,78.00, 100.00, 0.00, 2.33, 0, 0 
7, 60066882,78.00, 100.00, 0.00, 2.33, 0, 0 
8, 60015666,78.00, 100.00, 0.00, 2.33, 0, 0 
9, 65013774,79.00, 100.00, 0.00, 2.33, 0, 0 
0, 64917388,79.00, 100.00, 0.00, 2.33, 0, 0 
1, 54973172,79.00, 100.00, 0.00, 2.33, 0, 0 
2, 55027176,79.00, 100.00, 0.00, 2.33, 0, 0 
3, 54979099,79.00, 100.00, 0.00, 2.33, 0, 0 
4, 54984755,78.00, 100.00, 0.00, 2.33, 0, 0 
5, 55018477,79.00, 100.00, 0.00, 2.33, 0, 0 
6, 54991842,79.00, 100.00, 0.00, 2.33, 0, 0 
7, 54914286,79.00, 100.00, 0.00, 2.33, 0, 0 
8, 54993226,79.00, 100.00, 0.00, 2.33, 0, 0 
9, 49985670,79.00, 100.00, 0.00, 2.33, 0, 0 
0, 50064030,79.00, 100.00, 0.00, 2.33, 0, 0 
1, 49994316,79.00, 100.00, 0.00, 2.33, 0, 0 
2, 49993452,79.00, 100.00, 0.00, 2.33, 0, 0 
3, 50002553,79.00, 100.00, 0.00, 2.33, 0, 0 
4, 50000511,79.00, 100.00, 0.00, 2.33, 0, 0 
5, 50014643,79.00, 100.00, 0.00, 2.33, 0, 0 
6, 50142305,79.00, 100.00, 0.00, 2.33, 0, 0 
7, 50092356,79.00, 100.00, 0.00, 2.33, 0, 0 
8, 50010945,79.00, 100.00, 0.00, 2.33, 0, 0 
9, 50040994,79.00, 100.00, 0.00, 2.33, 0, 0 
0, 49959317,79.00, 100.00, 0.00, 2.33, 0, 0 
1, 49995940,79.00, 100.00, 0.00, 2.33, 0, 0 
2, 50000296,79.00, 100.00, 0.00, 2.33, 0, 0 
3, 50001223,79.00, 100.00, 0.00, 2.33, 0, 0 
4, 50013198,79.00, 100.00, 0.00, 2.33, 0, 0 
5, 49975643,79.00, 100.00, 0.00, 2.33, 0, 0 
6, 49820870,79.00, 100.00, 0.00, 2.33, 0, 0 
7, 49897522,79.00, 100.00, 0.00, 2.33, 0, 0 
8, 50084897,79.00, 100.00, 0.00, 2.33, 0, 0 
9, 50007759,79.00, 100.00, 0.00, 2.33, 0, 0 
0, 49976579,79.00, 100.00, 0.00, 2.33, 0, 0 
1, 50095598,79.00, 100.00, 0.00, 2.33, 0, 0 
2, 50022639,79.00, 100.00, 0.00, 2.33, 0, 0 
3, 50006321,79.00, 100.00, 0.00, 2.33, 0, 0 
4, 50103936,79.00, 100.00, 0.00, 2.33, 0, 0 
5, 50001325,79.00, 100.00, 0.00, 2.33, 0, 0 
6, 49979189,79.00, 100.00, 0.00, 2.33, 0, 0 
7, 50059761,79.00, 100.00, 0.00, 2.33, 0, 0 
8, 49960803,79.00, 100.00, 0.00, 2.33, 0, 0 
9, 50002916,79.00, 100.00, 0.00, 2.33, 0, 0 
0, 50072850,79.00, 100.00, 0.00, 2.33, 0, 0 
1, 49964747,79.00, 100.00, 0.00, 2.33, 0, 0 
2, 50146113,79.00, 100.00, 0.00, 2.33, 0, 0 
3, 49982680,79.00, 100.00, 0.00, 2.33, 0, 0 
4, 49988837,79.00, 100.00, 0.00, 2.33, 0, 0 
5, 49959858,79.00, 100.00, 0.00, 2.33, 0, 0 
6, 50054727,79.00, 100.00, 0.00, 2.33, 0, 0 
7, 50052637,79.00, 100.00, 0.00, 2.33, 0, 0 
8, 49971659,79.00, 100.00, 0.00, 2.33, 0, 0 
9, 54951023,80.00, 100.00, 0.00, 2.33, 0, 0 
0, 54958875,80.00, 100.00, 0.00, 2.33, 0, 0 
1, 54939316,80.00, 100.00, 0.00, 2.33, 0, 0 
2, 54810952,80.00, 100.00, 0.00, 2.33, 0, 0 
3, 55091090,80.00, 100.00, 0.00, 2.33, 0, 0 
4, 54897902,80.00, 100.00, 0.00, 2.33, 0, 0 
5, 55048309,80.00, 100.00, 0.00, 2.33, 0, 0 
6, 54968500,80.00, 100.00, 0.00, 2.33, 0, 0 
7, 54884430,80.00, 100.00, 0.00, 2.33, 0, 0 
8, 54979954,80.00, 100.00, 0.00, 2.33, 0, 0 
9, 49986926,80.00, 100.00, 0.00, 2.33, 0, 0 
0, 49978585,80.00, 100.00, 0.00, 2.33, 0, 0 
1, 49995294,80.00, 100.00, 0.00, 2.33, 0, 0 
2, 50013829,80.00, 100.00, 0.00, 2.33, 0, 0 
3, 49977178,80.00, 100.00, 0.00, 2.33, 0, 0 
4, 50057939,80.00, 100.00, 0.00, 2.33, 0, 0 
5, 50014417,80.00, 100.00, 0.00, 2.33, 0, 0 
6, 50066106,80.00, 100.00, 0.00, 2.33, 0, 0 
7, 50097466,80.00, 100.00, 0.00, 2.33, 0, 0 
8, 50014713,80.00, 100.00, 0.00, 2.33, 0, 0 
9, 50037990,80.00, 100.00, 0.00, 2.33, 0, 0 
0, 50021305,80.00, 100.00, 0.00, 2.33, 0, 0 
1, 50092421,80.00, 100.00, 0.00, 2.33, 0, 0 
2, 50080244,80.00, 100.00, 0.00, 2.33, 0, 0 
3, 50000235,80.00, 100.00, 0.00, 2.33, 0, 0 
4, 50019318,80.00, 100.00, 0.00, 2.33, 0, 0 
5, 50024780,80.00, 100.00, 0.00, 2.33, 0, 0 
6, 50032546,80.00, 100.00, 0.00, 2.33, 0, 0 
7, 49985123,80.00, 100.00, 0.00, 2.33, 0, 0 
8, 50085709,80.00, 100.00, 0.00, 2.33, 0, 0 
9, 49959016,80.00, 100.00, 0.00, 2.33, 0, 0 
0, 50074989,80.00, 100.00, 0.00, 2.33, 0, 0 
1, 50009680,80.00, 100.00, 0.00, 2.33, 0, 0 
2, 49948492,80.00, 100.00, 0.00, 2.33, 0, 0 
3, 50024299,80.00, 100.00, 0.00, 2.33, 0, 0 
4, 49981252,80.00, 100.00, 0.00, 2.33, 0, 0 
5, 49992612,80.00, 100.00, 0.00, 2.33, 0, 0 
6, 49996761,80.00, 100.00, 0.00, 2.33, 0, 0 
7, 50000615,80.00, 100.00, 0.00, 2.33, 0, 0 
8, 49901138,80.00, 100.00, 0.00, 2.33, 0, 0 
9, 50101313,80.00, 100.00, 0.00, 2.33, 0, 0 
0, 49958392,80.00, 100.00, 0.00, 2.33, 0, 0 
1, 49974778,80.00, 100.00, 0.00, 2.33, 0, 0 
2, 49979341,80.00, 100.00, 0.00, 2.33, 0, 0 
3, 49888193,80.00, 100.00, 0.00, 2.33, 0, 0 
4, 50007401,80.00, 100.00, 0.00, 2.33, 0, 0 
5, 50019817,80.00, 100.00, 0.00, 2.33, 0, 0 
6, 49946887,80.00, 100.00, 0.00, 2.33, 0, 0 
7, 49927778,80.00, 100.00, 0.00, 2.33, 0, 0 
8, 50079226,80.00, 100.00, 0.00, 2.33, 0, 0 
9, 49927448,80.00, 100.00, 0.00, 2.33, 0, 0 
0, 49969310,80.00, 100.00, 0.00, 2.33, 0, 0 
1, 49949129,80.00, 100.00, 0.00, 2.33, 0, 0 
2, 49977267,80.00, 100.00, 0.00, 2.33, 0, 0 
3, 50106691,80.00, 100.00, 0.00, 2.33, 0, 0 
4, 49954094,79.00, 100.00, 0.00, 2.33, 0, 0 
5, 50008177,80.00, 100.00, 0.00, 2.33, 0, 0 
6, 49983654,80.00, 100.00, 0.00, 2.33, 0, 0 
7, 49997368,80.00, 100.00, 0.00, 2.33, 0, 0 
8, 49938379,80.00, 100.00, 0.00, 2.33, 0, 0 
9, 50049385,80.00, 100.00, 0.00, 2.33, 0, 0 
0, 50007464,80.00, 100.00, 0.00, 2.33, 0, 0 
1, 49970994,80.00, 100.00, 0.00, 2.33, 0, 0 
2, 50018628,80.00, 100.00, 0.00, 2.33, 0, 0 
3, 49914045,80.00, 100.00, 0.00, 2.33, 0, 0 
4, 50004838,80.00, 100.00, 0.00, 2.33, 0, 0 
5, 49940548,80.00, 100.00, 0.00, 2.33, 0, 0 
6, 49967906,80.00, 100.00, 0.00, 2.33, 0, 0 
7, 49978588,80.00, 100.00, 0.00, 2.33, 0, 0 
8, 49983842,80.00, 100.00, 0.00, 2.33, 0, 0 
9, 49927398,80.00, 100.00, 0.00, 2.33, 0, 0 
0, 49960756,80.00, 100.00, 0.00, 2.33, 0, 0 
1, 50009109,80.00, 100.00, 0.00, 2.33, 0, 0 
2, 50015806,80.00, 100.00, 0.00, 2.33, 0, 0 
3, 49998344,80.00, 100.00, 0.00, 2.33, 0, 0 
4, 49971703,80.00, 100.00, 0.00, 2.33, 0, 0 
5, 49984043,80.00, 100.00, 0.00, 2.33, 0, 0 
6, 50030097,80.00, 100.00, 0.00, 2.33, 0, 0 
7, 50097371,80.00, 100.00, 0.00, 2.33, 0, 0 
8, 49987257,80.00, 100.00, 0.00, 2.33, 0, 0 
9, 50005409,80.00, 100.00, 0.00, 2.33, 0, 0 
0, 49998937,80.00, 100.00, 0.00, 2.33, 0, 0 
1, 49976348,80.00, 100.00, 0.00, 2.33, 0, 0 
2, 49984018,80.00, 100.00, 0.00, 2.33, 0, 0 
3, 49993376,80.00, 100.00, 0.00, 2.33, 0, 0 
4, 50006999,80.00, 100.00, 0.00, 2.33, 0, 0 
5, 50013234,80.00, 100.00, 0.00, 2.33, 0, 0 
6, 50038377,80.00, 100.00, 0.00, 2.33, 0, 0 
7, 49911848,80.00, 100.00, 0.00, 2.33, 0, 0 
8, 50006250,80.00, 100.00, 0.00, 2.33, 0, 0 
9, 50036344,80.00, 100.00, 0.00, 2.33, 0, 0 
0, 50016574,80.00, 100.00, 0.00, 2.33, 0, 0 
1, 55047339,81.00, 100.00, 0.00, 2.33, 0, 0 
2, 55111235,81.00, 100.00, 0.00, 2.33, 0, 0 
3, 55008544,81.00, 100.00, 0.00, 2.33, 0, 0 
4, 60138932,82.00, 100.00, 0.00, 2.33, 0, 0 
5, 59991353,82.00, 100.00, 0.00, 2.33, 0, 0 
6, 59964543,82.00, 100.00, 0.00, 2.33, 0, 0 
7, 60023040,82.00, 100.00, 0.00, 2.33, 0, 0 
8, 60036739,82.00, 100.00, 0.00, 2.33, 0, 0 
9, 59964052,82.00, 100.00, 0.00, 2.33, 0, 0 
0, 60004172,82.00, 100.00, 0.00, 2.33, 0, 0 
1, 54959112,82.00, 100.00, 0.00, 2.33, 0, 0 
2, 54893130,81.00, 100.00, 0.00, 2.33, 0, 0 
3, 55019502,82.00, 100.00, 0.00, 2.33, 0, 0 
4, 49875333,82.00, 100.00, 0.00, 2.33, 0, 0 
5, 50057263,82.00, 100.00, 0.00, 2.33, 0, 0 
6, 50034391,82.00, 100.00, 0.00, 2.33, 0, 0 
7, 49955503,82.00, 100.00, 0.00, 2.33, 0, 0 
8, 59943584,84.00, 100.00, 0.00, 2.33, 0, 0 
9, 75130437,87.00, 100.00, 0.00, 2.34, 0, 0 
0, 85068202,89.00, 100.00, 0.00, 2.34, 0, 0 
1, 85127881,89.00, 100.00, 0.00, 2.34, 0, 0 
2, 85053734,89.00, 100.00, 0.00, 2.34, 0, 0 
3, 85099087,89.00, 100.00, 0.00, 2.34, 0, 0 
4, 85126094,89.00, 100.00, 0.00, 2.34, 0, 0 
5, 85119667,89.00, 100.00, 0.00, 2.34, 0, 0 
6, 85122426,89.00, 100.00, 0.00, 2.34, 0, 0 
7, 85221411,89.00, 100.00, 0.00, 2.34, 0, 0 
8, 75381279,89.00, 100.00, 0.00, 2.34, 0, 0 
9, 65389868,90.00, 100.00, 0.00, 2.34, 0, 0 
0, 56031533,90.00, 100.00, 0.00, 2.34, 0, 0 
1, 55324509,90.00, 100.00, 0.00, 2.34, 0, 0 
2, 60481041,91.00, 100.00, 0.00, 2.34, 0, 0 
3, 60489370,91.00, 100.00, 0.00, 2.34, 0, 0 
4, 65296743,92.00, 100.00, 0.00, 2.34, 0, 0 
5, 65577778,92.00, 100.00, 0.00, 2.34, 0, 0 
6, 65244293,92.00, 100.00, 0.00, 2.34, 0, 0 
7, 65258851,92.00, 100.00, 0.00, 2.34, 0, 0 
8, 65012586,92.00, 100.00, 0.00, 2.34, 0, 0 
9, 59885173,92.00, 100.00, 0.00, 2.34, 0, 0 
0, 60004230,92.00, 100.00, 0.00, 2.34, 0, 0 
1, 60803425,92.00, 100.00, 0.00, 2.34, 0, 0 
2, 54936567,92.00, 100.00, 0.00, 2.34, 0, 0 
3, 55440699,92.00, 100.00, 0.00, 2.34, 0, 0 
4, 49973112,92.00, 100.00, 0.00, 2.34, 0, 0 
5, 59759464,94.00, 100.00, 0.00, 2.34, 0, 0 
6, 60278628,94.00, 100.00, 0.00, 2.34, 0, 0 
7, 60005695,94.00, 100.00, 0.00, 2.34, 0, 0 
8, 65639816,95.00, 100.00, 0.00, 2.35, 0, 0 
9, 65023964,95.00, 100.00, 0.00, 2.35, 0, 0 
0, 69367204,96.00, 100.00, 0.00, 2.35, 0, 0 
1, 69499127,96.00, 100.00, 0.00, 2.35, 0, 0 
2, 69990744,96.00, 100.00, 0.00, 2.35, 0, 0 
3, 69701823,96.00, 100.00, 0.00, 2.35, 0, 0 
4, 70800915,96.00, 100.00, 0.00, 2.35, 0, 0 
5, 59889145,96.00, 100.00, 0.00, 2.35, 0, 0 
6, 59809515,96.00, 100.00, 0.00, 2.35, 0, 0 
7, 59957703,96.00, 100.00, 0.00, 2.35, 0, 0 
8, 54295407,96.00, 100.00, 0.00, 2.35, 0, 0 
9, 54773342,96.00, 100.00, 0.00, 2.35, 0, 0 
0, 49795079,96.00, 100.00, 0.00, 2.35, 0, 0 
1, 49347073,96.00, 100.00, 0.00, 2.35, 0, 0 
2, 50084404,96.00, 100.00, 0.00, 2.35, 0, 0 
3, 49348570,96.00, 100.00, 0.00, 2.35, 0, 0 
4, 48972000,96.00, 100.00, 0.00, 2.35, 0, 0 
5, 49725358,96.00, 100.00, 0.00, 2.35, 0, 0 
6, 49669019,96.00, 100.00, 0.00, 2.35, 0, 0 
7, 49712425,96.00, 100.00, 0.00, 2.35, 0, 0 
8, 54986334,97.00, 100.00, 0.00, 2.35, 0, 0 
9, 54964175,97.00, 100.00, 0.00, 2.35, 0, 0 
0, 54968216,97.00, 100.00, 0.00, 2.35, 0, 0 
1, 55081564,97.00, 100.00, 0.00, 2.35, 0, 0 
2, 54648286,97.00, 100.00, 0.00, 2.35, 0, 0 
3, 60192808,98.00, 100.00, 0.00, 2.35, 0, 0 
4, 60203964,98.00, 100.00, 0.00, 2.35, 0, 0 
5, 60209634,98.00, 100.00, 0.00, 2.35, 0, 0 
6, 60113554,98.00, 100.00, 0.00, 2.35, 0, 0 
7, 60198967,98.00, 100.00, 0.00, 2.35, 0, 0 
8, 55055175,98.00, 100.00, 0.00, 2.35, 0, 0 
9, 55316139,98.00, 100.00, 0.00, 2.35, 0, 0 
0, 55116240,98.00, 100.00, 0.00, 2.35, 0, 0 
1, 55202114,98.00, 100.00, 0.00, 2.35, 0, 0 
2, 55265096,98.00, 100.00, 0.00, 2.35, 0, 0 
3, 50314819,98.00, 100.00, 0.00, 2.35, 0, 0 
4, 50648718,98.00, 100.00, 0.00, 2.35, 0, 0 
5, 50612156,98.00, 100.00, 0.00, 2.35, 0, 0 
6, 50152460,98.00, 100.00, 0.00, 2.35, 0, 0 
7, 50119413,98.00, 100.00, 0.00, 2.35, 0, 0 
8, 50018949,98.00, 100.00, 0.00, 2.35, 0, 0 
9, 49829378,98.00, 100.00, 0.00, 2.35, 0, 0 
0, 50067282,98.00, 100.00, 0.00, 2.35, 0, 0 
1, 50012481,98.00, 100.00, 0.00, 2.35, 0, 0 
2, 49903139,98.00, 100.00, 0.00, 2.35, 0, 0 
3, 49740349,98.00, 100.00, 0.00, 2.35, 0, 0 
4, 64307922,101.00, 100.00, 0.00, 2.35, 0, 0 
5, 69419486,102.00, 100.00, 0.00, 2.35, 0, 0 
6, 84895049,105.00, 100.00, 0.00, 2.35, 0, 0 
7, 84843725,105.00, 100.00, 0.00, 2.35, 0, 0 
8, 84859567,105.00, 100.00, 0.00, 2.35, 0, 0 
9, 85020601,105.00, 100.00, 0.00, 2.35, 0, 0 
0, 84913922,105.00, 100.00, 0.00, 2.35, 0, 0 
1, 84841917,105.00, 100.00, 0.00, 2.35, 0, 0 
2, 84837971,105.00, 100.00, 0.00, 2.35, 0, 0 
3, 84853002,105.00, 100.00, 0.00, 2.35, 0, 0 
4, 70018137,105.00, 100.00, 0.00, 2.35, 0, 0 
5, 64904565,105.00, 100.00, 0.00, 2.35, 0, 0 
6, 49946988,105.00, 100.00, 0.00, 2.35, 0, 0 
7, 50060450,105.00, 100.00, 0.00, 2.35, 0, 0 
8, 50111930,105.00, 100.00, 0.00, 2.35, 0, 0 
9, 49879605,105.00, 100.00, 0.00, 2.35, 0, 0 
0, 49939049,105.00, 100.00, 0.00, 2.35, 0, 0 
1, 50070648,105.00, 100.00, 0.00, 2.35, 0, 0 
2, 50128357,105.00, 100.00, 0.00, 2.35, 0, 0 
3, 50130983,105.00, 100.00, 0.00, 2.35, 0, 0 
4, 49944328,105.00, 100.00, 0.00, 2.35, 0, 0 
5, 50017955,105.00, 100.00, 0.00, 2.35, 0, 0 
6, 50004352,105.00, 100.00, 0.00, 2.35, 0, 0 
7, 49968788,105.00, 100.00, 0.00, 2.35, 0, 0 
8, 49871741,105.00, 100.00, 0.00, 2.35, 0, 0 
9, 50069177,105.00, 100.00, 0.00, 2.35, 0, 0 
0, 49919124,105.00, 100.00, 0.00, 2.35, 0, 0 
1, 50007578,105.00, 100.00, 0.00, 2.35, 0, 0 
2, 50022542,105.00, 100.00, 0.00, 2.35, 0, 0 
3, 49983549,105.00, 100.00, 0.00, 2.35, 0, 0 
4, 49882831,105.00, 100.00, 0.00, 2.35, 0, 0 
5, 49915865,105.00, 100.00, 0.00, 2.35, 0, 0 
6, 49901537,105.00, 100.00, 0.00, 2.35, 0, 0 
7, 49898613,105.00, 100.00, 0.00, 2.35, 0, 0 
8, 49993971,105.00, 100.00, 0.00, 2.35, 0, 0 
9, 49977062,105.00, 100.00, 0.00, 2.35, 0, 0 
0, 50081618,105.00, 100.00, 0.00, 2.35, 0, 0 
1, 50033119,105.00, 100.00, 0.00, 2.35, 0, 0 
2, 49879729,105.00, 100.00, 0.00, 2.35, 0, 0 
3, 49902359,105.00, 100.00, 0.00, 2.35, 0, 0 
4, 50035908,105.00, 100.00, 0.00, 2.35, 0, 0 
5, 49994319,105.00, 100.00, 0.00, 2.35, 0, 0 
6, 50010664,105.00, 100.00, 0.00, 2.35, 0, 0 
7, 50059599,105.00, 100.00, 0.00, 2.35, 0, 0 
8, 50039763,105.00, 100.00, 0.00, 2.35, 0, 0 
9, 50150124,105.00, 100.00, 0.00, 2.35, 0, 0 
0, 49998871,105.00, 100.00, 0.00, 2.35, 0, 0 
1, 50042016,105.00, 100.00, 0.00, 2.35, 0, 0 
2, 55078477,106.00, 100.00, 0.00, 2.36, 0, 0 
3, 55077342,106.00, 100.00, 0.00, 2.36, 0, 0 
4, 55086673,106.00, 100.00, 0.00, 2.36, 0, 0 
5, 55056267,106.00, 100.00, 0.00, 2.36, 0, 0 
6, 55059061,106.00, 100.00, 0.00, 2.36, 0, 0 
7, 55095215,106.00, 100.00, 0.00, 2.36, 0, 0 
8, 65125542,108.00, 100.00, 0.00, 2.36, 0, 0 
9, 64871680,108.00, 100.00, 0.00, 2.36, 0, 0 
0, 65040730,108.00, 100.00, 0.00, 2.36, 0, 0 
1, 64981299,108.00, 100.00, 0.00, 2.36, 0, 0 
2, 59917289,108.00, 100.00, 0.00, 2.36, 0, 0 
3, 59982006,108.00, 100.00, 0.00, 2.36, 0, 0 
4, 59990409,108.00, 100.00, 0.00, 2.36, 0, 0 
5, 60054475,108.00, 100.00, 0.00, 2.36, 0, 0 
6, 60108440,108.00, 100.00, 0.00, 2.36, 0, 0 
7, 59899088,108.00, 100.00, 0.00, 2.36, 0, 0 
8, 49906050,108.00, 100.00, 0.00, 2.36, 0, 0 
9, 50014376,108.00, 100.00, 0.00, 2.36, 0, 0 
0, 50018578,108.00, 100.00, 0.00, 2.36, 0, 0 
1, 49922782,108.00, 100.00, 0.00, 2.36, 0, 0 
2, 50053808,108.00, 100.00, 0.00, 2.36, 0, 0 
3, 50071244,108.00, 100.00, 0.00, 2.36, 0, 0 
4, 49965446,108.00, 100.00, 0.00, 2.36, 0, 0 
5, 49979504,108.00, 100.00, 0.00, 2.36, 0, 0 
6, 49992834,108.00, 100.00, 0.00, 2.36, 0, 0 
7, 49975972,108.00, 100.00, 0.00, 2.36, 0, 0 
8, 50087163,108.00, 100.00, 0.00, 2.36, 0, 0 
9, 49970731,108.00, 100.00, 0.00, 2.36, 0, 0 
0, 49977480,108.00, 100.00, 0.00, 2.36, 0, 0 
1, 50031627,108.00, 100.00, 0.00, 2.36, 0, 0 
2, 50081242,108.00, 100.00, 0.00, 2.36, 0, 0 
3, 54917439,109.00, 100.00, 0.00, 2.36, 0, 0 
4, 54971655,109.00, 100.00, 0.00, 2.36, 0, 0 
5, 55114713,109.00, 100.00, 0.00, 2.36, 0, 0 
6, 54975701,109.00, 100.00, 0.00, 2.36, 0, 0 
7, 54983998,109.00, 100.00, 0.00, 2.36, 0, 0 
8, 54879302,109.00, 100.00, 0.00, 2.36, 0, 0 
9, 55008997,109.00, 100.00, 0.00, 2.36, 0, 0 
0, 59937409,110.00, 100.00, 0.00, 2.36, 0, 0 
1, 59980091,110.00, 100.00, 0.00, 2.36, 0, 0 
2, 64895321,111.00, 100.00, 0.00, 2.36, 0, 0 
3, 64992388,112.00, 100.00, 0.00, 2.36, 0, 0 
4, 65056217,112.00, 100.00, 0.00, 2.36, 0, 0 
5, 64890746,112.00, 100.00, 0.00, 2.36, 0, 0 
6, 64917217,112.00, 100.00, 0.00, 2.36, 0, 0 
7, 64958767,112.00, 100.00, 0.00, 2.36, 0, 0 
8, 70008962,113.00, 100.00, 0.00, 2.36, 0, 0 
9, 69974497,113.00, 100.00, 0.00, 2.36, 0, 0 
0, 65030835,113.00, 100.00, 0.00, 2.36, 0, 0 
1, 64989071,113.00, 100.00, 0.00, 2.36, 0, 0 
2, 60044185,113.00, 100.00, 0.00, 2.36, 0, 0 
3, 55080498,113.00, 100.00, 0.00, 2.36, 0, 0 
4, 55078375,113.00, 100.00, 0.00, 2.36, 0, 0 
5, 54942533,113.00, 100.00, 0.00, 2.36, 0, 0 
6, 54966344,113.00, 100.00, 0.00, 2.36, 0, 0 
7, 55034782,113.00, 100.00, 0.00, 2.36, 0, 0 
8, 49926644,113.00, 100.00, 0.00, 2.36, 0, 0 
9, 49928872,113.00, 100.00, 0.00, 2.36, 0, 0 
0, 49899479,113.00, 100.00, 0.00, 2.36, 0, 0 
1, 54852237,114.00, 100.00, 0.00, 2.36, 0, 0 
2, 54786220,114.00, 100.00, 0.00, 2.36, 0, 0 
3, 54911509,114.00, 100.00, 0.00, 2.36, 0, 0 
4, 54921831,114.00, 100.00, 0.00, 2.36, 0, 0 
5, 55024829,114.00, 100.00, 0.00, 2.36, 0, 0 
6, 55013351,114.00, 100.00, 0.00, 2.36, 0, 0 
7, 55055675,114.00, 100.00, 0.00, 2.36, 0, 0 
8, 55104451,114.00, 100.00, 0.00, 2.36, 0, 0 
9, 55097812,114.00, 100.00, 0.00, 2.36, 0, 0 
0, 55159601,114.00, 100.00, 0.00, 2.36, 0, 0 
1, 50173871,114.00, 100.00, 0.00, 2.36, 0, 0 
2, 50195112,114.00, 100.00, 0.00, 2.36, 0, 0 
3, 50039447,114.00, 100.00, 0.00, 2.36, 0, 0 
4, 49994664,114.00, 100.00, 0.00, 2.36, 0, 0 
5, 50038653,114.00, 100.00, 0.00, 2.36, 0, 0 
6, 49951780,114.00, 100.00, 0.00, 2.36, 0, 0 
7, 50016844,114.00, 100.00, 0.00, 2.36, 0, 0 
8, 49990350,114.00, 100.00, 0.00, 2.36, 0, 0 
9, 49905985,114.00, 100.00, 0.00, 2.36, 0, 0 
0, 49877290,114.00, 100.00, 0.00, 2.36, 0, 0 
1, 50007010,114.00, 100.00, 0.00, 2.36, 0, 0 
2, 50105728,114.00, 100.00, 0.00, 2.36, 0, 0 
3, 50048665,114.00, 100.00, 0.00, 2.36, 0, 0 
4, 50046275,114.00, 100.00, 0.00, 2.36, 0, 0 
5, 50019900,114.00, 100.00, 0.00, 2.36, 0, 0 
6, 50079293,114.00, 100.00, 0.00, 2.36, 0, 0 
7, 49956881,114.00, 100.00, 0.00, 2.36, 0, 0 
8, 54992572,115.00, 100.00, 0.00, 2.37, 0, 0 
9, 55159399,115.00, 100.00, 0.00, 2.37, 0, 0 
0, 60172392,116.00, 100.00, 0.00, 2.37, 0, 0 
1, 59911888,116.00, 100.00, 0.00, 2.37, 0, 0 
2, 59953419,116.00, 100.00, 0.00, 2.37, 0, 0 
3, 59973079,116.00, 100.00, 0.00, 2.37, 0, 0 
4, 59894921,116.00, 100.00, 0.00, 2.37, 0, 0 
5, 59975001,116.00, 100.00, 0.00, 2.37, 0, 0 
6, 59994058,116.00, 100.00, 0.00, 2.37, 0, 0 
7, 60011263,116.00, 100.00, 0.00, 2.37, 0, 0 
8, 59985580,117.00, 100.00, 0.00, 2.37, 0, 0 
9, 60005781,117.00, 100.00, 0.00, 2.37, 0, 0 
0, 54959904,117.00, 100.00, 0.00, 2.37, 0, 0 
1, 55122502,117.00, 100.00, 0.00, 2.37, 0, 0 
2, 54929471,117.00, 100.00, 0.00, 2.37, 0, 0 
3, 55032139,117.00, 100.00, 0.00, 2.37, 0, 0 
4, 55017354,117.00, 100.00, 0.00, 2.37, 0, 0 
5, 54919148,117.00, 100.00, 0.00, 2.37, 0, 0 
6, 54979162,117.00, 100.00, 0.00, 2.37, 0, 0 
7, 54990416,117.00, 100.00, 0.00, 2.37, 0, 0 
8, 50020503,117.00, 100.00, 0.00, 2.37, 0, 0 
9, 49957098,117.00, 100.00, 0.00, 2.37, 0, 0 
0, 49889846,117.00, 100.00, 0.00, 2.37, 0, 0 
1, 49889726,117.00, 100.00, 0.00, 2.37, 0, 0 
2, 49952032,117.00, 100.00, 0.00, 2.37, 0, 0 
3, 49954805,117.00, 100.00, 0.00, 2.37, 0, 0 
4, 50053935,117.00, 100.00, 0.00, 2.37, 0, 0 
5, 50021341,117.00, 100.00, 0.00, 2.37, 0, 0 
6, 50033600,117.00, 100.00, 0.00, 2.37, 0, 0 
7, 49979886,117.00, 100.00, 0.00, 2.37, 0, 0 
8, 49939882,117.00, 100.00, 0.00, 2.37, 0, 0 
9, 50015768,117.00, 100.00, 0.00, 2.37, 0, 0 
