Tue Nov 27 17:46:42 2018
StepTime, x, v, f, xdes, vdes, fdes, cmd, IR, LSB, LSF
0, 620459989,0.00, 100.00, 0.00, 2.25, 0, 0 
1, 621751799,0.00, 100.00, 0.00, 2.25, 0, 0 
2, 622993779,0.00, 100.00, 0.00, 2.25, 0, 0 
3, 623999649,0.00, 100.00, 0.00, 2.25, 0, 0 
4, 624907199,0.00, 100.00, 0.00, 2.25, 0, 0 
5, 625655031,0.00, 100.00, 0.00, 2.25, 0, 0 
6, 626379544,0.00, 100.00, 0.00, 2.25, 0, 0 
7, 627082149,0.00, 100.00, 0.00, 2.25, 0, 0 
8, 627735841,0.00, 100.00, 0.00, 2.25, 0, 0 
9, 628394179,0.00, 100.00, 0.00, 2.25, 0, 0 
0, 8691391,0.00, 100.00, 0.00, 2.25, 0, 0 
1, 8136093,0.00, 100.00, 0.00, 2.25, 0, 0 
2, 7625910,0.00, 100.00, 0.00, 2.25, 0, 0 
3, 7242620,0.00, 100.00, 0.00, 2.25, 0, 0 
4, 7053859,0.00, 100.00, 0.00, 2.25, 0, 0 
5, 7065915,0.00, 100.00, 0.00, 2.25, 0, 0 
6, 7000500,0.00, 100.00, 0.00, 2.25, 0, 0 
7, 7002220,0.00, 100.00, 0.00, 2.25, 0, 0 
8, 7054923,0.00, 100.00, 0.00, 2.25, 0, 0 
9, 7152388,0.00, 100.00, 0.00, 2.25, 0, 0 
0, 7154609,0.00, 100.00, 0.00, 2.25, 0, 0 
1, 7212778,0.00, 100.00, 0.00, 2.25, 0, 0 
2, 7316798,0.00, 100.00, 0.00, 2.25, 0, 0 
3, 7499569,0.00, 100.00, 0.00, 2.25, 0, 0 
4, 7489792,0.00, 100.00, 0.00, 2.25, 0, 0 
5, 7677276,0.00, 100.00, 0.00, 2.25, 0, 0 
6, 7886416,0.00, 100.00, 0.00, 2.25, 0, 0 
7, 7911506,0.00, 100.00, 0.00, 2.25, 0, 0 
8, 7856390,0.00, 100.00, 0.00, 2.25, 0, 0 
9, 7883130,0.00, 100.00, 0.00, 2.25, 0, 0 
0, 7858651,0.00, 100.00, 0.00, 2.25, 0, 0 
1, 7692637,0.00, 100.00, 0.00, 2.25, 0, 0 
2, 7460069,0.00, 100.00, 0.00, 2.25, 0, 0 
3, 7228226,0.00, 100.00, 0.00, 2.25, 0, 0 
4, 7148380,0.00, 100.00, 0.00, 2.25, 0, 0 
5, 6880716,0.00, 100.00, 0.00, 2.25, 0, 0 
6, 6631805,0.00, 100.00, 0.00, 2.25, 0, 0 
7, 6534692,0.00, 100.00, 0.00, 2.25, 0, 0 
8, 6559347,0.00, 100.00, 0.00, 2.25, 0, 0 
9, 6432450,0.00, 100.00, 0.00, 2.25, 0, 0 
0, 6347057,0.00, 100.00, 0.00, 2.25, 0, 0 
1, 6396156,0.00, 100.00, 0.00, 2.25, 0, 0 
2, 6442046,0.00, 100.00, 0.00, 2.25, 0, 0 
3, 6515863,0.00, 100.00, 0.00, 2.25, 0, 0 
4, 6575600,0.00, 100.00, 0.00, 2.25, 0, 0 
5, 6545931,0.00, 100.00, 0.00, 2.25, 0, 0 
6, 6573136,0.00, 100.00, 0.00, 2.25, 0, 0 
7, 6647830,0.00, 100.00, 0.00, 2.25, 0, 0 
8, 6632833,0.00, 100.00, 0.00, 2.25, 0, 0 
9, 6633772,0.00, 100.00, 0.00, 2.25, 0, 0 
0, 6636035,0.00, 100.00, 0.00, 2.25, 0, 0 
1, 6576464,0.00, 100.00, 0.00, 2.25, 0, 0 
2, 6547677,0.00, 100.00, 0.00, 2.25, 0, 0 
3, 6491858,0.00, 100.00, 0.00, 2.25, 0, 0 
4, 6450343,0.00, 100.00, 0.00, 2.25, 0, 0 
5, 6419698,0.00, 100.00, 0.00, 2.25, 0, 0 
6, 6437700,0.00, 100.00, 0.00, 2.25, 0, 0 
7, 6334329,0.00, 100.00, 0.00, 2.25, 0, 0 
8, 6276406,0.00, 100.00, 0.00, 2.25, 0, 0 
9, 6226054,0.00, 100.00, 0.00, 2.25, 0, 0 
0, 6192770,0.00, 100.00, 0.00, 2.25, 0, 0 
1, 6193375,0.00, 100.00, 0.00, 2.25, 0, 0 
2, 6243404,0.00, 100.00, 0.00, 2.25, 0, 0 
3, 6276792,0.00, 100.00, 0.00, 2.25, 0, 0 
4, 6266886,0.00, 100.00, 0.00, 2.25, 0, 0 
5, 6252381,0.00, 100.00, 0.00, 2.25, 0, 0 
6, 6196629,0.00, 100.00, 0.00, 2.25, 0, 0 
7, 6198632,0.00, 100.00, 0.00, 2.25, 0, 0 
8, 6159054,0.00, 100.00, 0.00, 2.25, 0, 0 
9, 6100214,0.00, 100.00, 0.00, 2.25, 0, 0 
0, 6038757,0.00, 100.00, 0.00, 2.25, 0, 0 
1, 5961695,0.00, 100.00, 0.00, 2.25, 0, 0 
2, 5876926,0.00, 100.00, 0.00, 2.25, 0, 0 
3, 5811244,0.00, 100.00, 0.00, 2.25, 0, 0 
4, 5745157,0.00, 100.00, 0.00, 2.25, 0, 0 
5, 5702536,0.00, 100.00, 0.00, 2.25, 0, 0 
6, 5679455,0.00, 100.00, 0.00, 2.25, 0, 0 
7, 5696260,0.00, 100.00, 0.00, 2.25, 0, 0 
8, 5654517,0.00, 100.00, 0.00, 2.25, 0, 0 
9, 5757347,0.00, 100.00, 0.00, 2.25, 0, 0 
0, 5727637,0.00, 100.00, 0.00, 2.25, 0, 0 
1, 5757631,0.00, 100.00, 0.00, 2.25, 0, 0 
2, 6001462,0.00, 100.00, 0.00, 2.25, 0, 0 
3, 5973208,0.00, 100.00, 0.00, 2.25, 0, 0 
4, 5944316,0.00, 100.00, 0.00, 2.25, 0, 0 
5, 5919996,0.00, 100.00, 0.00, 2.25, 0, 0 
6, 5824869,0.00, 100.00, 0.00, 2.25, 0, 0 
7, 5722620,0.00, 100.00, 0.00, 2.25, 0, 0 
8, 5726696,0.00, 100.00, 0.00, 2.25, 0, 0 
9, 5650470,0.00, 100.00, 0.00, 2.25, 0, 0 
0, 5697777,0.00, 100.00, 0.00, 2.25, 0, 0 
1, 5700418,0.00, 100.00, 0.00, 2.25, 0, 0 
2, 5447536,0.00, 100.00, 0.00, 2.25, 0, 0 
3, 5446757,0.00, 100.00, 0.00, 2.25, 0, 0 
4, 5482293,0.00, 100.00, 0.00, 2.25, 0, 0 
5, 5512033,0.00, 100.00, 0.00, 2.25, 0, 0 
6, 5595492,0.00, 100.00, 0.00, 2.25, 0, 0 
7, 5653623,0.00, 100.00, 0.00, 2.25, 0, 0 
8, 5701956,0.00, 100.00, 0.00, 2.25, 0, 0 
9, 5707022,0.00, 100.00, 0.00, 2.25, 0, 0 
0, 5704951,0.00, 100.00, 0.00, 2.25, 0, 0 
1, 5713757,0.00, 100.00, 0.00, 2.25, 0, 0 
2, 5656297,0.00, 100.00, 0.00, 2.25, 0, 0 
3, 5718484,0.00, 100.00, 0.00, 2.25, 0, 0 
4, 5765698,0.00, 100.00, 0.00, 2.25, 0, 0 
5, 5718773,0.00, 100.00, 0.00, 2.25, 0, 0 
6, 5666621,0.00, 100.00, 0.00, 2.25, 0, 0 
7, 5611665,0.00, 100.00, 0.00, 2.25, 0, 0 
8, 5560773,0.00, 100.00, 0.00, 2.25, 0, 0 
9, 5505049,0.00, 100.00, 0.00, 2.25, 0, 0 
0, 5472487,0.00, 100.00, 0.00, 2.25, 0, 0 
1, 5403617,0.00, 100.00, 0.00, 2.25, 0, 0 
2, 5423335,0.00, 100.00, 0.00, 2.25, 0, 0 
3, 5453731,0.00, 100.00, 0.00, 2.25, 0, 0 
4, 5526476,0.00, 100.00, 0.00, 2.25, 0, 0 
5, 5796644,0.00, 100.00, 0.00, 2.25, 0, 0 
6, 5703848,0.00, 100.00, 0.00, 2.25, 0, 0 
7, 6007528,0.00, 100.00, 0.00, 2.25, 0, 0 
8, 5830088,0.00, 100.00, 0.00, 2.25, 0, 0 
9, 5727583,0.00, 100.00, 0.00, 2.25, 0, 0 
0, 5619262,0.00, 100.00, 0.00, 2.25, 0, 0 
1, 5827588,0.00, 100.00, 0.00, 2.25, 0, 0 
2, 5705519,0.00, 100.00, 0.00, 2.25, 0, 0 
3, 5552733,0.00, 100.00, 0.00, 2.25, 0, 0 
4, 5378215,0.00, 100.00, 0.00, 2.25, 0, 0 
5, 5079688,0.00, 100.00, 0.00, 2.25, 0, 0 
6, 5143275,0.00, 100.00, 0.00, 2.25, 0, 0 
7, 4633422,0.00, 100.00, 0.00, 2.25, 0, 0 
8, 4779892,0.00, 100.00, 0.00, 2.25, 0, 0 
9, 4694365,0.00, 100.00, 0.00, 2.25, 0, 0 
0, 4756614,0.00, 100.00, 0.00, 2.25, 0, 0 
1, 4527126,0.00, 100.00, 0.00, 2.25, 0, 0 
2, 4479789,0.00, 100.00, 0.00, 2.25, 0, 0 
3, 4479865,0.00, 100.00, 0.00, 2.25, 0, 0 
4, 4845058,0.00, 100.00, 0.00, 2.25, 0, 0 
5, 4678346,0.00, 100.00, 0.00, 2.25, 0, 0 
6, 4956065,0.00, 100.00, 0.00, 2.25, 0, 0 
7, 5502486,0.00, 100.00, 0.00, 2.25, 0, 0 
8, 5356549,0.00, 100.00, 0.00, 2.25, 0, 0 
9, 5388728,0.00, 100.00, 0.00, 2.25, 0, 0 
0, 5459456,0.00, 100.00, 0.00, 2.25, 0, 0 
1, 5521486,0.00, 100.00, 0.00, 2.25, 0, 0 
2, 5649376,0.00, 100.00, 0.00, 2.25, 0, 0 
3, 5683801,0.00, 100.00, 0.00, 2.25, 0, 0 
4, 5475949,0.00, 100.00, 0.00, 2.25, 0, 0 
5, 5490531,0.00, 100.00, 0.00, 2.25, 0, 0 
6, 5047549,0.00, 100.00, 0.00, 2.25, 0, 0 
7, 4947376,0.00, 100.00, 0.00, 2.25, 0, 0 
8, 4967252,0.00, 100.00, 0.00, 2.25, 0, 0 
9, 5345014,0.00, 100.00, 0.00, 2.25, 0, 0 
0, 5133355,0.00, 100.00, 0.00, 2.25, 0, 0 
1, 5336336,0.00, 100.00, 0.00, 2.25, 0, 0 
2, 5306567,0.00, 100.00, 0.00, 2.25, 0, 0 
3, 5238041,0.00, 100.00, 0.00, 2.25, 0, 0 
4, 4942689,0.00, 100.00, 0.00, 2.25, 0, 0 
5, 5055544,0.00, 100.00, 0.00, 2.25, 0, 0 
6, 5078010,0.00, 100.00, 0.00, 2.25, 0, 0 
7, 4808959,0.00, 100.00, 0.00, 2.25, 0, 0 
8, 4933024,0.00, 100.00, 0.00, 2.25, 0, 0 
9, 4684409,0.00, 100.00, 0.00, 2.25, 0, 0 
0, 4824363,0.00, 100.00, 0.00, 2.25, 0, 0 
1, 4559349,0.00, 100.00, 0.00, 2.25, 0, 0 
2, 4858424,0.00, 100.00, 0.00, 2.25, 0, 0 
3, 5256733,0.00, 100.00, 0.00, 2.25, 0, 0 
4, 5764176,0.00, 100.00, 0.00, 2.25, 0, 0 
5, 5686009,0.00, 100.00, 0.00, 2.25, 0, 0 
6, 5863960,0.00, 100.00, 0.00, 2.25, 0, 0 
7, 5891086,0.00, 100.00, 0.00, 2.25, 0, 0 
8, 6112395,0.00, 100.00, 0.00, 2.25, 0, 0 
9, 6245547,0.00, 100.00, 0.00, 2.25, 0, 0 
0, 6412946,0.00, 100.00, 0.00, 2.25, 0, 0 
1, 6320977,0.00, 100.00, 0.00, 2.25, 0, 0 
2, 6094286,0.00, 100.00, 0.00, 2.25, 0, 0 
3, 5734049,0.00, 100.00, 0.00, 2.25, 0, 0 
4, 5383648,0.00, 100.00, 0.00, 2.25, 0, 0 
5, 5514280,0.00, 100.00, 0.00, 2.25, 0, 0 
6, 5547357,0.00, 100.00, 0.00, 2.25, 0, 0 
7, 5635884,0.00, 100.00, 0.00, 2.25, 0, 0 
8, 5410178,0.00, 100.00, 0.00, 2.25, 0, 0 
9, 5252698,0.00, 100.00, 0.00, 2.25, 0, 0 
0, 5033876,0.00, 100.00, 0.00, 2.25, 0, 0 
1, 5083827,0.00, 100.00, 0.00, 2.25, 0, 0 
2, 4998321,0.00, 100.00, 0.00, 2.25, 0, 0 
3, 4944668,0.00, 100.00, 0.00, 2.25, 0, 0 
4, 5222992,0.00, 100.00, 0.00, 2.25, 0, 0 
5, 5167769,0.00, 100.00, 0.00, 2.25, 0, 0 
6, 5064334,0.00, 100.00, 0.00, 2.25, 0, 0 
7, 4946890,0.00, 100.00, 0.00, 2.25, 0, 0 
8, 4956233,0.00, 100.00, 0.00, 2.25, 0, 0 
9, 5119080,0.00, 100.00, 0.00, 2.25, 0, 0 
0, 5173071,0.00, 100.00, 0.00, 2.25, 0, 0 
1, 5089552,0.00, 100.00, 0.00, 2.25, 0, 0 
2, 5498962,0.00, 100.00, 0.00, 2.25, 0, 0 
3, 5438226,0.00, 100.00, 0.00, 2.25, 0, 0 
4, 5472817,0.00, 100.00, 0.00, 2.25, 0, 0 
5, 5395143,0.00, 100.00, 0.00, 2.25, 0, 0 
6, 5436256,0.00, 100.00, 0.00, 2.25, 0, 0 
7, 5451297,0.00, 100.00, 0.00, 2.25, 0, 0 
8, 5478868,0.00, 100.00, 0.00, 2.25, 0, 0 
9, 5427164,0.00, 100.00, 0.00, 2.25, 0, 0 
0, 5580124,0.00, 100.00, 0.00, 2.25, 0, 0 
1, 5903463,0.00, 100.00, 0.00, 2.25, 0, 0 
2, 5569387,0.00, 100.00, 0.00, 2.25, 0, 0 
3, 5734623,0.00, 100.00, 0.00, 2.25, 0, 0 
4, 5572719,0.00, 100.00, 0.00, 2.25, 0, 0 
5, 5660199,0.00, 100.00, 0.00, 2.25, 0, 0 
6, 5679366,0.00, 100.00, 0.00, 2.25, 0, 0 
7, 5695638,0.00, 100.00, 0.00, 2.25, 0, 0 
8, 5733826,0.00, 100.00, 0.00, 2.25, 0, 0 
9, 5676869,0.00, 100.00, 0.00, 2.25, 0, 0 
0, 5543958,0.00, 100.00, 0.00, 2.25, 0, 0 
1, 5376885,0.00, 100.00, 0.00, 2.25, 0, 0 
2, 5363391,0.00, 100.00, 0.00, 2.25, 0, 0 
3, 5332175,0.00, 100.00, 0.00, 2.25, 0, 0 
4, 5188232,0.00, 100.00, 0.00, 2.25, 0, 0 
5, 5248336,0.00, 100.00, 0.00, 2.25, 0, 0 
6, 5253391,0.00, 100.00, 0.00, 2.25, 0, 0 
7, 5250484,0.00, 100.00, 0.00, 2.25, 0, 0 
8, 5211261,0.00, 100.00, 0.00, 2.25, 0, 0 
9, 5205821,0.00, 100.00, 0.00, 2.25, 0, 0 
0, 5212144,0.00, 100.00, 0.00, 2.25, 0, 0 
1, 5210599,0.00, 100.00, 0.00, 2.25, 0, 0 
2, 5212522,0.00, 100.00, 0.00, 2.25, 0, 0 
3, 5212689,0.00, 100.00, 0.00, 2.25, 0, 0 
4, 5214600,0.00, 100.00, 0.00, 2.25, 0, 0 
5, 5216274,0.00, 100.00, 0.00, 2.25, 0, 0 
6, 5214522,0.00, 100.00, 0.00, 2.25, 0, 0 
7, 5202977,0.00, 100.00, 0.00, 2.25, 0, 0 
8, 5188995,0.00, 100.00, 0.00, 2.25, 0, 0 
9, 5241497,0.00, 100.00, 0.00, 2.25, 0, 0 
0, 5200827,0.00, 100.00, 0.00, 2.25, 0, 0 
1, 5202595,0.00, 100.00, 0.00, 2.25, 0, 0 
2, 5208447,0.00, 100.00, 0.00, 2.25, 0, 0 
3, 5209074,0.00, 100.00, 0.00, 2.25, 0, 0 
4, 5204632,0.00, 100.00, 0.00, 2.25, 0, 0 
5, 5201417,0.00, 100.00, 0.00, 2.25, 0, 0 
6, 5203972,0.00, 100.00, 0.00, 2.25, 0, 0 
7, 5229398,0.00, 100.00, 0.00, 2.25, 0, 0 
8, 5246963,0.00, 100.00, 0.00, 2.25, 0, 0 
9, 5216000,0.00, 100.00, 0.00, 2.25, 0, 0 
0, 5234315,0.00, 100.00, 0.00, 2.25, 0, 0 
1, 5218826,0.00, 100.00, 0.00, 2.25, 0, 0 
2, 5230397,0.00, 100.00, 0.00, 2.25, 0, 0 
3, 5228447,0.00, 100.00, 0.00, 2.25, 0, 0 
4, 5216136,0.00, 100.00, 0.00, 2.25, 0, 0 
5, 5215440,0.00, 100.00, 0.00, 2.25, 0, 0 
6, 5213164,0.00, 100.00, 0.00, 2.25, 0, 0 
7, 5200622,0.00, 100.00, 0.00, 2.25, 0, 0 
8, 5215371,0.00, 100.00, 0.00, 2.25, 0, 0 
9, 5181124,0.00, 100.00, 0.00, 2.25, 0, 0 
0, 5200838,0.00, 100.00, 0.00, 2.25, 0, 0 
1, 5215450,0.00, 100.00, 0.00, 2.25, 0, 0 
2, 5196416,0.00, 100.00, 0.00, 2.25, 0, 0 
3, 5199933,0.00, 100.00, 0.00, 2.25, 0, 0 
4, 5203283,0.00, 100.00, 0.00, 2.25, 0, 0 
5, 5235770,0.00, 100.00, 0.00, 2.25, 0, 0 
6, 5243059,0.00, 100.00, 0.00, 2.25, 0, 0 
7, 5242682,0.00, 100.00, 0.00, 2.25, 0, 0 
8, 5220669,0.00, 100.00, 0.00, 2.25, 0, 0 
9, 5240735,0.00, 100.00, 0.00, 2.25, 0, 0 
0, 5232680,0.00, 100.00, 0.00, 2.25, 0, 0 
1, 5232881,0.00, 100.00, 0.00, 2.25, 0, 0 
2, 5235076,0.00, 100.00, 0.00, 2.25, 0, 0 
3, 5235141,0.00, 100.00, 0.00, 2.25, 0, 0 
4, 5244545,0.00, 100.00, 0.00, 2.25, 0, 0 
5, 5240011,0.00, 100.00, 0.00, 2.25, 0, 0 
6, 5205909,0.00, 100.00, 0.00, 2.25, 0, 0 
7, 5200961,0.00, 100.00, 0.00, 2.25, 0, 0 
8, 5211585,0.00, 100.00, 0.00, 2.25, 0, 0 
9, 5230010,0.00, 100.00, 0.00, 2.25, 0, 0 
0, 5211603,0.00, 100.00, 0.00, 2.25, 0, 0 
1, 5257496,0.00, 100.00, 0.00, 2.25, 0, 0 
2, 5211073,0.00, 100.00, 0.00, 2.25, 0, 0 
3, 5209089,0.00, 100.00, 0.00, 2.25, 0, 0 
4, 5209085,0.00, 100.00, 0.00, 2.25, 0, 0 
5, 5185749,0.00, 100.00, 0.00, 2.25, 0, 0 
6, 5207430,0.00, 100.00, 0.00, 2.25, 0, 0 
7, 5217102,0.00, 100.00, 0.00, 2.25, 0, 0 
8, 5208378,0.00, 100.00, 0.00, 2.25, 0, 0 
9, 5185241,0.00, 100.00, 0.00, 2.25, 0, 0 
0, 5212379,0.00, 100.00, 0.00, 2.25, 0, 0 
1, 5146714,0.00, 100.00, 0.00, 2.25, 0, 0 
2, 5218351,0.00, 100.00, 0.00, 2.25, 0, 0 
3, 5213092,0.00, 100.00, 0.00, 2.25, 0, 0 
4, 5193560,0.00, 100.00, 0.00, 2.25, 0, 0 
5, 5226105,0.00, 100.00, 0.00, 2.25, 0, 0 
6, 5232684,0.00, 100.00, 0.00, 2.25, 0, 0 
7, 5228124,0.00, 100.00, 0.00, 2.25, 0, 0 
8, 5354414,0.00, 100.00, 0.00, 2.25, 0, 0 
9, 5246932,0.00, 100.00, 0.00, 2.25, 0, 0 
0, 5247045,0.00, 100.00, 0.00, 2.25, 0, 0 
1, 5264824,0.00, 100.00, 0.00, 2.25, 0, 0 
2, 5216763,0.00, 100.00, 0.00, 2.25, 0, 0 
3, 5240453,0.00, 100.00, 0.00, 2.25, 0, 0 
4, 5255340,0.00, 100.00, 0.00, 2.25, 0, 0 
5, 5221532,0.00, 100.00, 0.00, 2.25, 0, 0 
6, 5223130,0.00, 100.00, 0.00, 2.25, 0, 0 
7, 5223228,0.00, 100.00, 0.00, 2.25, 0, 0 
8, 5066615,0.00, 100.00, 0.00, 2.25, 0, 0 
9, 5211373,0.00, 100.00, 0.00, 2.25, 0, 0 
0, 5204214,0.00, 100.00, 0.00, 2.25, 0, 0 
1, 5199836,0.00, 100.00, 0.00, 2.25, 0, 0 
2, 5227231,0.00, 100.00, 0.00, 2.25, 0, 0 
3, 5207016,0.00, 100.00, 0.00, 2.25, 0, 0 
4, 5215987,0.00, 100.00, 0.00, 2.25, 0, 0 
5, 5216799,0.00, 100.00, 0.00, 2.25, 0, 0 
6, 5214017,0.00, 100.00, 0.00, 2.25, 0, 0 
7, 5210623,0.00, 100.00, 0.00, 2.25, 0, 0 
8, 5253931,0.00, 100.00, 0.00, 2.25, 0, 0 
9, 5203437,0.00, 100.00, 0.00, 2.25, 0, 0 
0, 5207433,0.00, 100.00, 0.00, 2.25, 0, 0 
1, 5212894,0.00, 100.00, 0.00, 2.25, 0, 0 
2, 5218202,0.00, 100.00, 0.00, 2.25, 0, 0 
3, 5236316,0.00, 100.00, 0.00, 2.25, 0, 0 
4, 5213685,0.00, 100.00, 0.00, 2.25, 0, 0 
5, 5213214,0.00, 100.00, 0.00, 2.25, 0, 0 
6, 5224294,0.00, 100.00, 0.00, 2.25, 0, 0 
7, 5271789,0.00, 100.00, 0.00, 2.25, 0, 0 
8, 5207634,0.00, 100.00, 0.00, 2.25, 0, 0 
9, 5233456,0.00, 100.00, 0.00, 2.25, 0, 0 
0, 5224652,0.00, 100.00, 0.00, 2.25, 0, 0 
1, 5231633,0.00, 100.00, 0.00, 2.25, 0, 0 
2, 5223934,0.00, 100.00, 0.00, 2.25, 0, 0 
3, 5210097,0.00, 100.00, 0.00, 2.25, 0, 0 
4, 5227079,0.00, 100.00, 0.00, 2.25, 0, 0 
5, 5225702,0.00, 100.00, 0.00, 2.25, 0, 0 
6, 5213748,0.00, 100.00, 0.00, 2.25, 0, 0 
7, 5157197,0.00, 100.00, 0.00, 2.25, 0, 0 
8, 5208044,0.00, 100.00, 0.00, 2.25, 0, 0 
9, 5194795,0.00, 100.00, 0.00, 2.25, 0, 0 
0, 5183544,0.00, 100.00, 0.00, 2.25, 0, 0 
1, 5179805,0.00, 100.00, 0.00, 2.25, 0, 0 
2, 5207824,0.00, 100.00, 0.00, 2.25, 0, 0 
3, 5193313,0.00, 100.00, 0.00, 2.25, 0, 0 
4, 5182842,0.00, 100.00, 0.00, 2.25, 0, 0 
5, 5184976,0.00, 100.00, 0.00, 2.25, 0, 0 
6, 5182665,0.00, 100.00, 0.00, 2.25, 0, 0 
7, 5239919,0.00, 100.00, 0.00, 2.25, 0, 0 
8, 5243172,0.00, 100.00, 0.00, 2.25, 0, 0 
9, 5224348,0.00, 100.00, 0.00, 2.25, 0, 0 
0, 5246791,0.00, 100.00, 0.00, 2.25, 0, 0 
1, 5252396,0.00, 100.00, 0.00, 2.25, 0, 0 
2, 5236633,0.00, 100.00, 0.00, 2.25, 0, 0 
3, 5253446,0.00, 100.00, 0.00, 2.25, 0, 0 
4, 5264076,0.00, 100.00, 0.00, 2.25, 0, 0 
5, 5260954,0.00, 100.00, 0.00, 2.25, 0, 0 
6, 5262552,0.00, 100.00, 0.00, 2.25, 0, 0 
7, 5203915,0.00, 100.00, 0.00, 2.25, 0, 0 
8, 5198678,0.00, 100.00, 0.00, 2.25, 0, 0 
9, 5220275,0.00, 100.00, 0.00, 2.25, 0, 0 
0, 5218554,0.00, 100.00, 0.00, 2.25, 0, 0 
1, 5207376,0.00, 100.00, 0.00, 2.25, 0, 0 
2, 5209201,0.00, 100.00, 0.00, 2.25, 0, 0 
3, 5196437,0.00, 100.00, 0.00, 2.25, 0, 0 
4, 5200172,0.00, 100.00, 0.00, 2.25, 0, 0 
5, 5200380,0.00, 100.00, 0.00, 2.25, 0, 0 
6, 5175040,0.00, 100.00, 0.00, 2.25, 0, 0 
7, 5216064,0.00, 100.00, 0.00, 2.25, 0, 0 
8, 5214940,0.00, 100.00, 0.00, 2.25, 0, 0 
9, 5238699,0.00, 100.00, 0.00, 2.25, 0, 0 
0, 5233842,0.00, 100.00, 0.00, 2.25, 0, 0 
1, 5234629,0.00, 100.00, 0.00, 2.25, 0, 0 
2, 5223821,0.00, 100.00, 0.00, 2.25, 0, 0 
3, 5231367,0.00, 100.00, 0.00, 2.25, 0, 0 
4, 5228803,0.00, 100.00, 0.00, 2.25, 0, 0 
5, 5230267,0.00, 100.00, 0.00, 2.25, 0, 0 
6, 5256052,0.00, 100.00, 0.00, 2.25, 0, 0 
7, 5226228,0.00, 100.00, 0.00, 2.25, 0, 0 
8, 5219693,0.00, 100.00, 0.00, 2.25, 0, 0 
9, 5194624,0.00, 100.00, 0.00, 2.25, 0, 0 
0, 5211241,0.00, 100.00, 0.00, 2.25, 0, 0 
1, 5265383,0.00, 100.00, 0.00, 2.25, 0, 0 
2, 5170903,0.00, 100.00, 0.00, 2.25, 0, 0 
3, 5174635,0.00, 100.00, 0.00, 2.25, 0, 0 
4, 5199721,0.00, 100.00, 0.00, 2.25, 0, 0 
5, 5201070,0.00, 100.00, 0.00, 2.25, 0, 0 
6, 5257431,0.00, 100.00, 0.00, 2.25, 0, 0 
7, 5217176,0.00, 100.00, 0.00, 2.25, 0, 0 
8, 5228858,0.00, 100.00, 0.00, 2.25, 0, 0 
9, 5225606,0.00, 100.00, 0.00, 2.25, 0, 0 
0, 5217714,0.00, 100.00, 0.00, 2.25, 0, 0 
1, 5167063,0.00, 100.00, 0.00, 2.25, 0, 0 
2, 5252971,0.00, 100.00, 0.00, 2.25, 0, 0 
3, 5248679,0.00, 100.00, 0.00, 2.25, 0, 0 
4, 5226621,0.00, 100.00, 0.00, 2.25, 0, 0 
5, 5226537,0.00, 100.00, 0.00, 2.25, 0, 0 
6, 5170659,0.00, 100.00, 0.00, 2.25, 0, 0 
7, 5211171,0.00, 100.00, 0.00, 2.25, 0, 0 
8, 5210467,0.00, 100.00, 0.00, 2.25, 0, 0 
9, 5210347,0.00, 100.00, 0.00, 2.25, 0, 0 
0, 5322623,0.00, 100.00, 0.00, 2.25, 0, 0 
1, 5258954,0.00, 100.00, 0.00, 2.25, 0, 0 
2, 5256823,0.00, 100.00, 0.00, 2.25, 0, 0 
3, 5274357,0.00, 100.00, 0.00, 2.25, 0, 0 
4, 5286955,0.00, 100.00, 0.00, 2.25, 0, 0 
5, 5297048,0.00, 100.00, 0.00, 2.25, 0, 0 
6, 5334570,0.00, 100.00, 0.00, 2.25, 0, 0 
7, 5287738,0.00, 100.00, 0.00, 2.25, 0, 0 
8, 5285296,0.00, 100.00, 0.00, 2.25, 0, 0 
9, 5287553,0.00, 100.00, 0.00, 2.25, 0, 0 
0, 5172796,0.00, 100.00, 0.00, 2.25, 0, 0 
1, 5230134,0.00, 100.00, 0.00, 2.25, 0, 0 
2, 5239238,0.00, 100.00, 0.00, 2.25, 0, 0 
3, 5222738,0.00, 100.00, 0.00, 2.25, 0, 0 
4, 5208152,0.00, 100.00, 0.00, 2.25, 0, 0 
5, 5194591,0.00, 100.00, 0.00, 2.25, 0, 0 
6, 5158408,0.00, 100.00, 0.00, 2.25, 0, 0 
7, 5205888,0.00, 100.00, 0.00, 2.25, 0, 0 
8, 5208957,0.00, 100.00, 0.00, 2.25, 0, 0 
9, 5208691,0.00, 100.00, 0.00, 2.25, 0, 0 
0, 5225793,0.00, 100.00, 0.00, 2.25, 0, 0 
1, 5227925,0.00, 100.00, 0.00, 2.25, 0, 0 
2, 5226228,0.00, 100.00, 0.00, 2.25, 0, 0 
3, 5222968,0.00, 100.00, 0.00, 2.25, 0, 0 
4, 5230812,0.00, 100.00, 0.00, 2.25, 0, 0 
5, 5228797,0.00, 100.00, 0.00, 2.25, 0, 0 
6, 5226574,0.00, 100.00, 0.00, 2.25, 0, 0 
7, 5231619,0.00, 100.00, 0.00, 2.25, 0, 0 
8, 5220086,0.00, 100.00, 0.00, 2.25, 0, 0 
9, 5212882,0.00, 100.00, 0.00, 2.25, 0, 0 
0, 5188284,0.00, 100.00, 0.00, 2.25, 0, 0 
1, 5205625,0.00, 100.00, 0.00, 2.25, 0, 0 
2, 5201261,0.00, 100.00, 0.00, 2.25, 0, 0 
3, 5205139,0.00, 100.00, 0.00, 2.25, 0, 0 
4, 5195810,0.00, 100.00, 0.00, 2.25, 0, 0 
5, 5201538,0.00, 100.00, 0.00, 2.25, 0, 0 
6, 5172358,0.00, 100.00, 0.00, 2.25, 0, 0 
7, 5172093,0.00, 100.00, 0.00, 2.25, 0, 0 
8, 5203988,0.00, 100.00, 0.00, 2.25, 0, 0 
9, 5259669,0.00, 100.00, 0.00, 2.25, 0, 0 
0, 5320189,0.00, 100.00, 0.00, 2.25, 0, 0 
1, 5232378,0.00, 100.00, 0.00, 2.25, 0, 0 
2, 5234698,0.00, 100.00, 0.00, 2.25, 0, 0 
3, 5238690,0.00, 100.00, 0.00, 2.25, 0, 0 
4, 5241825,0.00, 100.00, 0.00, 2.25, 0, 0 
5, 5241317,0.00, 100.00, 0.00, 2.25, 0, 0 
6, 5267083,0.00, 100.00, 0.00, 2.25, 0, 0 
7, 5268612,0.00, 100.00, 0.00, 2.25, 0, 0 
8, 5242765,0.00, 100.00, 0.00, 2.25, 0, 0 
9, 5194897,0.00, 100.00, 0.00, 2.25, 0, 0 
0, 5141930,0.00, 100.00, 0.00, 2.25, 0, 0 
1, 5210716,0.00, 100.00, 0.00, 2.25, 0, 0 
2, 5212321,0.00, 100.00, 0.00, 2.25, 0, 0 
3, 5207088,0.00, 100.00, 0.00, 2.25, 0, 0 
4, 5203264,0.00, 100.00, 0.00, 2.25, 0, 0 
5, 5246887,0.00, 100.00, 0.00, 2.25, 0, 0 
6, 5208776,0.00, 100.00, 0.00, 2.25, 0, 0 
7, 5204079,0.00, 100.00, 0.00, 2.25, 0, 0 
8, 5208905,0.00, 100.00, 0.00, 2.25, 0, 0 
9, 5213724,0.00, 100.00, 0.00, 2.25, 0, 0 
0, 5211374,0.00, 100.00, 0.00, 2.25, 0, 0 
1, 5212673,0.00, 100.00, 0.00, 2.25, 0, 0 
2, 5212744,0.00, 100.00, 0.00, 2.25, 0, 0 
3, 5212447,0.00, 100.00, 0.00, 2.25, 0, 0 
4, 5218355,0.00, 100.00, 0.00, 2.25, 0, 0 
5, 5173156,0.00, 100.00, 0.00, 2.25, 0, 0 
6, 5215616,0.00, 100.00, 0.00, 2.25, 0, 0 
7, 5202824,0.00, 100.00, 0.00, 2.25, 0, 0 
8, 5191002,0.00, 100.00, 0.00, 2.25, 0, 0 
9, 5188112,0.00, 100.00, 0.00, 2.25, 0, 0 
0, 5392876,0.00, 100.00, 0.00, 2.25, 0, 0 
1, 5328728,0.00, 100.00, 0.00, 2.25, 0, 0 
2, 5328713,0.00, 100.00, 0.00, 2.25, 0, 0 
3, 5334076,0.00, 100.00, 0.00, 2.25, 0, 0 
4, 5322845,0.00, 100.00, 0.00, 2.25, 0, 0 
5, 5321703,0.00, 100.00, 0.00, 2.25, 0, 0 
6, 5318897,0.00, 100.00, 0.00, 2.25, 0, 0 
7, 5336118,0.00, 100.00, 0.00, 2.25, 0, 0 
8, 5345757,0.00, 100.00, 0.00, 2.25, 0, 0 
9, 5342635,0.00, 100.00, 0.00, 2.25, 0, 0 
0, 5138299,0.00, 100.00, 0.00, 2.25, 0, 0 
1, 5204492,0.00, 100.00, 0.00, 2.25, 0, 0 
2, 5201203,0.00, 100.00, 0.00, 2.25, 0, 0 
3, 5177060,0.00, 100.00, 0.00, 2.25, 0, 0 
4, 5208866,0.00, 100.00, 0.00, 2.25, 0, 0 
5, 5212032,0.00, 100.00, 0.00, 2.25, 0, 0 
6, 5231727,0.00, 100.00, 0.00, 2.25, 0, 0 
7, 5229599,0.00, 100.00, 0.00, 2.25, 0, 0 
8, 5226859,0.00, 100.00, 0.00, 2.25, 0, 0 
9, 5227680,0.00, 100.00, 0.00, 2.25, 0, 0 
0, 5224824,0.00, 100.00, 0.00, 2.25, 0, 0 
1, 5217431,0.00, 100.00, 0.00, 2.25, 0, 0 
2, 5235451,0.00, 100.00, 0.00, 2.25, 0, 0 
3, 5244238,0.00, 100.00, 0.00, 2.25, 0, 0 
4, 5222038,0.00, 100.00, 0.00, 2.25, 0, 0 
5, 5230917,0.00, 100.00, 0.00, 2.25, 0, 0 
6, 5194104,0.00, 100.00, 0.00, 2.25, 0, 0 
7, 5192697,0.00, 100.00, 0.00, 2.25, 0, 0 
8, 5212804,0.00, 100.00, 0.00, 2.25, 0, 0 
9, 5204166,0.00, 100.00, 0.00, 2.25, 0, 0 
0, 5217864,0.00, 100.00, 0.00, 2.25, 0, 0 
1, 5278444,0.00, 100.00, 0.00, 2.25, 0, 0 
2, 5236367,0.00, 100.00, 0.00, 2.25, 0, 0 
3, 5243608,0.00, 100.00, 0.00, 2.25, 0, 0 
4, 5238885,0.00, 100.00, 0.00, 2.25, 0, 0 
5, 5232670,0.00, 100.00, 0.00, 2.25, 0, 0 
6, 5242025,0.00, 100.00, 0.00, 2.25, 0, 0 
7, 5220983,0.00, 100.00, 0.00, 2.25, 0, 0 
8, 5229467,0.00, 100.00, 0.00, 2.25, 0, 0 
9, 5292391,0.00, 100.00, 0.00, 2.25, 0, 0 
0, 5245225,0.00, 100.00, 0.00, 2.25, 0, 0 
1, 5190882,0.00, 100.00, 0.00, 2.25, 0, 0 
2, 5255673,0.00, 100.00, 0.00, 2.25, 0, 0 
3, 5208021,0.00, 100.00, 0.00, 2.25, 0, 0 
4, 5206883,0.00, 100.00, 0.00, 2.25, 0, 0 
5, 5223659,0.00, 100.00, 0.00, 2.25, 0, 0 
6, 5231798,0.00, 100.00, 0.00, 2.25, 0, 0 
7, 5252029,0.00, 100.00, 0.00, 2.25, 0, 0 
8, 5226768,0.00, 100.00, 0.00, 2.25, 0, 0 
9, 5171731,0.00, 100.00, 0.00, 2.25, 0, 0 
0, 5192649,0.00, 100.00, 0.00, 2.25, 0, 0 
1, 5195818,0.00, 100.00, 0.00, 2.25, 0, 0 
2, 5162380,0.00, 100.00, 0.00, 2.25, 0, 0 
3, 5228037,0.00, 100.00, 0.00, 2.25, 0, 0 
4, 5233256,0.00, 100.00, 0.00, 2.25, 0, 0 
5, 5212205,0.00, 100.00, 0.00, 2.25, 0, 0 
6, 5210725,0.00, 100.00, 0.00, 2.25, 0, 0 
7, 5203992,0.00, 100.00, 0.00, 2.25, 0, 0 
8, 5207044,0.00, 100.00, 0.00, 2.25, 0, 0 
9, 5205238,0.00, 100.00, 0.00, 2.25, 0, 0 
0, 5193525,0.00, 100.00, 0.00, 2.25, 0, 0 
1, 5233636,0.00, 100.00, 0.00, 2.25, 0, 0 
2, 5219208,0.00, 100.00, 0.00, 2.25, 0, 0 
3, 5210442,0.00, 100.00, 0.00, 2.25, 0, 0 
4, 5199900,0.00, 100.00, 0.00, 2.25, 0, 0 
5, 5208703,0.00, 100.00, 0.00, 2.25, 0, 0 
6, 5201797,0.00, 100.00, 0.00, 2.25, 0, 0 
7, 5212860,0.00, 100.00, 0.00, 2.25, 0, 0 
8, 5213057,0.00, 100.00, 0.00, 2.25, 0, 0 
9, 5214301,0.00, 100.00, 0.00, 2.25, 0, 0 
0, 5242822,0.00, 100.00, 0.00, 2.25, 0, 0 
1, 5198735,0.00, 100.00, 0.00, 2.25, 0, 0 
2, 5221523,0.00, 100.00, 0.00, 2.25, 0, 0 
3, 5205442,0.00, 100.00, 0.00, 2.25, 0, 0 
4, 5218415,0.00, 100.00, 0.00, 2.25, 0, 0 
5, 5228194,0.00, 100.00, 0.00, 2.25, 0, 0 
6, 5222138,0.00, 100.00, 0.00, 2.25, 0, 0 
7, 5233938,0.00, 100.00, 0.00, 2.25, 0, 0 
8, 5216546,0.00, 100.00, 0.00, 2.25, 0, 0 
9, 5216602,0.00, 100.00, 0.00, 2.25, 0, 0 
0, 5231302,0.00, 100.00, 0.00, 2.25, 0, 0 
1, 5215198,0.00, 100.00, 0.00, 2.25, 0, 0 
2, 5203600,0.00, 100.00, 0.00, 2.25, 0, 0 
3, 5235297,0.00, 100.00, 0.00, 2.25, 0, 0 
4, 5197977,0.00, 100.00, 0.00, 2.25, 0, 0 
5, 5209141,0.00, 100.00, 0.00, 2.25, 0, 0 
6, 5219434,0.00, 100.00, 0.00, 2.25, 0, 0 
7, 5213539,0.00, 100.00, 0.00, 2.25, 0, 0 
8, 5229342,0.00, 100.00, 0.00, 2.25, 0, 0 
9, 5227277,0.00, 100.00, 0.00, 2.25, 0, 0 
0, 5210726,0.00, 100.00, 0.00, 2.25, 0, 0 
1, 5217260,0.00, 100.00, 0.00, 2.25, 0, 0 
2, 5231741,0.00, 100.00, 0.00, 2.25, 0, 0 
3, 5219071,0.00, 100.00, 0.00, 2.25, 0, 0 
4, 5246874,0.00, 100.00, 0.00, 2.25, 0, 0 
5, 5297436,0.00, 100.00, 0.00, 2.25, 0, 0 
6, 5235746,0.00, 100.00, 0.00, 2.25, 0, 0 
7, 5222760,0.00, 100.00, 0.00, 2.25, 0, 0 
8, 5220531,0.00, 100.00, 0.00, 2.25, 0, 0 
9, 5219520,0.00, 100.00, 0.00, 2.25, 0, 0 
0, 5225836,0.00, 100.00, 0.00, 2.25, 0, 0 
1, 5231929,0.00, 100.00, 0.00, 2.25, 0, 0 
2, 5220519,0.00, 100.00, 0.00, 2.25, 0, 0 
3, 5210543,0.00, 100.00, 0.00, 2.25, 0, 0 
4, 5218308,0.00, 100.00, 0.00, 2.25, 0, 0 
5, 5137260,0.00, 100.00, 0.00, 2.25, 0, 0 
6, 5206610,0.00, 100.00, 0.00, 2.25, 0, 0 
7, 5205750,0.00, 100.00, 0.00, 2.25, 0, 0 
8, 5228970,0.00, 100.00, 0.00, 2.25, 0, 0 
9, 5227078,0.00, 100.00, 0.00, 2.25, 0, 0 
0, 5226861,0.00, 100.00, 0.00, 2.25, 0, 0 
1, 5193100,0.00, 100.00, 0.00, 2.25, 0, 0 
2, 5211996,0.00, 100.00, 0.00, 2.25, 0, 0 
3, 5226484,0.00, 100.00, 0.00, 2.25, 0, 0 
4, 5263712,0.00, 100.00, 0.00, 2.25, 0, 0 
5, 5226539,0.00, 100.00, 0.00, 2.25, 0, 0 
6, 5228330,0.00, 100.00, 0.00, 2.25, 0, 0 
7, 5232362,0.00, 100.00, 0.00, 2.25, 0, 0 
8, 5213983,0.00, 100.00, 0.00, 2.25, 0, 0 
9, 5236049,0.00, 100.00, 0.00, 2.25, 0, 0 
0, 5215273,0.00, 100.00, 0.00, 2.25, 0, 0 
1, 5252245,0.00, 100.00, 0.00, 2.25, 0, 0 
2, 5217009,0.00, 100.00, 0.00, 2.25, 0, 0 
3, 5205006,0.00, 100.00, 0.00, 2.25, 0, 0 
4, 5160614,0.00, 100.00, 0.00, 2.25, 0, 0 
5, 5196566,0.00, 100.00, 0.00, 2.25, 0, 0 
6, 5198346,0.00, 100.00, 0.00, 2.25, 0, 0 
7, 5196226,0.00, 100.00, 0.00, 2.25, 0, 0 
8, 5230475,0.00, 100.00, 0.00, 2.25, 0, 0 
9, 5175328,0.00, 100.00, 0.00, 2.25, 0, 0 
0, 5167365,0.00, 100.00, 0.00, 2.25, 0, 0 
1, 5212144,0.00, 100.00, 0.00, 2.25, 0, 0 
2, 5226361,0.00, 100.00, 0.00, 2.25, 0, 0 
3, 5208454,0.00, 100.00, 0.00, 2.25, 0, 0 
4, 5214961,0.00, 100.00, 0.00, 2.25, 0, 0 
5, 5216200,0.00, 100.00, 0.00, 2.25, 0, 0 
6, 5226004,0.00, 100.00, 0.00, 2.25, 0, 0 
7, 5232427,0.00, 100.00, 0.00, 2.25, 0, 0 
8, 5193718,0.00, 100.00, 0.00, 2.25, 0, 0 
9, 5231697,0.00, 100.00, 0.00, 2.25, 0, 0 
0, 5256245,0.00, 100.00, 0.00, 2.25, 0, 0 
1, 5212881,0.00, 100.00, 0.00, 2.25, 0, 0 
2, 5188423,0.00, 100.00, 0.00, 2.25, 0, 0 
3, 5245842,0.00, 100.00, 0.00, 2.25, 0, 0 
4, 5230207,0.00, 100.00, 0.00, 2.25, 0, 0 
5, 5219001,0.00, 100.00, 0.00, 2.25, 0, 0 
6, 5205896,0.00, 100.00, 0.00, 2.25, 0, 0 
7, 5201415,0.00, 100.00, 0.00, 2.25, 0, 0 
8, 5198030,0.00, 100.00, 0.00, 2.25, 0, 0 
9, 5198216,0.00, 100.00, 0.00, 2.25, 0, 0 
0, 5197656,0.00, 100.00, 0.00, 2.25, 0, 0 
1, 5199022,0.00, 100.00, 0.00, 2.25, 0, 0 
2, 5223950,0.00, 100.00, 0.00, 2.25, 0, 0 
3, 5195437,0.00, 100.00, 0.00, 2.25, 0, 0 
4, 5202175,0.00, 100.00, 0.00, 2.25, 0, 0 
5, 5206725,0.00, 100.00, 0.00, 2.25, 0, 0 
6, 5218506,0.00, 100.00, 0.00, 2.25, 0, 0 
7, 5229103,0.00, 100.00, 0.00, 2.25, 0, 0 
8, 5203871,0.00, 100.00, 0.00, 2.25, 0, 0 
9, 5228583,0.00, 100.00, 0.00, 2.25, 0, 0 
0, 5194279,0.00, 100.00, 0.00, 2.25, 0, 0 
1, 5195269,0.00, 100.00, 0.00, 2.25, 0, 0 
2, 5234416,0.00, 100.00, 0.00, 2.25, 0, 0 
3, 5217528,0.00, 100.00, 0.00, 2.25, 0, 0 
4, 5230107,0.00, 100.00, 0.00, 2.25, 0, 0 
5, 5227880,0.00, 100.00, 0.00, 2.25, 0, 0 
6, 5217282,0.00, 100.00, 0.00, 2.25, 0, 0 
7, 5206277,0.00, 100.00, 0.00, 2.25, 0, 0 
8, 5236108,0.00, 100.00, 0.00, 2.25, 0, 0 
9, 5217210,0.00, 100.00, 0.00, 2.25, 0, 0 
0, 5242093,0.00, 100.00, 0.00, 2.25, 0, 0 
1, 5241782,0.00, 100.00, 0.00, 2.25, 0, 0 
2, 5200261,0.00, 100.00, 0.00, 2.25, 0, 0 
3, 5205762,0.00, 100.00, 0.00, 2.25, 0, 0 
4, 5184164,0.00, 100.00, 0.00, 2.25, 0, 0 
5, 5188735,0.00, 100.00, 0.00, 2.25, 0, 0 
6, 5204324,0.00, 100.00, 0.00, 2.25, 0, 0 
7, 5206451,0.00, 100.00, 0.00, 2.25, 0, 0 
8, 5204410,0.00, 100.00, 0.00, 2.25, 0, 0 
9, 5202464,0.00, 100.00, 0.00, 2.25, 0, 0 
0, 5203404,0.00, 100.00, 0.00, 2.25, 0, 0 
1, 5199977,0.00, 100.00, 0.00, 2.25, 0, 0 
2, 5193227,0.00, 100.00, 0.00, 2.25, 0, 0 
3, 5189660,0.00, 100.00, 0.00, 2.25, 0, 0 
4, 5213926,0.00, 100.00, 0.00, 2.25, 0, 0 
5, 5214606,0.00, 100.00, 0.00, 2.25, 0, 0 
6, 5197517,0.00, 100.00, 0.00, 2.25, 0, 0 
7, 5193033,0.00, 100.00, 0.00, 2.25, 0, 0 
8, 5196585,0.00, 100.00, 0.00, 2.25, 0, 0 
9, 5188122,0.00, 100.00, 0.00, 2.25, 0, 0 
0, 5202772,0.00, 100.00, 0.00, 2.25, 0, 0 
1, 5175423,0.00, 100.00, 0.00, 2.25, 0, 0 
2, 5233261,0.00, 100.00, 0.00, 2.25, 0, 0 
3, 5228534,0.00, 100.00, 0.00, 2.25, 0, 0 
4, 5219137,0.00, 100.00, 0.00, 2.25, 0, 0 
5, 5224318,0.00, 100.00, 0.00, 2.25, 0, 0 
6, 5223215,0.00, 100.00, 0.00, 2.25, 0, 0 
7, 5225089,0.00, 100.00, 0.00, 2.25, 0, 0 
8, 5226765,0.00, 100.00, 0.00, 2.25, 0, 0 
9, 5229519,0.00, 100.00, 0.00, 2.25, 0, 0 
0, 5189846,0.00, 100.00, 0.00, 2.25, 0, 0 
1, 5231163,0.00, 100.00, 0.00, 2.25, 0, 0 
2, 5192022,0.00, 100.00, 0.00, 2.25, 0, 0 
3, 5197204,0.00, 100.00, 0.00, 2.25, 0, 0 
4, 5200417,0.00, 100.00, 0.00, 2.25, 0, 0 
5, 5172070,0.00, 100.00, 0.00, 2.25, 0, 0 
6, 5212942,0.00, 100.00, 0.00, 2.25, 0, 0 
7, 5175851,0.00, 100.00, 0.00, 2.25, 0, 0 
8, 5207742,0.00, 100.00, 0.00, 2.25, 0, 0 
9, 5211331,0.00, 100.00, 0.00, 2.25, 0, 0 
0, 5244813,0.00, 100.00, 0.00, 2.25, 0, 0 
1, 5232724,0.00, 100.00, 0.00, 2.25, 0, 0 
2, 5220130,0.00, 100.00, 0.00, 2.25, 0, 0 
3, 5205480,0.00, 100.00, 0.00, 2.25, 0, 0 
4, 5207894,0.00, 100.00, 0.00, 2.25, 0, 0 
5, 5231836,0.00, 100.00, 0.00, 2.25, 0, 0 
6, 5186937,0.00, 100.00, 0.00, 2.25, 0, 0 
7, 5226847,0.00, 100.00, 0.00, 2.25, 0, 0 
8, 5205331,0.00, 100.00, 0.00, 2.25, 0, 0 
9, 5165637,0.00, 100.00, 0.00, 2.25, 0, 0 
0, 5206071,0.00, 100.00, 0.00, 2.25, 0, 0 
1, 5199937,0.00, 100.00, 0.00, 2.25, 0, 0 
2, 5203646,0.00, 100.00, 0.00, 2.25, 0, 0 
3, 5361429,0.00, 100.00, 0.00, 2.25, 0, 0 
4, 5313225,0.00, 100.00, 0.00, 2.25, 0, 0 
5, 5314708,0.00, 100.00, 0.00, 2.25, 0, 0 
6, 5321991,0.00, 100.00, 0.00, 2.25, 0, 0 
7, 5317407,0.00, 100.00, 0.00, 2.25, 0, 0 
8, 5303041,0.00, 100.00, 0.00, 2.25, 0, 0 
9, 5339705,0.00, 100.00, 0.00, 2.25, 0, 0 
0, 5301450,0.00, 100.00, 0.00, 2.25, 0, 0 
1, 5296929,0.00, 100.00, 0.00, 2.25, 0, 0 
2, 5287587,0.00, 100.00, 0.00, 2.25, 0, 0 
3, 5144934,0.00, 100.00, 0.00, 2.25, 0, 0 
4, 5189688,0.00, 100.00, 0.00, 2.25, 0, 0 
5, 5191198,0.00, 100.00, 0.00, 2.25, 0, 0 
6, 5160791,0.00, 100.00, 0.00, 2.25, 0, 0 
7, 4942098,0.00, 100.00, 0.00, 2.25, 0, 0 
8, 4924254,0.00, 100.00, 0.00, 2.25, 0, 0 
9, 4906247,0.00, 100.00, 0.00, 2.25, 0, 0 
0, 4945105,0.00, 100.00, 0.00, 2.25, 0, 0 
1, 4953772,0.00, 100.00, 0.00, 2.25, 0, 0 
2, 4961750,0.00, 100.00, 0.00, 2.25, 0, 0 
3, 4963917,0.00, 100.00, 0.00, 2.25, 0, 0 
4, 5094246,0.00, 100.00, 0.00, 2.25, 0, 0 
5, 4987574,0.00, 100.00, 0.00, 2.25, 0, 0 
6, 5012798,0.00, 100.00, 0.00, 2.25, 0, 0 
7, 5234142,0.00, 100.00, 0.00, 2.25, 0, 0 
8, 5249647,0.00, 100.00, 0.00, 2.25, 0, 0 
9, 5266285,0.00, 100.00, 0.00, 2.25, 0, 0 
0, 5213274,0.00, 100.00, 0.00, 2.25, 0, 0 
1, 5217468,0.00, 100.00, 0.00, 2.25, 0, 0 
2, 5222929,0.00, 100.00, 0.00, 2.25, 0, 0 
3, 5230272,0.00, 100.00, 0.00, 2.25, 0, 0 
4, 5105643,0.00, 100.00, 0.00, 2.25, 0, 0 
5, 5205553,0.00, 100.00, 0.00, 2.25, 0, 0 
6, 5212578,0.00, 100.00, 0.00, 2.25, 0, 0 
7, 5255977,0.00, 100.00, 0.00, 2.25, 0, 0 
8, 5259198,0.00, 100.00, 0.00, 2.25, 0, 0 
9, 5264005,0.00, 100.00, 0.00, 2.25, 0, 0 
0, 5287458,0.00, 100.00, 0.00, 2.25, 0, 0 
1, 5260958,0.00, 100.00, 0.00, 2.25, 0, 0 
2, 5279793,0.00, 100.00, 0.00, 2.25, 0, 0 
3, 5280440,0.00, 100.00, 0.00, 2.25, 0, 0 
4, 5233387,0.00, 100.00, 0.00, 2.25, 0, 0 
5, 5277299,0.00, 100.00, 0.00, 2.25, 0, 0 
6, 5260065,0.00, 100.00, 0.00, 2.25, 0, 0 
7, 5218041,0.00, 100.00, 0.00, 2.25, 0, 0 
8, 5237154,0.00, 100.00, 0.00, 2.25, 0, 0 
9, 5233266,0.00, 100.00, 0.00, 2.25, 0, 0 
0, 5227113,0.00, 100.00, 0.00, 2.25, 0, 0 
1, 5249571,0.00, 100.00, 0.00, 2.25, 0, 0 
2, 5226849,0.00, 100.00, 0.00, 2.25, 0, 0 
3, 5218056,0.00, 100.00, 0.00, 2.25, 0, 0 
4, 5264460,0.00, 100.00, 0.00, 2.25, 0, 0 
5, 5217074,0.00, 100.00, 0.00, 2.25, 0, 0 
6, 5235143,0.00, 100.00, 0.00, 2.25, 0, 0 
7, 5233386,0.00, 100.00, 0.00, 2.25, 0, 0 
8, 5202322,0.00, 100.00, 0.00, 2.25, 0, 0 
9, 5233596,0.00, 100.00, 0.00, 2.25, 0, 0 
0, 5224559,0.00, 100.00, 0.00, 2.25, 0, 0 
1, 5202798,0.00, 100.00, 0.00, 2.25, 0, 0 
2, 5200422,0.00, 100.00, 0.00, 2.25, 0, 0 
3, 5207147,0.00, 100.00, 0.00, 2.25, 0, 0 
4, 5229069,0.00, 100.00, 0.00, 2.25, 0, 0 
5, 5224198,0.00, 100.00, 0.00, 2.25, 0, 0 
6, 5209177,0.00, 100.00, 0.00, 2.25, 0, 0 
7, 5303568,0.00, 100.00, 0.00, 2.25, 0, 0 
8, 5281281,0.00, 100.00, 0.00, 2.25, 0, 0 
9, 5224478,0.00, 100.00, 0.00, 2.25, 0, 0 
0, 5361339,0.00, 100.00, 0.00, 2.25, 0, 0 
1, 5455476,0.00, 100.00, 0.00, 2.25, 0, 0 
2, 5436860,0.00, 100.00, 0.00, 2.25, 0, 0 
3, 5270276,0.00, 100.00, 0.00, 2.25, 0, 0 
4, 5193866,0.00, 100.00, 0.00, 2.25, 0, 0 
5, 5139426,0.00, 100.00, 0.00, 2.25, 0, 0 
6, 5083713,0.00, 100.00, 0.00, 2.25, 0, 0 
7, 4986290,0.00, 100.00, 0.00, 2.25, 0, 0 
8, 5141592,0.00, 100.00, 0.00, 2.25, 0, 0 
9, 5279271,0.00, 100.00, 0.00, 2.25, 0, 0 
0, 5144076,0.00, 100.00, 0.00, 2.25, 0, 0 
1, 4913556,0.00, 100.00, 0.00, 2.25, 0, 0 
2, 4885981,0.00, 100.00, 0.00, 2.25, 0, 0 
3, 5336414,0.00, 100.00, 0.00, 2.25, 0, 0 
4, 5394597,0.00, 100.00, 0.00, 2.25, 0, 0 
5, 5454158,0.00, 100.00, 0.00, 2.25, 0, 0 
6, 5515717,0.00, 100.00, 0.00, 2.25, 0, 0 
7, 5797531,0.00, 100.00, 0.00, 2.25, 0, 0 
8, 6000177,0.00, 100.00, 0.00, 2.25, 0, 0 
9, 5743568,0.00, 100.00, 0.00, 2.25, 0, 0 
0, 5731338,0.00, 100.00, 0.00, 2.25, 0, 0 
1, 5981049,0.00, 100.00, 0.00, 2.25, 0, 0 
2, 6195112,0.00, 100.00, 0.00, 2.25, 0, 0 
3, 5756405,0.00, 100.00, 0.00, 2.25, 0, 0 
4, 6099546,0.00, 100.00, 0.00, 2.25, 0, 0 
5, 6393717,0.00, 100.00, 0.00, 2.25, 0, 0 
6, 6422187,0.00, 100.00, 0.00, 2.25, 0, 0 
7, 6276228,0.00, 100.00, 0.00, 2.25, 0, 0 
8, 6074758,0.00, 100.00, 0.00, 2.25, 0, 0 
9, 6066541,0.00, 100.00, 0.00, 2.25, 0, 0 
0, 6082133,0.00, 100.00, 0.00, 2.25, 0, 0 
1, 6046447,0.00, 100.00, 0.00, 2.25, 0, 0 
2, 6023186,0.00, 100.00, 0.00, 2.25, 0, 0 
3, 6304540,0.00, 100.00, 0.00, 2.25, 0, 0 
4, 5774133,0.00, 100.00, 0.00, 2.25, 0, 0 
5, 5302830,0.00, 100.00, 0.00, 2.25, 0, 0 
6, 5101171,0.00, 100.00, 0.00, 2.25, 0, 0 
7, 4883646,0.00, 100.00, 0.00, 2.25, 0, 0 
8, 4645354,0.00, 100.00, 0.00, 2.25, 0, 0 
9, 4726971,0.00, 100.00, 0.00, 2.25, 0, 0 
0, 4943056,0.00, 100.00, 0.00, 2.25, 0, 0 
1, 4867320,0.00, 100.00, 0.00, 2.25, 0, 0 
2, 4703177,0.00, 100.00, 0.00, 2.25, 0, 0 
3, 4548791,0.00, 100.00, 0.00, 2.25, 0, 0 
4, 4705127,0.00, 100.00, 0.00, 2.25, 0, 0 
5, 4880829,0.00, 100.00, 0.00, 2.25, 0, 0 
6, 5204685,0.00, 100.00, 0.00, 2.25, 0, 0 
7, 5146163,0.00, 100.00, 0.00, 2.25, 0, 0 
8, 5265756,0.00, 100.00, 0.00, 2.25, 0, 0 
9, 5294348,0.00, 100.00, 0.00, 2.25, 0, 0 
0, 5403658,0.00, 100.00, 0.00, 2.25, 0, 0 
1, 5398377,0.00, 100.00, 0.00, 2.25, 0, 0 
2, 5412261,0.00, 100.00, 0.00, 2.25, 0, 0 
3, 5540166,0.00, 100.00, 0.00, 2.25, 0, 0 
4, 5537804,0.00, 100.00, 0.00, 2.25, 0, 0 
5, 5894430,0.00, 100.00, 0.00, 2.25, 0, 0 
6, 5768776,0.00, 100.00, 0.00, 2.25, 0, 0 
7, 5922674,0.00, 100.00, 0.00, 2.25, 0, 0 
8, 6041973,0.00, 100.00, 0.00, 2.25, 0, 0 
9, 6049356,0.00, 100.00, 0.00, 2.25, 0, 0 
0, 5787664,0.00, 100.00, 0.00, 2.25, 0, 0 
1, 5966301,0.00, 100.00, 0.00, 2.25, 0, 0 
2, 5933303,0.00, 100.00, 0.00, 2.25, 0, 0 
3, 5789321,0.00, 100.00, 0.00, 2.25, 0, 0 
4, 5821730,0.00, 100.00, 0.00, 2.25, 0, 0 
5, 5475444,0.00, 100.00, 0.00, 2.25, 0, 0 
6, 5275431,0.00, 100.00, 0.00, 2.25, 0, 0 
7, 5384760,0.00, 100.00, 0.00, 2.25, 0, 0 
8, 5388802,0.00, 100.00, 0.00, 2.25, 0, 0 
9, 5640345,0.00, 100.00, 0.00, 2.25, 0, 0 
0, 5728178,0.00, 100.00, 0.00, 2.25, 0, 0 
1, 5756258,0.00, 100.00, 0.00, 2.25, 0, 0 
2, 5951362,0.00, 100.00, 0.00, 2.25, 0, 0 
3, 6322505,0.00, 100.00, 0.00, 2.25, 0, 0 
4, 6600585,0.00, 100.00, 0.00, 2.25, 0, 0 
5, 6783523,0.00, 100.00, 0.00, 2.25, 0, 0 
6, 7316461,0.00, 100.00, 0.00, 2.25, 0, 0 
7, 7274524,0.00, 100.00, 0.00, 2.25, 0, 0 
8, 7233736,0.00, 100.00, 0.00, 2.25, 0, 0 
9, 7051006,0.00, 100.00, 0.00, 2.25, 0, 0 
0, 6970286,0.00, 100.00, 0.00, 2.25, 0, 0 
1, 6773608,0.00, 100.00, 0.00, 2.25, 0, 0 
2, 6643885,0.00, 100.00, 0.00, 2.25, 0, 0 
3, 6500894,0.00, 100.00, 0.00, 2.25, 0, 0 
4, 6210697,0.00, 100.00, 0.00, 2.25, 0, 0 
5, 6104485,0.00, 100.00, 0.00, 2.25, 0, 0 
6, 5762149,0.00, 100.00, 0.00, 2.25, 0, 0 
7, 5674494,0.00, 100.00, 0.00, 2.25, 0, 0 
8, 5567155,0.00, 100.00, 0.00, 2.25, 0, 0 
9, 5651790,0.00, 100.00, 0.00, 2.25, 0, 0 
0, 5613771,0.00, 100.00, 0.00, 2.25, 0, 0 
1, 5732246,0.00, 100.00, 0.00, 2.25, 0, 0 
2, 5758335,0.00, 100.00, 0.00, 2.25, 0, 0 
3, 5601657,0.00, 100.00, 0.00, 2.25, 0, 0 
4, 5696159,0.00, 100.00, 0.00, 2.25, 0, 0 
5, 5721099,0.00, 100.00, 0.00, 2.25, 0, 0 
6, 5759458,0.00, 100.00, 0.00, 2.25, 0, 0 
7, 6008689,0.00, 100.00, 0.00, 2.25, 0, 0 
8, 6195855,0.00, 100.00, 0.00, 2.25, 0, 0 
9, 6177606,0.00, 100.00, 0.00, 2.25, 0, 0 
0, 6200235,0.00, 100.00, 0.00, 2.25, 0, 0 
1, 6151079,0.00, 100.00, 0.00, 2.25, 0, 0 
2, 6311422,0.00, 100.00, 0.00, 2.25, 0, 0 
3, 6366806,0.00, 100.00, 0.00, 2.25, 0, 0 
4, 6513913,0.00, 100.00, 0.00, 2.25, 0, 0 
5, 6485338,0.00, 100.00, 0.00, 2.25, 0, 0 
6, 6525337,0.00, 100.00, 0.00, 2.25, 0, 0 
7, 6405040,0.00, 100.00, 0.00, 2.25, 0, 0 
8, 6488077,0.00, 100.00, 0.00, 2.25, 0, 0 
9, 6422514,0.00, 100.00, 0.00, 2.25, 0, 0 
0, 6433473,0.00, 100.00, 0.00, 2.25, 0, 0 
1, 6456502,0.00, 100.00, 0.00, 2.25, 0, 0 
2, 6457364,0.00, 100.00, 0.00, 2.25, 0, 0 
3, 6560777,0.00, 100.00, 0.00, 2.25, 0, 0 
4, 6376963,0.00, 100.00, 0.00, 2.25, 0, 0 
5, 6395175,0.00, 100.00, 0.00, 2.25, 0, 0 
6, 6435645,0.00, 100.00, 0.00, 2.25, 0, 0 
7, 6391838,0.00, 100.00, 0.00, 2.25, 0, 0 
8, 6232914,0.00, 100.00, 0.00, 2.25, 0, 0 
9, 6373062,0.00, 100.00, 0.00, 2.25, 0, 0 
0, 6416185,0.00, 100.00, 0.00, 2.25, 0, 0 
1, 6413944,0.00, 100.00, 0.00, 2.25, 0, 0 
2, 6264110,0.00, 100.00, 0.00, 2.25, 0, 0 
3, 6144299,0.00, 100.00, 0.00, 2.25, 0, 0 
4, 6364515,0.00, 100.00, 0.00, 2.25, 0, 0 
5, 6498203,0.00, 100.00, 0.00, 2.25, 0, 0 
6, 6537031,0.00, 100.00, 0.00, 2.25, 0, 0 
7, 6530193,0.00, 100.00, 0.00, 2.25, 0, 0 
8, 6480577,0.00, 100.00, 0.00, 2.25, 0, 0 
9, 6310389,0.00, 100.00, 0.00, 2.25, 0, 0 
0, 6254246,0.00, 100.00, 0.00, 2.25, 0, 0 
1, 6267096,0.00, 100.00, 0.00, 2.25, 0, 0 
2, 6273682,0.00, 100.00, 0.00, 2.25, 0, 0 
3, 6263283,0.00, 100.00, 0.00, 2.25, 0, 0 
4, 6046908,0.00, 100.00, 0.00, 2.25, 0, 0 
5, 5957503,0.00, 100.00, 0.00, 2.25, 0, 0 
6, 6051339,0.00, 100.00, 0.00, 2.25, 0, 0 
7, 6081751,0.00, 100.00, 0.00, 2.25, 0, 0 
8, 6110294,0.00, 100.00, 0.00, 2.25, 0, 0 
9, 6198717,0.00, 100.00, 0.00, 2.25, 0, 0 
0, 6309936,0.00, 100.00, 0.00, 2.25, 0, 0 
1, 6394579,0.00, 100.00, 0.00, 2.25, 0, 0 
2, 6459334,0.00, 100.00, 0.00, 2.25, 0, 0 
3, 6438303,0.00, 100.00, 0.00, 2.25, 0, 0 
4, 6432332,0.00, 100.00, 0.00, 2.25, 0, 0 
5, 6359240,0.00, 100.00, 0.00, 2.25, 0, 0 
6, 6207096,0.00, 100.00, 0.00, 2.25, 0, 0 
7, 6174091,0.00, 100.00, 0.00, 2.25, 0, 0 
8, 6261287,0.00, 100.00, 0.00, 2.25, 0, 0 
9, 6383423,0.00, 100.00, 0.00, 2.25, 0, 0 
0, 6391778,0.00, 100.00, 0.00, 2.25, 0, 0 
1, 6282529,0.00, 100.00, 0.00, 2.25, 0, 0 
2, 6208563,0.00, 100.00, 0.00, 2.25, 0, 0 
3, 6470044,0.00, 100.00, 0.00, 2.25, 0, 0 
4, 6654885,0.00, 100.00, 0.00, 2.25, 0, 0 
5, 6825417,0.00, 100.00, 0.00, 2.25, 0, 0 
6, 6781309,0.00, 100.00, 0.00, 2.25, 0, 0 
7, 6824549,0.00, 100.00, 0.00, 2.25, 0, 0 
8, 6714791,0.00, 100.00, 0.00, 2.25, 0, 0 
9, 6618293,0.00, 100.00, 0.00, 2.25, 0, 0 
0, 6610934,0.00, 100.00, 0.00, 2.25, 0, 0 
1, 6657448,0.00, 100.00, 0.00, 2.25, 0, 0 
2, 6797768,0.00, 100.00, 0.00, 2.25, 0, 0 
3, 6726204,0.00, 100.00, 0.00, 2.25, 0, 0 
4, 6571583,0.00, 100.00, 0.00, 2.25, 0, 0 
5, 6423509,0.00, 100.00, 0.00, 2.25, 0, 0 
6, 6439015,0.00, 100.00, 0.00, 2.25, 0, 0 
7, 6413250,0.00, 100.00, 0.00, 2.25, 0, 0 
8, 6671869,0.00, 100.00, 0.00, 2.25, 0, 0 
9, 6717536,0.00, 100.00, 0.00, 2.25, 0, 0 
0, 6705643,0.00, 100.00, 0.00, 2.25, 0, 0 
1, 6677889,0.00, 100.00, 0.00, 2.25, 0, 0 
2, 6553609,0.00, 100.00, 0.00, 2.25, 0, 0 
3, 6405917,0.00, 100.00, 0.00, 2.25, 0, 0 
4, 6407528,0.00, 100.00, 0.00, 2.25, 0, 0 
5, 6482450,0.00, 100.00, 0.00, 2.25, 0, 0 
6, 6457112,0.00, 100.00, 0.00, 2.25, 0, 0 
7, 6399188,0.00, 100.00, 0.00, 2.25, 0, 0 
8, 6155679,0.00, 100.00, 0.00, 2.25, 0, 0 
9, 6012236,0.00, 100.00, 0.00, 2.25, 0, 0 
0, 5939767,0.00, 100.00, 0.00, 2.25, 0, 0 
1, 5922184,0.00, 100.00, 0.00, 2.25, 0, 0 
2, 5869258,0.00, 100.00, 0.00, 2.25, 0, 0 
3, 5803114,0.00, 100.00, 0.00, 2.25, 0, 0 
4, 5743499,0.00, 100.00, 0.00, 2.25, 0, 0 
5, 5602614,0.00, 100.00, 0.00, 2.25, 0, 0 
6, 5628994,0.00, 100.00, 0.00, 2.25, 0, 0 
7, 5693012,0.00, 100.00, 0.00, 2.25, 0, 0 
8, 5906845,0.00, 100.00, 0.00, 2.25, 0, 0 
9, 5960189,0.00, 100.00, 0.00, 2.25, 0, 0 
0, 5952824,0.00, 100.00, 0.00, 2.25, 0, 0 
1, 5960533,0.00, 100.00, 0.00, 2.25, 0, 0 
2, 5999847,0.00, 100.00, 0.00, 2.25, 0, 0 
3, 5972256,0.00, 100.00, 0.00, 2.25, 0, 0 
4, 6196124,0.00, 100.00, 0.00, 2.25, 0, 0 
5, 6246936,0.00, 100.00, 0.00, 2.25, 0, 0 
6, 6197533,0.00, 100.00, 0.00, 2.25, 0, 0 
7, 6121317,0.00, 100.00, 0.00, 2.25, 0, 0 
8, 5857841,0.00, 100.00, 0.00, 2.25, 0, 0 
9, 5825611,0.00, 100.00, 0.00, 2.25, 0, 0 
0, 5840417,0.00, 100.00, 0.00, 2.25, 0, 0 
1, 5841625,0.00, 100.00, 0.00, 2.25, 0, 0 
2, 5809143,0.00, 100.00, 0.00, 2.25, 0, 0 
3, 5937958,0.00, 100.00, 0.00, 2.25, 0, 0 
4, 5749613,0.00, 100.00, 0.00, 2.25, 0, 0 
5, 5730333,0.00, 100.00, 0.00, 2.25, 0, 0 
6, 5758279,0.00, 100.00, 0.00, 2.25, 0, 0 
7, 5820952,0.00, 100.00, 0.00, 2.25, 0, 0 
8, 5878322,0.00, 100.00, 0.00, 2.25, 0, 0 
9, 5895564,0.00, 100.00, 0.00, 2.25, 0, 0 
0, 5865472,0.00, 100.00, 0.00, 2.25, 0, 0 
1, 5854524,0.00, 100.00, 0.00, 2.25, 0, 0 
2, 5892380,0.00, 100.00, 0.00, 2.25, 0, 0 
3, 5803009,0.00, 100.00, 0.00, 2.25, 0, 0 
4, 5781090,0.00, 100.00, 0.00, 2.25, 0, 0 
5, 5843577,0.00, 100.00, 0.00, 2.25, 0, 0 
6, 5757418,0.00, 100.00, 0.00, 2.25, 0, 0 
7, 5733829,0.00, 100.00, 0.00, 2.25, 0, 0 
8, 5733161,0.00, 100.00, 0.00, 2.25, 0, 0 
9, 5719479,0.00, 100.00, 0.00, 2.25, 0, 0 
0, 5701506,0.00, 100.00, 0.00, 2.25, 0, 0 
1, 5724182,0.00, 100.00, 0.00, 2.25, 0, 0 
2, 5838822,0.00, 100.00, 0.00, 2.25, 0, 0 
3, 6033270,0.00, 100.00, 0.00, 2.25, 0, 0 
4, 6250357,0.00, 100.00, 0.00, 2.25, 0, 0 
5, 6194420,0.00, 100.00, 0.00, 2.25, 0, 0 
6, 6269433,0.00, 100.00, 0.00, 2.25, 0, 0 
7, 6328389,0.00, 100.00, 0.00, 2.25, 0, 0 
8, 6335767,0.00, 100.00, 0.00, 2.25, 0, 0 
9, 6376527,0.00, 100.00, 0.00, 2.25, 0, 0 
0, 6428888,0.00, 100.00, 0.00, 2.25, 0, 0 
1, 6368597,0.00, 100.00, 0.00, 2.25, 0, 0 
2, 6221864,0.00, 100.00, 0.00, 2.25, 0, 0 
3, 6044559,0.00, 100.00, 0.00, 2.25, 0, 0 
4, 5838980,0.00, 100.00, 0.00, 2.25, 0, 0 
5, 5918331,0.00, 100.00, 0.00, 2.25, 0, 0 
6, 5907376,0.00, 100.00, 0.00, 2.25, 0, 0 
7, 5923316,0.00, 100.00, 0.00, 2.25, 0, 0 
8, 5907584,0.00, 100.00, 0.00, 2.25, 0, 0 
9, 6160283,0.00, 100.00, 0.00, 2.25, 0, 0 
0, 6234116,0.00, 100.00, 0.00, 2.25, 0, 0 
1, 6504610,0.00, 100.00, 0.00, 2.25, 0, 0 
2, 6654293,0.00, 100.00, 0.00, 2.25, 0, 0 
3, 6615365,0.00, 100.00, 0.00, 2.25, 0, 0 
4, 6615818,0.00, 100.00, 0.00, 2.25, 0, 0 
5, 6547317,0.00, 100.00, 0.00, 2.25, 0, 0 
6, 6561740,0.00, 100.00, 0.00, 2.25, 0, 0 
7, 6539613,0.00, 100.00, 0.00, 2.25, 0, 0 
8, 6552221,0.00, 100.00, 0.00, 2.25, 0, 0 
9, 6221323,0.00, 100.00, 0.00, 2.25, 0, 0 
0, 6121394,0.00, 100.00, 0.00, 2.25, 0, 0 
1, 5898120,0.00, 100.00, 0.00, 2.25, 0, 0 
2, 5705943,0.00, 100.00, 0.00, 2.25, 0, 0 
3, 5746448,0.00, 100.00, 0.00, 2.25, 0, 0 
4, 5797003,0.00, 100.00, 0.00, 2.25, 0, 0 
5, 5800736,0.00, 100.00, 0.00, 2.25, 0, 0 
6, 5808680,0.00, 100.00, 0.00, 2.25, 0, 0 
7, 5780348,0.00, 100.00, 0.00, 2.25, 0, 0 
8, 5835933,0.00, 100.00, 0.00, 2.25, 0, 0 
9, 6069161,0.00, 100.00, 0.00, 2.25, 0, 0 
