Tue Nov 27 18:32:28 2018
StepTime, x, v, f, xdes, vdes, fdes, cmd, IR, LSB, LSF
0, 637981157,0.00, 100.00, 0.00, 2.25, 0, 0 
1, 647845119,0.00, 100.00, 0.00, 2.25, 0, 0 
2, 657860964,0.00, 100.00, 0.00, 2.25, 0, 0 
3, 667719901,0.00, 100.00, 0.00, 2.25, 0, 0 
4, 677757145,0.00, 100.00, 0.00, 2.25, 0, 0 
5, 687918075,0.00, 100.00, 0.00, 2.25, 0, 0 
6, 697766571,0.00, 100.00, 0.00, 2.25, 0, 0 
7, 707822350,0.00, 100.00, 0.00, 2.25, 0, 0 
8, 717638719,0.00, 100.00, 0.00, 2.25, 0, 0 
9, 727762731,0.00, 100.00, 0.00, 2.25, 0, 0 
0, 99781015,0.00, 100.00, 0.00, 2.25, 0, 0 
1, 99868381,0.00, 100.00, 0.00, 2.25, 0, 0 
2, 99902875,0.00, 100.00, 0.00, 2.25, 0, 0 
3, 100050294,0.00, 100.00, 0.00, 2.25, 0, 0 
4, 99950136,0.00, 100.00, 0.00, 2.25, 0, 0 
5, 99779056,0.00, 100.00, 0.00, 2.25, 0, 0 
6, 99896513,0.00, 100.00, 0.00, 2.25, 0, 0 
7, 99943211,0.00, 100.00, 0.00, 2.25, 0, 0 
8, 100129829,0.00, 100.00, 0.00, 2.25, 0, 0 
9, 99991541,0.00, 100.00, 0.00, 2.25, 0, 0 
0, 99989570,0.00, 100.00, 0.00, 2.25, 0, 0 
1, 100035633,0.00, 100.00, 0.00, 2.25, 0, 0 
2, 99984847,0.00, 100.00, 0.00, 2.25, 0, 0 
3, 99965582,0.00, 100.00, 0.00, 2.25, 0, 0 
4, 100093678,0.00, 100.00, 0.00, 2.25, 0, 0 
5, 99993430,0.00, 100.00, 0.00, 2.25, 0, 0 
6, 100016243,0.00, 100.00, 0.00, 2.25, 0, 0 
7, 99958963,0.00, 100.00, 0.00, 2.25, 0, 0 
8, 99962060,0.00, 100.00, 0.00, 2.25, 0, 0 
9, 100007411,0.00, 100.00, 0.00, 2.25, 0, 0 
0, 99943013,0.00, 100.00, 0.00, 2.25, 0, 0 
1, 99965259,0.00, 100.00, 0.00, 2.25, 0, 0 
2, 100021854,0.00, 100.00, 0.00, 2.25, 0, 0 
3, 99961153,0.00, 100.00, 0.00, 2.25, 0, 0 
4, 99870531,0.00, 100.00, 0.00, 2.25, 0, 0 
5, 100013783,0.00, 100.00, 0.00, 2.25, 0, 0 
6, 100092456,0.00, 100.00, 0.00, 2.25, 0, 0 
7, 100004655,0.00, 100.00, 0.00, 2.25, 0, 0 
8, 100124763,0.00, 100.00, 0.00, 2.25, 0, 0 
9, 99984011,0.00, 100.00, 0.00, 2.25, 0, 0 
0, 100057718,0.00, 100.00, 0.00, 2.25, 0, 0 
1, 99961698,0.00, 100.00, 0.00, 2.25, 0, 0 
2, 99977942,0.00, 100.00, 0.00, 2.25, 0, 0 
3, 100104789,0.00, 100.00, 0.00, 2.25, 0, 0 
4, 100050007,0.00, 100.00, 0.00, 2.25, 0, 0 
5, 100091710,0.00, 100.00, 0.00, 2.25, 0, 0 
6, 100020334,0.00, 100.00, 0.00, 2.25, 0, 0 
7, 99956696,0.00, 100.00, 0.00, 2.25, 0, 0 
8, 99850159,0.00, 100.00, 0.00, 2.25, 0, 0 
9, 100037784,0.00, 100.00, 0.00, 2.25, 0, 0 
0, 99988189,0.00, 100.00, 0.00, 2.25, 0, 0 
1, 100107878,0.00, 100.00, 0.00, 2.25, 0, 0 
2, 99988966,0.00, 100.00, 0.00, 2.25, 0, 0 
3, 99951371,0.00, 100.00, 0.00, 2.25, 0, 0 
4, 100059694,0.00, 100.00, 0.00, 2.25, 0, 0 
5, 99930811,0.00, 100.00, 0.00, 2.25, 0, 0 
6, 99907437,0.00, 100.00, 0.00, 2.25, 0, 0 
7, 100065422,0.00, 100.00, 0.00, 2.25, 0, 0 
8, 100050964,0.00, 100.00, 0.00, 2.25, 0, 0 
9, 99933812,0.00, 100.00, 0.00, 2.25, 0, 0 
0, 99994451,0.00, 100.00, 0.00, 2.25, 0, 0 
1, 99997648,0.00, 100.00, 0.00, 2.25, 0, 0 
2, 100019967,0.00, 100.00, 0.00, 2.25, 0, 0 
3, 100014647,0.00, 100.00, 0.00, 2.25, 0, 0 
4, 100076757,0.00, 100.00, 0.00, 2.25, 0, 0 
5, 100072171,0.00, 100.00, 0.00, 2.25, 0, 0 
6, 99957994,0.00, 100.00, 0.00, 2.25, 0, 0 
7, 99965109,0.00, 100.00, 0.00, 2.25, 0, 0 
8, 99983819,0.00, 100.00, 0.00, 2.25, 0, 0 
9, 100083206,0.00, 100.00, 0.00, 2.25, 0, 0 
0, 100012993,0.00, 100.00, 0.00, 2.25, 0, 0 
1, 99958597,0.00, 100.00, 0.00, 2.25, 0, 0 
2, 99971482,0.00, 100.00, 0.00, 2.25, 0, 0 
3, 100006095,0.00, 100.00, 0.00, 2.25, 0, 0 
4, 99912763,0.00, 100.00, 0.00, 2.25, 0, 0 
5, 99990355,0.00, 100.00, 0.00, 2.25, 0, 0 
6, 100081529,0.00, 100.00, 0.00, 2.25, 0, 0 
7, 100049993,0.00, 100.00, 0.00, 2.25, 0, 0 
8, 100093556,0.00, 100.00, 0.00, 2.25, 0, 0 
9, 100003030,0.00, 100.00, 0.00, 2.25, 0, 0 
0, 99937240,0.00, 100.00, 0.00, 2.25, 0, 0 
1, 100025156,0.00, 100.00, 0.00, 2.25, 0, 0 
2, 100135717,0.00, 100.00, 0.00, 2.25, 0, 0 
3, 100027888,0.00, 100.00, 0.00, 2.25, 0, 0 
4, 100012509,0.00, 100.00, 0.00, 2.25, 0, 0 
5, 99922306,0.00, 100.00, 0.00, 2.25, 0, 0 
6, 100014302,0.00, 100.00, 0.00, 2.25, 0, 0 
7, 99995806,0.00, 100.00, 0.00, 2.25, 0, 0 
8, 99853327,0.00, 100.00, 0.00, 2.25, 0, 0 
9, 99948818,0.00, 100.00, 0.00, 2.25, 0, 0 
0, 100060638,0.00, 100.00, 0.00, 2.25, 0, 0 
1, 99960320,0.00, 100.00, 0.00, 2.25, 0, 0 
2, 99919563,0.00, 100.00, 0.00, 2.25, 0, 0 
3, 99868275,0.00, 100.00, 0.00, 2.25, 0, 0 
4, 99894547,0.00, 100.00, 0.00, 2.25, 0, 0 
5, 99989903,0.00, 100.00, 0.00, 2.25, 0, 0 
6, 99968055,0.00, 100.00, 0.00, 2.25, 0, 0 
7, 99975777,0.00, 100.00, 0.00, 2.25, 0, 0 
8, 100115028,0.00, 100.00, 0.00, 2.25, 0, 0 
9, 99982644,0.00, 100.00, 0.00, 2.25, 0, 0 
0, 100021032,0.00, 100.00, 0.00, 2.25, 0, 0 
1, 100074694,0.00, 100.00, 0.00, 2.25, 0, 0 
2, 99918912,0.00, 100.00, 0.00, 2.25, 0, 0 
3, 100067397,0.00, 100.00, 0.00, 2.25, 0, 0 
4, 100091565,0.00, 100.00, 0.00, 2.25, 0, 0 
5, 100049363,0.00, 100.00, 0.00, 2.25, 0, 0 
6, 99900802,0.00, 100.00, 0.00, 2.25, 0, 0 
7, 100053113,0.00, 100.00, 0.00, 2.25, 0, 0 
8, 99842289,0.00, 100.00, 0.00, 2.25, 0, 0 
9, 100067401,0.00, 100.00, 0.00, 2.25, 0, 0 
0, 99992089,0.00, 100.00, 0.00, 2.25, 0, 0 
1, 99875113,0.00, 100.00, 0.00, 2.25, 0, 0 
2, 100066125,0.00, 100.00, 0.00, 2.25, 0, 0 
3, 100031050,0.00, 100.00, 0.00, 2.25, 0, 0 
4, 99878295,0.00, 100.00, 0.00, 2.25, 0, 0 
5, 99921714,0.00, 100.00, 0.00, 2.25, 0, 0 
6, 100100960,0.00, 100.00, 0.00, 2.25, 0, 0 
7, 99960047,0.00, 100.00, 0.00, 2.25, 0, 0 
8, 100143484,0.00, 100.00, 0.00, 2.25, 0, 0 
9, 99871668,0.00, 100.00, 0.00, 2.25, 0, 0 
0, 99957988,0.00, 100.00, 0.00, 2.25, 0, 0 
1, 100060753,0.00, 100.00, 0.00, 2.25, 0, 0 
2, 100016803,0.00, 100.00, 0.00, 2.25, 0, 0 
3, 99893662,0.00, 100.00, 0.00, 2.25, 0, 0 
4, 100080848,0.00, 100.00, 0.00, 2.25, 0, 0 
5, 100093439,0.00, 100.00, 0.00, 2.25, 0, 0 
6, 99945338,0.00, 100.00, 0.00, 2.25, 0, 0 
7, 99958804,0.00, 100.00, 0.00, 2.25, 0, 0 
8, 99882658,0.00, 100.00, 0.00, 2.25, 0, 0 
9, 100070366,0.00, 100.00, 0.00, 2.25, 0, 0 
0, 100053585,0.00, 100.00, 0.00, 2.25, 0, 0 
1, 99931650,0.00, 100.00, 0.00, 2.25, 0, 0 
2, 99921405,0.00, 100.00, 0.00, 2.25, 0, 0 
3, 100073267,0.00, 100.00, 0.00, 2.25, 0, 0 
4, 100024062,0.00, 100.00, 0.00, 2.25, 0, 0 
5, 99958318,0.00, 100.00, 0.00, 2.25, 0, 0 
6, 100102272,0.00, 100.00, 0.00, 2.25, 0, 0 
7, 99938514,0.00, 100.00, 0.00, 2.25, 0, 0 
8, 99996829,0.00, 100.00, 0.00, 2.25, 0, 0 
9, 99962227,0.00, 100.00, 0.00, 2.25, 0, 0 
0, 99854936,0.00, 100.00, 0.00, 2.25, 0, 0 
1, 100149138,0.00, 100.00, 0.00, 2.25, 0, 0 
2, 99996856,0.00, 100.00, 0.00, 2.25, 0, 0 
3, 99973654,0.00, 100.00, 0.00, 2.25, 0, 0 
4, 99983230,0.00, 100.00, 0.00, 2.25, 0, 0 
5, 100054610,0.00, 100.00, 0.00, 2.25, 0, 0 
6, 99861806,0.00, 100.00, 0.00, 2.25, 0, 0 
7, 100104638,0.00, 100.00, 0.00, 2.25, 0, 0 
8, 100098669,0.00, 100.00, 0.00, 2.25, 0, 0 
9, 99974852,0.00, 100.00, 0.00, 2.25, 0, 0 
0, 100012201,0.00, 100.00, 0.00, 2.25, 0, 0 
1, 99887053,0.00, 100.00, 0.00, 2.25, 0, 0 
2, 100062191,0.00, 100.00, 0.00, 2.25, 0, 0 
3, 100022643,0.00, 100.00, 0.00, 2.25, 0, 0 
4, 100007472,0.00, 100.00, 0.00, 2.25, 0, 0 
5, 99937391,0.00, 100.00, 0.00, 2.25, 0, 0 
6, 100167312,0.00, 100.00, 0.00, 2.25, 0, 0 
7, 100007334,0.00, 100.00, 0.00, 2.25, 0, 0 
8, 99909978,0.00, 100.00, 0.00, 2.25, 0, 0 
9, 100104597,0.00, 100.00, 0.00, 2.25, 0, 0 
0, 100065614,0.00, 100.00, 0.00, 2.25, 0, 0 
1, 100087815,0.00, 100.00, 0.00, 2.25, 0, 0 
2, 99973362,0.00, 100.00, 0.00, 2.25, 0, 0 
3, 100047933,0.00, 100.00, 0.00, 2.25, 0, 0 
4, 100001517,0.00, 100.00, 0.00, 2.25, 0, 0 
5, 99989316,0.00, 100.00, 0.00, 2.25, 0, 0 
6, 99984727,0.00, 100.00, 0.00, 2.25, 0, 0 
7, 99945541,0.00, 100.00, 0.00, 2.25, 0, 0 
8, 100116640,0.00, 100.00, 0.00, 2.25, 0, 0 
9, 99980651,0.00, 100.00, 0.00, 2.25, 0, 0 
0, 100004625,0.00, 100.00, 0.00, 2.25, 0, 0 
1, 99843427,0.00, 100.00, 0.00, 2.25, 0, 0 
2, 99969869,0.00, 100.00, 0.00, 2.25, 0, 0 
3, 99857060,0.00, 100.00, 0.00, 2.25, 0, 0 
4, 99927976,0.00, 100.00, 0.00, 2.25, 0, 0 
5, 100013222,0.00, 100.00, 0.00, 2.25, 0, 0 
6, 99852156,0.00, 100.00, 0.00, 2.25, 0, 0 
7, 100014929,0.00, 100.00, 0.00, 2.25, 0, 0 
8, 99974593,0.00, 100.00, 0.00, 2.25, 0, 0 
9, 99973899,0.00, 100.00, 0.00, 2.25, 0, 0 
0, 99948471,0.00, 100.00, 0.00, 2.25, 0, 0 
1, 100076013,0.00, 100.00, 0.00, 2.25, 0, 0 
2, 100057662,0.00, 100.00, 0.00, 2.25, 0, 0 
3, 100012224,0.00, 100.00, 0.00, 2.25, 0, 0 
4, 99975642,0.00, 100.00, 0.00, 2.25, 0, 0 
5, 100017081,0.00, 100.00, 0.00, 2.25, 0, 0 
6, 100109782,0.00, 100.00, 0.00, 2.25, 0, 0 
7, 99995650,0.00, 100.00, 0.00, 2.25, 0, 0 
8, 99917817,0.00, 100.00, 0.00, 2.25, 0, 0 
9, 99960568,0.00, 100.00, 0.00, 2.25, 0, 0 
0, 100140364,0.00, 100.00, 0.00, 2.25, 0, 0 
1, 99948571,0.00, 100.00, 0.00, 2.25, 0, 0 
2, 99960926,0.00, 100.00, 0.00, 2.25, 0, 0 
3, 100093309,0.00, 100.00, 0.00, 2.25, 0, 0 
4, 100011982,0.00, 100.00, 0.00, 2.25, 0, 0 
5, 99941096,0.00, 100.00, 0.00, 2.25, 0, 0 
6, 100021994,0.00, 100.00, 0.00, 2.25, 0, 0 
7, 99962440,0.00, 100.00, 0.00, 2.25, 0, 0 
8, 100014930,0.00, 100.00, 0.00, 2.25, 0, 0 
9, 99916564,0.00, 100.00, 0.00, 2.25, 0, 0 
0, 100279194,0.00, 100.00, 0.00, 2.25, 0, 0 
1, 99969120,0.00, 100.00, 0.00, 2.25, 0, 0 
2, 99948655,0.00, 100.00, 0.00, 2.25, 0, 0 
3, 99952963,0.00, 100.00, 0.00, 2.25, 0, 0 
4, 100011282,0.00, 100.00, 0.00, 2.25, 0, 0 
5, 100082360,0.00, 100.00, 0.00, 2.25, 0, 0 
6, 99888638,0.00, 100.00, 0.00, 2.25, 0, 0 
7, 100037371,0.00, 100.00, 0.00, 2.25, 0, 0 
8, 100091986,0.00, 100.00, 0.00, 2.25, 0, 0 
9, 100095847,0.00, 100.00, 0.00, 2.25, 0, 0 
0, 99654846,0.00, 100.00, 0.00, 2.25, 0, 0 
1, 100008879,0.00, 100.00, 0.00, 2.25, 0, 0 
2, 100012447,0.00, 100.00, 0.00, 2.25, 0, 0 
3, 100132457,0.00, 100.00, 0.00, 2.25, 0, 0 
4, 100020012,0.00, 100.00, 0.00, 2.25, 0, 0 
5, 99999505,0.00, 100.00, 0.00, 2.25, 0, 0 
6, 100067336,0.00, 100.00, 0.00, 2.25, 0, 0 
7, 100034853,0.00, 100.00, 0.00, 2.25, 0, 0 
8, 99858095,0.00, 100.00, 0.00, 2.25, 0, 0 
9, 99946976,0.00, 100.00, 0.00, 2.25, 0, 0 
0, 100005136,0.00, 100.00, 0.00, 2.25, 0, 0 
1, 99990878,0.00, 100.00, 0.00, 2.25, 0, 0 
2, 99988064,0.00, 100.00, 0.00, 2.25, 0, 0 
3, 99880614,0.00, 100.00, 0.00, 2.25, 0, 0 
4, 100064861,0.00, 100.00, 0.00, 2.25, 0, 0 
5, 100042495,0.00, 100.00, 0.00, 2.25, 0, 0 
6, 99953966,0.00, 100.00, 0.00, 2.25, 0, 0 
7, 99894470,0.00, 100.00, 0.00, 2.25, 0, 0 
8, 100057763,0.00, 100.00, 0.00, 2.25, 0, 0 
9, 100060050,0.00, 100.00, 0.00, 2.25, 0, 0 
0, 99922270,0.00, 100.00, 0.00, 2.25, 0, 0 
1, 100037272,0.00, 100.00, 0.00, 2.25, 0, 0 
2, 100046336,0.00, 100.00, 0.00, 2.25, 0, 0 
3, 99918188,0.00, 100.00, 0.00, 2.25, 0, 0 
4, 99938970,0.00, 100.00, 0.00, 2.25, 0, 0 
5, 99916583,0.00, 100.00, 0.00, 2.25, 0, 0 
6, 100100509,0.00, 100.00, 0.00, 2.25, 0, 0 
7, 100014145,0.00, 100.00, 0.00, 2.25, 0, 0 
8, 99984529,0.00, 100.00, 0.00, 2.25, 0, 0 
9, 100006088,0.00, 100.00, 0.00, 2.25, 0, 0 
0, 100092171,0.00, 100.00, 0.00, 2.25, 0, 0 
1, 100096645,0.00, 100.00, 0.00, 2.25, 0, 0 
2, 99959488,0.00, 100.00, 0.00, 2.25, 0, 0 
3, 100076494,0.00, 100.00, 0.00, 2.25, 0, 0 
4, 100041849,0.00, 100.00, 0.00, 2.25, 0, 0 
5, 100076882,0.00, 100.00, 0.00, 2.25, 0, 0 
6, 99902214,0.00, 100.00, 0.00, 2.25, 0, 0 
7, 100010500,0.00, 100.00, 0.00, 2.25, 0, 0 
8, 99999888,0.00, 100.00, 0.00, 2.25, 0, 0 
9, 99918617,0.00, 100.00, 0.00, 2.25, 0, 0 
0, 99952275,0.00, 100.00, 0.00, 2.25, 0, 0 
1, 99959834,0.00, 100.00, 0.00, 2.25, 0, 0 
2, 99994265,0.00, 100.00, 0.00, 2.25, 0, 0 
3, 100009243,0.00, 100.00, 0.00, 2.25, 0, 0 
4, 99994704,0.00, 100.00, 0.00, 2.25, 0, 0 
5, 99866210,0.00, 100.00, 0.00, 2.25, 0, 0 
6, 99949554,0.00, 100.00, 0.00, 2.25, 0, 0 
7, 100155834,0.00, 100.00, 0.00, 2.25, 0, 0 
8, 99973923,0.00, 100.00, 0.00, 2.25, 0, 0 
9, 100087219,0.00, 100.00, 0.00, 2.25, 0, 0 
0, 100082863,0.00, 100.00, 0.00, 2.25, 0, 0 
1, 99984157,0.00, 100.00, 0.00, 2.25, 0, 0 
2, 99962976,0.00, 100.00, 0.00, 2.25, 0, 0 
3, 99947721,0.00, 100.00, 0.00, 2.25, 0, 0 
4, 99967378,0.00, 100.00, 0.00, 2.25, 0, 0 
5, 100080791,0.00, 100.00, 0.00, 2.25, 0, 0 
6, 100056852,0.00, 100.00, 0.00, 2.25, 0, 0 
7, 99919830,0.00, 100.00, 0.00, 2.25, 0, 0 
8, 99940719,0.00, 100.00, 0.00, 2.25, 0, 0 
9, 99908247,0.00, 100.00, 0.00, 2.25, 0, 0 
0, 99878808,0.00, 100.00, 0.00, 2.25, 0, 0 
1, 99997538,0.00, 100.00, 0.00, 2.25, 0, 0 
2, 100101723,0.00, 100.00, 0.00, 2.25, 0, 0 
3, 100003604,0.00, 100.00, 0.00, 2.25, 0, 0 
4, 99964888,0.00, 100.00, 0.00, 2.25, 0, 0 
5, 99977769,0.00, 100.00, 0.00, 2.25, 0, 0 
6, 100069814,0.00, 100.00, 0.00, 2.25, 0, 0 
7, 99879925,0.00, 100.00, 0.00, 2.25, 0, 0 
8, 100049622,0.00, 100.00, 0.00, 2.25, 0, 0 
9, 100046585,0.00, 100.00, 0.00, 2.25, 0, 0 
0, 100073525,0.00, 100.00, 0.00, 2.25, 0, 0 
1, 99950230,0.00, 100.00, 0.00, 2.25, 0, 0 
2, 99933170,0.00, 100.00, 0.00, 2.25, 0, 0 
3, 100069710,0.00, 100.00, 0.00, 2.25, 0, 0 
4, 100050456,0.00, 100.00, 0.00, 2.25, 0, 0 
5, 100064278,0.00, 100.00, 0.00, 2.25, 0, 0 
6, 100006674,0.00, 100.00, 0.00, 2.25, 0, 0 
7, 100027522,0.00, 100.00, 0.00, 2.25, 0, 0 
8, 100037319,0.00, 100.00, 0.00, 2.25, 0, 0 
9, 100048052,0.00, 100.00, 0.00, 2.25, 0, 0 
0, 100017552,0.00, 100.00, 0.00, 2.25, 0, 0 
1, 100033906,0.00, 100.00, 0.00, 2.25, 0, 0 
2, 99990479,0.00, 100.00, 0.00, 2.25, 0, 0 
3, 99959950,0.00, 100.00, 0.00, 2.25, 0, 0 
4, 99904966,0.00, 100.00, 0.00, 2.25, 0, 0 
5, 99877878,0.00, 100.00, 0.00, 2.25, 0, 0 
6, 99931354,0.00, 100.00, 0.00, 2.25, 0, 0 
7, 100079715,0.00, 100.00, 0.00, 2.25, 0, 0 
8, 99958538,0.00, 100.00, 0.00, 2.25, 0, 0 
9, 99947446,0.00, 100.00, 0.00, 2.25, 0, 0 
0, 99964848,0.00, 100.00, 0.00, 2.25, 0, 0 
1, 99922612,0.00, 100.00, 0.00, 2.25, 0, 0 
2, 99934741,0.00, 100.00, 0.00, 2.25, 0, 0 
3, 99927381,0.00, 100.00, 0.00, 2.25, 0, 0 
4, 100061164,0.00, 100.00, 0.00, 2.25, 0, 0 
5, 100058104,0.00, 100.00, 0.00, 2.25, 0, 0 
6, 99900328,0.00, 100.00, 0.00, 2.25, 0, 0 
7, 99985457,0.00, 100.00, 0.00, 2.25, 0, 0 
8, 100086179,0.00, 100.00, 0.00, 2.25, 0, 0 
9, 99986985,0.00, 100.00, 0.00, 2.25, 0, 0 
0, 100023634,0.00, 100.00, 0.00, 2.25, 0, 0 
1, 100020197,0.00, 100.00, 0.00, 2.25, 0, 0 
2, 100058764,0.00, 100.00, 0.00, 2.25, 0, 0 
3, 100044910,0.00, 100.00, 0.00, 2.25, 0, 0 
4, 100029882,0.00, 100.00, 0.00, 2.25, 0, 0 
5, 99931483,0.00, 100.00, 0.00, 2.25, 0, 0 
6, 100143298,0.00, 100.00, 0.00, 2.25, 0, 0 
7, 99958404,0.00, 100.00, 0.00, 2.25, 0, 0 
8, 100014417,0.00, 100.00, 0.00, 2.25, 0, 0 
9, 99940728,0.00, 100.00, 0.00, 2.25, 0, 0 
0, 99930240,0.00, 100.00, 0.00, 2.25, 0, 0 
1, 100089617,0.00, 100.00, 0.00, 2.25, 0, 0 
2, 99978156,0.00, 100.00, 0.00, 2.25, 0, 0 
3, 100018709,0.00, 100.00, 0.00, 2.25, 0, 0 
4, 100011285,0.00, 100.00, 0.00, 2.25, 0, 0 
5, 99970878,0.00, 100.00, 0.00, 2.25, 0, 0 
6, 99900154,0.00, 100.00, 0.00, 2.25, 0, 0 
7, 100038302,0.00, 100.00, 0.00, 2.25, 0, 0 
8, 99834977,0.00, 100.00, 0.00, 2.25, 0, 0 
9, 100060922,0.00, 100.00, 0.00, 2.25, 0, 0 
0, 100039043,0.00, 100.00, 0.00, 2.25, 0, 0 
1, 100040176,0.00, 100.00, 0.00, 2.25, 0, 0 
2, 100027573,0.00, 100.00, 0.00, 2.25, 0, 0 
3, 100012274,0.00, 100.00, 0.00, 2.25, 0, 0 
4, 99913135,0.00, 100.00, 0.00, 2.25, 0, 0 
5, 100076749,0.00, 100.00, 0.00, 2.25, 0, 0 
6, 100007413,0.00, 100.00, 0.00, 2.25, 0, 0 
7, 100042574,0.00, 100.00, 0.00, 2.25, 0, 0 
8, 100054511,0.00, 100.00, 0.00, 2.25, 0, 0 
9, 100018514,0.00, 100.00, 0.00, 2.25, 0, 0 
0, 99938526,0.00, 100.00, 0.00, 2.25, 0, 0 
1, 99936054,0.00, 100.00, 0.00, 2.25, 0, 0 
2, 100132718,0.00, 100.00, 0.00, 2.25, 0, 0 
3, 100031884,0.00, 100.00, 0.00, 2.25, 0, 0 
4, 100159794,0.00, 100.00, 0.00, 2.25, 0, 0 
5, 100053048,0.00, 100.00, 0.00, 2.25, 0, 0 
6, 99948752,0.00, 100.00, 0.00, 2.25, 0, 0 
7, 99898859,0.00, 100.00, 0.00, 2.25, 0, 0 
8, 99995109,0.00, 100.00, 0.00, 2.25, 0, 0 
9, 100016483,0.00, 100.00, 0.00, 2.25, 0, 0 
0, 99935995,0.00, 100.00, 0.00, 2.25, 0, 0 
1, 99959203,0.00, 100.00, 0.00, 2.25, 0, 0 
2, 99883367,0.00, 100.00, 0.00, 2.25, 0, 0 
3, 99889128,0.00, 100.00, 0.00, 2.25, 0, 0 
4, 99969289,0.00, 100.00, 0.00, 2.25, 0, 0 
5, 99885645,0.00, 100.00, 0.00, 2.25, 0, 0 
6, 100068457,0.00, 100.00, 0.00, 2.25, 0, 0 
7, 99977717,0.00, 100.00, 0.00, 2.25, 0, 0 
8, 100003791,0.00, 100.00, 0.00, 2.25, 0, 0 
9, 99967296,0.00, 100.00, 0.00, 2.25, 0, 0 
0, 100146373,0.00, 100.00, 0.00, 2.25, 0, 0 
1, 100080755,0.00, 100.00, 0.00, 2.25, 0, 0 
2, 99935110,0.00, 100.00, 0.00, 2.25, 0, 0 
3, 100054942,0.00, 100.00, 0.00, 2.25, 0, 0 
4, 99980445,0.00, 100.00, 0.00, 2.25, 0, 0 
5, 99967632,0.00, 100.00, 0.00, 2.25, 0, 0 
6, 100021882,0.00, 100.00, 0.00, 2.25, 0, 0 
7, 99967933,0.00, 100.00, 0.00, 2.25, 0, 0 
8, 99971967,0.00, 100.00, 0.00, 2.25, 0, 0 
9, 99962611,0.00, 100.00, 0.00, 2.25, 0, 0 
0, 99916272,0.00, 100.00, 0.00, 2.25, 0, 0 
1, 99928582,0.00, 100.00, 0.00, 2.25, 0, 0 
2, 100139677,0.00, 100.00, 0.00, 2.25, 0, 0 
3, 99961143,0.00, 100.00, 0.00, 2.25, 0, 0 
4, 99906468,0.00, 100.00, 0.00, 2.25, 0, 0 
5, 100102078,0.00, 100.00, 0.00, 2.25, 0, 0 
6, 100045189,0.00, 100.00, 0.00, 2.25, 0, 0 
7, 100089087,0.00, 100.00, 0.00, 2.25, 0, 0 
8, 100121415,0.00, 100.00, 0.00, 2.25, 0, 0 
9, 99999354,0.00, 100.00, 0.00, 2.25, 0, 0 
0, 100040738,0.00, 100.00, 0.00, 2.25, 0, 0 
1, 100081093,0.00, 100.00, 0.00, 2.25, 0, 0 
2, 99915775,0.00, 100.00, 0.00, 2.25, 0, 0 
3, 100048065,0.00, 100.00, 0.00, 2.25, 0, 0 
4, 100099014,0.00, 100.00, 0.00, 2.25, 0, 0 
5, 99904357,0.00, 100.00, 0.00, 2.25, 0, 0 
6, 99974634,0.00, 100.00, 0.00, 2.25, 0, 0 
7, 99955894,0.00, 100.00, 0.00, 2.25, 0, 0 
8, 99952522,0.00, 100.00, 0.00, 2.25, 0, 0 
9, 100099868,0.00, 100.00, 0.00, 2.25, 0, 0 
0, 100012816,0.00, 100.00, 0.00, 2.25, 0, 0 
1, 99983720,0.00, 100.00, 0.00, 2.25, 0, 0 
2, 99947973,0.00, 100.00, 0.00, 2.25, 0, 0 
3, 99981804,0.00, 100.00, 0.00, 2.25, 0, 0 
4, 99958224,0.00, 100.00, 0.00, 2.25, 0, 0 
5, 99999651,0.00, 100.00, 0.00, 2.25, 0, 0 
6, 99938777,0.00, 100.00, 0.00, 2.25, 0, 0 
7, 100035111,0.00, 100.00, 0.00, 2.25, 0, 0 
8, 99911849,0.00, 100.00, 0.00, 2.25, 0, 0 
9, 99884565,0.00, 100.00, 0.00, 2.25, 0, 0 
0, 99968268,0.00, 100.00, 0.00, 2.25, 0, 0 
1, 99973466,0.00, 100.00, 0.00, 2.25, 0, 0 
2, 99964942,0.00, 100.00, 0.00, 2.25, 0, 0 
3, 99984663,0.00, 100.00, 0.00, 2.25, 0, 0 
4, 100003013,0.00, 100.00, 0.00, 2.25, 0, 0 
5, 100079315,0.00, 100.00, 0.00, 2.25, 0, 0 
6, 100037657,0.00, 100.00, 0.00, 2.25, 0, 0 
7, 100044920,0.00, 100.00, 0.00, 2.25, 0, 0 
8, 100012168,0.00, 100.00, 0.00, 2.25, 0, 0 
9, 100043192,0.00, 100.00, 0.00, 2.25, 0, 0 
0, 100071180,0.00, 100.00, 0.00, 2.25, 0, 0 
1, 99969278,0.00, 100.00, 0.00, 2.25, 0, 0 
2, 100173368,0.00, 100.00, 0.00, 2.25, 0, 0 
3, 100055882,0.00, 100.00, 0.00, 2.25, 0, 0 
4, 99938068,0.00, 100.00, 0.00, 2.25, 0, 0 
5, 100039464,0.00, 100.00, 0.00, 2.25, 0, 0 
6, 99957004,0.00, 100.00, 0.00, 2.25, 0, 0 
7, 99926237,0.00, 100.00, 0.00, 2.25, 0, 0 
8, 100035446,0.00, 100.00, 0.00, 2.25, 0, 0 
9, 99941862,0.00, 100.00, 0.00, 2.25, 0, 0 
0, 99984705,0.00, 100.00, 0.00, 2.25, 0, 0 
1, 100074074,0.00, 100.00, 0.00, 2.25, 0, 0 
2, 99816842,0.00, 100.00, 0.00, 2.25, 0, 0 
3, 99949688,0.00, 100.00, 0.00, 2.25, 0, 0 
4, 100014043,0.00, 100.00, 0.00, 2.25, 0, 0 
5, 99891937,0.00, 100.00, 0.00, 2.25, 0, 0 
6, 99995307,0.00, 100.00, 0.00, 2.25, 0, 0 
7, 100051872,0.00, 100.00, 0.00, 2.25, 0, 0 
8, 99940851,0.00, 100.00, 0.00, 2.25, 0, 0 
9, 100124960,0.00, 100.00, 0.00, 2.25, 0, 0 
0, 99954452,0.00, 100.00, 0.00, 2.25, 0, 0 
1, 99872305,0.00, 100.00, 0.00, 2.25, 0, 0 
2, 100118400,0.00, 100.00, 0.00, 2.25, 0, 0 
3, 100014908,0.00, 100.00, 0.00, 2.25, 0, 0 
4, 100000681,0.00, 100.00, 0.00, 2.25, 0, 0 
5, 100003076,0.00, 100.00, 0.00, 2.25, 0, 0 
6, 99941077,0.00, 100.00, 0.00, 2.25, 0, 0 
7, 99873454,0.00, 100.00, 0.00, 2.25, 0, 0 
8, 100084914,0.00, 100.00, 0.00, 2.25, 0, 0 
9, 99892514,0.00, 100.00, 0.00, 2.25, 0, 0 
0, 99938084,0.00, 100.00, 0.00, 2.25, 0, 0 
1, 99953552,0.00, 100.00, 0.00, 2.25, 0, 0 
2, 99980958,0.00, 100.00, 0.00, 2.25, 0, 0 
3, 100049737,0.00, 100.00, 0.00, 2.25, 0, 0 
4, 100017168,0.00, 100.00, 0.00, 2.25, 0, 0 
5, 99995712,0.00, 100.00, 0.00, 2.25, 0, 0 
6, 100057773,0.00, 100.00, 0.00, 2.25, 0, 0 
7, 100046905,0.00, 100.00, 0.00, 2.25, 0, 0 
8, 99911075,0.00, 100.00, 0.00, 2.25, 0, 0 
9, 100051399,0.00, 100.00, 0.00, 2.25, 0, 0 
0, 100006441,0.00, 100.00, 0.00, 2.25, 0, 0 
1, 100021449,0.00, 100.00, 0.00, 2.25, 0, 0 
2, 100048162,0.00, 100.00, 0.00, 2.25, 0, 0 
3, 99923693,0.00, 100.00, 0.00, 2.25, 0, 0 
4, 99939286,0.00, 100.00, 0.00, 2.25, 0, 0 
5, 99977066,0.00, 100.00, 0.00, 2.25, 0, 0 
6, 100073446,0.00, 100.00, 0.00, 2.25, 0, 0 
7, 100038251,0.00, 100.00, 0.00, 2.25, 0, 0 
8, 100039094,0.00, 100.00, 0.00, 2.25, 0, 0 
9, 99908122,0.00, 100.00, 0.00, 2.25, 0, 0 
0, 99903153,0.00, 100.00, 0.00, 2.25, 0, 0 
1, 100069832,0.00, 100.00, 0.00, 2.25, 0, 0 
2, 99942033,0.00, 100.00, 0.00, 2.25, 0, 0 
3, 99982165,0.00, 100.00, 0.00, 2.25, 0, 0 
4, 99968406,0.00, 100.00, 0.00, 2.25, 0, 0 
5, 100095076,0.00, 100.00, 0.00, 2.25, 0, 0 
6, 99972700,0.00, 100.00, 0.00, 2.25, 0, 0 
7, 100013436,0.00, 100.00, 0.00, 2.25, 0, 0 
8, 99994996,0.00, 100.00, 0.00, 2.25, 0, 0 
9, 100158999,0.00, 100.00, 0.00, 2.25, 0, 0 
0, 100114174,0.00, 100.00, 0.00, 2.25, 0, 0 
1, 99932007,0.00, 100.00, 0.00, 2.25, 0, 0 
2, 99921537,0.00, 100.00, 0.00, 2.25, 0, 0 
3, 99947351,0.00, 100.00, 0.00, 2.25, 0, 0 
4, 100066405,0.00, 100.00, 0.00, 2.25, 0, 0 
5, 99983313,0.00, 100.00, 0.00, 2.25, 0, 0 
6, 99899089,0.00, 100.00, 0.00, 2.25, 0, 0 
7, 100272787,0.00, 100.00, 0.00, 2.25, 0, 0 
8, 99968284,0.00, 100.00, 0.00, 2.25, 0, 0 
9, 99893643,0.00, 100.00, 0.00, 2.25, 0, 0 
0, 100049462,0.00, 100.00, 0.00, 2.25, 0, 0 
1, 100097547,0.00, 100.00, 0.00, 2.25, 0, 0 
2, 99979934,0.00, 100.00, 0.00, 2.25, 0, 0 
3, 100055793,0.00, 100.00, 0.00, 2.25, 0, 0 
4, 100087313,0.00, 100.00, 0.00, 2.25, 0, 0 
5, 99907076,0.00, 100.00, 0.00, 2.25, 0, 0 
6, 100065313,0.00, 100.00, 0.00, 2.25, 0, 0 
7, 99777035,0.00, 100.00, 0.00, 2.25, 0, 0 
8, 99977943,0.00, 100.00, 0.00, 2.25, 0, 0 
9, 100020543,0.00, 100.00, 0.00, 2.25, 0, 0 
0, 100045993,0.00, 100.00, 0.00, 2.25, 0, 0 
1, 99995476,0.00, 100.00, 0.00, 2.25, 0, 0 
2, 100157960,0.00, 100.00, 0.00, 2.25, 0, 0 
3, 99980310,0.00, 100.00, 0.00, 2.25, 0, 0 
4, 99921562,0.00, 100.00, 0.00, 2.25, 0, 0 
5, 100135172,0.00, 100.00, 0.00, 2.25, 0, 0 
6, 99993494,0.00, 100.00, 0.00, 2.25, 0, 0 
7, 99957906,0.00, 100.00, 0.00, 2.25, 0, 0 
8, 100077148,0.00, 100.00, 0.00, 2.25, 0, 0 
9, 100043939,0.00, 100.00, 0.00, 2.25, 0, 0 
0, 99851751,0.00, 100.00, 0.00, 2.25, 0, 0 
1, 99951698,0.00, 100.00, 0.00, 2.25, 0, 0 
2, 100046037,0.00, 100.00, 0.00, 2.25, 0, 0 
3, 100012911,0.00, 100.00, 0.00, 2.25, 0, 0 
4, 99928137,0.00, 100.00, 0.00, 2.25, 0, 0 
5, 99880092,0.00, 100.00, 0.00, 2.25, 0, 0 
6, 100043132,0.00, 100.00, 0.00, 2.25, 0, 0 
7, 99895783,0.00, 100.00, 0.00, 2.25, 0, 0 
8, 99976431,0.00, 100.00, 0.00, 2.25, 0, 0 
9, 100000998,0.00, 100.00, 0.00, 2.25, 0, 0 
0, 100031804,0.00, 100.00, 0.00, 2.25, 0, 0 
1, 99975929,0.00, 100.00, 0.00, 2.25, 0, 0 
2, 99894142,0.00, 100.00, 0.00, 2.25, 0, 0 
3, 100065424,0.00, 100.00, 0.00, 2.25, 0, 0 
4, 100024871,0.00, 100.00, 0.00, 2.25, 0, 0 
5, 100060641,0.00, 100.00, 0.00, 2.25, 0, 0 
6, 100007819,0.00, 100.00, 0.00, 2.25, 0, 0 
7, 100029880,0.00, 100.00, 0.00, 2.25, 0, 0 
8, 100012974,0.00, 100.00, 0.00, 2.25, 0, 0 
9, 99995201,0.00, 100.00, 0.00, 2.25, 0, 0 
0, 99953284,0.00, 100.00, 0.00, 2.25, 0, 0 
1, 100035616,0.00, 100.00, 0.00, 2.25, 0, 0 
2, 99893443,0.00, 100.00, 0.00, 2.25, 0, 0 
3, 99914128,0.00, 100.00, 0.00, 2.25, 0, 0 
4, 100099298,0.00, 100.00, 0.00, 2.25, 0, 0 
5, 99916568,0.00, 100.00, 0.00, 2.25, 0, 0 
6, 99976325,0.00, 100.00, 0.00, 2.25, 0, 0 
7, 100016646,0.00, 100.00, 0.00, 2.25, 0, 0 
8, 100040464,0.00, 100.00, 0.00, 2.25, 0, 0 
9, 99883227,0.00, 100.00, 0.00, 2.25, 0, 0 
0, 99976455,0.00, 100.00, 0.00, 2.25, 0, 0 
1, 99966805,0.00, 100.00, 0.00, 2.25, 0, 0 
2, 100158831,0.00, 100.00, 0.00, 2.25, 0, 0 
3, 99945793,0.00, 100.00, 0.00, 2.25, 0, 0 
4, 100015152,0.00, 100.00, 0.00, 2.25, 0, 0 
5, 100099521,0.00, 100.00, 0.00, 2.25, 0, 0 
6, 100039774,0.00, 100.00, 0.00, 2.25, 0, 0 
7, 100048933,0.00, 100.00, 0.00, 2.25, 0, 0 
8, 100058474,0.00, 100.00, 0.00, 2.25, 0, 0 
9, 100162573,0.00, 100.00, 0.00, 2.25, 0, 0 
0, 100085055,0.00, 100.00, 0.00, 2.25, 0, 0 
1, 99971051,0.00, 100.00, 0.00, 2.25, 0, 0 
2, 99916811,0.00, 100.00, 0.00, 2.25, 0, 0 
3, 100125104,0.00, 100.00, 0.00, 2.25, 0, 0 
4, 99966543,0.00, 100.00, 0.00, 2.25, 0, 0 
5, 100048294,0.00, 100.00, 0.00, 2.25, 0, 0 
6, 99999213,0.00, 100.00, 0.00, 2.25, 0, 0 
7, 99940030,0.00, 100.00, 0.00, 2.25, 0, 0 
8, 99984453,0.00, 100.00, 0.00, 2.25, 0, 0 
9, 99858590,0.00, 100.00, 0.00, 2.25, 0, 0 
0, 99996444,0.00, 100.00, 0.00, 2.25, 0, 0 
1, 99973284,0.00, 100.00, 0.00, 2.25, 0, 0 
2, 99962506,0.00, 100.00, 0.00, 2.25, 0, 0 
3, 99943701,0.00, 100.00, 0.00, 2.25, 0, 0 
4, 99991215,0.00, 100.00, 0.00, 2.25, 0, 0 
5, 99835453,0.00, 100.00, 0.00, 2.25, 0, 0 
6, 99864396,0.00, 100.00, 0.00, 2.25, 0, 0 
7, 100043860,0.00, 100.00, 0.00, 2.25, 0, 0 
8, 99869491,0.00, 100.00, 0.00, 2.25, 0, 0 
9, 100004807,0.00, 100.00, 0.00, 2.25, 0, 0 
0, 100008571,0.00, 100.00, 0.00, 2.25, 0, 0 
1, 100022334,0.00, 100.00, 0.00, 2.25, 0, 0 
2, 100060505,0.00, 100.00, 0.00, 2.25, 0, 0 
3, 99957425,0.00, 100.00, 0.00, 2.25, 0, 0 
4, 99873101,0.00, 100.00, 0.00, 2.25, 0, 0 
5, 100043445,0.00, 100.00, 0.00, 2.25, 0, 0 
6, 100162351,0.00, 100.00, 0.00, 2.25, 0, 0 
7, 99946759,0.00, 100.00, 0.00, 2.25, 0, 0 
8, 99976921,0.00, 100.00, 0.00, 2.25, 0, 0 
9, 100023866,0.00, 100.00, 0.00, 2.25, 0, 0 
0, 100009149,0.00, 100.00, 0.00, 2.25, 0, 0 
1, 99980367,0.00, 100.00, 0.00, 2.25, 0, 0 
2, 100003882,0.00, 100.00, 0.00, 2.25, 0, 0 
3, 100083516,0.00, 100.00, 0.00, 2.25, 0, 0 
4, 100110815,0.00, 100.00, 0.00, 2.25, 0, 0 
5, 100003036,0.00, 100.00, 0.00, 2.25, 0, 0 
6, 99913247,0.00, 100.00, 0.00, 2.25, 0, 0 
7, 100074328,0.00, 100.00, 0.00, 2.25, 0, 0 
8, 100181630,0.00, 100.00, 0.00, 2.25, 0, 0 
9, 100033419,0.00, 100.00, 0.00, 2.25, 0, 0 
0, 99970894,0.00, 100.00, 0.00, 2.25, 0, 0 
1, 100122884,0.00, 100.00, 0.00, 2.25, 0, 0 
2, 99938973,0.00, 100.00, 0.00, 2.25, 0, 0 
3, 99997150,0.00, 100.00, 0.00, 2.25, 0, 0 
4, 100006174,0.00, 100.00, 0.00, 2.25, 0, 0 
5, 99972515,0.00, 100.00, 0.00, 2.25, 0, 0 
6, 100025743,0.00, 100.00, 0.00, 2.25, 0, 0 
7, 99989140,0.00, 100.00, 0.00, 2.25, 0, 0 
8, 99842562,0.00, 100.00, 0.00, 2.25, 0, 0 
9, 100012912,0.00, 100.00, 0.00, 2.25, 0, 0 
0, 99928135,0.00, 100.00, 0.00, 2.25, 0, 0 
1, 99937896,0.00, 100.00, 0.00, 2.25, 0, 0 
2, 100085475,0.00, 100.00, 0.00, 2.25, 0, 0 
3, 99900644,0.00, 100.00, 0.00, 2.25, 0, 0 
4, 99905115,0.00, 100.00, 0.00, 2.25, 0, 0 
5, 100081759,0.00, 100.00, 0.00, 2.25, 0, 0 
6, 100003132,0.00, 100.00, 0.00, 2.25, 0, 0 
7, 100020740,0.00, 100.00, 0.00, 2.25, 0, 0 
8, 100005448,0.00, 100.00, 0.00, 2.25, 0, 0 
9, 99940477,0.00, 100.00, 0.00, 2.25, 0, 0 
0, 100134933,0.00, 100.00, 0.00, 2.25, 0, 0 
1, 99975217,0.00, 100.00, 0.00, 2.25, 0, 0 
2, 99948725,0.00, 100.00, 0.00, 2.25, 0, 0 
3, 100151780,0.00, 100.00, 0.00, 2.25, 0, 0 
4, 100040464,0.00, 100.00, 0.00, 2.25, 0, 0 
5, 99984867,0.00, 100.00, 0.00, 2.25, 0, 0 
6, 99931670,0.00, 100.00, 0.00, 2.25, 0, 0 
7, 99930411,0.00, 100.00, 0.00, 2.25, 0, 0 
8, 100034098,0.00, 100.00, 0.00, 2.25, 0, 0 
9, 100009061,0.00, 100.00, 0.00, 2.25, 0, 0 
0, 100020834,0.00, 100.00, 0.00, 2.25, 0, 0 
1, 100048580,0.00, 100.00, 0.00, 2.25, 0, 0 
2, 100111535,0.00, 100.00, 0.00, 2.25, 0, 0 
3, 99942584,0.00, 100.00, 0.00, 2.25, 0, 0 
4, 100099869,0.00, 100.00, 0.00, 2.25, 0, 0 
5, 99994133,0.00, 100.00, 0.00, 2.25, 0, 0 
6, 100015392,0.00, 100.00, 0.00, 2.25, 0, 0 
7, 99950920,0.00, 100.00, 0.00, 2.25, 0, 0 
8, 100014809,0.00, 100.00, 0.00, 2.25, 0, 0 
9, 100030857,0.00, 100.00, 0.00, 2.25, 0, 0 
0, 99844607,0.00, 100.00, 0.00, 2.25, 0, 0 
1, 99937189,0.00, 100.00, 0.00, 2.25, 0, 0 
2, 99906551,0.00, 100.00, 0.00, 2.25, 0, 0 
3, 100036512,0.00, 100.00, 0.00, 2.25, 0, 0 
4, 99820256,0.00, 100.00, 0.00, 2.25, 0, 0 
5, 99982024,0.00, 100.00, 0.00, 2.25, 0, 0 
6, 100034062,0.00, 100.00, 0.00, 2.25, 0, 0 
7, 99970270,0.00, 100.00, 0.00, 2.25, 0, 0 
8, 100068460,0.00, 100.00, 0.00, 2.25, 0, 0 
9, 99916092,0.00, 100.00, 0.00, 2.25, 0, 0 
0, 100063731,0.00, 100.00, 0.00, 2.25, 0, 0 
1, 100110308,0.00, 100.00, 0.00, 2.25, 0, 0 
2, 100001271,0.00, 100.00, 0.00, 2.25, 0, 0 
3, 99887360,0.00, 100.00, 0.00, 2.25, 0, 0 
4, 100141011,0.00, 100.00, 0.00, 2.25, 0, 0 
5, 99989845,0.00, 100.00, 0.00, 2.25, 0, 0 
6, 100027976,0.00, 100.00, 0.00, 2.25, 0, 0 
7, 100107895,0.00, 100.00, 0.00, 2.25, 0, 0 
8, 99889581,0.00, 100.00, 0.00, 2.25, 0, 0 
9, 100057902,0.00, 100.00, 0.00, 2.25, 0, 0 
0, 100078355,0.00, 100.00, 0.00, 2.25, 0, 0 
1, 99946370,0.00, 100.00, 0.00, 2.25, 0, 0 
2, 99991907,0.00, 100.00, 0.00, 2.25, 0, 0 
3, 100064603,0.00, 100.00, 0.00, 2.25, 0, 0 
4, 100012575,0.00, 100.00, 0.00, 2.25, 0, 0 
5, 99942317,0.00, 100.00, 0.00, 2.25, 0, 0 
6, 100067377,0.00, 100.00, 0.00, 2.25, 0, 0 
7, 99973937,0.00, 100.00, 0.00, 2.25, 0, 0 
8, 100097171,0.00, 100.00, 0.00, 2.25, 0, 0 
9, 99991042,0.00, 100.00, 0.00, 2.25, 0, 0 
0, 99974072,0.00, 100.00, 0.00, 2.25, 0, 0 
1, 99930638,0.00, 100.00, 0.00, 2.25, 0, 0 
2, 99967886,0.00, 100.00, 0.00, 2.25, 0, 0 
3, 100022499,0.00, 100.00, 0.00, 2.25, 0, 0 
4, 99961739,0.00, 100.00, 0.00, 2.25, 0, 0 
5, 100054356,0.00, 100.00, 0.00, 2.25, 0, 0 
6, 99922868,0.00, 100.00, 0.00, 2.25, 0, 0 
7, 99925747,0.00, 100.00, 0.00, 2.25, 0, 0 
8, 99904736,0.00, 100.00, 0.00, 2.25, 0, 0 
9, 100047484,0.00, 100.00, 0.00, 2.25, 0, 0 
0, 99859025,0.00, 100.00, 0.00, 2.25, 0, 0 
1, 100006697,0.00, 100.00, 0.00, 2.25, 0, 0 
2, 99956340,0.00, 100.00, 0.00, 2.25, 0, 0 
3, 99903394,0.00, 100.00, 0.00, 2.25, 0, 0 
4, 99945031,0.00, 100.00, 0.00, 2.25, 0, 0 
5, 100041565,0.00, 100.00, 0.00, 2.25, 0, 0 
6, 100001942,0.00, 100.00, 0.00, 2.25, 0, 0 
7, 100117410,0.00, 100.00, 0.00, 2.25, 0, 0 
8, 99945314,0.00, 100.00, 0.00, 2.25, 0, 0 
9, 99878820,0.00, 100.00, 0.00, 2.25, 0, 0 
0, 100096497,0.00, 100.00, 0.00, 2.25, 0, 0 
1, 100056916,0.00, 100.00, 0.00, 2.25, 0, 0 
2, 100130408,0.00, 100.00, 0.00, 2.25, 0, 0 
3, 100065667,0.00, 100.00, 0.00, 2.25, 0, 0 
4, 100094156,0.00, 100.00, 0.00, 2.25, 0, 0 
5, 99928732,0.00, 100.00, 0.00, 2.25, 0, 0 
6, 100000841,0.00, 100.00, 0.00, 2.25, 0, 0 
7, 99886373,0.00, 100.00, 0.00, 2.25, 0, 0 
8, 100095253,0.00, 100.00, 0.00, 2.25, 0, 0 
9, 99990977,0.00, 100.00, 0.00, 2.25, 0, 0 
0, 99984523,0.00, 100.00, 0.00, 2.25, 0, 0 
1, 99989171,0.00, 100.00, 0.00, 2.25, 0, 0 
2, 99863926,0.00, 100.00, 0.00, 2.25, 0, 0 
3, 100011345,0.00, 100.00, 0.00, 2.25, 0, 0 
4, 99842493,0.00, 100.00, 0.00, 2.25, 0, 0 
5, 99983076,0.00, 100.00, 0.00, 2.25, 0, 0 
6, 99994582,0.00, 100.00, 0.00, 2.25, 0, 0 
7, 99994391,0.00, 100.00, 0.00, 2.25, 0, 0 
8, 99947207,0.00, 100.00, 0.00, 2.25, 0, 0 
9, 100122421,0.00, 100.00, 0.00, 2.25, 0, 0 
0, 100053860,0.00, 100.00, 0.00, 2.25, 0, 0 
1, 99909701,0.00, 100.00, 0.00, 2.25, 0, 0 
2, 100028115,0.00, 100.00, 0.00, 2.25, 0, 0 
3, 100014024,0.00, 100.00, 0.00, 2.25, 0, 0 
4, 100137732,0.00, 100.00, 0.00, 2.25, 0, 0 
5, 100006357,0.00, 100.00, 0.00, 2.25, 0, 0 
6, 99914409,0.00, 100.00, 0.00, 2.25, 0, 0 
7, 100059928,0.00, 100.00, 0.00, 2.25, 0, 0 
8, 100061466,0.00, 100.00, 0.00, 2.25, 0, 0 
9, 99902851,0.00, 100.00, 0.00, 2.25, 0, 0 
0, 99918018,0.00, 100.00, 0.00, 2.25, 0, 0 
1, 100089642,0.00, 100.00, 0.00, 2.25, 0, 0 
2, 99948052,0.00, 100.00, 0.00, 2.25, 0, 0 
3, 99944424,0.00, 100.00, 0.00, 2.25, 0, 0 
4, 99915891,0.00, 100.00, 0.00, 2.25, 0, 0 
5, 100083940,0.00, 100.00, 0.00, 2.25, 0, 0 
6, 99964313,0.00, 100.00, 0.00, 2.25, 0, 0 
7, 99953691,0.00, 100.00, 0.00, 2.25, 0, 0 
8, 99972970,0.00, 100.00, 0.00, 2.25, 0, 0 
9, 100114781,0.00, 100.00, 0.00, 2.25, 0, 0 
0, 99932254,0.00, 100.00, 0.00, 2.25, 0, 0 
1, 100025037,0.00, 100.00, 0.00, 2.25, 0, 0 
2, 100150843,0.00, 100.00, 0.00, 2.25, 0, 0 
3, 99950418,0.00, 100.00, 0.00, 2.25, 0, 0 
4, 100091851,0.00, 100.00, 0.00, 2.25, 0, 0 
5, 99903743,0.00, 100.00, 0.00, 2.25, 0, 0 
6, 100032122,0.00, 100.00, 0.00, 2.25, 0, 0 
7, 100092506,0.00, 100.00, 0.00, 2.25, 0, 0 
8, 99929577,0.00, 100.00, 0.00, 2.25, 0, 0 
9, 99891221,0.00, 100.00, 0.00, 2.25, 0, 0 
0, 100131997,0.00, 100.00, 0.00, 2.25, 0, 0 
1, 100025318,0.00, 100.00, 0.00, 2.25, 0, 0 
2, 99857764,0.00, 100.00, 0.00, 2.25, 0, 0 
3, 100062245,0.00, 100.00, 0.00, 2.25, 0, 0 
4, 99845359,0.00, 100.00, 0.00, 2.25, 0, 0 
5, 99996261,0.00, 100.00, 0.00, 2.25, 0, 0 
6, 100034179,0.00, 100.00, 0.00, 2.25, 0, 0 
7, 99977834,0.00, 100.00, 0.00, 2.25, 0, 0 
8, 99985925,0.00, 100.00, 0.00, 2.25, 0, 0 
9, 100047538,0.00, 100.00, 0.00, 2.25, 0, 0 
0, 99997654,0.00, 100.00, 0.00, 2.25, 0, 0 
1, 99851021,0.00, 100.00, 0.00, 2.25, 0, 0 
2, 100056593,0.00, 100.00, 0.00, 2.25, 0, 0 
3, 100062970,0.00, 100.00, 0.00, 2.25, 0, 0 
4, 100059509,0.00, 100.00, 0.00, 2.25, 0, 0 
5, 100116464,0.00, 100.00, 0.00, 2.25, 0, 0 
6, 99921875,0.00, 100.00, 0.00, 2.25, 0, 0 
7, 99927724,0.00, 100.00, 0.00, 2.25, 0, 0 
8, 100093341,0.00, 100.00, 0.00, 2.25, 0, 0 
9, 99906747,0.00, 100.00, 0.00, 2.25, 0, 0 
0, 99914995,0.00, 100.00, 0.00, 2.25, 0, 0 
1, 100070782,0.00, 100.00, 0.00, 2.25, 0, 0 
2, 100082890,0.00, 100.00, 0.00, 2.25, 0, 0 
3, 99877726,0.00, 100.00, 0.00, 2.25, 0, 0 
4, 99984294,0.00, 100.00, 0.00, 2.25, 0, 0 
5, 99974820,0.00, 100.00, 0.00, 2.25, 0, 0 
6, 100146881,0.00, 100.00, 0.00, 2.25, 0, 0 
7, 99974203,0.00, 100.00, 0.00, 2.25, 0, 0 
8, 99978562,0.00, 100.00, 0.00, 2.25, 0, 0 
9, 100351616,0.00, 100.00, 0.00, 2.25, 0, 0 
0, 99997128,0.00, 100.00, 0.00, 2.25, 0, 0 
1, 99960288,0.00, 100.00, 0.00, 2.25, 0, 0 
2, 99818959,0.00, 100.00, 0.00, 2.25, 0, 0 
3, 99990070,0.00, 100.00, 0.00, 2.25, 0, 0 
4, 100210170,0.00, 100.00, 0.00, 2.25, 0, 0 
5, 100004325,0.00, 100.00, 0.00, 2.25, 0, 0 
6, 99852863,0.00, 100.00, 0.00, 2.25, 0, 0 
7, 100055070,0.00, 100.00, 0.00, 2.25, 0, 0 
8, 99983696,0.00, 100.00, 0.00, 2.25, 0, 0 
9, 99760442,0.00, 100.00, 0.00, 2.25, 0, 0 
0, 99975487,0.00, 100.00, 0.00, 2.25, 0, 0 
1, 100044275,0.00, 100.00, 0.00, 2.25, 0, 0 
2, 100133011,0.00, 100.00, 0.00, 2.25, 0, 0 
3, 99999499,0.00, 100.00, 0.00, 2.25, 0, 0 
4, 99846604,0.00, 100.00, 0.00, 2.25, 0, 0 
5, 99845813,0.00, 100.00, 0.00, 2.25, 0, 0 
6, 100139041,0.00, 100.00, 0.00, 2.25, 0, 0 
7, 100004515,0.00, 100.00, 0.00, 2.25, 0, 0 
8, 99993209,0.00, 100.00, 0.00, 2.25, 0, 0 
9, 99869625,0.00, 100.00, 0.00, 2.25, 0, 0 
0, 100088338,0.00, 100.00, 0.00, 2.25, 0, 0 
1, 99979507,0.00, 100.00, 0.00, 2.25, 0, 0 
2, 99992961,0.00, 100.00, 0.00, 2.25, 0, 0 
3, 100072544,0.00, 100.00, 0.00, 2.25, 0, 0 
4, 99883178,0.00, 100.00, 0.00, 2.25, 0, 0 
5, 100156321,0.00, 100.00, 0.00, 2.25, 0, 0 
6, 99958004,0.00, 100.00, 0.00, 2.25, 0, 0 
7, 100000827,0.00, 100.00, 0.00, 2.25, 0, 0 
8, 99999168,0.00, 100.00, 0.00, 2.25, 0, 0 
9, 100032828,0.00, 100.00, 0.00, 2.25, 0, 0 
0, 99864620,0.00, 100.00, 0.00, 2.25, 0, 0 
1, 100009541,0.00, 100.00, 0.00, 2.25, 0, 0 
2, 99943568,0.00, 100.00, 0.00, 2.25, 0, 0 
3, 99914724,0.00, 100.00, 0.00, 2.25, 0, 0 
4, 99958233,0.00, 100.00, 0.00, 2.25, 0, 0 
5, 99947276,0.00, 100.00, 0.00, 2.25, 0, 0 
6, 99911502,0.00, 100.00, 0.00, 2.25, 0, 0 
7, 100058777,0.00, 100.00, 0.00, 2.25, 0, 0 
8, 99940875,0.00, 100.00, 0.00, 2.25, 0, 0 
9, 99984131,0.00, 100.00, 0.00, 2.25, 0, 0 
0, 100136712,0.00, 100.00, 0.00, 2.25, 0, 0 
1, 100024579,0.00, 100.00, 0.00, 2.25, 0, 0 
2, 99932519,0.00, 100.00, 0.00, 2.25, 0, 0 
3, 100087861,0.00, 100.00, 0.00, 2.25, 0, 0 
4, 100150275,0.00, 100.00, 0.00, 2.25, 0, 0 
5, 100010459,0.00, 100.00, 0.00, 2.25, 0, 0 
6, 99962508,0.00, 100.00, 0.00, 2.25, 0, 0 
7, 99989308,0.00, 100.00, 0.00, 2.25, 0, 0 
8, 100096326,0.00, 100.00, 0.00, 2.25, 0, 0 
9, 100099960,0.00, 100.00, 0.00, 2.25, 0, 0 
0, 99902779,0.00, 100.00, 0.00, 2.25, 0, 0 
1, 99928248,0.00, 100.00, 0.00, 2.25, 0, 0 
2, 100035285,0.00, 100.00, 0.00, 2.25, 0, 0 
3, 99977520,0.00, 100.00, 0.00, 2.25, 0, 0 
4, 100030552,0.00, 100.00, 0.00, 2.25, 0, 0 
5, 99881632,0.00, 100.00, 0.00, 2.25, 0, 0 
6, 100013637,0.00, 100.00, 0.00, 2.25, 0, 0 
7, 99851234,0.00, 100.00, 0.00, 2.25, 0, 0 
8, 99968277,0.00, 100.00, 0.00, 2.25, 0, 0 
9, 99981512,0.00, 100.00, 0.00, 2.25, 0, 0 
0, 100077730,0.00, 100.00, 0.00, 2.25, 0, 0 
1, 100069602,0.00, 100.00, 0.00, 2.25, 0, 0 
2, 99988461,0.00, 100.00, 0.00, 2.25, 0, 0 
3, 100038703,0.00, 100.00, 0.00, 2.25, 0, 0 
4, 99898934,0.00, 100.00, 0.00, 2.25, 0, 0 
5, 100159686,0.00, 100.00, 0.00, 2.25, 0, 0 
6, 100019896,0.00, 100.00, 0.00, 2.25, 0, 0 
7, 100131410,0.00, 100.00, 0.00, 2.25, 0, 0 
8, 99924559,0.00, 100.00, 0.00, 2.25, 0, 0 
9, 100090149,0.00, 100.00, 0.00, 2.25, 0, 0 
0, 100009741,0.00, 100.00, 0.00, 2.25, 0, 0 
1, 99998476,0.00, 100.00, 0.00, 2.25, 0, 0 
2, 100123284,0.00, 100.00, 0.00, 2.25, 0, 0 
3, 99956646,0.00, 100.00, 0.00, 2.25, 0, 0 
4, 100055293,0.00, 100.00, 0.00, 2.25, 0, 0 
5, 99906824,0.00, 100.00, 0.00, 2.25, 0, 0 
6, 100076919,0.00, 100.00, 0.00, 2.25, 0, 0 
7, 99924890,0.00, 100.00, 0.00, 2.25, 0, 0 
8, 100152232,0.00, 100.00, 0.00, 2.25, 0, 0 
9, 100069344,0.00, 100.00, 0.00, 2.25, 0, 0 
0, 100044692,0.00, 100.00, 0.00, 2.25, 0, 0 
1, 99986370,0.00, 100.00, 0.00, 2.25, 0, 0 
2, 99858904,0.00, 100.00, 0.00, 2.25, 0, 0 
3, 100008291,0.00, 100.00, 0.00, 2.25, 0, 0 
4, 100052647,0.00, 100.00, 0.00, 2.25, 0, 0 
5, 100024877,0.00, 100.00, 0.00, 2.25, 0, 0 
6, 99910511,0.00, 100.00, 0.00, 2.25, 0, 0 
7, 100043094,0.00, 100.00, 0.00, 2.25, 0, 0 
8, 99939382,0.00, 100.00, 0.00, 2.25, 0, 0 
9, 99880570,0.00, 100.00, 0.00, 2.25, 0, 0 
0, 99935950,0.00, 100.00, 0.00, 2.25, 0, 0 
1, 99944848,0.00, 100.00, 0.00, 2.25, 0, 0 
2, 100032769,0.00, 100.00, 0.00, 2.25, 0, 0 
3, 100048290,0.00, 100.00, 0.00, 2.25, 0, 0 
4, 99992515,0.00, 100.00, 0.00, 2.25, 0, 0 
5, 99946339,0.00, 100.00, 0.00, 2.25, 0, 0 
6, 100127056,0.00, 100.00, 0.00, 2.25, 0, 0 
7, 99896948,0.00, 100.00, 0.00, 2.25, 0, 0 
8, 99941780,0.00, 100.00, 0.00, 2.25, 0, 0 
9, 99997379,0.00, 100.00, 0.00, 2.25, 0, 0 
0, 99950360,0.00, 100.00, 0.00, 2.25, 0, 0 
1, 100051880,0.00, 100.00, 0.00, 2.25, 0, 0 
2, 100104405,0.00, 100.00, 0.00, 2.25, 0, 0 
3, 99924000,0.00, 100.00, 0.00, 2.25, 0, 0 
4, 99903911,0.00, 100.00, 0.00, 2.25, 0, 0 
5, 100060139,0.00, 100.00, 0.00, 2.25, 0, 0 
6, 99877596,0.00, 100.00, 0.00, 2.25, 0, 0 
7, 100067697,0.00, 100.00, 0.00, 2.25, 0, 0 
8, 100034138,0.00, 100.00, 0.00, 2.25, 0, 0 
9, 99989387,0.00, 100.00, 0.00, 2.25, 0, 0 
0, 99992106,0.00, 100.00, 0.00, 2.25, 0, 0 
1, 100002602,0.00, 100.00, 0.00, 2.25, 0, 0 
2, 100015734,0.00, 100.00, 0.00, 2.25, 0, 0 
3, 100015202,0.00, 100.00, 0.00, 2.25, 0, 0 
4, 100072289,0.00, 100.00, 0.00, 2.25, 0, 0 
5, 100064629,0.00, 100.00, 0.00, 2.25, 0, 0 
6, 99983695,0.00, 100.00, 0.00, 2.25, 0, 0 
7, 99995751,0.00, 100.00, 0.00, 2.25, 0, 0 
8, 100022388,0.00, 100.00, 0.00, 2.25, 0, 0 
9, 99986406,0.00, 100.00, 0.00, 2.25, 0, 0 
0, 100017687,0.00, 100.00, 0.00, 2.25, 0, 0 
1, 100040807,0.00, 100.00, 0.00, 2.25, 0, 0 
2, 99842285,0.00, 100.00, 0.00, 2.25, 0, 0 
3, 99944962,0.00, 100.00, 0.00, 2.25, 0, 0 
4, 99923422,0.00, 100.00, 0.00, 2.25, 0, 0 
5, 99930377,0.00, 100.00, 0.00, 2.25, 0, 0 
6, 100102667,0.00, 100.00, 0.00, 2.25, 0, 0 
7, 99951953,0.00, 100.00, 0.00, 2.25, 0, 0 
8, 99949582,0.00, 100.00, 0.00, 2.25, 0, 0 
9, 99960192,0.00, 100.00, 0.00, 2.25, 0, 0 
0, 100078327,0.00, 100.00, 0.00, 2.25, 0, 0 
1, 99929176,0.00, 100.00, 0.00, 2.25, 0, 0 
2, 100079584,0.00, 100.00, 0.00, 2.25, 0, 0 
3, 100129258,0.00, 100.00, 0.00, 2.25, 0, 0 
4, 100084987,0.00, 100.00, 0.00, 2.25, 0, 0 
5, 99963781,0.00, 100.00, 0.00, 2.25, 0, 0 
6, 99985646,0.00, 100.00, 0.00, 2.25, 0, 0 
7, 100125412,0.00, 100.00, 0.00, 2.25, 0, 0 
8, 100001240,0.00, 100.00, 0.00, 2.25, 0, 0 
9, 99978588,0.00, 100.00, 0.00, 2.25, 0, 0 
0, 99962565,0.00, 100.00, 0.00, 2.25, 0, 0 
1, 99998130,0.00, 100.00, 0.00, 2.25, 0, 0 
2, 100004397,0.00, 100.00, 0.00, 2.25, 0, 0 
3, 100052263,0.00, 100.00, 0.00, 2.25, 0, 0 
4, 100016098,0.00, 100.00, 0.00, 2.25, 0, 0 
5, 100021054,0.00, 100.00, 0.00, 2.25, 0, 0 
6, 99926019,0.00, 100.00, 0.00, 2.25, 0, 0 
7, 99970093,0.00, 100.00, 0.00, 2.25, 0, 0 
8, 99946269,0.00, 100.00, 0.00, 2.25, 0, 0 
9, 99998267,0.00, 100.00, 0.00, 2.25, 0, 0 
0, 99977399,0.00, 100.00, 0.00, 2.25, 0, 0 
1, 100034315,0.00, 100.00, 0.00, 2.25, 0, 0 
2, 100080692,0.00, 100.00, 0.00, 2.25, 0, 0 
3, 99860475,0.00, 100.00, 0.00, 2.25, 0, 0 
4, 99949817,0.00, 100.00, 0.00, 2.25, 0, 0 
5, 99931234,0.00, 100.00, 0.00, 2.25, 0, 0 
6, 100116015,0.00, 100.00, 0.00, 2.25, 0, 0 
7, 99965903,0.00, 100.00, 0.00, 2.25, 0, 0 
8, 100181921,0.00, 100.00, 0.00, 2.25, 0, 0 
9, 100035131,0.00, 100.00, 0.00, 2.25, 0, 0 
0, 99905112,0.00, 100.00, 0.00, 2.25, 0, 0 
1, 100086417,0.00, 100.00, 0.00, 2.25, 0, 0 
2, 99894009,0.00, 100.00, 0.00, 2.25, 0, 0 
3, 100046960,0.00, 100.00, 0.00, 2.25, 0, 0 
4, 99985006,0.00, 100.00, 0.00, 2.25, 0, 0 
5, 100121526,0.00, 100.00, 0.00, 2.25, 0, 0 
6, 99895198,0.00, 100.00, 0.00, 2.25, 0, 0 
7, 100068286,0.00, 100.00, 0.00, 2.25, 0, 0 
8, 99857226,0.00, 100.00, 0.00, 2.25, 0, 0 
9, 99944916,0.00, 100.00, 0.00, 2.25, 0, 0 
0, 100099245,0.00, 100.00, 0.00, 2.25, 0, 0 
1, 99822476,0.00, 100.00, 0.00, 2.25, 0, 0 
2, 99975677,0.00, 100.00, 0.00, 2.25, 0, 0 
3, 99995842,0.00, 100.00, 0.00, 2.25, 0, 0 
4, 99898490,0.00, 100.00, 0.00, 2.25, 0, 0 
5, 99973831,0.00, 100.00, 0.00, 2.25, 0, 0 
6, 100117573,0.00, 100.00, 0.00, 2.25, 0, 0 
7, 99846623,0.00, 100.00, 0.00, 2.25, 0, 0 
8, 100037094,0.00, 100.00, 0.00, 2.25, 0, 0 
9, 100089869,0.00, 100.00, 0.00, 2.25, 0, 0 
0, 99986193,0.00, 100.00, 0.00, 2.25, 0, 0 
1, 100154718,0.00, 100.00, 0.00, 2.25, 0, 0 
2, 100034447,0.00, 100.00, 0.00, 2.25, 0, 0 
3, 99952383,0.00, 100.00, 0.00, 2.25, 0, 0 
4, 100007865,0.00, 100.00, 0.00, 2.25, 0, 0 
5, 99898726,0.00, 100.00, 0.00, 2.25, 0, 0 
6, 99957234,0.00, 100.00, 0.00, 2.25, 0, 0 
7, 99989679,0.00, 100.00, 0.00, 2.25, 0, 0 
8, 100015245,0.00, 100.00, 0.00, 2.25, 0, 0 
9, 99942488,0.00, 100.00, 0.00, 2.25, 0, 0 
0, 99926448,0.00, 100.00, 0.00, 2.25, 0, 0 
1, 99778606,0.00, 100.00, 0.00, 2.25, 0, 0 
2, 99983629,0.00, 100.00, 0.00, 2.25, 0, 0 
3, 100003455,0.00, 100.00, 0.00, 2.25, 0, 0 
4, 100029004,0.00, 100.00, 0.00, 2.25, 0, 0 
5, 100056065,0.00, 100.00, 0.00, 2.25, 0, 0 
6, 99962408,0.00, 100.00, 0.00, 2.25, 0, 0 
7, 100055576,0.00, 100.00, 0.00, 2.25, 0, 0 
8, 99872915,0.00, 100.00, 0.00, 2.25, 0, 0 
9, 99999661,0.00, 100.00, 0.00, 2.25, 0, 0 
0, 100016447,0.00, 100.00, 0.00, 2.25, 0, 0 
1, 100055727,0.00, 100.00, 0.00, 2.25, 0, 0 
2, 99895805,0.00, 100.00, 0.00, 2.25, 0, 0 
3, 99994582,0.00, 100.00, 0.00, 2.25, 0, 0 
4, 100046867,0.00, 100.00, 0.00, 2.25, 0, 0 
5, 99993940,0.00, 100.00, 0.00, 2.25, 0, 0 
6, 99912449,0.00, 100.00, 0.00, 2.25, 0, 0 
7, 100073200,0.00, 100.00, 0.00, 2.25, 0, 0 
8, 100049722,0.00, 100.00, 0.00, 2.25, 0, 0 
9, 99888134,0.00, 100.00, 0.00, 2.25, 0, 0 
0, 100086412,0.00, 100.00, 0.00, 2.25, 0, 0 
1, 100052328,0.00, 100.00, 0.00, 2.25, 0, 0 
2, 100052377,0.00, 100.00, 0.00, 2.25, 0, 0 
3, 99928000,0.00, 100.00, 0.00, 2.25, 0, 0 
4, 100022267,0.00, 100.00, 0.00, 2.25, 0, 0 
5, 100010608,0.00, 100.00, 0.00, 2.25, 0, 0 
6, 100022015,0.00, 100.00, 0.00, 2.25, 0, 0 
7, 100000802,0.00, 100.00, 0.00, 2.25, 0, 0 
8, 100053769,0.00, 100.00, 0.00, 2.25, 0, 0 
9, 100104315,0.00, 100.00, 0.00, 2.25, 0, 0 
0, 99930884,0.00, 100.00, 0.00, 2.25, 0, 0 
1, 99966349,0.00, 100.00, 0.00, 2.25, 0, 0 
2, 99952938,0.00, 100.00, 0.00, 2.25, 0, 0 
3, 100001572,0.00, 100.00, 0.00, 2.25, 0, 0 
4, 100004786,0.00, 100.00, 0.00, 2.25, 0, 0 
5, 99991132,0.00, 100.00, 0.00, 2.25, 0, 0 
6, 100066244,0.00, 100.00, 0.00, 2.25, 0, 0 
7, 99921037,0.00, 100.00, 0.00, 2.25, 0, 0 
8, 99910254,0.00, 100.00, 0.00, 2.25, 0, 0 
9, 99911139,0.00, 100.00, 0.00, 2.25, 0, 0 
0, 100088799,0.00, 100.00, 0.00, 2.25, 0, 0 
1, 100033680,0.00, 100.00, 0.00, 2.25, 0, 0 
2, 100069458,0.00, 100.00, 0.00, 2.25, 0, 0 
3, 100044248,0.00, 100.00, 0.00, 2.25, 0, 0 
4, 99876587,0.00, 100.00, 0.00, 2.25, 0, 0 
5, 99938964,0.00, 100.00, 0.00, 2.25, 0, 0 
6, 100022707,0.00, 100.00, 0.00, 2.25, 0, 0 
7, 100031422,0.00, 100.00, 0.00, 2.25, 0, 0 
8, 100045349,0.00, 100.00, 0.00, 2.25, 0, 0 
9, 100002151,0.00, 100.00, 0.00, 2.25, 0, 0 
0, 99851412,0.00, 100.00, 0.00, 2.25, 0, 0 
1, 100013026,0.00, 100.00, 0.00, 2.25, 0, 0 
2, 100010603,0.00, 100.00, 0.00, 2.25, 0, 0 
3, 100030984,0.00, 100.00, 0.00, 2.25, 0, 0 
4, 100145088,0.00, 100.00, 0.00, 2.25, 0, 0 
5, 99997622,0.00, 100.00, 0.00, 2.25, 0, 0 
6, 99924523,0.00, 100.00, 0.00, 2.25, 0, 0 
7, 100031046,0.00, 100.00, 0.00, 2.25, 0, 0 
8, 99955232,0.00, 100.00, 0.00, 2.25, 0, 0 
9, 100143906,0.00, 100.00, 0.00, 2.25, 0, 0 
0, 100175003,0.00, 100.00, 0.00, 2.25, 0, 0 
1, 99932920,0.00, 100.00, 0.00, 2.25, 0, 0 
2, 99972599,0.00, 100.00, 0.00, 2.25, 0, 0 
3, 99957861,0.00, 100.00, 0.00, 2.25, 0, 0 
4, 99878751,0.00, 100.00, 0.00, 2.25, 0, 0 
5, 99979429,0.00, 100.00, 0.00, 2.25, 0, 0 
6, 99954161,0.00, 100.00, 0.00, 2.25, 0, 0 
7, 99939005,0.00, 100.00, 0.00, 2.25, 0, 0 
8, 100107251,0.00, 100.00, 0.00, 2.25, 0, 0 
9, 99969831,0.00, 100.00, 0.00, 2.25, 0, 0 
0, 99865717,0.00, 100.00, 0.00, 2.25, 0, 0 
1, 100046133,0.00, 100.00, 0.00, 2.25, 0, 0 
2, 100035273,0.00, 100.00, 0.00, 2.25, 0, 0 
3, 100061273,0.00, 100.00, 0.00, 2.25, 0, 0 
4, 99967214,0.00, 100.00, 0.00, 2.25, 0, 0 
5, 100017906,0.00, 100.00, 0.00, 2.25, 0, 0 
6, 99996755,0.00, 100.00, 0.00, 2.25, 0, 0 
7, 100006280,0.00, 100.00, 0.00, 2.25, 0, 0 
8, 99957954,0.00, 100.00, 0.00, 2.25, 0, 0 
9, 100029202,0.00, 100.00, 0.00, 2.25, 0, 0 
0, 100051067,0.00, 100.00, 0.00, 2.25, 0, 0 
1, 100029552,0.00, 100.00, 0.00, 2.25, 0, 0 
2, 100079142,0.00, 100.00, 0.00, 2.25, 0, 0 
3, 99954149,0.00, 100.00, 0.00, 2.25, 0, 0 
4, 100070698,0.00, 100.00, 0.00, 2.25, 0, 0 
5, 100131681,0.00, 100.00, 0.00, 2.25, 0, 0 
6, 100247550,0.00, 100.00, 0.00, 2.25, 0, 0 
7, 99905482,0.00, 100.00, 0.00, 2.25, 0, 0 
8, 99986012,0.00, 100.00, 0.00, 2.25, 0, 0 
9, 99884249,0.00, 100.00, 0.00, 2.25, 0, 0 
0, 100042336,0.00, 100.00, 0.00, 2.25, 0, 0 
1, 100168246,0.00, 100.00, 0.00, 2.25, 0, 0 
2, 99813349,0.00, 100.00, 0.00, 2.25, 0, 0 
3, 100042595,0.00, 100.00, 0.00, 2.25, 0, 0 
4, 99995453,0.00, 100.00, 0.00, 2.25, 0, 0 
5, 99969661,0.00, 100.00, 0.00, 2.25, 0, 0 
6, 99760605,0.00, 100.00, 0.00, 2.25, 0, 0 
7, 100087319,0.00, 100.00, 0.00, 2.25, 0, 0 
8, 100069386,0.00, 100.00, 0.00, 2.25, 0, 0 
9, 100006371,0.00, 100.00, 0.00, 2.25, 0, 0 
0, 99976676,0.00, 100.00, 0.00, 2.25, 0, 0 
1, 99755037,0.00, 100.00, 0.00, 2.25, 0, 0 
2, 100052394,0.00, 100.00, 0.00, 2.25, 0, 0 
3, 99970980,0.00, 100.00, 0.00, 2.25, 0, 0 
4, 100005313,0.00, 100.00, 0.00, 2.25, 0, 0 
5, 100009921,0.00, 100.00, 0.00, 2.25, 0, 0 
6, 99986890,0.00, 100.00, 0.00, 2.25, 0, 0 
7, 99985730,0.00, 100.00, 0.00, 2.25, 0, 0 
8, 99853828,0.00, 100.00, 0.00, 2.25, 0, 0 
9, 99979579,0.00, 100.00, 0.00, 2.25, 0, 0 
0, 99974610,0.00, 100.00, 0.00, 2.25, 0, 0 
1, 99965302,0.00, 100.00, 0.00, 2.25, 0, 0 
2, 99977582,0.00, 100.00, 0.00, 2.25, 0, 0 
3, 100022678,0.00, 100.00, 0.00, 2.25, 0, 0 
4, 100061141,0.00, 100.00, 0.00, 2.25, 0, 0 
5, 99876244,0.00, 100.00, 0.00, 2.25, 0, 0 
6, 100088221,0.00, 100.00, 0.00, 2.25, 0, 0 
7, 99943906,0.00, 100.00, 0.00, 2.25, 0, 0 
8, 100046310,0.00, 100.00, 0.00, 2.25, 0, 0 
9, 100082040,0.00, 100.00, 0.00, 2.25, 0, 0 
0, 100022235,0.00, 100.00, 0.00, 2.25, 0, 0 
1, 100000981,0.00, 100.00, 0.00, 2.25, 0, 0 
2, 100056277,0.00, 100.00, 0.00, 2.25, 0, 0 
3, 100017849,0.00, 100.00, 0.00, 2.25, 0, 0 
4, 99860495,0.00, 100.00, 0.00, 2.25, 0, 0 
5, 100045535,0.00, 100.00, 0.00, 2.25, 0, 0 
6, 99947770,0.00, 100.00, 0.00, 2.25, 0, 0 
7, 100073696,0.00, 100.00, 0.00, 2.25, 0, 0 
8, 100088720,0.00, 100.00, 0.00, 2.25, 0, 0 
9, 99884138,0.00, 100.00, 0.00, 2.25, 0, 0 
0, 99962672,0.00, 100.00, 0.00, 2.25, 0, 0 
1, 100047659,0.00, 100.00, 0.00, 2.25, 0, 0 
2, 100008935,0.00, 100.00, 0.00, 2.25, 0, 0 
3, 99978793,0.00, 100.00, 0.00, 2.25, 0, 0 
4, 100032583,0.00, 100.00, 0.00, 2.25, 0, 0 
5, 100040460,0.00, 100.00, 0.00, 2.25, 0, 0 
6, 100115268,0.00, 100.00, 0.00, 2.25, 0, 0 
7, 100135072,0.00, 100.00, 0.00, 2.25, 0, 0 
8, 99967522,0.00, 100.00, 0.00, 2.25, 0, 0 
9, 100074866,0.00, 100.00, 0.00, 2.25, 0, 0 
0, 99977099,0.00, 100.00, 0.00, 2.25, 0, 0 
1, 100221515,0.00, 100.00, 0.00, 2.25, 0, 0 
2, 99903065,0.00, 100.00, 0.00, 2.25, 0, 0 
3, 99910786,0.00, 100.00, 0.00, 2.25, 0, 0 
4, 100048117,0.00, 100.00, 0.00, 2.25, 0, 0 
5, 99945676,0.00, 100.00, 0.00, 2.25, 0, 0 
6, 99900943,0.00, 100.00, 0.00, 2.25, 0, 0 
7, 99901942,0.00, 100.00, 0.00, 2.25, 0, 0 
8, 99902640,0.00, 100.00, 0.00, 2.25, 0, 0 
9, 99974646,0.00, 100.00, 0.00, 2.25, 0, 0 
0, 99997726,0.00, 100.00, 0.00, 2.25, 0, 0 
1, 99703957,0.00, 100.00, 0.00, 2.25, 0, 0 
2, 100032749,0.00, 100.00, 0.00, 2.25, 0, 0 
3, 100101527,0.00, 100.00, 0.00, 2.25, 0, 0 
4, 99985547,0.00, 100.00, 0.00, 2.25, 0, 0 
5, 100036568,0.00, 100.00, 0.00, 2.25, 0, 0 
6, 100212668,0.00, 100.00, 0.00, 2.25, 0, 0 
7, 99977900,0.00, 100.00, 0.00, 2.25, 0, 0 
8, 100107082,0.00, 100.00, 0.00, 2.25, 0, 0 
9, 99970900,0.00, 100.00, 0.00, 2.25, 0, 0 
0, 100040205,0.00, 100.00, 0.00, 2.25, 0, 0 
1, 100149161,0.00, 100.00, 0.00, 2.25, 0, 0 
2, 100015403,0.00, 100.00, 0.00, 2.25, 0, 0 
3, 99966236,0.00, 100.00, 0.00, 2.25, 0, 0 
4, 99918107,0.00, 100.00, 0.00, 2.25, 0, 0 
5, 99940955,0.00, 100.00, 0.00, 2.25, 0, 0 
6, 99851448,0.00, 100.00, 0.00, 2.25, 0, 0 
7, 99901352,0.00, 100.00, 0.00, 2.25, 0, 0 
8, 100006300,0.00, 100.00, 0.00, 2.25, 0, 0 
9, 99992991,0.00, 100.00, 0.00, 2.25, 0, 0 
0, 99978153,0.00, 100.00, 0.00, 2.25, 0, 0 
1, 100019428,0.00, 100.00, 0.00, 2.25, 0, 0 
2, 99968658,0.00, 100.00, 0.00, 2.25, 0, 0 
3, 99934169,0.00, 100.00, 0.00, 2.25, 0, 0 
4, 100069455,0.00, 100.00, 0.00, 2.25, 0, 0 
5, 100107361,0.00, 100.00, 0.00, 2.25, 0, 0 
6, 99875575,0.00, 100.00, 0.00, 2.25, 0, 0 
7, 100139046,0.00, 100.00, 0.00, 2.25, 0, 0 
8, 99882620,0.00, 100.00, 0.00, 2.25, 0, 0 
9, 100014157,0.00, 100.00, 0.00, 2.25, 0, 0 
0, 100041119,0.00, 100.00, 0.00, 2.25, 0, 0 
1, 100134737,0.00, 100.00, 0.00, 2.25, 0, 0 
2, 99986938,0.00, 100.00, 0.00, 2.25, 0, 0 
3, 100099223,0.00, 100.00, 0.00, 2.25, 0, 0 
4, 100101103,0.00, 100.00, 0.00, 2.25, 0, 0 
5, 99957815,0.00, 100.00, 0.00, 2.25, 0, 0 
6, 99958285,0.00, 100.00, 0.00, 2.25, 0, 0 
7, 99911146,0.00, 100.00, 0.00, 2.25, 0, 0 
8, 100075524,0.00, 100.00, 0.00, 2.25, 0, 0 
9, 99963244,0.00, 100.00, 0.00, 2.25, 0, 0 
0, 99904774,0.00, 100.00, 0.00, 2.25, 0, 0 
1, 100018470,0.00, 100.00, 0.00, 2.25, 0, 0 
2, 100087311,0.00, 100.00, 0.00, 2.25, 0, 0 
3, 99930546,0.00, 100.00, 0.00, 2.25, 0, 0 
4, 99833440,0.00, 100.00, 0.00, 2.25, 0, 0 
5, 89950521,0.00, 100.00, 0.00, 2.25, 0, 0 
6, 80082245,0.00, 100.00, 0.00, 2.25, 0, 0 
7, 70033234,0.00, 100.00, 0.00, 2.25, 0, 0 
8, 59998479,0.00, 100.00, 0.00, 2.25, 0, 0 
9, 50116661,0.00, 100.00, 0.00, 2.25, 0, 0 
0, 40118302,0.00, 100.00, 0.00, 2.25, 0, 0 
1, 29845380,0.00, 100.00, 0.00, 2.25, 0, 0 
2, 20090649,0.00, 100.00, 0.00, 2.25, 0, 0 
3, 10131566,0.00, 100.00, 0.00, 2.25, 0, 0 
4, 209537,0.00, 100.00, 0.00, 2.25, 0, 0 
5, 191728,0.00, 100.00, 0.00, 2.25, 0, 0 
6, 189971,0.00, 100.00, 0.00, 2.25, 0, 0 
7, 190220,0.00, 100.00, 0.00, 2.25, 0, 0 
8, 190042,0.00, 100.00, 0.00, 2.25, 0, 0 
9, 190014,0.00, 100.00, 0.00, 2.25, 0, 0 
0, 188560,0.00, 100.00, 0.00, 2.25, 0, 0 
1, 188894,0.00, 100.00, 0.00, 2.25, 0, 0 
2, 189101,0.00, 100.00, 0.00, 2.25, 0, 0 
3, 189933,0.00, 100.00, 0.00, 2.25, 0, 0 
4, 190369,0.00, 100.00, 0.00, 2.25, 0, 0 
5, 189905,0.00, 100.00, 0.00, 2.25, 0, 0 
6, 190140,0.00, 100.00, 0.00, 2.25, 0, 0 
7, 189795,0.00, 100.00, 0.00, 2.25, 0, 0 
8, 189706,0.00, 100.00, 0.00, 2.25, 0, 0 
9, 190110,0.00, 100.00, 0.00, 2.25, 0, 0 
0, 189782,0.00, 100.00, 0.00, 2.25, 0, 0 
1, 190507,0.00, 100.00, 0.00, 2.25, 0, 0 
2, 191159,0.00, 100.00, 0.00, 2.25, 0, 0 
3, 190786,0.00, 100.00, 0.00, 2.25, 0, 0 
4, 190691,0.00, 100.00, 0.00, 2.25, 0, 0 
5, 191046,0.00, 100.00, 0.00, 2.25, 0, 0 
6, 190902,0.00, 100.00, 0.00, 2.25, 0, 0 
7, 190503,0.00, 100.00, 0.00, 2.25, 0, 0 
8, 191047,0.00, 100.00, 0.00, 2.25, 0, 0 
9, 190763,0.00, 100.00, 0.00, 2.25, 0, 0 
0, 190534,0.00, 100.00, 0.00, 2.25, 0, 0 
1, 190034,0.00, 100.00, 0.00, 2.25, 0, 0 
2, 189595,0.00, 100.00, 0.00, 2.25, 0, 0 
3, 189274,0.00, 100.00, 0.00, 2.25, 0, 0 
4, 189687,0.00, 100.00, 0.00, 2.25, 0, 0 
5, 189563,0.00, 100.00, 0.00, 2.25, 0, 0 
6, 189167,0.00, 100.00, 0.00, 2.25, 0, 0 
7, 189620,0.00, 100.00, 0.00, 2.25, 0, 0 
8, 189286,0.00, 100.00, 0.00, 2.25, 0, 0 
9, 189364,0.00, 100.00, 0.00, 2.25, 0, 0 
0, 189902,0.00, 100.00, 0.00, 2.25, 0, 0 
1, 189515,0.00, 100.00, 0.00, 2.25, 0, 0 
2, 189149,0.00, 100.00, 0.00, 2.25, 0, 0 
3, 189784,0.00, 100.00, 0.00, 2.25, 0, 0 
4, 189585,0.00, 100.00, 0.00, 2.25, 0, 0 
5, 189298,0.00, 100.00, 0.00, 2.25, 0, 0 
6, 189923,0.00, 100.00, 0.00, 2.25, 0, 0 
7, 189907,0.00, 100.00, 0.00, 2.25, 0, 0 
8, 189655,0.00, 100.00, 0.00, 2.25, 0, 0 
9, 189656,0.00, 100.00, 0.00, 2.25, 0, 0 
0, 189223,0.00, 100.00, 0.00, 2.25, 0, 0 
1, 189149,0.00, 100.00, 0.00, 2.25, 0, 0 
2, 189842,0.00, 100.00, 0.00, 2.25, 0, 0 
3, 189582,0.00, 100.00, 0.00, 2.25, 0, 0 
4, 189122,0.00, 100.00, 0.00, 2.25, 0, 0 
5, 189429,0.00, 100.00, 0.00, 2.25, 0, 0 
6, 189203,0.00, 100.00, 0.00, 2.25, 0, 0 
7, 188818,0.00, 100.00, 0.00, 2.25, 0, 0 
8, 189198,0.00, 100.00, 0.00, 2.25, 0, 0 
9, 188691,0.00, 100.00, 0.00, 2.25, 0, 0 
0, 188884,0.00, 100.00, 0.00, 2.25, 0, 0 
1, 190341,0.00, 100.00, 0.00, 2.25, 0, 0 
2, 190457,0.00, 100.00, 0.00, 2.25, 0, 0 
3, 191011,0.00, 100.00, 0.00, 2.25, 0, 0 
4, 191564,0.00, 100.00, 0.00, 2.25, 0, 0 
5, 198290,0.00, 100.00, 0.00, 2.25, 0, 0 
6, 198952,0.00, 100.00, 0.00, 2.25, 0, 0 
7, 199315,0.00, 100.00, 0.00, 2.25, 0, 0 
8, 199219,0.00, 100.00, 0.00, 2.25, 0, 0 
9, 200292,0.00, 100.00, 0.00, 2.25, 0, 0 
0, 200560,0.00, 100.00, 0.00, 2.25, 0, 0 
1, 199134,0.00, 100.00, 0.00, 2.25, 0, 0 
2, 198326,0.00, 100.00, 0.00, 2.25, 0, 0 
3, 197965,0.00, 100.00, 0.00, 2.25, 0, 0 
4, 197631,0.00, 100.00, 0.00, 2.25, 0, 0 
5, 190427,0.00, 100.00, 0.00, 2.25, 0, 0 
6, 189937,0.00, 100.00, 0.00, 2.25, 0, 0 
7, 189639,0.00, 100.00, 0.00, 2.25, 0, 0 
8, 189279,0.00, 100.00, 0.00, 2.25, 0, 0 
9, 188977,0.00, 100.00, 0.00, 2.25, 0, 0 
0, 188536,0.00, 100.00, 0.00, 2.25, 0, 0 
1, 188486,0.00, 100.00, 0.00, 2.25, 0, 0 
2, 189134,0.00, 100.00, 0.00, 2.25, 0, 0 
3, 188905,0.00, 100.00, 0.00, 2.25, 0, 0 
4, 188508,0.00, 100.00, 0.00, 2.25, 0, 0 
5, 189093,0.00, 100.00, 0.00, 2.25, 0, 0 
6, 188853,0.00, 100.00, 0.00, 2.25, 0, 0 
7, 189343,0.00, 100.00, 0.00, 2.25, 0, 0 
8, 189992,0.00, 100.00, 0.00, 2.25, 0, 0 
9, 189553,0.00, 100.00, 0.00, 2.25, 0, 0 
0, 189274,0.00, 100.00, 0.00, 2.25, 0, 0 
1, 189627,0.00, 100.00, 0.00, 2.25, 0, 0 
2, 189354,0.00, 100.00, 0.00, 2.25, 0, 0 
3, 189302,0.00, 100.00, 0.00, 2.25, 0, 0 
4, 190044,0.00, 100.00, 0.00, 2.25, 0, 0 
5, 189924,0.00, 100.00, 0.00, 2.25, 0, 0 
6, 190364,0.00, 100.00, 0.00, 2.25, 0, 0 
7, 189921,0.00, 100.00, 0.00, 2.25, 0, 0 
8, 189463,0.00, 100.00, 0.00, 2.25, 0, 0 
9, 189676,0.00, 100.00, 0.00, 2.25, 0, 0 
0, 190018,0.00, 100.00, 0.00, 2.25, 0, 0 
1, 189765,0.00, 100.00, 0.00, 2.25, 0, 0 
2, 190041,0.00, 100.00, 0.00, 2.25, 0, 0 
3, 190205,0.00, 100.00, 0.00, 2.25, 0, 0 
4, 189703,0.00, 100.00, 0.00, 2.25, 0, 0 
5, 189837,0.00, 100.00, 0.00, 2.25, 0, 0 
6, 189427,0.00, 100.00, 0.00, 2.25, 0, 0 
7, 189283,0.00, 100.00, 0.00, 2.25, 0, 0 
8, 189535,0.00, 100.00, 0.00, 2.25, 0, 0 
9, 189231,0.00, 100.00, 0.00, 2.25, 0, 0 
0, 188859,0.00, 100.00, 0.00, 2.25, 0, 0 
1, 189104,0.00, 100.00, 0.00, 2.25, 0, 0 
2, 188934,0.00, 100.00, 0.00, 2.25, 0, 0 
3, 188568,0.00, 100.00, 0.00, 2.25, 0, 0 
4, 189190,0.00, 100.00, 0.00, 2.25, 0, 0 
5, 188949,0.00, 100.00, 0.00, 2.25, 0, 0 
6, 189286,0.00, 100.00, 0.00, 2.25, 0, 0 
7, 188878,0.00, 100.00, 0.00, 2.25, 0, 0 
8, 188443,0.00, 100.00, 0.00, 2.25, 0, 0 
9, 183541,0.00, 100.00, 0.00, 2.25, 0, 0 
0, 179231,0.00, 100.00, 0.00, 2.25, 0, 0 
1, 174082,0.00, 100.00, 0.00, 2.25, 0, 0 
2, 168853,0.00, 100.00, 0.00, 2.25, 0, 0 
3, 163966,0.00, 100.00, 0.00, 2.25, 0, 0 
4, 161853,0.00, 100.00, 0.00, 2.25, 0, 0 
5, 160553,0.00, 100.00, 0.00, 2.25, 0, 0 
6, 159526,0.00, 100.00, 0.00, 2.25, 0, 0 
7, 174672,0.00, 100.00, 0.00, 2.25, 0, 0 
8, 177525,0.00, 100.00, 0.00, 2.25, 0, 0 
9, 185537,0.00, 100.00, 0.00, 2.25, 0, 0 
0, 193322,0.00, 100.00, 0.00, 2.25, 0, 0 
1, 201568,0.00, 100.00, 0.00, 2.25, 0, 0 
2, 210081,0.00, 100.00, 0.00, 2.25, 0, 0 
3, 218266,0.00, 100.00, 0.00, 2.25, 0, 0 
4, 222617,0.00, 100.00, 0.00, 2.25, 0, 0 
5, 227188,0.00, 100.00, 0.00, 2.25, 0, 0 
6, 231077,0.00, 100.00, 0.00, 2.25, 0, 0 
7, 218959,0.00, 100.00, 0.00, 2.25, 0, 0 
8, 219193,0.00, 100.00, 0.00, 2.25, 0, 0 
9, 219493,0.00, 100.00, 0.00, 2.25, 0, 0 
0, 219230,0.00, 100.00, 0.00, 2.25, 0, 0 
1, 219053,0.00, 100.00, 0.00, 2.25, 0, 0 
2, 219332,0.00, 100.00, 0.00, 2.25, 0, 0 
3, 219582,0.00, 100.00, 0.00, 2.25, 0, 0 
4, 220388,0.00, 100.00, 0.00, 2.25, 0, 0 
5, 220457,0.00, 100.00, 0.00, 2.25, 0, 0 
6, 220520,0.00, 100.00, 0.00, 2.25, 0, 0 
7, 221359,0.00, 100.00, 0.00, 2.25, 0, 0 
8, 221022,0.00, 100.00, 0.00, 2.25, 0, 0 
9, 220629,0.00, 100.00, 0.00, 2.25, 0, 0 
0, 220895,0.00, 100.00, 0.00, 2.25, 0, 0 
1, 221325,0.00, 100.00, 0.00, 2.25, 0, 0 
2, 220986,0.00, 100.00, 0.00, 2.25, 0, 0 
3, 221538,0.00, 100.00, 0.00, 2.25, 0, 0 
4, 220970,0.00, 100.00, 0.00, 2.25, 0, 0 
5, 221244,0.00, 100.00, 0.00, 2.25, 0, 0 
6, 219681,0.00, 100.00, 0.00, 2.25, 0, 0 
7, 219300,0.00, 100.00, 0.00, 2.25, 0, 0 
8, 218589,0.00, 100.00, 0.00, 2.25, 0, 0 
9, 219089,0.00, 100.00, 0.00, 2.25, 0, 0 
0, 218904,0.00, 100.00, 0.00, 2.25, 0, 0 
1, 218464,0.00, 100.00, 0.00, 2.25, 0, 0 
2, 218281,0.00, 100.00, 0.00, 2.25, 0, 0 
3, 217627,0.00, 100.00, 0.00, 2.25, 0, 0 
4, 218008,0.00, 100.00, 0.00, 2.25, 0, 0 
5, 217187,0.00, 100.00, 0.00, 2.25, 0, 0 
6, 219088,0.00, 100.00, 0.00, 2.25, 0, 0 
7, 219107,0.00, 100.00, 0.00, 2.25, 0, 0 
8, 220278,0.00, 100.00, 0.00, 2.25, 0, 0 
9, 220101,0.00, 100.00, 0.00, 2.25, 0, 0 
0, 220174,0.00, 100.00, 0.00, 2.25, 0, 0 
1, 220064,0.00, 100.00, 0.00, 2.25, 0, 0 
2, 220283,0.00, 100.00, 0.00, 2.25, 0, 0 
3, 220342,0.00, 100.00, 0.00, 2.25, 0, 0 
4, 220597,0.00, 100.00, 0.00, 2.25, 0, 0 
5, 221058,0.00, 100.00, 0.00, 2.25, 0, 0 
6, 220426,0.00, 100.00, 0.00, 2.25, 0, 0 
7, 220863,0.00, 100.00, 0.00, 2.25, 0, 0 
8, 221229,0.00, 100.00, 0.00, 2.25, 0, 0 
9, 221173,0.00, 100.00, 0.00, 2.25, 0, 0 
0, 221589,0.00, 100.00, 0.00, 2.25, 0, 0 
1, 221780,0.00, 100.00, 0.00, 2.25, 0, 0 
2, 222307,0.00, 100.00, 0.00, 2.25, 0, 0 
3, 222235,0.00, 100.00, 0.00, 2.25, 0, 0 
4, 221772,0.00, 100.00, 0.00, 2.25, 0, 0 
5, 221295,0.00, 100.00, 0.00, 2.25, 0, 0 
6, 220765,0.00, 100.00, 0.00, 2.25, 0, 0 
7, 220506,0.00, 100.00, 0.00, 2.25, 0, 0 
8, 220596,0.00, 100.00, 0.00, 2.25, 0, 0 
9, 220508,0.00, 100.00, 0.00, 2.25, 0, 0 
0, 220054,0.00, 100.00, 0.00, 2.25, 0, 0 
1, 219931,0.00, 100.00, 0.00, 2.25, 0, 0 
2, 219053,0.00, 100.00, 0.00, 2.25, 0, 0 
3, 219530,0.00, 100.00, 0.00, 2.25, 0, 0 
4, 219217,0.00, 100.00, 0.00, 2.25, 0, 0 
5, 219435,0.00, 100.00, 0.00, 2.25, 0, 0 
6, 221126,0.00, 100.00, 0.00, 2.25, 0, 0 
7, 221361,0.00, 100.00, 0.00, 2.25, 0, 0 
8, 221385,0.00, 100.00, 0.00, 2.25, 0, 0 
9, 221506,0.00, 100.00, 0.00, 2.25, 0, 0 
0, 221944,0.00, 100.00, 0.00, 2.25, 0, 0 
1, 222095,0.00, 100.00, 0.00, 2.25, 0, 0 
2, 222599,0.00, 100.00, 0.00, 2.25, 0, 0 
3, 222315,0.00, 100.00, 0.00, 2.25, 0, 0 
4, 222857,0.00, 100.00, 0.00, 2.25, 0, 0 
5, 223228,0.00, 100.00, 0.00, 2.25, 0, 0 
6, 222722,0.00, 100.00, 0.00, 2.25, 0, 0 
7, 223032,0.00, 100.00, 0.00, 2.25, 0, 0 
8, 222813,0.00, 100.00, 0.00, 2.25, 0, 0 
9, 222821,0.00, 100.00, 0.00, 2.25, 0, 0 
0, 222312,0.00, 100.00, 0.00, 2.25, 0, 0 
1, 222127,0.00, 100.00, 0.00, 2.25, 0, 0 
2, 221402,0.00, 100.00, 0.00, 2.25, 0, 0 
3, 220807,0.00, 100.00, 0.00, 2.25, 0, 0 
4, 220366,0.00, 100.00, 0.00, 2.25, 0, 0 
5, 220219,0.00, 100.00, 0.00, 2.25, 0, 0 
6, 219412,0.00, 100.00, 0.00, 2.25, 0, 0 
7, 218195,0.00, 100.00, 0.00, 2.25, 0, 0 
8, 217510,0.00, 100.00, 0.00, 2.25, 0, 0 
9, 217401,0.00, 100.00, 0.00, 2.25, 0, 0 
0, 217485,0.00, 100.00, 0.00, 2.25, 0, 0 
1, 217447,0.00, 100.00, 0.00, 2.25, 0, 0 
2, 217709,0.00, 100.00, 0.00, 2.25, 0, 0 
3, 218309,0.00, 100.00, 0.00, 2.25, 0, 0 
4, 218623,0.00, 100.00, 0.00, 2.25, 0, 0 
5, 218954,0.00, 100.00, 0.00, 2.25, 0, 0 
6, 219229,0.00, 100.00, 0.00, 2.25, 0, 0 
7, 219580,0.00, 100.00, 0.00, 2.25, 0, 0 
8, 220030,0.00, 100.00, 0.00, 2.25, 0, 0 
9, 219848,0.00, 100.00, 0.00, 2.25, 0, 0 
0, 219954,0.00, 100.00, 0.00, 2.25, 0, 0 
1, 220739,0.00, 100.00, 0.00, 2.25, 0, 0 
2, 220897,0.00, 100.00, 0.00, 2.25, 0, 0 
3, 221010,0.00, 100.00, 0.00, 2.25, 0, 0 
4, 221054,0.00, 100.00, 0.00, 2.25, 0, 0 
5, 221387,0.00, 100.00, 0.00, 2.25, 0, 0 
6, 221077,0.00, 100.00, 0.00, 2.25, 0, 0 
7, 221073,0.00, 100.00, 0.00, 2.25, 0, 0 
8, 221099,0.00, 100.00, 0.00, 2.25, 0, 0 
9, 220657,0.00, 100.00, 0.00, 2.25, 0, 0 
0, 220315,0.00, 100.00, 0.00, 2.25, 0, 0 
1, 219726,0.00, 100.00, 0.00, 2.25, 0, 0 
2, 219112,0.00, 100.00, 0.00, 2.25, 0, 0 
3, 218947,0.00, 100.00, 0.00, 2.25, 0, 0 
4, 218888,0.00, 100.00, 0.00, 2.25, 0, 0 
5, 218337,0.00, 100.00, 0.00, 2.25, 0, 0 
6, 219057,0.00, 100.00, 0.00, 2.25, 0, 0 
7, 219408,0.00, 100.00, 0.00, 2.25, 0, 0 
8, 219162,0.00, 100.00, 0.00, 2.25, 0, 0 
9, 219745,0.00, 100.00, 0.00, 2.25, 0, 0 
0, 219272,0.00, 100.00, 0.00, 2.25, 0, 0 
1, 218960,0.00, 100.00, 0.00, 2.25, 0, 0 
2, 218594,0.00, 100.00, 0.00, 2.25, 0, 0 
3, 218235,0.00, 100.00, 0.00, 2.25, 0, 0 
4, 217190,0.00, 100.00, 0.00, 2.25, 0, 0 
5, 215899,0.00, 100.00, 0.00, 2.25, 0, 0 
6, 215224,0.00, 100.00, 0.00, 2.25, 0, 0 
7, 215266,0.00, 100.00, 0.00, 2.25, 0, 0 
8, 215287,0.00, 100.00, 0.00, 2.25, 0, 0 
9, 214960,0.00, 100.00, 0.00, 2.25, 0, 0 
0, 215149,0.00, 100.00, 0.00, 2.25, 0, 0 
1, 215137,0.00, 100.00, 0.00, 2.25, 0, 0 
2, 215483,0.00, 100.00, 0.00, 2.25, 0, 0 
3, 215690,0.00, 100.00, 0.00, 2.25, 0, 0 
4, 216713,0.00, 100.00, 0.00, 2.25, 0, 0 
5, 217586,0.00, 100.00, 0.00, 2.25, 0, 0 
6, 217759,0.00, 100.00, 0.00, 2.25, 0, 0 
7, 217546,0.00, 100.00, 0.00, 2.25, 0, 0 
8, 217606,0.00, 100.00, 0.00, 2.25, 0, 0 
9, 217838,0.00, 100.00, 0.00, 2.25, 0, 0 
0, 218267,0.00, 100.00, 0.00, 2.25, 0, 0 
1, 218443,0.00, 100.00, 0.00, 2.25, 0, 0 
2, 218923,0.00, 100.00, 0.00, 2.25, 0, 0 
3, 219055,0.00, 100.00, 0.00, 2.25, 0, 0 
4, 218906,0.00, 100.00, 0.00, 2.25, 0, 0 
5, 219991,0.00, 100.00, 0.00, 2.25, 0, 0 
6, 220123,0.00, 100.00, 0.00, 2.25, 0, 0 
7, 220753,0.00, 100.00, 0.00, 2.25, 0, 0 
8, 220904,0.00, 100.00, 0.00, 2.25, 0, 0 
9, 220548,0.00, 100.00, 0.00, 2.25, 0, 0 
0, 220292,0.00, 100.00, 0.00, 2.25, 0, 0 
1, 220434,0.00, 100.00, 0.00, 2.25, 0, 0 
2, 220518,0.00, 100.00, 0.00, 2.25, 0, 0 
3, 220133,0.00, 100.00, 0.00, 2.25, 0, 0 
4, 220189,0.00, 100.00, 0.00, 2.25, 0, 0 
5, 219392,0.00, 100.00, 0.00, 2.25, 0, 0 
6, 219429,0.00, 100.00, 0.00, 2.25, 0, 0 
7, 219490,0.00, 100.00, 0.00, 2.25, 0, 0 
8, 219312,0.00, 100.00, 0.00, 2.25, 0, 0 
9, 219809,0.00, 100.00, 0.00, 2.25, 0, 0 
0, 220603,0.00, 100.00, 0.00, 2.25, 0, 0 
1, 220815,0.00, 100.00, 0.00, 2.25, 0, 0 
2, 221385,0.00, 100.00, 0.00, 2.25, 0, 0 
3, 221474,0.00, 100.00, 0.00, 2.25, 0, 0 
4, 221172,0.00, 100.00, 0.00, 2.25, 0, 0 
5, 220975,0.00, 100.00, 0.00, 2.25, 0, 0 
6, 220456,0.00, 100.00, 0.00, 2.25, 0, 0 
7, 219891,0.00, 100.00, 0.00, 2.25, 0, 0 
8, 219281,0.00, 100.00, 0.00, 2.25, 0, 0 
9, 218782,0.00, 100.00, 0.00, 2.25, 0, 0 
0, 218357,0.00, 100.00, 0.00, 2.25, 0, 0 
1, 218450,0.00, 100.00, 0.00, 2.25, 0, 0 
2, 217714,0.00, 100.00, 0.00, 2.25, 0, 0 
3, 217967,0.00, 100.00, 0.00, 2.25, 0, 0 
4, 218316,0.00, 100.00, 0.00, 2.25, 0, 0 
5, 218623,0.00, 100.00, 0.00, 2.25, 0, 0 
6, 219234,0.00, 100.00, 0.00, 2.25, 0, 0 
7, 219933,0.00, 100.00, 0.00, 2.25, 0, 0 
8, 229640,0.00, 100.00, 0.00, 2.25, 0, 0 
9, 230455,0.00, 100.00, 0.00, 2.25, 0, 0 
0, 230347,0.00, 100.00, 0.00, 2.25, 0, 0 
1, 228984,0.00, 100.00, 0.00, 2.25, 0, 0 
2, 223629,0.00, 100.00, 0.00, 2.25, 0, 0 
3, 217421,0.00, 100.00, 0.00, 2.25, 0, 0 
4, 213179,0.00, 100.00, 0.00, 2.25, 0, 0 
5, 212439,0.00, 100.00, 0.00, 2.25, 0, 0 
6, 212588,0.00, 100.00, 0.00, 2.25, 0, 0 
7, 211520,0.00, 100.00, 0.00, 2.25, 0, 0 
8, 200601,0.00, 100.00, 0.00, 2.25, 0, 0 
9, 200173,0.00, 100.00, 0.00, 2.25, 0, 0 
0, 199069,0.00, 100.00, 0.00, 2.25, 0, 0 
1, 198626,0.00, 100.00, 0.00, 2.25, 0, 0 
2, 204912,0.00, 100.00, 0.00, 2.25, 0, 0 
3, 207996,0.00, 100.00, 0.00, 2.25, 0, 0 
4, 210795,0.00, 100.00, 0.00, 2.25, 0, 0 
5, 210803,0.00, 100.00, 0.00, 2.25, 0, 0 
6, 211137,0.00, 100.00, 0.00, 2.25, 0, 0 
7, 211469,0.00, 100.00, 0.00, 2.25, 0, 0 
8, 213310,0.00, 100.00, 0.00, 2.25, 0, 0 
9, 213580,0.00, 100.00, 0.00, 2.25, 0, 0 
0, 214975,0.00, 100.00, 0.00, 2.25, 0, 0 
1, 216834,0.00, 100.00, 0.00, 2.25, 0, 0 
2, 216486,0.00, 100.00, 0.00, 2.25, 0, 0 
3, 219856,0.00, 100.00, 0.00, 2.25, 0, 0 
4, 222206,0.00, 100.00, 0.00, 2.25, 0, 0 
5, 222967,0.00, 100.00, 0.00, 2.25, 0, 0 
6, 222154,0.00, 100.00, 0.00, 2.25, 0, 0 
7, 222401,0.00, 100.00, 0.00, 2.25, 0, 0 
8, 222495,0.00, 100.00, 0.00, 2.25, 0, 0 
9, 221962,0.00, 100.00, 0.00, 2.25, 0, 0 
0, 221774,0.00, 100.00, 0.00, 2.25, 0, 0 
1, 222320,0.00, 100.00, 0.00, 2.25, 0, 0 
2, 221775,0.00, 100.00, 0.00, 2.25, 0, 0 
3, 222501,0.00, 100.00, 0.00, 2.25, 0, 0 
4, 221576,0.00, 100.00, 0.00, 2.25, 0, 0 
5, 222367,0.00, 100.00, 0.00, 2.25, 0, 0 
6, 222725,0.00, 100.00, 0.00, 2.25, 0, 0 
7, 223005,0.00, 100.00, 0.00, 2.25, 0, 0 
8, 223216,0.00, 100.00, 0.00, 2.25, 0, 0 
9, 224550,0.00, 100.00, 0.00, 2.25, 0, 0 
0, 224603,0.00, 100.00, 0.00, 2.25, 0, 0 
1, 223017,0.00, 100.00, 0.00, 2.25, 0, 0 
2, 222379,0.00, 100.00, 0.00, 2.25, 0, 0 
3, 221318,0.00, 100.00, 0.00, 2.25, 0, 0 
4, 221489,0.00, 100.00, 0.00, 2.25, 0, 0 
5, 220357,0.00, 100.00, 0.00, 2.25, 0, 0 
6, 220408,0.00, 100.00, 0.00, 2.25, 0, 0 
7, 220139,0.00, 100.00, 0.00, 2.25, 0, 0 
8, 220151,0.00, 100.00, 0.00, 2.25, 0, 0 
9, 220340,0.00, 100.00, 0.00, 2.25, 0, 0 
0, 220058,0.00, 100.00, 0.00, 2.25, 0, 0 
1, 220854,0.00, 100.00, 0.00, 2.25, 0, 0 
2, 222052,0.00, 100.00, 0.00, 2.25, 0, 0 
3, 222090,0.00, 100.00, 0.00, 2.25, 0, 0 
4, 222238,0.00, 100.00, 0.00, 2.25, 0, 0 
5, 222248,0.00, 100.00, 0.00, 2.25, 0, 0 
6, 222019,0.00, 100.00, 0.00, 2.25, 0, 0 
7, 222566,0.00, 100.00, 0.00, 2.25, 0, 0 
8, 222649,0.00, 100.00, 0.00, 2.25, 0, 0 
9, 221691,0.00, 100.00, 0.00, 2.25, 0, 0 
0, 222196,0.00, 100.00, 0.00, 2.25, 0, 0 
1, 223302,0.00, 100.00, 0.00, 2.25, 0, 0 
2, 222432,0.00, 100.00, 0.00, 2.25, 0, 0 
3, 222643,0.00, 100.00, 0.00, 2.25, 0, 0 
4, 222282,0.00, 100.00, 0.00, 2.25, 0, 0 
5, 222203,0.00, 100.00, 0.00, 2.25, 0, 0 
6, 222163,0.00, 100.00, 0.00, 2.25, 0, 0 
7, 221357,0.00, 100.00, 0.00, 2.25, 0, 0 
8, 220636,0.00, 100.00, 0.00, 2.25, 0, 0 
9, 222287,0.00, 100.00, 0.00, 2.25, 0, 0 
0, 222147,0.00, 100.00, 0.00, 2.25, 0, 0 
1, 222019,0.00, 100.00, 0.00, 2.25, 0, 0 
2, 222420,0.00, 100.00, 0.00, 2.25, 0, 0 
3, 222582,0.00, 100.00, 0.00, 2.25, 0, 0 
4, 222440,0.00, 100.00, 0.00, 2.25, 0, 0 
5, 223411,0.00, 100.00, 0.00, 2.25, 0, 0 
6, 223570,0.00, 100.00, 0.00, 2.25, 0, 0 
7, 223619,0.00, 100.00, 0.00, 2.25, 0, 0 
8, 224327,0.00, 100.00, 0.00, 2.25, 0, 0 
9, 223625,0.00, 100.00, 0.00, 2.25, 0, 0 
0, 223678,0.00, 100.00, 0.00, 2.25, 0, 0 
1, 223379,0.00, 100.00, 0.00, 2.25, 0, 0 
2, 223138,0.00, 100.00, 0.00, 2.25, 0, 0 
3, 223276,0.00, 100.00, 0.00, 2.25, 0, 0 
4, 223535,0.00, 100.00, 0.00, 2.25, 0, 0 
5, 223498,0.00, 100.00, 0.00, 2.25, 0, 0 
6, 223540,0.00, 100.00, 0.00, 2.25, 0, 0 
7, 223603,0.00, 100.00, 0.00, 2.25, 0, 0 
8, 223458,0.00, 100.00, 0.00, 2.25, 0, 0 
9, 222425,0.00, 100.00, 0.00, 2.25, 0, 0 
0, 221677,0.00, 100.00, 0.00, 2.25, 0, 0 
1, 220856,0.00, 100.00, 0.00, 2.25, 0, 0 
2, 221305,0.00, 100.00, 0.00, 2.25, 0, 0 
3, 220539,0.00, 100.00, 0.00, 2.25, 0, 0 
4, 220214,0.00, 100.00, 0.00, 2.25, 0, 0 
5, 219077,0.00, 100.00, 0.00, 2.25, 0, 0 
6, 218913,0.00, 100.00, 0.00, 2.25, 0, 0 
7, 218690,0.00, 100.00, 0.00, 2.25, 0, 0 
8, 218741,0.00, 100.00, 0.00, 2.25, 0, 0 
9, 218425,0.00, 100.00, 0.00, 2.25, 0, 0 
0, 219161,0.00, 100.00, 0.00, 2.25, 0, 0 
1, 219587,0.00, 100.00, 0.00, 2.25, 0, 0 
2, 219099,0.00, 100.00, 0.00, 2.25, 0, 0 
3, 219596,0.00, 100.00, 0.00, 2.25, 0, 0 
4, 219880,0.00, 100.00, 0.00, 2.25, 0, 0 
5, 220535,0.00, 100.00, 0.00, 2.25, 0, 0 
6, 220893,0.00, 100.00, 0.00, 2.25, 0, 0 
7, 221175,0.00, 100.00, 0.00, 2.25, 0, 0 
8, 221269,0.00, 100.00, 0.00, 2.25, 0, 0 
9, 222982,0.00, 100.00, 0.00, 2.25, 0, 0 
0, 222866,0.00, 100.00, 0.00, 2.25, 0, 0 
1, 222460,0.00, 100.00, 0.00, 2.25, 0, 0 
2, 222569,0.00, 100.00, 0.00, 2.25, 0, 0 
3, 222716,0.00, 100.00, 0.00, 2.25, 0, 0 
4, 222457,0.00, 100.00, 0.00, 2.25, 0, 0 
5, 222031,0.00, 100.00, 0.00, 2.25, 0, 0 
6, 221624,0.00, 100.00, 0.00, 2.25, 0, 0 
7, 221976,0.00, 100.00, 0.00, 2.25, 0, 0 
8, 221569,0.00, 100.00, 0.00, 2.25, 0, 0 
9, 219567,0.00, 100.00, 0.00, 2.25, 0, 0 
0, 219144,0.00, 100.00, 0.00, 2.25, 0, 0 
1, 219472,0.00, 100.00, 0.00, 2.25, 0, 0 
2, 220135,0.00, 100.00, 0.00, 2.25, 0, 0 
3, 220058,0.00, 100.00, 0.00, 2.25, 0, 0 
4, 219794,0.00, 100.00, 0.00, 2.25, 0, 0 
5, 219547,0.00, 100.00, 0.00, 2.25, 0, 0 
6, 219430,0.00, 100.00, 0.00, 2.25, 0, 0 
7, 218948,0.00, 100.00, 0.00, 2.25, 0, 0 
8, 218861,0.00, 100.00, 0.00, 2.25, 0, 0 
9, 219403,0.00, 100.00, 0.00, 2.25, 0, 0 
0, 219691,0.00, 100.00, 0.00, 2.25, 0, 0 
1, 219642,0.00, 100.00, 0.00, 2.25, 0, 0 
2, 219969,0.00, 100.00, 0.00, 2.25, 0, 0 
3, 219552,0.00, 100.00, 0.00, 2.25, 0, 0 
4, 219653,0.00, 100.00, 0.00, 2.25, 0, 0 
5, 219967,0.00, 100.00, 0.00, 2.25, 0, 0 
6, 219962,0.00, 100.00, 0.00, 2.25, 0, 0 
7, 219632,0.00, 100.00, 0.00, 2.25, 0, 0 
8, 220276,0.00, 