Tue Nov 27 18:23:25 2018
StepTime, x, v, f, xdes, vdes, fdes, cmd, IR, LSB, LSF
0, 173274383,0.00, 100.00, 0.00, 2.25, 0, 0 
1, 178570295,0.00, 100.00, 0.00, 2.25, 0, 0 
2, 183621103,0.00, 100.00, 0.00, 2.25, 0, 0 
3, 188613311,0.00, 100.00, 0.00, 2.25, 0, 0 
4, 193573587,0.00, 100.00, 0.00, 2.25, 0, 0 
5, 198334664,0.00, 100.00, 0.00, 2.25, 0, 0 
6, 203307088,0.00, 100.00, 0.00, 2.25, 0, 0 
7, 223395827,3.00, 100.00, 0.00, 2.25, 0, 0 
8, 227975130,3.00, 100.00, 0.00, 2.25, 0, 0 
9, 233214920,3.00, 100.00, 0.00, 2.25, 0, 0 
0, 64871701,3.00, 100.00, 0.00, 2.25, 0, 0 
1, 64527294,3.00, 100.00, 0.00, 2.25, 0, 0 
2, 64291479,3.00, 100.00, 0.00, 2.25, 0, 0 
3, 64566416,3.00, 100.00, 0.00, 2.25, 0, 0 
4, 64634479,3.00, 100.00, 0.00, 2.25, 0, 0 
5, 74587669,5.00, 100.00, 0.00, 2.25, 0, 0 
6, 74577526,5.00, 100.00, 0.00, 2.25, 0, 0 
7, 64507764,6.00, 100.00, 0.00, 2.26, 0, 0 
8, 64963181,6.00, 100.00, 0.00, 2.26, 0, 0 
9, 69815786,7.00, 100.00, 0.00, 2.26, 0, 0 
0, 80179981,9.00, 100.00, 0.00, 2.26, 0, 0 
1, 80410160,9.00, 100.00, 0.00, 2.26, 0, 0 
2, 80287500,9.00, 100.00, 0.00, 2.26, 0, 0 
3, 80223399,9.00, 100.00, 0.00, 2.26, 0, 0 
4, 80233500,9.00, 100.00, 0.00, 2.26, 0, 0 
5, 70483530,9.00, 100.00, 0.00, 2.26, 0, 0 
6, 70593411,9.00, 100.00, 0.00, 2.26, 0, 0 
7, 65602238,9.00, 100.00, 0.00, 2.26, 0, 0 
8, 65541104,9.00, 100.00, 0.00, 2.26, 0, 0 
9, 60452726,9.00, 100.00, 0.00, 2.26, 0, 0 
0, 49966909,9.00, 100.00, 0.00, 2.26, 0, 0 
1, 49971215,9.00, 100.00, 0.00, 2.26, 0, 0 
2, 50244589,9.00, 100.00, 0.00, 2.26, 0, 0 
3, 50074704,9.00, 100.00, 0.00, 2.26, 0, 0 
4, 50038194,9.00, 100.00, 0.00, 2.26, 0, 0 
5, 50027402,9.00, 100.00, 0.00, 2.26, 0, 0 
6, 49904347,9.00, 100.00, 0.00, 2.26, 0, 0 
7, 49964697,9.00, 100.00, 0.00, 2.26, 0, 0 
8, 49730817,9.00, 100.00, 0.00, 2.26, 0, 0 
9, 50035427,9.00, 100.00, 0.00, 2.26, 0, 0 
0, 50453464,9.00, 100.00, 0.00, 2.26, 0, 0 
1, 49976643,9.00, 100.00, 0.00, 2.26, 0, 0 
2, 50004658,9.00, 100.00, 0.00, 2.26, 0, 0 
3, 49990265,9.00, 100.00, 0.00, 2.26, 0, 0 
4, 49945738,9.00, 100.00, 0.00, 2.26, 0, 0 
5, 49895152,9.00, 100.00, 0.00, 2.26, 0, 0 
6, 50118156,9.00, 100.00, 0.00, 2.26, 0, 0 
7, 49824085,9.00, 100.00, 0.00, 2.26, 0, 0 
8, 50251881,9.00, 100.00, 0.00, 2.26, 0, 0 
9, 49613123,9.00, 100.00, 0.00, 2.26, 0, 0 
0, 54717271,10.00, 100.00, 0.00, 2.26, 0, 0 
1, 55058142,10.00, 100.00, 0.00, 2.26, 0, 0 
2, 54958179,10.00, 100.00, 0.00, 2.26, 0, 0 
3, 55002117,10.00, 100.00, 0.00, 2.26, 0, 0 
4, 54937397,10.00, 100.00, 0.00, 2.26, 0, 0 
5, 55118266,10.00, 100.00, 0.00, 2.26, 0, 0 
6, 55007413,10.00, 100.00, 0.00, 2.26, 0, 0 
7, 55025845,10.00, 100.00, 0.00, 2.26, 0, 0 
8, 54770896,10.00, 100.00, 0.00, 2.26, 0, 0 
9, 54835643,10.00, 100.00, 0.00, 2.26, 0, 0 
0, 49820991,10.00, 100.00, 0.00, 2.26, 0, 0 
1, 49669889,10.00, 100.00, 0.00, 2.26, 0, 0 
2, 49853340,10.00, 100.00, 0.00, 2.26, 0, 0 
3, 49534912,10.00, 100.00, 0.00, 2.26, 0, 0 
4, 49929565,10.00, 100.00, 0.00, 2.26, 0, 0 
5, 49498773,10.00, 100.00, 0.00, 2.26, 0, 0 
6, 50082248,10.00, 100.00, 0.00, 2.26, 0, 0 
7, 49650854,10.00, 100.00, 0.00, 2.26, 0, 0 
8, 50062611,10.00, 100.00, 0.00, 2.26, 0, 0 
9, 50424629,10.00, 100.00, 0.00, 2.26, 0, 0 
0, 49874241,10.00, 100.00, 0.00, 2.26, 0, 0 
1, 50289524,10.00, 100.00, 0.00, 2.26, 0, 0 
2, 50141118,10.00, 100.00, 0.00, 2.26, 0, 0 
3, 50782147,10.00, 100.00, 0.00, 2.26, 0, 0 
4, 50162233,10.00, 100.00, 0.00, 2.26, 0, 0 
5, 50457189,10.00, 100.00, 0.00, 2.26, 0, 0 
6, 50392489,10.00, 100.00, 0.00, 2.26, 0, 0 
7, 50473068,10.00, 100.00, 0.00, 2.26, 0, 0 
8, 50111743,10.00, 100.00, 0.00, 2.26, 0, 0 
9, 50081405,10.00, 100.00, 0.00, 2.26, 0, 0 
0, 49970142,10.00, 100.00, 0.00, 2.26, 0, 0 
1, 49860623,10.00, 100.00, 0.00, 2.26, 0, 0 
2, 50108222,10.00, 100.00, 0.00, 2.26, 0, 0 
3, 49639606,10.00, 100.00, 0.00, 2.26, 0, 0 
4, 49963218,10.00, 100.00, 0.00, 2.26, 0, 0 
5, 49962991,10.00, 100.00, 0.00, 2.26, 0, 0 
6, 49416576,10.00, 100.00, 0.00, 2.26, 0, 0 
7, 49697323,10.00, 100.00, 0.00, 2.26, 0, 0 
8, 49979048,10.00, 100.00, 0.00, 2.26, 0, 0 
9, 49878502,10.00, 100.00, 0.00, 2.26, 0, 0 
0, 50240825,10.00, 100.00, 0.00, 2.26, 0, 0 
1, 50111823,10.00, 100.00, 0.00, 2.26, 0, 0 
2, 49966255,10.00, 100.00, 0.00, 2.26, 0, 0 
3, 50084840,10.00, 100.00, 0.00, 2.26, 0, 0 
4, 49908789,10.00, 100.00, 0.00, 2.26, 0, 0 
5, 55406191,11.00, 100.00, 0.00, 2.26, 0, 0 
6, 54929485,11.00, 100.00, 0.00, 2.26, 0, 0 
7, 55131841,11.00, 100.00, 0.00, 2.26, 0, 0 
8, 54962433,11.00, 100.00, 0.00, 2.26, 0, 0 
9, 54964992,11.00, 100.00, 0.00, 2.26, 0, 0 
0, 54844698,11.00, 100.00, 0.00, 2.26, 0, 0 
1, 54857137,11.00, 100.00, 0.00, 2.26, 0, 0 
2, 55129624,11.00, 100.00, 0.00, 2.26, 0, 0 
3, 54715102,11.00, 100.00, 0.00, 2.26, 0, 0 
4, 54946957,11.00, 100.00, 0.00, 2.26, 0, 0 
5, 49510075,11.00, 100.00, 0.00, 2.26, 0, 0 
6, 49979713,11.00, 100.00, 0.00, 2.26, 0, 0 
7, 49883568,11.00, 100.00, 0.00, 2.26, 0, 0 
8, 50001810,11.00, 100.00, 0.00, 2.26, 0, 0 
9, 50008115,11.00, 100.00, 0.00, 2.26, 0, 0 
0, 49784168,11.00, 100.00, 0.00, 2.26, 0, 0 
1, 49714978,11.00, 100.00, 0.00, 2.26, 0, 0 
2, 50009062,11.00, 100.00, 0.00, 2.26, 0, 0 
3, 49985482,11.00, 100.00, 0.00, 2.26, 0, 0 
4, 49891364,11.00, 100.00, 0.00, 2.26, 0, 0 
5, 50789413,11.00, 100.00, 0.00, 2.26, 0, 0 
6, 49975216,11.00, 100.00, 0.00, 2.26, 0, 0 
7, 50157213,11.00, 100.00, 0.00, 2.26, 0, 0 
8, 49855964,11.00, 100.00, 0.00, 2.26, 0, 0 
9, 49700598,11.00, 100.00, 0.00, 2.26, 0, 0 
0, 49986896,11.00, 100.00, 0.00, 2.26, 0, 0 
1, 50297337,11.00, 100.00, 0.00, 2.26, 0, 0 
2, 49695737,11.00, 100.00, 0.00, 2.26, 0, 0 
3, 50175243,11.00, 100.00, 0.00, 2.26, 0, 0 
4, 50203689,11.00, 100.00, 0.00, 2.26, 0, 0 
5, 49323338,11.00, 100.00, 0.00, 2.26, 0, 0 
6, 50266558,11.00, 100.00, 0.00, 2.26, 0, 0 
7, 50159753,11.00, 100.00, 0.00, 2.26, 0, 0 
8, 50160574,11.00, 100.00, 0.00, 2.26, 0, 0 
9, 50419777,11.00, 100.00, 0.00, 2.26, 0, 0 
0, 50265931,11.00, 100.00, 0.00, 2.26, 0, 0 
1, 50124447,11.00, 100.00, 0.00, 2.26, 0, 0 
2, 50154547,11.00, 100.00, 0.00, 2.26, 0, 0 
3, 50007835,11.00, 100.00, 0.00, 2.26, 0, 0 
4, 49944571,11.00, 100.00, 0.00, 2.26, 0, 0 
5, 49721824,11.00, 100.00, 0.00, 2.26, 0, 0 
6, 49767350,11.00, 100.00, 0.00, 2.26, 0, 0 
7, 49957679,11.00, 100.00, 0.00, 2.26, 0, 0 
8, 50144466,11.00, 100.00, 0.00, 2.26, 0, 0 
9, 50006366,11.00, 100.00, 0.00, 2.26, 0, 0 
0, 50133194,11.00, 100.00, 0.00, 2.26, 0, 0 
1, 50020111,11.00, 100.00, 0.00, 2.26, 0, 0 
2, 49902754,11.00, 100.00, 0.00, 2.26, 0, 0 
3, 50056077,11.00, 100.00, 0.00, 2.26, 0, 0 
4, 50107121,11.00, 100.00, 0.00, 2.26, 0, 0 
5, 50168788,11.00, 100.00, 0.00, 2.26, 0, 0 
6, 50113789,11.00, 100.00, 0.00, 2.26, 0, 0 
7, 50012862,11.00, 100.00, 0.00, 2.26, 0, 0 
8, 49954889,11.00, 100.00, 0.00, 2.26, 0, 0 
9, 49979379,11.00, 100.00, 0.00, 2.26, 0, 0 
0, 49742124,11.00, 100.00, 0.00, 2.26, 0, 0 
1, 49667418,11.00, 100.00, 0.00, 2.26, 0, 0 
2, 50097024,11.00, 100.00, 0.00, 2.26, 0, 0 
3, 49640662,11.00, 100.00, 0.00, 2.26, 0, 0 
4, 50007497,11.00, 100.00, 0.00, 2.26, 0, 0 
5, 50101683,11.00, 100.00, 0.00, 2.26, 0, 0 
6, 50011521,11.00, 100.00, 0.00, 2.26, 0, 0 
7, 49999808,11.00, 100.00, 0.00, 2.26, 0, 0 
8, 50035267,11.00, 100.00, 0.00, 2.26, 0, 0 
9, 50013365,11.00, 100.00, 0.00, 2.26, 0, 0 
0, 50311106,11.00, 100.00, 0.00, 2.26, 0, 0 
1, 50249148,11.00, 100.00, 0.00, 2.26, 0, 0 
2, 49997261,11.00, 100.00, 0.00, 2.26, 0, 0 
3, 50348732,11.00, 100.00, 0.00, 2.26, 0, 0 
4, 50008487,11.00, 100.00, 0.00, 2.26, 0, 0 
5, 50255555,11.00, 100.00, 0.00, 2.26, 0, 0 
6, 49941207,11.00, 100.00, 0.00, 2.26, 0, 0 
7, 49845710,11.00, 100.00, 0.00, 2.26, 0, 0 
8, 49834089,11.00, 100.00, 0.00, 2.26, 0, 0 
9, 49946430,11.00, 100.00, 0.00, 2.26, 0, 0 
0, 49990951,11.00, 100.00, 0.00, 2.26, 0, 0 
1, 50059714,11.00, 100.00, 0.00, 2.26, 0, 0 
2, 49985552,11.00, 100.00, 0.00, 2.26, 0, 0 
3, 50002819,11.00, 100.00, 0.00, 2.26, 0, 0 
4, 50046691,11.00, 100.00, 0.00, 2.26, 0, 0 
5, 54803716,12.00, 100.00, 0.00, 2.26, 0, 0 
6, 55080822,12.00, 100.00, 0.00, 2.26, 0, 0 
7, 55153033,12.00, 100.00, 0.00, 2.26, 0, 0 
8, 55107442,12.00, 100.00, 0.00, 2.26, 0, 0 
9, 55113512,12.00, 100.00, 0.00, 2.26, 0, 0 
0, 55029911,12.00, 100.00, 0.00, 2.26, 0, 0 
1, 54939052,12.00, 100.00, 0.00, 2.26, 0, 0 
2, 54939403,12.00, 100.00, 0.00, 2.26, 0, 0 
3, 54894008,12.00, 100.00, 0.00, 2.26, 0, 0 
4, 54642892,12.00, 100.00, 0.00, 2.26, 0, 0 
5, 50023567,12.00, 100.00, 0.00, 2.26, 0, 0 
6, 49973251,12.00, 100.00, 0.00, 2.26, 0, 0 
7, 49904998,12.00, 100.00, 0.00, 2.26, 0, 0 
8, 50002921,12.00, 100.00, 0.00, 2.26, 0, 0 
9, 49883942,12.00, 100.00, 0.00, 2.26, 0, 0 
0, 49979706,12.00, 100.00, 0.00, 2.26, 0, 0 
1, 50070454,12.00, 100.00, 0.00, 2.26, 0, 0 
2, 50060780,12.00, 100.00, 0.00, 2.26, 0, 0 
3, 50055796,12.00, 100.00, 0.00, 2.26, 0, 0 
4, 50267949,12.00, 100.00, 0.00, 2.26, 0, 0 
5, 49560717,12.00, 100.00, 0.00, 2.26, 0, 0 
6, 50002961,12.00, 100.00, 0.00, 2.26, 0, 0 
7, 50016616,12.00, 100.00, 0.00, 2.26, 0, 0 
8, 50045270,12.00, 100.00, 0.00, 2.26, 0, 0 
9, 49763482,12.00, 100.00, 0.00, 2.26, 0, 0 
0, 49976656,12.00, 100.00, 0.00, 2.26, 0, 0 
1, 49942032,12.00, 100.00, 0.00, 2.26, 0, 0 
2, 49920038,12.00, 100.00, 0.00, 2.26, 0, 0 
3, 49999240,12.00, 100.00, 0.00, 2.26, 0, 0 
4, 50015323,12.00, 100.00, 0.00, 2.26, 0, 0 
5, 50319159,12.00, 100.00, 0.00, 2.26, 0, 0 
6, 49996914,12.00, 100.00, 0.00, 2.26, 0, 0 
7, 50136424,12.00, 100.00, 0.00, 2.26, 0, 0 
8, 49931070,12.00, 100.00, 0.00, 2.26, 0, 0 
9, 50361257,12.00, 100.00, 0.00, 2.26, 0, 0 
0, 50025736,12.00, 100.00, 0.00, 2.26, 0, 0 
1, 50341449,12.00, 100.00, 0.00, 2.26, 0, 0 
2, 70173260,16.00, 100.00, 0.00, 2.27, 0, 0 
3, 70015992,16.00, 100.00, 0.00, 2.27, 0, 0 
4, 70072173,16.00, 100.00, 0.00, 2.27, 0, 0 
5, 70070785,16.00, 100.00, 0.00, 2.27, 0, 0 
6, 70033369,16.00, 100.00, 0.00, 2.27, 0, 0 
7, 69642563,16.00, 100.00, 0.00, 2.27, 0, 0 
8, 70094689,16.00, 100.00, 0.00, 2.27, 0, 0 
9, 69947253,16.00, 100.00, 0.00, 2.27, 0, 0 
0, 69787360,16.00, 100.00, 0.00, 2.27, 0, 0 
1, 69727364,16.00, 100.00, 0.00, 2.27, 0, 0 
2, 49868598,16.00, 100.00, 0.00, 2.27, 0, 0 
3, 50039691,16.00, 100.00, 0.00, 2.27, 0, 0 
4, 49900922,16.00, 100.00, 0.00, 2.27, 0, 0 
5, 50031515,16.00, 100.00, 0.00, 2.27, 0, 0 
6, 49649871,16.00, 100.00, 0.00, 2.27, 0, 0 
7, 50285752,16.00, 100.00, 0.00, 2.27, 0, 0 
8, 49829242,16.00, 100.00, 0.00, 2.27, 0, 0 
9, 49947228,16.00, 100.00, 0.00, 2.27, 0, 0 
0, 49851402,16.00, 100.00, 0.00, 2.27, 0, 0 
1, 49969530,16.00, 100.00, 0.00, 2.27, 0, 0 
2, 50030704,16.00, 100.00, 0.00, 2.27, 0, 0 
3, 49916901,16.00, 100.00, 0.00, 2.27, 0, 0 
4, 50044304,16.00, 100.00, 0.00, 2.27, 0, 0 
5, 49916438,16.00, 100.00, 0.00, 2.27, 0, 0 
6, 50340679,16.00, 100.00, 0.00, 2.27, 0, 0 
7, 50019959,16.00, 100.00, 0.00, 2.27, 0, 0 
8, 50085749,16.00, 100.00, 0.00, 2.27, 0, 0 
9, 49994263,16.00, 100.00, 0.00, 2.27, 0, 0 
0, 50281687,16.00, 100.00, 0.00, 2.27, 0, 0 
1, 49962701,16.00, 100.00, 0.00, 2.27, 0, 0 
2, 49569603,16.00, 100.00, 0.00, 2.27, 0, 0 
3, 50238596,16.00, 100.00, 0.00, 2.27, 0, 0 
4, 50017627,16.00, 100.00, 0.00, 2.27, 0, 0 
5, 50047392,16.00, 100.00, 0.00, 2.27, 0, 0 
6, 49992292,16.00, 100.00, 0.00, 2.27, 0, 0 
7, 49977490,16.00, 100.00, 0.00, 2.27, 0, 0 
8, 49986838,16.00, 100.00, 0.00, 2.27, 0, 0 
9, 49984404,16.00, 100.00, 0.00, 2.27, 0, 0 
0, 49923474,16.00, 100.00, 0.00, 2.27, 0, 0 
1, 50022598,16.00, 100.00, 0.00, 2.27, 0, 0 
2, 50381488,16.00, 100.00, 0.00, 2.27, 0, 0 
3, 49843241,16.00, 100.00, 0.00, 2.27, 0, 0 
4, 49977918,16.00, 100.00, 0.00, 2.27, 0, 0 
5, 49853984,16.00, 100.00, 0.00, 2.27, 0, 0 
6, 49988427,16.00, 100.00, 0.00, 2.27, 0, 0 
7, 49994690,16.00, 100.00, 0.00, 2.27, 0, 0 
8, 49995875,16.00, 100.00, 0.00, 2.27, 0, 0 
9, 49838385,16.00, 100.00, 0.00, 2.27, 0, 0 
0, 50146241,16.00, 100.00, 0.00, 2.27, 0, 0 
1, 50015776,16.00, 100.00, 0.00, 2.27, 0, 0 
2, 50068606,16.00, 100.00, 0.00, 2.27, 0, 0 
3, 49988907,16.00, 100.00, 0.00, 2.27, 0, 0 
4, 49970862,16.00, 100.00, 0.00, 2.27, 0, 0 
5, 50147287,16.00, 100.00, 0.00, 2.27, 0, 0 
6, 50000780,16.00, 100.00, 0.00, 2.27, 0, 0 
7, 50011581,16.00, 100.00, 0.00, 2.27, 0, 0 
8, 50006106,16.00, 100.00, 0.00, 2.27, 0, 0 
9, 49904783,16.00, 100.00, 0.00, 2.27, 0, 0 
0, 49620799,16.00, 100.00, 0.00, 2.27, 0, 0 
1, 50000153,16.00, 100.00, 0.00, 2.27, 0, 0 
2, 49956395,16.00, 100.00, 0.00, 2.27, 0, 0 
3, 50002989,16.00, 100.00, 0.00, 2.27, 0, 0 
4, 50090020,16.00, 100.00, 0.00, 2.27, 0, 0 
5, 49735418,16.00, 100.00, 0.00, 2.27, 0, 0 
6, 49982989,16.00, 100.00, 0.00, 2.27, 0, 0 
7, 49907820,16.00, 100.00, 0.00, 2.27, 0, 0 
8, 49670058,16.00, 100.00, 0.00, 2.27, 0, 0 
9, 50259660,16.00, 100.00, 0.00, 2.27, 0, 0 
0, 50350008,16.00, 100.00, 0.00, 2.27, 0, 0 
1, 50018589,16.00, 100.00, 0.00, 2.27, 0, 0 
2, 50022874,16.00, 100.00, 0.00, 2.27, 0, 0 
3, 49969220,16.00, 100.00, 0.00, 2.27, 0, 0 
4, 49993282,16.00, 100.00, 0.00, 2.27, 0, 0 
5, 50231068,16.00, 100.00, 0.00, 2.27, 0, 0 
6, 49844489,16.00, 100.00, 0.00, 2.27, 0, 0 
7, 50125096,16.00, 100.00, 0.00, 2.27, 0, 0 
8, 50358872,16.00, 100.00, 0.00, 2.27, 0, 0 
9, 49980408,16.00, 100.00, 0.00, 2.27, 0, 0 
0, 49934789,16.00, 100.00, 0.00, 2.27, 0, 0 
1, 49973912,16.00, 100.00, 0.00, 2.27, 0, 0 
2, 49918575,16.00, 100.00, 0.00, 2.27, 0, 0 
3, 50034636,16.00, 100.00, 0.00, 2.27, 0, 0 
4, 49934032,16.00, 100.00, 0.00, 2.27, 0, 0 
5, 50006156,16.00, 100.00, 0.00, 2.27, 0, 0 
6, 50069403,16.00, 100.00, 0.00, 2.27, 0, 0 
7, 49954402,16.00, 100.00, 0.00, 2.27, 0, 0 
8, 49971815,16.00, 100.00, 0.00, 2.27, 0, 0 
9, 50069424,16.00, 100.00, 0.00, 2.27, 0, 0 
0, 50227424,16.00, 100.00, 0.00, 2.27, 0, 0 
1, 50038698,16.00, 100.00, 0.00, 2.27, 0, 0 
2, 50050522,16.00, 100.00, 0.00, 2.27, 0, 0 
3, 49990708,16.00, 100.00, 0.00, 2.27, 0, 0 
4, 50020484,16.00, 100.00, 0.00, 2.27, 0, 0 
5, 50004157,16.00, 100.00, 0.00, 2.27, 0, 0 
6, 50076370,16.00, 100.00, 0.00, 2.27, 0, 0 
7, 50238679,16.00, 100.00, 0.00, 2.27, 0, 0 
8, 49975058,16.00, 100.00, 0.00, 2.27, 0, 0 
9, 50090088,16.00, 100.00, 0.00, 2.27, 0, 0 
0, 49802620,16.00, 100.00, 0.00, 2.27, 0, 0 
1, 49806879,16.00, 100.00, 0.00, 2.27, 0, 0 
2, 50066411,16.00, 100.00, 0.00, 2.27, 0, 0 
3, 49955361,16.00, 100.00, 0.00, 2.27, 0, 0 
4, 49975664,16.00, 100.00, 0.00, 2.27, 0, 0 
5, 50020648,16.00, 100.00, 0.00, 2.27, 0, 0 
6, 49922785,16.00, 100.00, 0.00, 2.27, 0, 0 
7, 49727740,16.00, 100.00, 0.00, 2.27, 0, 0 
8, 50043582,16.00, 100.00, 0.00, 2.27, 0, 0 
9, 49801301,16.00, 100.00, 0.00, 2.27, 0, 0 
0, 55079016,17.00, 100.00, 0.00, 2.27, 0, 0 
1, 55075517,17.00, 100.00, 0.00, 2.27, 0, 0 
2, 54845528,17.00, 100.00, 0.00, 2.27, 0, 0 
3, 55113550,17.00, 100.00, 0.00, 2.27, 0, 0 
4, 54708418,17.00, 100.00, 0.00, 2.27, 0, 0 
5, 55007725,17.00, 100.00, 0.00, 2.27, 0, 0 
6, 55064366,17.00, 100.00, 0.00, 2.27, 0, 0 
7, 55011642,17.00, 100.00, 0.00, 2.27, 0, 0 
8, 55036279,17.00, 100.00, 0.00, 2.27, 0, 0 
9, 55232324,17.00, 100.00, 0.00, 2.27, 0, 0 
0, 49969213,17.00, 100.00, 0.00, 2.27, 0, 0 
1, 50045026,17.00, 100.00, 0.00, 2.27, 0, 0 
2, 49796631,17.00, 100.00, 0.00, 2.27, 0, 0 
3, 49888773,17.00, 100.00, 0.00, 2.27, 0, 0 
4, 50308261,17.00, 100.00, 0.00, 2.27, 0, 0 
5, 49967024,17.00, 100.00, 0.00, 2.27, 0, 0 
6, 49885179,17.00, 100.00, 0.00, 2.27, 0, 0 
7, 50012565,17.00, 100.00, 0.00, 2.27, 0, 0 
8, 49938733,17.00, 100.00, 0.00, 2.27, 0, 0 
9, 49886080,17.00, 100.00, 0.00, 2.27, 0, 0 
0, 50002808,17.00, 100.00, 0.00, 2.27, 0, 0 
1, 50079561,17.00, 100.00, 0.00, 2.27, 0, 0 
2, 50270486,17.00, 100.00, 0.00, 2.27, 0, 0 
3, 49984371,17.00, 100.00, 0.00, 2.27, 0, 0 
4, 49967116,17.00, 100.00, 0.00, 2.27, 0, 0 
5, 49994142,17.00, 100.00, 0.00, 2.27, 0, 0 
6, 50133552,17.00, 100.00, 0.00, 2.27, 0, 0 
7, 49958999,17.00, 100.00, 0.00, 2.27, 0, 0 
8, 50078673,17.00, 100.00, 0.00, 2.27, 0, 0 
9, 49800613,17.00, 100.00, 0.00, 2.27, 0, 0 
0, 50003090,17.00, 100.00, 0.00, 2.27, 0, 0 
1, 49881801,17.00, 100.00, 0.00, 2.27, 0, 0 
2, 50050871,17.00, 100.00, 0.00, 2.27, 0, 0 
3, 50020002,17.00, 100.00, 0.00, 2.27, 0, 0 
4, 50082222,17.00, 100.00, 0.00, 2.27, 0, 0 
5, 49900691,17.00, 100.00, 0.00, 2.27, 0, 0 
6, 50028389,17.00, 100.00, 0.00, 2.27, 0, 0 
7, 49976697,17.00, 100.00, 0.00, 2.27, 0, 0 
8, 49904855,17.00, 100.00, 0.00, 2.27, 0, 0 
9, 50107515,17.00, 100.00, 0.00, 2.27, 0, 0 
0, 50013236,17.00, 100.00, 0.00, 2.27, 0, 0 
1, 50067887,17.00, 100.00, 0.00, 2.27, 0, 0 
2, 49921442,17.00, 100.00, 0.00, 2.27, 0, 0 
3, 49972846,17.00, 100.00, 0.00, 2.27, 0, 0 
4, 49929707,17.00, 100.00, 0.00, 2.27, 0, 0 
5, 50001538,17.00, 100.00, 0.00, 2.27, 0, 0 
6, 49575813,17.00, 100.00, 0.00, 2.27, 0, 0 
7, 49840919,17.00, 100.00, 0.00, 2.27, 0, 0 
8, 49459531,17.00, 100.00, 0.00, 2.27, 0, 0 
9, 49692775,17.00, 100.00, 0.00, 2.27, 0, 0 
0, 49666389,17.00, 100.00, 0.00, 2.27, 0, 0 
1, 49407443,17.00, 100.00, 0.00, 2.27, 0, 0 
2, 49547805,17.00, 100.00, 0.00, 2.27, 0, 0 
3, 49499119,17.00, 100.00, 0.00, 2.27, 0, 0 
4, 49450757,17.00, 100.00, 0.00, 2.27, 0, 0 
5, 49525386,17.00, 100.00, 0.00, 2.27, 0, 0 
6, 60254008,19.00, 100.00, 0.00, 2.27, 0, 0 
7, 60110356,19.00, 100.00, 0.00, 2.27, 0, 0 
8, 60098875,19.00, 100.00, 0.00, 2.27, 0, 0 
9, 60291167,19.00, 100.00, 0.00, 2.27, 0, 0 
0, 60095954,19.00, 100.00, 0.00, 2.27, 0, 0 
1, 80614014,23.00, 100.00, 0.00, 2.27, 0, 0 
2, 80167188,23.00, 100.00, 0.00, 2.27, 0, 0 
3, 80403347,23.00, 100.00, 0.00, 2.27, 0, 0 
4, 80535634,23.00, 100.00, 0.00, 2.27, 0, 0 
5, 80546404,23.00, 100.00, 0.00, 2.27, 0, 0 
6, 70163825,23.00, 100.00, 0.00, 2.27, 0, 0 
7, 70390326,23.00, 100.00, 0.00, 2.27, 0, 0 
8, 75262003,24.00, 100.00, 0.00, 2.27, 0, 0 
9, 79950899,25.00, 100.00, 0.00, 2.27, 0, 0 
0, 80122008,25.00, 100.00, 0.00, 2.27, 0, 0 
1, 59762595,25.00, 100.00, 0.00, 2.27, 0, 0 
2, 60256810,25.00, 100.00, 0.00, 2.27, 0, 0 
3, 59980377,25.00, 100.00, 0.00, 2.27, 0, 0 
4, 59909519,25.00, 100.00, 0.00, 2.27, 0, 0 
5, 59952304,25.00, 100.00, 0.00, 2.27, 0, 0 
6, 59922419,25.00, 100.00, 0.00, 2.27, 0, 0 
7, 59729022,25.00, 100.00, 0.00, 2.27, 0, 0 
8, 55595441,25.00, 100.00, 0.00, 2.27, 0, 0 
9, 50120172,25.00, 100.00, 0.00, 2.27, 0, 0 
0, 50024929,25.00, 100.00, 0.00, 2.27, 0, 0 
1, 50063393,25.00, 100.00, 0.00, 2.27, 0, 0 
2, 49849209,25.00, 100.00, 0.00, 2.27, 0, 0 
3, 49828984,25.00, 100.00, 0.00, 2.27, 0, 0 
4, 50157173,25.00, 100.00, 0.00, 2.27, 0, 0 
5, 50134784,25.00, 100.00, 0.00, 2.27, 0, 0 
6, 50019084,25.00, 100.00, 0.00, 2.27, 0, 0 
7, 49886691,25.00, 100.00, 0.00, 2.27, 0, 0 
8, 49945330,25.00, 100.00, 0.00, 2.27, 0, 0 
9, 49915584,25.00, 100.00, 0.00, 2.27, 0, 0 
0, 50053458,25.00, 100.00, 0.00, 2.27, 0, 0 
1, 50142931,25.00, 100.00, 0.00, 2.27, 0, 0 
2, 50185163,25.00, 100.00, 0.00, 2.27, 0, 0 
3, 50360660,25.00, 100.00, 0.00, 2.27, 0, 0 
4, 49999537,25.00, 100.00, 0.00, 2.27, 0, 0 
5, 49845864,25.00, 100.00, 0.00, 2.27, 0, 0 
6, 50006929,25.00, 100.00, 0.00, 2.27, 0, 0 
7, 49978943,25.00, 100.00, 0.00, 2.27, 0, 0 
8, 49643536,25.00, 100.00, 0.00, 2.27, 0, 0 
9, 50088892,25.00, 100.00, 0.00, 2.27, 0, 0 
0, 49918976,25.00, 100.00, 0.00, 2.27, 0, 0 
1, 49846933,25.00, 100.00, 0.00, 2.27, 0, 0 
2, 50048194,25.00, 100.00, 0.00, 2.27, 0, 0 
3, 49916516,25.00, 100.00, 0.00, 2.27, 0, 0 
4, 50014794,25.00, 100.00, 0.00, 2.27, 0, 0 
5, 50101482,25.00, 100.00, 0.00, 2.27, 0, 0 
6, 49861379,25.00, 100.00, 0.00, 2.27, 0, 0 
7, 50062710,25.00, 100.00, 0.00, 2.27, 0, 0 
8, 49819299,25.00, 100.00, 0.00, 2.27, 0, 0 
9, 49797124,25.00, 100.00, 0.00, 2.27, 0, 0 
0, 49883804,25.00, 100.00, 0.00, 2.27, 0, 0 
1, 49638530,25.00, 100.00, 0.00, 2.27, 0, 0 
2, 49619145,25.00, 100.00, 0.00, 2.27, 0, 0 
3, 49479518,25.00, 100.00, 0.00, 2.27, 0, 0 
4, 49625320,25.00, 100.00, 0.00, 2.27, 0, 0 
5, 49615057,25.00, 100.00, 0.00, 2.27, 0, 0 
6, 49730101,25.00, 100.00, 0.00, 2.27, 0, 0 
7, 49654233,25.00, 100.00, 0.00, 2.27, 0, 0 
8, 49809921,25.00, 100.00, 0.00, 2.27, 0, 0 
9, 49592646,25.00, 100.00, 0.00, 2.27, 0, 0 
0, 49575817,25.00, 100.00, 0.00, 2.27, 0, 0 
1, 49878723,25.00, 100.00, 0.00, 2.27, 0, 0 
2, 50074567,25.00, 100.00, 0.00, 2.27, 0, 0 
3, 50126156,25.00, 100.00, 0.00, 2.27, 0, 0 
4, 54695381,26.00, 100.00, 0.00, 2.28, 0, 0 
5, 54795953,26.00, 100.00, 0.00, 2.28, 0, 0 
6, 54801754,26.00, 100.00, 0.00, 2.28, 0, 0 
7, 54869813,26.00, 100.00, 0.00, 2.28, 0, 0 
8, 54820023,26.00, 100.00, 0.00, 2.28, 0, 0 
9, 55070166,26.00, 100.00, 0.00, 2.28, 0, 0 
0, 55370513,26.00, 100.00, 0.00, 2.28, 0, 0 
1, 55520521,26.00, 100.00, 0.00, 2.28, 0, 0 
2, 55185465,26.00, 100.00, 0.00, 2.28, 0, 0 
3, 55414149,26.00, 100.00, 0.00, 2.28, 0, 0 
4, 50598199,26.00, 100.00, 0.00, 2.28, 0, 0 
5, 50593422,26.00, 100.00, 0.00, 2.28, 0, 0 
6, 50537732,26.00, 100.00, 0.00, 2.28, 0, 0 
7, 50628568,26.00, 100.00, 0.00, 2.28, 0, 0 
8, 50624705,26.00, 100.00, 0.00, 2.28, 0, 0 
9, 50650428,26.00, 100.00, 0.00, 2.28, 0, 0 
0, 50367510,26.00, 100.00, 0.00, 2.28, 0, 0 
1, 50185171,26.00, 100.00, 0.00, 2.28, 0, 0 
2, 50094138,26.00, 100.00, 0.00, 2.28, 0, 0 
3, 49490089,26.00, 100.00, 0.00, 2.28, 0, 0 
4, 49460609,26.00, 100.00, 0.00, 2.28, 0, 0 
5, 49471837,26.00, 100.00, 0.00, 2.28, 0, 0 
6, 54695560,27.00, 100.00, 0.00, 2.28, 0, 0 
7, 54652644,27.00, 100.00, 0.00, 2.28, 0, 0 
8, 54727337,27.00, 100.00, 0.00, 2.28, 0, 0 
9, 54555953,27.00, 100.00, 0.00, 2.28, 0, 0 
0, 54405849,27.00, 100.00, 0.00, 2.28, 0, 0 
1, 64746360,29.00, 100.00, 0.00, 2.28, 0, 0 
2, 64721611,29.00, 100.00, 0.00, 2.28, 0, 0 
3, 65214950,29.00, 100.00, 0.00, 2.28, 0, 0 
4, 70251315,30.00, 100.00, 0.00, 2.28, 0, 0 
5, 75361660,31.00, 100.00, 0.00, 2.28, 0, 0 
6, 70252089,31.00, 100.00, 0.00, 2.28, 0, 0 
7, 70118568,31.00, 100.00, 0.00, 2.28, 0, 0 
8, 69786006,31.00, 100.00, 0.00, 2.28, 0, 0 
9, 70020385,31.00, 100.00, 0.00, 2.28, 0, 0 
0, 70371427,31.00, 100.00, 0.00, 2.28, 0, 0 
1, 59906911,31.00, 100.00, 0.00, 2.28, 0, 0 
2, 60187779,31.00, 100.00, 0.00, 2.28, 0, 0 
3, 60170017,31.00, 100.00, 0.00, 2.28, 0, 0 
4, 54948277,31.00, 100.00, 0.00, 2.28, 0, 0 
5, 55056796,32.00, 100.00, 0.00, 2.28, 0, 0 
6, 55006559,32.00, 100.00, 0.00, 2.28, 0, 0 
7, 55053471,32.00, 100.00, 0.00, 2.28, 0, 0 
8, 55394696,32.00, 100.00, 0.00, 2.28, 0, 0 
9, 54904167,32.00, 100.00, 0.00, 2.28, 0, 0 
0, 54957093,32.00, 100.00, 0.00, 2.28, 0, 0 
1, 55160076,32.00, 100.00, 0.00, 2.28, 0, 0 
2, 55005478,32.00, 100.00, 0.00, 2.28, 0, 0 
3, 55052842,32.00, 100.00, 0.00, 2.28, 0, 0 
4, 54939442,32.00, 100.00, 0.00, 2.28, 0, 0 
5, 50020315,32.00, 100.00, 0.00, 2.28, 0, 0 
6, 50003635,32.00, 100.00, 0.00, 2.28, 0, 0 
7, 49981406,32.00, 100.00, 0.00, 2.28, 0, 0 
8, 49860426,32.00, 100.00, 0.00, 2.28, 0, 0 
9, 50261803,32.00, 100.00, 0.00, 2.28, 0, 0 
0, 49703314,32.00, 100.00, 0.00, 2.28, 0, 0 
1, 50020619,32.00, 100.00, 0.00, 2.28, 0, 0 
2, 49641316,32.00, 100.00, 0.00, 2.28, 0, 0 
3, 49801001,32.00, 100.00, 0.00, 2.28, 0, 0 
4, 50309008,32.00, 100.00, 0.00, 2.28, 0, 0 
5, 49920388,32.00, 100.00, 0.00, 2.28, 0, 0 
6, 50076017,32.00, 100.00, 0.00, 2.28, 0, 0 
7, 49729068,32.00, 100.00, 0.00, 2.28, 0, 0 
8, 50049984,32.00, 100.00, 0.00, 2.28, 0, 0 
9, 50173624,32.00, 100.00, 0.00, 2.28, 0, 0 
0, 50134712,32.00, 100.00, 0.00, 2.28, 0, 0 
1, 50002145,32.00, 100.00, 0.00, 2.28, 0, 0 
2, 50394269,32.00, 100.00, 0.00, 2.28, 0, 0 
3, 50322081,32.00, 100.00, 0.00, 2.28, 0, 0 
4, 50159338,32.00, 100.00, 0.00, 2.28, 0, 0 
5, 55294873,33.00, 100.00, 0.00, 2.28, 0, 0 
6, 55167007,33.00, 100.00, 0.00, 2.28, 0, 0 
7, 55673509,33.00, 100.00, 0.00, 2.28, 0, 0 
8, 54882682,33.00, 100.00, 0.00, 2.28, 0, 0 
9, 54468395,33.00, 100.00, 0.00, 2.28, 0, 0 
0, 60105272,34.00, 100.00, 0.00, 2.28, 0, 0 
1, 59853371,34.00, 100.00, 0.00, 2.28, 0, 0 
2, 59872527,34.00, 100.00, 0.00, 2.28, 0, 0 
3, 59638172,34.00, 100.00, 0.00, 2.28, 0, 0 
4, 59732966,34.00, 100.00, 0.00, 2.28, 0, 0 
5, 54647520,34.00, 100.00, 0.00, 2.28, 0, 0 
6, 54761168,34.00, 100.00, 0.00, 2.28, 0, 0 
7, 54514901,34.00, 100.00, 0.00, 2.28, 0, 0 
8, 54749937,34.00, 100.00, 0.00, 2.28, 0, 0 
9, 55161150,34.00, 100.00, 0.00, 2.28, 0, 0 
0, 49841885,34.00, 100.00, 0.00, 2.28, 0, 0 
1, 49893421,34.00, 100.00, 0.00, 2.28, 0, 0 
2, 49684424,34.00, 100.00, 0.00, 2.28, 0, 0 
3, 49809191,34.00, 100.00, 0.00, 2.28, 0, 0 
4, 50087789,34.00, 100.00, 0.00, 2.28, 0, 0 
5, 49711607,34.00, 100.00, 0.00, 2.28, 0, 0 
6, 49953038,34.00, 100.00, 0.00, 2.28, 0, 0 
7, 49636342,34.00, 100.00, 0.00, 2.28, 0, 0 
8, 49946677,34.00, 100.00, 0.00, 2.28, 0, 0 
9, 49998560,34.00, 100.00, 0.00, 2.28, 0, 0 
0, 50225559,34.00, 100.00, 0.00, 2.28, 0, 0 
1, 49890498,34.00, 100.00, 0.00, 2.28, 0, 0 
2, 50332523,34.00, 100.00, 0.00, 2.28, 0, 0 
3, 50424472,34.00, 100.00, 0.00, 2.28, 0, 0 
4, 50030676,34.00, 100.00, 0.00, 2.28, 0, 0 
5, 50436428,34.00, 100.00, 0.00, 2.28, 0, 0 
6, 50218735,34.00, 100.00, 0.00, 2.28, 0, 0 
7, 50634497,34.00, 100.00, 0.00, 2.28, 0, 0 
8, 50622417,34.00, 100.00, 0.00, 2.28, 0, 0 
9, 50538671,34.00, 100.00, 0.00, 2.28, 0, 0 
0, 50234639,34.00, 100.00, 0.00, 2.28, 0, 0 
1, 50525881,34.00, 100.00, 0.00, 2.28, 0, 0 
2, 50285705,34.00, 100.00, 0.00, 2.28, 0, 0 
3, 50247442,34.00, 100.00, 0.00, 2.28, 0, 0 
4, 50147069,34.00, 100.00, 0.00, 2.28, 0, 0 
5, 50066679,34.00, 100.00, 0.00, 2.28, 0, 0 
6, 50269843,34.00, 100.00, 0.00, 2.28, 0, 0 
7, 49603861,34.00, 100.00, 0.00, 2.28, 0, 0 
8, 49890536,34.00, 100.00, 0.00, 2.28, 0, 0 
9, 49807385,34.00, 100.00, 0.00, 2.28, 0, 0 
0, 49902950,34.00, 100.00, 0.00, 2.28, 0, 0 
1, 49874667,34.00, 100.00, 0.00, 2.28, 0, 0 
2, 49724650,34.00, 100.00, 0.00, 2.28, 0, 0 
3, 49812483,34.00, 100.00, 0.00, 2.28, 0, 0 
4, 49849106,34.00, 100.00, 0.00, 2.28, 0, 0 
5, 49823983,34.00, 100.00, 0.00, 2.28, 0, 0 
6, 49423252,34.00, 100.00, 0.00, 2.28, 0, 0 
7, 50175791,34.00, 100.00, 0.00, 2.28, 0, 0 
8, 49840722,34.00, 100.00, 0.00, 2.28, 0, 0 
9, 49842057,34.00, 100.00, 0.00, 2.28, 0, 0 
0, 49711380,34.00, 100.00, 0.00, 2.28, 0, 0 
1, 49788937,34.00, 100.00, 0.00, 2.28, 0, 0 
2, 49795748,34.00, 100.00, 0.00, 2.28, 0, 0 
3, 49680193,34.00, 100.00, 0.00, 2.28, 0, 0 
4, 49706060,34.00, 100.00, 0.00, 2.28, 0, 0 
5, 49816146,34.00, 100.00, 0.00, 2.28, 0, 0 
6, 49831032,34.00, 100.00, 0.00, 2.28, 0, 0 
7, 49673036,34.00, 100.00, 0.00, 2.28, 0, 0 
8, 49551061,34.00, 100.00, 0.00, 2.28, 0, 0 
9, 49737192,34.00, 100.00, 0.00, 2.28, 0, 0 
0, 49856483,34.00, 100.00, 0.00, 2.28, 0, 0 
1, 49845567,34.00, 100.00, 0.00, 2.28, 0, 0 
2, 50037610,34.00, 100.00, 0.00, 2.28, 0, 0 
3, 49995599,34.00, 100.00, 0.00, 2.28, 0, 0 
4, 49944690,34.00, 100.00, 0.00, 2.28, 0, 0 
5, 49919134,34.00, 100.00, 0.00, 2.28, 0, 0 
6, 50528105,34.00, 100.00, 0.00, 2.28, 0, 0 
7, 49741130,34.00, 100.00, 0.00, 2.28, 0, 0 
8, 50164583,34.00, 100.00, 0.00, 2.28, 0, 0 
9, 49958309,34.00, 100.00, 0.00, 2.28, 0, 0 
0, 49961767,34.00, 100.00, 0.00, 2.28, 0, 0 
1, 49937343,34.00, 100.00, 0.00, 2.28, 0, 0 
2, 49863016,34.00, 100.00, 0.00, 2.28, 0, 0 
3, 49892469,34.00, 100.00, 0.00, 2.28, 0, 0 
4, 50033274,34.00, 100.00, 0.00, 2.28, 0, 0 
5, 49988497,34.00, 100.00, 0.00, 2.28, 0, 0 
6, 49436461,34.00, 100.00, 0.00, 2.28, 0, 0 
7, 50022468,34.00, 100.00, 0.00, 2.28, 0, 0 
8, 50014448,34.00, 100.00, 0.00, 2.28, 0, 0 
9, 50013860,34.00, 100.00, 0.00, 2.28, 0, 0 
0, 50002083,34.00, 100.00, 0.00, 2.28, 0, 0 
1, 49985523,34.00, 100.00, 0.00, 2.28, 0, 0 
2, 50013740,34.00, 100.00, 0.00, 2.28, 0, 0 
3, 49870934,34.00, 100.00, 0.00, 2.28, 0, 0 
4, 49984156,34.00, 100.00, 0.00, 2.28, 0, 0 
5, 49837131,34.00, 100.00, 0.00, 2.28, 0, 0 
6, 50038854,34.00, 100.00, 0.00, 2.28, 0, 0 
7, 50270007,34.00, 100.00, 0.00, 2.28, 0, 0 
8, 49995381,34.00, 100.00, 0.00, 2.28, 0, 0 
9, 49990304,34.00, 100.00, 0.00, 2.28, 0, 0 
0, 50003247,34.00, 100.00, 0.00, 2.28, 0, 0 
1, 50018181,34.00, 100.00, 0.00, 2.28, 0, 0 
2, 49968205,34.00, 100.00, 0.00, 2.28, 0, 0 
3, 50114791,34.00, 100.00, 0.00, 2.28, 0, 0 
4, 49951130,34.00, 100.00, 0.00, 2.28, 0, 0 
5, 50144488,34.00, 100.00, 0.00, 2.28, 0, 0 
6, 49925081,34.00, 100.00, 0.00, 2.28, 0, 0 
7, 49683776,34.00, 100.00, 0.00, 2.28, 0, 0 
8, 49693310,34.00, 100.00, 0.00, 2.28, 0, 0 
9, 49986323,34.00, 100.00, 0.00, 2.28, 0, 0 
0, 49996922,34.00, 100.00, 0.00, 2.28, 0, 0 
1, 50002671,34.00, 100.00, 0.00, 2.28, 0, 0 
2, 49869411,34.00, 100.00, 0.00, 2.28, 0, 0 
3, 49895338,34.00, 100.00, 0.00, 2.28, 0, 0 
4, 50128785,34.00, 100.00, 0.00, 2.28, 0, 0 
5, 50178827,34.00, 100.00, 0.00, 2.28, 0, 0 
6, 50225517,34.00, 100.00, 0.00, 2.28, 0, 0 
7, 50447165,34.00, 100.00, 0.00, 2.28, 0, 0 
8, 50484952,34.00, 100.00, 0.00, 2.28, 0, 0 
9, 50051819,34.00, 100.00, 0.00, 2.28, 0, 0 
0, 50521180,34.00, 100.00, 0.00, 2.28, 0, 0 
1, 50199913,34.00, 100.00, 0.00, 2.28, 0, 0 
2, 50194451,34.00, 100.00, 0.00, 2.28, 0, 0 
3, 50181426,34.00, 100.00, 0.00, 2.28, 0, 0 
4, 49670111,34.00, 100.00, 0.00, 2.28, 0, 0 
5, 49611618,34.00, 100.00, 0.00, 2.28, 0, 0 
6, 50043892,34.00, 100.00, 0.00, 2.28, 0, 0 
7, 49842670,34.00, 100.00, 0.00, 2.28, 0, 0 
8, 49782153,34.00, 100.00, 0.00, 2.28, 0, 0 
9, 50127996,34.00, 100.00, 0.00, 2.28, 0, 0 
0, 49337203,34.00, 100.00, 0.00, 2.28, 0, 0 
1, 49606030,34.00, 100.00, 0.00, 2.28, 0, 0 
2, 49753198,34.00, 100.00, 0.00, 2.28, 0, 0 
3, 50087700,34.00, 100.00, 0.00, 2.28, 0, 0 
4, 50061747,34.00, 100.00, 0.00, 2.28, 0, 0 
5, 50329480,34.00, 100.00, 0.00, 2.28, 0, 0 
6, 49580686,34.00, 100.00, 0.00, 2.28, 0, 0 
7, 50122142,34.00, 100.00, 0.00, 2.28, 0, 0 
8, 49857251,34.00, 100.00, 0.00, 2.28, 0, 0 
9, 49973234,34.00, 100.00, 0.00, 2.28, 0, 0 
0, 50166433,34.00, 100.00, 0.00, 2.28, 0, 0 
1, 50143919,34.00, 100.00, 0.00, 2.28, 0, 0 
2, 50399814,34.00, 100.00, 0.00, 2.28, 0, 0 
3, 50098880,34.00, 100.00, 0.00, 2.28, 0, 0 
4, 50083493,34.00, 100.00, 0.00, 2.28, 0, 0 
5, 50004071,34.00, 100.00, 0.00, 2.28, 0, 0 
6, 50209269,34.00, 100.00, 0.00, 2.28, 0, 0 
7, 49766030,34.00, 100.00, 0.00, 2.28, 0, 0 
8, 50061693,34.00, 100.00, 0.00, 2.28, 0, 0 
9, 49970802,34.00, 100.00, 0.00, 2.28, 0, 0 
0, 49883732,34.00, 100.00, 0.00, 2.28, 0, 0 
1, 49969562,34.00, 100.00, 0.00, 2.28, 0, 0 
2, 49845866,34.00, 100.00, 0.00, 2.28, 0, 0 
3, 49860588,34.00, 100.00, 0.00, 2.28, 0, 0 
4, 50153048,34.00, 100.00, 0.00, 2.28, 0, 0 
5, 49963523,34.00, 100.00, 0.00, 2.28, 0, 0 
6, 50004042,34.00, 100.00, 0.00, 2.28, 0, 0 
7, 50098309,34.00, 100.00, 0.00, 2.28, 0, 0 
8, 49843231,34.00, 100.00, 0.00, 2.28, 0, 0 
9, 49876834,34.00, 100.00, 0.00, 2.28, 0, 0 
0, 50165346,34.00, 100.00, 0.00, 2.28, 0, 0 
1, 50162681,34.00, 100.00, 0.00, 2.28, 0, 0 
2, 49976383,34.00, 100.00, 0.00, 2.28, 0, 0 
3, 49750378,34.00, 100.00, 0.00, 2.28, 0, 0 
4, 49795539,34.00, 100.00, 0.00, 2.28, 0, 0 
5, 49793204,34.00, 100.00, 0.00, 2.28, 0, 0 
6, 49747303,34.00, 100.00, 0.00, 2.28, 0, 0 
7, 50160627,34.00, 100.00, 0.00, 2.28, 0, 0 
8, 50121681,34.00, 100.00, 0.00, 2.28, 0, 0 
9, 50191161,34.00, 100.00, 0.00, 2.28, 0, 0 
0, 50009187,34.00, 100.00, 0.00, 2.28, 0, 0 
1, 49808735,34.00, 100.00, 0.00, 2.28, 0, 0 
2, 49764365,34.00, 100.00, 0.00, 2.28, 0, 0 
3, 49996445,34.00, 100.00, 0.00, 2.28, 0, 0 
4, 50313784,34.00, 100.00, 0.00, 2.28, 0, 0 
5, 50297627,34.00, 100.00, 0.00, 2.28, 0, 0 
6, 49937885,34.00, 100.00, 0.00, 2.28, 0, 0 
7, 49923253,34.00, 100.00, 0.00, 2.28, 0, 0 
8, 50263024,34.00, 100.00, 0.00, 2.28, 0, 0 
9, 49780770,34.00, 100.00, 0.00, 2.28, 0, 0 
0, 49949316,34.00, 100.00, 0.00, 2.28, 0, 0 
1, 50112470,34.00, 100.00, 0.00, 2.28, 0, 0 
2, 50002457,34.00, 100.00, 0.00, 2.28, 0, 0 
3, 50160967,34.00, 100.00, 0.00, 2.28, 0, 0 
4, 49818894,34.00, 100.00, 0.00, 2.28, 0, 0 
5, 49928019,34.00, 100.00, 0.00, 2.28, 0, 0 
6, 50379991,34.00, 100.00, 0.00, 2.28, 0, 0 
7, 49935494,34.00, 100.00, 0.00, 2.28, 0, 0 
8, 49872098,34.00, 100.00, 0.00, 2.28, 0, 0 
9, 50068251,34.00, 100.00, 0.00, 2.28, 0, 0 
0, 49775834,34.00, 100.00, 0.00, 2.28, 0, 0 
1, 50141609,34.00, 100.00, 0.00, 2.28, 0, 0 
2, 50064509,34.00, 100.00, 0.00, 2.28, 0, 0 
3, 49870482,34.00, 100.00, 0.00, 2.28, 0, 0 
4, 50125680,34.00, 100.00, 0.00, 2.28, 0, 0 
5, 49763560,34.00, 100.00, 0.00, 2.28, 0, 0 
6, 50081278,34.00, 100.00, 0.00, 2.28, 0, 0 
7, 50091395,34.00, 100.00, 0.00, 2.28, 0, 0 
8, 49877719,34.00, 100.00, 0.00, 2.28, 0, 0 
9, 49956309,34.00, 100.00, 0.00, 2.28, 0, 0 
0, 50237926,34.00, 100.00, 0.00, 2.28, 0, 0 
1, 50033683,34.00, 100.00, 0.00, 2.28, 0, 0 
2, 50263342,34.00, 100.00, 0.00, 2.28, 0, 0 
3, 49980477,34.00, 100.00, 0.00, 2.28, 0, 0 
4, 49705689,34.00, 100.00, 0.00, 2.28, 0, 0 
5, 50235814,34.00, 100.00, 0.00, 2.28, 0, 0 
6, 49630794,34.00, 100.00, 0.00, 2.28, 0, 0 
7, 49676778,34.00, 100.00, 0.00, 2.28, 0, 0 
8, 50209300,34.00, 100.00, 0.00, 2.28, 0, 0 
9, 50093125,34.00, 100.00, 0.00, 2.28, 0, 0 
0, 49966914,34.00, 100.00, 0.00, 2.28, 0, 0 
1, 49652220,34.00, 100.00, 0.00, 2.28, 0, 0 
2, 49877820,34.00, 100.00, 0.00, 2.28, 0, 0 
3, 49962686,34.00, 100.00, 0.00, 2.28, 0, 0 
4, 50241589,34.00, 100.00, 0.00, 2.28, 0, 0 
5, 49960977,34.00, 100.00, 0.00, 2.28, 0, 0 
6, 50013105,34.00, 100.00, 0.00, 2.28, 0, 0 
7, 50055654,34.00, 100.00, 0.00, 2.28, 0, 0 
8, 50369349,34.00, 100.00, 0.00, 2.28, 0, 0 
9, 50306780,34.00, 100.00, 0.00, 2.28, 0, 0 
0, 50393640,34.00, 100.00, 0.00, 2.28, 0, 0 
1, 50400476,34.00, 100.00, 0.00, 2.28, 0, 0 
2, 50224519,34.00, 100.00, 0.00, 2.28, 0, 0 
3, 50605301,34.00, 100.00, 0.00, 2.28, 0, 0 
4, 50482729,34.00, 100.00, 0.00, 2.28, 0, 0 
5, 50283271,34.00, 100.00, 0.00, 2.28, 0, 0 
6, 50387250,34.00, 100.00, 0.00, 2.28, 0, 0 
7, 50349420,34.00, 100.00, 0.00, 2.28, 0, 0 
8, 49648047,34.00, 100.00, 0.00, 2.28, 0, 0 
9, 50024642,34.00, 100.00, 0.00, 2.28, 0, 0 
0, 49601071,34.00, 100.00, 0.00, 2.28, 0, 0 
1, 55195887,35.00, 100.00, 0.00, 2.29, 0, 0 
2, 55206206,35.00, 100.00, 0.00, 2.29, 0, 0 
3, 54334165,35.00, 100.00, 0.00, 2.29, 0, 0 
4, 55202683,35.00, 100.00, 0.00, 2.29, 0, 0 
5, 55267218,35.00, 100.00, 0.00, 2.29, 0, 0 
6, 54843252,35.00, 100.00, 0.00, 2.29, 0, 0 
7, 59868911,36.00, 100.00, 0.00, 2.29, 0, 0 
8, 60387362,36.00, 100.00, 0.00, 2.29, 0, 0 
9, 59402524,36.00, 100.00, 0.00, 2.29, 0, 0 
0, 60457036,36.00, 100.00, 0.00, 2.29, 0, 0 
1, 55114073,36.00, 100.00, 0.00, 2.29, 0, 0 
2, 54411615,36.00, 100.00, 0.00, 2.29, 0, 0 
3, 61135383,37.00, 100.00, 0.00, 2.29, 0, 0 
4, 69660541,39.00, 100.00, 0.00, 2.29, 0, 0 
5, 69228842,39.00, 100.00, 0.00, 2.29, 0, 0 
6, 75466915,40.00, 100.00, 0.00, 2.29, 0, 0 
7, 70404305,40.00, 100.00, 0.00, 2.29, 0, 0 
8, 69322562,40.00, 100.00, 0.00, 2.29, 0, 0 
9, 69987534,40.00, 100.00, 0.00, 2.29, 0, 0 
0, 70111677,40.00, 100.00, 0.00, 2.29, 0, 0 
1, 69572735,40.00, 100.00, 0.00, 2.29, 0, 0 
2, 70299354,40.00, 100.00, 0.00, 2.29, 0, 0 
3, 64333697,40.00, 100.00, 0.00, 2.29, 0, 0 
4, 54644602,40.00, 100.00, 0.00, 2.29, 0, 0 
5, 54960674,40.00, 100.00, 0.00, 2.29, 0, 0 
6, 49880536,40.00, 100.00, 0.00, 2.29, 0, 0 
7, 49651130,40.00, 100.00, 0.00, 2.29, 0, 0 
8, 49959995,40.00, 100.00, 0.00, 2.29, 0, 0 
9, 50307547,40.00, 100.00, 0.00, 2.29, 0, 0 
0, 49909154,40.00, 100.00, 0.00, 2.29, 0, 0 
1, 50442177,40.00, 100.00, 0.00, 2.29, 0, 0 
2, 49702510,40.00, 100.00, 0.00, 2.29, 0, 0 
3, 49789924,40.00, 100.00, 0.00, 2.29, 0, 0 
4, 50549729,40.00, 100.00, 0.00, 2.29, 0, 0 
5, 50220859,40.00, 100.00, 0.00, 2.29, 0, 0 
6, 50036576,40.00, 100.00, 0.00, 2.29, 0, 0 
7, 50306628,40.00, 100.00, 0.00, 2.29, 0, 0 
8, 50246081,40.00, 100.00, 0.00, 2.29, 0, 0 
9, 50068770,40.00, 100.00, 0.00, 2.29, 0, 0 
0, 49637410,40.00, 100.00, 0.00, 2.29, 0, 0 
1, 49555097,40.00, 100.00, 0.00, 2.29, 0, 0 
2, 49993178,40.00, 100.00, 0.00, 2.29, 0, 0 
3, 50011823,40.00, 100.00, 0.00, 2.29, 0, 0 
4, 49346119,40.00, 100.00, 0.00, 2.29, 0, 0 
5, 49810854,40.00, 100.00, 0.00, 2.29, 0, 0 
6, 49357626,40.00, 100.00, 0.00, 2.29, 0, 0 
7, 49373349,40.00, 100.00, 0.00, 2.29, 0, 0 
8, 49986011,40.00, 100.00, 0.00, 2.29, 0, 0 
9, 59758438,42.00, 100.00, 0.00, 2.29, 0, 0 
0, 59876212,42.00, 100.00, 0.00, 2.29, 0, 0 
1, 59650229,42.00, 100.00, 0.00, 2.29, 0, 0 
2, 60269290,42.00, 100.00, 0.00, 2.29, 0, 0 
3, 59774887,42.00, 100.00, 0.00, 2.29, 0, 0 
4, 60087806,42.00, 100.00, 0.00, 2.29, 0, 0 
5, 60279022,42.00, 100.00, 0.00, 2.29, 0, 0 
6, 60024575,42.00, 100.00, 0.00, 2.29, 0, 0 
7, 60019195,42.00, 100.00, 0.00, 2.29, 0, 0 
8, 60071652,42.00, 100.00, 0.00, 2.29, 0, 0 
9, 49849870,42.00, 100.00, 0.00, 2.29, 0, 0 
0, 50101739,42.00, 100.00, 0.00, 2.29, 0, 0 
1, 49965666,42.00, 100.00, 0.00, 2.29, 0, 0 
2, 49874824,42.00, 100.00, 0.00, 2.29, 0, 0 
3, 50244890,42.00, 100.00, 0.00, 2.29, 0, 0 
4, 50016119,42.00, 100.00, 0.00, 2.29, 0, 0 
5, 50059005,42.00, 100.00, 0.00, 2.29, 0, 0 
6, 49973719,42.00, 100.00, 0.00, 2.29, 0, 0 
7, 50030532,42.00, 100.00, 0.00, 2.29, 0, 0 
8, 50048579,42.00, 100.00, 0.00, 2.29, 0, 0 
9, 49959435,42.00, 100.00, 0.00, 2.29, 0, 0 
0, 50029135,42.00, 100.00, 0.00, 2.29, 0, 0 
1, 50303051,42.00, 100.00, 0.00, 2.29, 0, 0 
2, 50107524,42.00, 100.00, 0.00, 2.29, 0, 0 
3, 49803218,42.00, 100.00, 0.00, 2.29, 0, 0 
4, 54976225,43.00, 100.00, 0.00, 2.29, 0, 0 
5, 54714106,43.00, 100.00, 0.00, 2.29, 0, 0 
6, 55369370,43.00, 100.00, 0.00, 2.29, 0, 0 
7, 55239142,43.00, 100.00, 0.00, 2.29, 0, 0 
8, 54643205,43.00, 100.00, 0.00, 2.29, 0, 0 
9, 55361116,43.00, 100.00, 0.00, 2.29, 0, 0 
0, 55083031,43.00, 100.00, 0.00, 2.29, 0, 0 
1, 55034859,43.00, 100.00, 0.00, 2.29, 0, 0 
2, 54841183,43.00, 100.00, 0.00, 2.29, 0, 0 
3, 55644494,43.00, 100.00, 0.00, 2.29, 0, 0 
4, 50395003,43.00, 100.00, 0.00, 2.29, 0, 0 
5, 50219336,43.00, 100.00, 0.00, 2.29, 0, 0 
6, 49679825,43.00, 100.00, 0.00, 2.29, 0, 0 
7, 50087610,43.00, 100.00, 0.00, 2.29, 0, 0 
8, 50285045,43.00, 100.00, 0.00, 2.29, 0, 0 
9, 49745254,43.00, 100.00, 0.00, 2.29, 0, 0 
0, 49788279,43.00, 100.00, 0.00, 2.29, 0, 0 
1, 50037991,43.00, 100.00, 0.00, 2.29, 0, 0 
2, 49857667,43.00, 100.00, 0.00, 2.29, 0, 0 
3, 50022842,43.00, 100.00, 0.00, 2.29, 0, 0 
4, 49941459,43.00, 100.00, 0.00, 2.29, 0, 0 
5, 50053343,43.00, 100.00, 0.00, 2.29, 0, 0 
6, 50008753,43.00, 100.00, 0.00, 2.29, 0, 0 
7, 50242105,43.00, 100.00, 0.00, 2.29, 0, 0 
8, 49828133,43.00, 100.00, 0.00, 2.29, 0, 0 
9, 50200716,43.00, 100.00, 0.00, 2.29, 0, 0 
0, 50093021,43.00, 100.00, 0.00, 2.29, 0, 0 
1, 49999526,43.00, 100.00, 0.00, 2.29, 0, 0 
2, 50385897,43.00, 100.00, 0.00, 2.29, 0, 0 
3, 50003154,43.00, 100.00, 0.00, 2.29, 0, 0 
4, 50106564,43.00, 100.00, 0.00, 2.29, 0, 0 
5, 49999614,43.00, 100.00, 0.00, 2.29, 0, 0 
6, 49941668,43.00, 100.00, 0.00, 2.29, 0, 0 
7, 49528493,43.00, 100.00, 0.00, 2.29, 0, 0 
8, 50326163,43.00, 100.00, 0.00, 2.29, 0, 0 
9, 49781254,43.00, 100.00, 0.00, 2.29, 0, 0 
0, 49932692,43.00, 100.00, 0.00, 2.29, 0, 0 
1, 50065831,43.00, 100.00, 0.00, 2.29, 0, 0 
2, 49701959,43.00, 100.00, 0.00, 2.29, 0, 0 
3, 49816713,43.00, 100.00, 0.00, 2.29, 0, 0 
4, 49675864,43.00, 100.00, 0.00, 2.29, 0, 0 
5, 49648358,43.00, 100.00, 0.00, 2.29, 0, 0 
6, 50022325,43.00, 100.00, 0.00, 2.29, 0, 0 
7, 50503564,43.00, 100.00, 0.00, 2.29, 0, 0 
8, 50210670,43.00, 100.00, 0.00, 2.29, 0, 0 
9, 50289470,43.00, 100.00, 0.00, 2.29, 0, 0 
0, 49972550,43.00, 100.00, 0.00, 2.29, 0, 0 
1, 49993221,43.00, 100.00, 0.00, 2.29, 0, 0 
2, 50304702,43.00, 100.00, 0.00, 2.29, 0, 0 
3, 50345054,43.00, 100.00, 0.00, 2.29, 0, 0 
4, 49964305,43.00, 100.00, 0.00, 2.29, 0, 0 
5, 50244558,43.00, 100.00, 0.00, 2.29, 0, 0 
6, 50218742,43.00, 100.00, 0.00, 2.29, 0, 0 
7, 49603612,43.00, 100.00, 0.00, 2.29, 0, 0 
8, 49367886,43.00, 100.00, 0.00, 2.29, 0, 0 
9, 49894768,43.00, 100.00, 0.00, 2.29, 0, 0 
0, 50172333,43.00, 100.00, 0.00, 2.29, 0, 0 
1, 49839908,43.00, 100.00, 0.00, 2.29, 0, 0 
2, 49895924,43.00, 100.00, 0.00, 2.29, 0, 0 
3, 49367372,43.00, 100.00, 0.00, 2.29, 0, 0 
4, 49956201,43.00, 100.00, 0.00, 2.29, 0, 0 
5, 50021751,43.00, 100.00, 0.00, 2.29, 0, 0 
6, 49748400,43.00, 100.00, 0.00, 2.29, 0, 0 
7, 50038407,43.00, 100.00, 0.00, 2.29, 0, 0 
8, 50329824,43.00, 100.00, 0.00, 2.29, 0, 0 
9, 50014108,43.00, 100.00, 0.00, 2.29, 0, 0 
0, 49877312,43.00, 100.00, 0.00, 2.29, 0, 0 
1, 50346970,43.00, 100.00, 0.00, 2.29, 0, 0 
2, 50017313,43.00, 100.00, 0.00, 2.29, 0, 0 
3, 50541276,43.00, 100.00, 0.00, 2.29, 0, 0 
4, 50405714,43.00, 100.00, 0.00, 2.29, 0, 0 
5, 49795167,43.00, 100.00, 0.00, 2.29, 0, 0 
6, 50361301,43.00, 100.00, 0.00, 2.29, 0, 0 
7, 50161609,43.00, 100.00, 0.00, 2.29, 0, 0 
8, 50068965,43.00, 100.00, 0.00, 2.29, 0, 0 
9, 50099208,43.00, 100.00, 0.00, 2.29, 0, 0 
0, 49973683,43.00, 100.00, 0.00, 2.29, 0, 0 
1, 49696781,43.00, 100.00, 0.00, 2.29, 0, 0 
2, 50077578,43.00, 100.00, 0.00, 2.29, 0, 0 
3, 49697336,43.00, 100.00, 0.00, 2.29, 0, 0 
4, 49730502,43.00, 100.00, 0.00, 2.29, 0, 0 
5, 50008740,43.00, 100.00, 0.00, 2.29, 0, 0 
6, 49695824,43.00, 100.00, 0.00, 2.29, 0, 0 
7, 49785293,43.00, 100.00, 0.00, 2.29, 0, 0 
8, 49680749,43.00, 100.00, 0.00, 2.29, 0, 0 
9, 49983863,43.00, 100.00, 0.00, 2.29, 0, 0 
0, 49883769,43.00, 100.00, 0.00, 2.29, 0, 0 
1, 50202904,43.00, 100.00, 0.00, 2.29, 0, 0 
2, 50093681,43.00, 100.00, 0.00, 2.29, 0, 0 
3, 49956374,43.00, 100.00, 0.00, 2.29, 0, 0 
4, 49862607,43.00, 100.00, 0.00, 2.29, 0, 0 
5, 50535947,43.00, 100.00, 0.00, 2.29, 0, 0 
6, 50235213,43.00, 100.00, 0.00, 2.29, 0, 0 
7, 50223519,43.00, 100.00, 0.00, 2.29, 0, 0 
8, 50480668,43.00, 100.00, 0.00, 2.29, 0, 0 
9, 50511509,43.00, 100.00, 0.00, 2.29, 0, 0 
0, 50789913,43.00, 100.00, 0.00, 2.29, 0, 0 
1, 50597759,43.00, 100.00, 0.00, 2.29, 0, 0 
2, 55355492,44.00, 100.00, 0.00, 2.29, 0, 0 
3, 55020929,44.00, 100.00, 0.00, 2.29, 0, 0 
4, 55211449,44.00, 100.00, 0.00, 2.29, 0, 0 
5, 54986449,44.00, 100.00, 0.00, 2.29, 0, 0 
6, 55933976,44.00, 100.00, 0.00, 2.29, 0, 0 
7, 55553127,44.00, 100.00, 0.00, 2.29, 0, 0 
8, 55003174,44.00, 100.00, 0.00, 2.29, 0, 0 
9, 55050800,44.00, 100.00, 0.00, 2.29, 0, 0 
0, 54928694,44.00, 100.00, 0.00, 2.29, 0, 0 
1, 54547121,44.00, 100.00, 0.00, 2.29, 0, 0 
2, 49757278,44.00, 100.00, 0.00, 2.29, 0, 0 
3, 50153231,44.00, 100.00, 0.00, 2.29, 0, 0 
4, 50040225,44.00, 100.00, 0.00, 2.29, 0, 0 
5, 49920323,44.00, 100.00, 0.00, 2.29, 0, 0 
6, 49647441,44.00, 100.00, 0.00, 2.29, 0, 0 
7, 49543508,44.00, 100.00, 0.00, 2.29, 0, 0 
8, 49913800,44.00, 100.00, 0.00, 2.29, 0, 0 
9, 50141321,44.00, 100.00, 0.00, 2.29, 0, 0 
0, 49770433,44.00, 100.00, 0.00, 2.29, 0, 0 
1, 49996686,44.00, 100.00, 0.00, 2.29, 0, 0 
2, 50307564,44.00, 100.00, 0.00, 2.29, 0, 0 
3, 49789449,44.00, 100.00, 0.00, 2.29, 0, 0 
4, 49885857,44.00, 100.00, 0.00, 2.29, 0, 0 
5, 50158525,44.00, 100.00, 0.00, 2.29, 0, 0 
6, 49426212,44.00, 100.00, 0.00, 2.29, 0, 0 
7, 49781643,44.00, 100.00, 0.00, 2.29, 0, 0 
8, 50120508,44.00, 100.00, 0.00, 2.29, 0, 0 
9, 49475459,44.00, 100.00, 0.00, 2.29, 0, 0 
0, 49496039,44.00, 100.00, 0.00, 2.29, 0, 0 
1, 49466235,44.00, 100.00, 0.00, 2.29, 0, 0 
2, 49387356,44.00, 100.00, 0.00, 2.29, 0, 0 
3, 49832833,44.00, 100.00, 0.00, 2.29, 0, 0 
4, 49962161,44.00, 100.00, 0.00, 2.29, 0, 0 
5, 49439041,44.00, 100.00, 0.00, 2.29, 0, 0 
6, 49971252,44.00, 100.00, 0.00, 2.29, 0, 0 
7, 55208848,45.00, 100.00, 0.00, 2.29, 0, 0 
8, 54744321,45.00, 100.00, 0.00, 2.29, 0, 0 
9, 54761490,45.00, 100.00, 0.00, 2.29, 0, 0 
0, 54934325,45.00, 100.00, 0.00, 2.29, 0, 0 
1, 55693612,45.00, 100.00, 0.00, 2.29, 0, 0 
2, 55522337,45.00, 100.00, 0.00, 2.29, 0, 0 
3, 54809375,45.00, 100.00, 0.00, 2.29, 0, 0 
4, 54825382,45.00, 100.00, 0.00, 2.29, 0, 0 
5, 55204625,45.00, 100.00, 0.00, 2.29, 0, 0 
6, 54961097,45.00, 100.00, 0.00, 2.29, 0, 0 
7, 49771933,45.00, 100.00, 0.00, 2.29, 0, 0 
8, 50260703,45.00, 100.00, 0.00, 2.29, 0, 0 
9, 50088112,45.00, 100.00, 0.00, 2.29, 0, 0 
0, 50323160,45.00, 100.00, 0.00, 2.29, 0, 0 
1, 49876835,45.00, 100.00, 0.00, 2.29, 0, 0 
2, 49585122,45.00, 100.00, 0.00, 2.29, 0, 0 
3, 49969380,45.00, 100.00, 0.00, 2.29, 0, 0 
4, 50126627,45.00, 100.00, 0.00, 2.29, 0, 0 
5, 50197414,45.00, 100.00, 0.00, 2.29, 0, 0 
6, 49854764,45.00, 100.00, 0.00, 2.29, 0, 0 
7, 49748535,45.00, 100.00, 0.00, 2.29, 0, 0 
8, 50101017,45.00, 100.00, 0.00, 2.29, 0, 0 
9, 50000654,45.00, 100.00, 0.00, 2.29, 0, 0 
0, 50049540,45.00, 100.00, 0.00, 2.29, 0, 0 
1, 49871274,45.00, 100.00, 0.00, 2.29, 0, 0 
2, 50179887,45.00, 100.00, 0.00, 2.29, 0, 0 
3, 50554554,45.00, 100.00, 0.00, 2.29, 0, 0 
4, 50260799,45.00, 100.00, 0.00, 2.29, 0, 0 
5, 50001827,45.00, 100.00, 0.00, 2.29, 0, 0 
6, 50512251,45.00, 100.00, 0.00, 2.29, 0, 0 
7, 50595073,45.00, 100.00, 0.00, 2.29, 0, 0 
8, 49856719,45.00, 100.00, 0.00, 2.29, 0, 0 
9, 55310320,46.00, 100.00, 0.00, 2.30, 0, 0 
0, 55226565,46.00, 100.00, 0.00, 2.30, 0, 0 
1, 55114829,46.00, 100.00, 0.00, 2.30, 0, 0 
2, 55135713,46.00, 100.00, 0.00, 2.30, 0, 0 
3, 54896693,46.00, 100.00, 0.00, 2.30, 0, 0 
4, 55085323,46.00, 100.00, 0.00, 2.30, 0, 0 
5, 55047746,46.00, 100.00, 0.00, 2.30, 0, 0 
6, 54934456,46.00, 100.00, 0.00, 2.30, 0, 0 
7, 54829736,46.00, 100.00, 0.00, 2.30, 0, 0 
8, 55007731,46.00, 100.00, 0.00, 2.30, 0, 0 
9, 49935788,46.00, 100.00, 0.00, 2.30, 0, 0 
0, 49753933,46.00, 100.00, 0.00, 2.30, 0, 0 
1, 49965237,46.00, 100.00, 0.00, 2.30, 0, 0 
2, 49727489,46.00, 100.00, 0.00, 2.30, 0, 0 
3, 50018589,46.00, 100.00, 0.00, 2.30, 0, 0 
4, 49773402,46.00, 100.00, 0.00, 2.30, 0, 0 
5, 50195104,46.00, 100.00, 0.00, 2.30, 0, 0 
6, 50024102,46.00, 100.00, 0.00, 2.30, 0, 0 
7, 50278415,46.00, 100.00, 0.00, 2.30, 0, 0 
8, 50058372,46.00, 100.00, 0.00, 2.30, 0, 0 
9, 49884327,46.00, 100.00, 0.00, 2.30, 0, 0 
0, 50429673,46.00, 100.00, 0.00, 2.30, 0, 0 
1, 49934297,46.00, 100.00, 0.00, 2.30, 0, 0 
2, 50776058,46.00, 100.00, 0.00, 2.30, 0, 0 
3, 49958540,46.00, 100.00, 0.00, 2.30, 0, 0 
4, 50068432,46.00, 100.00, 0.00, 2.30, 0, 0 
5, 50366563,46.00, 100.00, 0.00, 2.30, 0, 0 
6, 50169349,46.00, 100.00, 0.00, 2.30, 0, 0 
7, 50172558,46.00, 100.00, 0.00, 2.30, 0, 0 
8, 49859649,46.00, 100.00, 0.00, 2.30, 0, 0 
9, 50088418,46.00, 100.00, 0.00, 2.30, 0, 0 
0, 49665990,46.00, 100.00, 0.00, 2.30, 0, 0 
1, 50691793,46.00, 100.00, 0.00, 2.30, 0, 0 
2, 49354381,46.00, 100.00, 0.00, 2.30, 0, 0 
3, 50106102,46.00, 100.00, 0.00, 2.30, 0, 0 
4, 49826322,46.00, 100.00, 0.00, 2.30, 0, 0 
5, 49271979,46.00, 100.00, 0.00, 2.30, 0, 0 
6, 49643749,46.00, 100.00, 0.00, 2.30, 0, 0 
7, 49343365,46.00, 100.00, 0.00, 2.30, 0, 0 
8, 49819649,46.00, 100.00, 0.00, 2.30, 0, 0 
9, 49610974,46.00, 100.00, 0.00, 2.30, 0, 0 
0, 50209342,46.00, 100.00, 0.00, 2.30, 0, 0 
1, 49512965,46.00, 100.00, 0.00, 2.30, 0, 0 
2, 50017419,46.00, 100.00, 0.00, 2.30, 0, 0 
3, 49592177,46.00, 100.00, 0.00, 2.30, 0, 0 
4, 50145046,46.00, 100.00, 0.00, 2.30, 0, 0 
5, 49782266,46.00, 100.00, 0.00, 2.30, 0, 0 
6, 49879894,46.00, 100.00, 0.00, 2.30, 0, 0 
7, 50233797,46.00, 100.00, 0.00, 2.30, 0, 0 
8, 49982466,46.00, 100.00, 0.00, 2.30, 0, 0 
9, 49672092,46.00, 100.00, 0.00, 2.30, 0, 0 
0, 49954210,46.00, 100.00, 0.00, 2.30, 0, 0 
1, 49476915,46.00, 100.00, 0.00, 2.30, 0, 0 
2, 49607960,46.00, 100.00, 0.00, 2.30, 0, 0 
3, 49836250,46.00, 100.00, 0.00, 2.30, 0, 0 
4, 50139897,46.00, 100.00, 0.00, 2.30, 0, 0 
5, 49813179,46.00, 100.00, 0.00, 2.30, 0, 0 
6, 49741441,46.00, 100.00, 0.00, 2.30, 0, 0 
7, 49998064,46.00, 100.00, 0.00, 2.30, 0, 0 
8, 49625940,46.00, 100.00, 0.00, 2.30, 0, 0 
9, 50374791,46.00, 100.00, 0.00, 2.30, 0, 0 
0, 50227646,46.00, 100.00, 0.00, 2.30, 0, 0 
1, 50378362,46.00, 100.00, 0.00, 2.30, 0, 0 
2, 49768470,46.00, 100.00, 0.00, 2.30, 0, 0 
3, 49983296,46.00, 100.00, 0.00, 2.30, 0, 0 
4, 49279786,46.00, 100.00, 0.00, 2.30, 0, 0 
5, 49973665,46.00, 100.00, 0.00, 2.30, 0, 0 
6, 50042824,46.00, 100.00, 0.00, 2.30, 0, 0 
7, 49701256,46.00, 100.00, 0.00, 2.30, 0, 0 
8, 50233576,46.00, 100.00, 0.00, 2.30, 0, 0 
9, 49732285,46.00, 100.00, 0.00, 2.30, 0, 0 
0, 49449846,46.00, 100.00, 0.00, 2.30, 0, 0 
1, 49488502,46.00, 100.00, 0.00, 2.30, 0, 0 
2, 50389980,46.00, 100.00, 0.00, 2.30, 0, 0 
3, 50436388,46.00, 100.00, 0.00, 2.30, 0, 0 
4, 50193706,46.00, 100.00, 0.00, 2.30, 0, 0 
5, 50484813,46.00, 100.00, 0.00, 2.30, 0, 0 
6, 50450918,46.00, 100.00, 0.00, 2.30, 0, 0 
7, 50296414,46.00, 100.00, 0.00, 2.30, 0, 0 
8, 50422259,46.00, 100.00, 0.00, 2.30, 0, 0 
9, 50593638,46.00, 100.00, 0.00, 2.30, 0, 0 
0, 50326317,46.00, 100.00, 0.00, 2.30, 0, 0 
1, 50501342,46.00, 100.00, 0.00, 2.30, 0, 0 
2, 50262868,46.00, 100.00, 0.00, 2.30, 0, 0 
3, 50094876,46.00, 100.00, 0.00, 2.30, 0, 0 
4, 50228335,46.00, 100.00, 0.00, 2.30, 0, 0 
5, 50116373,46.00, 100.00, 0.00, 2.30, 0, 0 
6, 50077773,46.00, 100.00, 0.00, 2.30, 0, 0 
7, 50014094,46.00, 100.00, 0.00, 2.30, 0, 0 
8, 50021702,46.00, 100.00, 0.00, 2.30, 0, 0 
9, 49941982,46.00, 100.00, 0.00, 2.30, 0, 0 
0, 49915935,46.00, 100.00, 0.00, 2.30, 0, 0 
1, 49998868,46.00, 100.00, 0.00, 2.30, 0, 0 
2, 49998974,46.00, 100.00, 0.00, 2.30, 0, 0 
3, 50040028,46.00, 100.00, 0.00, 2.30, 0, 0 
4, 50201244,46.00, 100.00, 0.00, 2.30, 0, 0 
5, 49656671,46.00, 100.00, 0.00, 2.30, 0, 0 
6, 49652185,46.00, 100.00, 0.00, 2.30, 0, 0 
7, 49935569,46.00, 100.00, 0.00, 2.30, 0, 0 
8, 49620972,46.00, 100.00, 0.00, 2.30, 0, 0 
9, 50007137,46.00, 100.00, 0.00, 2.30, 0, 0 
0, 49955182,46.00, 100.00, 0.00, 2.30, 0, 0 
1, 49929908,46.00, 100.00, 0.00, 2.30, 0, 0 
2, 49950257,46.00, 100.00, 0.00, 2.30, 0, 0 
3, 49722327,46.00, 100.00, 0.00, 2.30, 0, 0 
4, 50030533,46.00, 100.00, 0.00, 2.30, 0, 0 
5, 50327371,46.00, 100.00, 0.00, 2.30, 0, 0 
6, 50344968,46.00, 100.00, 0.00, 2.30, 0, 0 
7, 50019191,46.00, 100.00, 0.00, 2.30, 0, 0 
8, 50312920,46.00, 100.00, 0.00, 2.30, 0, 0 
9, 49980215,46.00, 100.00, 0.00, 2.30, 0, 0 
0, 50007107,46.00, 100.00, 0.00, 2.30, 0, 0 
1, 49713775,46.00, 100.00, 0.00, 2.30, 0, 0 
2, 49844022,46.00, 100.00, 0.00, 2.30, 0, 0 
3, 50264604,46.00, 100.00, 0.00, 2.30, 0, 0 
4, 49833151,46.00, 100.00, 0.00, 2.30, 0, 0 
5, 49665811,46.00, 100.00, 0.00, 2.30, 0, 0 
6, 49988521,46.00, 100.00, 0.00, 2.30, 0, 0 
7, 49913063,46.00, 100.00, 0.00, 2.30, 0, 0 
8, 49940990,46.00, 100.00, 0.00, 2.30, 0, 0 
9, 50037210,46.00, 100.00, 0.00, 2.30, 0, 0 
0, 49926088,46.00, 100.00, 0.00, 2.30, 0, 0 
1, 50204640,46.00, 100.00, 0.00, 2.30, 0, 0 
2, 50096853,46.00, 100.00, 0.00, 2.30, 0, 0 
3, 50041386,46.00, 100.00, 0.00, 2.30, 0, 0 
4, 50142450,46.00, 100.00, 0.00, 2.30, 0, 0 
5, 50328491,46.00, 100.00, 0.00, 2.30, 0, 0 
6, 49863927,46.00, 100.00, 0.00, 2.30, 0, 0 
7, 50110597,46.00, 100.00, 0.00, 2.30, 0, 0 
8, 50002965,46.00, 100.00, 0.00, 2.30, 0, 0 
9, 50031528,46.00, 100.00, 0.00, 2.30, 0, 0 
0, 50090792,46.00, 100.00, 0.00, 2.30, 0, 0 
1, 50004516,46.00, 100.00, 0.00, 2.30, 0, 0 
2, 50105427,46.00, 100.00, 0.00, 2.30, 0, 0 
3, 49981705,46.00, 100.00, 0.00, 2.30, 0, 0 
4, 49937065,46.00, 100.00, 0.00, 2.30, 0, 0 
5, 50220790,46.00, 100.00, 0.00, 2.30, 0, 0 
6, 50302340,46.00, 100.00, 0.00, 2.30, 0, 0 
7, 50106615,46.00, 100.00, 0.00, 2.30, 0, 0 
8, 50148789,46.00, 100.00, 0.00, 2.30, 0, 0 
9, 49999940,46.00, 100.00, 0.00, 2.30, 0, 0 
0, 49996626,46.00, 100.00, 0.00, 2.30, 0, 0 
1, 50175013,46.00, 100.00, 0.00, 2.30, 0, 0 
2, 49992159,46.00, 100.00, 0.00, 2.30, 0, 0 
3, 49998142,46.00, 100.00, 0.00, 2.30, 0, 0 
4, 50082131,46.00, 100.00, 0.00, 2.30, 0, 0 
5, 49819408,46.00, 100.00, 0.00, 2.30, 0, 0 
6, 49878225,46.00, 100.00, 0.00, 2.30, 0, 0 
7, 49859974,46.00, 100.00, 0.00, 2.30, 0, 0 
8, 49942407,46.00, 100.00, 0.00, 2.30, 0, 0 
9, 50000615,46.00, 100.00, 0.00, 2.30, 0, 0 
0, 49973094,46.00, 100.00, 0.00, 2.30, 0, 0 
1, 49975583,46.00, 100.00, 0.00, 2.30, 0, 0 
2, 49946328,46.00, 100.00, 0.00, 2.30, 0, 0 
3, 49910632,46.00, 100.00, 0.00, 2.30, 0, 0 
4, 49942956,46.00, 100.00, 0.00, 2.30, 0, 0 
5, 49953676,46.00, 100.00, 0.00, 2.30, 0, 0 
6, 49638326,46.00, 100.00, 0.00, 2.30, 0, 0 
7, 50064392,46.00, 100.00, 0.00, 2.30, 0, 0 
8, 49964485,46.00, 100.00, 0.00, 2.30, 0, 0 
9, 49942671,46.00, 100.00, 0.00, 2.30, 0, 0 
0, 50004342,46.00, 100.00, 0.00, 2.30, 0, 0 
1, 49913563,46.00, 100.00, 0.00, 2.30, 0, 0 
2, 50011711,46.00, 100.00, 0.00, 2.30, 0, 0 
3, 49724858,46.00, 100.00, 0.00, 2.30, 0, 0 
4, 49696643,46.00, 100.00, 0.00, 2.30, 0, 0 
5, 49697786,46.00, 100.00, 0.00, 2.30, 0, 0 
6, 50327786,46.00, 100.00, 0.00, 2.30, 0, 0 
7, 49859511,46.00, 100.00, 0.00, 2.30, 0, 0 
8, 49982441,46.00, 100.00, 0.00, 2.30, 0, 0 
9, 49992626,46.00, 100.00, 0.00, 2.30, 0, 0 
0, 49669741,46.00, 100.00, 0.00, 2.30, 0, 0 
1, 49738736,46.00, 100.00, 0.00, 2.30, 0, 0 
2, 49675451,46.00, 100.00, 0.00, 2.30, 0, 0 
3, 50320193,46.00, 100.00, 0.00, 2.30, 0, 0 
4, 50226897,46.00, 100.00, 0.00, 2.30, 0, 0 
5, 50279408,46.00, 100.00, 0.00, 2.30, 0, 0 
6, 49965122,46.00, 100.00, 0.00, 2.30, 0, 0 
7, 50144370,46.00, 100.00, 0.00, 2.30, 0, 0 
8, 49996554,46.00, 100.00, 0.00, 2.30, 0, 0 
9, 49695745,46.00, 100.00, 0.00, 2.30, 0, 0 
0, 50020572,46.00, 100.00, 0.00, 2.30, 0, 0 
1, 50226248,46.00, 100.00, 0.00, 2.30, 0, 0 
2, 50322007,46.00, 100.00, 0.00, 2.30, 0, 0 
3, 49943765,46.00, 100.00, 0.00, 2.30, 0, 0 
4, 50162276,46.00, 100.00, 0.00, 2.30, 0, 0 
5, 50065315,46.00, 100.00, 0.00, 2.30, 0, 0 
6, 49716923,46.00, 100.00, 0.00, 2.30, 0, 0 
7, 49907653,46.00, 100.00, 0.00, 2.30, 0, 0 
8, 49661507,46.00, 100.00, 0.00, 2.30, 0, 0 
9, 50318435,46.00, 100.00, 0.00, 2.30, 0, 0 
0, 50262680,46.00, 100.00, 0.00, 2.30, 0, 0 
1, 50042836,46.00, 100.00, 0.00, 2.30, 0, 0 
2, 49973461,46.00, 100.00, 0.00, 2.30, 0, 0 
3, 50059458,46.00, 100.00, 0.00, 2.30, 0, 0 
4, 49943331,46.00, 100.00, 0.00, 2.30, 0, 0 
5, 49889452,46.00, 100.00, 0.00, 2.30, 0, 0 
6, 50285234,46.00, 100.00, 0.00, 2.30, 0, 0 
7, 49968359,46.00, 100.00, 0.00, 2.30, 0, 0 
8, 50018422,46.00, 100.00, 0.00, 2.30, 0, 0 
9, 49982225,46.00, 100.00, 0.00, 2.30, 0, 0 
0, 49962359,46.00, 100.00, 0.00, 2.30, 0, 0 
1, 50042461,46.00, 100.00, 0.00, 2.30, 0, 0 
2, 50051769,46.00, 100.00, 0.00, 2.30, 0, 0 
3, 49936135,46.00, 100.00, 0.00, 2.30, 0, 0 
4, 49684139,46.00, 100.00, 0.00, 2.30, 0, 0 
5, 50072446,46.00, 100.00, 0.00, 2.30, 0, 0 
6, 90072115,54.00, 100.00, 0.00, 2.30, 0, 0 
7, 230096766,82.00, 100.00, 0.00, 2.33, 0, 0 
8, 230253509,82.00, 100.00, 0.00, 2.33, 0, 0 
9, 234909738,83.00, 100.00, 0.00, 2.33, 0, 0 
0, 239869078,84.00, 100.00, 0.00, 2.33, 0, 0 
1, 239831943,84.00, 100.00, 0.00, 2.33, 0, 0 
2, 249716978,86.00, 100.00, 0.00, 2.34, 0, 0 
3, 249549062,86.00, 100.00, 0.00, 2.34, 0, 0 
4, 249909198,86.00, 100.00, 0.00, 2.34, 0, 0 
5, 249710881,86.00, 100.00, 0.00, 2.34, 0, 0 
6, 209394493,86.00, 100.00, 0.00, 2.34, 0, 0 
7, 69672786,86.00, 100.00, 0.00, 2.34, 0, 0 
8, 69716473,86.00, 100.00, 0.00, 2.34, 0, 0 
9, 64553140,86.00, 100.00, 0.00, 2.34, 0, 0 
0, 59687924,86.00, 100.00, 0.00, 2.34, 0, 0 
1, 59838068,86.00, 100.00, 0.00, 2.34, 0, 0 
2, 50033452,86.00, 100.00, 0.00, 2.34, 0, 0 
3, 50283231,86.00, 100.00, 0.00, 2.34, 0, 0 
4, 50148324,86.00, 100.00, 0.00, 2.34, 0, 0 
5, 50110416,86.00, 100.00, 0.00, 2.34, 0, 0 
6, 50146083,86.00, 100.00, 0.00, 2.34, 0, 0 
7, 50308181,86.00, 100.00, 0.00, 2.34, 0, 0 
8, 50470201,86.00, 100.00, 0.00, 2.34, 0, 0 
9, 50533800,86.00, 100.00, 0.00, 2.34, 0, 0 
0, 50501390,86.00, 100.00, 0.00, 2.34, 0, 0 
1, 50406021,86.00, 100.00, 0.00, 2.34, 0, 0 
2, 60153269,88.00, 100.00, 0.00, 2.34, 0, 0 
3, 95186036,95.00, 100.00, 0.00, 2.35, 0, 0 
4, 200171587,116.00, 100.00, 0.00, 2.37, 0, 0 
5, 200147014,116.00, 100.00, 0.00, 2.37, 0, 0 
6, 390392167,154.00, 100.00, 0.00, 2.40, 0, 0 
7, 389972249,154.00, 100.00, 0.00, 2.40, 0, 0 
8, 399817644,156.00, 100.00, 0.00, 2.41, 0, 0 
9, 405003229,157.00, 100.00, 0.00, 2.41, 0, 0 
0, 424934318,161.00, 100.00, 0.00, 2.41, 0, 0 
1, 424865219,161.00, 100.00, 0.00, 2.41, 0, 0 
2, 415077600,161.00, 100.00, 0.00, 2.41, 0, 0 
3, 379970986,161.00, 100.00, 0.00, 2.41, 0, 0 
4, 274862293,161.00, 100.00, 0.00, 2.41, 0, 0 
5, 274798783,161.00, 100.00, 0.00, 2.41, 0, 0 
6, 84836804,161.00, 100.00, 0.00, 2.41, 0, 0 
7, 84786206,161.00, 100.00, 0.00, 2.41, 0, 0 
8, 74737174,161.00, 100.00, 0.00, 2.41, 0, 0 
9, 69820113,161.00, 100.00, 0.00, 2.41, 0, 0 
0, 50258183,161.00, 100.00, 0.00, 2.41, 0, 0 
1, 49764449,161.00, 100.00, 0.00, 2.41, 0, 0 
2, 49788291,161.00, 100.00, 0.00, 2.41, 0, 0 
3, 50091070,161.00, 100.00, 0.00, 2.41, 0, 0 
4, 49887122,161.00, 100.00, 0.00, 2.41, 0, 0 
5, 49697870,161.00, 100.00, 0.00, 2.41, 0, 0 
6, 49886157,161.00, 100.00, 0.00, 2.41, 0, 0 
7, 50304949,161.00, 100.00, 0.00, 2.41, 0, 0 
8, 49980314,161.00, 100.00, 0.00, 2.41, 0, 0 
9, 50328702,161.00, 100.00, 0.00, 2.41, 0, 0 
0, 50345858,161.00, 100.00, 0.00, 2.41, 0, 0 
1, 50009883,161.00, 100.00, 0.00, 2.41, 0, 0 
2, 50050092,161.00, 100.00, 0.00, 2.41, 0, 0 
3, 50425819,161.00, 100.00, 0.00, 2.41, 0, 0 
4, 49730221,161.00, 100.00, 0.00, 2.41, 0, 0 
5, 49975741,161.00, 100.00, 0.00, 2.41, 0, 0 
6, 49981493,161.00, 100.00, 0.00, 2.41, 0, 0 
7, 50014559,161.00, 100.00, 0.00, 2.41, 0, 0 
8, 50116280,161.00, 100.00, 0.00, 2.41, 0, 0 
9, 50019985,161.00, 100.00, 0.00, 2.41, 0, 0 
0, 49780550,161.00, 100.00, 0.00, 2.41, 0, 0 
1, 49992439,161.00, 100.00, 0.00, 2.41, 0, 0 
2, 50427258,161.00, 100.00, 0.00, 2.41, 0, 0 
3, 49836489,161.00, 100.00, 0.00, 2.41, 0, 0 
4, 50282145,161.00, 100.00, 0.00, 2.41, 0, 0 
5, 50200656,161.00, 100.00, 0.00, 2.41, 0, 0 
6, 50041924,161.00, 100.00, 0.00, 2.41, 0, 0 
7, 49663662,161.00, 100.00, 0.00, 2.41, 0, 0 
8, 49989211,161.00, 100.00, 0.00, 2.41, 0, 0 
9, 49866414,161.00, 100.00, 0.00, 2.41, 0, 0 
0, 49387918,161.00, 100.00, 0.00, 2.41, 0, 0 
1, 49997061,161.00, 100.00, 0.00, 2.41, 0, 0 
2, 49189618,161.00, 100.00, 0.00, 2.41, 0, 0 
3, 49787828,161.00, 100.00, 0.00, 2.41, 0, 0 
4, 50048651,161.00, 100.00, 0.00, 2.41, 0, 0 
5, 49857805,161.00, 100.00, 0.00, 2.41, 0, 0 
6, 49968464,161.00, 100.00, 0.00, 2.41, 0, 0 
7, 50350169,161.00, 100.00, 0.00, 2.41, 0, 0 
8, 55407693,162.00, 100.00, 0.00, 2.41, 0, 0 
9, 54689850,162.00, 100.00, 0.00, 2.41, 0, 0 
0, 55065355,162.00, 100.00, 0.00, 2.41, 0, 0 
1, 55142186,162.00, 100.00, 0.00, 2.41, 0, 0 
2, 55396637,162.00, 100.00, 0.00, 2.41, 0, 0 
3, 54565281,162.00, 100.00, 0.00, 2.41, 0, 0 
4, 54745120,162.00, 100.00, 0.00, 2.41, 0, 0 
5, 55189671,162.00, 100.00, 0.00, 2.41, 0, 0 
6, 55294043,162.00, 100.00, 0.00, 2.41, 0, 0 
7, 54365192,162.00, 100.00, 0.00, 2.41, 0, 0 
8, 49889668,162.00, 100.00, 0.00, 2.41, 0, 0 
9, 50461020,162.00, 100.00, 0.00, 2.41, 0, 0 
0, 49760041,162.00, 100.00, 0.00, 2.41, 0, 0 
1, 55336293,163.00, 100.00, 0.00, 2.41, 0, 0 
2, 80073227,168.00, 100.00, 0.00, 2.42, 0, 0 
3, 80379130,168.00, 100.00, 0.00, 2.42, 0, 0 
4, 80422955,168.00, 100.00, 0.00, 2.42, 0, 0 
5, 80210245,168.00, 100.00, 0.00, 2.42, 0, 0 
6, 79943376,168.00, 100.00, 0.00, 2.42, 0, 0 
7, 80664130,168.00, 100.00, 0.00, 2.42, 0, 0 
8, 80056255,168.00, 100.00, 0.00, 2.42, 0, 0 
9, 79754461,168.00, 100.00, 0.00, 2.42, 0, 0 
0, 80359577,168.00, 100.00, 0.00, 2.42, 0, 0 
1, 74883816,168.00, 100.00, 0.00, 2.42, 0, 0 
2, 49947313,168.00, 100.00, 0.00, 2.42, 0, 0 
3, 49987026,168.00, 100.00, 0.00, 2.42, 0, 0 
4, 50160303,168.00, 100.00, 0.00, 2.42, 0, 0 
5, 50031236,168.00, 100.00, 0.00, 2.42, 0, 0 
6, 49978012,168.00, 100.00, 0.00, 2.42, 0, 0 
7, 50013717,168.00, 100.00, 0.00, 2.42, 0, 0 
8, 49617931,168.00, 100.00, 0.00, 2.42, 0, 0 
9, 50100298,168.00, 100.00, 0.00, 2.42, 0, 0 
0, 50133231,168.00, 100.00, 0.00, 2.42, 0, 0 
1, 49800642,168.00, 100.00, 0.00, 2.42, 0, 0 
2, 49975105,168.00, 100.00, 0.00, 2.42, 0, 0 
3, 50115177,168.00, 100.00, 0.00, 2.42, 0, 0 
4, 49897644,168.00, 100.00, 0.00, 2.42, 0, 0 
5, 50051627,168.00, 100.00, 0.00, 2.42, 0, 0 
6, 50039613,168.00, 100.00, 0.00, 2.42, 0, 0 
7, 49627226,168.00, 100.00, 0.00, 2.42, 0, 0 
8, 50295082,168.00, 100.00, 0.00, 2.42, 0, 0 
9, 50030888,168.00, 100.00, 0.00, 2.42, 0, 0 
0, 50009129,168.00, 100.00, 0.00, 2.42, 0, 0 
1, 50125586,168.00, 100.00, 0.00, 2.42, 0, 0 
2, 50001342,168.00, 100.00, 0.00, 2.42, 0, 0 
3, 49577312,168.00, 100.00, 0.00, 2.42, 0, 0 
4, 49703820,168.00, 100.00, 0.00, 2.42, 0, 0 
5, 49946060,168.00, 100.00, 0.00, 2.42, 0, 0 
6, 49660802,168.00, 100.00, 0.00, 2.42, 0, 0 
7, 50295850,168.00, 100.00, 0.00, 2.42, 0, 0 
8, 50013711,168.00, 100.00, 0.00, 2.42, 0, 0 
9, 49962752,168.00, 100.00, 0.00, 2.42, 0, 0 
0, 49999209,168.00, 100.00, 0.00, 2.42, 0, 0 
1, 49991324,168.00, 100.00, 0.00, 2.42, 0, 0 
2, 49974748,168.00, 100.00, 0.00, 2.42, 0, 0 
3, 50243868,168.00, 100.00, 0.00, 2.42, 0, 0 
4, 49921179,168.00, 100.00, 0.00, 2.42, 0, 0 
5, 50031658,168.00, 100.00, 0.00, 2.42, 0, 0 
6, 50011727,168.00, 100.00, 0.00, 2.42, 0, 0 
7, 49920849,168.00, 100.00, 0.00, 2.42, 0, 0 
8, 49814220,168.00, 100.00, 0.00, 2.42, 0, 0 
9, 69913480,172.00, 100.00, 0.00, 2.42, 0, 0 
0, 69868678,172.00, 100.00, 0.00, 2.42, 0, 0 
1, 69919404,172.00, 100.00, 0.00, 2.42, 0, 0 
2, 70062908,172.00, 100.00, 0.00, 2.42, 0, 0 
3, 69914655,172.00, 100.00, 0.00, 2.42, 0, 0 
4, 70262127,172.00, 100.00, 0.00, 2.42, 0, 0 
5, 69912187,172.00, 100.00, 0.00, 2.42, 0, 0 
6, 70196388,172.00, 100.00, 0.00, 2.42, 0, 0 
7, 69864573,172.00, 100.00, 0.00, 2.42, 0, 0 
8, 105127811,179.00, 100.00, 0.00, 2.43, 0, 0 
9, 125018430,187.00, 100.00, 0.00, 2.44, 0, 0 
0, 125119699,187.00, 100.00, 0.00, 2.44, 0, 0 
1, 124998296,187.00, 100.00, 0.00, 2.44, 0, 0 
2, 125200022,187.00, 100.00, 0.00, 2.44, 0, 0 
3, 125061127,187.00, 100.00, 0.00, 2.44, 0, 0 
4, 125050234,187.00, 100.00, 0.00, 2.44, 0, 0 
5, 125129791,187.00, 100.00, 0.00, 2.44, 0, 0 
6, 125122162,187.00, 100.00, 0.00, 2.44, 0, 0 
7, 125087112,187.00, 100.00, 0.00, 2.44, 0, 0 
8, 89818892,187.00, 100.00, 0.00, 2.44, 0, 0 
9, 49871735,187.00, 100.00, 0.00, 2.44, 0, 0 
0, 49803107,187.00, 100.00, 0.00, 2.44, 0, 0 
1, 49823070,187.00, 100.00, 0.00, 2.44, 0, 0 
2, 49345249,187.00, 100.00, 0.00, 2.44, 0, 0 
3, 49496142,187.00, 100.00, 0.00, 2.44, 0, 0 
4, 49452830,187.00, 100.00, 0.00, 2.44, 0, 0 
5, 49410648,187.00, 100.00, 0.00, 2.44, 0, 0 
6, 49473846,187.00, 100.00, 0.00, 2.44, 0, 0 
7, 49757858,187.00, 100.00, 0.00, 2.44, 0, 0 
8, 49657817,187.00, 100.00, 0.00, 2.44, 0, 0 
9, 49580057,187.00, 100.00, 0.00, 2.44, 0, 0 
0, 49629449,187.00, 100.00, 0.00, 2.44, 0, 0 
1, 49719991,187.00, 100.00, 0.00, 2.44, 0, 0 
2, 50016997,187.00, 100.00, 0.00, 2.44, 0, 0 
3, 50080822,187.00, 100.00, 0.00, 2.44, 0, 0 
4, 50438517,187.00, 100.00, 0.00, 2.44, 0, 0 
5, 50093204,187.00, 100.00, 0.00, 2.44, 0, 0 
6, 50070107,187.00, 100.00, 0.00, 2.44, 0, 0 
7, 49945391,187.00, 100.00, 0.00, 2.44, 0, 0 
8, 50269040,187.00, 100.00, 0.00, 2.44, 0, 0 
9, 50526319,187.00, 100.00, 0.00, 2.44, 0, 0 
0, 50474355,187.00, 100.00, 0.00, 2.44, 0, 0 
1, 50382591,187.00, 100.00, 0.00, 2.44, 0, 0 
2, 50508896,187.00, 100.00, 0.00, 2.44, 0, 0 
3, 50481394,187.00, 100.00, 0.00, 2.44, 0, 0 
4, 50182914,187.00, 100.00, 0.00, 2.44, 0, 0 
5, 50479522,187.00, 100.00, 0.00, 2.44, 0, 0 
6, 50197420,187.00, 100.00, 0.00, 2.44, 0, 0 
7, 50346407,187.00, 100.00, 0.00, 2.44, 0, 0 
8, 50294815,187.00, 100.00, 0.00, 2.44, 0, 0 
9, 50141331,187.00, 100.00, 0.00, 2.44, 0, 0 
0, 50102061,187.00, 100.00, 0.00, 2.44, 0, 0 
1, 50076574,187.00, 100.00, 0.00, 2.44, 0, 0 
2, 50090655,187.00, 100.00, 0.00, 2.44, 0, 0 
3, 50011967,187.00, 100.00, 0.00, 2.44, 0, 0 
4, 49731006,187.00, 100.00, 0.00, 2.44, 0, 0 
5, 50023488,187.00, 100.00, 0.00, 2.44, 0, 0 
6, 50259892,187.00, 100.00, 0.00, 2.44, 0, 0 
7, 49993739,187.00, 100.00, 0.00, 2.44, 0, 0 
8, 49948491,187.00, 100.00, 0.00, 2.44, 0, 0 
9, 49895679,187.00, 100.00, 0.00, 2.44, 0, 0 
0, 49903282,187.00, 100.00, 0.00, 2.44, 0, 0 
1, 49778443,187.00, 100.00, 0.00, 2.44, 0, 0 
2, 49932243,187.00, 100.00, 0.00, 2.44, 0, 0 
3, 49894612,187.00, 100.00, 0.00, 2.44, 0, 0 
4, 50294093,187.00, 100.00, 0.00, 2.44, 0, 0 
5, 49971541,187.00, 100.00, 0.00, 2.44, 0, 0 
6, 50038212,187.00, 100.00, 0.00, 2.44, 0, 0 
7, 50014458,187.00, 100.00, 0.00, 2.44, 0, 0 
8, 50121433,187.00, 100.00, 0.00, 2.44, 0, 0 
9, 50071211,187.00, 100.00, 0.00, 2.44, 0, 0 
0, 50068846,187.00, 100.00, 0.00, 2.44, 0, 0 
1, 50187809,187.00, 100.00, 0.00, 2.44, 0, 0 
2, 49827691,187.00, 100.00, 0.00, 2.44, 0, 0 
3, 50077050,187.00, 100.00, 0.00, 2.44, 0, 0 
4, 49917567,187.00, 100.00, 0.00, 2.44, 0, 0 
5, 49877754,187.00, 100.00, 0.00, 2.44, 0, 0 
6, 49990801,187.00, 100.00, 0.00, 2.44, 0, 0 
7, 49955289,187.00, 100.00, 0.00, 2.44, 0, 0 
8, 49576492,187.00, 100.00, 0.00, 2.44, 0, 0 
9, 49931697,187.00, 100.00, 0.00, 2.44, 0, 0 
0, 49982101,187.00, 100.00, 0.00, 2.44, 0, 0 
1, 49794494,187.00, 100.00, 0.00, 2.44, 0, 0 
2, 50188554,187.00, 100.00, 0.00, 2.44, 0, 0 
3, 49957235,187.00, 100.00, 0.00, 2.44, 0, 0 
4, 49976858,187.00, 100.00, 0.00, 2.44, 0, 0 
5, 49830241,187.00, 100.00, 0.00, 2.44, 0, 0 
6, 49732707,187.00, 100.00, 0.00, 2.44, 0, 0 
7, 50034129,187.00, 100.00, 0.00, 2.44, 0, 0 
8, 50291178,187.00, 100.00, 0.00, 2.44, 0, 0 
9, 49865761,187.00, 100.00, 0.00, 2.44, 0, 0 
0, 50101938,187.00, 100.00, 0.00, 2.44, 0, 0 
1, 50203316,187.00, 100.00, 0.00, 2.44, 0, 0 
2, 49721665,187.00, 100.00, 0.00, 2.44, 0, 0 
3, 50033445,187.00, 100.00, 0.00, 2.44, 0, 0 
4, 50048233,187.00, 100.00, 0.00, 2.44, 0, 0 
5, 50225518,187.00, 100.00, 0.00, 2.44, 0, 0 
6, 50258857,187.00, 100.00, 0.00, 2.44, 0, 0 
7, 50004435,187.00, 100.00, 0.00, 2.44, 0, 0 
8, 50018095,187.00, 100.00, 0.00, 2.44, 0, 0 
9, 50116769,187.00, 100.00, 0.00, 2.44, 0, 0 
0, 49881778,187.00, 100.00, 0.00, 2.44, 0, 0 
1, 50068088,187.00, 100.00, 0.00, 2.44, 0, 0 
2, 49883689,187.00, 100.00, 0.00, 2.44, 0, 0 
3, 49966895,187.00, 100.00, 0.00, 2.44, 0, 0 
4, 49983814,187.00, 100.00, 0.00, 2.44, 0, 0 
5, 50007491,187.00, 100.00, 0.00, 2.44, 0, 0 
6, 49960713,187.00, 100.00, 0.00, 2.44, 0, 0 
7, 49909333,187.00, 100.00, 0.00, 2.44, 0, 0 
8, 50029936,187.00, 100.00, 0.00, 2.44, 0, 0 
9, 49996061,187.00, 100.00, 0.00, 2.44, 0, 0 
0, 49928423,187.00, 100.00, 0.00, 2.44, 0, 0 
1, 49635238,187.00, 100.00, 0.00, 2.44, 0, 0 
2, 50000386,187.00, 100.00, 0.00, 2.44, 0, 0 
3, 50029786,187.00, 100.00, 0.00, 2.44, 0, 0 
4, 49940107,187.00, 100.00, 0.00, 2.44, 0, 0 
5, 50002481,187.00, 100.00, 0.00, 2.44, 0, 0 
6, 50016511,187.00, 100.00, 0.00, 2.44, 0, 0 
7, 49775881,187.00, 100.00, 0.00, 2.44, 0, 0 
8, 49988954,187.00, 100.00, 0.00, 2.44, 0, 0 
9, 49694117,187.00, 100.00, 0.00, 2.44, 0, 0 
0, 49975492,187.00, 100.00, 0.00, 2.44, 0, 0 
1, 50419859,187.00, 100.00, 0.00, 2.44, 0, 0 
2, 50326771,187.00, 100.00, 0.00, 2.44, 0, 0 
3, 49929180,187.00, 100.00, 0.00, 2.44, 0, 0 
4, 49791506,187.00, 100.00, 0.00, 2.44, 0, 0 
5, 49992898,187.00, 100.00, 0.00, 2.44, 0, 0 
6, 49970296,187.00, 100.00, 0.00, 2.44, 0, 0 
7, 50277723,187.00, 100.00, 0.00, 2.44, 0, 0 
8, 50049409,187.00, 100.00, 0.00, 2.44, 0, 0 
9, 50253776,187.00, 100.00, 0.00, 2.44, 0, 0 
0, 50083805,187.00, 100.00, 0.00, 2.44, 0, 0 
1, 49936306,187.00, 100.00, 0.00, 2.44, 0, 0 
2, 50048732,187.00, 100.00, 0.00, 2.44, 0, 0 
3, 49810586,187.00, 100.00, 0.00, 2.44, 0, 0 
4, 50308318,187.00, 100.00, 0.00, 2.44, 0, 0 
5, 50086960,187.00, 100.00, 0.00, 2.44, 0, 0 
6, 50099344,187.00, 100.00, 0.00, 2.44, 0, 0 
7, 50079509,187.00, 100.00, 0.00, 2.44, 0, 0 
8, 49889109,187.00, 100.00, 0.00, 2.44, 0, 0 
9, 50100681,187.00, 100.00, 0.00, 2.44, 0, 0 
0, 49894330,187.00, 100.00, 0.00, 2.44, 0, 0 
1, 49958867,187.00, 100.00, 0.00, 2.44, 0, 0 
2, 49980432,187.00, 100.00, 0.00, 2.44, 0, 0 
3, 50164676,187.00, 100.00, 0.00, 2.44, 0, 0 
4, 49896522,187.00, 100.00, 0.00, 2.44, 0, 0 
5, 49976813,187.00, 100.00, 0.00, 2.44, 0, 0 
6, 50014829,187.00, 100.00, 0.00, 2.44, 0, 0 
7, 49882005,187.00, 100.00, 0.00, 2.44, 0, 0 
8, 50031283,187.00, 100.00, 0.00, 2.44, 0, 0 
9, 49890290,187.00, 100.00, 0.00, 2.44, 0, 0 
0, 50079898,187.00, 100.00, 0.00, 2.44, 0, 0 
1, 50057877,187.00, 100.00, 0.00, 2.44, 0, 0 
2, 49620859,187.00, 100.00, 0.00, 2.44, 0, 0 
3, 49900015,187.00, 100.00, 0.00, 2.44, 0, 0 
4, 49944227,187.00, 100.00, 0.00, 2.44, 0, 0 
5, 79571200,193.00, 100.00, 0.00, 2.44, 0, 0 
6, 89495338,195.00, 100.00, 0.00, 2.45, 0, 0 
7, 99658768,197.00, 100.00, 0.00, 2.45, 0, 0 
8, 99404469,197.00, 100.00, 0.00, 2.45, 0, 0 
9, 959687223,369.00, 100.00, 0.00, 2.62, 0, 0 
0, 969617919,371.00, 100.00, 0.00, 2.62, 0, 0 
1, 979564308,373.00, 100.00, 0.00, 2.62, 0, 0 
2, 74753112,392.00, 100.00, 0.00, 2.64, 0, 0 
3, 74868306,392.00, 100.00, 0.00, 2.64, 0, 0 
4, 79790564,393.00, 100.00, 0.00, 2.64, 0, 0 
5, 50030114,393.00, 100.00, 0.00, 2.64, 0, 0 
6, 50023596,395.00, 100.00, 0.00, 2.65, 0, 0 
7, 49988098,397.00, 100.00, 0.00, 2.65, 0, 0 
8, 50165223,397.00, 100.00, 0.00, 2.65, 0, 0 
9, 375367119,434.00, 100.00, 0.00, 2.68, 0, 0 
0, 365255153,434.00, 100.00, 0.00, 2.68, 0, 0 
1, 370490367,437.00, 100.00, 0.00, 2.69, 0, 0 
2, 275639974,437.00, 100.00, 0.00, 2.69, 0, 0 
3, 280321908,438.00, 100.00, 0.00, 2.69, 0, 0 
4, 275209383,438.00, 100.00, 0.00, 2.69, 0, 0 
5, 280265384,439.00, 100.00, 0.00, 2.69, 0, 0 
6, 270380049,439.00, 100.00, 0.00, 2.69, 0, 0 
7, 280355388,443.00, 100.00, 0.00, 2.69, 0, 0 
8, 280450883,443.00, 100.00, 0.00, 2.69, 0, 0 
9, 95038039,443.00, 100.00, 0.00, 2.69, 0, 0 
0, 94994035,443.00, 100.00, 0.00, 2.69, 0, 0 
1, 79820862,443.00, 100.00, 0.00, 2.69, 0, 0 
2, 80040668,443.00, 100.00, 0.00, 2.69, 0, 0 
3, 74833563,443.00, 100.00, 0.00, 2.69, 0, 0 
4, 74821343,443.00, 100.00, 0.00, 2.69, 0, 0 
5, 70000115,443.00, 100.00, 0.00, 2.69, 0, 0 
6, 70003716,443.00, 100.00, 0.00, 2.69, 0, 0 
7, 50086346,443.00, 100.00, 0.00, 2.69, 0, 0 
8, 55041304,444.00, 100.00, 0.00, 2.69, 0, 0 
9, 54942507,444.00, 100.00, 0.00, 2.69, 0, 0 
0, 55222558,444.00, 100.00, 0.00, 2.69, 0, 0 
1, 55068564,444.00, 100.00, 0.00, 2.69, 0, 0 
2, 54927294,444.00, 100.00, 0.00, 2.69, 0, 0 
3, 55204281,444.00, 100.00, 0.00, 2.69, 0, 0 
4, 55338020,444.00, 100.00, 0.00, 2.69, 0, 0 
5, 55052944,444.00, 100.00, 0.00, 2.69, 0, 0 
6, 54860768,444.00, 100.00, 0.00, 2.69, 0, 0 
7, 55036122,444.00, 100.00, 0.00, 2.69, 0, 0 
8, 49822736,444.00, 100.00, 0.00, 2.69, 0, 0 
9, 50060889,444.00, 100.00, 0.00, 2.69, 0, 0 
0, 49771637,444.00, 100.00, 0.00, 2.69, 0, 0 
1, 49979033,444.00, 100.00, 0.00, 2.69, 0, 0 
2, 49845296,444.00, 100.00, 0.00, 2.69, 0, 0 
3, 54991059,445.00, 100.00, 0.00, 2.70, 0, 0 
4, 54728795,445.00, 100.00, 0.00, 2.70, 0, 0 
5, 60092210,446.00, 100.00, 0.00, 2.70, 0, 0 
6, 65094233,447.00, 100.00, 0.00, 2.70, 0, 0 
7, 64859460,447.00, 100.00, 0.00, 2.70, 0, 0 
8, 64880393,447.00, 100.00, 0.00, 2.70, 0, 0 
9, 64662849,447.00, 100.00, 0.00, 2.70, 0, 0 
0, 64856079,447.00, 100.00, 0.00, 2.70, 0, 0 
1, 64707688,447.00, 100.00, 0.00, 2.70, 0, 0 
2, 65067730,447.00, 100.00, 0.00, 2.70, 0, 0 
3, 59666444,447.00, 100.00, 0.00, 2.70, 0, 0 
4, 59906483,447.00, 100.00, 0.00, 2.70, 0, 0 
5, 54291456,447.00, 100.00, 0.00, 2.70, 0, 0 
6, 49652788,447.00, 100.00, 0.00, 2.70, 0, 0 
7, 50153520,447.00, 100.00, 0.00, 2.70, 0, 0 
8, 50227033,447.00, 100.00, 0.00, 2.70, 0, 0 
9, 50354889,447.00, 100.00, 0.00, 2.70, 0, 0 
0, 49914498,447.00, 100.00, 0.00, 2.70, 0, 0 
1, 50316873,447.00, 100.00, 0.00, 2.70, 0, 0 
2, 49684809,447.00, 100.00, 0.00, 2.70, 0, 0 
3, 49908138,447.00, 100.00, 0.00, 2.70, 0, 0 
4, 49973556,447.00, 100.00, 0.00, 2.70, 0, 0 
5, 65302973,450.00, 100.00, 0.00, 2.70, 0, 0 
6, 65014996,450.00, 100.00, 0.00, 2.70, 0, 0 
7, 64553211,450.00, 100.00, 0.00, 2.70, 0, 0 
8, 64818760,450.00, 100.00, 0.00, 2.70, 0, 0 
9, 74559304,452.00, 100.00, 0.00, 2.70, 0, 0 
0, 140005003,465.00, 100.00, 0.00, 2.71, 0, 0 
1, 149653003,467.00, 100.00, 0.00, 2.72, 0, 0 
2, 149982486,467.00, 100.00, 0.00, 2.72, 0, 0 
3, 149988087,467.00, 100.00, 0.00, 2.72, 0, 0 
4, 149932728,467.00, 100.00, 0.00, 2.72, 0, 0 
5, 134934825,467.00, 100.00, 0.00, 2.72, 0, 0 
6, 134958258,467.00, 100.00, 0.00, 2.72, 0, 0 
7, 134664757,467.00, 100.00, 0.00, 2.72, 0, 0 
8, 134796942,467.00, 100.00, 0.00, 2.72, 0, 0 
9, 135013646,469.00, 100.00, 0.00, 2.72, 0, 0 
0, 69836392,469.00, 100.00, 0.00, 2.72, 0, 0 
1, 59890405,469.00, 100.00, 0.00, 2.72, 0, 0 
2, 60152926,469.00, 100.00, 0.00, 2.72, 0, 0 
3, 60248580,469.00, 100.00, 0.00, 2.72, 0, 0 
4, 60281801,469.00, 100.00, 0.00, 2.72, 0, 0 
5, 60315208,469.00, 100.00, 0.00, 2.72, 0, 0 
6, 60254985,469.00, 100.00, 0.00, 2.72, 0, 0 
7, 60731119,469.00, 100.00, 0.00, 2.72, 0, 0 
8, 60400547,469.00, 100.00, 0.00, 2.72, 0, 0 
9, 50403532,469.00, 100.00, 0.00, 2.72, 0, 0 
0, 50627252,469.00, 100.00, 0.00, 2.72, 0, 0 
1, 50542146,469.00, 100.00, 0.00, 2.72, 0, 0 
2, 50221274,469.00, 100.00, 0.00, 2.72, 0, 0 
3, 50157915,469.00, 100.00, 0.00, 2.72, 0, 0 
4, 49823389,469.00, 100.00, 0.00, 2.72, 0, 0 
5, 49947291,469.00, 100.00, 0.00, 2.72, 0, 0 
6, 50142828,469.00, 100.00, 0.00, 2.72, 0, 0 
7, 49608889,469.00, 100.00, 0.00, 2.72, 0, 0 
8, 49934653,469.00, 100.00, 0.00, 2.72, 0, 0 
9, 49967029,469.00, 100.00, 0.00, 2.72, 0, 0 
0, 49984652,469.00, 100.00, 0.00, 2.72, 0, 0 
1, 49628423,469.00, 100.00, 0.00, 2.72, 0, 0 
2, 49722499,469.00, 100.00, 0.00, 2.72, 0, 0 
3, 50023658,469.00, 100.00, 0.00, 2.72, 0, 0 
4, 50248311,469.00, 100.00, 0.00, 2.72, 0, 0 
5, 49997572,469.00, 100.00, 0.00, 2.72, 0, 0 
6, 49977501,469.00, 100.00, 0.00, 2.72, 0, 0 
7, 50384984,469.00, 100.00, 0.00, 2.72, 0, 0 
8, 50073407,469.00, 100.00, 0.00, 2.72, 0, 0 
9, 49896013,469.00, 100.00, 0.00, 2.72, 0, 0 
0, 49968882,469.00, 100.00, 0.00, 2.72, 0, 0 
1, 50311687,469.00, 100.00, 0.00, 2.72, 0, 0 
2, 50262929,469.00, 100.00, 0.00, 2.72, 0, 0 
3, 49945745,469.00, 100.00, 0.00, 2.72, 0, 0 
4, 50054518,469.00, 100.00, 0.00, 2.72, 0, 0 
5, 50067245,469.00, 100.00, 0.00, 2.72, 0, 0 
6, 50010673,469.00, 100.00, 0.00, 2.72, 0, 0 
7, 49938369,469.00, 100.00, 0.00, 2.72, 0, 0 
8, 49930631,469.00, 100.00, 0.00, 2.72, 0, 0 
9, 50058126,469.00, 100.00, 0.00, 2.72, 0, 0 
0, 49925810,469.00, 100.00, 0.00, 2.72, 0, 0 
1, 49996112,469.00, 100.00, 0.00, 2.72, 0, 0 
2, 49988983,469.00, 100.00, 0.00, 2.72, 0, 0 
3, 49973164,469.00, 100.00, 0.00, 2.72, 0, 0 
4, 49950123,469.00, 100.00, 0.00, 2.72, 0, 0 
5, 49971581,469.00, 100.00, 0.00, 2.72, 0, 0 
6, 49885903,469.00, 100.00, 0.00, 2.72, 0, 0 
7, 49878166,469.00, 100.00, 0.00, 2.72, 0, 0 
8, 49975546,469.00, 100.00, 0.00, 2.72, 0, 0 
9, 50794583,469.00, 100.00, 0.00, 2.72, 0, 0 
0, 50051260,469.00, 100.00, 0.00, 2.72, 0, 0 
1, 49996588,469.00, 100.00, 0.00, 2.72, 0, 0 
2, 49977904,469.00, 100.00, 0.00, 2.72, 0, 0 
3, 50008016,469.00, 100.00, 0.00, 2.72, 0, 0 
4, 50063576,469.00, 100.00, 0.00, 2.72, 0, 0 
5, 50029514,469.00, 100.00, 0.00, 2.72, 0, 0 
6, 50236077,469.00, 100.00, 0.00, 2.72, 0, 0 
7, 50187697,469.00, 100.00, 0.00, 2.72, 0, 0 
8, 49746070,469.00, 100.00, 0.00, 2.72, 0, 0 
9, 49032328,469.00, 100.00, 0.00, 2.72, 0, 0 
0, 49917965,469.00, 100.00, 0.00, 2.72, 0, 0 
1, 50000171,469.00, 100.00, 0.00, 2.72, 0, 0 
2, 50123650,469.00, 100.00, 0.00, 2.72, 0, 0 
3, 49925143,469.00, 100.00, 0.00, 2.72, 0, 0 
4, 49886054,469.00, 100.00, 0.00, 2.72, 0, 0 
5, 49917091,469.00, 100.00, 0.00, 2.72, 0, 0 
6, 49840110,469.00, 100.00, 0.00, 2.72, 0, 0 
7, 49857924,469.00, 100.00, 0.00, 2.72, 0, 0 
8, 50277585,469.00, 100.00, 0.00, 2.72, 0, 0 
9, 50076183,469.00, 100.00, 0.00, 2.72, 0, 0 
0, 49790360,469.00, 100.00, 0.00, 2.72, 0, 0 
1, 49673552,469.00, 100.00, 0.00, 2.72, 0, 0 
2, 49629594,469.00, 100.00, 0.00, 2.72, 0, 0 
3, 49808150,469.00, 100.00, 0.00, 2.72, 0, 0 
4, 49768831,469.00, 100.00, 0.00, 2.72, 0, 0 
5, 49833471,469.00, 100.00, 0.00, 2.72, 0, 0 
6, 49804337,469.00, 100.00, 0.00, 2.72, 0, 0 
7, 59809676,471.00, 100.00, 0.00, 2.72, 0, 0 
8, 164998020,492.00, 100.00, 0.00, 2.74, 0, 0 
9, 165017546,492.00, 100.00, 0.00, 2.74, 0, 0 
0, 165225881,492.00, 100.00, 0.00, 2.74, 0, 0 
1, 165330835,492.00, 100.00, 0.00, 2.74, 0, 0 
2, 165085541,492.00, 100.00, 0.00, 2.74, 0, 0 
3, 165006251,492.00, 100.00, 0.00, 2.74, 0, 0 
4, 165001027,492.00, 100.00, 0.00, 2.74, 0, 0 
5, 164758099,492.00, 100.00, 0.00, 2.74, 0, 0 
6, 164697163,492.00, 100.00, 0.00, 2.74, 0, 0 
7, 154669142,492.00, 100.00, 0.00, 2.74, 0, 0 
8, 49471060,492.00, 100.00, 0.00, 2.74, 0, 0 
9, 49525713,492.00, 100.00, 0.00, 2.74, 0, 0 
0, 49392942,492.00, 100.00, 0.00, 2.74, 0, 0 
1, 50075716,492.00, 100.00, 0.00, 2.74, 0, 0 
2, 50554873,492.00, 100.00, 0.00, 2.74, 0, 0 
3, 50469066,492.00, 100.00, 0.00, 2.74, 0, 0 
4, 49735956,492.00, 100.00, 0.00, 2.74, 0, 0 
5, 49976565,492.00, 100.00, 0.00, 2.74, 0, 0 
6, 49956161,492.00, 100.00, 0.00, 2.74, 0, 0 
7, 50050177,492.00, 100.00, 0.00, 2.74, 0, 0 
8, 50234063,492.00, 100.00, 0.00, 2.74, 0, 0 
9, 49999950,492.00, 100.00, 0.00, 2.74, 0, 0 
0, 50874625,492.00, 100.00, 0.00, 2.74, 0, 0 
1, 60132831,494.00, 100.00, 0.00, 2.74, 0, 0 
2, 204783623,523.00, 100.00, 0.00, 2.77, 0, 0 
3, 204654093,523.00, 100.00, 0.00, 2.77, 0, 0 
4, 205225627,523.00, 100.00, 0.00, 2.77, 0, 0 
5, 205624814,523.00, 100.00, 0.00, 2.77, 0, 0 
6, 205581613,523.00, 100.00, 0.00, 2.77, 0, 0 
7, 205564422,523.00, 100.00, 0.00, 2.77, 0, 0 
8, 205195350,523.00, 100.00, 0.00, 2.77, 0, 0 
9, 205414912,523.00, 100.00, 0.00, 2.77, 0, 0 
0, 204845570,523.00, 100.00, 0.00, 2.77, 0, 0 
1, 199670416,524.00, 100.00, 0.00, 2.77, 0, 0 
2, 54754139,524.00, 100.00, 0.00, 2.77, 0, 0 
3, 54947200,524.00, 100.00, 0.00, 2.77, 0, 0 
4, 55058341,524.00, 100.00, 0.00, 2.77, 0, 0 
5, 54588520,524.00, 100.00, 0.00, 2.77, 0, 0 
6, 54646508,524.00, 100.00, 0.00, 2.77, 0, 0 
7, 54644297,524.00, 100.00, 0.00, 2.77, 0, 0 
8, 79721842,529.00, 100.00, 0.00, 2.78, 0, 0 
9, 79715036,529.00, 100.00, 0.00, 2.78, 0, 0 
0, 89518486,531.00, 100.00, 0.00, 2.78, 0, 0 
1, 120113404,538.00, 100.00, 0.00, 2.79, 0, 0 
2, 120119856,538.00, 100.00, 0.00, 2.79, 0, 0 
3, 120282223,538.00, 100.00, 0.00, 2.79, 0, 0 
4, 125265854,539.00, 100.00, 0.00, 2.79, 0, 0 
5, 125213417,539.00, 100.00, 0.00, 2.79, 0, 0 
6, 126235406,539.00, 100.00, 0.00, 2.79, 0, 0 
7, 125201565,539.00, 100.00, 0.00, 2.79, 0, 0 
8, 105256968,540.00, 100.00, 0.00, 2.79, 0, 0 
9, 105620167,540.00, 100.00, 0.00, 2.79, 0, 0 
0, 95237565,540.00, 100.00, 0.00, 2.79, 0, 0 
1, 59737912,540.00, 100.00, 0.00, 2.79, 0, 0 
2, 59835442,540.00, 100.00, 0.00, 2.79, 0, 0 
3, 59497014,540.00, 100.00, 0.00, 2.79, 0, 0 
4, 54551163,540.00, 100.00, 0.00, 2.79, 0, 0 
5, 54696584,540.00, 100.00, 0.00, 2.79, 0, 0 
6, 53694290,540.00, 100.00, 0.00, 2.79, 0, 0 
7, 55081318,540.00, 100.00, 0.00, 2.79, 0, 0 
8, 55093966,541.00, 100.00, 0.00, 2.79, 0, 0 
9, 54681237,541.00, 100.00, 0.00, 2.79, 0, 0 
0, 54759254,541.00, 100.00, 0.00, 2.79, 0, 0 
1, 55142780,541.00, 100.00, 0.00, 2.79, 0, 0 
2, 54942619,541.00, 100.00, 0.00, 2.79, 0, 0 
3, 55315611,541.00, 100.00, 0.00, 2.79, 0, 0 
4, 55192241,541.00, 100.00, 0.00, 2.79, 0, 0 
5, 55354598,541.00, 100.00, 0.00, 2.79, 0, 0 
6, 55416253,541.00, 100.00, 0.00, 2.79, 0, 0 
7, 55091831,541.00, 100.00, 0.00, 2.79, 0, 0 
8, 49735830,541.00, 100.00, 0.00, 2.79, 0, 0 
9, 50019724,541.00, 100.00, 0.00, 2.79, 0, 0 
0, 50281963,541.00, 100.00, 0.00, 2.79, 0, 0 
1, 50094914,541.00, 100.00, 0.00, 2.79, 0, 0 
2, 49903494,541.00, 100.00, 0.00, 2.79, 0, 0 
3, 50067567,541.00, 100.00, 0.00, 2.79, 0, 0 
4, 50286054,541.00, 100.00, 0.00, 2.79, 0, 0 
5, 49737875,541.00, 100.00, 0.00, 2.79, 0, 0 
6, 50020289,541.00, 100.00, 0.00, 2.79, 0, 0 
7, 49877784,541.00, 100.00, 0.00, 2.79, 0, 0 
8, 50577255,541.00, 100.00, 0.00, 2.79, 0, 0 
9, 50090152,541.00, 100.00, 0.00, 2.79, 0, 0 
0, 50033536,541.00, 100.00, 0.00, 2.79, 0, 0 
1, 49853510,541.00, 100.00, 0.00, 2.79, 0, 0 
2, 50324392,541.00, 100.00, 0.00, 2.79, 0, 0 
3, 49925709,541.00, 100.00, 0.00, 2.79, 0, 0 
4, 50075815,541.00, 100.00, 0.00, 2.79, 0, 0 
5, 50358816,541.00, 100.00, 0.00, 2.79, 0, 0 
6, 49936616,541.00, 100.00, 0.00, 2.79, 0, 0 
7, 49953202,541.00, 100.00, 0.00, 2.79, 0, 0 
8, 54600909,542.00, 100.00, 0.00, 2.79, 0, 0 
9, 54902304,542.00, 100.00, 0.00, 2.79, 0, 0 
0, 80037685,547.00, 100.00, 0.00, 2.80, 0, 0 
1, 85071268,548.00, 100.00, 0.00, 2.80, 0, 0 
2, 95191680,550.00, 100.00, 0.00, 2.80, 0, 0 
3, 125034386,556.00, 100.00, 0.00, 2.81, 0, 0 
4, 134621001,558.00, 100.00, 0.00, 2.81, 0, 0 
5, 134638099,558.00, 100.00, 0.00, 2.81, 0, 0 
6, 134675218,558.00, 100.00, 0.00, 2.81, 0, 0 
7, 134765353,558.00, 100.00, 0.00, 2.81, 0, 0 
8, 129486395,558.00, 100.00, 0.00, 2.81, 0, 0 
9, 129687311,558.00, 100.00, 0.00, 2.81, 0, 0 
0, 104620789,558.00, 100.00, 0.00, 2.81, 0, 0 
1, 99682107,558.00, 100.00, 0.00, 2.81, 0, 0 
2, 89363180,558.00, 100.00, 0.00, 2.81, 0, 0 
3, 59677352,558.00, 100.00, 0.00, 2.81, 0, 0 
4, 49884385,558.00, 100.00, 0.00, 2.81, 0, 0 
5, 49927038,558.00, 100.00, 0.00, 2.81, 0, 0 
6, 54984017,559.00, 100.00, 0.00, 2.81, 0, 0 
7, 80159195,564.00, 100.00, 0.00, 2.81, 0, 0 
8, 80487314,564.00, 100.00, 0.00, 2.81, 0, 0 
9, 80398952,564.00, 100.00, 0.00, 2.81, 0, 0 
0, 100396830,568.00, 100.00, 0.00, 2.82, 0, 0 
1, 100343240,568.00, 100.00, 0.00, 2.82, 0, 0 
2, 105129800,569.00, 100.00, 0.00, 2.82, 0, 0 
3, 105145399,569.00, 100.00, 0.00, 2.82, 0, 0 
4, 105058750,569.00, 100.00, 0.00, 2.82, 0, 0 
5, 105055848,569.00, 100.00, 0.00, 2.82, 0, 0 
6, 99775555,569.00, 100.00, 0.00, 2.82, 0, 0 
7, 74875481,569.00, 100.00, 0.00, 2.82, 0, 0 
8, 74796407,569.00, 100.00, 0.00, 2.82, 0, 0 
9, 74643590,569.00, 100.00, 0.00, 2.82, 0, 0 
0, 54689137,569.00, 100.00, 0.00, 2.82, 0, 0 
1, 54686333,569.00, 100.00, 0.00, 2.82, 0, 0 
2, 49968726,569.00, 100.00, 0.00, 2.82, 0, 0 
3, 49988412,569.00, 100.00, 0.00, 2.82, 0, 0 
4, 50112379,569.00, 100.00, 0.00, 2.82, 0, 0 
5, 50083297,569.00, 100.00, 0.00, 2.82, 0, 0 
6, 50364415,569.00, 100.00, 0.00, 2.82, 0, 0 
7, 50244869,569.00, 100.00, 0.00, 2.82, 0, 0 
8, 50277012,569.00, 100.00, 0.00, 2.82, 0, 0 
9, 50207727,569.00, 100.00, 0.00, 2.82, 0, 0 
0, 65246417,572.00, 100.00, 0.00, 2.82, 0, 0 
1, 70290491,573.00, 100.00, 0.00, 2.82, 0, 0 
2, 75128815,574.00, 100.00, 0.00, 2.82, 0, 0 
3, 99994700,579.00, 100.00, 0.00, 2.83, 0, 0 
4, 120270903,583.00, 100.00, 0.00, 2.83, 0, 0 
5, 120276853,583.00, 100.00, 0.00, 2.83, 0, 0 
6, 145778456,588.00, 100.00, 0.00, 2.84, 0, 0 
7, 145106734,588.00, 100.00, 0.00, 2.84, 0, 0 
8, 145051185,588.00, 100.00, 0.00, 2.84, 0, 0 
9, 144879451,588.00, 100.00, 0.00, 2.84, 0, 0 
0, 129680069,588.00, 100.00, 0.00, 2.84, 0, 0 
1, 124893536,588.00, 100.00, 0.00, 2.84, 0, 0 
2, 119618633,588.00, 100.00, 0.00, 2.84, 0, 0 
3, 94687184,588.00, 100.00, 0.00, 2.84, 0, 0 
4, 74327890,588.00, 100.00, 0.00, 2.84, 0, 0 
5, 74377524,588.00, 100.00, 0.00, 2.84, 0, 0 
6, 48862827,588.00, 100.00, 0.00, 2.84, 0, 0 
7, 49456488,588.00, 100.00, 0.00, 2.84, 0, 0 
8, 49346046,588.00, 100.00, 0.00, 2.84, 0, 0 
9, 49874552,588.00, 100.00, 0.00, 2.84, 0, 0 
0, 50202353,588.00, 100.00, 0.00, 2.84, 0, 0 
1, 49734194,588.00, 100.00, 0.00, 2.84, 0, 0 
2, 50133187,588.00, 100.00, 0.00, 2.84, 0, 0 
3, 50144693,588.00, 100.00, 0.00, 2.84, 0, 0 
4, 50187520,588.00, 100.00, 0.00, 2.84, 0, 0 
5, 49925050,588.00, 100.00, 0.00, 2.84, 0, 0 
6, 50756396,588.00, 100.00, 0.00, 2.84, 0, 0 
7, 50236647,588.00, 100.00, 0.00, 2.84, 0, 0 
8, 50226768,588.00, 100.00, 0.00, 2.84, 0, 0 
9, 49944050,588.00, 100.00, 0.00, 2.84, 0, 0 
0, 49728212,588.00, 100.00, 0.00, 2.84, 0, 0 
1, 49957955,588.00, 100.00, 0.00, 2.84, 0, 0 
2, 60047913,590.00, 100.00, 0.00, 2.84, 0, 0 
3, 60414150,590.00, 100.00, 0.00, 2.84, 0, 0 
4, 59849550,590.00, 100.00, 0.00, 2.84, 0, 0 
5, 60399781,590.00, 100.00, 0.00, 2.84, 0, 0 
6, 59547662,590.00, 100.00, 0.00, 2.84, 0, 0 
7, 59681860,590.00, 100.00, 0.00, 2.84, 0, 0 
8, 59871932,590.00, 100.00, 0.00, 2.84, 0, 0 
9, 60227854,590.00, 100.00, 0.00, 2.84, 0, 0 
0, 60156043,590.00, 100.00, 0.00, 2.84, 0, 0 
1, 60139969,590.00, 100.00, 0.00, 2.84, 0, 0 
2, 50642401,590.00, 100.00, 0.00, 2.84, 0, 0 
3, 49431391,590.00, 100.00, 0.00, 2.84, 0, 0 
4, 49999114,590.00, 100.00, 0.00, 2.84, 0, 0 
5, 49723967,590.00, 100.00, 0.00, 2.84, 0, 0 
6, 49671539,590.00, 100.00, 0.00, 2.84, 0, 0 
7, 50289209,590.00, 100.00, 0.00, 2.84, 0, 0 
8, 50005176,590.00, 100.00, 0.00, 2.84, 0, 0 
9, 50035233,590.00, 100.00, 0.00, 2.84, 0, 0 
0, 50398167,590.00, 100.00, 0.00, 2.84, 0, 0 
1, 49953612,590.00, 100.00, 0.00, 2.84, 0, 0 
2, 49179078,590.00, 100.00, 0.00, 2.84, 0, 0 
3, 50084816,590.00, 100.00, 0.00, 2.84, 0, 0 
4, 50307746,590.00, 100.00, 0.00, 2.84, 0, 0 
5, 50010499,590.00, 100.00, 0.00, 2.84, 0, 0 
6, 50716660,590.00, 100.00, 0.00, 2.84, 0, 0 
7, 50016724,590.00, 100.00, 0.00, 2.84, 0, 0 
8, 50241861,590.00, 100.00, 0.00, 2.84, 0, 0 
9, 49919197,590.00, 100.00, 0.00, 2.84, 0, 0 
0, 49273882,590.00, 100.00, 0.00, 2.84, 0, 0 
1, 50026602,590.00, 100.00, 0.00, 2.84, 0, 0 
2, 50736109,590.00, 100.00, 0.00, 2.84, 0, 0 
3, 49900675,590.00, 100.00, 0.00, 2.84, 0, 0 
4, 49679163,590.00, 100.00, 0.00, 2.84, 0, 0 
5, 50789428,590.00, 100.00, 0.00, 2.84, 0, 0 
6, 49318843,590.00, 100.00, 0.00, 2.84, 0, 0 
7, 49684936,590.00, 100.00, 0.00, 2.84, 0, 0 
8, 50004294,590.00, 100.00, 0.00, 2.84, 0, 0 
9, 50596469,590.00, 100.00, 0.00, 2.84, 0, 0 
0, 50329600,590.00, 100.00, 0.00, 2.84, 0, 0 
1, 49721571,590.00, 100.00, 0.00, 2.84, 0, 0 
2, 49171597,590.00, 100.00, 0.00, 2.84, 0, 0 
3, 50323668,590.00, 100.00, 0.00, 2.84, 0, 0 
4, 50267937,590.00, 100.00, 0.00, 2.84, 0, 0 
5, 49191997,590.00, 100.00, 0.00, 2.84, 0, 0 
6, 50010055,590.00, 100.00, 0.00, 2.84, 0, 0 
7, 50098255,590.00, 100.00, 0.00, 2.84, 0, 0 
8, 49955577,590.00, 100.00, 0.00, 2.84, 0, 0 
9, 49635216,590.00, 100.00, 0.00, 2.84, 0, 0 
0, 49974258,590.00, 100.00, 0.00, 2.84, 0, 0 
1, 50429575,590.00, 100.00, 0.00, 2.84, 0, 0 
2, 50477584,590.00, 100.00, 0.00, 2.84, 0, 0 
3, 50243440,590.00, 100.00, 0.00, 2.84, 0, 0 
4, 60770884,592.00, 100.00, 0.00, 2.84, 0, 0 
5, 60591144,592.00, 100.00, 0.00, 2.84, 0, 0 
6, 60465836,592.00, 100.00, 0.00, 2.84, 0, 0 
7, 60564412,592.00, 100.00, 0.00, 2.84, 0, 0 
8, 60426585,592.00, 100.00, 0.00, 2.84, 0, 0 
9, 60053628,592.00, 100.00, 0.00, 2.84, 0, 0 
0, 60234954,592.00, 100.00, 0.00, 2.84, 0, 0 
1, 60415079,592.00, 100.00, 0.00, 2.84, 0, 0 
2, 60104230,592.00, 100.00, 0.00, 2.84, 0, 0 
3, 59901265,592.00, 100.00, 0.00, 2.84, 0, 0 
4, 49647320,592.00, 100.00, 0.00, 2.84, 0, 0 
5, 49817770,592.00, 100.00, 0.00, 2.84, 0, 0 
6, 50072626,592.00, 100.00, 0.00, 2.84, 0, 0 
7, 49881747,592.00, 100.00, 0.00, 2.84, 0, 0 
8, 49836995,592.00, 100.00, 0.00, 2.84, 0, 0 
9, 49979875,592.00, 100.00, 0.00, 2.84, 0, 0 
0, 50023394,592.00, 100.00, 0.00, 2.84, 0, 0 
1, 49611105,592.00, 100.00, 0.00, 2.84, 0, 0 
2, 49871168,592.00, 100.00, 0.00, 2.84, 0, 0 
3, 50119408,592.00, 100.00, 0.00, 2.84, 0, 0 
4, 49745455,592.00, 100.00, 0.00, 2.84, 0, 0 
5, 50167641,592.00, 100.00, 0.00, 2.84, 0, 0 
6, 50067926,592.00, 100.00, 0.00, 2.84, 0, 0 
7, 60144035,594.00, 100.00, 0.00, 2.84, 0, 0 
8, 69999038,596.00, 100.00, 0.00, 2.85, 0, 0 
9, 69939226,596.00, 100.00, 0.00, 2.85, 0, 0 
0, 70188455,596.00, 100.00, 0.00, 2.85, 0, 0 
1, 70277028,596.00, 100.00, 0.00, 2.85, 0, 0 
2, 70196918,596.00, 100.00, 0.00, 2.85, 0, 0 
3, 70161147,596.00, 100.00, 0.00, 2.85, 0, 0 
4, 70164586,596.00, 100.00, 0.00, 2.85, 0, 0 
5, 70045002,596.00, 100.00, 0.00, 2.85, 0, 0 
6, 69923626,596.00, 100.00, 0.00, 2.85, 0, 0 
7, 59882633,596.00, 100.00, 0.00, 2.85, 0, 0 
8, 50117100,596.00, 100.00, 0.00, 2.85, 0, 0 
9, 50096661,596.00, 100.00, 0.00, 2.85, 0, 0 
0, 49932659,596.00, 100.00, 0.00, 2.85, 0, 0 
1, 49939615,596.00, 100.00, 0.00, 2.85, 0, 0 
2, 49983259,596.00, 100.00, 0.00, 2.85, 0, 0 
3, 49843939,596.00, 100.00, 0.00, 2.85, 0, 0 
4, 49679643,596.00, 100.00, 0.00, 2.85, 0, 0 
5, 49856664,596.00, 100.00, 0.00, 2.85, 0, 0 
6, 50045312,596.00, 100.00, 0.00, 2.85, 0, 0 
7, 50065523,596.00, 100.00, 0.00, 2.85, 0, 0 
8, 49990213,596.00, 100.00, 0.00, 2.85, 0, 0 
9, 49992913,596.00, 100.00, 0.00, 2.85, 0, 0 
0, 49963497,596.00, 100.00, 0.00, 2.85, 0, 0 
1, 49959299,596.00, 100.00, 0.00, 2.85, 0, 0 
2, 49906047,596.00, 100.00, 0.00, 2.85, 0, 0 
3, 49983660,596.00, 100.00, 0.00, 2.85, 0, 0 
4, 50341824,596.00, 100.00, 0.00, 2.85, 0, 0 
5, 50055600,596.00, 100.00, 0.00, 2.85, 0, 0 
6, 50058906,596.00, 100.00, 0.00, 2.85, 0, 0 
7, 49937768,596.00, 100.00, 0.00, 2.85, 0, 0 
8, 49950263,596.00, 100.00, 0.00, 2.85, 0, 0 
9, 50067484,596.00, 100.00, 0.00, 2.85, 0, 0 
0, 49988108,596.00, 100.00, 0.00, 2.85, 0, 0 
1, 49673036,596.00, 100.00, 0.00, 2.85, 0, 0 
2, 50063562,596.00, 100.00, 0.00, 2.85, 0, 0 
3, 50435365,596.00, 100.00, 0.00, 2.85, 0, 0 
4, 49940130,596.00, 100.00, 0.00, 2.85, 0, 0 
5, 49938651,596.00, 100.00, 0.00, 2.85, 0, 0 
6, 49826808,596.00, 100.00, 0.00, 2.85, 0, 0 
7, 50118167,596.00, 100.00, 0.00, 2.85, 0, 0 
8, 50096475,596.00, 100.00, 0.00, 2.85, 0, 0 
9, 49944742,596.00, 100.00, 0.00, 2.85, 0, 0 
0, 50031897,596.00, 100.00, 0.00, 2.85, 0, 0 
1, 50307671,596.00, 100.00, 0.00, 2.85, 0, 0 
2, 50013679,596.00, 100.00, 0.00, 2.85, 0, 0 
3, 49595866,596.00, 100.00, 0.00, 2.85, 0, 0 
4, 50096924,596.00, 100.00, 0.00, 2.85, 0, 0 
5, 50073315,596.00, 100.00, 0.00, 2.85, 0, 0 
6, 50150732,596.00, 100.00, 0.00, 2.85, 0, 0 
7, 49597042,596.00, 100.00, 0.00, 2.85, 0, 0 
8, 49972165,596.00, 100.00, 0.00, 2.85, 0, 0 
9, 50063635,596.00, 100.00, 0.00, 2.85, 0, 0 
0, 49952543,596.00, 100.00, 0.00, 2.85, 0, 0 
1, 49978981,596.00, 100.00, 0.00, 2.85, 0, 0 
2, 49916517,596.00, 100.00, 0.00, 2.85, 0, 0 
3, 49943237,596.00, 100.00, 0.00, 2.85, 0, 0 
4, 49950930,596.00, 100.00, 0.00, 2.85, 0, 0 
5, 50028379,596.00, 100.00, 0.00, 2.85, 0, 0 
6, 49977833,596.00, 100.00, 0.00, 2.85, 0, 0 
7, 50312954,596.00, 100.00, 0.00, 2.85, 0, 0 
8, 49955855,596.00, 100.00, 0.00, 2.85, 0, 0 
9, 49892236,596.00, 100.00, 0.00, 2.85, 0, 0 
0, 49900620,596.00, 100.00, 0.00, 2.85, 0, 0 
1, 50016116,596.00, 100.00, 0.00, 2.85, 0, 0 
2, 50093513,596.00, 100.00, 0.00, 2.85, 0, 0 
3, 50071132,596.00, 100.00, 0.00, 2.85, 0, 0 
4, 49670000,596.00, 100.00, 0.00, 2.85, 0, 0 
5, 49997040,596.00, 100.00, 0.00, 2.85, 0, 0 
6, 50016118,596.00, 100.00, 0.00, 2.85, 0, 0 
7, 50009194,596.00, 100.00, 0.00, 2.85, 0, 0 
8, 50006659,596.00, 100.00, 0.00, 2.85, 0, 0 
9, 49867346,596.00, 100.00, 0.00, 2.85, 0, 0 
0, 50045538,596.00, 100.00, 0.00, 2.85, 0, 0 
1, 49681573,596.00, 100.00, 0.00, 2.85, 0, 0 
2, 49893086,596.00, 100.00, 0.00, 2.85, 0, 0 
3, 50081511,596.00, 100.00, 0.00, 2.85, 0, 0 
4, 50220751,596.00, 100.00, 0.00, 2.85, 0, 0 
5, 49952739,596.00, 100.00, 0.00, 2.85, 0, 0 
6, 49928846,596.00, 100.00, 0.00, 2.85, 0, 0 
7, 49977934,596.00, 100.00, 0.00, 2.85, 0, 0 
8, 49599008,596.00, 100.00, 0.00, 2.85, 0, 0 
9, 50056344,596.00, 100.00, 0.00, 2.85, 0, 0 
0, 50105263,596.00, 100.00, 0.00, 2.85, 0, 0 
1, 50345243,596.00, 100.00, 0.00, 2.85, 0, 0 
2, 50041652,596.00, 100.00, 0.00, 2.85, 0, 0 
3, 49882021,596.00, 100.00, 0.00, 2.85, 0, 0 
4, 49770496,596.00, 100.00, 0.00, 2.85, 0, 0 
5, 50023016,596.00, 100.00, 0.00, 2.85, 0, 0 
6, 49853179,596.00, 100.00, 0.00, 2.85, 0, 0 
7, 49958271,596.00, 100.00, 0.00, 2.85, 0, 0 
8, 50367213,596.00, 100.00, 0.00, 2.85, 0, 0 
9, 50065846,596.00, 100.00, 0.00, 2.85, 0, 0 
0, 49869686,596.00, 100.00, 0.00, 2.85, 0, 0 
1, 50024346,596.00, 100.00, 0.00, 2.85, 0, 0 
2, 4994