Tue Nov 27 18:54:36 2018
StepTime, x, v, f, xdes, vdes, fdes, cmd, IR, LSB, LSF
0, 861603757,0.00, 100.00, 0.00, 2.25, 0, 0 
1, 681940284,963.00, 100.00, 0.00, 3.21, 0, 0 
2, 576902679,1941.00, 100.00, 0.00, 2.35, 0, 0 
3, 611848775,1947.00, 100.00, 0.00, 2.35, 0, 0 
4, 616739978,1947.00, 100.00, 0.00, 2.35, 0, 0 
5, 646826965,1952.00, 100.00, 0.00, 2.35, 0, 0 
6, 651615833,1952.00, 100.00, 0.00, 2.35, 0, 0 
7, 656557417,1952.00, 100.00, 0.00, 2.35, 0, 0 
8, 276843776,2075.00, 100.00, 0.00, 2.35, 0, 0 
9, 327164006,2084.00, 100.00, 0.00, 2.35, 0, 0 
0, 505333629,2091.00, 100.00, 0.00, 2.35, 0, 0 
1, 689911970,2091.00, 100.00, 0.00, 2.35, 0, 0 
2, 800038083,2091.00, 100.00, 0.00, 2.35, 0, 0 
3, 770044244,2091.00, 100.00, 0.00, 2.35, 0, 0 
4, 769967362,2091.00, 100.00, 0.00, 2.35, 0, 0 
5, 745077185,2091.00, 100.00, 0.00, 2.35, 0, 0 
6, 745194457,2091.00, 100.00, 0.00, 2.35, 0, 0 
7, 745386901,2091.00, 100.00, 0.00, 2.35, 0, 0 
8, 130053867,2091.00, 100.00, 0.00, 2.35, 0, 0 
9, 84736351,2091.00, 100.00, 0.00, 2.35, 0, 0 
0, 49955210,2091.00, 100.00, 0.00, 2.35, 0, 0 
1, 49986138,2091.00, 100.00, 0.00, 2.35, 0, 0 
2, 49797387,2091.00, 100.00, 0.00, 2.35, 0, 0 
3, 50125177,2091.00, 100.00, 0.00, 2.35, 0, 0 
4, 50193273,2091.00, 100.00, 0.00, 2.35, 0, 0 
5, 49826332,2091.00, 100.00, 0.00, 2.35, 0, 0 
6, 50167675,2091.00, 100.00, 0.00, 2.35, 0, 0 
7, 49870538,2091.00, 100.00, 0.00, 2.35, 0, 0 
8, 49918971,2091.00, 100.00, 0.00, 2.35, 0, 0 
9, 50099471,2091.00, 100.00, 0.00, 2.35, 0, 0 
0, 49887493,2091.00, 100.00, 0.00, 2.35, 0, 0 
1, 50068249,2091.00, 100.00, 0.00, 2.35, 0, 0 
2, 50260857,2091.00, 100.00, 0.00, 2.35, 0, 0 
3, 49867569,2091.00, 100.00, 0.00, 2.35, 0, 0 
4, 49971517,2091.00, 100.00, 0.00, 2.35, 0, 0 
5, 55183132,2092.00, 100.00, 0.00, 2.35, 0, 0 
6, 54911136,2092.00, 100.00, 0.00, 2.35, 0, 0 
7, 55124179,2092.00, 100.00, 0.00, 2.35, 0, 0 
8, 55076829,2092.00, 100.00, 0.00, 2.35, 0, 0 
9, 224790955,2126.00, 100.00, 0.00, 2.35, 0, 0 
0, 10027232,2483.00, 100.00, 0.00, 2.35, 0, 0 
1, 9602803,2483.00, 100.00, 0.00, 2.35, 0, 0 
2, 9474745,2483.00, 100.00, 0.00, 2.35, 0, 0 
3, 9627692,2483.00, 100.00, 0.00, 2.35, 0, 0 
4, 519933236,2585.00, 100.00, 0.00, 2.35, 0, 0 
5, 524571838,2587.00, 100.00, 0.00, 2.35, 0, 0 
6, 524900493,2587.00, 100.00, 0.00, 2.35, 0, 0 
7, 534710296,2589.00, 100.00, 0.00, 2.35, 0, 0 
8, 194885723,2721.00, 100.00, 0.00, 2.35, 0, 0 
9, 619976669,2840.00, 100.00, 0.00, 2.35, 0, 0 
0, 15087601,3076.00, 100.00, 0.00, 2.35, 0, 0 
1, 15297354,3076.00, 100.00, 0.00, 2.35, 0, 0 
2, 15344153,3076.00, 100.00, 0.00, 2.35, 0, 0 
3, 15232455,3076.00, 100.00, 0.00, 2.35, 0, 0 
4, 504913827,3076.00, 100.00, 0.00, 2.35, 0, 0 
5, 495315787,3076.00, 100.00, 0.00, 2.35, 0, 0 
6, 495079469,3076.00, 100.00, 0.00, 2.35, 0, 0 
7, 485115814,3076.00, 100.00, 0.00, 2.35, 0, 0 
8, 824883804,3076.00, 100.00, 0.00, 2.35, 0, 0 
9, 230086609,3076.00, 100.00, 0.00, 2.35, 0, 0 
0, 49792418,3076.00, 100.00, 0.00, 2.35, 0, 0 
1, 50001668,3076.00, 100.00, 0.00, 2.35, 0, 0 
2, 50054889,3076.00, 100.00, 0.00, 2.35, 0, 0 
3, 50044970,3076.00, 100.00, 0.00, 2.35, 0, 0 
4, 50096638,3076.00, 100.00, 0.00, 2.35, 0, 0 
5, 50025625,3076.00, 100.00, 0.00, 2.35, 0, 0 
6, 49703315,3076.00, 100.00, 0.00, 2.35, 0, 0 
7, 50025907,3076.00, 100.00, 0.00, 2.35, 0, 0 
8, 50059071,3076.00, 100.00, 0.00, 2.35, 0, 0 
9, 49984208,3076.00, 100.00, 0.00, 2.35, 0, 0 
0, 50133184,3076.00, 100.00, 0.00, 2.35, 0, 0 
1, 50048173,3076.00, 100.00, 0.00, 2.35, 0, 0 
2, 49883357,3076.00, 100.00, 0.00, 2.35, 0, 0 
3, 50037278,3076.00, 100.00, 0.00, 2.35, 0, 0 
4, 50009001,3076.00, 100.00, 0.00, 2.35, 0, 0 
5, 50061599,3076.00, 100.00, 0.00, 2.35, 0, 0 
6, 50259823,3076.00, 100.00, 0.00, 2.35, 0, 0 
7, 49970507,3076.00, 100.00, 0.00, 2.35, 0, 0 
8, 49976056,3076.00, 100.00, 0.00, 2.35, 0, 0 
9, 74942111,3081.00, 100.00, 0.00, 2.35, 0, 0 
0, 75049891,3081.00, 100.00, 0.00, 2.35, 0, 0 
1, 74926249,3081.00, 100.00, 0.00, 2.35, 0, 0 
2, 79987387,3082.00, 100.00, 0.00, 2.35, 0, 0 
3, 80007938,3082.00, 100.00, 0.00, 2.35, 0, 0 
4, 84889548,3083.00, 100.00, 0.00, 2.35, 0, 0 
5, 85025646,3083.00, 100.00, 0.00, 2.35, 0, 0 
6, 94977404,3085.00, 100.00, 0.00, 2.35, 0, 0 
7, 95002522,3085.00, 100.00, 0.00, 2.35, 0, 0 
8, 100260459,3086.00, 100.00, 0.00, 2.35, 0, 0 
9, 75017601,3086.00, 100.00, 0.00, 2.35, 0, 0 
0, 79876947,3087.00, 100.00, 0.00, 2.35, 0, 0 
1, 80019115,3087.00, 100.00, 0.00, 2.35, 0, 0 
2, 80090343,3088.00, 100.00, 0.00, 2.35, 0, 0 
3, 79996227,3088.00, 100.00, 0.00, 2.35, 0, 0 
4, 80056899,3089.00, 100.00, 0.00, 2.35, 0, 0 
5, 89956128,3091.00, 100.00, 0.00, 2.35, 0, 0 
6, 79926382,3091.00, 100.00, 0.00, 2.35, 0, 0 
7, 79987071,3091.00, 100.00, 0.00, 2.35, 0, 0 
8, 79832129,3092.00, 100.00, 0.00, 2.35, 0, 0 
9, 80011978,3092.00, 100.00, 0.00, 2.35, 0, 0 
0, 75017529,3092.00, 100.00, 0.00, 2.35, 0, 0 
1, 74980743,3092.00, 100.00, 0.00, 2.35, 0, 0 
2, 69927112,3092.00, 100.00, 0.00, 2.35, 0, 0 
3, 69923859,3092.00, 100.00, 0.00, 2.35, 0, 0 
4, 69919193,3093.00, 100.00, 0.00, 2.35, 0, 0 
5, 59989314,3093.00, 100.00, 0.00, 2.35, 0, 0 
6, 60126431,3093.00, 100.00, 0.00, 2.35, 0, 0 
7, 60020122,3093.00, 100.00, 0.00, 2.35, 0, 0 
8, 55352112,3093.00, 100.00, 0.00, 2.35, 0, 0 
9, 54971989,3093.00, 100.00, 0.00, 2.35, 0, 0 
0, 55045547,3093.00, 100.00, 0.00, 2.35, 0, 0 
1, 55033810,3093.00, 100.00, 0.00, 2.35, 0, 0 
2, 55087824,3093.00, 100.00, 0.00, 2.35, 0, 0 
3, 55060423,3093.00, 100.00, 0.00, 2.35, 0, 0 
4, 50001365,3093.00, 100.00, 0.00, 2.35, 0, 0 
5, 49987171,3093.00, 100.00, 0.00, 2.35, 0, 0 
6, 60033017,3095.00, 100.00, 0.00, 2.35, 0, 0 
7, 65015245,3096.00, 100.00, 0.00, 2.35, 0, 0 
8, 64563078,3096.00, 100.00, 0.00, 2.35, 0, 0 
9, 65069201,3096.00, 100.00, 0.00, 2.35, 0, 0 
0, 64899452,3096.00, 100.00, 0.00, 2.35, 0, 0 
1, 65081235,3096.00, 100.00, 0.00, 2.35, 0, 0 
2, 64989166,3096.00, 100.00, 0.00, 2.35, 0, 0 
3, 64952304,3096.00, 100.00, 0.00, 2.35, 0, 0 
4, 65100563,3096.00, 100.00, 0.00, 2.35, 0, 0 
5, 64941090,3096.00, 100.00, 0.00, 2.35, 0, 0 
6, 59948329,3097.00, 100.00, 0.00, 2.35, 0, 0 
7, 55104920,3097.00, 100.00, 0.00, 2.35, 0, 0 
8, 55118205,3097.00, 100.00, 0.00, 2.35, 0, 0 
9, 59884013,3098.00, 100.00, 0.00, 2.35, 0, 0 
0, 60061298,3098.00, 100.00, 0.00, 2.35, 0, 0 
1, 59898726,3098.00, 100.00, 0.00, 2.35, 0, 0 
2, 60002245,3098.00, 100.00, 0.00, 2.35, 0, 0 
3, 60044391,3098.00, 100.00, 0.00, 2.35, 0, 0 
4, 79988017,3102.00, 100.00, 0.00, 2.35, 0, 0 
5, 79901520,3102.00, 100.00, 0.00, 2.35, 0, 0 
6, 75007120,3102.00, 100.00, 0.00, 2.35, 0, 0 
7, 74820978,3102.00, 100.00, 0.00, 2.35, 0, 0 
8, 75052032,3102.00, 100.00, 0.00, 2.35, 0, 0 
9, 75086108,3103.00, 100.00, 0.00, 2.35, 0, 0 
0, 74933182,3103.00, 100.00, 0.00, 2.35, 0, 0 
1, 74945591,3103.00, 100.00, 0.00, 2.35, 0, 0 
2, 74999327,3103.00, 100.00, 0.00, 2.35, 0, 0 
3, 79970886,3104.00, 100.00, 0.00, 2.35, 0, 0 
4, 60030773,3104.00, 100.00, 0.00, 2.35, 0, 0 
5, 65027623,3105.00, 100.00, 0.00, 2.35, 0, 0 
6, 64927631,3105.00, 100.00, 0.00, 2.35, 0, 0 
7, 64993148,3105.00, 100.00, 0.00, 2.35, 0, 0 
8, 69939009,3106.00, 100.00, 0.00, 2.35, 0, 0 
9, 64842464,3106.00, 100.00, 0.00, 2.35, 0, 0 
0, 65113438,3106.00, 100.00, 0.00, 2.35, 0, 0 
1, 65037439,3106.00, 100.00, 0.00, 2.35, 0, 0 
2, 64984392,3106.00, 100.00, 0.00, 2.35, 0, 0 
3, 64896503,3107.00, 100.00, 0.00, 2.35, 0, 0 
4, 65073601,3107.00, 100.00, 0.00, 2.35, 0, 0 
5, 70014605,3109.00, 100.00, 0.00, 2.35, 0, 0 
6, 79996665,3111.00, 100.00, 0.00, 2.35, 0, 0 
7, 80122893,3111.00, 100.00, 0.00, 2.35, 0, 0 
8, 79984815,3112.00, 100.00, 0.00, 2.35, 0, 0 
9, 90200303,3114.00, 100.00, 0.00, 2.35, 0, 0 
0, 94998270,3115.00, 100.00, 0.00, 2.35, 0, 0 
1, 94942200,3115.00, 100.00, 0.00, 2.35, 0, 0 
2, 94898032,3115.00, 100.00, 0.00, 2.35, 0, 0 
3, 90090821,3115.00, 100.00, 0.00, 2.35, 0, 0 
4, 90008541,3115.00, 100.00, 0.00, 2.35, 0, 0 
5, 80086816,3115.00, 100.00, 0.00, 2.35, 0, 0 
6, 70240969,3115.00, 100.00, 0.00, 2.35, 0, 0 
7, 69934969,3115.00, 100.00, 0.00, 2.35, 0, 0 
8, 64984867,3115.00, 100.00, 0.00, 2.35, 0, 0 
9, 54943445,3115.00, 100.00, 0.00, 2.35, 0, 0 
0, 50069838,3115.00, 100.00, 0.00, 2.35, 0, 0 
1, 50052335,3115.00, 100.00, 0.00, 2.35, 0, 0 
2, 50065664,3115.00, 100.00, 0.00, 2.35, 0, 0 
3, 50080503,3115.00, 100.00, 0.00, 2.35, 0, 0 
4, 49889111,3115.00, 100.00, 0.00, 2.35, 0, 0 
5, 49963349,3115.00, 100.00, 0.00, 2.35, 0, 0 
6, 49668855,3115.00, 100.00, 0.00, 2.35, 0, 0 
7, 50103077,3115.00, 100.00, 0.00, 2.35, 0, 0 
8, 55032872,3116.00, 100.00, 0.00, 2.35, 0, 0 
9, 54972262,3116.00, 100.00, 0.00, 2.35, 0, 0 
0, 59896747,3117.00, 100.00, 0.00, 2.35, 0, 0 
1, 60072757,3117.00, 100.00, 0.00, 2.35, 0, 0 
2, 59920846,3117.00, 100.00, 0.00, 2.35, 0, 0 
3, 59862636,3117.00, 100.00, 0.00, 2.35, 0, 0 
4, 60108721,3117.00, 100.00, 0.00, 2.35, 0, 0 
5, 59994144,3117.00, 100.00, 0.00, 2.35, 0, 0 
6, 65236512,3118.00, 100.00, 0.00, 2.35, 0, 0 
7, 64995965,3118.00, 100.00, 0.00, 2.35, 0, 0 
8, 59960502,3118.00, 100.00, 0.00, 2.35, 0, 0 
9, 60039407,3118.00, 100.00, 0.00, 2.35, 0, 0 
0, 65065725,3120.00, 100.00, 0.00, 2.35, 0, 0 
1, 69919699,3121.00, 100.00, 0.00, 2.35, 0, 0 
2, 75071137,3122.00, 100.00, 0.00, 2.35, 0, 0 
3, 74997414,3122.00, 100.00, 0.00, 2.35, 0, 0 
4, 74983521,3122.00, 100.00, 0.00, 2.35, 0, 0 
5, 75036901,3122.00, 100.00, 0.00, 2.35, 0, 0 
6, 70032577,3122.00, 100.00, 0.00, 2.35, 0, 0 
7, 69915996,3122.00, 100.00, 0.00, 2.35, 0, 0 
8, 69974619,3122.00, 100.00, 0.00, 2.35, 0, 0 
9, 69949210,3122.00, 100.00, 0.00, 2.35, 0, 0 
0, 59813721,3122.00, 100.00, 0.00, 2.35, 0, 0 
1, 55097163,3122.00, 100.00, 0.00, 2.35, 0, 0 
2, 49910001,3122.00, 100.00, 0.00, 2.35, 0, 0 
3, 50128506,3122.00, 100.00, 0.00, 2.35, 0, 0 
4, 49912429,3122.00, 100.00, 0.00, 2.35, 0, 0 
5, 60039074,3124.00, 100.00, 0.00, 2.35, 0, 0 
6, 59846840,3124.00, 100.00, 0.00, 2.35, 0, 0 
7, 65058009,3125.00, 100.00, 0.00, 2.35, 0, 0 
8, 65039864,3125.00, 100.00, 0.00, 2.35, 0, 0 
9, 70221238,3126.00, 100.00, 0.00, 2.35, 0, 0 
0, 75124213,3127.00, 100.00, 0.00, 2.35, 0, 0 
1, 74978534,3127.00, 100.00, 0.00, 2.35, 0, 0 
2, 75018577,3127.00, 100.00, 0.00, 2.35, 0, 0 
3, 74895282,3127.00, 100.00, 0.00, 2.35, 0, 0 
4, 75118904,3127.00, 100.00, 0.00, 2.35, 0, 0 
5, 74809727,3129.00, 100.00, 0.00, 2.35, 0, 0 
6, 75024056,3129.00, 100.00, 0.00, 2.35, 0, 0 
7, 75010397,3130.00, 100.00, 0.00, 2.35, 0, 0 
8, 75100231,3130.00, 100.00, 0.00, 2.35, 0, 0 
9, 74680393,3131.00, 100.00, 0.00, 2.35, 0, 0 
0, 79946862,3133.00, 100.00, 0.00, 2.35, 0, 0 
1, 79967134,3133.00, 100.00, 0.00, 2.35, 0, 0 
2, 125154804,3142.00, 100.00, 0.00, 2.35, 0, 0 
3, 125090143,3142.00, 100.00, 0.00, 2.35, 0, 0 
4, 124978733,3142.00, 100.00, 0.00, 2.35, 0, 0 
5, 115133310,3142.00, 100.00, 0.00, 2.35, 0, 0 
6, 115001006,3142.00, 100.00, 0.00, 2.35, 0, 0 
7, 114918355,3143.00, 100.00, 0.00, 2.35, 0, 0 
8, 119974243,3144.00, 100.00, 0.00, 2.35, 0, 0 
9, 115045372,3144.00, 100.00, 0.00, 2.35, 0, 0 
0, 104992065,3144.00, 100.00, 0.00, 2.35, 0, 0 
1, 105002205,3144.00, 100.00, 0.00, 2.35, 0, 0 
2, 59919647,3144.00, 100.00, 0.00, 2.35, 0, 0 
3, 59871757,3144.00, 100.00, 0.00, 2.35, 0, 0 
4, 59962907,3144.00, 100.00, 0.00, 2.35, 0, 0 
5, 64983106,3145.00, 100.00, 0.00, 2.35, 0, 0 
6, 65094771,3145.00, 100.00, 0.00, 2.35, 0, 0 
7, 59964799,3145.00, 100.00, 0.00, 2.35, 0, 0 
8, 60017002,3146.00, 100.00, 0.00, 2.35, 0, 0 
9, 59994658,3146.00, 100.00, 0.00, 2.35, 0, 0 
0, 60039300,3146.00, 100.00, 0.00, 2.35, 0, 0 
1, 59981914,3146.00, 100.00, 0.00, 2.35, 0, 0 
2, 59965312,3146.00, 100.00, 0.00, 2.35, 0, 0 
3, 60082819,3146.00, 100.00, 0.00, 2.35, 0, 0 
4, 59920335,3146.00, 100.00, 0.00, 2.35, 0, 0 
5, 55064740,3146.00, 100.00, 0.00, 2.35, 0, 0 
6, 54882742,3146.00, 100.00, 0.00, 2.35, 0, 0 
7, 60062952,3147.00, 100.00, 0.00, 2.35, 0, 0 
8, 54895638,3147.00, 100.00, 0.00, 2.35, 0, 0 
9, 54923334,3147.00, 100.00, 0.00, 2.35, 0, 0 
0, 55032034,3147.00, 100.00, 0.00, 2.35, 0, 0 
1, 55018019,3147.00, 100.00, 0.00, 2.35, 0, 0 
2, 54951672,3147.00, 100.00, 0.00, 2.35, 0, 0 
3, 54924877,3147.00, 100.00, 0.00, 2.35, 0, 0 
4, 55017034,3147.00, 100.00, 0.00, 2.35, 0, 0 
5, 54791655,3147.00, 100.00, 0.00, 2.35, 0, 0 
6, 55071289,3147.00, 100.00, 0.00, 2.35, 0, 0 
7, 49840565,3147.00, 100.00, 0.00, 2.35, 0, 0 
8, 49980056,3147.00, 100.00, 0.00, 2.35, 0, 0 
9, 50109028,3147.00, 100.00, 0.00, 2.35, 0, 0 
0, 49992516,3147.00, 100.00, 0.00, 2.35, 0, 0 
1, 54968817,3148.00, 100.00, 0.00, 2.35, 0, 0 
2, 54983397,3148.00, 100.00, 0.00, 2.35, 0, 0 
3, 55040169,3148.00, 100.00, 0.00, 2.35, 0, 0 
4, 55052020,3148.00, 100.00, 0.00, 2.35, 0, 0 
5, 55072131,3148.00, 100.00, 0.00, 2.35, 0, 0 
6, 54917003,3148.00, 100.00, 0.00, 2.35, 0, 0 
7, 55249737,3148.00, 100.00, 0.00, 2.35, 0, 0 
8, 54970937,3148.00, 100.00, 0.00, 2.35, 0, 0 
9, 55056273,3148.00, 100.00, 0.00, 2.35, 0, 0 
0, 55089676,3148.00, 100.00, 0.00, 2.35, 0, 0 
1, 49902063,3148.00, 100.00, 0.00, 2.35, 0, 0 
2, 49931516,3148.00, 100.00, 0.00, 2.35, 0, 0 
3, 49977433,3148.00, 100.00, 0.00, 2.35, 0, 0 
4, 49971521,3148.00, 100.00, 0.00, 2.35, 0, 0 
5, 50057183,3148.00, 100.00, 0.00, 2.35, 0, 0 
6, 49902159,3148.00, 100.00, 0.00, 2.35, 0, 0 
7, 49923629,3148.00, 100.00, 0.00, 2.35, 0, 0 
8, 50137095,3148.00, 100.00, 0.00, 2.35, 0, 0 
9, 49961077,3148.00, 100.00, 0.00, 2.35, 0, 0 
0, 50042522,3148.00, 100.00, 0.00, 2.35, 0, 0 
1, 50139215,3148.00, 100.00, 0.00, 2.35, 0, 0 
2, 50162940,3148.00, 100.00, 0.00, 2.35, 0, 0 
3, 55028058,3149.00, 100.00, 0.00, 2.35, 0, 0 
4, 59961636,3150.00, 100.00, 0.00, 2.35, 0, 0 
5, 60037105,3150.00, 100.00, 0.00, 2.35, 0, 0 
6, 60070748,3150.00, 100.00, 0.00, 2.35, 0, 0 
7, 59931808,3150.00, 100.00, 0.00, 2.35, 0, 0 
8, 59918877,3150.00, 100.00, 0.00, 2.35, 0, 0 
9, 65005483,3151.00, 100.00, 0.00, 2.35, 0, 0 
0, 64833489,3151.00, 100.00, 0.00, 2.35, 0, 0 
1, 64993314,3151.00, 100.00, 0.00, 2.35, 0, 0 
2, 64990527,3151.00, 100.00, 0.00, 2.35, 0, 0 
3, 64985080,3152.00, 100.00, 0.00, 2.35, 0, 0 
4, 60074548,3152.00, 100.00, 0.00, 2.35, 0, 0 
5, 59967546,3152.00, 100.00, 0.00, 2.35, 0, 0 
6, 60191824,3152.00, 100.00, 0.00, 2.35, 0, 0 
7, 59960441,3152.00, 100.00, 0.00, 2.35, 0, 0 
8, 59922753,3152.00, 100.00, 0.00, 2.35, 0, 0 
9, 54922797,3152.00, 100.00, 0.00, 2.35, 0, 0 
0, 55088789,3152.00, 100.00, 0.00, 2.35, 0, 0 
1, 54889559,3152.00, 100.00, 0.00, 2.35, 0, 0 
2, 60067350,3153.00, 100.00, 0.00, 2.35, 0, 0 
3, 55014324,3153.00, 100.00, 0.00, 2.35, 0, 0 
4, 54860105,3153.00, 100.00, 0.00, 2.35, 0, 0 
5, 54897107,3153.00, 100.00, 0.00, 2.35, 0, 0 
6, 54760162,3153.00, 100.00, 0.00, 2.35, 0, 0 
7, 55070014,3153.00, 100.00, 0.00, 2.35, 0, 0 
8, 54921161,3153.00, 100.00, 0.00, 2.35, 0, 0 
9, 54997876,3153.00, 100.00, 0.00, 2.35, 0, 0 
0, 59877857,3154.00, 100.00, 0.00, 2.35, 0, 0 
1, 60044741,3154.00, 100.00, 0.00, 2.35, 0, 0 
2, 64954107,3156.00, 100.00, 0.00, 2.35, 0, 0 
3, 75446948,3158.00, 100.00, 0.00, 2.35, 0, 0 
4, 85058339,3160.00, 100.00, 0.00, 2.35, 0, 0 
5, 95190786,3162.00, 100.00, 0.00, 2.35, 0, 0 
6, 95102602,3162.00, 100.00, 0.00, 2.35, 0, 0 
7, 99979529,3163.00, 100.00, 0.00, 2.35, 0, 0 
8, 100143511,3163.00, 100.00, 0.00, 2.35, 0, 0 
9, 100089791,3163.00, 100.00, 0.00, 2.35, 0, 0 
0, 95112198,3163.00, 100.00, 0.00, 2.35, 0, 0 
1, 94973946,3163.00, 100.00, 0.00, 2.35, 0, 0 
2, 84993184,3163.00, 100.00, 0.00, 2.35, 0, 0 
3, 89557291,3166.00, 100.00, 0.00, 2.35, 0, 0 
4, 79973877,3166.00, 100.00, 0.00, 2.35, 0, 0 
5, 69890461,3166.00, 100.00, 0.00, 2.35, 0, 0 
6, 69964543,3166.00, 100.00, 0.00, 2.35, 0, 0 
7, 64997633,3166.00, 100.00, 0.00, 2.35, 0, 0 
8, 64975386,3166.00, 100.00, 0.00, 2.35, 0, 0 
9, 64873393,3166.00, 100.00, 0.00, 2.35, 0, 0 
0, 64958921,3166.00, 100.00, 0.00, 2.35, 0, 0 
1, 64972060,3166.00, 100.00, 0.00, 2.35, 0, 0 
2, 65021482,3166.00, 100.00, 0.00, 2.35, 0, 0 
3, 64987218,3169.00, 100.00, 0.00, 2.35, 0, 0 
4, 69916241,3170.00, 100.00, 0.00, 2.35, 0, 0 
5, 70065237,3170.00, 100.00, 0.00, 2.35, 0, 0 
6, 79960279,3172.00, 100.00, 0.00, 2.35, 0, 0 
7, 89916458,3174.00, 100.00, 0.00, 2.35, 0, 0 
8, 89953630,3174.00, 100.00, 0.00, 2.35, 0, 0 
9, 95187764,3175.00, 100.00, 0.00, 2.35, 0, 0 
0, 94928085,3175.00, 100.00, 0.00, 2.35, 0, 0 
1, 99987896,3176.00, 100.00, 0.00, 2.35, 0, 0 
2, 109907243,3178.00, 100.00, 0.00, 2.35, 0, 0 
3, 95146455,3178.00, 100.00, 0.00, 2.35, 0, 0 
4, 90126242,3178.00, 100.00, 0.00, 2.35, 0, 0 
5, 104818245,3181.00, 100.00, 0.00, 2.35, 0, 0 
6, 95038336,3181.00, 100.00, 0.00, 2.35, 0, 0 
7, 85168893,3181.00, 100.00, 0.00, 2.35, 0, 0 
8, 105125469,3185.00, 100.00, 0.00, 2.35, 0, 0 
9, 99884174,3185.00, 100.00, 0.00, 2.35, 0, 0 
0, 100068916,3185.00, 100.00, 0.00, 2.35, 0, 0 
1, 100003502,3186.00, 100.00, 0.00, 2.35, 0, 0 
2, 89987823,3186.00, 100.00, 0.00, 2.35, 0, 0 
3, 90005800,3186.00, 100.00, 0.00, 2.35, 0, 0 
4, 94914284,3187.00, 100.00, 0.00, 2.35, 0, 0 
5, 95232112,3190.00, 100.00, 0.00, 2.35, 0, 0 
6, 94906723,3190.00, 100.00, 0.00, 2.35, 0, 0 
7, 94827977,3190.00, 100.00, 0.00, 2.35, 0, 0 
8, 75134555,3190.00, 100.00, 0.00, 2.35, 0, 0 
9, 80023204,3191.00, 100.00, 0.00, 2.35, 0, 0 
0, 79832686,3191.00, 100.00, 0.00, 2.35, 0, 0 
1, 75124020,3191.00, 100.00, 0.00, 2.35, 0, 0 
2, 80049474,3192.00, 100.00, 0.00, 2.35, 0, 0 
3, 80095040,3192.00, 100.00, 0.00, 2.35, 0, 0 
4, 85121696,3194.00, 100.00, 0.00, 2.35, 0, 0 
5, 79828891,3196.00, 100.00, 0.00, 2.35, 0, 0 
6, 80078649,3196.00, 100.00, 0.00, 2.35, 0, 0 
7, 85175234,3197.00, 100.00, 0.00, 2.35, 0, 0 
8, 84833919,3197.00, 100.00, 0.00, 2.35, 0, 0 
9, 85020699,3198.00, 100.00, 0.00, 2.35, 0, 0 
0, 100192020,3201.00, 100.00, 0.00, 2.35, 0, 0 
1, 100055719,3201.00, 100.00, 0.00, 2.35, 0, 0 
2, 99954015,3202.00, 100.00, 0.00, 2.35, 0, 0 
3, 104646196,3203.00, 100.00, 0.00, 2.35, 0, 0 
4, 94918802,3203.00, 100.00, 0.00, 2.35, 0, 0 
5, 85142193,3203.00, 100.00, 0.00, 2.35, 0, 0 
6, 89997276,3204.00, 100.00, 0.00, 2.35, 0, 0 
7, 89876908,3205.00, 100.00, 0.00, 2.35, 0, 0 
8, 89934359,3205.00, 100.00, 0.00, 2.35, 0, 0 
9, 90032263,3206.00, 100.00, 0.00, 2.35, 0, 0 
0, 79907303,3207.00, 100.00, 0.00, 2.35, 0, 0 
1, 84961282,3208.00, 100.00, 0.00, 2.35, 0, 0 
2, 84970903,3209.00, 100.00, 0.00, 2.35, 0, 0 
3, 80077649,3209.00, 100.00, 0.00, 2.35, 0, 0 
4, 84951395,3210.00, 100.00, 0.00, 2.35, 0, 0 
5, 84860883,3210.00, 100.00, 0.00, 2.35, 0, 0 
6, 79989680,3210.00, 100.00, 0.00, 2.35, 0, 0 
7, 74960625,3210.00, 100.00, 0.00, 2.35, 0, 0 
8, 75129336,3210.00, 100.00, 0.00, 2.35, 0, 0 
9, 69948741,3210.00, 100.00, 0.00, 2.35, 0, 0 
0, 65011621,3210.00, 100.00, 0.00, 2.35, 0, 0 
1, 59955483,3210.00, 100.00, 0.00, 2.35, 0, 0 
2, 55091978,3210.00, 100.00, 0.00, 2.35, 0, 0 
3, 55032815,3210.00, 100.00, 0.00, 2.35, 0, 0 
4, 50063906,3210.00, 100.00, 0.00, 2.35, 0, 0 
5, 50104360,3210.00, 100.00, 0.00, 2.35, 0, 0 
6, 49978371,3210.00, 100.00, 0.00, 2.35, 0, 0 
7, 50005777,3210.00, 100.00, 0.00, 2.35, 0, 0 
8, 50007728,3210.00, 100.00, 0.00, 2.35, 0, 0 
9, 60033174,3212.00, 100.00, 0.00, 2.35, 0, 0 
0, 64975406,3213.00, 100.00, 0.00, 2.35, 0, 0 
1, 65069018,3213.00, 100.00, 0.00, 2.35, 0, 0 
2, 65028423,3213.00, 100.00, 0.00, 2.35, 0, 0 
3, 69897168,3214.00, 100.00, 0.00, 2.35, 0, 0 
4, 69988461,3214.00, 100.00, 0.00, 2.35, 0, 0 
5, 69955267,3214.00, 100.00, 0.00, 2.35, 0, 0 
6, 70090503,3214.00, 100.00, 0.00, 2.35, 0, 0 
7, 69959141,3214.00, 100.00, 0.00, 2.35, 0, 0 
8, 69917324,3214.00, 100.00, 0.00, 2.35, 0, 0 
9, 59938266,3214.00, 100.00, 0.00, 2.35, 0, 0 
0, 55048748,3214.00, 100.00, 0.00, 2.35, 0, 0 
1, 59953361,3215.00, 100.00, 0.00, 2.35, 0, 0 
2, 59961289,3215.00, 100.00, 0.00, 2.35, 0, 0 
3, 55122873,3215.00, 100.00, 0.00, 2.35, 0, 0 
4, 55029064,3215.00, 100.00, 0.00, 2.35, 0, 0 
5, 54960824,3215.00, 100.00, 0.00, 2.35, 0, 0 
6, 54958087,3215.00, 100.00, 0.00, 2.35, 0, 0 
7, 60149856,3216.00, 100.00, 0.00, 2.35, 0, 0 
8, 59975656,3216.00, 100.00, 0.00, 2.35, 0, 0 
9, 59954460,3216.00, 100.00, 0.00, 2.35, 0, 0 
0, 59901620,3216.00, 100.00, 0.00, 2.35, 0, 0 
1, 54812820,3216.00, 100.00, 0.00, 2.35, 0, 0 
2, 55026599,3216.00, 100.00, 0.00, 2.35, 0, 0 
3, 54998729,3216.00, 100.00, 0.00, 2.35, 0, 0 
4, 54983201,3216.00, 100.00, 0.00, 2.35, 0, 0 
5, 54975594,3216.00, 100.00, 0.00, 2.35, 0, 0 
6, 54982939,3216.00, 100.00, 0.00, 2.35, 0, 0 
7, 49822296,3216.00, 100.00, 0.00, 2.35, 0, 0 
8, 54922864,3217.00, 100.00, 0.00, 2.35, 0, 0 
9, 55067496,3217.00, 100.00, 0.00, 2.35, 0, 0 
0, 60292061,3218.00, 100.00, 0.00, 2.35, 0, 0 
1, 60056616,3218.00, 100.00, 0.00, 2.35, 0, 0 
2, 59971106,3218.00, 100.00, 0.00, 2.35, 0, 0 
3, 59941837,3218.00, 100.00, 0.00, 2.35, 0, 0 
4, 60030917,3218.00, 100.00, 0.00, 2.35, 0, 0 
5, 60048219,3218.00, 100.00, 0.00, 2.35, 0, 0 
6, 60000527,3218.00, 100.00, 0.00, 2.35, 0, 0 
7, 60087880,3218.00, 100.00, 0.00, 2.35, 0, 0 
8, 55049449,3218.00, 100.00, 0.00, 2.35, 0, 0 
9, 54924189,3218.00, 100.00, 0.00, 2.35, 0, 0 
0, 49783237,3218.00, 100.00, 0.00, 2.35, 0, 0 
1, 49950028,3218.00, 100.00, 0.00, 2.35, 0, 0 
2, 49906727,3218.00, 100.00, 0.00, 2.35, 0, 0 
3, 50024199,3218.00, 100.00, 0.00, 2.35, 0, 0 
4, 49895762,3218.00, 100.00, 0.00, 2.35, 0, 0 
5, 55058258,3219.00, 100.00, 0.00, 2.35, 0, 0 
6, 54984063,3219.00, 100.00, 0.00, 2.35, 0, 0 
7, 55017677,3219.00, 100.00, 0.00, 2.35, 0, 0 
8, 54892991,3219.00, 100.00, 0.00, 2.35, 0, 0 
9, 55087637,3219.00, 100.00, 0.00, 2.35, 0, 0 
0, 54915679,3219.00, 100.00, 0.00, 2.35, 0, 0 
1, 55090625,3219.00, 100.00, 0.00, 2.35, 0, 0 
2, 60125498,3220.00, 100.00, 0.00, 2.35, 0, 0 
3, 60015310,3220.00, 100.00, 0.00, 2.35, 0, 0 
4, 60067443,3220.00, 100.00, 0.00, 2.35, 0, 0 
5, 55127856,3220.00, 100.00, 0.00, 2.35, 0, 0 
6, 54921297,3220.00, 100.00, 0.00, 2.35, 0, 0 
7, 54879373,3220.00, 100.00, 0.00, 2.35, 0, 0 
8, 55111809,3220.00, 100.00, 0.00, 2.35, 0, 0 
9, 54972520,3220.00, 100.00, 0.00, 2.35, 0, 0 
0, 55084079,3220.00, 100.00, 0.00, 2.35, 0, 0 
1, 54925409,3220.00, 100.00, 0.00, 2.35, 0, 0 
2, 50023403,3220.00, 100.00, 0.00, 2.35, 0, 0 
3, 50004642,3220.00, 100.00, 0.00, 2.35, 0, 0 
4, 50001762,3220.00, 100.00, 0.00, 2.35, 0, 0 
5, 49866110,3220.00, 100.00, 0.00, 2.35, 0, 0 
6, 50060423,3220.00, 100.00, 0.00, 2.35, 0, 0 
7, 50007630,3220.00, 100.00, 0.00, 2.35, 0, 0 
8, 49962267,3220.00, 100.00, 0.00, 2.35, 0, 0 
9, 50029600,3220.00, 100.00, 0.00, 2.35, 0, 0 
0, 60050558,3222.00, 100.00, 0.00, 2.35, 0, 0 
1, 60073230,3222.00, 100.00, 0.00, 2.35, 0, 0 
2, 59856028,3222.00, 100.00, 0.00, 2.35, 0, 0 
3, 60031447,3222.00, 100.00, 0.00, 2.35, 0, 0 
4, 70118972,3224.00, 100.00, 0.00, 2.35, 0, 0 
5, 69865953,3224.00, 100.00, 0.00, 2.35, 0, 0 
6, 74998289,3225.00, 100.00, 0.00, 2.35, 0, 0 
7, 75160518,3225.00, 100.00, 0.00, 2.35, 0, 0 
8, 80061580,3226.00, 100.00, 0.00, 2.35, 0, 0 
9, 84986090,3227.00, 100.00, 0.00, 2.35, 0, 0 
0, 74963488,3227.00, 100.00, 0.00, 2.35, 0, 0 
1, 75214878,3227.00, 100.00, 0.00, 2.35, 0, 0 
2, 75054531,3227.00, 100.00, 0.00, 2.35, 0, 0 
3, 74953007,3227.00, 100.00, 0.00, 2.35, 0, 0 
4, 64857491,3227.00, 100.00, 0.00, 2.35, 0, 0 
5, 64985130,3227.00, 100.00, 0.00, 2.35, 0, 0 
6, 60004673,3227.00, 100.00, 0.00, 2.35, 0, 0 
7, 59907854,3227.00, 100.00, 0.00, 2.35, 0, 0 
8, 55079725,3227.00, 100.00, 0.00, 2.35, 0, 0 
9, 49909871,3227.00, 100.00, 0.00, 2.35, 0, 0 
0, 49932937,3227.00, 100.00, 0.00, 2.35, 0, 0 
1, 49817753,3227.00, 100.00, 0.00, 2.35, 0, 0 
2, 50063666,3227.00, 100.00, 0.00, 2.35, 0, 0 
3, 50023848,3227.00, 100.00, 0.00, 2.35, 0, 0 
4, 49910085,3227.00, 100.00, 0.00, 2.35, 0, 0 
5, 50102226,3227.00, 100.00, 0.00, 2.35, 0, 0 
6, 54938384,3228.00, 100.00, 0.00, 2.35, 0, 0 
7, 55078052,3228.00, 100.00, 0.00, 2.35, 0, 0 
8, 54925438,3228.00, 100.00, 0.00, 2.35, 0, 0 
9, 55087088,3228.00, 100.00, 0.00, 2.35, 0, 0 
0, 60091070,3229.00, 100.00, 0.00, 2.35, 0, 0 
1, 70050241,3231.00, 100.00, 0.00, 2.35, 0, 0 
2, 74929549,3232.00, 100.00, 0.00, 2.35, 0, 0 
3, 74982956,3232.00, 100.00, 0.00, 2.35, 0, 0 
4, 75018648,3232.00, 100.00, 0.00, 2.35, 0, 0 
5, 74965149,3232.00, 100.00, 0.00, 2.35, 0, 0 
6, 70160259,3232.00, 100.00, 0.00, 2.35, 0, 0 
7, 69960860,3232.00, 100.00, 0.00, 2.35, 0, 0 
8, 69954056,3232.00, 100.00, 0.00, 2.35, 0, 0 
9, 69991817,3232.00, 100.00, 0.00, 2.35, 0, 0 
0, 64964646,3232.00, 100.00, 0.00, 2.35, 0, 0 
1, 54902771,3232.00, 100.00, 0.00, 2.35, 0, 0 
2, 50011361,3232.00, 100.00, 0.00, 2.35, 0, 0 
3, 50059088,3232.00, 100.00, 0.00, 2.35, 0, 0 
4, 50064131,3232.00, 100.00, 0.00, 2.35, 0, 0 
5, 49956485,3232.00, 100.00, 0.00, 2.35, 0, 0 
6, 49909084,3232.00, 100.00, 0.00, 2.35, 0, 0 
7, 50007103,3232.00, 100.00, 0.00, 2.35, 0, 0 
8, 50009635,3232.00, 100.00, 0.00, 2.35, 0, 0 
9, 49947525,3232.00, 100.00, 0.00, 2.35, 0, 0 
0, 50039129,3232.00, 100.00, 0.00, 2.35, 0, 0 
1, 49989183,3232.00, 100.00, 0.00, 2.35, 0, 0 
2, 49998576,3232.00, 100.00, 0.00, 2.35, 0, 0 
3, 54832873,3233.00, 100.00, 0.00, 2.35, 0, 0 
4, 55016284,3233.00, 100.00, 0.00, 2.35, 0, 0 
5, 55255916,3233.00, 100.00, 0.00, 2.35, 0, 0 
6, 54960464,3233.00, 100.00, 0.00, 2.35, 0, 0 
7, 54983497,3233.00, 100.00, 0.00, 2.35, 0, 0 
8, 54987243,3233.00, 100.00, 0.00, 2.35, 0, 0 
9, 54955161,3233.00, 100.00, 0.00, 2.35, 0, 0 
0, 55012172,3233.00, 100.00, 0.00, 2.35, 0, 0 
1, 55010457,3233.00, 100.00, 0.00, 2.35, 0, 0 
2, 55016102,3233.00, 100.00, 0.00, 2.35, 0, 0 
3, 50071432,3233.00, 100.00, 0.00, 2.35, 0, 0 
4, 49989344,3233.00, 100.00, 0.00, 2.35, 0, 0 
5, 54867950,3234.00, 100.00, 0.00, 2.35, 0, 0 
6, 55016960,3234.00, 100.00, 0.00, 2.35, 0, 0 
7, 55015253,3234.00, 100.00, 0.00, 2.35, 0, 0 
8, 55014770,3234.00, 100.00, 0.00, 2.35, 0, 0 
9, 55106064,3234.00, 100.00, 0.00, 2.35, 0, 0 
0, 54828814,3234.00, 100.00, 0.00, 2.35, 0, 0 
1, 55039746,3234.00, 100.00, 0.00, 2.35, 0, 0 
2, 55039518,3234.00, 100.00, 0.00, 2.35, 0, 0 
3, 59924502,3235.00, 100.00, 0.00, 2.35, 0, 0 
4, 60010677,3235.00, 100.00, 0.00, 2.35, 0, 0 
5, 60046904,3236.00, 100.00, 0.00, 2.35, 0, 0 
6, 59996897,3236.00, 100.00, 0.00, 2.35, 0, 0 
7, 64986622,3237.00, 100.00, 0.00, 2.35, 0, 0 
8, 65235920,3237.00, 100.00, 0.00, 2.35, 0, 0 
9, 64942565,3237.00, 100.00, 0.00, 2.35, 0, 0 
0, 64975858,3237.00, 100.00, 0.00, 2.35, 0, 0 
1, 65175356,3237.00, 100.00, 0.00, 2.35, 0, 0 
2, 65026726,3237.00, 100.00, 0.00, 2.35, 0, 0 
3, 75016993,3240.00, 100.00, 0.00, 2.35, 0, 0 
4, 75048758,3240.00, 100.00, 0.00, 2.35, 0, 0 
5, 70027201,3240.00, 100.00, 0.00, 2.35, 0, 0 
6, 70027067,3240.00, 100.00, 0.00, 2.35, 0, 0 
7, 64989429,3240.00, 100.00, 0.00, 2.35, 0, 0 
8, 64758362,3240.00, 100.00, 0.00, 2.35, 0, 0 
9, 64937796,3240.00, 100.00, 0.00, 2.35, 0, 0 
0, 65141572,3240.00, 100.00, 0.00, 2.35, 0, 0 
1, 64760700,3240.00, 100.00, 0.00, 2.35, 0, 0 
2, 64920736,3240.00, 100.00, 0.00, 2.35, 0, 0 
3, 49988459,3240.00, 100.00, 0.00, 2.35, 0, 0 
4, 49961151,3240.00, 100.00, 0.00, 2.35, 0, 0 
5, 49779084,3240.00, 100.00, 0.00, 2.35, 0, 0 
6, 49995053,3240.00, 100.00, 0.00, 2.35, 0, 0 
7, 50035451,3240.00, 100.00, 0.00, 2.35, 0, 0 
8, 49948723,3240.00, 100.00, 0.00, 2.35, 0, 0 
9, 50030275,3240.00, 100.00, 0.00, 2.35, 0, 0 
0, 49980763,3240.00, 100.00, 0.00, 2.35, 0, 0 
1, 50029363,3240.00, 100.00, 0.00, 2.35, 0, 0 
2, 50012532,3240.00, 100.00, 0.00, 2.35, 0, 0 
3, 50029849,3240.00, 100.00, 0.00, 2.35, 0, 0 
4, 49963907,3240.00, 100.00, 0.00, 2.35, 0, 0 
5, 50078184,3240.00, 100.00, 0.00, 2.35, 0, 0 
6, 49960702,3240.00, 100.00, 0.00, 2.35, 0, 0 
7, 59938513,3242.00, 100.00, 0.00, 2.35, 0, 0 
8, 65029176,3243.00, 100.00, 0.00, 2.35, 0, 0 
9, 65092088,3243.00, 100.00, 0.00, 2.35, 0, 0 
0, 64915221,3243.00, 100.00, 0.00, 2.35, 0, 0 
1, 70084564,3244.00, 100.00, 0.00, 2.35, 0, 0 
2, 69893579,3244.00, 100.00, 0.00, 2.35, 0, 0 
3, 70037133,3244.00, 100.00, 0.00, 2.35, 0, 0 
4, 75051663,3245.00, 100.00, 0.00, 2.35, 0, 0 
5, 74959470,3245.00, 100.00, 0.00, 2.35, 0, 0 
6, 74997316,3245.00, 100.00, 0.00, 2.35, 0, 0 
7, 64960507,3245.00, 100.00, 0.00, 2.35, 0, 0 
8, 59967580,3245.00, 100.00, 0.00, 2.35, 0, 0 
9, 59763687,3245.00, 100.00, 0.00, 2.35, 0, 0 
0, 59792134,3245.00, 100.00, 0.00, 2.35, 0, 0 
1, 54627228,3245.00, 100.00, 0.00, 2.35, 0, 0 
2, 54775932,3245.00, 100.00, 0.00, 2.35, 0, 0 
3, 54756968,3245.00, 100.00, 0.00, 2.35, 0, 0 
4, 49644089,3245.00, 100.00, 0.00, 2.35, 0, 0 
5, 49695039,3245.00, 100.00, 0.00, 2.35, 0, 0 
6, 54755604,3246.00, 100.00, 0.00, 2.35, 0, 0 
7, 54838818,3246.00, 100.00, 0.00, 2.35, 0, 0 
8, 54788929,3246.00, 100.00, 0.00, 2.35, 0, 0 
9, 54999973,3246.00, 100.00, 0.00, 2.35, 0, 0 
0, 55077555,3246.00, 100.00, 0.00, 2.35, 0, 0 
1, 55140097,3246.00, 100.00, 0.00, 2.35, 0, 0 
2, 55252429,3246.00, 100.00, 0.00, 2.35, 0, 0 
3, 55277811,3246.00, 100.00, 0.00, 2.35, 0, 0 
4, 60231680,3247.00, 100.00, 0.00, 2.35, 0, 0 
5, 60306423,3247.00, 100.00, 0.00, 2.35, 0, 0 
6, 60176896,3248.00, 100.00, 0.00, 2.35, 0, 0 
7, 65210053,3249.00, 100.00, 0.00, 2.35, 0, 0 
8, 70174838,3250.00, 100.00, 0.00, 2.35, 0, 0 
9, 70223686,3250.00, 100.00, 0.00, 2.35, 0, 0 
0, 70189618,3250.00, 100.00, 0.00, 2.35, 0, 0 
1, 70014059,3250.00, 100.00, 0.00, 2.35, 0, 0 
2, 70157153,3250.00, 100.00, 0.00, 2.35, 0, 0 
3, 69965970,3250.00, 100.00, 0.00, 2.35, 0, 0 
4, 70152488,3251.00, 100.00, 0.00, 2.35, 0, 0 
5, 75074569,3252.00, 100.00, 0.00, 2.35, 0, 0 
6, 70199727,3252.00, 100.00, 0.00, 2.35, 0, 0 
7, 64972966,3252.00, 100.00, 0.00, 2.35, 0, 0 
8, 70063654,3254.00, 100.00, 0.00, 2.35, 0, 0 
9, 75045209,3255.00, 100.00, 0.00, 2.35, 0, 0 
0, 75070368,3255.00, 100.00, 0.00, 2.35, 0, 0 
1, 75071975,3255.00, 100.00, 0.00, 2.35, 0, 0 
2, 74935084,3255.00, 100.00, 0.00, 2.35, 0, 0 
3, 80148403,3256.00, 100.00, 0.00, 2.35, 0, 0 
4, 74869107,3256.00, 100.00, 0.00, 2.35, 0, 0 
5, 70061417,3256.00, 100.00, 0.00, 2.35, 0, 0 
6, 69937782,3256.00, 100.00, 0.00, 2.35, 0, 0 
7, 70120300,3256.00, 100.00, 0.00, 2.35, 0, 0 
8, 59965658,3256.00, 100.00, 0.00, 2.35, 0, 0 
9, 54845262,3256.00, 100.00, 0.00, 2.35, 0, 0 
0, 55027616,3256.00, 100.00, 0.00, 2.35, 0, 0 
1, 55034213,3256.00, 100.00, 0.00, 2.35, 0, 0 
2, 54828725,3256.00, 100.00, 0.00, 2.35, 0, 0 
3, 49922626,3256.00, 100.00, 0.00, 2.35, 0, 0 
4, 50026937,3256.00, 100.00, 0.00, 2.35, 0, 0 
5, 54795672,3257.00, 100.00, 0.00, 2.35, 0, 0 
6, 54987792,3257.00, 100.00, 0.00, 2.35, 0, 0 
7, 54979664,3257.00, 100.00, 0.00, 2.35, 0, 0 
8, 55079731,3257.00, 100.00, 0.00, 2.35, 0, 0 
9, 55135486,3257.00, 100.00, 0.00, 2.35, 0, 0 
0, 54882990,3257.00, 100.00, 0.00, 2.35, 0, 0 
1, 54885808,3257.00, 100.00, 0.00, 2.35, 0, 0 
2, 55193558,3257.00, 100.00, 0.00, 2.35, 0, 0 
3, 54919890,3257.00, 100.00, 0.00, 2.35, 0, 0 
4, 54811396,3257.00, 100.00, 0.00, 2.35, 0, 0 
5, 50013953,3257.00, 100.00, 0.00, 2.35, 0, 0 
6, 49922092,3257.00, 100.00, 0.00, 2.35, 0, 0 
7, 49851563,3257.00, 100.00, 0.00, 2.35, 0, 0 
8, 50037361,3257.00, 100.00, 0.00, 2.35, 0, 0 
9, 49942037,3257.00, 100.00, 0.00, 2.35, 0, 0 
0, 49873249,3257.00, 100.00, 0.00, 2.35, 0, 0 
1, 55162966,3258.00, 100.00, 0.00, 2.35, 0, 0 
2, 54877294,3258.00, 100.00, 0.00, 2.35, 0, 0 
3, 55133578,3258.00, 100.00, 0.00, 2.35, 0, 0 
4, 55249286,3258.00, 100.00, 0.00, 2.35, 0, 0 
5, 55032012,3258.00, 100.00, 0.00, 2.35, 0, 0 
6, 54925157,3258.00, 100.00, 0.00, 2.35, 0, 0 
7, 55037986,3258.00, 100.00, 0.00, 2.35, 0, 0 
8, 54729204,3258.00, 100.00, 0.00, 2.35, 0, 0 
9, 55144960,3258.00, 100.00, 0.00, 2.35, 0, 0 
0, 55042738,3258.00, 100.00, 0.00, 2.35, 0, 0 
1, 49958414,3258.00, 100.00, 0.00, 2.35, 0, 0 
2, 49948519,3258.00, 100.00, 0.00, 2.35, 0, 0 
3, 49814373,3258.00, 100.00, 0.00, 2.35, 0, 0 
4, 49937517,3258.00, 100.00, 0.00, 2.35, 0, 0 
5, 55109565,3259.00, 100.00, 0.00, 2.35, 0, 0 
6, 55326581,3259.00, 100.00, 0.00, 2.35, 0, 0 
7, 55021541,3259.00, 100.00, 0.00, 2.35, 0, 0 
8, 55086700,3259.00, 100.00, 0.00, 2.35, 0, 0 
9, 54754319,3259.00, 100.00, 0.00, 2.35, 0, 0 
0, 55070829,3259.00, 100.00, 0.00, 2.35, 0, 0 
1, 54931512,3259.00, 100.00, 0.00, 2.35, 0, 0 
2, 55119908,3259.00, 100.00, 0.00, 2.35, 0, 0 
3, 55064287,3259.00, 100.00, 0.00, 2.35, 0, 0 
4, 54958282,3259.00, 100.00, 0.00, 2.35, 0, 0 
5, 54844013,3260.00, 100.00, 0.00, 2.35, 0, 0 
6, 54837421,3260.00, 100.00, 0.00, 2.35, 0, 0 
7, 55023684,3260.00, 100.00, 0.00, 2.35, 0, 0 
8, 54953746,3260.00, 100.00, 0.00, 2.35, 0, 0 
9, 55133827,3260.00, 100.00, 0.00, 2.35, 0, 0 
0, 54935086,3260.00, 100.00, 0.00, 2.35, 0, 0 
1, 55078392,3260.00, 100.00, 0.00, 2.35, 0, 0 
2, 70198948,3263.00, 100.00, 0.00, 2.35, 0, 0 
3, 69843688,3263.00, 100.00, 0.00, 2.35, 0, 0 
4, 864750565,3422.00, 100.00, 0.00, 2.35, 0, 0 
5, 864692848,3423.00, 100.00, 0.00, 2.35, 0, 0 
6, 864541063,3423.00, 100.00, 0.00, 2.35, 0, 0 
7, 869564086,3424.00, 100.00, 0.00, 2.35, 0, 0 
8, 869740596,3424.00, 100.00, 0.00, 2.35, 0, 0 
9, 874555393,3425.00, 100.00, 0.00, 2.35, 0, 0 
0, 874716177,3425.00, 100.00, 0.00, 2.35, 0, 0 
1, 349600289,3520.00, 100.00, 0.00, 2.35, 0, 0 
2, 344371842,3522.00, 100.00, 0.00, 2.35, 0, 0 
3, 344762846,3522.00, 100.00, 0.00, 2.35, 0, 0 
4, 554914474,3523.00, 100.00, 0.00, 2.35, 0, 0 
5, 554991408,3524.00, 100.00, 0.00, 2.35, 0, 0 
6, 570024709,3527.00, 100.00, 0.00, 2.35, 0, 0 
7, 575036861,3529.00, 100.00, 0.00, 2.35, 0, 0 
8, 580054620,3530.00, 100.00, 0.00, 2.35, 0, 0 
9, 575013055,3530.00, 100.00, 0.00, 2.35, 0, 0 
0, 584986977,3532.00, 100.00, 0.00, 2.35, 0, 0 
1, 120048601,3534.00, 100.00, 0.00, 2.35, 0, 0 
2, 110029833,3534.00, 100.00, 0.00, 2.35, 0, 0 
3, 109985431,3534.00, 100.00, 0.00, 2.35, 0, 0 
4, 105013342,3534.00, 100.00, 0.00, 2.35, 0, 0 
5, 99995266,3534.00, 100.00, 0.00, 2.35, 0, 0 
6, 84957154,3534.00, 100.00, 0.00, 2.35, 0, 0 
7, 75014005,3534.00, 100.00, 0.00, 2.35, 0, 0 
8, 69969219,3534.00, 100.00, 0.00, 2.35, 0, 0 
9, 850310293,3690.00, 100.00, 0.00, 2.35, 0, 0 
0, 885505062,3699.00, 100.00, 0.00, 2.35, 0, 0 
1, 920302839,3708.00, 100.00, 0.00, 2.35, 0, 0 
2, 985348040,3721.00, 100.00, 0.00, 2.35, 0, 0 
3, 995305963,3723.00, 100.00, 0.00, 2.35, 0, 0 
4, 94987183,3743.00, 100.00, 0.00, 2.35, 0, 0 
5, 115456425,3747.00, 100.00, 0.00, 2.35, 0, 0 
6, 145043901,3753.00, 100.00, 0.00, 2.35, 0, 0 
7, 144967221,3753.00, 100.00, 0.00, 2.35, 0, 0 
8, 144973423,3753.00, 100.00, 0.00, 2.35, 0, 0 
9, 364700217,3753.00, 100.00, 0.00, 2.35, 0, 0 
0, 320189640,3753.00, 100.00, 0.00, 2.35, 0, 0 
1, 274617861,3753.00, 100.00, 0.00, 2.35, 0, 0 
2, 209589007,3753.00, 100.00, 0.00, 2.35, 0, 0 
3, 199672411,3753.00, 100.00, 0.00, 2.35, 0, 0 
4, 99953105,3752.00, 100.00, 0.00, 2.35, 0, 0 
5, 79523709,3753.00, 100.00, 0.00, 2.35, 0, 0 
6, 50569096,3753.00, 100.00, 0.00, 2.35, 0, 0 
7, 80083628,3759.00, 100.00, 0.00, 2.35, 0, 0 
8, 255305153,3794.00, 100.00, 0.00, 2.35, 0, 0 
9, 270444603,3797.00, 100.00, 0.00, 2.35, 0, 0 
0, 269478499,3797.00, 100.00, 0.00, 2.35, 0, 0 
1, 270436514,3797.00, 100.00, 0.00, 2.35, 0, 0 
2, 270486801,3797.00, 100.00, 0.00, 2.35, 0, 0 
3, 270334443,3797.00, 100.00, 0.00, 2.35, 0, 0 
4, 270245849,3797.00, 100.00, 0.00, 2.35, 0, 0 
5, 270302923,3797.00, 100.00, 0.00, 2.35, 0, 0 
6, 269560434,3797.00, 100.00, 0.00, 2.35, 0, 0 
7, 240243724,3797.00, 100.00, 0.00, 2.35, 0, 0 
8, 64889117,3797.00, 100.00, 0.00, 2.35, 0, 0 
9, 49924284,3797.00, 100.00, 0.00, 2.35, 0, 0 
0, 50168740,3797.00, 100.00, 0.00, 2.35, 0, 0 
1, 49827481,3797.00, 100.00, 0.00, 2.35, 0, 0 
2, 49919926,3797.00, 100.00, 0.00, 2.35, 0, 0 
3, 49955290,3797.00, 100.00, 0.00, 2.35, 0, 0 
4, 50136730,3797.00, 100.00, 0.00, 2.35, 0, 0 
5, 50302572,3797.00, 100.00, 0.00, 2.35, 0, 0 
6, 50013674,3797.00, 100.00, 0.00, 2.35, 0, 0 
7, 49853280,3797.00, 100.00, 0.00, 2.35, 0, 0 
8, 50105209,3797.00, 100.00, 0.00, 2.35, 0, 0 
9, 49911663,3797.00, 100.00, 0.00, 2.35, 0, 0 
0, 49996994,3797.00, 100.00, 0.00, 2.35, 0, 0 
1, 50061662,3797.00, 100.00, 0.00, 2.35, 0, 0 
2, 49804246,3797.00, 100.00, 0.00, 2.35, 0, 0 
3, 49817569,3797.00, 100.00, 0.00, 2.35, 0, 0 
4, 49723888,3797.00, 100.00, 0.00, 2.35, 0, 0 
5, 49427776,3797.00, 100.00, 0.00, 2.35, 0, 0 
6, 49810877,3797.00, 100.00, 0.00, 2.35, 0, 0 
7, 49852047,3797.00, 100.00, 0.00, 2.35, 0, 0 
8, 49724507,3797.00, 100.00, 0.00, 2.35, 0, 0 
9, 49672845,3797.00, 100.00, 0.00, 2.35, 0, 0 
0, 49650016,3797.00, 100.00, 0.00, 2.35, 0, 0 
1, 49675944,3797.00, 100.00, 0.00, 2.35, 0, 0 
2, 49824755,3797.00, 100.00, 0.00, 2.35, 0, 0 
3, 49983088,3797.00, 100.00, 0.00, 2.35, 0, 0 
4, 49855454,3796.00, 100.00, 0.00, 2.35, 0, 0 
5, 49938738,3797.00, 100.00, 0.00, 2.35, 0, 0 
6, 50079651,3797.00, 100.00, 0.00, 2.35, 0, 0 
7, 49888503,3797.00, 100.00, 0.00, 2.35, 0, 0 
8, 49909071,3797.00, 100.00, 0.00, 2.35, 0, 0 
9, 50021972,3797.00, 100.00, 0.00, 2.35, 0, 0 
0, 49984963,3796.00, 100.00, 0.00, 2.35, 0, 0 
1, 49964820,3797.00, 100.00, 0.00, 2.35, 0, 0 
2, 50701341,3797.00, 100.00, 0.00, 2.35, 0, 0 
3, 49911744,3797.00, 100.00, 0.00, 2.35, 0, 0 
4, 50044096,3797.00, 100.00, 0.00, 2.35, 0, 0 
5, 50017359,3797.00, 100.00, 0.00, 2.35, 0, 0 
6, 49887093,3797.00, 100.00, 0.00, 2.35, 0, 0 
7, 50030531,3797.00, 100.00, 0.00, 2.35, 0, 0 
8, 49987470,3797.00, 100.00, 0.00, 2.35, 0, 0 
9, 49963125,3797.00, 100.00, 0.00, 2.35, 0, 0 
0, 49977264,3797.00, 100.00, 0.00, 2.35, 0, 0 
1, 50000301,3796.00, 100.00, 0.00, 2.35, 0, 0 
2, 49225673,3796.00, 100.00, 0.00, 2.35, 0, 0 
3, 49944336,3797.00, 100.00, 0.00, 2.35, 0, 0 
4, 49976062,3797.00, 100.00, 0.00, 2.35, 0, 0 
5, 49959507,3796.00, 100.00, 0.00, 2.35, 0, 0 
6, 50008270,3797.00, 100.00, 0.00, 2.35, 0, 0 
7, 50055272,3797.00, 100.00, 0.00, 2.35, 0, 0 
8, 50146913,3797.00, 100.00, 0.00, 2.35, 0, 0 
9, 50051950,3797.00, 100.00, 0.00, 2.35, 0, 0 
0, 50089999,3797.00, 100.00, 0.00, 2.35, 0, 0 
1, 50066468,3797.00, 100.00, 0.00, 2.35, 0, 0 
2, 50072715,3797.00, 100.00, 0.00, 2.35, 0, 0 
3, 50162807,3797.00, 100.00, 0.00, 2.35, 0, 0 
4, 50108596,3797.00, 100.00, 0.00, 2.35, 0, 0 
5, 50026442,3797.00, 100.00, 0.00, 2.35, 0, 0 
6, 50081086,3797.00, 100.00, 0.00, 2.35, 0, 0 
7, 50059283,3797.00, 100.00, 0.00, 2.35, 0, 0 
8, 49948825,3797.00, 100.00, 0.00, 2.35, 0, 0 
9, 49996141,3797.00, 100.00, 0.00, 2.35, 0, 0 
0, 50036561,3797.00, 100.00, 0.00, 2.35, 0, 0 
1, 50034605,3797.00, 100.00, 0.00, 2.35, 0, 0 
2, 50022196,3797.00, 100.00, 0.00, 2.35, 0, 0 
3, 49981344,3797.00, 100.00, 0.00, 2.35, 0, 0 
4, 49867217,3797.00, 100.00, 0.00, 2.35, 0, 0 
5, 50044131,3797.00, 100.00, 0.00, 2.35, 0, 0 
6, 49943999,3797.00, 100.00, 0.00, 2.35, 0, 0 
7, 49880071,3797.00, 100.00, 0.00, 2.35, 0, 0 
8, 50049051,3797.00, 100.00, 0.00, 2.35, 0, 0 
9, 50059529,3797.00, 100.00, 0.00, 2.35, 0, 0 
0, 49855586,3797.00, 100.00, 0.00, 2.35, 0, 0 
1, 49864339,3797.00, 100.00, 0.00, 2.35, 0, 0 
2, 49967125,3797.00, 100.00, 0.00, 2.35, 0, 0 
3, 49882363,3797.00, 100.00, 0.00, 2.35, 0, 0 
4, 50070163,3797.00, 100.00, 0.00, 2.35, 0, 0 
5, 49979237,3797.00, 100.00, 0.00, 2.35, 0, 0 
6, 49992918,3797.00, 100.00, 0.00, 2.35, 0, 0 
7, 50015340,3797.00, 100.00, 0.00, 2.35, 0, 0 
8, 49981605,3797.00, 100.00, 0.00, 2.35, 0, 0 
9, 49847770,3797.00, 100.00, 0.00, 2.35, 0, 0 
0, 50103647,3797.00, 100.00, 0.00, 2.35, 0, 0 
1, 50068542,3797.00, 100.00, 0.00, 2.35, 0, 0 
2, 50006256,3797.00, 100.00, 0.00, 2.35, 0, 0 
3, 50107917,3797.00, 100.00, 0.00, 2.35, 0, 0 
4, 50035860,3797.00, 100.00, 0.00, 2.35, 0, 0 
5, 50188316,3797.00, 100.00, 0.00, 2.35, 0, 0 
6, 50198883,3797.00, 100.00, 0.00, 2.35, 0, 0 
7, 50190407,3797.00, 100.00, 0.00, 2.35, 0, 0 
8, 50192753,3797.00, 100.00, 0.00, 2.35, 0, 0 
9, 50385466,3797.00, 100.00, 0.00, 2.35, 0, 0 
0, 50189484,3797.00, 100.00, 0.00, 2.35, 0, 0 
1, 50500308,3797.00, 100.00, 0.00, 2.35, 0, 0 
2, 50280813,3797.00, 100.00, 0.00, 2.35, 0, 0 
3, 50310422,3797.00, 100.00, 0.00, 2.35, 0, 0 
4, 50864250,3797.00, 100.00, 0.00, 2.35, 0, 0 
5, 50208437,3797.00, 100.00, 0.00, 2.35, 0, 0 
6, 49946271,3797.00, 100.00, 0.00, 2.35, 0, 0 
7, 49978002,3797.00, 100.00, 0.00, 2.35, 0, 0 
8, 50378627,3797.00, 100.00, 0.00, 2.35, 0, 0 
9, 50296468,3797.00, 100.00, 0.00, 2.35, 0, 0 
0, 49840798,3797.00, 100.00, 0.00, 2.35, 0, 0 
1, 49464299,3797.00, 100.00, 0.00, 2.35, 0, 0 
2, 50121656,3797.00, 100.00, 0.00, 2.35, 0, 0 
3, 49695009,3797.00, 100.00, 0.00, 2.35, 0, 0 
4, 49052225,3797.00, 100.00, 0.00, 2.35, 0, 0 
5, 49725628,3797.00, 100.00, 0.00, 2.35, 0, 0 
6, 49836474,3797.00, 100.00, 0.00, 2.35, 0, 0 
7, 49823818,3797.00, 100.00, 0.00, 2.35, 0, 0 
8, 49796758,3797.00, 100.00, 0.00, 2.35, 0, 0 
9, 50079426,3797.00, 100.00, 0.00, 2.35, 0, 0 
0, 50166609,3797.00, 100.00, 0.00, 2.35, 0, 0 
1, 50020177,3797.00, 100.00, 0.00, 2.35, 0, 0 
2, 50367495,3797.00, 100.00, 0.00, 2.35, 0, 0 
3, 49936192,3797.00, 100.00, 0.00, 2.35, 0, 0 
4, 55126088,3798.00, 100.00, 0.00, 2.35, 0, 0 
5, 55022371,3798.00, 100.00, 0.00, 2.35, 0, 0 
6, 55037775,3798.00, 100.00, 0.00, 2.35, 0, 0 
7, 55561791,3798.00, 100.00, 0.00, 2.35, 0, 0 
8, 54864198,3798.00, 100.00, 0.00, 2.35, 0, 0 
9, 54377402,3798.00, 100.00, 0.00, 2.35, 0, 0 
0, 54829544,3798.00, 100.00, 0.00, 2.35, 0, 0 
1, 55617730,3798.00, 100.00, 0.00, 2.35, 0, 0 
2, 54190827,3798.00, 100.00, 0.00, 2.35, 0, 0 
3, 60052607,3799.00, 100.00, 0.00, 2.35, 0, 0 
4, 54980352,3799.00, 100.00, 0.00, 2.35, 0, 0 
5, 54847674,3799.00, 100.00, 0.00, 2.35, 0, 0 
6, 55590793,3799.00, 100.00, 0.00, 2.35, 0, 0 
7, 54591814,3799.00, 100.00, 0.00, 2.35, 0, 0 
8, 54805907,3799.00, 100.00, 0.00, 2.35, 0, 0 
9, 54902777,3799.00, 100.00, 0.00, 2.35, 0, 0 
0, 55494843,3799.00, 100.00, 0.00, 2.35, 0, 0 
1, 54948721,3799.00, 100.00, 0.00, 2.35, 0, 0 
2, 55028845,3799.00, 100.00, 0.00, 2.35, 0, 0 
3, 49948930,3799.00, 100.00, 0.00, 2.35, 0, 0 
4, 49958856,3799.00, 100.00, 0.00, 2.35, 0, 0 
5, 50137268,3799.00, 100.00, 0.00, 2.35, 0, 0 
6, 49991460,3799.00, 100.00, 0.00, 2.35, 0, 0 
7, 50034575,3799.00, 100.00, 0.00, 2.35, 0, 0 
8, 49934975,3799.00, 100.00, 0.00, 2.35, 0, 0 
9, 60519170,3801.00, 100.00, 0.00, 2.35, 0, 0 
0, 64465016,3802.00, 100.00, 0.00, 2.35, 0, 0 
1, 64495455,3802.00, 100.00, 0.00, 2.35, 0, 0 
2, 70588562,3803.00, 100.00, 0.00, 2.35, 0, 0 
3, 70323189,3803.00, 100.00, 0.00, 2.35, 0, 0 
4, 95007214,3808.00, 100.00, 0.00, 2.35, 0, 0 
5, 109856735,3811.00, 100.00, 0.00, 2.35, 0, 0 
6, 109415767,3811.00, 100.00, 0.00, 2.35, 0, 0 
7, 115489943,3812.00, 100.00, 0.00, 2.35, 0, 0 
8, 120036958,3813.00, 100.00, 0.00, 2.35, 0, 0 
9, 109530527,3813.00, 100.00, 0.00, 2.35, 0, 0 
0, 115596888,3815.00, 100.00, 0.00, 2.35, 0, 0 
1, 115221823,3815.00, 100.00, 0.00, 2.35, 0, 0 
2, 109676067,3815.00, 100.00, 0.00, 2.35, 0, 0 
3, 109790323,3815.00, 100.00, 0.00, 2.35, 0, 0 
4, 85013361,3815.00, 100.00, 0.00, 2.35, 0, 0 
5, 70190287,3815.00, 100.00, 0.00, 2.35, 0, 0 
6, 79993696,3817.00, 100.00, 0.00, 2.35, 0, 0 
7, 74479677,3817.00, 100.00, 0.00, 2.35, 0, 0 
8, 70604238,3817.00, 100.00, 0.00, 2.35, 0, 0 
9, 70104725,3817.00, 100.00, 0.00, 2.35, 0, 0 
0, 59419025,3817.00, 100.00, 0.00, 2.35, 0, 0 
1, 59791389,3817.00, 100.00, 0.00, 2.35, 0, 0 
2, 59750693,3817.00, 100.00, 0.00, 2.35, 0, 0 
3, 60353330,3817.00, 100.00, 0.00, 2.35, 0, 0 
4, 60079757,3817.00, 100.00, 0.00, 2.35, 0, 0 
5, 59857952,3817.00, 100.00, 0.00, 2.35, 0, 0 
6, 50406261,3817.00, 100.00, 0.00, 2.35, 0, 0 
7, 50344927,3817.00, 100.00, 0.00, 2.35, 0, 0 
8, 50048996,3817.00, 100.00, 0.00, 2.35, 0, 0 
9, 50264358,3817.00, 100.00, 0.00, 2.35, 0, 0 
0, 49963900,3817.00, 100.00, 0.00, 2.35, 0, 0 
1, 50012800,3817.00, 100.00, 0.00, 2.35, 0, 0 
2, 50634903,3817.00, 100.00, 0.00, 2.35, 0, 0 
3, 49570186,3817.00, 100.00, 0.00, 2.35, 0, 0 
4, 54876101,3818.00, 100.00, 0.00, 2.35, 0, 0 
5, 54973093,3818.00, 100.00, 0.00, 2.35, 0, 0 
6, 54710878,3818.00, 100.00, 0.00, 2.35, 0, 0 
7, 55314539,3818.00, 100.00, 0.00, 2.35, 0, 0 
8, 59434000,3819.00, 100.00, 0.00, 2.35, 0, 0 
9, 64626815,3820.00, 100.00, 0.00, 2.35, 0, 0 
0, 65336891,3820.00, 100.00, 0.00, 2.35, 0, 0 
1, 65001650,3820.00, 100.00, 0.00, 2.35, 0, 0 
2, 64351333,3820.00, 100.00, 0.00, 2.35, 0, 0 
3, 65002215,3820.00, 100.00, 0.00, 2.35, 0, 0 
4, 65015146,3821.00, 100.00, 0.00, 2.35, 0, 0 
5, 70017456,3822.00, 100.00, 0.00, 2.35, 0, 0 
6, 74888416,3823.00, 100.00, 0.00, 2.35, 0, 0 
7, 79284734,3824.00, 100.00, 0.00, 2.35, 0, 0 
8, 74841098,3824.00, 100.00, 0.00, 2.35, 0, 0 
9, 70324557,3824.00, 100.00, 0.00, 2.35, 0, 0 
0, 69658064,3824.00, 100.00, 0.00, 2.35, 0, 0 
1, 70644177,3824.00, 100.00, 0.00, 2.35, 0, 0 
2, 70318847,3824.00, 100.00, 0.00, 2.35, 0, 0 
3, 70437609,3824.00, 100.00, 0.00, 2.35, 0, 0 
4, 64987927,3824.00, 100.00, 0.00, 2.35, 0, 0 
5, 59997447,3824.00, 100.00, 0.00, 2.35, 0, 0 
6, 55329043,3824.00, 100.00, 0.00, 2.35, 0, 0 
7, 50009088,3824.00, 100.00, 0.00, 2.35, 0, 0 
8, 49981836,3824.00, 100.00, 0.00, 2.35, 0, 0 
9, 49719729,3824.00, 100.00, 0.00, 2.35, 0, 0 
0, 50013757,3824.00, 100.00, 0.00, 2.35, 0, 0 
1, 50083936,3824.00, 100.00, 0.00, 2.35, 0, 0 
2, 50156559,3824.00, 100.00, 0.00, 2.35, 0, 0 
3, 49617176,3824.00, 100.00, 0.00, 2.35, 0, 0 
4, 49927659,3824.00, 100.00, 0.00, 2.35, 0, 0 
5, 49992174,3824.00, 100.00, 0.00, 2.35, 0, 0 
6, 50205400,3824.00, 100.00, 0.00, 2.35, 0, 0 
7, 49984226,3824.00, 100.00, 0.00, 2.35, 0, 0 
8, 50022230,3824.00, 100.00, 0.00, 2.35, 0, 0 
9, 49959894,3824.00, 100.00, 0.00, 2.35, 0, 0 
0, 50036540,3824.00, 100.00, 0.00, 2.35, 0, 0 
1, 50046131,3824.00, 100.00, 0.00, 2.35, 0, 0 
2, 49871767,3824.00, 100.00, 0.00, 2.35, 0, 0 
3, 49964702,3824.00, 100.00, 0.00, 2.35, 0, 0 
4, 50071455,3824.00, 100.00, 0.00, 2.35, 0, 0 
5, 49994507,3824.00, 100.00, 0.00, 2.35, 0, 0 
6, 49517802,3824.00, 100.00, 0.00, 2.35, 0, 0 
7, 49981466,3824.00, 100.00, 0.00, 2.35, 0, 0 
8, 50030879,3824.00, 100.00, 0.00, 2.35, 0, 0 
9, 50058973,3824.00, 100.00, 0.00, 2.35, 0, 0 
0, 49982605,3824.00, 100.00, 0.00, 2.35, 0, 0 
1, 49926998,3824.00, 100.00, 0.00, 2.35, 0, 0 
2, 50395661,3824.00, 100.00, 0.00, 2.35, 0, 0 
3, 64958318,3827.00, 100.00, 0.00, 2.35, 0, 0 
4, 70072152,3828.00, 100.00, 0.00, 2.35, 0, 0 
5, 70128764,3828.00, 100.00, 0.00, 2.35, 0, 0 
6, 70126628,3828.00, 100.00, 0.00, 2.35, 0, 0 
7, 70589477,3828.00, 100.00, 0.00, 2.35, 0, 0 
8, 70715368,3828.00, 100.00, 0.00, 2.35, 0, 0 
9, 70238235,3828.00, 100.00, 0.00, 2.35, 0, 0 
0, 70036910,3828.00, 100.00, 0.00, 2.35, 0, 0 
1, 69284613,3828.00, 100.00, 0.00, 2.35, 0, 0 
2, 69326506,3828.00, 100.00, 0.00, 2.35, 0, 0 
3, 55020466,3828.00, 100.00, 0.00, 2.35, 0, 0 
4, 50106018,3828.00, 100.00, 0.00, 2.35, 0, 0 
5, 49947365,3828.00, 100.00, 0.00, 2.35, 0, 0 
6, 49957031,3828.00, 100.00, 0.00, 2.35, 0, 0 
7, 49764995,3828.00, 100.00, 0.00, 2.35, 0, 0 
8, 49426724,3828.00, 100.00, 0.00, 2.35, 0, 0 
9, 49875090,3828.00, 100.00, 0.00, 2.35, 0, 0 
0, 54987737,3829.00, 100.00, 0.00, 2.35, 0, 0 
1, 55038185,3829.00, 100.00, 0.00, 2.35, 0, 0 
2, 54951556,3829.00, 100.00, 0.00, 2.35, 0, 0 
3, 54943594,3829.00, 100.00, 0.00, 2.35, 0, 0 
4, 54844786,3829.00, 100.00, 0.00, 2.35, 0, 0 
5, 55009616,3829.00, 100.00, 0.00, 2.35, 0, 0 
6, 54897229,3829.00, 100.00, 0.00, 2.35, 0, 0 
7, 54677887,3829.00, 100.00, 0.00, 2.35, 0, 0 
8, 54985884,3829.00, 100.00, 0.00, 2.35, 0, 0 
9, 54880944,3829.00, 100.00, 0.00, 2.35, 0, 0 
0, 49937882,3829.00, 100.00, 0.00, 2.35, 0, 0 
1, 49956873,3829.00, 100.00, 0.00, 2.35, 0, 0 
2, 50072556,3829.00, 100.00, 0.00, 2.35, 0, 0 
3, 50031121,3829.00, 100.00, 0.00, 2.35, 0, 0 
4, 49958068,3829.00, 100.00, 0.00, 2.35, 0, 0 
5, 49989310,3829.00, 100.00, 0.00, 2.35, 0, 0 
6, 49980171,3829.00, 100.00, 0.00, 2.35, 0, 0 
7, 49967395,3829.00, 100.00, 0.00, 2.35, 0, 0 
8, 49979680,3829.00, 100.00, 0.00, 2.35, 0, 0 
9, 50080911,3829.00, 100.00, 0.00, 2.35, 0, 0 
0, 50025192,3829.00, 100.00, 0.00, 2.35, 0, 0 
1, 50367853,3829.00, 100.00, 0.00, 2.35, 0, 0 
2, 49919252,3829.00, 100.00, 0.00, 2.35, 0, 0 
3, 50075710,3829.00, 100.00, 0.00, 2.35, 0, 0 
4, 50125878,3829.00, 100.00, 0.00, 2.35, 0, 0 
5, 54921130,3830.00, 100.00, 0.00, 2.35, 0, 0 
6, 55049279,3830.00, 100.00, 0.00, 2.35, 0, 0 
7, 55036506,3830.00, 100.00, 0.00, 2.35, 0, 0 
8, 54991517,3830.00, 100.00, 0.00, 2.35, 0, 0 
9, 54940368,3830.00, 100.00, 0.00, 2.35, 0, 0 
