Tue Nov 27 17:22:38 2018
StepTime, x, v, f, xdes, vdes, fdes, cmd, IR, LSB, LSF
0, 131267763,0.00, 100.00, 0.00, 2.25, 0, 0 
1, 132050560,0.00, 100.00, 0.00, 2.25, 0, 0 
2, 132847641,0.00, 100.00, 0.00, 2.25, 0, 0 
3, 133739435,0.00, 100.00, 0.00, 2.25, 0, 0 
4, 134843377,0.00, 100.00, 0.00, 2.25, 0, 0 
5, 135941698,0.00, 100.00, 0.00, 2.25, 0, 0 
6, 136917669,0.00, 100.00, 0.00, 2.25, 0, 0 
7, 137864939,0.00, 100.00, 0.00, 2.25, 0, 0 
8, 138811745,0.00, 100.00, 0.00, 2.25, 0, 0 
9, 139704075,0.00, 100.00, 0.00, 2.25, 0, 0 
0, 9178689,0.00, 100.00, 0.00, 2.25, 0, 0 
1, 9118890,0.00, 100.00, 0.00, 2.25, 0, 0 
2, 9148906,0.00, 100.00, 0.00, 2.25, 0, 0 
3, 8996649,0.00, 100.00, 0.00, 2.25, 0, 0 
4, 8722708,0.00, 100.00, 0.00, 2.25, 0, 0 
5, 8403033,0.00, 100.00, 0.00, 2.25, 0, 0 
6, 8303299,0.00, 100.00, 0.00, 2.25, 0, 0 
7, 8216812,0.00, 100.00, 0.00, 2.25, 0, 0 
8, 8004860,0.00, 100.00, 0.00, 2.25, 0, 0 
9, 7864156,0.00, 100.00, 0.00, 2.25, 0, 0 
0, 7684725,0.00, 100.00, 0.00, 2.25, 0, 0 
1, 7534723,0.00, 100.00, 0.00, 2.25, 0, 0 
2, 7341831,0.00, 100.00, 0.00, 2.25, 0, 0 
3, 7280570,0.00, 100.00, 0.00, 2.25, 0, 0 
4, 7130152,0.00, 100.00, 0.00, 2.25, 0, 0 
5, 6776280,0.00, 100.00, 0.00, 2.25, 0, 0 
6, 6351465,0.00, 100.00, 0.00, 2.25, 0, 0 
7, 5843146,0.00, 100.00, 0.00, 2.25, 0, 0 
8, 5569265,0.00, 100.00, 0.00, 2.25, 0, 0 
9, 5692189,0.00, 100.00, 0.00, 2.25, 0, 0 
0, 5953592,0.00, 100.00, 0.00, 2.25, 0, 0 
1, 5896211,0.00, 100.00, 0.00, 2.25, 0, 0 
2, 5783994,0.00, 100.00, 0.00, 2.25, 0, 0 
3, 5695369,0.00, 100.00, 0.00, 2.25, 0, 0 
4, 5823525,0.00, 100.00, 0.00, 2.25, 0, 0 
5, 5926544,0.00, 100.00, 0.00, 2.25, 0, 0 
6, 6020161,0.00, 100.00, 0.00, 2.25, 0, 0 
7, 6192367,0.00, 100.00, 0.00, 2.25, 0, 0 
8, 6284662,0.00, 100.00, 0.00, 2.25, 0, 0 
9, 5946911,0.00, 100.00, 0.00, 2.25, 0, 0 
0, 5600155,0.00, 100.00, 0.00, 2.25, 0, 0 
1, 5603802,0.00, 100.00, 0.00, 2.25, 0, 0 
2, 5622088,0.00, 100.00, 0.00, 2.25, 0, 0 
3, 5543943,0.00, 100.00, 0.00, 2.25, 0, 0 
4, 5242460,0.00, 100.00, 0.00, 2.25, 0, 0 
5, 5226038,0.00, 100.00, 0.00, 2.25, 0, 0 
6, 5215612,0.00, 100.00, 0.00, 2.25, 0, 0 
7, 5217958,0.00, 100.00, 0.00, 2.25, 0, 0 
8, 5194507,0.00, 100.00, 0.00, 2.25, 0, 0 
9, 5361871,0.00, 100.00, 0.00, 2.25, 0, 0 
0, 5465802,0.00, 100.00, 0.00, 2.25, 0, 0 
1, 5539100,0.00, 100.00, 0.00, 2.25, 0, 0 
2, 5547537,0.00, 100.00, 0.00, 2.25, 0, 0 
3, 5564675,0.00, 100.00, 0.00, 2.25, 0, 0 
4, 5561556,0.00, 100.00, 0.00, 2.25, 0, 0 
5, 5563106,0.00, 100.00, 0.00, 2.25, 0, 0 
6, 5721709,0.00, 100.00, 0.00, 2.25, 0, 0 
7, 5806113,0.00, 100.00, 0.00, 2.25, 0, 0 
8, 5795489,0.00, 100.00, 0.00, 2.25, 0, 0 
9, 5612621,0.00, 100.00, 0.00, 2.25, 0, 0 
0, 5477383,0.00, 100.00, 0.00, 2.25, 0, 0 
1, 5539501,0.00, 100.00, 0.00, 2.25, 0, 0 
2, 5531623,0.00, 100.00, 0.00, 2.25, 0, 0 
3, 5484712,0.00, 100.00, 0.00, 2.25, 0, 0 
4, 5346310,0.00, 100.00, 0.00, 2.25, 0, 0 
5, 5331630,0.00, 100.00, 0.00, 2.25, 0, 0 
6, 5526786,0.00, 100.00, 0.00, 2.25, 0, 0 
7, 5412576,0.00, 100.00, 0.00, 2.25, 0, 0 
8, 5407331,0.00, 100.00, 0.00, 2.25, 0, 0 
9, 5422347,0.00, 100.00, 0.00, 2.25, 0, 0 
0, 5575290,0.00, 100.00, 0.00, 2.25, 0, 0 
1, 5435442,0.00, 100.00, 0.00, 2.25, 0, 0 
2, 5428856,0.00, 100.00, 0.00, 2.25, 0, 0 
3, 5634695,0.00, 100.00, 0.00, 2.25, 0, 0 
4, 5802048,0.00, 100.00, 0.00, 2.25, 0, 0 
5, 5745599,0.00, 100.00, 0.00, 2.25, 0, 0 
6, 5394657,0.00, 100.00, 0.00, 2.25, 0, 0 
7, 5421028,0.00, 100.00, 0.00, 2.25, 0, 0 
8, 5636078,0.00, 100.00, 0.00, 2.25, 0, 0 
9, 6026896,0.00, 100.00, 0.00, 2.25, 0, 0 
0, 6146040,0.00, 100.00, 0.00, 2.25, 0, 0 
1, 6261275,0.00, 100.00, 0.00, 2.25, 0, 0 
2, 6199706,0.00, 100.00, 0.00, 2.25, 0, 0 
3, 6120585,0.00, 100.00, 0.00, 2.25, 0, 0 
4, 5984502,0.00, 100.00, 0.00, 2.25, 0, 0 
5, 5901632,0.00, 100.00, 0.00, 2.25, 0, 0 
6, 5768415,0.00, 100.00, 0.00, 2.25, 0, 0 
7, 6113615,0.00, 100.00, 0.00, 2.25, 0, 0 
8, 6280765,0.00, 100.00, 0.00, 2.25, 0, 0 
9, 6035445,0.00, 100.00, 0.00, 2.25, 0, 0 
0, 5814465,0.00, 100.00, 0.00, 2.25, 0, 0 
1, 5703104,0.00, 100.00, 0.00, 2.25, 0, 0 
2, 5773208,0.00, 100.00, 0.00, 2.25, 0, 0 
3, 5678479,0.00, 100.00, 0.00, 2.25, 0, 0 
4, 5792639,0.00, 100.00, 0.00, 2.25, 0, 0 
5, 5943859,0.00, 100.00, 0.00, 2.25, 0, 0 
6, 6091649,0.00, 100.00, 0.00, 2.25, 0, 0 
7, 5744876,0.00, 100.00, 0.00, 2.25, 0, 0 
8, 5408145,0.00, 100.00, 0.00, 2.25, 0, 0 
9, 5263214,0.00, 100.00, 0.00, 2.25, 0, 0 
0, 5235808,0.00, 100.00, 0.00, 2.25, 0, 0 
1, 5230882,0.00, 100.00, 0.00, 2.25, 0, 0 
2, 5211623,0.00, 100.00, 0.00, 2.25, 0, 0 
3, 5203335,0.00, 100.00, 0.00, 2.25, 0, 0 
4, 5084630,0.00, 100.00, 0.00, 2.25, 0, 0 
5, 5058458,0.00, 100.00, 0.00, 2.25, 0, 0 
6, 5193284,0.00, 100.00, 0.00, 2.25, 0, 0 
7, 5349898,0.00, 100.00, 0.00, 2.25, 0, 0 
8, 5341505,0.00, 100.00, 0.00, 2.25, 0, 0 
9, 5341636,0.00, 100.00, 0.00, 2.25, 0, 0 
0, 5201851,0.00, 100.00, 0.00, 2.25, 0, 0 
1, 5231138,0.00, 100.00, 0.00, 2.25, 0, 0 
2, 5264038,0.00, 100.00, 0.00, 2.25, 0, 0 
3, 5357303,0.00, 100.00, 0.00, 2.25, 0, 0 
4, 5545027,0.00, 100.00, 0.00, 2.25, 0, 0 
5, 5722344,0.00, 100.00, 0.00, 2.25, 0, 0 
6, 5403727,0.00, 100.00, 0.00, 2.25, 0, 0 
7, 5068008,0.00, 100.00, 0.00, 2.25, 0, 0 
8, 4888969,0.00, 100.00, 0.00, 2.25, 0, 0 
9, 4865945,0.00, 100.00, 0.00, 2.25, 0, 0 
0, 4867605,0.00, 100.00, 0.00, 2.25, 0, 0 
1, 5235204,0.00, 100.00, 0.00, 2.25, 0, 0 
2, 5554702,0.00, 100.00, 0.00, 2.25, 0, 0 
3, 5775300,0.00, 100.00, 0.00, 2.25, 0, 0 
4, 5702243,0.00, 100.00, 0.00, 2.25, 0, 0 
5, 5529450,0.00, 100.00, 0.00, 2.25, 0, 0 
6, 5685949,0.00, 100.00, 0.00, 2.25, 0, 0 
7, 6013403,0.00, 100.00, 0.00, 2.25, 0, 0 
8, 6503898,0.00, 100.00, 0.00, 2.25, 0, 0 
9, 6881643,0.00, 100.00, 0.00, 2.25, 0, 0 
0, 6990279,0.00, 100.00, 0.00, 2.25, 0, 0 
1, 6968551,0.00, 100.00, 0.00, 2.25, 0, 0 
2, 6438131,0.00, 100.00, 0.00, 2.25, 0, 0 
3, 6482596,0.00, 100.00, 0.00, 2.25, 0, 0 
4, 6488878,0.00, 100.00, 0.00, 2.25, 0, 0 
5, 6768619,0.00, 100.00, 0.00, 2.25, 0, 0 
6, 6997247,0.00, 100.00, 0.00, 2.25, 0, 0 
7, 7193985,0.00, 100.00, 0.00, 2.25, 0, 0 
8, 6727027,0.00, 100.00, 0.00, 2.25, 0, 0 
9, 6579879,0.00, 100.00, 0.00, 2.25, 0, 0 
0, 6429584,0.00, 100.00, 0.00, 2.25, 0, 0 
1, 5916793,0.00, 100.00, 0.00, 2.25, 0, 0 
2, 6112957,0.00, 100.00, 0.00, 2.25, 0, 0 
3, 5777771,0.00, 100.00, 0.00, 2.25, 0, 0 
4, 5834534,0.00, 100.00, 0.00, 2.25, 0, 0 
5, 5552294,0.00, 100.00, 0.00, 2.25, 0, 0 
6, 5351019,0.00, 100.00, 0.00, 2.25, 0, 0 
7, 4998506,0.00, 100.00, 0.00, 2.25, 0, 0 
8, 5152168,0.00, 100.00, 0.00, 2.25, 0, 0 
9, 4951550,0.00, 100.00, 0.00, 2.25, 0, 0 
0, 5094076,0.00, 100.00, 0.00, 2.25, 0, 0 
1, 5196620,0.00, 100.00, 0.00, 2.25, 0, 0 
2, 5144690,0.00, 100.00, 0.00, 2.25, 0, 0 
3, 5069478,0.00, 100.00, 0.00, 2.25, 0, 0 
4, 5202972,0.00, 100.00, 0.00, 2.25, 0, 0 
5, 5547013,0.00, 100.00, 0.00, 2.25, 0, 0 
6, 5682583,0.00, 100.00, 0.00, 2.25, 0, 0 
7, 5641489,0.00, 100.00, 0.00, 2.25, 0, 0 
8, 5903822,0.00, 100.00, 0.00, 2.25, 0, 0 
9, 5854362,0.00, 100.00, 0.00, 2.25, 0, 0 
0, 6195460,0.00, 100.00, 0.00, 2.25, 0, 0 
1, 6549801,0.00, 100.00, 0.00, 2.25, 0, 0 
2, 6536612,0.00, 100.00, 0.00, 2.25, 0, 0 
3, 6895914,0.00, 100.00, 0.00, 2.25, 0, 0 
4, 6815015,0.00, 100.00, 0.00, 2.25, 0, 0 
5, 6502872,0.00, 100.00, 0.00, 2.25, 0, 0 
6, 6656404,0.00, 100.00, 0.00, 2.25, 0, 0 
7, 6697333,0.00, 100.00, 0.00, 2.25, 0, 0 
8, 6496231,0.00, 100.00, 0.00, 2.25, 0, 0 
9, 6569922,0.00, 100.00, 0.00, 2.25, 0, 0 
0, 6352826,0.00, 100.00, 0.00, 2.25, 0, 0 
1, 6109116,0.00, 100.00, 0.00, 2.25, 0, 0 
2, 6195483,0.00, 100.00, 0.00, 2.25, 0, 0 
3, 5945711,0.00, 100.00, 0.00, 2.25, 0, 0 
4, 6147114,0.00, 100.00, 0.00, 2.25, 0, 0 
5, 6344966,0.00, 100.00, 0.00, 2.25, 0, 0 
6, 6213282,0.00, 100.00, 0.00, 2.25, 0, 0 
7, 6382639,0.00, 100.00, 0.00, 2.25, 0, 0 
8, 6596777,0.00, 100.00, 0.00, 2.25, 0, 0 
9, 6601046,0.00, 100.00, 0.00, 2.25, 0, 0 
0, 6533824,0.00, 100.00, 0.00, 2.25, 0, 0 
1, 6494448,0.00, 100.00, 0.00, 2.25, 0, 0 
2, 6463865,0.00, 100.00, 0.00, 2.25, 0, 0 
3, 6450912,0.00, 100.00, 0.00, 2.25, 0, 0 
4, 6184091,0.00, 100.00, 0.00, 2.25, 0, 0 
5, 6186178,0.00, 100.00, 0.00, 2.25, 0, 0 
6, 6320725,0.00, 100.00, 0.00, 2.25, 0, 0 
7, 6222383,0.00, 100.00, 0.00, 2.25, 0, 0 
8, 6007810,0.00, 100.00, 0.00, 2.25, 0, 0 
9, 6013695,0.00, 100.00, 0.00, 2.25, 0, 0 
0, 6100325,0.00, 100.00, 0.00, 2.25, 0, 0 
1, 6179635,0.00, 100.00, 0.00, 2.25, 0, 0 
2, 6227144,0.00, 100.00, 0.00, 2.25, 0, 0 
3, 6180592,0.00, 100.00, 0.00, 2.25, 0, 0 
4, 6175958,0.00, 100.00, 0.00, 2.25, 0, 0 
5, 6022951,0.00, 100.00, 0.00, 2.25, 0, 0 
6, 5759600,0.00, 100.00, 0.00, 2.25, 0, 0 
7, 5795794,0.00, 100.00, 0.00, 2.25, 0, 0 
8, 5750219,0.00, 100.00, 0.00, 2.25, 0, 0 
9, 5792571,0.00, 100.00, 0.00, 2.25, 0, 0 
0, 5687541,0.00, 100.00, 0.00, 2.25, 0, 0 
1, 5663213,0.00, 100.00, 0.00, 2.25, 0, 0 
2, 5640659,0.00, 100.00, 0.00, 2.25, 0, 0 
3, 5647326,0.00, 100.00, 0.00, 2.25, 0, 0 
4, 5689440,0.00, 100.00, 0.00, 2.25, 0, 0 
5, 5681722,0.00, 100.00, 0.00, 2.25, 0, 0 
6, 5703469,0.00, 100.00, 0.00, 2.25, 0, 0 
7, 5636577,0.00, 100.00, 0.00, 2.25, 0, 0 
8, 5700462,0.00, 100.00, 0.00, 2.25, 0, 0 
9, 5690249,0.00, 100.00, 0.00, 2.25, 0, 0 
0, 5863363,0.00, 100.00, 0.00, 2.25, 0, 0 
1, 5846404,0.00, 100.00, 0.00, 2.25, 0, 0 
2, 5867300,0.00, 100.00, 0.00, 2.25, 0, 0 
3, 5933022,0.00, 100.00, 0.00, 2.25, 0, 0 
4, 5951338,0.00, 100.00, 0.00, 2.25, 0, 0 
5, 5941996,0.00, 100.00, 0.00, 2.25, 0, 0 
6, 6142859,0.00, 100.00, 0.00, 2.25, 0, 0 
7, 6322657,0.00, 100.00, 0.00, 2.25, 0, 0 
8, 6278577,0.00, 100.00, 0.00, 2.25, 0, 0 
9, 6260840,0.00, 100.00, 0.00, 2.25, 0, 0 
0, 6131220,0.00, 100.00, 0.00, 2.25, 0, 0 
1, 6135114,0.00, 100.00, 0.00, 2.25, 0, 0 
2, 6165713,0.00, 100.00, 0.00, 2.25, 0, 0 
3, 6171217,0.00, 100.00, 0.00, 2.25, 0, 0 
4, 6135793,0.00, 100.00, 0.00, 2.25, 0, 0 
5, 6172812,0.00, 100.00, 0.00, 2.25, 0, 0 
6, 5942784,0.00, 100.00, 0.00, 2.25, 0, 0 
7, 6008934,0.00, 100.00, 0.00, 2.25, 0, 0 
8, 6094630,0.00, 100.00, 0.00, 2.25, 0, 0 
9, 6105128,0.00, 100.00, 0.00, 2.25, 0, 0 
0, 6338674,0.00, 100.00, 0.00, 2.25, 0, 0 
1, 6297550,0.00, 100.00, 0.00, 2.25, 0, 0 
2, 6239231,0.00, 100.00, 0.00, 2.25, 0, 0 
3, 6222556,0.00, 100.00, 0.00, 2.25, 0, 0 
4, 6228814,0.00, 100.00, 0.00, 2.25, 0, 0 
5, 6186485,0.00, 100.00, 0.00, 2.25, 0, 0 
6, 6149898,0.00, 100.00, 0.00, 2.25, 0, 0 
7, 5952273,0.00, 100.00, 0.00, 2.25, 0, 0 
8, 5887923,0.00, 100.00, 0.00, 2.25, 0, 0 
9, 5887866,0.00, 100.00, 0.00, 2.25, 0, 0 
0, 5670088,0.00, 100.00, 0.00, 2.25, 0, 0 
1, 5699472,0.00, 100.00, 0.00, 2.25, 0, 0 
2, 5667040,0.00, 100.00, 0.00, 2.25, 0, 0 
3, 5689275,0.00, 100.00, 0.00, 2.25, 0, 0 
4, 5676627,0.00, 100.00, 0.00, 2.25, 0, 0 
5, 5692454,0.00, 100.00, 0.00, 2.25, 0, 0 
6, 5733669,0.00, 100.00, 0.00, 2.25, 0, 0 
7, 5789562,0.00, 100.00, 0.00, 2.25, 0, 0 
8, 5835356,0.00, 100.00, 0.00, 2.25, 0, 0 
9, 5901338,0.00, 100.00, 0.00, 2.25, 0, 0 
0, 5939445,0.00, 100.00, 0.00, 2.25, 0, 0 
1, 5942444,0.00, 100.00, 0.00, 2.25, 0, 0 
2, 6017807,0.00, 100.00, 0.00, 2.25, 0, 0 
3, 6149606,0.00, 100.00, 0.00, 2.25, 0, 0 
4, 6224205,0.00, 100.00, 0.00, 2.25, 0, 0 
5, 6295388,0.00, 100.00, 0.00, 2.25, 0, 0 
6, 6299368,0.00, 100.00, 0.00, 2.25, 0, 0 
7, 6243651,0.00, 100.00, 0.00, 2.25, 0, 0 
8, 6156356,0.00, 100.00, 0.00, 2.25, 0, 0 
9, 6010995,0.00, 100.00, 0.00, 2.25, 0, 0 
0, 6177696,0.00, 100.00, 0.00, 2.25, 0, 0 
1, 6283351,0.00, 100.00, 0.00, 2.25, 0, 0 
2, 6312681,0.00, 100.00, 0.00, 2.25, 0, 0 
3, 6137702,0.00, 100.00, 0.00, 2.25, 0, 0 
4, 6124352,0.00, 100.00, 0.00, 2.25, 0, 0 
5, 6039081,0.00, 100.00, 0.00, 2.25, 0, 0 
6, 6030854,0.00, 100.00, 0.00, 2.25, 0, 0 
7, 6082685,0.00, 100.00, 0.00, 2.25, 0, 0 
8, 6216789,0.00, 100.00, 0.00, 2.25, 0, 0 
9, 6294020,0.00, 100.00, 0.00, 2.25, 0, 0 
0, 6063899,0.00, 100.00, 0.00, 2.25, 0, 0 
1, 5966211,0.00, 100.00, 0.00, 2.25, 0, 0 
2, 5896131,0.00, 100.00, 0.00, 2.25, 0, 0 
3, 5893656,0.00, 100.00, 0.00, 2.25, 0, 0 
4, 5794704,0.00, 100.00, 0.00, 2.25, 0, 0 
5, 5764086,0.00, 100.00, 0.00, 2.25, 0, 0 
6, 5720984,0.00, 100.00, 0.00, 2.25, 0, 0 
7, 5705950,0.00, 100.00, 0.00, 2.25, 0, 0 
8, 5567671,0.00, 100.00, 0.00, 2.25, 0, 0 
9, 5541193,0.00, 100.00, 0.00, 2.25, 0, 0 
0, 5648454,0.00, 100.00, 0.00, 2.25, 0, 0 
1, 5632494,0.00, 100.00, 0.00, 2.25, 0, 0 
2, 5585456,0.00, 100.00, 0.00, 2.25, 0, 0 
3, 5657947,0.00, 100.00, 0.00, 2.25, 0, 0 
4, 5783551,0.00, 100.00, 0.00, 2.25, 0, 0 
5, 5871397,0.00, 100.00, 0.00, 2.25, 0, 0 
6, 5953203,0.00, 100.00, 0.00, 2.25, 0, 0 
7, 6117173,0.00, 100.00, 0.00, 2.25, 0, 0 
8, 6344607,0.00, 100.00, 0.00, 2.25, 0, 0 
9, 6525735,0.00, 100.00, 0.00, 2.25, 0, 0 
0, 6498729,0.00, 100.00, 0.00, 2.25, 0, 0 
1, 6672512,0.00, 100.00, 0.00, 2.25, 0, 0 
2, 6893357,0.00, 100.00, 0.00, 2.25, 0, 0 
3, 6821601,0.00, 100.00, 0.00, 2.25, 0, 0 
4, 6809490,0.00, 100.00, 0.00, 2.25, 0, 0 
5, 6847292,0.00, 100.00, 0.00, 2.25, 0, 0 
6, 6857826,0.00, 100.00, 0.00, 2.25, 0, 0 
7, 6616401,0.00, 100.00, 0.00, 2.25, 0, 0 
8, 6376776,0.00, 100.00, 0.00, 2.25, 0, 0 
9, 6239540,0.00, 100.00, 0.00, 2.25, 0, 0 
0, 6216578,0.00, 100.00, 0.00, 2.25, 0, 0 
1, 6182858,0.00, 100.00, 0.00, 2.25, 0, 0 
2, 6044040,0.00, 100.00, 0.00, 2.25, 0, 0 
3, 6093795,0.00, 100.00, 0.00, 2.25, 0, 0 
4, 6044554,0.00, 100.00, 0.00, 2.25, 0, 0 
5, 5948859,0.00, 100.00, 0.00, 2.25, 0, 0 
6, 5887318,0.00, 100.00, 0.00, 2.25, 0, 0 
7, 5928626,0.00, 100.00, 0.00, 2.25, 0, 0 
8, 5930685,0.00, 100.00, 0.00, 2.25, 0, 0 
9, 5863500,0.00, 100.00, 0.00, 2.25, 0, 0 
0, 5749702,0.00, 100.00, 0.00, 2.25, 0, 0 
1, 5797475,0.00, 100.00, 0.00, 2.25, 0, 0 
2, 5803369,0.00, 100.00, 0.00, 2.25, 0, 0 
3, 5799670,0.00, 100.00, 0.00, 2.25, 0, 0 
4, 5860383,0.00, 100.00, 0.00, 2.25, 0, 0 
5, 5878759,0.00, 100.00, 0.00, 2.25, 0, 0 
6, 6036215,0.00, 100.00, 0.00, 2.25, 0, 0 
7, 6183174,0.00, 100.00, 0.00, 2.25, 0, 0 
8, 6482002,0.00, 100.00, 0.00, 2.25, 0, 0 
9, 6509032,0.00, 100.00, 0.00, 2.25, 0, 0 
0, 6640459,0.00, 100.00, 0.00, 2.25, 0, 0 
1, 6473044,0.00, 100.00, 0.00, 2.25, 0, 0 
2, 6476871,0.00, 100.00, 0.00, 2.25, 0, 0 
3, 6408482,0.00, 100.00, 0.00, 2.25, 0, 0 
4, 6359400,0.00, 100.00, 0.00, 2.25, 0, 0 
5, 6599072,0.00, 100.00, 0.00, 2.25, 0, 0 
6, 6464975,0.00, 100.00, 0.00, 2.25, 0, 0 
7, 6438055,0.00, 100.00, 0.00, 2.25, 0, 0 
8, 6329753,0.00, 100.00, 0.00, 2.25, 0, 0 
9, 6526964,0.00, 100.00, 0.00, 2.25, 0, 0 
0, 6533867,0.00, 100.00, 0.00, 2.25, 0, 0 
1, 6567387,0.00, 100.00, 0.00, 2.25, 0, 0 
2, 6563647,0.00, 100.00, 0.00, 2.25, 0, 0 
3, 6594180,0.00, 100.00, 0.00, 2.25, 0, 0 
4, 6568129,0.00, 100.00, 0.00, 2.25, 0, 0 
5, 6385225,0.00, 100.00, 0.00, 2.25, 0, 0 
6, 6428300,0.00, 100.00, 0.00, 2.25, 0, 0 
7, 6489485,0.00, 100.00, 0.00, 2.25, 0, 0 
8, 6411914,0.00, 100.00, 0.00, 2.25, 0, 0 
9, 6281603,0.00, 100.00, 0.00, 2.25, 0, 0 
0, 6309601,0.00, 100.00, 0.00, 2.25, 0, 0 
1, 6352419,0.00, 100.00, 0.00, 2.25, 0, 0 
2, 6405463,0.00, 100.00, 0.00, 2.25, 0, 0 
3, 6412266,0.00, 100.00, 0.00, 2.25, 0, 0 
4, 6439310,0.00, 100.00, 0.00, 2.25, 0, 0 
5, 6376562,0.00, 100.00, 0.00, 2.25, 0, 0 
6, 6301812,0.00, 100.00, 0.00, 2.25, 0, 0 
7, 6098581,0.00, 100.00, 0.00, 2.25, 0, 0 
8, 5990226,0.00, 100.00, 0.00, 2.25, 0, 0 
9, 5970752,0.00, 100.00, 0.00, 2.25, 0, 0 
0, 5828903,0.00, 100.00, 0.00, 2.25, 0, 0 
1, 5656390,0.00, 100.00, 0.00, 2.25, 0, 0 
2, 5559320,0.00, 100.00, 0.00, 2.25, 0, 0 
3, 5506042,0.00, 100.00, 0.00, 2.25, 0, 0 
4, 5438605,0.00, 100.00, 0.00, 2.25, 0, 0 
5, 5426393,0.00, 100.00, 0.00, 2.25, 0, 0 
6, 5395738,0.00, 100.00, 0.00, 2.25, 0, 0 
7, 5369535,0.00, 100.00, 0.00, 2.25, 0, 0 
8, 5387228,0.00, 100.00, 0.00, 2.25, 0, 0 
9, 5298563,0.00, 100.00, 0.00, 2.25, 0, 0 
0, 5269042,0.00, 100.00, 0.00, 2.25, 0, 0 
1, 5289061,0.00, 100.00, 0.00, 2.25, 0, 0 
2, 5299834,0.00, 100.00, 0.00, 2.25, 0, 0 
3, 5301137,0.00, 100.00, 0.00, 2.25, 0, 0 
4, 5381647,0.00, 100.00, 0.00, 2.25, 0, 0 
5, 5591142,0.00, 100.00, 0.00, 2.25, 0, 0 
6, 5695288,0.00, 100.00, 0.00, 2.25, 0, 0 
7, 5790729,0.00, 100.00, 0.00, 2.25, 0, 0 
8, 5792523,0.00, 100.00, 0.00, 2.25, 0, 0 
9, 5793348,0.00, 100.00, 0.00, 2.25, 0, 0 
0, 5835216,0.00, 100.00, 0.00, 2.25, 0, 0 
1, 5822392,0.00, 100.00, 0.00, 2.25, 0, 0 
2, 5825572,0.00, 100.00, 0.00, 2.25, 0, 0 
3, 6021664,0.00, 100.00, 0.00, 2.25, 0, 0 
4, 6155095,0.00, 100.00, 0.00, 2.25, 0, 0 
5, 6036216,0.00, 100.00, 0.00, 2.25, 0, 0 
6, 6153990,0.00, 100.00, 0.00, 2.25, 0, 0 
7, 6289663,0.00, 100.00, 0.00, 2.25, 0, 0 
8, 6370137,0.00, 100.00, 0.00, 2.25, 0, 0 
9, 6373267,0.00, 100.00, 0.00, 2.25, 0, 0 
0, 6479220,0.00, 100.00, 0.00, 2.25, 0, 0 
1, 6594571,0.00, 100.00, 0.00, 2.25, 0, 0 
2, 6618031,0.00, 100.00, 0.00, 2.25, 0, 0 
3, 6463306,0.00, 100.00, 0.00, 2.25, 0, 0 
4, 6415687,0.00, 100.00, 0.00, 2.25, 0, 0 
5, 6367669,0.00, 100.00, 0.00, 2.25, 0, 0 
6, 6278292,0.00, 100.00, 0.00, 2.25, 0, 0 
7, 6046073,0.00, 100.00, 0.00, 2.25, 0, 0 
8, 5977397,0.00, 100.00, 0.00, 2.25, 0, 0 
9, 5963628,0.00, 100.00, 0.00, 2.25, 0, 0 
0, 5828732,0.00, 100.00, 0.00, 2.25, 0, 0 
1, 5701144,0.00, 100.00, 0.00, 2.25, 0, 0 
2, 5692332,0.00, 100.00, 0.00, 2.25, 0, 0 
3, 5646407,0.00, 100.00, 0.00, 2.25, 0, 0 
4, 5654645,0.00, 100.00, 0.00, 2.25, 0, 0 
5, 5603191,0.00, 100.00, 0.00, 2.25, 0, 0 
6, 5490599,0.00, 100.00, 0.00, 2.25, 0, 0 
7, 5475887,0.00, 100.00, 0.00, 2.25, 0, 0 
8, 5511832,0.00, 100.00, 0.00, 2.25, 0, 0 
9, 5523374,0.00, 100.00, 0.00, 2.25, 0, 0 
0, 5551365,0.00, 100.00, 0.00, 2.25, 0, 0 
1, 5650970,0.00, 100.00, 0.00, 2.25, 0, 0 
2, 5732236,0.00, 100.00, 0.00, 2.25, 0, 0 
3, 5838749,0.00, 100.00, 0.00, 2.25, 0, 0 
4, 5709573,0.00, 100.00, 0.00, 2.25, 0, 0 
5, 5711419,0.00, 100.00, 0.00, 2.25, 0, 0 
6, 5706712,0.00, 100.00, 0.00, 2.25, 0, 0 
7, 5725599,0.00, 100.00, 0.00, 2.25, 0, 0 
8, 5687831,0.00, 100.00, 0.00, 2.25, 0, 0 
9, 5664607,0.00, 100.00, 0.00, 2.25, 0, 0 
0, 5637871,0.00, 100.00, 0.00, 2.25, 0, 0 
1, 5529225,0.00, 100.00, 0.00, 2.25, 0, 0 
2, 5453250,0.00, 100.00, 0.00, 2.25, 0, 0 
3, 5346835,0.00, 100.00, 0.00, 2.25, 0, 0 
4, 5273932,0.00, 100.00, 0.00, 2.25, 0, 0 
5, 5429411,0.00, 100.00, 0.00, 2.25, 0, 0 
6, 5438027,0.00, 100.00, 0.00, 2.25, 0, 0 
7, 5472820,0.00, 100.00, 0.00, 2.25, 0, 0 
8, 5491796,0.00, 100.00, 0.00, 2.25, 0, 0 
9, 5486885,0.00, 100.00, 0.00, 2.25, 0, 0 
0, 5521499,0.00, 100.00, 0.00, 2.25, 0, 0 
1, 5649963,0.00, 100.00, 0.00, 2.25, 0, 0 
2, 5715368,0.00, 100.00, 0.00, 2.25, 0, 0 
3, 5712561,0.00, 100.00, 0.00, 2.25, 0, 0 
4, 5726843,0.00, 100.00, 0.00, 2.25, 0, 0 
5, 5755547,0.00, 100.00, 0.00, 2.25, 0, 0 
6, 6026457,0.00, 100.00, 0.00, 2.25, 0, 0 
7, 6023970,0.00, 100.00, 0.00, 2.25, 0, 0 
8, 6050954,0.00, 100.00, 0.00, 2.25, 0, 0 
9, 6096679,0.00, 100.00, 0.00, 2.25, 0, 0 
0, 6066890,0.00, 100.00, 0.00, 2.25, 0, 0 
1, 5967453,0.00, 100.00, 0.00, 2.25, 0, 0 
2, 6122134,0.00, 100.00, 0.00, 2.25, 0, 0 
3, 6357097,0.00, 100.00, 0.00, 2.25, 0, 0 
4, 6567098,0.00, 100.00, 0.00, 2.25, 0, 0 
5, 6621882,0.00, 100.00, 0.00, 2.25, 0, 0 
6, 6571507,0.00, 100.00, 0.00, 2.25, 0, 0 
7, 6604312,0.00, 100.00, 0.00, 2.25, 0, 0 
8, 6582807,0.00, 100.00, 0.00, 2.25, 0, 0 
9, 6572411,0.00, 100.00, 0.00, 2.25, 0, 0 
0, 6565512,0.00, 100.00, 0.00, 2.25, 0, 0 
1, 6515874,0.00, 100.00, 0.00, 2.25, 0, 0 
2, 6305428,0.00, 100.00, 0.00, 2.25, 0, 0 
3, 6146018,0.00, 100.00, 0.00, 2.25, 0, 0 
4, 5913787,0.00, 100.00, 0.00, 2.25, 0, 0 
5, 5687857,0.00, 100.00, 0.00, 2.25, 0, 0 
6, 5577062,0.00, 100.00, 0.00, 2.25, 0, 0 
7, 5707194,0.00, 100.00, 0.00, 2.25, 0, 0 
8, 5705274,0.00, 100.00, 0.00, 2.25, 0, 0 
9, 5666034,0.00, 100.00, 0.00, 2.25, 0, 0 
0, 5746046,0.00, 100.00, 0.00, 2.25, 0, 0 
1, 5771115,0.00, 100.00, 0.00, 2.25, 0, 0 
2, 5820012,0.00, 100.00, 0.00, 2.25, 0, 0 
3, 5786855,0.00, 100.00, 0.00, 2.25, 0, 0 
4, 5900221,0.00, 100.00, 0.00, 2.25, 0, 0 
5, 5958511,0.00, 100.00, 0.00, 2.25, 0, 0 
6, 5936305,0.00, 100.00, 0.00, 2.25, 0, 0 
7, 5787127,0.00, 100.00, 0.00, 2.25, 0, 0 
8, 5873483,0.00, 100.00, 0.00, 2.25, 0, 0 
9, 5866211,0.00, 100.00, 0.00, 2.25, 0, 0 
0, 5928786,0.00, 100.00, 0.00, 2.25, 0, 0 
1, 6030973,0.00, 100.00, 0.00, 2.25, 0, 0 
2, 6036390,0.00, 100.00, 0.00, 2.25, 0, 0 
3, 6020711,0.00, 100.00, 0.00, 2.25, 0, 0 
4, 5950877,0.00, 100.00, 0.00, 2.25, 0, 0 
5, 5894530,0.00, 100.00, 0.00, 2.25, 0, 0 
6, 5792439,0.00, 100.00, 0.00, 2.25, 0, 0 
7, 5734229,0.00, 100.00, 0.00, 2.25, 0, 0 
8, 5628461,0.00, 100.00, 0.00, 2.25, 0, 0 
9, 5644673,0.00, 100.00, 0.00, 2.25, 0, 0 
0, 5491103,0.00, 100.00, 0.00, 2.25, 0, 0 
1, 5408687,0.00, 100.00, 0.00, 2.25, 0, 0 
2, 5373524,0.00, 100.00, 0.00, 2.25, 0, 0 
3, 5353956,0.00, 100.00, 0.00, 2.25, 0, 0 
4, 5423301,0.00, 100.00, 0.00, 2.25, 0, 0 
5, 5439641,0.00, 100.00, 0.00, 2.25, 0, 0 
6, 5445699,0.00, 100.00, 0.00, 2.25, 0, 0 
7, 5452770,0.00, 100.00, 0.00, 2.25, 0, 0 
8, 5564704,0.00, 100.00, 0.00, 2.25, 0, 0 
9, 5748339,0.00, 100.00, 0.00, 2.25, 0, 0 
0, 5794538,0.00, 100.00, 0.00, 2.25, 0, 0 
1, 5747137,0.00, 100.00, 0.00, 2.25, 0, 0 
2, 5732294,0.00, 100.00, 0.00, 2.25, 0, 0 
3, 5699531,0.00, 100.00, 0.00, 2.25, 0, 0 
4, 5626276,0.00, 100.00, 0.00, 2.25, 0, 0 
5, 5623310,0.00, 100.00, 0.00, 2.25, 0, 0 
6, 5738008,0.00, 100.00, 0.00, 2.25, 0, 0 
7, 5957978,0.00, 100.00, 0.00, 2.25, 0, 0 
8, 6050258,0.00, 100.00, 0.00, 2.25, 0, 0 
9, 5965488,0.00, 100.00, 0.00, 2.25, 0, 0 
0, 6175007,0.00, 100.00, 0.00, 2.25, 0, 0 
1, 6199758,0.00, 100.00, 0.00, 2.25, 0, 0 
2, 6280174,0.00, 100.00, 0.00, 2.25, 0, 0 
3, 6559817,0.00, 100.00, 0.00, 2.25, 0, 0 
4, 6549268,0.00, 100.00, 0.00, 2.25, 0, 0 
5, 6556755,0.00, 100.00, 0.00, 2.25, 0, 0 
6, 6464899,0.00, 100.00, 0.00, 2.25, 0, 0 
7, 6244732,0.00, 100.00, 0.00, 2.25, 0, 0 
8, 6021650,0.00, 100.00, 0.00, 2.25, 0, 0 
9, 5963870,0.00, 100.00, 0.00, 2.25, 0, 0 
0, 5715919,0.00, 100.00, 0.00, 2.25, 0, 0 
1, 5704590,0.00, 100.00, 0.00, 2.25, 0, 0 
2, 5626497,0.00, 100.00, 0.00, 2.25, 0, 0 
3, 5332867,0.00, 100.00, 0.00, 2.25, 0, 0 
4, 5372514,0.00, 100.00, 0.00, 2.25, 0, 0 
5, 5380838,0.00, 100.00, 0.00, 2.25, 0, 0 
6, 5361180,0.00, 100.00, 0.00, 2.25, 0, 0 
7, 5351969,0.00, 100.00, 0.00, 2.25, 0, 0 
8, 5356674,0.00, 100.00, 0.00, 2.25, 0, 0 
9, 5419641,0.00, 100.00, 0.00, 2.25, 0, 0 
0, 5414381,0.00, 100.00, 0.00, 2.25, 0, 0 
1, 5394161,0.00, 100.00, 0.00, 2.25, 0, 0 
2, 5400659,0.00, 100.00, 0.00, 2.25, 0, 0 
3, 5416844,0.00, 100.00, 0.00, 2.25, 0, 0 
4, 5377816,0.00, 100.00, 0.00, 2.25, 0, 0 
5, 5350518,0.00, 100.00, 0.00, 2.25, 0, 0 
6, 5350734,0.00, 100.00, 0.00, 2.25, 0, 0 
7, 5355442,0.00, 100.00, 0.00, 2.25, 0, 0 
8, 5347435,0.00, 100.00, 0.00, 2.25, 0, 0 
9, 5282490,0.00, 100.00, 0.00, 2.25, 0, 0 
0, 5290202,0.00, 100.00, 0.00, 2.25, 0, 0 
1, 5290686,0.00, 100.00, 0.00, 2.25, 0, 0 
2, 5291084,0.00, 100.00, 0.00, 2.25, 0, 0 
3, 5286693,0.00, 100.00, 0.00, 2.25, 0, 0 
4, 5289105,0.00, 100.00, 0.00, 2.25, 0, 0 
5, 5287625,0.00, 100.00, 0.00, 2.25, 0, 0 
6, 5289967,0.00, 100.00, 0.00, 2.25, 0, 0 
7, 5287879,0.00, 100.00, 0.00, 2.25, 0, 0 
8, 5291081,0.00, 100.00, 0.00, 2.25, 0, 0 
9, 5285358,0.00, 100.00, 0.00, 2.25, 0, 0 
0, 5281505,0.00, 100.00, 0.00, 2.25, 0, 0 
1, 5294147,0.00, 100.00, 0.00, 2.25, 0, 0 
2, 5351387,0.00, 100.00, 0.00, 2.25, 0, 0 
3, 5392727,0.00, 100.00, 0.00, 2.25, 0, 0 
4, 5356230,0.00, 100.00, 0.00, 2.25, 0, 0 
5, 5402719,0.00, 100.00, 0.00, 2.25, 0, 0 
6, 5408390,0.00, 100.00, 0.00, 2.25, 0, 0 
7, 5492173,0.00, 100.00, 0.00, 2.25, 0, 0 
8, 5524010,0.00, 100.00, 0.00, 2.25, 0, 0 
9, 5620915,0.00, 100.00, 0.00, 2.25, 0, 0 
0, 5600052,0.00, 100.00, 0.00, 2.25, 0, 0 
1, 5573110,0.00, 100.00, 0.00, 2.25, 0, 0 
2, 5523639,0.00, 100.00, 0.00, 2.25, 0, 0 
3, 5539247,0.00, 100.00, 0.00, 2.25, 0, 0 
4, 5833390,0.00, 100.00, 0.00, 2.25, 0, 0 
5, 5775288,0.00, 100.00, 0.00, 2.25, 0, 0 
6, 5763949,0.00, 100.00, 0.00, 2.25, 0, 0 
7, 5676214,0.00, 100.00, 0.00, 2.25, 0, 0 
8, 5656747,0.00, 100.00, 0.00, 2.25, 0, 0 
9, 5565427,0.00, 100.00, 0.00, 2.25, 0, 0 
0, 5578649,0.00, 100.00, 0.00, 2.25, 0, 0 
1, 5609435,0.00, 100.00, 0.00, 2.25, 0, 0 
2, 5604631,0.00, 100.00, 0.00, 2.25, 0, 0 
3, 5556178,0.00, 100.00, 0.00, 2.25, 0, 0 
4, 5387888,0.00, 100.00, 0.00, 2.25, 0, 0 
5, 5377240,0.00, 100.00, 0.00, 2.25, 0, 0 
6, 5406301,0.00, 100.00, 0.00, 2.25, 0, 0 
7, 5431605,0.00, 100.00, 0.00, 2.25, 0, 0 
8, 5467349,0.00, 100.00, 0.00, 2.25, 0, 0 
9, 5443323,0.00, 100.00, 0.00, 2.25, 0, 0 
0, 5476175,0.00, 100.00, 0.00, 2.25, 0, 0 
1, 5469974,0.00, 100.00, 0.00, 2.25, 0, 0 
2, 5467367,0.00, 100.00, 0.00, 2.25, 0, 0 
3, 5483725,0.00, 100.00, 0.00, 2.25, 0, 0 
4, 5377879,0.00, 100.00, 0.00, 2.25, 0, 0 
5, 5413021,0.00, 100.00, 0.00, 2.25, 0, 0 
6, 5357062,0.00, 100.00, 0.00, 2.25, 0, 0 
7, 5398937,0.00, 100.00, 0.00, 2.25, 0, 0 
8, 5415647,0.00, 100.00, 0.00, 2.25, 0, 0 
9, 5438898,0.00, 100.00, 0.00, 2.25, 0, 0 
0, 5444882,0.00, 100.00, 0.00, 2.25, 0, 0 
1, 5653643,0.00, 100.00, 0.00, 2.25, 0, 0 
2, 5863146,0.00, 100.00, 0.00, 2.25, 0, 0 
3, 5894392,0.00, 100.00, 0.00, 2.25, 0, 0 
4, 5959980,0.00, 100.00, 0.00, 2.25, 0, 0 
5, 5986275,0.00, 100.00, 0.00, 2.25, 0, 0 
6, 6027500,0.00, 100.00, 0.00, 2.25, 0, 0 
7, 6026335,0.00, 100.00, 0.00, 2.25, 0, 0 
8, 6027871,0.00, 100.00, 0.00, 2.25, 0, 0 
9, 6027141,0.00, 100.00, 0.00, 2.25, 0, 0 
0, 5988328,0.00, 100.00, 0.00, 2.25, 0, 0 
1, 5750816,0.00, 100.00, 0.00, 2.25, 0, 0 
2, 5559446,0.00, 100.00, 0.00, 2.25, 0, 0 
3, 5508983,0.00, 100.00, 0.00, 2.25, 0, 0 
4, 5520075,0.00, 100.00, 0.00, 2.25, 0, 0 
5, 5475460,0.00, 100.00, 0.00, 2.25, 0, 0 
6, 5475987,0.00, 100.00, 0.00, 2.25, 0, 0 
7, 5476169,0.00, 100.00, 0.00, 2.25, 0, 0 
8, 5483652,0.00, 100.00, 0.00, 2.25, 0, 0 
9, 5544970,0.00, 100.00, 0.00, 2.25, 0, 0 
0, 5593250,0.00, 100.00, 0.00, 2.25, 0, 0 
1, 5601084,0.00, 100.00, 0.00, 2.25, 0, 0 
2, 5622354,0.00, 100.00, 0.00, 2.25, 0, 0 
3, 5623227,0.00, 100.00, 0.00, 2.25, 0, 0 
4, 5604626,0.00, 100.00, 0.00, 2.25, 0, 0 
5, 5621791,0.00, 100.00, 0.00, 2.25, 0, 0 
6, 5655239,0.00, 100.00, 0.00, 2.25, 0, 0 
7, 5666022,0.00, 100.00, 0.00, 2.25, 0, 0 
8, 5662665,0.00, 100.00, 0.00, 2.25, 0, 0 
9, 5673160,0.00, 100.00, 0.00, 2.25, 0, 0 
0, 5820744,0.00, 100.00, 0.00, 2.25, 0, 0 
1, 5885572,0.00, 100.00, 0.00, 2.25, 0, 0 
2, 6067370,0.00, 100.00, 0.00, 2.25, 0, 0 
3, 6285412,0.00, 100.00, 0.00, 2.25, 0, 0 
4, 6243470,0.00, 100.00, 0.00, 2.25, 0, 0 
5, 6241636,0.00, 100.00, 0.00, 2.25, 0, 0 
6, 6159106,0.00, 100.00, 0.00, 2.25, 0, 0 
7, 6191930,0.00, 100.00, 0.00, 2.25, 0, 0 
8, 6144640,0.00, 100.00, 0.00, 2.25, 0, 0 
9, 6074127,0.00, 100.00, 0.00, 2.25, 0, 0 
0, 5868648,0.00, 100.00, 0.00, 2.25, 0, 0 
1, 5786329,0.00, 100.00, 0.00, 2.25, 0, 0 
2, 5613373,0.00, 100.00, 0.00, 2.25, 0, 0 
3, 5406895,0.00, 100.00, 0.00, 2.25, 0, 0 
4, 5431181,0.00, 100.00, 0.00, 2.25, 0, 0 
5, 5454358,0.00, 100.00, 0.00, 2.25, 0, 0 
6, 5425455,0.00, 100.00, 0.00, 2.25, 0, 0 
7, 5416959,0.00, 100.00, 0.00, 2.25, 0, 0 
8, 5409653,0.00, 100.00, 0.00, 2.25, 0, 0 
9, 5535607,0.00, 100.00, 0.00, 2.25, 0, 0 
0, 5545531,0.00, 100.00, 0.00, 2.25, 0, 0 
1, 5570085,0.00, 100.00, 0.00, 2.25, 0, 0 
2, 5570244,0.00, 100.00, 0.00, 2.25, 0, 0 
3, 5559859,0.00, 100.00, 0.00, 2.25, 0, 0 
4, 5558810,0.00, 100.00, 0.00, 2.25, 0, 0 
5, 5538425,0.00, 100.00, 0.00, 2.25, 0, 0 
6, 5648768,0.00, 100.00, 0.00, 2.25, 0, 0 
7, 5835467,0.00, 100.00, 0.00, 2.25, 0, 0 
8, 5808580,0.00, 100.00, 0.00, 2.25, 0, 0 
9, 5688262,0.00, 100.00, 0.00, 2.25, 0, 0 
0, 5667915,0.00, 100.00, 0.00, 2.25, 0, 0 
1, 5903378,0.00, 100.00, 0.00, 2.25, 0, 0 
2, 6028150,0.00, 100.00, 0.00, 2.25, 0, 0 
3, 6310202,0.00, 100.00, 0.00, 2.25, 0, 0 
4, 6550755,0.00, 100.00, 0.00, 2.25, 0, 0 
5, 6827528,0.00, 100.00, 0.00, 2.25, 0, 0 
6, 6930793,0.00, 100.00, 0.00, 2.25, 0, 0 
7, 6912063,0.00, 100.00, 0.00, 2.25, 0, 0 
8, 7255395,0.00, 100.00, 0.00, 2.25, 0, 0 
9, 7069062,0.00, 100.00, 0.00, 2.25, 0, 0 
0, 7238211,0.00, 100.00, 0.00, 2.25, 0, 0 
1, 6993125,0.00, 100.00, 0.00, 2.25, 0, 0 
2, 6899729,0.00, 100.00, 0.00, 2.25, 0, 0 
3, 6862426,0.00, 100.00, 0.00, 2.25, 0, 0 
4, 6802919,0.00, 100.00, 0.00, 2.25, 0, 0 
5, 6679593,0.00, 100.00, 0.00, 2.25, 0, 0 
6, 6681316,0.00, 100.00, 0.00, 2.25, 0, 0 
7, 6757707,0.00, 100.00, 0.00, 2.25, 0, 0 
8, 6485148,0.00, 100.00, 0.00, 2.25, 0, 0 
9, 6673248,0.00, 100.00, 0.00, 2.25, 0, 0 
0, 6507769,0.00, 100.00, 0.00, 2.25, 0, 0 
1, 6487376,0.00, 100.00, 0.00, 2.25, 0, 0 
2, 6423421,0.00, 100.00, 0.00, 2.25, 0, 0 
3, 6368990,0.00, 100.00, 0.00, 2.25, 0, 0 
4, 6011260,0.00, 100.00, 0.00, 2.25, 0, 0 
5, 6125164,0.00, 100.00, 0.00, 2.25, 0, 0 
6, 5996178,0.00, 100.00, 0.00, 2.25, 0, 0 
7, 5863401,0.00, 100.00, 0.00, 2.25, 0, 0 
8, 6134681,0.00, 100.00, 0.00, 2.25, 0, 0 
9, 6288668,0.00, 100.00, 0.00, 2.25, 0, 0 
0, 6352524,0.00, 100.00, 0.00, 2.25, 0, 0 
1, 6160439,0.00, 100.00, 0.00, 2.25, 0, 0 
2, 5996046,0.00, 100.00, 0.00, 2.25, 0, 0 
3, 5795752,0.00, 100.00, 0.00, 2.25, 0, 0 
4, 5844881,0.00, 100.00, 0.00, 2.25, 0, 0 
5, 5575938,0.00, 100.00, 0.00, 2.25, 0, 0 
6, 5408856,0.00, 100.00, 0.00, 2.25, 0, 0 
7, 5322399,0.00, 100.00, 0.00, 2.25, 0, 0 
8, 5033381,0.00, 100.00, 0.00, 2.25, 0, 0 
9, 4867865,0.00, 100.00, 0.00, 2.25, 0, 0 
0, 4795357,0.00, 100.00, 0.00, 2.25, 0, 0 
1, 5009214,0.00, 100.00, 0.00, 2.25, 0, 0 
2, 5177707,0.00, 100.00, 0.00, 2.25, 0, 0 
3, 5177957,0.00, 100.00, 0.00, 2.25, 0, 0 
4, 5283093,0.00, 100.00, 0.00, 2.25, 0, 0 
5, 5273519,0.00, 100.00, 0.00, 2.25, 0, 0 
6, 5288285,0.00, 100.00, 0.00, 2.25, 0, 0 
7, 5282956,0.00, 100.00, 0.00, 2.25, 0, 0 
8, 5286883,0.00, 100.00, 0.00, 2.25, 0, 0 
9, 5446422,0.00, 100.00, 0.00, 2.25, 0, 0 
0, 5511700,0.00, 100.00, 0.00, 2.25, 0, 0 
1, 5509338,0.00, 100.00, 0.00, 2.25, 0, 0 
2, 5503822,0.00, 100.00, 0.00, 2.25, 0, 0 
3, 5505473,0.00, 100.00, 0.00, 2.25, 0, 0 
4, 5755124,0.00, 100.00, 0.00, 2.25, 0, 0 
5, 6061598,0.00, 100.00, 0.00, 2.25, 0, 0 
6, 6193957,0.00, 100.00, 0.00, 2.25, 0, 0 
7, 6473869,0.00, 100.00, 0.00, 2.25, 0, 0 
8, 6287901,0.00, 100.00, 0.00, 2.25, 0, 0 
9, 6372392,0.00, 100.00, 0.00, 2.25, 0, 0 
0, 6647951,0.00, 100.00, 0.00, 2.25, 0, 0 
1, 6754714,0.00, 100.00, 0.00, 2.25, 0, 0 
2, 6872679,0.00, 100.00, 0.00, 2.25, 0, 0 
3, 6673776,0.00, 100.00, 0.00, 2.25, 0, 0 
4, 6543882,0.00, 100.00, 0.00, 2.25, 0, 0 
5, 6502406,0.00, 100.00, 0.00, 2.25, 0, 0 
6, 6466541,0.00, 100.00, 0.00, 2.25, 0, 0 
7, 6188086,0.00, 100.00, 0.00, 2.25, 0, 0 
8, 6361795,0.00, 100.00, 0.00, 2.25, 0, 0 
9, 6083363,0.00, 100.00, 0.00, 2.25, 0, 0 
0, 5792066,0.00, 100.00, 0.00, 2.25, 0, 0 
1, 5510217,0.00, 100.00, 0.00, 2.25, 0, 0 
2, 5556092,0.00, 100.00, 0.00, 2.25, 0, 0 
3, 5836057,0.00, 100.00, 0.00, 2.25, 0, 0 
4, 5692373,0.00, 100.00, 0.00, 2.25, 0, 0 
5, 5435281,0.00, 100.00, 0.00, 2.25, 0, 0 
6, 5309368,0.00, 100.00, 0.00, 2.25, 0, 0 
7, 5304909,0.00, 100.00, 0.00, 2.25, 0, 0 
8, 5313500,0.00, 100.00, 0.00, 2.25, 0, 0 
9, 5316807,0.00, 100.00, 0.00, 2.25, 0, 0 
0, 5316750,0.00, 100.00, 0.00, 2.25, 0, 0 
1, 5491681,0.00, 100.00, 0.00, 2.25, 0, 0 
2, 5332952,0.00, 100.00, 0.00, 2.25, 0, 0 
3, 5256462,0.00, 100.00, 0.00, 2.25, 0, 0 
4, 5272739,0.00, 100.00, 0.00, 2.25, 0, 0 
5, 5242828,0.00, 100.00, 0.00, 2.25, 0, 0 
6, 5271621,0.00, 100.00, 0.00, 2.25, 0, 0 
7, 5280930,0.00, 100.00, 0.00, 2.25, 0, 0 
8, 5305646,0.00, 100.00, 0.00, 2.25, 0, 0 
9, 5265699,0.00, 100.00, 0.00, 2.25, 0, 0 
0, 5378221,0.00, 100.00, 0.00, 2.25, 0, 0 
1, 5373267,0.00, 100.00, 0.00, 2.25, 0, 0 
2, 5372221,0.00, 100.00, 0.00, 2.25, 0, 0 
3, 5456651,0.00, 100.00, 0.00, 2.25, 0, 0 
4, 5723315,0.00, 100.00, 0.00, 2.25, 0, 0 
5, 5562689,0.00, 100.00, 0.00, 2.25, 0, 0 
6, 5352454,0.00, 100.00, 0.00, 2.25, 0, 0 
7, 5390579,0.00, 100.00, 0.00, 2.25, 0, 0 
8, 5670940,0.00, 100.00, 0.00, 2.25, 0, 0 
9, 5870543,0.00, 100.00, 0.00, 2.25, 0, 0 
0, 5923464,0.00, 100.00, 0.00, 2.25, 0, 0 
1, 5935653,0.00, 100.00, 0.00, 2.25, 0, 0 
2, 5948013,0.00, 100.00, 0.00, 2.25, 0, 0 
3, 5865223,0.00, 100.00, 0.00, 2.25, 0, 0 
4, 5575623,0.00, 100.00, 0.00, 2.25, 0, 0 
5, 5785215,0.00, 100.00, 0.00, 2.25, 0, 0 
6, 6143658,0.00, 100.00, 0.00, 2.25, 0, 0 
7, 6104033,0.00, 100.00, 0.00, 2.25, 0, 0 
8, 5907500,0.00, 100.00, 0.00, 2.25, 0, 0 
9, 5752004,0.00, 100.00, 0.00, 2.25, 0, 0 
0, 5585248,0.00, 100.00, 0.00, 2.25, 0, 0 
1, 5778594,0.00, 100.00, 0.00, 2.25, 0, 0 
2, 6039014,0.00, 100.00, 0.00, 2.25, 0, 0 
3, 5843068,0.00, 100.00, 0.00, 2.25, 0, 0 
4, 6083437,0.00, 100.00, 0.00, 2.25, 0, 0 
5, 6206733,0.00, 100.00, 0.00, 2.25, 0, 0 
6, 6302110,0.00, 100.00, 0.00, 2.25, 0, 0 
7, 6590282,0.00, 100.00, 0.00, 2.25, 0, 0 
8, 6634088,0.00, 100.00, 0.00, 2.25, 0, 0 
9, 6762754,0.00, 100.00, 0.00, 2.25, 0, 0 
0, 7058666,0.00, 100.00, 0.00, 2.25, 0, 0 
1, 7119167,0.00, 100.00, 0.00, 2.25, 0, 0 
2, 7131308,0.00, 100.00, 0.00, 2.25, 0, 0 
3, 7331346,0.00, 100.00, 0.00, 2.25, 0, 0 
4, 7077539,0.00, 100.00, 0.00, 2.25, 0, 0 
5, 7144945,0.00, 100.00, 0.00, 2.25, 0, 0 
6, 7021801,0.00, 100.00, 0.00, 2.25, 0, 0 
7, 6568215,0.00, 100.00, 0.00, 2.25, 0, 0 
8, 6558822,0.00, 100.00, 0.00, 2.25, 0, 0 
9, 6712703,0.00, 100.00, 0.00, 2.25, 0, 0 
0, 6633792,0.00, 100.00, 0.00, 2.25, 0, 0 
1, 6591398,0.00, 100.00, 0.00, 2.25, 0, 0 
2, 6464792,0.00, 100.00, 0.00, 2.25, 0, 0 
3, 6507681,0.00, 100.00, 0.00, 2.25, 0, 0 
4, 6537991,0.00, 100.00, 0.00, 2.25, 0, 0 
5, 6346044,0.00, 100.00, 0.00, 2.25, 0, 0 
6, 6203700,0.00, 100.00, 0.00, 2.25, 0, 0 
7, 6376036,0.00, 100.00, 0.00, 2.25, 0, 0 
8, 6236923,0.00, 100.00, 0.00, 2.25, 0, 0 
9, 6104185,0.00, 100.00, 0.00, 2.25, 0, 0 
0, 6180915,0.00, 100.00, 0.00, 2.25, 0, 0 
1, 6020131,0.00, 100.00, 0.00, 2.25, 0, 0 
2, 5925032,0.00, 100.00, 0.00, 2.25, 0, 0 
3, 5851689,0.00, 100.00, 0.00, 2.25, 0, 0 
4, 6001018,0.00, 100.00, 0.00, 2.25, 0, 0 
5, 6059918,0.00, 100.00, 0.00, 2.25, 0, 0 
6, 6054184,0.00, 100.00, 0.00, 2.25, 0, 0 
7, 6065715,0.00, 100.00, 0.00, 2.25, 0, 0 
8, 6067576,0.00, 100.00, 0.00, 2.25, 0, 0 
9, 5912513,0.00, 100.00, 0.00, 2.25, 0, 0 
0, 5620710,0.00, 100.00, 0.00, 2.25, 0, 0 
1, 5548890,0.00, 100.00, 0.00, 2.25, 0, 0 
2, 5486058,0.00, 100.00, 0.00, 2.25, 0, 0 
3, 5497833,0.00, 100.00, 0.00, 2.25, 0, 0 
4, 5174899,0.00, 100.00, 0.00, 2.25, 0, 0 
5, 5124666,0.00, 100.00, 0.00, 2.25, 0, 0 
6, 5230224,0.00, 100.00, 0.00, 2.25, 0, 0 
7, 5243793,0.00, 100.00, 0.00, 2.25, 0, 0 
8, 5275625,0.00, 100.00, 0.00, 2.25, 0, 0 
9, 5297974,0.00, 100.00, 0.00, 2.25, 0, 0 
0, 5372358,0.00, 100.00, 0.00, 2.25, 0, 0 
1, 5366376,0.00, 100.00, 0.00, 2.25, 0, 0 
2, 5366697,0.00, 100.00, 0.00, 2.25, 0, 0 
3, 5440108,0.00, 100.00, 0.00, 2.25, 0, 0 
4, 5704270,0.00, 100.00, 0.00, 2.25, 0, 0 
5, 5672041,0.00, 100.00, 0.00, 2.25, 0, 0 
6, 5563149,0.00, 100.00, 0.00, 2.25, 0, 0 
7, 5551755,0.00, 100.00, 0.00, 2.25, 0, 0 
8, 5518356,0.00, 100.00, 0.00, 2.25, 0, 0 
9, 5448762,0.00, 100.00, 0.00, 2.25, 0, 0 
0, 5430334,0.00, 100.00, 0.00, 2.25, 0, 0 
1, 5430798,0.00, 100.00, 0.00, 2.25, 0, 0 
2, 5430729,0.00, 100.00, 0.00, 2.25, 0, 0 
3, 5353393,0.00, 100.00, 0.00, 2.25, 0, 0 
4, 5243934,0.00, 100.00, 0.00, 2.25, 0, 0 
5, 5243973,0.00, 100.00, 0.00, 2.25, 0, 0 
6, 5244699,0.00, 100.00, 0.00, 2.25, 0, 0 
7, 5243894,0.00, 100.00, 0.00, 2.25, 0, 0 
8, 5248035,0.00, 100.00, 0.00, 2.25, 0, 0 
9, 5246218,0.00, 100.00, 0.00, 2.25, 0, 0 
0, 5221057,0.00, 100.00, 0.00, 2.25, 0, 0 
1, 5271445,0.00, 100.00, 0.00, 2.25, 0, 0 
2, 5279616,0.00, 100.00, 0.00, 2.25, 0, 0 
3, 5277511,0.00, 100.00, 0.00, 2.25, 0, 0 
4, 5277868,0.00, 100.00, 0.00, 2.25, 0, 0 
5, 5278817,0.00, 100.00, 0.00, 2.25, 0, 0 
6, 5279874,0.00, 100.00, 0.00, 2.25, 0, 0 
7, 5405867,0.00, 100.00, 0.00, 2.25, 0, 0 
8, 5404851,0.00, 100.00, 0.00, 2.25, 0, 0 
9, 5424284,0.00, 100.00, 0.00, 2.25, 0, 0 
0, 5451388,0.00, 100.00, 0.00, 2.25, 0, 0 
1, 5454617,0.00, 100.00, 0.00, 2.25, 0, 0 
2, 5411421,0.00, 100.00, 0.00, 2.25, 0, 0 
3, 5421177,0.00, 100.00, 0.00, 2.25, 0, 0 
4, 5471947,0.00, 100.00, 0.00, 2.25, 0, 0 
5, 5576798,0.00, 100.00, 0.00, 2.25, 0, 0 
6, 5868872,0.00, 100.00, 0.00, 2.25, 0, 0 
7, 6030952,0.00, 100.00, 0.00, 2.25, 0, 0 
8, 6144573,0.00, 100.00, 0.00, 2.25, 0, 0 
9, 6139444,0.00, 100.00, 0.00, 2.25, 0, 0 
0, 6111259,0.00, 100.00, 0.00, 2.25, 0, 0 
1, 6082448,0.00, 100.00, 0.00, 2.25, 0, 0 
2, 6115673,0.00, 100.00, 0.00, 2.25, 0, 0 
3, 6107110,0.00, 100.00, 0.00, 2.25, 0, 0 
4, 6062596,0.00, 100.00, 0.00, 2.25, 0, 0 
5, 5947723,0.00, 100.00, 0.00, 2.25, 0, 0 
6, 5668208,0.00, 100.00, 0.00, 2.25, 0, 0 
7, 5376444,0.00, 100.00, 0.00, 2.25, 0, 0 
8, 5269280,0.00, 100.00, 0.00, 2.25, 0, 0 
9, 5312184,0.00, 100.00, 0.00, 2.25, 0, 0 
0, 5310632,0.00, 100.00, 0.00, 2.25, 0, 0 
1, 5317542,0.00, 100.00, 0.00, 2.25, 0, 0 
2, 5364081,0.00, 100.00, 0.00, 2.25, 0, 0 
3, 5621500,0.00, 100.00, 0.00, 2.25, 0, 0 
4, 5806906,0.00, 100.00, 0.00, 2.25, 0, 0 
5, 5980051,0.00, 100.00, 0.00, 2.25, 0, 0 
6, 5995145,0.00, 100.00, 0.00, 2.25, 0, 0 
7, 5996623,0.00, 100.00, 0.00, 2.25, 0, 0 
8, 5981820,0.00, 100.00, 0.00, 2.25, 0, 0 
9, 5937613,0.00, 100.00, 0.00, 2.25, 0, 0 
0, 5951202,0.00, 100.00, 0.00, 2.25, 0, 0 
1, 6080937,0.00, 100.00, 0.00, 2.25, 0, 0 
2, 5968523,0.00, 100.00, 0.00, 2.25, 0, 0 
3, 5695050,0.00, 100.00, 0.00, 2.25, 0, 0 
4, 5527969,0.00, 100.00, 0.00, 2.25, 0, 0 
5, 5351381,0.00, 100.00, 0.00, 2.25, 0, 0 
6, 5400671,0.00, 100.00, 0.00, 2.25, 0, 0 
7, 5418296,0.00, 100.00, 0.00, 2.25, 0, 0 
8, 5530092,0.00, 100.00, 0.00, 2.25, 0, 0 
9, 5759689,0.00, 100.00, 0.00, 2.25, 0, 0 
0, 6032876,0.00, 100.00, 0.00, 2.25, 0, 0 
1, 5882491,0.00, 100.00, 0.00, 2.25, 0, 0 
2, 5959299,0.00, 100.00, 0.00, 2.25, 0, 0 
3, 5963115,0.00, 100.00, 0.00, 2.25, 0, 0 
4, 6190312,0.00, 100.00, 0.00, 2.25, 0, 0 
5, 6371176,0.00, 100.00, 0.00, 2.25, 0, 0 
6, 6368580,0.00, 100.00, 0.00, 2.25, 0, 0 
7, 6334723,0.00, 100.00, 0.00, 2.25, 0, 0 
8, 6266895,0.00, 100.00, 0.00, 2.25, 0, 0 
9, 6007784,0.00, 100.00, 0.00, 2.25, 0, 0 
0, 5745114,0.00, 100.00, 0.00, 2.25, 0, 0 
1, 5748902,0.00, 100.00, 0.00, 2.25, 0, 0 
2, 5771125,0.00, 100.00, 0.00, 2.25, 0, 0 
3, 5819938,0.00, 100.00, 0.00, 2.25, 0, 0 
4, 5582096,0.00, 100.00, 0.00, 2.25, 0, 0 
5, 5398008,0.00, 100.00, 0.00, 2.25, 0, 0 
6, 5335874,0.00, 100.00, 0.00, 2.25, 0, 0 
7, 5441734,0.00, 100.00, 0.00, 2.25, 0, 0 
8, 5457854,0.00, 100.00, 0.00, 2.25, 0, 0 
9, 5768792,0.00, 100.00, 0.00, 2.25, 0, 0 
0, 6032955,0.00, 100.00, 0.00, 2.25, 0, 0 
1, 6123020,0.00, 100.00, 0.00, 2.25, 0, 0 
2, 6187600,0.00, 100.00, 0.00, 2.25, 0, 0 
3, 6143636,0.00, 100.00, 0.00, 2.25, 0, 0 
4, 6127682,0.00, 100.00, 0.00, 2.25, 0, 0 
5, 6237736,0.00, 100.00, 0.00, 2.25, 0, 0 
6, 6533153,0.00, 100.00, 0.00, 2.25, 0, 0 
7, 6725138,0.00, 100.00, 0.00, 2.25, 0, 0 
8, 6839181,0.00, 100.00, 0.00, 2.25, 0, 0 
9, 6372724,0.00, 100.00, 0.00, 2.25, 0, 0 
0, 6087634,0.00, 100.00, 0.00, 2.25, 0, 0 
1, 5999000,0.00, 100.00, 0.00, 2.25, 0, 0 
2, 5917030,0.00, 100.00, 0.00, 2.25, 0, 0 
3, 5916898,0.00, 100.00, 0.00, 2.25, 0, 0 
4, 5912939,0.00, 100.00, 0.00, 2.25, 0, 0 
5, 5828174,0.00, 100.00, 0.00, 2.25, 0, 0 
6, 5531211,0.00, 100.00, 0.00, 2.25, 0, 0 
7, 5245173,0.00, 100.00, 0.00, 2.25, 0, 0 
8, 5065326,0.00, 100.00, 0.00, 2.25, 0, 0 
9, 5540457,0.00, 100.00, 0.00, 2.25, 0, 0 
0, 5697473,0.00, 100.00, 0.00, 2.25, 0, 0 
1, 5903306,0.00, 100.00, 0.00, 2.25, 0, 0 
2, 6067759,0.00, 100.00, 0.00, 2.25, 0, 0 
3, 6118503,0.00, 100.00, 0.00, 2.25, 0, 0 
4, 6132194,0.00, 100.00, 0.00, 2.25, 0, 0 
5, 6138913,0.00, 100.00, 0.00, 2.25, 0, 0 
6, 6234305,0.00, 100.00, 0.00, 2.25, 0, 0 
7, 6254461,0.00, 100.00, 0.00, 2.25, 0, 0 
8, 6332747,0.00, 100.00, 0.00, 2.25, 0, 0 
9, 6034547,0.00, 100.00, 0.00, 2.25, 0, 0 
0, 6192603,0.00, 100.00, 0.00, 2.25, 0, 0 
1, 6048702,0.00, 100.00, 0.00, 2.25, 0, 0 
2, 5938894,0.00, 100.00, 0.00, 2.25, 0, 0 
3, 5866216,0.00, 100.00, 0.00, 2.25, 0, 0 
4, 5852448,0.00, 100.00, 0.00, 2.25, 0, 0 
5, 5921689,0.00, 100.00, 0.00, 2.25, 0, 0 
6, 5904554,0.00, 100.00, 0.00, 2.25, 0, 0 
7, 5885330,0.00, 100.00, 0.00, 2.25, 0, 0 
8, 5812433,0.00, 100.00, 0.00, 2.25, 0, 0 
9, 5820859,0.00, 100.00, 0.00, 2.25, 0, 0 
0, 5503606,0.00, 100.00, 0.00, 2.25, 0, 0 
1, 5445235,0.00, 100.00, 0.00, 2.25, 0, 0 
2, 5389093,0.00, 100.00, 0.00, 2.25, 0, 0 
3, 5419068,0.00, 100.00, 0.00, 2.25, 0, 0 
4, 5408518,0.00, 100.00, 0.00, 2.25, 0, 0 
5, 5394763,0.00, 100.00, 0.00, 2.25, 0, 0 
6, 5399525,0.00, 100.00, 0.00, 2.25, 0, 0 
7, 5456617,0.00, 100.00, 0.00, 2.25, 0, 0 
8, 5446095,0.00, 100.00, 0.00, 2.25, 0, 0 
9, 5443897,0.00, 100.00, 0.00, 2.25, 0, 0 
0, 5443247,0.00, 100.00, 0.00, 2.25, 0, 0 
1, 5467949,0.00, 100.00, 0.00, 2.25, 0, 0 
2, 5471020,0.00, 100.00, 0.00, 2.25, 0, 0 
3, 5454191,0.00, 100.00, 0.00, 2.25, 0, 0 
4, 5541306,0.00, 100.00, 0.00, 2.25, 0, 0 
5, 5487638,0.00, 100.00, 0.00, 2.25, 0, 0 
6, 5360642,0.00, 100.00, 0.00, 2.25, 0, 0 
7, 5405523,0.00, 100.00, 0.00, 2.25, 0, 0 
8, 5418842,0.00, 100.00, 0.00, 2.25, 0, 0 
9, 5437967,0.00, 100.00, 0.00, 2.25, 0, 0 
0, 5424588,0.00, 100.00, 0.00, 2.25, 0, 0 
1, 5398538,0.00, 100.00, 0.00, 2.25, 0, 0 
2, 5380710,0.00, 100.00, 0.00, 2.25, 0, 0 
3, 5382206,0.00, 100.00, 0.00, 2.25, 0, 0 
4, 5324411,0.00, 100.00, 0.00, 2.25, 0, 0 
5, 5300064,0.00, 100.00, 0.00, 2.25, 0, 0 
6, 5344301,0.00, 100.00, 0.00, 2.25, 0, 0 
7, 5251055,0.00, 100.00, 0.00, 2.25, 0, 0 
8, 5254627,0.00, 100.00, 0.00, 2.25, 0, 0 
9, 5237598,0.00, 100.00, 0.00, 2.25, 0, 0 
0, 5253558,0.00, 100.00, 0.00, 2.25, 0, 0 
1, 5257376,0.00, 100.00, 0.00, 2.25, 0, 0 
2, 5257010,0.00, 100.00, 0.00, 2.25, 0, 0 
3, 5256333,0.00, 100.00, 0.00, 2.25, 0, 0 
4, 5327105,0.00, 100.00, 0.00, 2.25, 0, 0 
5, 5287248,0.00, 100.00, 0.00, 2.25, 0, 0 
6, 5294974,0.00, 100.00, 0.00, 2.25, 0, 0 
7, 5304419,0.00, 100.00, 0.00, 2.25, 0, 0 
8, 5377898,0.00, 100.00, 0.00, 2.25, 0, 0 
9, 5377071,0.00, 100.00, 0.00, 2.25, 0, 0 
0, 5378849,0.00, 100.00, 0.00, 2.25, 0, 0 
1, 5456137,0.00, 100.00, 0.00, 2.25, 0, 0 
2, 5556175,0.00, 100.00, 0.00, 2.25, 0, 0 
3, 5615547,0.00, 100.00, 0.00, 2.25, 0, 0 
4, 5587215,0.00, 100.00, 0.00, 2.25, 0, 0 
5, 5805520,0.00, 100.00, 0.00, 2.25, 0, 0 
6, 6036965,0.00, 100.00, 0.00, 2.25, 0, 0 
7, 6018265,0.00, 100.00, 0.00, 2.25, 0, 0 
8, 6034677,0.00, 100.00, 0.00, 2.25, 0, 0 
9, 6134681,0.00, 100.00, 0.00, 2.25, 0, 0 
0, 6392341,0.00, 100.00, 0.00, 2.25, 0, 0 
1, 6385290,0.00, 100.00, 0.00, 2.25, 0, 0 
2, 6286278,0.00, 100.00, 0.00, 2.25, 0, 0 
3, 6227893,0.00, 100.00, 0.00, 2.25, 0, 0 
4, 6163962,0.00, 100.00, 0.00, 2.25, 0, 0 
5, 6003756,0.00, 100.00, 0.00, 2.25, 0, 0 
6, 5878733,0.00, 100.00, 0.00, 2.25, 0, 0 
7, 6064390,0.00, 100.00, 0.00, 2.25, 0, 0 
8, 5982299,0.00, 100.00, 0.00, 2.25, 0, 0 
9, 5868495,0.00, 100.00, 0.00, 2.25, 0, 0 
0, 5626021,0.00, 100.00, 0.00, 2.25, 0, 0 
1, 5562427,0.00, 100.00, 0.00, 2.25, 0, 0 
2, 5544501,0.00, 100.00, 0.00, 2.25, 0, 0 
3, 5565443,0.00, 100.00, 0.00, 2.25, 0, 0 
4, 5644006,0.00, 100.00, 0.00, 2.25, 0, 0 
5, 5640472,0.00, 100.00, 0.00, 2.25, 0, 0 
6, 5524525,0.00, 100.00, 0.00, 2.25, 0, 0 
7, 5342589,0.00, 100.00, 0.00, 2.25, 0, 0 
8, 5333247,0.00, 100.00, 0.00, 2.25, 0, 0 
9, 5370805,0.00, 100.00, 0.00, 2.25, 0, 0 
0, 5344815,0.00, 100.00, 0.00, 2.25, 0, 0 
1, 5357448,0.00, 100.00, 0.00, 2.25, 0, 0 
2, 5389417,0.00, 100.00, 0.00, 2.25, 0, 0 
3, 5369996,0.00, 100.00, 0.00, 2.25, 0, 0 
4, 5299506,0.00, 100.00, 0.00, 2.25, 0, 0 
5, 5326883,0.00, 100.00, 0.00, 2.25, 0, 0 
6, 5364700,0.00, 100.00, 0.00, 2.25, 0, 0 
7, 5346762,0.00, 100.00, 0.00, 2.25, 0, 0 
8, 5344156,0.00, 100.00, 0.00, 2.25, 0, 0 
9, 5333635,0.00, 100.00, 0.00, 2.25, 0, 0 
0, 5334350,0.00, 100.00, 0.00, 2.25, 0, 0 
1, 5307342,0.00, 100.00, 0.00, 2.25, 0, 0 
2, 5299622,0.00, 100.00, 0.00, 2.25, 0, 0 
3, 5297813,0.00, 100.00, 0.00, 2.25, 0, 0 
4, 5291716,0.00, 100.00, 0.00, 2.25, 0, 0 
5, 5234965,0.00, 100.00, 0.00, 2.25, 0, 0 
6, 5226426,0.00, 100.00, 0.00, 2.25, 0, 0 
7, 5244187,0.00, 100.00, 0.00, 2.25, 0, 0 
8, 5247786,0.00, 100.00, 0.00, 2.25, 0, 0 
9, 5244083,0.00, 100.00, 0.00, 2.25, 0, 0 
