Tue Nov 27 19:04:24 2018
StepTime, x, v, f, xdes, vdes, fdes, cmd, IR, LSB, LSF
0, 565893881,0.00, 100.00, 0.00, 2.25, 0, 0 
1, 566921452,0.00, 100.00, 0.00, 2.25, 0, 0 
2, 763270537,1195.00, 100.00, 0.00, 2.35, 0, 0 
3, 764155706,1195.00, 100.00, 0.00, 2.35, 0, 0 
4, 765118106,1195.00, 100.00, 0.00, 2.35, 0, 0 
5, 766092357,1195.00, 100.00, 0.00, 2.35, 0, 0 
6, 767107846,1195.00, 100.00, 0.00, 2.35, 0, 0 
7, 768137741,1195.00, 100.00, 0.00, 2.35, 0, 0 
8, 769116977,1195.00, 100.00, 0.00, 2.35, 0, 0 
9, 770107305,1195.00, 100.00, 0.00, 2.35, 0, 0 
0, 205205760,1195.00, 100.00, 0.00, 2.35, 0, 0 
1, 205215825,1195.00, 100.00, 0.00, 2.35, 0, 0 
2, 9824837,1195.00, 100.00, 0.00, 2.35, 0, 0 
3, 9945911,1195.00, 100.00, 0.00, 2.35, 0, 0 
4, 10077399,1195.00, 100.00, 0.00, 2.35, 0, 0 
5, 10099267,1195.00, 100.00, 0.00, 2.35, 0, 0 
6, 10050123,1195.00, 100.00, 0.00, 2.35, 0, 0 
7, 10035629,1195.00, 100.00, 0.00, 2.35, 0, 0 
8, 10180473,1195.00, 100.00, 0.00, 2.35, 0, 0 
9, 10107304,1195.00, 100.00, 0.00, 2.35, 0, 0 
0, 10039135,1195.00, 100.00, 0.00, 2.35, 0, 0 
1, 10005857,1195.00, 100.00, 0.00, 2.35, 0, 0 
2, 10046494,1195.00, 100.00, 0.00, 2.35, 0, 0 
3, 10020744,1195.00, 100.00, 0.00, 2.35, 0, 0 
4, 9909526,1195.00, 100.00, 0.00, 2.35, 0, 0 
5, 9913511,1195.00, 100.00, 0.00, 2.35, 0, 0 
6, 9945667,1195.00, 100.00, 0.00, 2.35, 0, 0 
7, 9946629,1195.00, 100.00, 0.00, 2.35, 0, 0 
8, 9804474,1195.00, 100.00, 0.00, 2.35, 0, 0 
9, 9889509,1195.00, 100.00, 0.00, 2.35, 0, 0 
0, 9957036,1195.00, 100.00, 0.00, 2.35, 0, 0 
1, 10018179,1195.00, 100.00, 0.00, 2.35, 0, 0 
2, 10012774,1195.00, 100.00, 0.00, 2.35, 0, 0 
3, 9984445,1195.00, 100.00, 0.00, 2.35, 0, 0 
4, 10026780,1195.00, 100.00, 0.00, 2.35, 0, 0 
5, 10083661,1195.00, 100.00, 0.00, 2.35, 0, 0 
6, 10053886,1195.00, 100.00, 0.00, 2.35, 0, 0 
7, 10184094,1195.00, 100.00, 0.00, 2.35, 0, 0 
8, 10008672,1195.00, 100.00, 0.00, 2.35, 0, 0 
9, 10017353,1195.00, 100.00, 0.00, 2.35, 0, 0 
0, 10003433,1195.00, 100.00, 0.00, 2.35, 0, 0 
1, 9932984,1195.00, 100.00, 0.00, 2.35, 0, 0 
2, 9944401,1195.00, 100.00, 0.00, 2.35, 0, 0 
3, 10006319,1195.00, 100.00, 0.00, 2.35, 0, 0 
4, 9980959,1195.00, 100.00, 0.00, 2.35, 0, 0 
5, 9955647,1195.00, 100.00, 0.00, 2.35, 0, 0 
6, 9972846,1195.00, 100.00, 0.00, 2.35, 0, 0 
7, 9849509,1195.00, 100.00, 0.00, 2.35, 0, 0 
8, 10046969,1195.00, 100.00, 0.00, 2.35, 0, 0 
9, 9983197,1195.00, 100.00, 0.00, 2.35, 0, 0 
0, 10037036,1195.00, 100.00, 0.00, 2.35, 0, 0 
1, 10064411,1195.00, 100.00, 0.00, 2.35, 0, 0 
2, 9995862,1195.00, 100.00, 0.00, 2.35, 0, 0 
3, 9988441,1195.00, 100.00, 0.00, 2.35, 0, 0 
4, 9976453,1195.00, 100.00, 0.00, 2.35, 0, 0 
5, 9963677,1195.00, 100.00, 0.00, 2.35, 0, 0 
6, 9980391,1195.00, 100.00, 0.00, 2.35, 0, 0 
7, 9950770,1195.00, 100.00, 0.00, 2.35, 0, 0 
8, 9936848,1195.00, 100.00, 0.00, 2.35, 0, 0 
9, 10012720,1195.00, 100.00, 0.00, 2.35, 0, 0 
0, 9971642,1195.00, 100.00, 0.00, 2.35, 0, 0 
1, 9950422,1195.00, 100.00, 0.00, 2.35, 0, 0 
2, 10052146,1195.00, 100.00, 0.00, 2.35, 0, 0 
3, 10060387,1195.00, 100.00, 0.00, 2.35, 0, 0 
4, 10039847,1195.00, 100.00, 0.00, 2.35, 0, 0 
5, 10025047,1195.00, 100.00, 0.00, 2.35, 0, 0 
6, 10017877,1195.00, 100.00, 0.00, 2.35, 0, 0 
7, 10058741,1195.00, 100.00, 0.00, 2.35, 0, 0 
8, 10045022,1195.00, 100.00, 0.00, 2.35, 0, 0 
9, 189188002,1374.00, 100.00, 0.00, 2.35, 0, 0 
0, 245709718,1430.00, 100.00, 0.00, 2.35, 0, 0 
1, 760127447,2945.00, 100.00, 0.00, 2.35, 0, 0 
2, 362163839,3547.00, 100.00, 0.00, 2.35, 0, 0 
3, 390058555,3575.00, 100.00, 0.00, 2.35, 0, 0 
4, 389995640,3575.00, 100.00, 0.00, 2.35, 0, 0 
5, 390999706,3576.00, 100.00, 0.00, 2.35, 0, 0 
6, 391021891,3576.00, 100.00, 0.00, 2.35, 0, 0 
7, 390981159,3576.00, 100.00, 0.00, 2.35, 0, 0 
8, 391243319,3576.00, 100.00, 0.00, 2.35, 0, 0 
9, 211833081,3576.00, 100.00, 0.00, 2.35, 0, 0 
0, 158458028,3579.00, 100.00, 0.00, 2.35, 0, 0 
1, 643990298,3579.00, 100.00, 0.00, 2.35, 0, 0 
2, 41805800,3579.00, 100.00, 0.00, 2.35, 0, 0 
3, 13938900,3579.00, 100.00, 0.00, 2.35, 0, 0 
4, 18175666,3583.00, 100.00, 0.00, 2.35, 0, 0 
5, 17072652,3583.00, 100.00, 0.00, 2.35, 0, 0 
6, 16972219,3583.00, 100.00, 0.00, 2.35, 0, 0 
7, 17079704,3583.00, 100.00, 0.00, 2.35, 0, 0 
8, 20897231,3587.00, 100.00, 0.00, 2.35, 0, 0 
9, 21074424,3587.00, 100.00, 0.00, 2.35, 0, 0 
0, 39803669,3609.00, 100.00, 0.00, 2.35, 0, 0 
1, 39814019,3609.00, 100.00, 0.00, 2.35, 0, 0 
2, 41070711,3610.00, 100.00, 0.00, 2.35, 0, 0 
3, 40839353,3610.00, 100.00, 0.00, 2.35, 0, 0 
4, 38739049,3612.00, 100.00, 0.00, 2.35, 0, 0 
5, 40880924,3614.00, 100.00, 0.00, 2.35, 0, 0 
6, 49934352,3623.00, 100.00, 0.00, 2.35, 0, 0 
7, 50797522,3624.00, 100.00, 0.00, 2.35, 0, 0 
8, 46705438,3624.00, 100.00, 0.00, 2.35, 0, 0 
9, 46724574,3624.00, 100.00, 0.00, 2.35, 0, 0 
0, 26935329,3626.00, 100.00, 0.00, 2.35, 0, 0 
1, 26892768,3626.00, 100.00, 0.00, 2.35, 0, 0 
2, 25741776,3626.00, 100.00, 0.00, 2.35, 0, 0 
3, 27052163,3627.00, 100.00, 0.00, 2.35, 0, 0 
4, 24911921,3627.00, 100.00, 0.00, 2.35, 0, 0 
5, 24965903,3629.00, 100.00, 0.00, 2.35, 0, 0 
6, 15925934,3629.00, 100.00, 0.00, 2.35, 0, 0 
7, 14919542,3629.00, 100.00, 0.00, 2.35, 0, 0 
8, 16070032,3630.00, 100.00, 0.00, 2.35, 0, 0 
9, 16013326,3630.00, 100.00, 0.00, 2.35, 0, 0 
0, 17084693,3633.00, 100.00, 0.00, 2.35, 0, 0 
1, 17127610,3633.00, 100.00, 0.00, 2.35, 0, 0 
2, 17003923,3633.00, 100.00, 0.00, 2.35, 0, 0 
3, 20027921,3637.00, 100.00, 0.00, 2.35, 0, 0 
4, 20041441,3637.00, 100.00, 0.00, 2.35, 0, 0 
5, 19080393,3638.00, 100.00, 0.00, 2.35, 0, 0 
6, 19083764,3638.00, 100.00, 0.00, 2.35, 0, 0 
7, 19021318,3638.00, 100.00, 0.00, 2.35, 0, 0 
8, 20094512,3640.00, 100.00, 0.00, 2.35, 0, 0 
9, 20153888,3640.00, 100.00, 0.00, 2.35, 0, 0 
0, 16889868,3640.00, 100.00, 0.00, 2.35, 0, 0 
1, 20273263,3643.00, 100.00, 0.00, 2.35, 0, 0 
2, 20249721,3643.00, 100.00, 0.00, 2.35, 0, 0 
3, 16094999,3643.00, 100.00, 0.00, 2.35, 0, 0 
4, 18300189,3645.00, 100.00, 0.00, 2.35, 0, 0 
5, 17122005,3645.00, 100.00, 0.00, 2.35, 0, 0 
6, 19194297,3647.00, 100.00, 0.00, 2.35, 0, 0 
7, 19243676,3647.00, 100.00, 0.00, 2.35, 0, 0 
8, 21139979,3651.00, 100.00, 0.00, 2.35, 0, 0 
9, 21128273,3651.00, 100.00, 0.00, 2.35, 0, 0 
0, 25316448,3655.00, 100.00, 0.00, 2.35, 0, 0 
1, 21926903,3655.00, 100.00, 0.00, 2.35, 0, 0 
2, 21990477,3655.00, 100.00, 0.00, 2.35, 0, 0 
3, 22222000,3655.00, 100.00, 0.00, 2.35, 0, 0 
4, 19856686,3655.00, 100.00, 0.00, 2.35, 0, 0 
5, 26013303,3661.00, 100.00, 0.00, 2.35, 0, 0 
6, 23950669,3661.00, 100.00, 0.00, 2.35, 0, 0 
7, 24002204,3661.00, 100.00, 0.00, 2.35, 0, 0 
8, 19871201,3661.00, 100.00, 0.00, 2.35, 0, 0 
9, 19955063,3661.00, 100.00, 0.00, 2.35, 0, 0 
0, 16950318,3662.00, 100.00, 0.00, 2.35, 0, 0 
1, 18015969,3663.00, 100.00, 0.00, 2.35, 0, 0 
2, 18005459,3663.00, 100.00, 0.00, 2.35, 0, 0 
3, 20838375,3666.00, 100.00, 0.00, 2.35, 0, 0 
4, 21047792,3666.00, 100.00, 0.00, 2.35, 0, 0 
5, 17025114,3668.00, 100.00, 0.00, 2.35, 0, 0 
6, 16987116,3668.00, 100.00, 0.00, 2.35, 0, 0 
7, 19956778,3671.00, 100.00, 0.00, 2.35, 0, 0 
8, 19982968,3671.00, 100.00, 0.00, 2.35, 0, 0 
9, 20084247,3671.00, 100.00, 0.00, 2.35, 0, 0 
0, 18871724,3671.00, 100.00, 0.00, 2.35, 0, 0 
1, 20952683,3674.00, 100.00, 0.00, 2.35, 0, 0 
2, 21076863,3674.00, 100.00, 0.00, 2.35, 0, 0 
3, 17970050,3674.00, 100.00, 0.00, 2.35, 0, 0 
4, 20186584,3676.00, 100.00, 0.00, 2.35, 0, 0 
5, 17857446,3676.00, 100.00, 0.00, 2.35, 0, 0 
6, 18995098,3677.00, 100.00, 0.00, 2.35, 0, 0 
7, 16031070,3677.00, 100.00, 0.00, 2.35, 0, 0 
8, 16006983,3677.00, 100.00, 0.00, 2.35, 0, 0 
9, 15884088,3677.00, 100.00, 0.00, 2.35, 0, 0 
0, 16172106,3677.00, 100.00, 0.00, 2.35, 0, 0 
1, 16095896,3680.00, 100.00, 0.00, 2.35, 0, 0 
2, 15939082,3680.00, 100.00, 0.00, 2.35, 0, 0 
3, 18041263,3682.00, 100.00, 0.00, 2.35, 0, 0 
4, 15850888,3682.00, 100.00, 0.00, 2.35, 0, 0 
5, 15996072,3682.00, 100.00, 0.00, 2.35, 0, 0 
6, 14966975,3682.00, 100.00, 0.00, 2.35, 0, 0 
7, 17073042,3684.00, 100.00, 0.00, 2.35, 0, 0 
8, 17083589,3684.00, 100.00, 0.00, 2.35, 0, 0 
9, 17098510,3684.00, 100.00, 0.00, 2.35, 0, 0 
0, 16982240,3684.00, 100.00, 0.00, 2.35, 0, 0 
1, 13864305,3684.00, 100.00, 0.00, 2.35, 0, 0 
2, 13976594,3684.00, 100.00, 0.00, 2.35, 0, 0 
3, 11858516,3684.00, 100.00, 0.00, 2.35, 0, 0 
4, 15939374,3688.00, 100.00, 0.00, 2.35, 0, 0 
5, 16056292,3688.00, 100.00, 0.00, 2.35, 0, 0 
6, 16013595,3688.00, 100.00, 0.00, 2.35, 0, 0 
7, 17050805,3691.00, 100.00, 0.00, 2.35, 0, 0 
8, 17001906,3691.00, 100.00, 0.00, 2.35, 0, 0 
9, 18978266,3693.00, 100.00, 0.00, 2.35, 0, 0 
0, 20994218,3695.00, 100.00, 0.00, 2.35, 0, 0 
1, 21071066,3695.00, 100.00, 0.00, 2.35, 0, 0 
2, 20972539,3695.00, 100.00, 0.00, 2.35, 0, 0 
3, 21174134,3695.00, 100.00, 0.00, 2.35, 0, 0 
4, 16999624,3695.00, 100.00, 0.00, 2.35, 0, 0 
5, 19079065,3697.00, 100.00, 0.00, 2.35, 0, 0 
6, 19005877,3697.00, 100.00, 0.00, 2.35, 0, 0 
7, 17949659,3699.00, 100.00, 0.00, 2.35, 0, 0 
8, 18023537,3699.00, 100.00, 0.00, 2.35, 0, 0 
9, 15901177,3699.00, 100.00, 0.00, 2.35, 0, 0 
0, 15965523,3701.00, 100.00, 0.00, 2.35, 0, 0 
1, 15969366,3701.00, 100.00, 0.00, 2.35, 0, 0 
2, 16013562,3701.00, 100.00, 0.00, 2.35, 0, 0 
3, 16877995,3702.00, 100.00, 0.00, 2.35, 0, 0 
4, 20138122,3705.00, 100.00, 0.00, 2.35, 0, 0 
5, 17902462,3705.00, 100.00, 0.00, 2.35, 0, 0 
6, 17982897,3705.00, 100.00, 0.00, 2.35, 0, 0 
7, 15939271,3705.00, 100.00, 0.00, 2.35, 0, 0 
8, 15893954,3705.00, 100.00, 0.00, 2.35, 0, 0 
9, 16186267,3705.00, 100.00, 0.00, 2.35, 0, 0 
0, 16998901,3708.00, 100.00, 0.00, 2.35, 0, 0 
1, 17020355,3708.00, 100.00, 0.00, 2.35, 0, 0 
2, 17007002,3708.00, 100.00, 0.00, 2.35, 0, 0 
3, 16025424,3708.00, 100.00, 0.00, 2.35, 0, 0 
4, 12862328,3708.00, 100.00, 0.00, 2.35, 0, 0 
5, 12876720,3708.00, 100.00, 0.00, 2.35, 0, 0 
6, 15120033,3710.00, 100.00, 0.00, 2.35, 0, 0 
7, 15064472,3710.00, 100.00, 0.00, 2.35, 0, 0 
8, 15029553,3710.00, 100.00, 0.00, 2.35, 0, 0 
9, 16950540,3712.00, 100.00, 0.00, 2.35, 0, 0 
0, 13972880,3712.00, 100.00, 0.00, 2.35, 0, 0 
1, 13919179,3712.00, 100.00, 0.00, 2.35, 0, 0 
2, 13983123,3712.00, 100.00, 0.00, 2.35, 0, 0 
3, 14016437,3712.00, 100.00, 0.00, 2.35, 0, 0 
4, 14042031,3712.00, 100.00, 0.00, 2.35, 0, 0 
5, 16248338,3714.00, 100.00, 0.00, 2.35, 0, 0 
6, 13976201,3714.00, 100.00, 0.00, 2.35, 0, 0 
7, 13950347,3714.00, 100.00, 0.00, 2.35, 0, 0 
8, 22161355,3722.00, 100.00, 0.00, 2.35, 0, 0 
9, 19954935,3722.00, 100.00, 0.00, 2.35, 0, 0 
0, 19863217,3722.00, 100.00, 0.00, 2.35, 0, 0 
1, 22092713,3724.00, 100.00, 0.00, 2.35, 0, 0 
2, 22110318,3724.00, 100.00, 0.00, 2.35, 0, 0 
3, 22019790,3724.00, 100.00, 0.00, 2.35, 0, 0 
4, 23045161,3725.00, 100.00, 0.00, 2.35, 0, 0 
5, 20906522,3725.00, 100.00, 0.00, 2.35, 0, 0 
6, 20950637,3725.00, 100.00, 0.00, 2.35, 0, 0 
7, 20942058,3725.00, 100.00, 0.00, 2.35, 0, 0 
8, 12784147,3725.00, 100.00, 0.00, 2.35, 0, 0 
9, 12994317,3725.00, 100.00, 0.00, 2.35, 0, 0 
0, 13087656,3725.00, 100.00, 0.00, 2.35, 0, 0 
1, 11974992,3726.00, 100.00, 0.00, 2.35, 0, 0 
2, 12916230,3727.00, 100.00, 0.00, 2.35, 0, 0 
3, 12910557,3727.00, 100.00, 0.00, 2.35, 0, 0 
4, 11983237,3727.00, 100.00, 0.00, 2.35, 0, 0 
5, 12139116,3727.00, 100.00, 0.00, 2.35, 0, 0 
6, 11910663,3727.00, 100.00, 0.00, 2.35, 0, 0 
7, 11940817,3727.00, 100.00, 0.00, 2.35, 0, 0 
8, 11975474,3727.00, 100.00, 0.00, 2.35, 0, 0 
9, 11937278,3727.00, 100.00, 0.00, 2.35, 0, 0 
0, 11964184,3727.00, 100.00, 0.00, 2.35, 0, 0 
1, 10868395,3727.00, 100.00, 0.00, 2.35, 0, 0 
2, 9924031,3727.00, 100.00, 0.00, 2.35, 0, 0 
3, 10050515,3727.00, 100.00, 0.00, 2.35, 0, 0 
4, 9892651,3727.00, 100.00, 0.00, 2.35, 0, 0 
5, 9723824,3727.00, 100.00, 0.00, 2.35, 0, 0 
6, 9947366,3727.00, 100.00, 0.00, 2.35, 0, 0 
7, 9963552,3727.00, 100.00, 0.00, 2.35, 0, 0 
8, 9972405,3727.00, 100.00, 0.00, 2.35, 0, 0 
9, 9902257,3727.00, 100.00, 0.00, 2.35, 0, 0 
0, 9933831,3727.00, 100.00, 0.00, 2.35, 0, 0 
1, 9978899,3727.00, 100.00, 0.00, 2.35, 0, 0 
2, 9951594,3727.00, 100.00, 0.00, 2.35, 0, 0 
3, 9912531,3727.00, 100.00, 0.00, 2.35, 0, 0 
4, 9908726,3727.00, 100.00, 0.00, 2.35, 0, 0 
5, 10002912,3727.00, 100.00, 0.00, 2.35, 0, 0 
6, 10044349,3727.00, 100.00, 0.00, 2.35, 0, 0 
7, 9994905,3727.00, 100.00, 0.00, 2.35, 0, 0 
8, 9997067,3727.00, 100.00, 0.00, 2.35, 0, 0 
9, 10133755,3727.00, 100.00, 0.00, 2.35, 0, 0 
0, 10076598,3727.00, 100.00, 0.00, 2.35, 0, 0 
1, 10063662,3727.00, 100.00, 0.00, 2.35, 0, 0 
2, 10077292,3727.00, 100.00, 0.00, 2.35, 0, 0 
3, 10018193,3727.00, 100.00, 0.00, 2.35, 0, 0 
4, 10082396,3727.00, 100.00, 0.00, 2.35, 0, 0 
5, 9972278,3727.00, 100.00, 0.00, 2.35, 0, 0 
6, 9955159,3727.00, 100.00, 0.00, 2.35, 0, 0 
7, 10052457,3727.00, 100.00, 0.00, 2.35, 0, 0 
8, 10033974,3727.00, 100.00, 0.00, 2.35, 0, 0 
9, 9929264,3727.00, 100.00, 0.00, 2.35, 0, 0 
0, 9933992,3727.00, 100.00, 0.00, 2.35, 0, 0 
1, 9938886,3727.00, 100.00, 0.00, 2.35, 0, 0 
2, 9978434,3727.00, 100.00, 0.00, 2.35, 0, 0 
3, 9988069,3727.00, 100.00, 0.00, 2.35, 0, 0 
4, 9958068,3727.00, 100.00, 0.00, 2.35, 0, 0 
5, 10130585,3727.00, 100.00, 0.00, 2.35, 0, 0 
6, 10096297,3727.00, 100.00, 0.00, 2.35, 0, 0 
7, 10207941,3727.00, 100.00, 0.00, 2.35, 0, 0 
8, 10055724,3727.00, 100.00, 0.00, 2.35, 0, 0 
9, 10012555,3727.00, 100.00, 0.00, 2.35, 0, 0 
0, 40107846,3757.00, 100.00, 0.00, 2.35, 0, 0 
1, 56137773,3773.00, 100.00, 0.00, 2.35, 0, 0 
2, 56106962,3773.00, 100.00, 0.00, 2.35, 0, 0 
3, 56105593,3773.00, 100.00, 0.00, 2.35, 0, 0 
4, 55942218,3773.00, 100.00, 0.00, 2.35, 0, 0 
5, 55843233,3773.00, 100.00, 0.00, 2.35, 0, 0 
6, 55885432,3773.00, 100.00, 0.00, 2.35, 0, 0 
7, 55696933,3773.00, 100.00, 0.00, 2.35, 0, 0 
8, 55982096,3773.00, 100.00, 0.00, 2.35, 0, 0 
9, 58113741,3775.00, 100.00, 0.00, 2.35, 0, 0 
0, 27936269,3775.00, 100.00, 0.00, 2.35, 0, 0 
1, 13968479,3777.00, 100.00, 0.00, 2.35, 0, 0 
2, 13969074,3777.00, 100.00, 0.00, 2.35, 0, 0 
3, 16007584,3779.00, 100.00, 0.00, 2.35, 0, 0 
4, 16192955,3779.00, 100.00, 0.00, 2.35, 0, 0 
5, 16033239,3779.00, 100.00, 0.00, 2.35, 0, 0 
6, 16112231,3779.00, 100.00, 0.00, 2.35, 0, 0 
7, 16028366,3779.00, 100.00, 0.00, 2.35, 0, 0 
8, 17014314,3780.00, 100.00, 0.00, 2.35, 0, 0 
9, 16063197,3781.00, 100.00, 0.00, 2.35, 0, 0 
0, 16085004,3781.00, 100.00, 0.00, 2.35, 0, 0 
1, 18344516,3785.00, 100.00, 0.00, 2.35, 0, 0 
2, 18029819,3785.00, 100.00, 0.00, 2.35, 0, 0 
3, 15958747,3785.00, 100.00, 0.00, 2.35, 0, 0 
4, 15911974,3785.00, 100.00, 0.00, 2.35, 0, 0 
5, 16116698,3785.00, 100.00, 0.00, 2.35, 0, 0 
6, 15940913,3785.00, 100.00, 0.00, 2.35, 0, 0 
7, 16106376,3785.00, 100.00, 0.00, 2.35, 0, 0 
8, 14997333,3785.00, 100.00, 0.00, 2.35, 0, 0 
9, 13828310,3785.00, 100.00, 0.00, 2.35, 0, 0 
0, 13898796,3785.00, 100.00, 0.00, 2.35, 0, 0 
1, 9602547,3785.00, 100.00, 0.00, 2.35, 0, 0 
2, 9794505,3785.00, 100.00, 0.00, 2.35, 0, 0 
3, 9889658,3785.00, 100.00, 0.00, 2.35, 0, 0 
4, 10036476,3785.00, 100.00, 0.00, 2.35, 0, 0 
5, 9997142,3785.00, 100.00, 0.00, 2.35, 0, 0 
6, 10016771,3785.00, 100.00, 0.00, 2.35, 0, 0 
7, 10017431,3785.00, 100.00, 0.00, 2.35, 0, 0 
8, 9950066,3785.00, 100.00, 0.00, 2.35, 0, 0 
9, 9972422,3785.00, 100.00, 0.00, 2.35, 0, 0 
0, 10003490,3785.00, 100.00, 0.00, 2.35, 0, 0 
1, 9891263,3785.00, 100.00, 0.00, 2.35, 0, 0 
2, 10014369,3785.00, 100.00, 0.00, 2.35, 0, 0 
3, 10090109,3785.00, 100.00, 0.00, 2.35, 0, 0 
4, 9912670,3785.00, 100.00, 0.00, 2.35, 0, 0 
5, 9966869,3785.00, 100.00, 0.00, 2.35, 0, 0 
6, 10022176,3785.00, 100.00, 0.00, 2.35, 0, 0 
7, 9896308,3785.00, 100.00, 0.00, 2.35, 0, 0 
8, 9932936,3785.00, 100.00, 0.00, 2.35, 0, 0 
9, 10063110,3785.00, 100.00, 0.00, 2.35, 0, 0 
0, 10001202,3785.00, 100.00, 0.00, 2.35, 0, 0 
1, 10132305,3785.00, 100.00, 0.00, 2.35, 0, 0 
2, 26252697,3801.00, 100.00, 0.00, 2.35, 0, 0 
3, 26040207,3801.00, 100.00, 0.00, 2.35, 0, 0 
4, 29138457,3804.00, 100.00, 0.00, 2.35, 0, 0 
5, 29080620,3804.00, 100.00, 0.00, 2.35, 0, 0 
6, 32147241,3807.00, 100.00, 0.00, 2.35, 0, 0 
7, 32093167,3807.00, 100.00, 0.00, 2.35, 0, 0 
8, 35166289,3810.00, 100.00, 0.00, 2.35, 0, 0 
9, 35051097,3810.00, 100.00, 0.00, 2.35, 0, 0 
0, 35044112,3810.00, 100.00, 0.00, 2.35, 0, 0 
1, 35966486,3811.00, 100.00, 0.00, 2.35, 0, 0 
2, 22918157,3814.00, 100.00, 0.00, 2.35, 0, 0 
3, 25020184,3816.00, 100.00, 0.00, 2.35, 0, 0 
4, 21942452,3816.00, 100.00, 0.00, 2.35, 0, 0 
5, 21822031,3816.00, 100.00, 0.00, 2.35, 0, 0 
6, 19982676,3817.00, 100.00, 0.00, 2.35, 0, 0 
7, 19983467,3817.00, 100.00, 0.00, 2.35, 0, 0 
8, 16901467,3817.00, 100.00, 0.00, 2.35, 0, 0 
9, 19971546,3820.00, 100.00, 0.00, 2.35, 0, 0 
0, 20022322,3820.00, 100.00, 0.00, 2.35, 0, 0 
1, 18991494,3820.00, 100.00, 0.00, 2.35, 0, 0 
2, 16989178,3821.00, 100.00, 0.00, 2.35, 0, 0 
3, 17042220,3823.00, 100.00, 0.00, 2.35, 0, 0 
4, 16996122,3823.00, 100.00, 0.00, 2.35, 0, 0 
5, 19167537,3825.00, 100.00, 0.00, 2.35, 0, 0 
6, 17869438,3825.00, 100.00, 0.00, 2.35, 0, 0 
7, 23456585,3830.00, 100.00, 0.00, 2.35, 0, 0 
8, 23025065,3830.00, 100.00, 0.00, 2.35, 0, 0 
9, 22011066,3832.00, 100.00, 0.00, 2.35, 0, 0 
0, 21932153,3832.00, 100.00, 0.00, 2.35, 0, 0 
1, 22017662,3832.00, 100.00, 0.00, 2.35, 0, 0 
2, 20990637,3832.00, 100.00, 0.00, 2.35, 0, 0 
3, 18878374,3832.00, 100.00, 0.00, 2.35, 0, 0 
4, 20103718,3833.00, 100.00, 0.00, 2.35, 0, 0 
5, 18959491,3834.00, 100.00, 0.00, 2.35, 0, 0 
6, 27125700,3842.00, 100.00, 0.00, 2.35, 0, 0 
7, 21597958,3842.00, 100.00, 0.00, 2.35, 0, 0 
8, 21938377,3842.00, 100.00, 0.00, 2.35, 0, 0 
9, 27082394,3849.00, 100.00, 0.00, 2.35, 0, 0 
0, 30150681,3852.00, 100.00, 0.00, 2.35, 0, 0 
1, 30012246,3852.00, 100.00, 0.00, 2.35, 0, 0 
2, 33037533,3855.00, 100.00, 0.00, 2.35, 0, 0 
3, 32902364,3855.00, 100.00, 0.00, 2.35, 0, 0 
4, 33980459,3857.00, 100.00, 0.00, 2.35, 0, 0 
5, 33949225,3858.00, 100.00, 0.00, 2.35, 0, 0 
6, 26895437,3859.00, 100.00, 0.00, 2.35, 0, 0 
7, 26875500,3859.00, 100.00, 0.00, 2.35, 0, 0 
8, 26991054,3859.00, 100.00, 0.00, 2.35, 0, 0 
9, 19786991,3859.00, 100.00, 0.00, 2.35, 0, 0 
0, 16761383,3859.00, 100.00, 0.00, 2.35, 0, 0 
1, 16876403,3859.00, 100.00, 0.00, 2.35, 0, 0 
2, 13838911,3859.00, 100.00, 0.00, 2.35, 0, 0 
3, 13992767,3859.00, 100.00, 0.00, 2.35, 0, 0 
4, 11786890,3859.00, 100.00, 0.00, 2.35, 0, 0 
5, 10925307,3859.00, 100.00, 0.00, 2.35, 0, 0 
6, 9859036,3859.00, 100.00, 0.00, 2.35, 0, 0 
7, 9978256,3859.00, 100.00, 0.00, 2.35, 0, 0 
8, 9984968,3859.00, 100.00, 0.00, 2.35, 0, 0 
9, 9953769,3859.00, 100.00, 0.00, 2.35, 0, 0 
0, 10017757,3859.00, 100.00, 0.00, 2.35, 0, 0 
1, 10013801,3859.00, 100.00, 0.00, 2.35, 0, 0 
2, 10000417,3859.00, 100.00, 0.00, 2.35, 0, 0 
3, 10100897,3859.00, 100.00, 0.00, 2.35, 0, 0 
4, 10016032,3859.00, 100.00, 0.00, 2.35, 0, 0 
5, 10347159,3859.00, 100.00, 0.00, 2.35, 0, 0 
6, 10055139,3859.00, 100.00, 0.00, 2.35, 0, 0 
7, 10029711,3859.00, 100.00, 0.00, 2.35, 0, 0 
8, 9974862,3859.00, 100.00, 0.00, 2.35, 0, 0 
9, 10047598,3859.00, 100.00, 0.00, 2.35, 0, 0 
0, 10050321,3859.00, 100.00, 0.00, 2.35, 0, 0 
1, 9997966,3859.00, 100.00, 0.00, 2.35, 0, 0 
2, 9947146,3859.00, 100.00, 0.00, 2.35, 0, 0 
3, 9906035,3859.00, 100.00, 0.00, 2.35, 0, 0 
4, 9955529,3859.00, 100.00, 0.00, 2.35, 0, 0 
5, 9770558,3859.00, 100.00, 0.00, 2.35, 0, 0 
6, 10034786,3859.00, 100.00, 0.00, 2.35, 0, 0 
7, 10054998,3859.00, 100.00, 0.00, 2.35, 0, 0 
8, 10098542,3859.00, 100.00, 0.00, 2.35, 0, 0 
9, 9980787,3859.00, 100.00, 0.00, 2.35, 0, 0 
0, 10015350,3859.00, 100.00, 0.00, 2.35, 0, 0 
1, 10114531,3859.00, 100.00, 0.00, 2.35, 0, 0 
2, 10106675,3859.00, 100.00, 0.00, 2.35, 0, 0 
3, 12186671,3861.00, 100.00, 0.00, 2.35, 0, 0 
4, 12129793,3861.00, 100.00, 0.00, 2.35, 0, 0 
5, 11922702,3861.00, 100.00, 0.00, 2.35, 0, 0 
6, 11977686,3861.00, 100.00, 0.00, 2.35, 0, 0 
7, 17102324,3866.00, 100.00, 0.00, 2.35, 0, 0 
8, 17074017,3866.00, 100.00, 0.00, 2.35, 0, 0 
9, 16991785,3866.00, 100.00, 0.00, 2.35, 0, 0 
0, 19105564,3868.00, 100.00, 0.00, 2.35, 0, 0 
1, 19036058,3868.00, 100.00, 0.00, 2.35, 0, 0 
2, 18939375,3868.00, 100.00, 0.00, 2.35, 0, 0 
3, 20889069,3872.00, 100.00, 0.00, 2.35, 0, 0 
4, 22093000,3873.00, 100.00, 0.00, 2.35, 0, 0 
5, 22107250,3873.00, 100.00, 0.00, 2.35, 0, 0 
6, 27122704,3878.00, 100.00, 0.00, 2.35, 0, 0 
7, 23960459,3880.00, 100.00, 0.00, 2.35, 0, 0 
8, 23969924,3880.00, 100.00, 0.00, 2.35, 0, 0 
9, 24110626,3880.00, 100.00, 0.00, 2.35, 0, 0 
0, 21900539,3880.00, 100.00, 0.00, 2.35, 0, 0 
1, 25000819,3883.00, 100.00, 0.00, 2.35, 0, 0 
2, 25106850,3883.00, 100.00, 0.00, 2.35, 0, 0 
3, 23090203,3885.00, 100.00, 0.00, 2.35, 0, 0 
4, 21815962,3885.00, 100.00, 0.00, 2.35, 0, 0 
5, 24010718,3887.00, 100.00, 0.00, 2.35, 0, 0 
6, 18942574,3887.00, 100.00, 0.00, 2.35, 0, 0 
7, 19927923,3890.00, 100.00, 0.00, 2.35, 0, 0 
8, 20036974,3890.00, 100.00, 0.00, 2.35, 0, 0 
9, 22036477,3892.00, 100.00, 0.00, 2.35, 0, 0 
0, 22061350,3892.00, 100.00, 0.00, 2.35, 0, 0 
1, 20978625,3894.00, 100.00, 0.00, 2.35, 0, 0 
2, 20937067,3894.00, 100.00, 0.00, 2.35, 0, 0 
3, 18908799,3894.00, 100.00, 0.00, 2.35, 0, 0 
4, 19293921,3894.00, 100.00, 0.00, 2.35, 0, 0 
5, 16840252,3894.00, 100.00, 0.00, 2.35, 0, 0 
6, 16862121,3894.00, 100.00, 0.00, 2.35, 0, 0 
7, 13893572,3894.00, 100.00, 0.00, 2.35, 0, 0 
8, 13844927,3894.00, 100.00, 0.00, 2.35, 0, 0 
9, 11841742,3894.00, 100.00, 0.00, 2.35, 0, 0 
0, 11877248,3894.00, 100.00, 0.00, 2.35, 0, 0 
1, 9858830,3894.00, 100.00, 0.00, 2.35, 0, 0 
2, 9977518,3894.00, 100.00, 0.00, 2.35, 0, 0 
3, 9954282,3894.00, 100.00, 0.00, 2.35, 0, 0 
4, 9729065,3894.00, 100.00, 0.00, 2.35, 0, 0 
5, 10001477,3894.00, 100.00, 0.00, 2.35, 0, 0 
6, 10032296,3894.00, 100.00, 0.00, 2.35, 0, 0 
7, 10004684,3894.00, 100.00, 0.00, 2.35, 0, 0 
8, 9957261,3894.00, 100.00, 0.00, 2.35, 0, 0 
9, 9978667,3894.00, 100.00, 0.00, 2.35, 0, 0 
0, 9976138,3894.00, 100.00, 0.00, 2.35, 0, 0 
1, 9991042,3894.00, 100.00, 0.00, 2.35, 0, 0 
2, 9956250,3894.00, 100.00, 0.00, 2.35, 0, 0 
3, 10081228,3894.00, 100.00, 0.00, 2.35, 0, 0 
4, 10066741,3894.00, 100.00, 0.00, 2.35, 0, 0 
5, 10055667,3894.00, 100.00, 0.00, 2.35, 0, 0 
6, 9972487,3894.00, 100.00, 0.00, 2.35, 0, 0 
7, 9999132,3894.00, 100.00, 0.00, 2.35, 0, 0 
8, 10050978,3894.00, 100.00, 0.00, 2.35, 0, 0 
9, 9999238,3894.00, 100.00, 0.00, 2.35, 0, 0 
0, 10026198,3894.00, 100.00, 0.00, 2.35, 0, 0 
1, 9997741,3894.00, 100.00, 0.00, 2.35, 0, 0 
2, 10012761,3894.00, 100.00, 0.00, 2.35, 0, 0 
3, 9890552,3894.00, 100.00, 0.00, 2.35, 0, 0 
4, 9964764,3894.00, 100.00, 0.00, 2.35, 0, 0 
5, 10045166,3894.00, 100.00, 0.00, 2.35, 0, 0 
6, 10116011,3894.00, 100.00, 0.00, 2.35, 0, 0 
7, 10107525,3894.00, 100.00, 0.00, 2.35, 0, 0 
8, 9972944,3894.00, 100.00, 0.00, 2.35, 0, 0 
9, 10026808,3894.00, 100.00, 0.00, 2.35, 0, 0 
0, 10001873,3894.00, 100.00, 0.00, 2.35, 0, 0 
1, 10028035,3894.00, 100.00, 0.00, 2.35, 0, 0 
2, 9984792,3894.00, 100.00, 0.00, 2.35, 0, 0 
3, 9981750,3894.00, 100.00, 0.00, 2.35, 0, 0 
4, 9935423,3894.00, 100.00, 0.00, 2.35, 0, 0 
5, 9888624,3894.00, 100.00, 0.00, 2.35, 0, 0 
6, 9910526,3894.00, 100.00, 0.00, 2.35, 0, 0 
7, 9902565,3894.00, 100.00, 0.00, 2.35, 0, 0 
8, 10078536,3894.00, 100.00, 0.00, 2.35, 0, 0 
9, 9991375,3894.00, 100.00, 0.00, 2.35, 0, 0 
0, 9968630,3894.00, 100.00, 0.00, 2.35, 0, 0 
1, 9971792,3894.00, 100.00, 0.00, 2.35, 0, 0 
2, 10027058,3894.00, 100.00, 0.00, 2.35, 0, 0 
3, 10021944,3894.00, 100.00, 0.00, 2.35, 0, 0 
4, 10104635,3894.00, 100.00, 0.00, 2.35, 0, 0 
5, 10010117,3894.00, 100.00, 0.00, 2.35, 0, 0 
6, 10095639,3894.00, 100.00, 0.00, 2.35, 0, 0 
7, 10005492,3894.00, 100.00, 0.00, 2.35, 0, 0 
8, 9925998,3894.00, 100.00, 0.00, 2.35, 0, 0 
9, 9992609,3894.00, 100.00, 0.00, 2.35, 0, 0 
0, 10018304,3894.00, 100.00, 0.00, 2.35, 0, 0 
1, 10017869,3894.00, 100.00, 0.00, 2.35, 0, 0 
2, 9974903,3894.00, 100.00, 0.00, 2.35, 0, 0 
3, 9996486,3894.00, 100.00, 0.00, 2.35, 0, 0 
4, 9910935,3894.00, 100.00, 0.00, 2.35, 0, 0 
5, 9994011,3894.00, 100.00, 0.00, 2.35, 0, 0 
6, 9887374,3894.00, 100.00, 0.00, 2.35, 0, 0 
7, 9989397,3894.00, 100.00, 0.00, 2.35, 0, 0 
8, 9998578,3894.00, 100.00, 0.00, 2.35, 0, 0 
9, 9982162,3894.00, 100.00, 0.00, 2.35, 0, 0 
0, 10124837,3894.00, 100.00, 0.00, 2.35, 0, 0 
1, 10005044,3894.00, 100.00, 0.00, 2.35, 0, 0 
2, 10006902,3894.00, 100.00, 0.00, 2.35, 0, 0 
3, 10004633,3894.00, 100.00, 0.00, 2.35, 0, 0 
4, 9993830,3894.00, 100.00, 0.00, 2.35, 0, 0 
5, 9970528,3894.00, 100.00, 0.00, 2.35, 0, 0 
6, 9994161,3894.00, 100.00, 0.00, 2.35, 0, 0 
7, 10000276,3894.00, 100.00, 0.00, 2.35, 0, 0 
8, 9978061,3894.00, 100.00, 0.00, 2.35, 0, 0 
9, 10002789,3894.00, 100.00, 0.00, 2.35, 0, 0 
0, 9939418,3894.00, 100.00, 0.00, 2.35, 0, 0 
1, 10049792,3894.00, 100.00, 0.00, 2.35, 0, 0 
2, 9971934,3894.00, 100.00, 0.00, 2.35, 0, 0 
3, 9976895,3894.00, 100.00, 0.00, 2.35, 0, 0 
4, 10035793,3894.00, 100.00, 0.00, 2.35, 0, 0 
5, 10048485,3894.00, 100.00, 0.00, 2.35, 0, 0 
6, 10083899,3894.00, 100.00, 0.00, 2.35, 0, 0 
7, 9997200,3894.00, 100.00, 0.00, 2.35, 0, 0 
8, 10036877,3894.00, 100.00, 0.00, 2.35, 0, 0 
9, 10014994,3894.00, 100.00, 0.00, 2.35, 0, 0 
0, 9944370,3894.00, 100.00, 0.00, 2.35, 0, 0 
1, 9994416,3894.00, 100.00, 0.00, 2.35, 0, 0 
2, 10132823,3894.00, 100.00, 0.00, 2.35, 0, 0 
3, 10074086,3894.00, 100.00, 0.00, 2.35, 0, 0 
4, 9966404,3894.00, 100.00, 0.00, 2.35, 0, 0 
5, 9967022,3894.00, 100.00, 0.00, 2.35, 0, 0 
6, 9977195,3894.00, 100.00, 0.00, 2.35, 0, 0 
7, 10019301,3894.00, 100.00, 0.00, 2.35, 0, 0 
8, 9980945,3894.00, 100.00, 0.00, 2.35, 0, 0 
9, 9966094,3894.00, 100.00, 0.00, 2.35, 0, 0 
0, 10001144,3894.00, 100.00, 0.00, 2.35, 0, 0 
1, 10017783,3894.00, 100.00, 0.00, 2.35, 0, 0 
2, 9888067,3894.00, 100.00, 0.00, 2.35, 0, 0 
3, 10013378,3894.00, 100.00, 0.00, 2.35, 0, 0 
4, 10022913,3894.00, 100.00, 0.00, 2.35, 0, 0 
5, 10003308,3894.00, 100.00, 0.00, 2.35, 0, 0 
6, 9921162,3894.00, 100.00, 0.00, 2.35, 0, 0 
7, 9972782,3894.00, 100.00, 0.00, 2.35, 0, 0 
8, 10031949,3894.00, 100.00, 0.00, 2.35, 0, 0 
9, 10033103,3894.00, 100.00, 0.00, 2.35, 0, 0 
0, 9968407,3894.00, 100.00, 0.00, 2.35, 0, 0 
1, 9913635,3894.00, 100.00, 0.00, 2.35, 0, 0 
2, 10000401,3894.00, 100.00, 0.00, 2.35, 0, 0 
3, 9904772,3894.00, 100.00, 0.00, 2.35, 0, 0 
4, 9989397,3894.00, 100.00, 0.00, 2.35, 0, 0 
5, 10004486,3894.00, 100.00, 0.00, 2.35, 0, 0 
6, 10131393,3894.00, 100.00, 0.00, 2.35, 0, 0 
7, 45178435,3929.00, 100.00, 0.00, 2.35, 0, 0 
8, 152899682,5037.00, 100.00, 0.00, 2.35, 0, 0 
9, 152887121,5037.00, 100.00, 0.00, 2.35, 0, 0 
0, 152814724,5037.00, 100.00, 0.00, 2.35, 0, 0 
1, 152821237,5037.00, 100.00, 0.00, 2.35, 0, 0 
2, 152938788,5037.00, 100.00, 0.00, 2.35, 0, 0 
3, 152941616,5037.00, 100.00, 0.00, 2.35, 0, 0 
4, 152764605,5037.00, 100.00, 0.00, 2.35, 0, 0 
5, 152879677,5037.00, 100.00, 0.00, 2.35, 0, 0 
6, 155795002,5040.00, 100.00, 0.00, 2.35, 0, 0 
7, 130768927,5050.00, 100.00, 0.00, 2.35, 0, 0 
8, 22963107,5050.00, 100.00, 0.00, 2.35, 0, 0 
9, 22923197,5050.00, 100.00, 0.00, 2.35, 0, 0 
0, 22989116,5049.00, 100.00, 0.00, 2.35, 0, 0 
1, 23082839,5050.00, 100.00, 0.00, 2.35, 0, 0 
2, 22959165,5050.00, 100.00, 0.00, 2.35, 0, 0 
3, 22994111,5050.00, 100.00, 0.00, 2.35, 0, 0 
4, 23120672,5050.00, 100.00, 0.00, 2.35, 0, 0 
5, 23028843,5050.00, 100.00, 0.00, 2.35, 0, 0 
6, 33016691,5063.00, 100.00, 0.00, 2.35, 0, 0 
7, 26939537,5067.00, 100.00, 0.00, 2.35, 0, 0 
8, 244318143,5284.00, 100.00, 0.00, 2.35, 0, 0 
9, 244356809,5284.00, 100.00, 0.00, 2.35, 0, 0 
0, 244356176,5284.00, 100.00, 0.00, 2.35, 0, 0 
1, 244080906,5284.00, 100.00, 0.00, 2.35, 0, 0 
2, 244272639,5284.00, 100.00, 0.00, 2.35, 0, 0 
3, 244235148,5284.00, 100.00, 0.00, 2.35, 0, 0 
4, 244064851,5284.00, 100.00, 0.00, 2.35, 0, 0 
5, 246222219,5286.00, 100.00, 0.00, 2.35, 0, 0 
6, 233139603,5286.00, 100.00, 0.00, 2.35, 0, 0 
7, 231215797,5288.00, 100.00, 0.00, 2.35, 0, 0 
8, 14968585,5289.00, 100.00, 0.00, 2.35, 0, 0 
9, 15038281,5289.00, 100.00, 0.00, 2.35, 0, 0 
0, 17007524,5291.00, 100.00, 0.00, 2.35, 0, 0 
1, 17144707,5291.00, 100.00, 0.00, 2.35, 0, 0 
2, 16796444,5291.00, 100.00, 0.00, 2.35, 0, 0 
3, 17006311,5291.00, 100.00, 0.00, 2.35, 0, 0 
4, 17070404,5291.00, 100.00, 0.00, 2.35, 0, 0 
5, 19042465,5295.00, 100.00, 0.00, 2.35, 0, 0 
6, 18990197,5295.00, 100.00, 0.00, 2.35, 0, 0 
7, 16939071,5295.00, 100.00, 0.00, 2.35, 0, 0 
8, 15857909,5295.00, 100.00, 0.00, 2.35, 0, 0 
9, 15938433,5295.00, 100.00, 0.00, 2.35, 0, 0 
0, 13921707,5295.00, 100.00, 0.00, 2.35, 0, 0 
1, 16079557,5297.00, 100.00, 0.00, 2.35, 0, 0 
2, 23224443,5304.00, 100.00, 0.00, 2.35, 0, 0 
3, 23991552,5305.00, 100.00, 0.00, 2.35, 0, 0 
4, 27057644,5308.00, 100.00, 0.00, 2.35, 0, 0 
5, 22890161,5308.00, 100.00, 0.00, 2.35, 0, 0 
6, 23051489,5308.00, 100.00, 0.00, 2.35, 0, 0 
7, 22983101,5308.00, 100.00, 0.00, 2.35, 0, 0 
8, 23012999,5308.00, 100.00, 0.00, 2.35, 0, 0 
9, 22891673,5308.00, 100.00, 0.00, 2.35, 0, 0 
0, 22990722,5308.00, 100.00, 0.00, 2.35, 0, 0 
1, 20904010,5308.00, 100.00, 0.00, 2.35, 0, 0 
2, 13924692,5308.00, 100.00, 0.00, 2.35, 0, 0 
3, 12853240,5308.00, 100.00, 0.00, 2.35, 0, 0 
4, 10041683,5308.00, 100.00, 0.00, 2.35, 0, 0 
5, 10074949,5308.00, 100.00, 0.00, 2.35, 0, 0 
6, 9908340,5308.00, 100.00, 0.00, 2.35, 0, 0 
7, 10068239,5308.00, 100.00, 0.00, 2.35, 0, 0 
8, 10047671,5308.00, 100.00, 0.00, 2.35, 0, 0 
9, 10045562,5308.00, 100.00, 0.00, 2.35, 0, 0 
0, 10009838,5308.00, 100.00, 0.00, 2.35, 0, 0 
1, 18144217,5316.00, 100.00, 0.00, 2.35, 0, 0 
2, 19027111,5317.00, 100.00, 0.00, 2.35, 0, 0 
3, 21181756,5319.00, 100.00, 0.00, 2.35, 0, 0 
4, 20977193,5319.00, 100.00, 0.00, 2.35, 0, 0 
5, 20991715,5319.00, 100.00, 0.00, 2.35, 0, 0 
6, 21118315,5319.00, 100.00, 0.00, 2.35, 0, 0 
7, 20958080,5319.00, 100.00, 0.00, 2.35, 0, 0 
8, 20931629,5319.00, 100.00, 0.00, 2.35, 0, 0 
9, 20974302,5319.00, 100.00, 0.00, 2.35, 0, 0 
0, 21116222,5319.00, 100.00, 0.00, 2.35, 0, 0 
1, 12884376,5319.00, 100.00, 0.00, 2.35, 0, 0 
2, 11968947,5319.00, 100.00, 0.00, 2.35, 0, 0 
3, 9821585,5319.00, 100.00, 0.00, 2.35, 0, 0 
4, 18001290,5327.00, 100.00, 0.00, 2.35, 0, 0 
5, 18052775,5327.00, 100.00, 0.00, 2.35, 0, 0 
6, 18009649,5327.00, 100.00, 0.00, 2.35, 0, 0 
7, 18120008,5327.00, 100.00, 0.00, 2.35, 0, 0 
8, 18052093,5327.00, 100.00, 0.00, 2.35, 0, 0 
9, 17994314,5327.00, 100.00, 0.00, 2.35, 0, 0 
0, 17874742,5327.00, 100.00, 0.00, 2.35, 0, 0 
1, 20067199,5329.00, 100.00, 0.00, 2.35, 0, 0 
2, 19912950,5329.00, 100.00, 0.00, 2.35, 0, 0 
3, 21159316,5330.00, 100.00, 0.00, 2.35, 0, 0 
4, 13016200,5330.00, 100.00, 0.00, 2.35, 0, 0 
5, 12874037,5330.00, 100.00, 0.00, 2.35, 0, 0 
6, 19933526,5337.00, 100.00, 0.00, 2.35, 0, 0 
7, 19806417,5337.00, 100.00, 0.00, 2.35, 0, 0 
8, 19922079,5337.00, 100.00, 0.00, 2.35, 0, 0 
9, 20181357,5337.00, 100.00, 0.00, 2.35, 0, 0 
0, 20002185,5337.00, 100.00, 0.00, 2.35, 0, 0 
1, 17857890,5337.00, 100.00, 0.00, 2.35, 0, 0 
2, 17987981,5337.00, 100.00, 0.00, 2.35, 0, 0 
3, 21006961,5341.00, 100.00, 0.00, 2.35, 0, 0 
4, 20997189,5341.00, 100.00, 0.00, 2.35, 0, 0 
5, 21092922,5341.00, 100.00, 0.00, 2.35, 0, 0 
6, 14037036,5341.00, 100.00, 0.00, 2.35, 0, 0 
7, 14100786,5341.00, 100.00, 0.00, 2.35, 0, 0 
8, 14115929,5341.00, 100.00, 0.00, 2.35, 0, 0 
9, 13772379,5341.00, 100.00, 0.00, 2.35, 0, 0 
0, 13927718,5341.00, 100.00, 0.00, 2.35, 0, 0 
1, 22115731,5349.00, 100.00, 0.00, 2.35, 0, 0 
2, 22146509,5349.00, 100.00, 0.00, 2.35, 0, 0 
3, 17979579,5349.00, 100.00, 0.00, 2.35, 0, 0 
4, 17965120,5349.00, 100.00, 0.00, 2.35, 0, 0 
5, 17859108,5349.00, 100.00, 0.00, 2.35, 0, 0 
6, 17915104,5349.00, 100.00, 0.00, 2.35, 0, 0 
7, 17956859,5349.00, 100.00, 0.00, 2.35, 0, 0 
8, 19897661,5351.00, 100.00, 0.00, 2.35, 0, 0 
9, 20052364,5351.00, 100.00, 0.00, 2.35, 0, 0 
0, 20067332,5351.00, 100.00, 0.00, 2.35, 0, 0 
1, 11952461,5351.00, 100.00, 0.00, 2.35, 0, 0 
2, 11877378,5351.00, 100.00, 0.00, 2.35, 0, 0 
3, 11842145,5351.00, 100.00, 0.00, 2.35, 0, 0 
4, 11936321,5351.00, 100.00, 0.00, 2.35, 0, 0 
5, 11997144,5351.00, 100.00, 0.00, 2.35, 0, 0 
6, 12003731,5351.00, 100.00, 0.00, 2.35, 0, 0 
7, 11989863,5351.00, 100.00, 0.00, 2.35, 0, 0 
8, 9954627,5351.00, 100.00, 0.00, 2.35, 0, 0 
9, 9910942,5351.00, 100.00, 0.00, 2.35, 0, 0 
0, 10005247,5351.00, 100.00, 0.00, 2.35, 0, 0 
1, 9908885,5351.00, 100.00, 0.00, 2.35, 0, 0 
2, 9952630,5351.00, 100.00, 0.00, 2.35, 0, 0 
3, 10052412,5351.00, 100.00, 0.00, 2.35, 0, 0 
4, 10042085,5351.00, 100.00, 0.00, 2.35, 0, 0 
5, 10036309,5351.00, 100.00, 0.00, 2.35, 0, 0 
6, 9936744,5351.00, 100.00, 0.00, 2.35, 0, 0 
7, 9959893,5351.00, 100.00, 0.00, 2.35, 0, 0 
8, 10083849,5351.00, 100.00, 0.00, 2.35, 0, 0 
9, 10074741,5351.00, 100.00, 0.00, 2.35, 0, 0 
0, 9901052,5351.00, 100.00, 0.00, 2.35, 0, 0 
1, 9971690,5351.00, 100.00, 0.00, 2.35, 0, 0 
2, 10085667,5351.00, 100.00, 0.00, 2.35, 0, 0 
3, 9944267,5351.00, 100.00, 0.00, 2.35, 0, 0 
4, 10084123,5351.00, 100.00, 0.00, 2.35, 0, 0 
5, 21126001,5362.00, 100.00, 0.00, 2.35, 0, 0 
6, 21164545,5362.00, 100.00, 0.00, 2.35, 0, 0 
7, 21114552,5362.00, 100.00, 0.00, 2.35, 0, 0 
8, 21023054,5362.00, 100.00, 0.00, 2.35, 0, 0 
9, 21010647,5362.00, 100.00, 0.00, 2.35, 0, 0 
0, 21102549,5362.00, 100.00, 0.00, 2.35, 0, 0 
1, 21044745,5362.00, 100.00, 0.00, 2.35, 0, 0 
2, 20958785,5362.00, 100.00, 0.00, 2.35, 0, 0 
3, 21023343,5362.00, 100.00, 0.00, 2.35, 0, 0 
4, 20920506,5362.00, 100.00, 0.00, 2.35, 0, 0 
5, 11978012,5364.00, 100.00, 0.00, 2.35, 0, 0 
6, 16926463,5369.00, 100.00, 0.00, 2.35, 0, 0 
7, 16891314,5369.00, 100.00, 0.00, 2.35, 0, 0 
8, 16947385,5369.00, 100.00, 0.00, 2.35, 0, 0 
9, 17123974,5369.00, 100.00, 0.00, 2.35, 0, 0 
0, 22072770,5374.00, 100.00, 0.00, 2.35, 0, 0 
1, 22009179,5374.00, 100.00, 0.00, 2.35, 0, 0 
2, 22078617,5374.00, 100.00, 0.00, 2.35, 0, 0 
3, 22144752,5374.00, 100.00, 0.00, 2.35, 0, 0 
4, 22044459,5374.00, 100.00, 0.00, 2.35, 0, 0 
5, 20170061,5374.00, 100.00, 0.00, 2.35, 0, 0 
6, 35110085,5394.00, 100.00, 0.00, 2.35, 0, 0 
7, 35159501,5394.00, 100.00, 0.00, 2.35, 0, 0 
8, 35129297,5394.00, 100.00, 0.00, 2.35, 0, 0 
9, 34861133,5394.00, 100.00, 0.00, 2.35, 0, 0 
0, 29852858,5394.00, 100.00, 0.00, 2.35, 0, 0 
1, 35046736,5399.00, 100.00, 0.00, 2.35, 0, 0 
2, 37078591,5401.00, 100.00, 0.00, 2.35, 0, 0 
3, 36848222,5401.00, 100.00, 0.00, 2.35, 0, 0 
4, 36833952,5401.00, 100.00, 0.00, 2.35, 0, 0 
5, 36687593,5401.00, 100.00, 0.00, 2.35, 0, 0 
6, 23891831,5408.00, 100.00, 0.00, 2.35, 0, 0 
7, 25955127,5410.00, 100.00, 0.00, 2.35, 0, 0 
8, 25995844,5410.00, 100.00, 0.00, 2.35, 0, 0 
9, 25964258,5410.00, 100.00, 0.00, 2.35, 0, 0 
0, 47149600,5431.00, 100.00, 0.00, 2.35, 0, 0 
1, 41984136,5431.00, 100.00, 0.00, 2.35, 0, 0 
2, 39945651,5431.00, 100.00, 0.00, 2.35, 0, 0 
3, 39995781,5431.00, 100.00, 0.00, 2.35, 0, 0 
4, 40067138,5431.00, 100.00, 0.00, 2.35, 0, 0 
5, 40019730,5431.00, 100.00, 0.00, 2.35, 0, 0 
6, 38059967,5436.00, 100.00, 0.00, 2.35, 0, 0 
7, 35880445,5436.00, 100.00, 0.00, 2.35, 0, 0 
8, 35874399,5436.00, 100.00, 0.00, 2.35, 0, 0 
9, 36039119,5436.00, 100.00, 0.00, 2.35, 0, 0 
0, 14875137,5436.00, 100.00, 0.00, 2.35, 0, 0 
1, 14897192,5436.00, 100.00, 0.00, 2.35, 0, 0 
2, 18022979,5439.00, 100.00, 0.00, 2.35, 0, 0 
3, 18149621,5439.00, 100.00, 0.00, 2.35, 0, 0 
4, 17934704,5439.00, 100.00, 0.00, 2.35, 0, 0 
5, 18116713,5439.00, 100.00, 0.00, 2.35, 0, 0 
6, 13002524,5439.00, 100.00, 0.00, 2.35, 0, 0 
7, 13032471,5439.00, 100.00, 0.00, 2.35, 0, 0 
8, 13020067,5439.00, 100.00, 0.00, 2.35, 0, 0 
9, 15349455,5441.00, 100.00, 0.00, 2.35, 0, 0 
0, 15019348,5441.00, 100.00, 0.00, 2.35, 0, 0 
1, 15039038,5441.00, 100.00, 0.00, 2.35, 0, 0 
2, 11835180,5441.00, 100.00, 0.00, 2.35, 0, 0 
3, 11887606,5441.00, 100.00, 0.00, 2.35, 0, 0 
4, 12034358,5441.00, 100.00, 0.00, 2.35, 0, 0 
5, 11856812,5441.00, 100.00, 0.00, 2.35, 0, 0 
6, 11871592,5441.00, 100.00, 0.00, 2.35, 0, 0 
7, 11975465,5441.00, 100.00, 0.00, 2.35, 0, 0 
8, 12026198,5441.00, 100.00, 0.00, 2.35, 0, 0 
9, 9658482,5441.00, 100.00, 0.00, 2.35, 0, 0 
0, 10012915,5441.00, 100.00, 0.00, 2.35, 0, 0 
1, 10163755,5441.00, 100.00, 0.00, 2.35, 0, 0 
2, 10076876,5441.00, 100.00, 0.00, 2.35, 0, 0 
3, 64749891,6496.00, 100.00, 0.00, 2.35, 0, 0 
4, 133794933,6565.00, 100.00, 0.00, 2.35, 0, 0 
5, 133782112,6564.00, 100.00, 0.00, 2.35, 0, 0 
6, 133762256,6565.00, 100.00, 0.00, 2.35, 0, 0 
7, 133750293,6565.00, 100.00, 0.00, 2.35, 0, 0 
8, 134699988,6566.00, 100.00, 0.00, 2.35, 0, 0 
9, 134694561,6566.00, 100.00, 0.00, 2.35, 0, 0 
0, 134705775,6565.00, 100.00, 0.00, 2.35, 0, 0 
1, 134582593,6566.00, 100.00, 0.00, 2.35, 0, 0 
2, 134727145,6566.00, 100.00, 0.00, 2.35, 0, 0 
3, 79983783,6566.00, 100.00, 0.00, 2.35, 0, 0 
4, 10976909,6566.00, 100.00, 0.00, 2.35, 0, 0 
5, 10999106,6566.00, 100.00, 0.00, 2.35, 0, 0 
6, 22024898,6577.00, 100.00, 0.00, 2.35, 0, 0 
7, 22037675,6577.00, 100.00, 0.00, 2.35, 0, 0 
8, 22060483,6578.00, 100.00, 0.00, 2.35, 0, 0 
9, 23059049,6579.00, 100.00, 0.00, 2.35, 0, 0 
0, 36010568,6592.00, 100.00, 0.00, 2.35, 0, 0 
1, 36093578,6592.00, 100.00, 0.00, 2.35, 0, 0 
2, 41998363,6597.00, 100.00, 0.00, 2.35, 0, 0 
3, 41956963,6598.00, 100.00, 0.00, 2.35, 0, 0 
4, 50995662,6607.00, 100.00, 0.00, 2.35, 0, 0 
5, 483245310,7039.00, 100.00, 0.00, 2.35, 0, 0 
6, 189035878,7756.00, 100.00, 0.00, 2.35, 0, 0 
7, 203151652,7770.00, 100.00, 0.00, 2.35, 0, 0 
8, 212971426,7781.00, 100.00, 0.00, 2.35, 0, 0 
9, 216968317,7786.00, 100.00, 0.00, 2.35, 0, 0 
0, 301008409,7883.00, 100.00, 0.00, 2.35, 0, 0 
1, 300876462,7883.00, 100.00, 0.00, 2.35, 0, 0 
2, 300934892,7889.00, 100.00, 0.00, 2.35, 0, 0 
3, 304056141,7892.00, 100.00, 0.00, 2.35, 0, 0 
4, 294968160,7891.00, 100.00, 0.00, 2.35, 0, 0 
5, 862666600,7891.00, 100.00, 0.00, 2.35, 0, 0 
6, 145921841,7892.00, 100.00, 0.00, 2.35, 0, 0 
7, 131816386,7892.00, 100.00, 0.00, 2.35, 0, 0 
8, 120943471,7892.00, 100.00, 0.00, 2.35, 0, 0 
9, 118989982,7895.00, 100.00, 0.00, 2.35, 0, 0 
0, 24958934,7898.00, 100.00, 0.00, 2.35, 0, 0 
1, 26000011,7899.00, 100.00, 0.00, 2.35, 0, 0 
2, 24011540,7903.00, 100.00, 0.00, 2.35, 0, 0 
3, 22941911,7904.00, 100.00, 0.00, 2.35, 0, 0 
4, 46034733,7928.00, 100.00, 0.00, 2.35, 0, 0 
5, 54285549,7936.00, 100.00, 0.00, 2.35, 0, 0 
6, 54048613,7936.00, 100.00, 0.00, 2.35, 0, 0 
7, 551051644,8433.00, 100.00, 0.00, 2.35, 0, 0 
8, 561002666,8443.00, 100.00, 0.00, 2.35, 0, 0 
9, 558295305,8443.00, 100.00, 0.00, 2.35, 0, 0 
0, 569014557,8457.00, 100.00, 0.00, 2.35, 0, 0 
1, 597037315,8486.00, 100.00, 0.00, 2.35, 0, 0 
2, 592982823,8486.00, 100.00, 0.00, 2.35, 0, 0 
3, 599043084,8494.00, 100.00, 0.00, 2.35, 0, 0 
4, 575952327,8494.00, 100.00, 0.00, 2.35, 0, 0 
5, 110193961,9036.00, 100.00, 0.00, 2.35, 0, 0 
6, 110183638,9036.00, 100.00, 0.00, 2.35, 0, 0 
7, 613177093,9036.00, 100.00, 0.00, 2.35, 0, 0 
8, 603260393,9036.00, 100.00, 0.00, 2.35, 0, 0 
9, 602903757,9036.00, 100.00, 0.00, 2.35, 0, 0 
0, 589214589,9036.00, 100.00, 0.00, 2.35, 0, 0 
1, 560191667,9036.00, 100.00, 0.00, 2.35, 0, 0 
2, 560278165,9036.00, 100.00, 0.00, 2.35, 0, 0 
3, 552195828,9036.00, 100.00, 0.00, 2.35, 0, 0 
4, 552245926,9036.00, 100.00, 0.00, 2.35, 0, 0 
5, 9783897,9036.00, 100.00, 0.00, 2.35, 0, 0 
6, 10028619,9036.00, 100.00, 0.00, 2.35, 0, 0 
7, 9907760,9036.00, 100.00, 0.00, 2.35, 0, 0 
8, 9985082,9036.00, 100.00, 0.00, 2.35, 0, 0 
9, 10008427,9036.00, 100.00, 0.00, 2.35, 0, 0 
0, 10300833,9036.00, 100.00, 0.00, 2.35, 0, 0 
1, 10006903,9036.00, 100.00, 0.00, 2.35, 0, 0 
2, 12145138,9038.00, 100.00, 0.00, 2.35, 0, 0 
3, 12030946,9038.00, 100.00, 0.00, 2.35, 0, 0 
4, 12090302,9038.00, 100.00, 0.00, 2.35, 0, 0 
5, 12101421,9038.00, 100.00, 0.00, 2.35, 0, 0 
6, 12001309,9038.00, 100.00, 0.00, 2.35, 0, 0 
7, 16142309,9042.00, 100.00, 0.00, 2.35, 0, 0 
8, 16007129,9042.00, 100.00, 0.00, 2.35, 0, 0 
9, 18167328,9044.00, 100.00, 0.00, 2.35, 0, 0 
0, 17752860,9044.00, 100.00, 0.00, 2.35, 0, 0 
1, 20134567,9046.00, 100.00, 0.00, 2.35, 0, 0 
2, 17930421,9046.00, 100.00, 0.00, 2.35, 0, 0 
3, 18011595,9046.00, 100.00, 0.00, 2.35, 0, 0 
4, 21345037,9049.00, 100.00, 0.00, 2.35, 0, 0 
5, 21026317,9049.00, 100.00, 0.00, 2.35, 0, 0 
6, 21105396,9049.00, 100.00, 0.00, 2.35, 0, 0 
7, 16975359,9049.00, 100.00, 0.00, 2.35, 0, 0 
8, 16990385,9049.00, 100.00, 0.00, 2.35, 0, 0 
9, 16970348,9051.00, 100.00, 0.00, 2.35, 0, 0 
0, 17075728,9051.00, 100.00, 0.00, 2.35, 0, 0 
1, 14870084,9051.00, 100.00, 0.00, 2.35, 0, 0 
2, 14909233,9051.00, 100.00, 0.00, 2.35, 0, 0 
3, 17110860,9053.00, 100.00, 0.00, 2.35, 0, 0 
4, 13583143,9053.00, 100.00, 0.00, 2.35, 0, 0 
5, 13976667,9053.00, 100.00, 0.00, 2.35, 0, 0 
6, 14036246,9053.00, 100.00, 0.00, 2.35, 0, 0 
7, 14052163,9053.00, 100.00, 0.00, 2.35, 0, 0 
8, 14008350,9053.00, 100.00, 0.00, 2.35, 0, 0 
9, 11880199,9053.00, 100.00, 0.00, 2.35, 0, 0 
0, 11862148,9053.00, 100.00, 0.00, 2.35, 0, 0 
1, 12103413,9053.00, 100.00, 0.00, 2.35, 0, 0 
2, 12090542,9053.00, 100.00, 0.00, 2.35, 0, 0 
3, 10009633,9053.00, 100.00, 0.00, 2.35, 0, 0 
4, 10069446,9053.00, 100.00, 0.00, 2.35, 0, 0 
5, 10042425,9053.00, 100.00, 0.00, 2.35, 0, 0 
6, 9907416,9053.00, 100.00, 0.00, 2.35, 0, 0 
7, 9981207,9053.00, 100.00, 0.00, 2.35, 0, 0 
8, 9977783,9053.00, 100.00, 0.00, 2.35, 0, 0 
9, 9907845,9053.00, 100.00, 0.00, 2.35, 0, 0 
0, 10039086,9053.00, 100.00, 0.00, 2.35, 0, 0 
1, 9934851,9053.00, 100.00, 0.00, 2.35, 0, 0 
2, 9958064,9053.00, 100.00, 0.00, 2.35, 0, 0 
3, 9928255,9053.00, 100.00, 0.00, 2.35, 0, 0 
4, 9994454,9053.00, 100.00, 0.00, 2.35, 0, 0 
5, 9891047,9053.00, 100.00, 0.00, 2.35, 0, 0 
6, 9959780,9053.00, 100.00, 0.00, 2.35, 0, 0 
7, 10012161,9053.00, 100.00, 0.00, 2.35, 0, 0 
8, 10053011,9053.00, 100.00, 0.00, 2.35, 0, 0 
9, 10124133,9053.00, 100.00, 0.00, 2.35, 0, 0 
0, 10097638,9053.00, 100.00, 0.00, 2.35, 0, 0 
1, 10053109,9053.00, 100.00, 0.00, 2.35, 0, 0 
2, 9985390,9053.00, 100.00, 0.00, 2.35, 0, 0 
3, 9950933,9053.00, 100.00, 0.00, 2.35, 0, 0 
4, 9991485,9053.00, 100.00, 0.00, 2.35, 0, 0 
5, 10018656,9053.00, 100.00, 0.00, 2.35, 0, 0 
6, 9973004,9053.00, 100.00, 0.00, 2.35, 0, 0 
7, 9942998,9053.00, 100.00, 0.00, 2.35, 0, 0 
8, 9966338,9053.00, 100.00, 0.00, 2.35, 0, 0 
9, 9993953,9053.00, 100.00, 0.00, 2.35, 0, 0 
0, 9973241,9053.00, 100.00, 0.00, 2.35, 0, 0 
1, 9910232,9053.00, 100.00, 0.00, 2.35, 0, 0 
2, 9994621,9053.00, 100.00, 0.00, 2.35, 0, 0 
3, 10065720,9053.00, 100.00, 0.00, 2.35, 0, 0 
4, 9996239,9053.00, 100.00, 0.00, 2.35, 0, 0 
5, 9987768,9053.00, 100.00, 0.00, 2.35, 0, 0 
6, 10018152,9053.00, 100.00, 0.00, 2.35, 0, 0 
7, 10031068,9053.00, 100.00, 0.00, 2.35, 0, 0 
8, 10014881,9053.00, 100.00, 0.00, 2.35, 0, 0 
9, 9993077,9053.00, 100.00, 0.00, 2.35, 0, 0 
0, 9927253,9053.00, 100.00, 0.00, 2.35, 0, 0 
1, 10050479,9053.00, 100.00, 0.00, 2.35, 0, 0 
2, 10001933,9053.00, 100.00, 0.00, 2.35, 0, 0 
3, 9934719,9053.00, 100.00, 0.00, 2.35, 0, 0 
4, 9999613,9053.00, 100.00, 0.00, 2.35, 0, 0 
5, 10072780,9053.00, 100.00, 0.00, 2.35, 0, 0 
6, 10014940,9053.00, 100.00, 0.00, 2.35, 0, 0 
7, 9975513,9053.00, 100.00, 0.00, 2.35, 0, 0 
8, 9980698,9053.00, 100.00, 0.00, 2.35, 0, 0 
9, 10003932,9053.00, 100.00, 0.00, 2.35, 0, 0 
0, 11029245,9054.00, 100.00, 0.00, 2.35, 0, 0 
1, 18115911,9061.00, 100.00, 0.00, 2.35, 0, 0 
2, 19131324,9062.00, 100.00, 0.00, 2.35, 0, 0 
3, 19021221,9062.00, 100.00, 0.00, 2.35, 0, 0 
4, 21983861,9065.00, 100.00, 0.00, 2.35, 0, 0 
5, 22026384,9065.00, 100.00, 0.00, 2.35, 0, 0 
6, 22015770,9065.00, 100.00, 0.00, 2.35, 0, 0 
7, 22075514,9065.00, 100.00, 0.00, 2.35, 0, 0 
8, 22029122,9065.00, 100.00, 0.00, 2.35, 0, 0 
9, 22007486,9065.00, 100.00, 0.00, 2.35, 0, 0 
0, 20968490,9065.00, 100.00, 0.00, 2.35, 0, 0 
1, 13889819,9065.00, 100.00, 0.00, 2.35, 0, 0 
2, 12900121,9065.00, 100.00, 0.00, 2.35, 0, 0 
3, 12986382,9065.00, 100.00, 0.00, 2.35, 0, 0 
4, 9874389,9065.00, 100.00, 0.00, 2.35, 0, 0 
5, 9788433,9065.00, 100.00, 0.00, 2.35, 0, 0 
6, 9979181,9065.00, 100.00, 0.00, 2.35, 0, 0 
7, 9939278,9065.00, 100.00, 0.00, 2.35, 0, 0 
8, 9982647,9065.00, 100.00, 0.00, 2.35, 0, 0 
9, 10016799,9065.00, 100.00, 0.00, 2.35, 0, 0 
0, 10009331,9065.00, 100.00, 0.00, 2.35, 0, 0 
1, 9967170,9065.00, 100.00, 0.00, 2.35, 0, 0 
2, 9943829,9065.00, 100.00, 0.00, 2.35, 0, 0 
3, 10046513,9065.00, 100.00, 0.00, 2.35, 0, 0 
4, 10108636,9065.00, 100.00, 0.00, 2.35, 0, 0 
5, 10130879,9065.00, 100.00, 0.00, 2.35, 0, 0 
6, 9991000,9065.00, 100.00, 0.00, 2.35, 0, 0 
7, 9999260,9065.00, 100.00, 0.00, 2.35, 0, 0 
8, 9991916,9065.00, 100.00, 0.00, 2.35, 0, 0 
9, 10018566,9065.00, 100.00, 0.00, 2.35, 0, 0 
0, 10048727,9065.00, 100.00, 0.00, 2.35, 0, 0 
1, 9995985,9065.00, 100.00, 0.00, 2.35, 0, 0 
2, 9994204,9065.00, 100.00, 0.00, 2.35, 0, 0 
3, 9935641,9065.00, 100.00, 0.00, 2.35, 0, 0 
4, 9992704,9065.00, 100.00, 0.00, 2.35, 0, 0 
5, 10254188,9065.00, 100.00, 0.00, 2.35, 0, 0 
6, 10006358,9065.00, 100.00, 0.00, 2.35, 0, 0 
7, 9993875,9065.00, 100.00, 0.00, 2.35, 0, 0 
8, 10001419,9065.00, 100.00, 0.00, 2.35, 0, 0 
9, 9987852,9065.00, 100.00, 0.00, 2.35, 0, 0 
0, 9942028,9065.00, 100.00, 0.00, 2.35, 0, 0 
1, 10016838,9065.00, 100.00, 0.00, 2.35, 0, 0 
2, 10033619,9065.00, 100.00, 0.00, 2.35, 0, 0 
3, 10078319,9065.00, 100.00, 0.00, 2.35, 0, 0 
4, 10007209,9065.00, 100.00, 0.00, 2.35, 0, 0 
5, 9781547,9065.00, 100.00, 0.00, 2.35, 0, 0 
6, 9975537,9065.00, 100.00, 0.00, 2.35, 0, 0 
7, 10017465,9065.00, 100.00, 0.00, 2.35, 0, 0 
8, 9976572,9065.00, 100.00, 0.00, 2.35, 0, 0 
9, 10031101,9065.00, 100.00, 0.00, 2.35, 0, 0 
0, 10039776,9065.00, 100.00, 0.00, 2.35, 0, 0 
1, 10017495,9065.00, 100.00, 0.00, 2.35, 0, 0 
2, 9993279,9065.00, 100.00, 0.00, 2.35, 0, 0 
3, 9934547,9065.00, 100.00, 0.00, 2.35, 0, 0 
4, 9973760,9065.00, 100.00, 0.00, 2.35, 0, 0 
5, 9938129,9065.00, 100.00, 0.00, 2.35, 0, 0 
6, 10044913,9065.00, 100.00, 0.00, 2.35, 0, 0 
7, 10005322,9065.00, 100.00, 0.00, 2.35, 0, 0 
8, 11102178,9066.00, 100.00, 0.00, 2.35, 0, 0 
9, 11058885,9066.00, 100.00, 0.00, 2.35, 0, 0 
0, 11006031,9066.00, 100.00, 0.00, 2.35, 0, 0 
1, 10926297,9066.00, 100.00, 0.00, 2.35, 0, 0 
2, 10981474,9066.00, 100.00, 0.00, 2.35, 0, 0 
3, 11004515,9066.00, 100.00, 0.00, 2.35, 0, 0 
4, 12009572,9067.00, 100.00, 0.00, 2.35, 0, 0 
5, 12009023,9067.00, 100.00, 0.00, 2.35, 0, 0 
6, 11995773,9067.00, 100.00, 0.00, 2.35, 0, 0 
7, 12162324,9067.00, 100.00, 0.00, 2.35, 0, 0 
8, 10935273,9067.00, 100.00, 0.00, 2.35, 0, 0 
9, 10903322,9067.00, 100.00, 0.00, 2.35, 0, 0 
0, 10955682,9067.00, 100.00, 0.00, 2.35, 0, 0 
1, 11045400,9067.00, 100.00, 0.00, 2.35, 0, 0 
2, 11022379,9067.00, 100.00, 0.00, 2.35, 0, 0 
3, 11022294,9067.00, 100.00, 0.00, 2.35, 0, 0 
4, 10009016,9067.00, 100.00, 0.00, 2.35, 0, 0 
5, 9995657,9067.00, 100.00, 0.00, 2.35, 0, 0 
6, 9986563,9067.00, 100.00, 0.00, 2.35, 0, 0 
7, 9837359,9067.00, 100.00, 0.00, 2.35, 0, 0 
8, 9970098,9067.00, 100.00, 0.00, 2.35, 0, 0 
9, 9940543,9067.00, 100.00, 0.00, 2.35, 0, 0 
0, 10008236,9067.00, 100.00, 0.00, 2.35, 0, 0 
1, 10067585,9067.00, 100.00, 0.00, 2.35, 0, 0 
2, 9985449,9067.00, 100.00, 0.00, 2.35, 0, 0 
3, 9977060,9067.00, 100.00, 0.00, 2.35, 0, 0 
4, 10009949,9067.00, 100.00, 0.00, 2.35, 0, 0 
5, 10032612,9067.00, 100.00, 0.00, 2.35, 0, 0 
6, 9993157,9067.00, 100.00, 0.00, 2.35, 0, 0 
7, 9969626,9067.00, 100.00, 0.00, 2.35, 0, 0 
8, 10022063,9067.00, 100.00, 0.00, 2.35, 0, 0 
9, 10155417,9067.00, 100.00, 0.00, 2.35, 0, 0 
0, 9970439,9067.00, 100.00, 0.00, 2.35, 0, 0 
1, 10055311,9067.00, 100.00, 0.00, 2.35, 0, 0 
2, 10041400,9067.00, 100.00, 0.00, 2.35, 0, 0 
3, 15040084,9072.00, 100.00, 0.00, 2.35, 0, 0 
4, 14995827,9072.00, 100.00, 0.00, 2.35, 0, 0 
5, 14932721,9072.00, 100.00, 0.00, 2.35, 0, 0 
6, 15008480,9072.00, 100.00, 0.00, 2.35, 0, 0 
7, 15066786,9072.00, 100.00, 0.00, 2.35, 0, 0 
8, 14998356,9072.00, 100.00, 0.00, 2.35, 0, 0 
9, 14841796,9072.00, 100.00, 0.00, 2.35, 0, 0 
