Tue Nov 27 19:03:39 2018
StepTime, x, v, f, xdes, vdes, fdes, cmd, IR, LSB, LSF
0, 139112689,0.00, 100.00, 0.00, 2.25, 0, 0 
1, 139734994,0.00, 100.00, 0.00, 2.25, 0, 0 
2, 140654213,0.00, 100.00, 0.00, 2.25, 0, 0 
3, 142727416,1.00, 100.00, 0.00, 2.25, 0, 0 
4, 142949717,0.00, 100.00, 0.00, 2.25, 0, 0 
5, 143687454,0.00, 100.00, 0.00, 2.25, 0, 0 
6, 145675436,1.00, 100.00, 0.00, 2.25, 0, 0 
7, 146655923,1.00, 100.00, 0.00, 2.25, 0, 0 
8, 149849010,3.00, 100.00, 0.00, 2.25, 0, 0 
9, 150733726,3.00, 100.00, 0.00, 2.25, 0, 0 
0, 12514921,2.00, 100.00, 0.00, 2.25, 0, 0 
1, 14993381,5.00, 100.00, 0.00, 2.25, 0, 0 
2, 15080522,5.00, 100.00, 0.00, 2.25, 0, 0 
3, 13900995,5.00, 100.00, 0.00, 2.25, 0, 0 
4, 14695107,5.00, 100.00, 0.00, 2.25, 0, 0 
5, 14957357,5.00, 100.00, 0.00, 2.25, 0, 0 
6, 14013446,5.00, 100.00, 0.00, 2.25, 0, 0 
7, 14072708,5.00, 100.00, 0.00, 2.25, 0, 0 
8, 11074064,4.00, 100.00, 0.00, 2.25, 0, 0 
9, 10896516,3.00, 100.00, 0.00, 2.25, 0, 0 
0, 10995734,4.00, 100.00, 0.00, 2.25, 0, 0 
1, 10037334,5.00, 100.00, 0.00, 2.25, 0, 0 
2, 10013175,5.00, 100.00, 0.00, 2.25, 0, 0 
3, 10012144,5.00, 100.00, 0.00, 2.25, 0, 0 
4, 10016802,5.00, 100.00, 0.00, 2.25, 0, 0 
5, 13133707,8.00, 100.00, 0.00, 2.26, 0, 0 
6, 13075855,8.00, 100.00, 0.00, 2.26, 0, 0 
7, 13020966,8.00, 100.00, 0.00, 2.26, 0, 0 
8, 13786789,8.00, 100.00, 0.00, 2.26, 0, 0 
9, 14081590,8.00, 100.00, 0.00, 2.26, 0, 0 
0, 14087928,8.00, 100.00, 0.00, 2.26, 0, 0 
1, 12879937,8.00, 100.00, 0.00, 2.26, 0, 0 
2, 12884706,8.00, 100.00, 0.00, 2.26, 0, 0 
3, 13188145,8.00, 100.00, 0.00, 2.26, 0, 0 
4, 15099952,10.00, 100.00, 0.00, 2.26, 0, 0 
5, 11964204,10.00, 100.00, 0.00, 2.26, 0, 0 
6, 12982467,11.00, 100.00, 0.00, 2.26, 0, 0 
7, 13004623,11.00, 100.00, 0.00, 2.26, 0, 0 
8, 13036194,11.00, 100.00, 0.00, 2.26, 0, 0 
9, 13001625,11.00, 100.00, 0.00, 2.26, 0, 0 
0, 13006332,11.00, 100.00, 0.00, 2.26, 0, 0 
1, 13069393,11.00, 100.00, 0.00, 2.26, 0, 0 
2, 13083947,11.00, 100.00, 0.00, 2.26, 0, 0 
3, 15927616,14.00, 100.00, 0.00, 2.26, 0, 0 
4, 15002270,15.00, 100.00, 0.00, 2.27, 0, 0 
5, 16020230,16.00, 100.00, 0.00, 2.27, 0, 0 
6, 16050215,17.00, 100.00, 0.00, 2.27, 0, 0 
7, 15981169,17.00, 100.00, 0.00, 2.27, 0, 0 
8, 18998571,20.00, 100.00, 0.00, 2.27, 0, 0 
9, 19041529,20.00, 100.00, 0.00, 2.27, 0, 0 
0, 20040385,21.00, 100.00, 0.00, 2.27, 0, 0 
1, 19996615,21.00, 100.00, 0.00, 2.27, 0, 0 
2, 22317464,23.00, 100.00, 0.00, 2.27, 0, 0 
3, 46220443,50.00, 100.00, 0.00, 2.30, 0, 0 
4, 45209878,50.00, 100.00, 0.00, 2.30, 0, 0 
5, 44070483,50.00, 100.00, 0.00, 2.30, 0, 0 
6, 45289680,52.00, 100.00, 0.00, 2.30, 0, 0 
7, 45368977,52.00, 100.00, 0.00, 2.30, 0, 0 
8, 42113937,52.00, 100.00, 0.00, 2.30, 0, 0 
9, 42237572,52.00, 100.00, 0.00, 2.30, 0, 0 
0, 41179385,52.00, 100.00, 0.00, 2.30, 0, 0 
1, 43273125,54.00, 100.00, 0.00, 2.30, 0, 0 
2, 40907508,54.00, 100.00, 0.00, 2.30, 0, 0 
3, 13829358,54.00, 100.00, 0.00, 2.30, 0, 0 
4, 14990293,55.00, 100.00, 0.00, 2.31, 0, 0 
5, 15211686,55.00, 100.00, 0.00, 2.31, 0, 0 
6, 12948557,55.00, 100.00, 0.00, 2.31, 0, 0 
7, 12807063,55.00, 100.00, 0.00, 2.31, 0, 0 
8, 13029808,55.00, 100.00, 0.00, 2.31, 0, 0 
9, 12911257,55.00, 100.00, 0.00, 2.31, 0, 0 
0, 12986583,55.00, 100.00, 0.00, 2.31, 0, 0 
1, 11053282,55.00, 100.00, 0.00, 2.31, 0, 0 
2, 10949180,55.00, 100.00, 0.00, 2.31, 0, 0 
3, 11049323,55.00, 100.00, 0.00, 2.31, 0, 0 
4, 9897278,55.00, 100.00, 0.00, 2.31, 0, 0 
5, 146943133,192.00, 100.00, 0.00, 2.44, 0, 0 
6, 146838630,192.00, 100.00, 0.00, 2.44, 0, 0 
7, 146905994,192.00, 100.00, 0.00, 2.44, 0, 0 
8, 146952721,192.00, 100.00, 0.00, 2.44, 0, 0 
9, 146931738,192.00, 100.00, 0.00, 2.44, 0, 0 
0, 146908677,192.00, 100.00, 0.00, 2.44, 0, 0 
1, 146760356,192.00, 100.00, 0.00, 2.44, 0, 0 
2, 146937643,192.00, 100.00, 0.00, 2.44, 0, 0 
3, 146969708,192.00, 100.00, 0.00, 2.44, 0, 0 
4, 146961942,192.00, 100.00, 0.00, 2.44, 0, 0 
5, 9813507,192.00, 100.00, 0.00, 2.44, 0, 0 
6, 9952876,192.00, 100.00, 0.00, 2.44, 0, 0 
7, 10010464,192.00, 100.00, 0.00, 2.44, 0, 0 
8, 9988559,192.00, 100.00, 0.00, 2.44, 0, 0 
9, 9987688,192.00, 100.00, 0.00, 2.44, 0, 0 
0, 10009767,192.00, 100.00, 0.00, 2.44, 0, 0 
1, 10081094,192.00, 100.00, 0.00, 2.44, 0, 0 
2, 9970042,192.00, 100.00, 0.00, 2.44, 0, 0 
3, 10000679,192.00, 100.00, 0.00, 2.44, 0, 0 
4, 10005831,192.00, 100.00, 0.00, 2.44, 0, 0 
5, 9994059,192.00, 100.00, 0.00, 2.44, 0, 0 
6, 9989939,192.00, 100.00, 0.00, 2.44, 0, 0 
7, 9980261,192.00, 100.00, 0.00, 2.44, 0, 0 
8, 9970863,192.00, 100.00, 0.00, 2.44, 0, 0 
9, 10040191,192.00, 100.00, 0.00, 2.44, 0, 0 
0, 9982024,192.00, 100.00, 0.00, 2.44, 0, 0 
1, 9993302,192.00, 100.00, 0.00, 2.44, 0, 0 
2, 10126897,192.00, 100.00, 0.00, 2.44, 0, 0 
3, 10025478,192.00, 100.00, 0.00, 2.44, 0, 0 
4, 10038734,192.00, 100.00, 0.00, 2.44, 0, 0 
5, 10032325,192.00, 100.00, 0.00, 2.44, 0, 0 
6, 10020702,192.00, 100.00, 0.00, 2.44, 0, 0 
7, 10031206,192.00, 100.00, 0.00, 2.44, 0, 0 
8, 9982141,192.00, 100.00, 0.00, 2.44, 0, 0 
9, 9938852,192.00, 100.00, 0.00, 2.44, 0, 0 
0, 9990669,192.00, 100.00, 0.00, 2.44, 0, 0 
1, 9918129,192.00, 100.00, 0.00, 2.44, 0, 0 
2, 9897251,192.00, 100.00, 0.00, 2.44, 0, 0 
3, 9986939,192.00, 100.00, 0.00, 2.44, 0, 0 
4, 9968173,192.00, 100.00, 0.00, 2.44, 0, 0 
5, 10018336,192.00, 100.00, 0.00, 2.44, 0, 0 
6, 10056097,192.00, 100.00, 0.00, 2.44, 0, 0 
7, 10124000,192.00, 100.00, 0.00, 2.44, 0, 0 
8, 10105399,192.00, 100.00, 0.00, 2.44, 0, 0 
9, 10059371,192.00, 100.00, 0.00, 2.44, 0, 0 
0, 13279342,195.00, 100.00, 0.00, 2.45, 0, 0 
1, 13199302,195.00, 100.00, 0.00, 2.45, 0, 0 
2, 12996277,195.00, 100.00, 0.00, 2.45, 0, 0 
3, 13084850,195.00, 100.00, 0.00, 2.45, 0, 0 
4, 13075486,195.00, 100.00, 0.00, 2.45, 0, 0 
5, 12943032,195.00, 100.00, 0.00, 2.45, 0, 0 
6, 16968560,199.00, 100.00, 0.00, 2.45, 0, 0 
7, 17100954,199.00, 100.00, 0.00, 2.45, 0, 0 
8, 17017684,199.00, 100.00, 0.00, 2.45, 0, 0 
9, 19229589,201.00, 100.00, 0.00, 2.45, 0, 0 
0, 15877679,201.00, 100.00, 0.00, 2.45, 0, 0 
1, 15838126,201.00, 100.00, 0.00, 2.45, 0, 0 
2, 18146897,203.00, 100.00, 0.00, 2.45, 0, 0 
3, 18079902,203.00, 100.00, 0.00, 2.45, 0, 0 
4, 17900652,203.00, 100.00, 0.00, 2.45, 0, 0 
5, 19208848,204.00, 100.00, 0.00, 2.45, 0, 0 
6, 15269584,204.00, 100.00, 0.00, 2.45, 0, 0 
7, 16085376,205.00, 100.00, 0.00, 2.46, 0, 0 
8, 16300689,205.00, 100.00, 0.00, 2.46, 0, 0 
9, 14008481,205.00, 100.00, 0.00, 2.46, 0, 0 
0, 13907411,205.00, 100.00, 0.00, 2.46, 0, 0 
1, 16277917,207.00, 100.00, 0.00, 2.46, 0, 0 
2, 14164527,207.00, 100.00, 0.00, 2.46, 0, 0 
3, 14083657,207.00, 100.00, 0.00, 2.46, 0, 0 
4, 14120329,207.00, 100.00, 0.00, 2.46, 0, 0 
5, 12946371,207.00, 100.00, 0.00, 2.46, 0, 0 
6, 12789173,207.00, 100.00, 0.00, 2.46, 0, 0 
7, 11743866,207.00, 100.00, 0.00, 2.46, 0, 0 
8, 11625492,207.00, 100.00, 0.00, 2.46, 0, 0 
9, 12843131,208.00, 100.00, 0.00, 2.46, 0, 0 
0, 13105110,208.00, 100.00, 0.00, 2.46, 0, 0 
1, 10999299,208.00, 100.00, 0.00, 2.46, 0, 0 
2, 10810566,208.00, 100.00, 0.00, 2.46, 0, 0 
3, 10765705,208.00, 100.00, 0.00, 2.46, 0, 0 
4, 10892762,208.00, 100.00, 0.00, 2.46, 0, 0 
5, 10941999,208.00, 100.00, 0.00, 2.46, 0, 0 
6, 11024105,208.00, 100.00, 0.00, 2.46, 0, 0 
7, 11036167,208.00, 100.00, 0.00, 2.46, 0, 0 
8, 11165230,208.00, 100.00, 0.00, 2.46, 0, 0 
9, 9989710,208.00, 100.00, 0.00, 2.46, 0, 0 
0, 9921472,208.00, 100.00, 0.00, 2.46, 0, 0 
1, 9757612,208.00, 100.00, 0.00, 2.46, 0, 0 
2, 9969516,208.00, 100.00, 0.00, 2.46, 0, 0 
3, 10023725,208.00, 100.00, 0.00, 2.46, 0, 0 
4, 10109418,208.00, 100.00, 0.00, 2.46, 0, 0 
5, 10010024,208.00, 100.00, 0.00, 2.46, 0, 0 
6, 9974772,208.00, 100.00, 0.00, 2.46, 0, 0 
7, 9962108,208.00, 100.00, 0.00, 2.46, 0, 0 
8, 9902592,208.00, 100.00, 0.00, 2.46, 0, 0 
9, 9971683,208.00, 100.00, 0.00, 2.46, 0, 0 
0, 9986254,208.00, 100.00, 0.00, 2.46, 0, 0 
1, 10009839,208.00, 100.00, 0.00, 2.46, 0, 0 
2, 9990984,208.00, 100.00, 0.00, 2.46, 0, 0 
3, 10021109,208.00, 100.00, 0.00, 2.46, 0, 0 
4, 9950743,208.00, 100.00, 0.00, 2.46, 0, 0 
5, 9938387,208.00, 100.00, 0.00, 2.46, 0, 0 
6, 9899850,208.00, 100.00, 0.00, 2.46, 0, 0 
7, 9981018,208.00, 100.00, 0.00, 2.46, 0, 0 
8, 9999904,208.00, 100.00, 0.00, 2.46, 0, 0 
9, 9957589,208.00, 100.00, 0.00, 2.46, 0, 0 
0, 9961657,208.00, 100.00, 0.00, 2.46, 0, 0 
1, 10016679,208.00, 100.00, 0.00, 2.46, 0, 0 
2, 10048994,208.00, 100.00, 0.00, 2.46, 0, 0 
3, 9960851,208.00, 100.00, 0.00, 2.46, 0, 0 
4, 10012114,208.00, 100.00, 0.00, 2.46, 0, 0 
5, 10024758,208.00, 100.00, 0.00, 2.46, 0, 0 
6, 10047125,208.00, 100.00, 0.00, 2.46, 0, 0 
7, 10193500,208.00, 100.00, 0.00, 2.46, 0, 0 
8, 9995984,208.00, 100.00, 0.00, 2.46, 0, 0 
9, 10121349,208.00, 100.00, 0.00, 2.46, 0, 0 
0, 10036681,208.00, 100.00, 0.00, 2.46, 0, 0 
1, 9971194,208.00, 100.00, 0.00, 2.46, 0, 0 
2, 9900828,208.00, 100.00, 0.00, 2.46, 0, 0 
3, 10043481,208.00, 100.00, 0.00, 2.46, 0, 0 
4, 10063364,208.00, 100.00, 0.00, 2.46, 0, 0 
5, 10068964,208.00, 100.00, 0.00, 2.46, 0, 0 
6, 10135758,208.00, 100.00, 0.00, 2.46, 0, 0 
7, 9828183,208.00, 100.00, 0.00, 2.46, 0, 0 
8, 9991229,208.00, 100.00, 0.00, 2.46, 0, 0 
9, 9893108,208.00, 100.00, 0.00, 2.46, 0, 0 
0, 10055330,208.00, 100.00, 0.00, 2.46, 0, 0 
1, 10065782,208.00, 100.00, 0.00, 2.46, 0, 0 
2, 10068732,208.00, 100.00, 0.00, 2.46, 0, 0 
3, 9994894,208.00, 100.00, 0.00, 2.46, 0, 0 
4, 9981313,208.00, 100.00, 0.00, 2.46, 0, 0 
5, 10004657,208.00, 100.00, 0.00, 2.46, 0, 0 
6, 9898441,208.00, 100.00, 0.00, 2.46, 0, 0 
7, 9971690,208.00, 100.00, 0.00, 2.46, 0, 0 
8, 10016867,208.00, 100.00, 0.00, 2.46, 0, 0 
9, 10026084,208.00, 100.00, 0.00, 2.46, 0, 0 
0, 9990777,208.00, 100.00, 0.00, 2.46, 0, 0 
1, 9949028,208.00, 100.00, 0.00, 2.46, 0, 0 
2, 10035387,208.00, 100.00, 0.00, 2.46, 0, 0 
3, 9988166,208.00, 100.00, 0.00, 2.46, 0, 0 
4, 9982302,208.00, 100.00, 0.00, 2.46, 0, 0 
5, 9984258,208.00, 100.00, 0.00, 2.46, 0, 0 
6, 9990875,208.00, 100.00, 0.00, 2.46, 0, 0 
7, 9980982,208.00, 100.00, 0.00, 2.46, 0, 0 
8, 9916130,208.00, 100.00, 0.00, 2.46, 0, 0 
9, 10330218,208.00, 100.00, 0.00, 2.46, 0, 0 
0, 9891851,208.00, 100.00, 0.00, 2.46, 0, 0 
1, 9994185,208.00, 100.00, 0.00, 2.46, 0, 0 
2, 9940150,208.00, 100.00, 0.00, 2.46, 0, 0 
3, 9986395,208.00, 100.00, 0.00, 2.46, 0, 0 
4, 12179763,210.00, 100.00, 0.00, 2.46, 0, 0 
5, 12054012,210.00, 100.00, 0.00, 2.46, 0, 0 
6, 12214177,210.00, 100.00, 0.00, 2.46, 0, 0 
7, 12094407,210.00, 100.00, 0.00, 2.46, 0, 0 
8, 12106022,210.00, 100.00, 0.00, 2.46, 0, 0 
9, 11666985,210.00, 100.00, 0.00, 2.46, 0, 0 
0, 12019724,210.00, 100.00, 0.00, 2.46, 0, 0 
1, 12089351,210.00, 100.00, 0.00, 2.46, 0, 0 
2, 11973729,210.00, 100.00, 0.00, 2.46, 0, 0 
3, 11981823,210.00, 100.00, 0.00, 2.46, 0, 0 
4, 9780515,210.00, 100.00, 0.00, 2.46, 0, 0 
5, 9908221,210.00, 100.00, 0.00, 2.46, 0, 0 
6, 9788357,210.00, 100.00, 0.00, 2.46, 0, 0 
7, 9944384,210.00, 100.00, 0.00, 2.46, 0, 0 
8, 9909419,210.00, 100.00, 0.00, 2.46, 0, 0 
9, 10053926,210.00, 100.00, 0.00, 2.46, 0, 0 
0, 10137733,210.00, 100.00, 0.00, 2.46, 0, 0 
1, 9949602,210.00, 100.00, 0.00, 2.46, 0, 0 
2, 10016616,210.00, 100.00, 0.00, 2.46, 0, 0 
3, 10022761,210.00, 100.00, 0.00, 2.46, 0, 0 
4, 9992252,210.00, 100.00, 0.00, 2.46, 0, 0 
5, 10008932,210.00, 100.00, 0.00, 2.46, 0, 0 
6, 9964187,210.00, 100.00, 0.00, 2.46, 0, 0 
7, 9985567,210.00, 100.00, 0.00, 2.46, 0, 0 
8, 10097400,210.00, 100.00, 0.00, 2.46, 0, 0 
9, 9989699,210.00, 100.00, 0.00, 2.46, 0, 0 
0, 10345228,210.00, 100.00, 0.00, 2.46, 0, 0 
1, 10025218,210.00, 100.00, 0.00, 2.46, 0, 0 
2, 9964677,210.00, 100.00, 0.00, 2.46, 0, 0 
3, 9915445,210.00, 100.00, 0.00, 2.46, 0, 0 
4, 9966542,210.00, 100.00, 0.00, 2.46, 0, 0 
5, 9997219,210.00, 100.00, 0.00, 2.46, 0, 0 
6, 10041020,210.00, 100.00, 0.00, 2.46, 0, 0 
7, 10080311,210.00, 100.00, 0.00, 2.46, 0, 0 
8, 10044666,210.00, 100.00, 0.00, 2.46, 0, 0 
9, 10179348,210.00, 100.00, 0.00, 2.46, 0, 0 
0, 9575201,210.00, 100.00, 0.00, 2.46, 0, 0 
1, 10174673,210.00, 100.00, 0.00, 2.46, 0, 0 
2, 10254520,210.00, 100.00, 0.00, 2.46, 0, 0 
3, 10145984,210.00, 100.00, 0.00, 2.46, 0, 0 
4, 10102381,210.00, 100.00, 0.00, 2.46, 0, 0 
5, 10029027,210.00, 100.00, 0.00, 2.46, 0, 0 
6, 10007694,210.00, 100.00, 0.00, 2.46, 0, 0 
7, 9953329,210.00, 100.00, 0.00, 2.46, 0, 0 
8, 9935016,210.00, 100.00, 0.00, 2.46, 0, 0 
9, 9741414,210.00, 100.00, 0.00, 2.46, 0, 0 
0, 10058873,210.00, 100.00, 0.00, 2.46, 0, 0 
1, 9834167,210.00, 100.00, 0.00, 2.46, 0, 0 
2, 9814699,210.00, 100.00, 0.00, 2.46, 0, 0 
3, 9974201,210.00, 100.00, 0.00, 2.46, 0, 0 
4, 9979000,210.00, 100.00, 0.00, 2.46, 0, 0 
5, 9992766,210.00, 100.00, 0.00, 2.46, 0, 0 
6, 10026161,210.00, 100.00, 0.00, 2.46, 0, 0 
7, 10075725,210.00, 100.00, 0.00, 2.46, 0, 0 
8, 10033782,210.00, 100.00, 0.00, 2.46, 0, 0 
9, 10085543,210.00, 100.00, 0.00, 2.46, 0, 0 
0, 9873519,210.00, 100.00, 0.00, 2.46, 0, 0 
1, 9958293,210.00, 100.00, 0.00, 2.46, 0, 0 
2, 9988292,210.00, 100.00, 0.00, 2.46, 0, 0 
3, 9948873,210.00, 100.00, 0.00, 2.46, 0, 0 
4, 9952937,210.00, 100.00, 0.00, 2.46, 0, 0 
5, 10410747,210.00, 100.00, 0.00, 2.46, 0, 0 
6, 9893270,210.00, 100.00, 0.00, 2.46, 0, 0 
7, 10925590,211.00, 100.00, 0.00, 2.46, 0, 0 
8, 11014586,211.00, 100.00, 0.00, 2.46, 0, 0 
9, 10982073,211.00, 100.00, 0.00, 2.46, 0, 0 
0, 11105609,211.00, 100.00, 0.00, 2.46, 0, 0 
1, 11036006,211.00, 100.00, 0.00, 2.46, 0, 0 
2, 11016040,211.00, 100.00, 0.00, 2.46, 0, 0 
3, 11101027,211.00, 100.00, 0.00, 2.46, 0, 0 
4, 11050908,211.00, 100.00, 0.00, 2.46, 0, 0 
5, 10594619,211.00, 100.00, 0.00, 2.46, 0, 0 
6, 10995679,211.00, 100.00, 0.00, 2.46, 0, 0 
7, 10034697,211.00, 100.00, 0.00, 2.46, 0, 0 
8, 9982657,211.00, 100.00, 0.00, 2.46, 0, 0 
9, 11441862,212.00, 100.00, 0.00, 2.46, 0, 0 
0, 10866772,212.00, 100.00, 0.00, 2.46, 0, 0 
1, 18070835,219.00, 100.00, 0.00, 2.47, 0, 0 
2, 17995079,219.00, 100.00, 0.00, 2.47, 0, 0 
3, 17954182,219.00, 100.00, 0.00, 2.47, 0, 0 
4, 17948369,219.00, 100.00, 0.00, 2.47, 0, 0 
5, 24178384,225.00, 100.00, 0.00, 2.48, 0, 0 
6, 24146271,225.00, 100.00, 0.00, 2.48, 0, 0 
7, 23874061,225.00, 100.00, 0.00, 2.48, 0, 0 
8, 26001583,227.00, 100.00, 0.00, 2.48, 0, 0 
9, 24589421,227.00, 100.00, 0.00, 2.48, 0, 0 
0, 24974003,227.00, 100.00, 0.00, 2.48, 0, 0 
1, 20045755,229.00, 100.00, 0.00, 2.48, 0, 0 
2, 20203193,229.00, 100.00, 0.00, 2.48, 0, 0 
3, 19971390,229.00, 100.00, 0.00, 2.48, 0, 0 
4, 21074492,230.00, 100.00, 0.00, 2.48, 0, 0 
5, 14778292,230.00, 100.00, 0.00, 2.48, 0, 0 
6, 16977033,232.00, 100.00, 0.00, 2.48, 0, 0 
7, 17141797,232.00, 100.00, 0.00, 2.48, 0, 0 
8, 14859975,232.00, 100.00, 0.00, 2.48, 0, 0 
9, 14959330,232.00, 100.00, 0.00, 2.48, 0, 0 
0, 17200272,234.00, 100.00, 0.00, 2.48, 0, 0 
1, 14910271,234.00, 100.00, 0.00, 2.48, 0, 0 
2, 14656516,234.00, 100.00, 0.00, 2.48, 0, 0 
3, 15994209,235.00, 100.00, 0.00, 2.49, 0, 0 
4, 14902374,235.00, 100.00, 0.00, 2.49, 0, 0 
5, 15062926,235.00, 100.00, 0.00, 2.49, 0, 0 
6, 13986120,236.00, 100.00, 0.00, 2.49, 0, 0 
7, 16987983,239.00, 100.00, 0.00, 2.49, 0, 0 
8, 17150350,239.00, 100.00, 0.00, 2.49, 0, 0 
9, 16885761,239.00, 100.00, 0.00, 2.49, 0, 0 
0, 14893734,239.00, 100.00, 0.00, 2.49, 0, 0 
1, 14905198,239.00, 100.00, 0.00, 2.49, 0, 0 
2, 16069157,240.00, 100.00, 0.00, 2.49, 0, 0 
3, 14958342,240.00, 100.00, 0.00, 2.49, 0, 0 
4, 15016236,240.00, 100.00, 0.00, 2.49, 0, 0 
5, 14870929,240.00, 100.00, 0.00, 2.49, 0, 0 
6, 13888350,240.00, 100.00, 0.00, 2.49, 0, 0 
7, 13008099,242.00, 100.00, 0.00, 2.49, 0, 0 
8, 12951979,242.00, 100.00, 0.00, 2.49, 0, 0 
9, 13029972,242.00, 100.00, 0.00, 2.49, 0, 0 
0, 15105970,244.00, 100.00, 0.00, 2.49, 0, 0 
1, 15046393,244.00, 100.00, 0.00, 2.49, 0, 0 
2, 16230705,246.00, 100.00, 0.00, 2.50, 0, 0 
3, 16078765,246.00, 100.00, 0.00, 2.50, 0, 0 
4, 20548536,250.00, 100.00, 0.00, 2.50, 0, 0 
5, 20076615,250.00, 100.00, 0.00, 2.50, 0, 0 
6, 20077855,250.00, 100.00, 0.00, 2.50, 0, 0 
7, 17925271,250.00, 100.00, 0.00, 2.50, 0, 0 
8, 21055510,253.00, 100.00, 0.00, 2.50, 0, 0 
9, 21106897,253.00, 100.00, 0.00, 2.50, 0, 0 
0, 18858360,253.00, 100.00, 0.00, 2.50, 0, 0 
1, 19998997,254.00, 100.00, 0.00, 2.50, 0, 0 
2, 17857092,254.00, 100.00, 0.00, 2.50, 0, 0 
3, 17910457,254.00, 100.00, 0.00, 2.50, 0, 0 
4, 13440407,254.00, 100.00, 0.00, 2.50, 0, 0 
5, 14058910,254.00, 100.00, 0.00, 2.50, 0, 0 
6, 14144495,254.00, 100.00, 0.00, 2.50, 0, 0 
7, 13944996,254.00, 100.00, 0.00, 2.50, 0, 0 
8, 10895563,254.00, 100.00, 0.00, 2.50, 0, 0 
9, 10947897,254.00, 100.00, 0.00, 2.50, 0, 0 
0, 11073387,254.00, 100.00, 0.00, 2.50, 0, 0 
1, 12091989,256.00, 100.00, 0.00, 2.51, 0, 0 
2, 12174730,256.00, 100.00, 0.00, 2.51, 0, 0 
3, 12108376,256.00, 100.00, 0.00, 2.51, 0, 0 
4, 12020105,256.00, 100.00, 0.00, 2.51, 0, 0 
5, 11888518,256.00, 100.00, 0.00, 2.51, 0, 0 
6, 11898697,256.00, 100.00, 0.00, 2.51, 0, 0 
7, 12113310,256.00, 100.00, 0.00, 2.51, 0, 0 
8, 12074045,256.00, 100.00, 0.00, 2.51, 0, 0 
9, 11943163,256.00, 100.00, 0.00, 2.51, 0, 0 
0, 11908576,256.00, 100.00, 0.00, 2.51, 0, 0 
1, 9900853,256.00, 100.00, 0.00, 2.51, 0, 0 
2, 9801824,256.00, 100.00, 0.00, 2.51, 0, 0 
3, 9952089,256.00, 100.00, 0.00, 2.51, 0, 0 
4, 9998818,256.00, 100.00, 0.00, 2.51, 0, 0 
5, 10030510,256.00, 100.00, 0.00, 2.51, 0, 0 
6, 9932110,256.00, 100.00, 0.00, 2.51, 0, 0 
7, 9932124,256.00, 100.00, 0.00, 2.51, 0, 0 
8, 12237860,258.00, 100.00, 0.00, 2.51, 0, 0 
9, 12098455,258.00, 100.00, 0.00, 2.51, 0, 0 
0, 11976990,258.00, 100.00, 0.00, 2.51, 0, 0 
1, 11894213,258.00, 100.00, 0.00, 2.51, 0, 0 
2, 11905452,258.00, 100.00, 0.00, 2.51, 0, 0 
3, 12050736,258.00, 100.00, 0.00, 2.51, 0, 0 
4, 11955889,258.00, 100.00, 0.00, 2.51, 0, 0 
5, 12284677,258.00, 100.00, 0.00, 2.51, 0, 0 
6, 11935290,258.00, 100.00, 0.00, 2.51, 0, 0 
7, 11908239,258.00, 100.00, 0.00, 2.51, 0, 0 
8, 9637395,258.00, 100.00, 0.00, 2.51, 0, 0 
9, 9917320,258.00, 100.00, 0.00, 2.51, 0, 0 
0, 10083851,258.00, 100.00, 0.00, 2.51, 0, 0 
1, 10062015,258.00, 100.00, 0.00, 2.51, 0, 0 
2, 10130590,258.00, 100.00, 0.00, 2.51, 0, 0 
3, 9965501,258.00, 100.00, 0.00, 2.51, 0, 0 
4, 10136452,258.00, 100.00, 0.00, 2.51, 0, 0 
5, 9781824,258.00, 100.00, 0.00, 2.51, 0, 0 
6, 10076362,258.00, 100.00, 0.00, 2.51, 0, 0 
7, 10036854,258.00, 100.00, 0.00, 2.51, 0, 0 
8, 9972040,258.00, 100.00, 0.00, 2.51, 0, 0 
9, 10063856,258.00, 100.00, 0.00, 2.51, 0, 0 
0, 10018536,258.00, 100.00, 0.00, 2.51, 0, 0 
1, 10030574,258.00, 100.00, 0.00, 2.51, 0, 0 
2, 9956243,258.00, 100.00, 0.00, 2.51, 0, 0 
3, 9957381,258.00, 100.00, 0.00, 2.51, 0, 0 
4, 9895417,258.00, 100.00, 0.00, 2.51, 0, 0 
5, 9923859,258.00, 100.00, 0.00, 2.51, 0, 0 
6, 9964559,258.00, 100.00, 0.00, 2.51, 0, 0 
7, 10025496,258.00, 100.00, 0.00, 2.51, 0, 0 
8, 10078741,258.00, 100.00, 0.00, 2.51, 0, 0 
9, 10071665,258.00, 100.00, 0.00, 2.51, 0, 0 
0, 10022895,258.00, 100.00, 0.00, 2.51, 0, 0 
1, 9973936,258.00, 100.00, 0.00, 2.51, 0, 0 
2, 10001667,258.00, 100.00, 0.00, 2.51, 0, 0 
3, 10013548,258.00, 100.00, 0.00, 2.51, 0, 0 
4, 9903495,258.00, 100.00, 0.00, 2.51, 0, 0 
5, 10003253,258.00, 100.00, 0.00, 2.51, 0, 0 
6, 9954479,258.00, 100.00, 0.00, 2.51, 0, 0 
7, 9987967,258.00, 100.00, 0.00, 2.51, 0, 0 
8, 11205913,259.00, 100.00, 0.00, 2.51, 0, 0 
9, 11070893,259.00, 100.00, 0.00, 2.51, 0, 0 
0, 10943956,259.00, 100.00, 0.00, 2.51, 0, 0 
1, 10940667,259.00, 100.00, 0.00, 2.51, 0, 0 
2, 10948040,259.00, 100.00, 0.00, 2.51, 0, 0 
3, 10970498,259.00, 100.00, 0.00, 2.51, 0, 0 
4, 11098887,259.00, 100.00, 0.00, 2.51, 0, 0 
5, 10976209,259.00, 100.00, 0.00, 2.51, 0, 0 
6, 10992537,259.00, 100.00, 0.00, 2.51, 0, 0 
7, 11015637,259.00, 100.00, 0.00, 2.51, 0, 0 
8, 9778700,259.00, 100.00, 0.00, 2.51, 0, 0 
9, 9869813,259.00, 100.00, 0.00, 2.51, 0, 0 
0, 10051022,259.00, 100.00, 0.00, 2.51, 0, 0 
1, 10093158,259.00, 100.00, 0.00, 2.51, 0, 0 
2, 10030000,259.00, 100.00, 0.00, 2.51, 0, 0 
3, 10060160,259.00, 100.00, 0.00, 2.51, 0, 0 
4, 10007272,259.00, 100.00, 0.00, 2.51, 0, 0 
5, 10093770,259.00, 100.00, 0.00, 2.51, 0, 0 
6, 10080469,259.00, 100.00, 0.00, 2.51, 0, 0 
7, 10003264,259.00, 100.00, 0.00, 2.51, 0, 0 
8, 10057216,259.00, 100.00, 0.00, 2.51, 0, 0 
9, 9961162,259.00, 100.00, 0.00, 2.51, 0, 0 
0, 9878919,259.00, 100.00, 0.00, 2.51, 0, 0 
1, 9929042,259.00, 100.00, 0.00, 2.51, 0, 0 
2, 9948734,259.00, 100.00, 0.00, 2.51, 0, 0 
3, 9951757,259.00, 100.00, 0.00, 2.51, 0, 0 
4, 10034612,259.00, 100.00, 0.00, 2.51, 0, 0 
5, 9989408,259.00, 100.00, 0.00, 2.51, 0, 0 
6, 10021977,259.00, 100.00, 0.00, 2.51, 0, 0 
7, 10101905,259.00, 100.00, 0.00, 2.51, 0, 0 
8, 10006000,259.00, 100.00, 0.00, 2.51, 0, 0 
9, 9969839,259.00, 100.00, 0.00, 2.51, 0, 0 
0, 10051826,259.00, 100.00, 0.00, 2.51, 0, 0 
1, 10045619,259.00, 100.00, 0.00, 2.51, 0, 0 
2, 9981805,259.00, 100.00, 0.00, 2.51, 0, 0 
3, 9978454,259.00, 100.00, 0.00, 2.51, 0, 0 
4, 9933522,259.00, 100.00, 0.00, 2.51, 0, 0 
5, 14063015,263.00, 100.00, 0.00, 2.51, 0, 0 
6, 14078100,263.00, 100.00, 0.00, 2.51, 0, 0 
7, 13944667,263.00, 100.00, 0.00, 2.51, 0, 0 
8, 14019990,263.00, 100.00, 0.00, 2.51, 0, 0 
9, 14062337,263.00, 100.00, 0.00, 2.51, 0, 0 
0, 14075625,263.00, 100.00, 0.00, 2.51, 0, 0 
1, 13957644,263.00, 100.00, 0.00, 2.51, 0, 0 
2, 14079867,263.00, 100.00, 0.00, 2.51, 0, 0 
3, 14086769,263.00, 100.00, 0.00, 2.51, 0, 0 
4, 14266967,263.00, 100.00, 0.00, 2.51, 0, 0 
5, 9863706,263.00, 100.00, 0.00, 2.51, 0, 0 
6, 9883817,263.00, 100.00, 0.00, 2.51, 0, 0 
7, 9957357,263.00, 100.00, 0.00, 2.51, 0, 0 
8, 9952074,263.00, 100.00, 0.00, 2.51, 0, 0 
9, 9851322,263.00, 100.00, 0.00, 2.51, 0, 0 
0, 9899129,263.00, 100.00, 0.00, 2.51, 0, 0 
1, 10039705,263.00, 100.00, 0.00, 2.51, 0, 0 
2, 9982603,263.00, 100.00, 0.00, 2.51, 0, 0 
3, 9938579,263.00, 100.00, 0.00, 2.51, 0, 0 
4, 9733619,263.00, 100.00, 0.00, 2.51, 0, 0 
5, 10001060,263.00, 100.00, 0.00, 2.51, 0, 0 
6, 10010116,263.00, 100.00, 0.00, 2.51, 0, 0 
7, 10033519,263.00, 100.00, 0.00, 2.51, 0, 0 
8, 10003379,263.00, 100.00, 0.00, 2.51, 0, 0 
9, 10101787,263.00, 100.00, 0.00, 2.51, 0, 0 
0, 10032223,263.00, 100.00, 0.00, 2.51, 0, 0 
1, 11509861,264.00, 100.00, 0.00, 2.51, 0, 0 
2, 15076070,268.00, 100.00, 0.00, 2.52, 0, 0 
3, 15227991,268.00, 100.00, 0.00, 2.52, 0, 0 
4, 15232679,268.00, 100.00, 0.00, 2.52, 0, 0 
5, 15076694,268.00, 100.00, 0.00, 2.52, 0, 0 
6, 15016340,268.00, 100.00, 0.00, 2.52, 0, 0 
7, 14953025,268.00, 100.00, 0.00, 2.52, 0, 0 
8, 14935729,268.00, 100.00, 0.00, 2.52, 0, 0 
9, 14979994,268.00, 100.00, 0.00, 2.52, 0, 0 
0, 14970521,268.00, 100.00, 0.00, 2.52, 0, 0 
1, 13571066,268.00, 100.00, 0.00, 2.52, 0, 0 
2, 10035278,268.00, 100.00, 0.00, 2.52, 0, 0 
3, 9745813,268.00, 100.00, 0.00, 2.52, 0, 0 
4, 9821706,268.00, 100.00, 0.00, 2.52, 0, 0 
5, 9992881,268.00, 100.00, 0.00, 2.52, 0, 0 
6, 9991865,268.00, 100.00, 0.00, 2.52, 0, 0 
7, 10062475,268.00, 100.00, 0.00, 2.52, 0, 0 
8, 10026037,268.00, 100.00, 0.00, 2.52, 0, 0 
9, 10013422,268.00, 100.00, 0.00, 2.52, 0, 0 
0, 10060586,268.00, 100.00, 0.00, 2.52, 0, 0 
1, 9868925,268.00, 100.00, 0.00, 2.52, 0, 0 
2, 9878375,268.00, 100.00, 0.00, 2.52, 0, 0 
3, 10059012,268.00, 100.00, 0.00, 2.52, 0, 0 
4, 9980808,268.00, 100.00, 0.00, 2.52, 0, 0 
5, 9983642,268.00, 100.00, 0.00, 2.52, 0, 0 
6, 9967483,268.00, 100.00, 0.00, 2.52, 0, 0 
7, 9937844,268.00, 100.00, 0.00, 2.52, 0, 0 
8, 9996213,268.00, 100.00, 0.00, 2.52, 0, 0 
9, 9953939,268.00, 100.00, 0.00, 2.52, 0, 0 
0, 9936036,268.00, 100.00, 0.00, 2.52, 0, 0 
1, 11126177,269.00, 100.00, 0.00, 2.52, 0, 0 
2, 11024525,269.00, 100.00, 0.00, 2.52, 0, 0 
3, 10935840,269.00, 100.00, 0.00, 2.52, 0, 0 
4, 11068595,269.00, 100.00, 0.00, 2.52, 0, 0 
5, 11076192,269.00, 100.00, 0.00, 2.52, 0, 0 
6, 11156309,269.00, 100.00, 0.00, 2.52, 0, 0 
7, 11099735,269.00, 100.00, 0.00, 2.52, 0, 0 
8, 11004597,269.00, 100.00, 0.00, 2.52, 0, 0 
9, 11021077,269.00, 100.00, 0.00, 2.52, 0, 0 
0, 11024713,269.00, 100.00, 0.00, 2.52, 0, 0 
1, 9932455,269.00, 100.00, 0.00, 2.52, 0, 0 
2, 10055255,269.00, 100.00, 0.00, 2.52, 0, 0 
3, 10023906,269.00, 100.00, 0.00, 2.52, 0, 0 
4, 9922360,269.00, 100.00, 0.00, 2.52, 0, 0 
5, 9879994,269.00, 100.00, 0.00, 2.52, 0, 0 
6, 9875554,269.00, 100.00, 0.00, 2.52, 0, 0 
7, 9916473,269.00, 100.00, 0.00, 2.52, 0, 0 
8, 10002732,269.00, 100.00, 0.00, 2.52, 0, 0 
9, 10015367,269.00, 100.00, 0.00, 2.52, 0, 0 
0, 10006256,269.00, 100.00, 0.00, 2.52, 0, 0 
1, 9978732,269.00, 100.00, 0.00, 2.52, 0, 0 
2, 9838005,269.00, 100.00, 0.00, 2.52, 0, 0 
3, 9917479,269.00, 100.00, 0.00, 2.52, 0, 0 
4, 9988849,269.00, 100.00, 0.00, 2.52, 0, 0 
5, 9984079,269.00, 100.00, 0.00, 2.52, 0, 0 
6, 10000420,269.00, 100.00, 0.00, 2.52, 0, 0 
7, 10019022,269.00, 100.00, 0.00, 2.52, 0, 0 
8, 10034251,269.00, 100.00, 0.00, 2.52, 0, 0 
9, 10978001,270.00, 100.00, 0.00, 2.52, 0, 0 
0, 10956982,270.00, 100.00, 0.00, 2.52, 0, 0 
1, 10945529,270.00, 100.00, 0.00, 2.52, 0, 0 
2, 11324761,270.00, 100.00, 0.00, 2.52, 0, 0 
3, 11058593,270.00, 100.00, 0.00, 2.52, 0, 0 
4, 10978818,270.00, 100.00, 0.00, 2.52, 0, 0 
5, 10992163,270.00, 100.00, 0.00, 2.52, 0, 0 
6, 10970407,270.00, 100.00, 0.00, 2.52, 0, 0 
7, 10966964,270.00, 100.00, 0.00, 2.52, 0, 0 
8, 10955479,270.00, 100.00, 0.00, 2.52, 0, 0 
9, 10041215,270.00, 100.00, 0.00, 2.52, 0, 0 
0, 9983598,270.00, 100.00, 0.00, 2.52, 0, 0 
1, 10160786,270.00, 100.00, 0.00, 2.52, 0, 0 
2, 9811558,270.00, 100.00, 0.00, 2.52, 0, 0 
3, 9974719,270.00, 100.00, 0.00, 2.52, 0, 0 
4, 9976755,270.00, 100.00, 0.00, 2.52, 0, 0 
5, 10034988,270.00, 100.00, 0.00, 2.52, 0, 0 
6, 10018500,270.00, 100.00, 0.00, 2.52, 0, 0 
7, 10148286,270.00, 100.00, 0.00, 2.52, 0, 0 
8, 10055319,270.00, 100.00, 0.00, 2.52, 0, 0 
9, 9964485,270.00, 100.00, 0.00, 2.52, 0, 0 
0, 10098164,270.00, 100.00, 0.00, 2.52, 0, 0 
1, 9864193,270.00, 100.00, 0.00, 2.52, 0, 0 
2, 9913630,270.00, 100.00, 0.00, 2.52, 0, 0 
3, 10018217,270.00, 100.00, 0.00, 2.52, 0, 0 
4, 10014328,270.00, 100.00, 0.00, 2.52, 0, 0 
5, 9998315,270.00, 100.00, 0.00, 2.52, 0, 0 
6, 9961083,270.00, 100.00, 0.00, 2.52, 0, 0 
7, 9847032,270.00, 100.00, 0.00, 2.52, 0, 0 
8, 9925647,270.00, 100.00, 0.00, 2.52, 0, 0 
9, 10069301,270.00, 100.00, 0.00, 2.52, 0, 0 
0, 9997325,270.00, 100.00, 0.00, 2.52, 0, 0 
1, 10052707,270.00, 100.00, 0.00, 2.52, 0, 0 
2, 10025531,270.00, 100.00, 0.00, 2.52, 0, 0 
3, 10038312,270.00, 100.00, 0.00, 2.52, 0, 0 
4, 10011651,270.00, 100.00, 0.00, 2.52, 0, 0 
5, 9982558,270.00, 100.00, 0.00, 2.52, 0, 0 
6, 10027053,270.00, 100.00, 0.00, 2.52, 0, 0 
7, 10018472,270.00, 100.00, 0.00, 2.52, 0, 0 
8, 10037297,270.00, 100.00, 0.00, 2.52, 0, 0 
9, 9937429,270.00, 100.00, 0.00, 2.52, 0, 0 
0, 9951061,270.00, 100.00, 0.00, 2.52, 0, 0 
1, 10036057,270.00, 100.00, 0.00, 2.52, 0, 0 
2, 9982462,270.00, 100.00, 0.00, 2.52, 0, 0 
3, 10150789,270.00, 100.00, 0.00, 2.52, 0, 0 
4, 10041979,270.00, 100.00, 0.00, 2.52, 0, 0 
5, 10020637,270.00, 100.00, 0.00, 2.52, 0, 0 
6, 10017928,270.00, 100.00, 0.00, 2.52, 0, 0 
7, 10034350,270.00, 100.00, 0.00, 2.52, 0, 0 
8, 10060828,270.00, 100.00, 0.00, 2.52, 0, 0 
9, 10052540,270.00, 100.00, 0.00, 2.52, 0, 0 
0, 10088337,270.00, 100.00, 0.00, 2.52, 0, 0 
1, 9932017,270.00, 100.00, 0.00, 2.52, 0, 0 
2, 10029070,270.00, 100.00, 0.00, 2.52, 0, 0 
3, 9852376,270.00, 100.00, 0.00, 2.52, 0, 0 
4, 9940036,270.00, 100.00, 0.00, 2.52, 0, 0 
5, 10033357,270.00, 100.00, 0.00, 2.52, 0, 0 
6, 10023610,270.00, 100.00, 0.00, 2.52, 0, 0 
7, 10012583,270.00, 100.00, 0.00, 2.52, 0, 0 
8, 9969786,270.00, 100.00, 0.00, 2.52, 0, 0 
9, 10048885,270.00, 100.00, 0.00, 2.52, 0, 0 
0, 9980996,270.00, 100.00, 0.00, 2.52, 0, 0 
1, 9991536,270.00, 100.00, 0.00, 2.52, 0, 0 
2, 10037239,270.00, 100.00, 0.00, 2.52, 0, 0 
3, 10050047,270.00, 100.00, 0.00, 2.52, 0, 0 
4, 10084063,270.00, 100.00, 0.00, 2.52, 0, 0 
5, 9961673,270.00, 100.00, 0.00, 2.52, 0, 0 
6, 9954545,270.00, 100.00, 0.00, 2.52, 0, 0 
7, 9951074,270.00, 100.00, 0.00, 2.52, 0, 0 
8, 9998036,270.00, 100.00, 0.00, 2.52, 0, 0 
9, 9896304,270.00, 100.00, 0.00, 2.52, 0, 0 
0, 9936557,270.00, 100.00, 0.00, 2.52, 0, 0 
1, 9999330,270.00, 100.00, 0.00, 2.52, 0, 0 
2, 9928824,270.00, 100.00, 0.00, 2.52, 0, 0 
3, 9937047,270.00, 100.00, 0.00, 2.52, 0, 0 
4, 9900578,270.00, 100.00, 0.00, 2.52, 0, 0 
5, 9973091,270.00, 100.00, 0.00, 2.52, 0, 0 
6, 10004654,270.00, 100.00, 0.00, 2.52, 0, 0 
7, 10012225,270.00, 100.00, 0.00, 2.52, 0, 0 
8, 9950778,270.00, 100.00, 0.00, 2.52, 0, 0 
9, 10013181,270.00, 100.00, 0.00, 2.52, 0, 0 
0, 9995681,270.00, 100.00, 0.00, 2.52, 0, 0 
1, 9963913,270.00, 100.00, 0.00, 2.52, 0, 0 
2, 9976761,270.00, 100.00, 0.00, 2.52, 0, 0 
3, 9969591,270.00, 100.00, 0.00, 2.52, 0, 0 
4, 10018473,270.00, 100.00, 0.00, 2.52, 0, 0 
5, 9968166,270.00, 100.00, 0.00, 2.52, 0, 0 
6, 10009952,270.00, 100.00, 0.00, 2.52, 0, 0 
7, 9996067,270.00, 100.00, 0.00, 2.52, 0, 0 
8, 10043929,270.00, 100.00, 0.00, 2.52, 0, 0 
9, 10000367,270.00, 100.00, 0.00, 2.52, 0, 0 
0, 10010005,270.00, 100.00, 0.00, 2.52, 0, 0 
1, 10056520,270.00, 100.00, 0.00, 2.52, 0, 0 
2, 9948644,270.00, 100.00, 0.00, 2.52, 0, 0 
3, 10034087,270.00, 100.00, 0.00, 2.52, 0, 0 
4, 10058214,270.00, 100.00, 0.00, 2.52, 0, 0 
5, 10038577,270.00, 100.00, 0.00, 2.52, 0, 0 
6, 10021829,270.00, 100.00, 0.00, 2.52, 0, 0 
7, 10027506,270.00, 100.00, 0.00, 2.52, 0, 0 
8, 9941907,270.00, 100.00, 0.00, 2.52, 0, 0 
9, 9978930,270.00, 100.00, 0.00, 2.52, 0, 0 
0, 10019214,270.00, 100.00, 0.00, 2.52, 0, 0 
1, 9961292,270.00, 100.00, 0.00, 2.52, 0, 0 
2, 10025765,270.00, 100.00, 0.00, 2.52, 0, 0 
3, 9998683,270.00, 100.00, 0.00, 2.52, 0, 0 
4, 9950470,270.00, 100.00, 0.00, 2.52, 0, 0 
5, 11046334,271.00, 100.00, 0.00, 2.52, 0, 0 
6, 10910483,271.00, 100.00, 0.00, 2.52, 0, 0 
7, 10962145,271.00, 100.00, 0.00, 2.52, 0, 0 
8, 11047599,271.00, 100.00, 0.00, 2.52, 0, 0 
9, 11030272,271.00, 100.00, 0.00, 2.52, 0, 0 
0, 10941292,271.00, 100.00, 0.00, 2.52, 0, 0 
1, 11068294,271.00, 100.00, 0.00, 2.52, 0, 0 
2, 11067143,271.00, 100.00, 0.00, 2.52, 0, 0 
3, 10945526,271.00, 100.00, 0.00, 2.52, 0, 0 
4, 10931719,271.00, 100.00, 0.00, 2.52, 0, 0 
5, 10183663,271.00, 100.00, 0.00, 2.52, 0, 0 
6, 10019643,271.00, 100.00, 0.00, 2.52, 0, 0 
7, 9978292,271.00, 100.00, 0.00, 2.52, 0, 0 
8, 10095759,271.00, 100.00, 0.00, 2.52, 0, 0 
9, 10038646,271.00, 100.00, 0.00, 2.52, 0, 0 
0, 10046812,271.00, 100.00, 0.00, 2.52, 0, 0 
1, 9863045,271.00, 100.00, 0.00, 2.52, 0, 0 
2, 9955334,271.00, 100.00, 0.00, 2.52, 0, 0 
3, 10067095,271.00, 100.00, 0.00, 2.52, 0, 0 
4, 10124604,271.00, 100.00, 0.00, 2.52, 0, 0 
5, 9809721,271.00, 100.00, 0.00, 2.52, 0, 0 
6, 10144447,271.00, 100.00, 0.00, 2.52, 0, 0 
7, 10020025,271.00, 100.00, 0.00, 2.52, 0, 0 
8, 9919529,271.00, 100.00, 0.00, 2.52, 0, 0 
9, 9973693,271.00, 100.00, 0.00, 2.52, 0, 0 
0, 10007352,271.00, 100.00, 0.00, 2.52, 0, 0 
1, 10109151,271.00, 100.00, 0.00, 2.52, 0, 0 
2, 10062134,271.00, 100.00, 0.00, 2.52, 0, 0 
3, 9990609,271.00, 100.00, 0.00, 2.52, 0, 0 
4, 9914951,271.00, 100.00, 0.00, 2.52, 0, 0 
5, 9943655,271.00, 100.00, 0.00, 2.52, 0, 0 
6, 9889442,271.00, 100.00, 0.00, 2.52, 0, 0 
7, 10065191,271.00, 100.00, 0.00, 2.52, 0, 0 
8, 10037917,271.00, 100.00, 0.00, 2.52, 0, 0 
9, 9992035,271.00, 100.00, 0.00, 2.52, 0, 0 
0, 9971359,271.00, 100.00, 0.00, 2.52, 0, 0 
1, 9998638,271.00, 100.00, 0.00, 2.52, 0, 0 
2, 9967109,271.00, 100.00, 0.00, 2.52, 0, 0 
3, 10001848,271.00, 100.00, 0.00, 2.52, 0, 0 
4, 10039453,271.00, 100.00, 0.00, 2.52, 0, 0 
5, 10030640,271.00, 100.00, 0.00, 2.52, 0, 0 
6, 10034852,271.00, 100.00, 0.00, 2.52, 0, 0 
7, 9872013,271.00, 100.00, 0.00, 2.52, 0, 0 
8, 9887435,271.00, 100.00, 0.00, 2.52, 0, 0 
9, 9942651,271.00, 100.00, 0.00, 2.52, 0, 0 
0, 9971041,271.00, 100.00, 0.00, 2.52, 0, 0 
1, 9979364,271.00, 100.00, 0.00, 2.52, 0, 0 
2, 10230281,271.00, 100.00, 0.00, 2.52, 0, 0 
3, 9968677,271.00, 100.00, 0.00, 2.52, 0, 0 
4, 13110103,274.00, 100.00, 0.00, 2.52, 0, 0 
5, 16078623,277.00, 100.00, 0.00, 2.53, 0, 0 
6, 16176671,277.00, 100.00, 0.00, 2.53, 0, 0 
7, 16134621,277.00, 100.00, 0.00, 2.53, 0, 0 
8, 16086662,277.00, 100.00, 0.00, 2.53, 0, 0 
9, 16019545,277.00, 100.00, 0.00, 2.53, 0, 0 
0, 16103319,277.00, 100.00, 0.00, 2.53, 0, 0 
1, 16029773,277.00, 100.00, 0.00, 2.53, 0, 0 
2, 15796512,277.00, 100.00, 0.00, 2.53, 0, 0 
3, 16079060,277.00, 100.00, 0.00, 2.53, 0, 0 
4, 12877864,277.00, 100.00, 0.00, 2.53, 0, 0 
5, 9919589,277.00, 100.00, 0.00, 2.53, 0, 0 
6, 9779876,277.00, 100.00, 0.00, 2.53, 0, 0 
7, 9934392,277.00, 100.00, 0.00, 2.53, 0, 0 
8, 9946905,277.00, 100.00, 0.00, 2.53, 0, 0 
9, 10018157,277.00, 100.00, 0.00, 2.53, 0, 0 
0, 9932563,277.00, 100.00, 0.00, 2.53, 0, 0 
1, 9920922,277.00, 100.00, 0.00, 2.53, 0, 0 
2, 9912736,277.00, 100.00, 0.00, 2.53, 0, 0 
3, 9932352,277.00, 100.00, 0.00, 2.53, 0, 0 
4, 10000318,277.00, 100.00, 0.00, 2.53, 0, 0 
5, 9945972,277.00, 100.00, 0.00, 2.53, 0, 0 
6, 9997412,277.00, 100.00, 0.00, 2.53, 0, 0 
7, 10075562,277.00, 100.00, 0.00, 2.53, 0, 0 
8, 10048907,277.00, 100.00, 0.00, 2.53, 0, 0 
9, 10002539,277.00, 100.00, 0.00, 2.53, 0, 0 
0, 10006849,277.00, 100.00, 0.00, 2.53, 0, 0 
1, 10075286,277.00, 100.00, 0.00, 2.53, 0, 0 
2, 10047260,277.00, 100.00, 0.00, 2.53, 0, 0 
3, 9929234,277.00, 100.00, 0.00, 2.53, 0, 0 
4, 9960556,277.00, 100.00, 0.00, 2.53, 0, 0 
5, 10060029,277.00, 100.00, 0.00, 2.53, 0, 0 
6, 9976725,277.00, 100.00, 0.00, 2.53, 0, 0 
7, 9913854,277.00, 100.00, 0.00, 2.53, 0, 0 
8, 9977917,277.00, 100.00, 0.00, 2.53, 0, 0 
9, 9946986,277.00, 100.00, 0.00, 2.53, 0, 0 
0, 9984243,277.00, 100.00, 0.00, 2.53, 0, 0 
1, 10009806,277.00, 100.00, 0.00, 2.53, 0, 0 
2, 10097727,277.00, 100.00, 0.00, 2.53, 0, 0 
3, 10070704,277.00, 100.00, 0.00, 2.53, 0, 0 
4, 10054920,277.00, 100.00, 0.00, 2.53, 0, 0 
5, 9975344,277.00, 100.00, 0.00, 2.53, 0, 0 
6, 10019310,277.00, 100.00, 0.00, 2.53, 0, 0 
7, 10009706,277.00, 100.00, 0.00, 2.53, 0, 0 
8, 9973366,277.00, 100.00, 0.00, 2.53, 0, 0 
9, 10034073,277.00, 100.00, 0.00, 2.53, 0, 0 
0, 10002333,277.00, 100.00, 0.00, 2.53, 0, 0 
1, 9978958,277.00, 100.00, 0.00, 2.53, 0, 0 
2, 9923678,277.00, 100.00, 0.00, 2.53, 0, 0 
3, 10007604,277.00, 100.00, 0.00, 2.53, 0, 0 
4, 9985640,277.00, 100.00, 0.00, 2.53, 0, 0 
5, 10007921,277.00, 100.00, 0.00, 2.53, 0, 0 
6, 10015338,277.00, 100.00, 0.00, 2.53, 0, 0 
7, 9985212,277.00, 100.00, 0.00, 2.53, 0, 0 
8, 9993097,277.00, 100.00, 0.00, 2.53, 0, 0 
9, 10017542,277.00, 100.00, 0.00, 2.53, 0, 0 
0, 10022435,277.00, 100.00, 0.00, 2.53, 0, 0 
1, 10119348,277.00, 100.00, 0.00, 2.53, 0, 0 
2, 10042437,277.00, 100.00, 0.00, 2.53, 0, 0 
3, 9931755,277.00, 100.00, 0.00, 2.53, 0, 0 
4, 9924447,277.00, 100.00, 0.00, 2.53, 0, 0 
5, 10031407,277.00, 100.00, 0.00, 2.53, 0, 0 
6, 10007147,277.00, 100.00, 0.00, 2.53, 0, 0 
7, 9993900,277.00, 100.00, 0.00, 2.53, 0, 0 
8, 9995256,277.00, 100.00, 0.00, 2.53, 0, 0 
9, 9909900,277.00, 100.00, 0.00, 2.53, 0, 0 
0, 9891705,277.00, 100.00, 0.00, 2.53, 0, 0 
1, 9918255,277.00, 100.00, 0.00, 2.53, 0, 0 
2, 9983087,277.00, 100.00, 0.00, 2.53, 0, 0 
3, 10090897,277.00, 100.00, 0.00, 2.53, 0, 0 
4, 10148518,277.00, 100.00, 0.00, 2.53, 0, 0 
5, 10007286,277.00, 100.00, 0.00, 2.53, 0, 0 
6, 9932968,277.00, 100.00, 0.00, 2.53, 0, 0 
7, 10104702,277.00, 100.00, 0.00, 2.53, 0, 0 
8, 10035694,277.00, 100.00, 0.00, 2.53, 0, 0 
9, 10104183,277.00, 100.00, 0.00, 2.53, 0, 0 
0, 10096813,277.00, 100.00, 0.00, 2.53, 0, 0 
1, 9931320,277.00, 100.00, 0.00, 2.53, 0, 0 
2, 9963032,277.00, 100.00, 0.00, 2.53, 0, 0 
3, 9957973,277.00, 100.00, 0.00, 2.53, 0, 0 
4, 9912679,277.00, 100.00, 0.00, 2.53, 0, 0 
5, 9948376,277.00, 100.00, 0.00, 2.53, 0, 0 
6, 10031062,277.00, 100.00, 0.00, 2.53, 0, 0 
7, 9879791,277.00, 100.00, 0.00, 2.53, 0, 0 
8, 9942102,277.00, 100.00, 0.00, 2.53, 0, 0 
9, 10033951,277.00, 100.00, 0.00, 2.53, 0, 0 
0, 10029210,277.00, 100.00, 0.00, 2.53, 0, 0 
1, 10048917,277.00, 100.00, 0.00, 2.53, 0, 0 
2, 10013454,277.00, 100.00, 0.00, 2.53, 0, 0 
3, 10006357,277.00, 100.00, 0.00, 2.53, 0, 0 
4, 10024890,277.00, 100.00, 0.00, 2.53, 0, 0 
5, 10008985,277.00, 100.00, 0.00, 2.53, 0, 0 
6, 10026582,277.00, 100.00, 0.00, 2.53, 0, 0 
7, 10015000,277.00, 100.00, 0.00, 2.53, 0, 0 
8, 10036586,277.00, 100.00, 0.00, 2.53, 0, 0 
9, 9884057,277.00, 100.00, 0.00, 2.53, 0, 0 
0, 9880484,277.00, 100.00, 0.00, 2.53, 0, 0 
1, 9977236,277.00, 100.00, 0.00, 2.53, 0, 0 
2, 9990510,277.00, 100.00, 0.00, 2.53, 0, 0 
3, 10074075,277.00, 100.00, 0.00, 2.53, 0, 0 
4, 10074050,277.00, 100.00, 0.00, 2.53, 0, 0 
5, 10035339,277.00, 100.00, 0.00, 2.53, 0, 0 
6, 9990995,277.00, 100.00, 0.00, 2.53, 0, 0 
7, 10013584,277.00, 100.00, 0.00, 2.53, 0, 0 
8, 10018103,277.00, 100.00, 0.00, 2.53, 0, 0 
9, 10135671,277.00, 100.00, 0.00, 2.53, 0, 0 
0, 10252659,277.00, 100.00, 0.00, 2.53, 0, 0 
1, 9963726,277.00, 100.00, 0.00, 2.53, 0, 0 
2, 9983260,277.00, 100.00, 0.00, 2.53, 0, 0 
3, 9913671,277.00, 100.00, 0.00, 2.53, 0, 0 
4, 9908596,277.00, 100.00, 0.00, 2.53, 0, 0 
5, 9952892,277.00, 100.00, 0.00, 2.53, 0, 0 
6, 9992646,277.00, 100.00, 0.00, 2.53, 0, 0 
7, 9979938,277.00, 100.00, 0.00, 2.53, 0, 0 
8, 9953019,277.00, 100.00, 0.00, 2.53, 0, 0 
9, 9886928,277.00, 100.00, 0.00, 2.53, 0, 0 
0, 9814367,277.00, 100.00, 0.00, 2.53, 0, 0 
1, 10039126,277.00, 100.00, 0.00, 2.53, 0, 0 
2, 10033845,277.00, 100.00, 0.00, 2.53, 0, 0 
3, 11133375,278.00, 100.00, 0.00, 2.53, 0, 0 
4, 11078516,278.00, 100.00, 0.00, 2.53, 0, 0 
5, 11061842,278.00, 100.00, 0.00, 2.53, 0, 0 
6, 10939465,278.00, 100.00, 0.00, 2.53, 0, 0 
7, 11032263,278.00, 100.00, 0.00, 2.53, 0, 0 
8, 11019298,278.00, 100.00, 0.00, 2.53, 0, 0 
9, 11181489,278.00, 100.00, 0.00, 2.53, 0, 0 
0, 11093254,278.00, 100.00, 0.00, 2.53, 0, 0 
1, 10927386,278.00, 100.00, 0.00, 2.53, 0, 0 
2, 11090863,278.00, 100.00, 0.00, 2.53, 0, 0 
3, 11137834,279.00, 100.00, 0.00, 2.53, 0, 0 
4, 10927289,279.00, 100.00, 0.00, 2.53, 0, 0 
5, 10930050,279.00, 100.00, 0.00, 2.53, 0, 0 
6, 11083974,279.00, 100.00, 0.00, 2.53, 0, 0 
7, 10951620,279.00, 100.00, 0.00, 2.53, 0, 0 
8, 11003388,279.00, 100.00, 0.00, 2.53, 0, 0 
9, 10905847,279.00, 100.00, 0.00, 2.53, 0, 0 
0, 10950882,279.00, 100.00, 0.00, 2.53, 0, 0 
1, 11061100,279.00, 100.00, 0.00, 2.53, 0, 0 
2, 11060750,279.00, 100.00, 0.00, 2.53, 0, 0 
3, 9763337,279.00, 100.00, 0.00, 2.53, 0, 0 
4, 9991595,279.00, 100.00, 0.00, 2.53, 0, 0 
5, 10015646,279.00, 100.00, 0.00, 2.53, 0, 0 
6, 9953252,279.00, 100.00, 0.00, 2.53, 0, 0 
7, 10000933,279.00, 100.00, 0.00, 2.53, 0, 0 
8, 9988284,279.00, 100.00, 0.00, 2.53, 0, 0 
9, 9964868,279.00, 100.00, 0.00, 2.53, 0, 0 
0, 9980210,279.00, 100.00, 0.00, 2.53, 0, 0 
1, 10035751,279.00, 100.00, 0.00, 2.53, 0, 0 
2, 9941376,279.00, 100.00, 0.00, 2.53, 0, 0 
3, 10036717,279.00, 100.00, 0.00, 2.53, 0, 0 
4, 10012847,279.00, 100.00, 0.00, 2.53, 0, 0 
5, 9926442,279.00, 100.00, 0.00, 2.53, 0, 0 
6, 9993354,279.00, 100.00, 0.00, 2.53, 0, 0 
7, 9999999,279.00, 100.00, 0.00, 2.53, 0, 0 
8, 9975974,279.00, 100.00, 0.00, 2.53, 0, 0 
9, 9965929,279.00, 100.00, 0.00, 2.53, 0, 0 
0, 9947750,279.00, 100.00, 0.00, 2.53, 0, 0 
1, 9977391,279.00, 100.00, 0.00, 2.53, 0, 0 
2, 9888230,279.00, 100.00, 0.00, 2.53, 0, 0 
3, 9987375,279.00, 100.00, 0.00, 2.53, 0, 0 
4, 10070165,279.00, 100.00, 0.00, 2.53, 0, 0 
5, 10120220,279.00, 100.00, 0.00, 2.53, 0, 0 
6, 10034475,279.00, 100.00, 0.00, 2.53, 0, 0 
7, 10007880,279.00, 100.00, 0.00, 2.53, 0, 0 
8, 10024249,279.00, 100.00, 0.00, 2.53, 0, 0 
9, 17529270,286.00, 100.00, 0.00, 2.54, 0, 0 
0, 17050844,286.00, 100.00, 0.00, 2.54, 0, 0 
1, 19079204,288.00, 100.00, 0.00, 2.54, 0, 0 
2, 19057576,288.00, 100.00, 0.00, 2.54, 0, 0 
3, 21053281,290.00, 100.00, 0.00, 2.54, 0, 0 
4, 21021158,290.00, 100.00, 0.00, 2.54, 0, 0 
5, 20929059,290.00, 100.00, 0.00, 2.54, 0, 0 
6, 20977839,290.00, 100.00, 0.00, 2.54, 0, 0 
7, 23098429,292.00, 100.00, 0.00, 2.54, 0, 0 
8, 23019301,292.00, 100.00, 0.00, 2.54, 0, 0 
9, 18732073,295.00, 100.00, 0.00, 2.54, 0, 0 
0, 19103267,295.00, 100.00, 0.00, 2.54, 0, 0 
1, 16849300,295.00, 100.00, 0.00, 2.54, 0, 0 
2, 16934053,295.00, 100.00, 0.00, 2.54, 0, 0 
3, 14892485,295.00, 100.00, 0.00, 2.54, 0, 0 
4, 14942469,295.00, 100.00, 0.00, 2.54, 0, 0 
5, 20079960,300.00, 100.00, 0.00, 2.55, 0, 0 
6, 19998218,300.00, 100.00, 0.00, 2.55, 0, 0 
7, 17886126,300.00, 100.00, 0.00, 2.55, 0, 0 
8, 18483735,300.00, 100.00, 0.00, 2.55, 0, 0 
9, 15820078,301.00, 100.00, 0.00, 2.55, 0, 0 
0, 15886604,301.00, 100.00, 0.00, 2.55, 0, 0 
1, 16029430,301.00, 100.00, 0.00, 2.55, 0, 0 
2, 19091818,304.00, 100.00, 0.00, 2.55, 0, 0 
3, 19058062,304.00, 100.00, 0.00, 2.55, 0, 0 
4, 18947534,304.00, 100.00, 0.00, 2.55, 0, 0 
5, 13945292,304.00, 100.00, 0.00, 2.55, 0, 0 
6, 13939331,304.00, 100.00, 0.00, 2.55, 0, 0 
7, 16020313,306.00, 100.00, 0.00, 2.56, 0, 0 
8, 18774735,309.00, 100.00, 0.00, 2.56, 0, 0 
9, 18072191,309.00, 100.00, 0.00, 2.56, 0, 0 
0, 17894637,309.00, 100.00, 0.00, 2.56, 0, 0 
1, 18014729,309.00, 100.00, 0.00, 2.56, 0, 0 
2, 14901017,309.00, 100.00, 0.00, 2.56, 0, 0 
3, 14970427,309.00, 100.00, 0.00, 2.56, 0, 0 
4, 15050000,309.00, 100.00, 0.00, 2.56, 0, 0 
5, 15060210,309.00, 100.00, 0.00, 2.56, 0, 0 
6, 15076193,309.00, 100.00, 0.00, 2.56, 0, 0 
7, 13046205,309.00, 100.00, 0.00, 2.56, 0, 0 
8, 9736903,309.00, 100.00, 0.00, 2.56, 0, 0 
9, 9822852,309.00, 100.00, 0.00, 2.56, 0, 0 
0, 10046272,309.00, 100.00, 0.00, 2.56, 0, 0 
1, 9989617,309.00, 100.00, 0.00, 2.56, 0, 0 
2, 9993057,309.00, 100.00, 0.00, 2.56, 0, 0 
3, 10413521,309.00, 100.00, 0.00, 2.56, 0, 0 
4, 9887428,309.00, 100.00, 0.00, 2.56, 0, 0 
5, 9909081,309.00, 100.00, 0.00, 2.56, 0, 0 
6, 10007255,309.00, 100.00, 0.00, 2.56, 0, 0 
7, 9987370,309.00, 100.00, 0.00, 2.56, 0, 0 
8, 9975334,309.00, 100.00, 0.00, 2.56, 0, 0 
9, 10029850,309.00, 100.00, 0.00, 2.56, 0, 0 
0, 10015751,309.00, 100.00, 0.00, 2.56, 0, 0 
1, 10039900,309.00, 100.00, 0.00, 2.56, 0, 0 
2, 10037365,309.00, 100.00, 0.00, 2.56, 0, 0 
3, 9546140,309.00, 100.00, 0.00, 2.56, 0, 0 
4, 10168282,309.00, 100.00, 0.00, 2.56, 0, 0 
5, 10044959,309.00, 100.00, 0.00, 2.56, 0, 0 
6, 9990480,309.00, 100.00, 0.00, 2.56, 0, 0 
7, 9991005,309.00, 100.00, 0.00, 2.56, 0, 0 
8, 9987125,309.00, 100.00, 0.00, 2.56, 0, 0 
9, 10002093,309.00, 100.00, 0.00, 2.56, 0, 0 
0, 10004957,309.00, 100.00, 0.00, 2.56, 0, 0 
1, 9962792,309.00, 100.00, 0.00, 2.56, 0, 0 
2, 9978677,309.00, 100.00, 0.00, 2.56, 0, 0 
3, 10024109,309.00, 100.00, 0.00, 2.56, 0, 0 
4, 9907329,309.00, 100.00, 0.00, 2.56, 0, 0 
5, 9987059,309.00, 100.00, 0.00, 2.56, 0, 0 
6, 9991407,309.00, 100.00, 0.00, 2.56, 0, 0 
7, 9995397,309.00, 100.00, 0.00, 2.56, 0, 0 
8, 10026079,309.00, 100.00, 0.00, 2.56, 0, 0 
9, 10012641,309.00, 100.00, 0.00, 2.56, 0, 0 
0, 10024782,309.00, 100.00, 0.00, 2.56, 0, 0 
1, 9995735,309.00, 100.00, 0.00, 2.56, 0, 0 
2, 10014994,309.00, 100.00, 0.00, 2.56, 0, 0 
3, 9973621,309.00, 100.00, 0.00, 2.56, 0, 0 
4, 10007208,309.00, 100.00, 0.00, 2.56, 0, 0 
5, 10012247,309.00, 100.00, 0.00, 2.56, 0, 0 
6, 9989791,309.00, 100.00, 0.00, 2.56, 0, 0 
7, 9944749,309.00, 100.00, 0.00, 2.56, 0, 0 
8, 10026744,309.00, 100.00, 0.00, 2.56, 0, 0 
9, 10010958,309.00, 100.00, 0.00, 2.56, 0, 0 
0, 9957918,309.00, 100.00, 0.00, 2.56, 0, 0 
1, 10001029,309.00, 100.00, 0.00, 2.56, 0, 0 
2, 9983823,309.00, 100.00, 0.00, 2.56, 0, 0 
3, 9991474,309.00, 100.00, 0.00, 2.56, 0, 0 
4, 9970215,309.00, 100.00, 0.00, 2.56, 0, 0 
5, 9987628,309.00, 100.00, 0.00, 2.56, 0, 0 
6, 10006860,309.00, 100.00, 0.00, 2.56, 0, 0 
7, 10063578,309.00, 100.00, 0.00, 2.56, 0, 0 
8, 9988770,309.00, 100.00, 0.00, 2.56, 0, 0 
9, 10007350,309.00, 100.00, 0.00, 2.56, 0, 0 
0, 10050102,309.00, 100.00, 0.00, 2.56, 0, 0 
1, 10092554,309.00, 100.00, 0.00, 2.56, 0, 0 
2, 9970212,309.00, 100.00, 0.00, 2.56, 0, 0 
3, 9984707,309.00, 100.00, 0.00, 2.56, 0, 0 
4, 10030439,309.00, 100.00, 0.00, 2.56, 0, 0 
5, 9987369,309.00, 100.00, 0.00, 2.56, 0, 0 
6, 9963699,309.00, 100.00, 0.00, 2.56, 0, 0 
7, 10012148,309.00, 100.00, 0.00, 2.56, 0, 0 
8, 9945103,309.00, 100.00, 0.00, 2.56, 0, 0 
9, 10015568,309.00, 100.00, 0.00, 2.56, 0, 0 
0, 9992558,309.00, 100.00, 0.00, 2.56, 0, 0 
1, 11900270,311.00, 100.00, 0.00, 2.56, 0, 0 
2, 12111449,311.00, 100.00, 0.00, 2.56, 0, 0 
3, 12111042,311.00, 100.00, 0.00, 2.56, 0, 0 
4, 12025651,311.00, 100.00, 0.00, 2.56, 0, 0 
5, 12009548,311.00, 100.00, 0.00, 2.56, 0, 0 
6, 12054115,311.00, 100.00, 0.00, 2.56, 0, 0 
7, 11959004,311.00, 100.00, 0.00, 2.56, 0, 0 
8, 12051105,311.00, 100.00, 0.00, 2.56, 0, 0 
9, 11953959,311.00, 100.00, 0.00, 2.56, 0, 0 
0, 11978030,311.00, 100.00, 0.00, 2.56, 0, 0 
1, 10009429,311.00, 100.00, 0.00, 2.56, 0, 0 
2, 9920770,311.00, 100.00, 0.00, 2.56, 0, 0 
3, 9934014,311.00, 100.00, 0.00, 2.56, 0, 0 
4, 9966026,311.00, 100.00, 0.00, 2.56, 0, 0 
5, 9950395,311.00, 100.00, 0.00, 2.56, 0, 0 
6, 10073314,311.00, 100.00, 0.00, 2.56, 0, 0 
7, 10066477,311.00, 100.00, 0.00, 2.56, 0, 0 
8, 9938338,311.00, 100.00, 0.00, 2.56, 0, 0 
9, 9928529,311.00, 100.00, 0.00, 2.56, 0, 0 
0, 10057360,311.00, 100.00, 0.00, 2.56, 0, 0 
1, 9956229,311.00, 100.00, 0.00, 2.56, 0, 0 
2, 9965383,311.00, 100.00, 0.00, 2.56, 0, 0 
3, 10039156,311.00, 100.00, 0.00, 2.56, 0, 0 
4, 10209583,311.00, 100.00, 0.00, 2.56, 0, 0 
5, 10092677,311.00, 100.00, 0.00, 2.56, 0, 0 
6, 9865432,311.00, 100.00, 0.00, 2.56, 0, 0 
7, 10061119,311.00, 100.00, 0.00, 2.56, 0, 0 
8, 10085535,311.00, 100.00, 0.00, 2.56, 0, 0 
9, 10104785,311.00, 100.00, 0.00, 2.56, 0, 0 
0, 9992046,311.00, 100.00, 0.00, 2.56, 0, 0 
1, 10014225,311.00, 100.00, 0.00, 2.56, 0, 0 
2, 10059797,311.00, 100.00, 0.00, 2.56, 0, 0 
3, 9975441,311.00, 100.00, 0.00, 2.56, 0, 0 
4, 9815985,311.00, 100.00, 0.00, 2.56, 0, 0 
5, 10021673,311.00, 100.00, 0.00, 2.56, 0, 0 
6, 10067655,311.00, 100.00, 0.00, 2.56, 0, 0 
7, 9855880,311.00, 100.00, 0.00, 2.56, 0, 0 
8, 9931072,311.00, 100.00, 0.00, 2.56, 0, 0 
9, 10178591,311.00, 100.00, 0.00, 2.56, 0, 0 
0, 9908842,311.00, 100.00, 0.00, 2.56, 0, 0 
1, 9988954,311.00, 100.00, 0.00, 2.56, 0, 0 
2, 9882793,311.00, 100.00, 0.00, 2.56, 0, 0 
3, 10004516,311.00, 100.00, 0.00, 2.56, 0, 0 
4, 10005183,311.00, 100.00, 0.00, 2.56, 0, 0 
5, 9964738,311.00, 100.00, 0.00, 2.56, 0, 0 
6, 9946300,311.00, 100.00, 0.00, 2.56, 0, 0 
7, 10105992,311.00, 100.00, 0.00, 2.56, 0, 0 
8, 10040178,311.00, 100.00, 0.00, 2.56, 0, 0 
9, 9750890,311.00, 100.00, 0.00, 2.56, 0, 0 
