Tue Nov 27 18:14:12 2018
StepTime, x, v, f, xdes, vdes, fdes, cmd, IR, LSB, LSF
0, 288298957,0.00, 100.00, 0.00, 2.25, 0, 0 
1, 290160433,0.00, 100.00, 0.00, 2.25, 0, 0 
2, 291847911,0.00, 100.00, 0.00, 2.25, 0, 0 
3, 293332613,0.00, 100.00, 0.00, 2.25, 0, 0 
4, 294808006,0.00, 100.00, 0.00, 2.25, 0, 0 
5, 296121049,0.00, 100.00, 0.00, 2.25, 0, 0 
6, 301119630,0.00, 100.00, 0.00, 2.25, 0, 0 
7, 501418506,0.00, 100.00, 0.00, 2.25, 0, 0 
8, 848350929,0.00, 100.00, 0.00, 2.25, 0, 0 
9, 14468163,0.00, 100.00, 0.00, 2.25, 0, 0 
0, 727945333,0.00, 100.00, 0.00, 2.25, 0, 0 
1, 729028788,0.00, 100.00, 0.00, 2.25, 0, 0 
2, 745596222,0.00, 100.00, 0.00, 2.25, 0, 0 
3, 754717585,0.00, 100.00, 0.00, 2.25, 0, 0 
4, 138835780,0.00, 100.00, 0.00, 2.25, 0, 0 
5, 375928805,0.00, 100.00, 0.00, 2.25, 0, 0 
6, 373213173,0.00, 100.00, 0.00, 2.25, 0, 0 
7, 175883817,0.00, 100.00, 0.00, 2.25, 0, 0 
8, 832658876,0.00, 100.00, 0.00, 2.25, 0, 0 
9, 669501140,0.00, 100.00, 0.00, 2.25, 0, 0 
0, 668895407,0.00, 100.00, 0.00, 2.25, 0, 0 
1, 667707155,0.00, 100.00, 0.00, 2.25, 0, 0 
2, 653850733,0.00, 100.00, 0.00, 2.25, 0, 0 
3, 646902198,0.00, 100.00, 0.00, 2.25, 0, 0 
4, 262780083,0.00, 100.00, 0.00, 2.25, 0, 0 
5, 26170667,0.00, 100.00, 0.00, 2.25, 0, 0 
6, 25558427,0.00, 100.00, 0.00, 2.25, 0, 0 
7, 42972781,0.00, 100.00, 0.00, 2.25, 0, 0 
8, 46273031,0.00, 100.00, 0.00, 2.25, 0, 0 
9, 51351480,0.00, 100.00, 0.00, 2.25, 0, 0 
0, 57170106,0.00, 100.00, 0.00, 2.25, 0, 0 
1, 62343799,0.00, 100.00, 0.00, 2.25, 0, 0 
2, 68037539,0.00, 100.00, 0.00, 2.25, 0, 0 
3, 68260965,0.00, 100.00, 0.00, 2.25, 0, 0 
4, 71798426,0.00, 100.00, 0.00, 2.25, 0, 0 
5, 82029762,0.00, 100.00, 0.00, 2.25, 0, 0 
6, 89352187,0.00, 100.00, 0.00, 2.25, 0, 0 
7, 69905502,0.00, 100.00, 0.00, 2.25, 0, 0 
8, 64040383,0.00, 100.00, 0.00, 2.25, 0, 0 
9, 57176626,0.00, 100.00, 0.00, 2.25, 0, 0 
0, 64978629,0.00, 100.00, 0.00, 2.25, 0, 0 
1, 65014646,0.00, 100.00, 0.00, 2.25, 0, 0 
2, 56867200,0.00, 100.00, 0.00, 2.25, 0, 0 
3, 64100979,0.00, 100.00, 0.00, 2.25, 0, 0 
4, 65744382,0.00, 100.00, 0.00, 2.25, 0, 0 
5, 54580149,0.00, 100.00, 0.00, 2.25, 0, 0 
6, 55062785,0.00, 100.00, 0.00, 2.25, 0, 0 
7, 55263684,0.00, 100.00, 0.00, 2.25, 0, 0 
8, 64999155,0.00, 100.00, 0.00, 2.25, 0, 0 
9, 70462945,0.00, 100.00, 0.00, 2.25, 0, 0 
0, 61021918,0.00, 100.00, 0.00, 2.25, 0, 0 
1, 55965760,0.00, 100.00, 0.00, 2.25, 0, 0 
2, 57012243,0.00, 100.00, 0.00, 2.25, 0, 0 
3, 62938323,0.00, 100.00, 0.00, 2.25, 0, 0 
4, 59363595,0.00, 100.00, 0.00, 2.25, 0, 0 
5, 60141505,0.00, 100.00, 0.00, 2.25, 0, 0 
6, 51886951,0.00, 100.00, 0.00, 2.25, 0, 0 
7, 52464106,0.00, 100.00, 0.00, 2.25, 0, 0 
8, 43065127,0.00, 100.00, 0.00, 2.25, 0, 0 
9, 53309493,0.00, 100.00, 0.00, 2.25, 0, 0 
0, 55997505,0.00, 100.00, 0.00, 2.25, 0, 0 
1, 61067531,0.00, 100.00, 0.00, 2.25, 0, 0 
2, 65045825,0.00, 100.00, 0.00, 2.25, 0, 0 
3, 54694283,0.00, 100.00, 0.00, 2.25, 0, 0 
4, 61968656,0.00, 100.00, 0.00, 2.25, 0, 0 
5, 66968067,0.00, 100.00, 0.00, 2.25, 0, 0 
6, 67205265,0.00, 100.00, 0.00, 2.25, 0, 0 
7, 79356486,0.00, 100.00, 0.00, 2.25, 0, 0 
8, 84895080,0.00, 100.00, 0.00, 2.25, 0, 0 
9, 74984095,0.00, 100.00, 0.00, 2.25, 0, 0 
0, 74869934,0.00, 100.00, 0.00, 2.25, 0, 0 
1, 70948182,0.00, 100.00, 0.00, 2.25, 0, 0 
2, 80010554,0.00, 100.00, 0.00, 2.25, 0, 0 
3, 78336084,0.00, 100.00, 0.00, 2.25, 0, 0 
4, 75924635,0.00, 100.00, 0.00, 2.25, 0, 0 
5, 71322621,0.00, 100.00, 0.00, 2.25, 0, 0 
6, 71915144,0.00, 100.00, 0.00, 2.25, 0, 0 
7, 59962023,0.00, 100.00, 0.00, 2.25, 0, 0 
8, 56690973,0.00, 100.00, 0.00, 2.25, 0, 0 
9, 51716693,0.00, 100.00, 0.00, 2.25, 0, 0 
0, 46147045,0.00, 100.00, 0.00, 2.25, 0, 0 
1, 44542648,0.00, 100.00, 0.00, 2.25, 0, 0 
2, 30934146,0.00, 100.00, 0.00, 2.25, 0, 0 
3, 27768426,0.00, 100.00, 0.00, 2.25, 0, 0 
4, 21031473,0.00, 100.00, 0.00, 2.25, 0, 0 
5, 20749363,0.00, 100.00, 0.00, 2.25, 0, 0 
6, 19945990,0.00, 100.00, 0.00, 2.25, 0, 0 
7, 19695020,0.00, 100.00, 0.00, 2.25, 0, 0 
8, 17439309,0.00, 100.00, 0.00, 2.25, 0, 0 
9, 29359334,0.00, 100.00, 0.00, 2.25, 0, 0 
0, 28661195,0.00, 100.00, 0.00, 2.25, 0, 0 
1, 28371429,0.00, 100.00, 0.00, 2.25, 0, 0 
2, 27751665,0.00, 100.00, 0.00, 2.25, 0, 0 
3, 27147985,0.00, 100.00, 0.00, 2.25, 0, 0 
4, 27983634,0.00, 100.00, 0.00, 2.25, 0, 0 
5, 31219070,0.00, 100.00, 0.00, 2.25, 0, 0 
6, 33696273,0.00, 100.00, 0.00, 2.25, 0, 0 
7, 34029780,0.00, 100.00, 0.00, 2.25, 0, 0 
8, 34897571,0.00, 100.00, 0.00, 2.25, 0, 0 
9, 22181747,0.00, 100.00, 0.00, 2.25, 0, 0 
0, 21698084,0.00, 100.00, 0.00, 2.25, 0, 0 
1, 25099237,0.00, 100.00, 0.00, 2.25, 0, 0 
2, 24948157,0.00, 100.00, 0.00, 2.25, 0, 0 
3, 25175589,0.00, 100.00, 0.00, 2.25, 0, 0 
4, 35049760,0.00, 100.00, 0.00, 2.25, 0, 0 
5, 36717282,0.00, 100.00, 0.00, 2.25, 0, 0 
6, 38314481,0.00, 100.00, 0.00, 2.25, 0, 0 
7, 43274142,0.00, 100.00, 0.00, 2.25, 0, 0 
8, 47619366,0.00, 100.00, 0.00, 2.25, 0, 0 
9, 47884753,0.00, 100.00, 0.00, 2.25, 0, 0 
0, 48519293,0.00, 100.00, 0.00, 2.25, 0, 0 
1, 62988913,0.00, 100.00, 0.00, 2.25, 0, 0 
2, 66504228,0.00, 100.00, 0.00, 2.25, 0, 0 
3, 66795595,0.00, 100.00, 0.00, 2.25, 0, 0 
4, 57865053,0.00, 100.00, 0.00, 2.25, 0, 0 
5, 53214244,0.00, 100.00, 0.00, 2.25, 0, 0 
6, 50034110,0.00, 100.00, 0.00, 2.25, 0, 0 
7, 45937495,0.00, 100.00, 0.00, 2.25, 0, 0 
8, 41186494,0.00, 100.00, 0.00, 2.25, 0, 0 
9, 41965493,0.00, 100.00, 0.00, 2.25, 0, 0 
0, 41960464,0.00, 100.00, 0.00, 2.25, 0, 0 
1, 25322581,0.00, 100.00, 0.00, 2.25, 0, 0 
2, 22743579,0.00, 100.00, 0.00, 2.25, 0, 0 
3, 23948358,0.00, 100.00, 0.00, 2.25, 0, 0 
4, 23238040,0.00, 100.00, 0.00, 2.25, 0, 0 
5, 22984996,0.00, 100.00, 0.00, 2.25, 0, 0 
6, 22888699,0.00, 100.00, 0.00, 2.25, 0, 0 
7, 21998467,0.00, 100.00, 0.00, 2.25, 0, 0 
8, 22057426,0.00, 100.00, 0.00, 2.25, 0, 0 
9, 21771933,0.00, 100.00, 0.00, 2.25, 0, 0 
0, 22240395,0.00, 100.00, 0.00, 2.25, 0, 0 
1, 21834376,0.00, 100.00, 0.00, 2.25, 0, 0 
2, 25010170,0.00, 100.00, 0.00, 2.25, 0, 0 
3, 28037222,0.00, 100.00, 0.00, 2.25, 0, 0 
4, 27776286,0.00, 100.00, 0.00, 2.25, 0, 0 
5, 28013878,0.00, 100.00, 0.00, 2.25, 0, 0 
6, 27957509,0.00, 100.00, 0.00, 2.25, 0, 0 
7, 28251119,0.00, 100.00, 0.00, 2.25, 0, 0 
8, 28239433,0.00, 100.00, 0.00, 2.25, 0, 0 
9, 28026542,0.00, 100.00, 0.00, 2.25, 0, 0 
0, 27760338,0.00, 100.00, 0.00, 2.25, 0, 0 
1, 27735933,0.00, 100.00, 0.00, 2.25, 0, 0 
2, 24006686,0.00, 100.00, 0.00, 2.25, 0, 0 
3, 20000141,0.00, 100.00, 0.00, 2.25, 0, 0 
4, 19977276,0.00, 100.00, 0.00, 2.25, 0, 0 
5, 20241392,0.00, 100.00, 0.00, 2.25, 0, 0 
6, 20014184,0.00, 100.00, 0.00, 2.25, 0, 0 
7, 19732407,0.00, 100.00, 0.00, 2.25, 0, 0 
8, 19758287,0.00, 100.00, 0.00, 2.25, 0, 0 
9, 19993687,0.00, 100.00, 0.00, 2.25, 0, 0 
0, 20013755,0.00, 100.00, 0.00, 2.25, 0, 0 
1, 19975463,0.00, 100.00, 0.00, 2.25, 0, 0 
2, 19988511,0.00, 100.00, 0.00, 2.25, 0, 0 
3, 20006677,0.00, 100.00, 0.00, 2.25, 0, 0 
4, 20018036,0.00, 100.00, 0.00, 2.25, 0, 0 
5, 19748124,0.00, 100.00, 0.00, 2.25, 0, 0 
6, 20008289,0.00, 100.00, 0.00, 2.25, 0, 0 
7, 20009222,0.00, 100.00, 0.00, 2.25, 0, 0 
8, 19984364,0.00, 100.00, 0.00, 2.25, 0, 0 
9, 20969224,0.00, 100.00, 0.00, 2.25, 0, 0 
0, 21221211,0.00, 100.00, 0.00, 2.25, 0, 0 
1, 21023943,0.00, 100.00, 0.00, 2.25, 0, 0 
2, 21003542,0.00, 100.00, 0.00, 2.25, 0, 0 
3, 20992004,0.00, 100.00, 0.00, 2.25, 0, 0 
4, 21004001,0.00, 100.00, 0.00, 2.25, 0, 0 
5, 20972239,0.00, 100.00, 0.00, 2.25, 0, 0 
6, 21226032,0.00, 100.00, 0.00, 2.25, 0, 0 
7, 21011053,0.00, 100.00, 0.00, 2.25, 0, 0 
8, 20995683,0.00, 100.00, 0.00, 2.25, 0, 0 
9, 20028261,0.00, 100.00, 0.00, 2.25, 0, 0 
0, 19751189,0.00, 100.00, 0.00, 2.25, 0, 0 
1, 20009187,0.00, 100.00, 0.00, 2.25, 0, 0 
2, 19971094,0.00, 100.00, 0.00, 2.25, 0, 0 
3, 19961428,0.00, 100.00, 0.00, 2.25, 0, 0 
4, 20229110,0.00, 100.00, 0.00, 2.25, 0, 0 
5, 20022650,0.00, 100.00, 0.00, 2.25, 0, 0 
6, 19756306,0.00, 100.00, 0.00, 2.25, 0, 0 
7, 19978320,0.00, 100.00, 0.00, 2.25, 0, 0 
8, 19995891,0.00, 100.00, 0.00, 2.25, 0, 0 
9, 19976589,0.00, 100.00, 0.00, 2.25, 0, 0 
0, 20253971,0.00, 100.00, 0.00, 2.25, 0, 0 
1, 20006586,0.00, 100.00, 0.00, 2.25, 0, 0 
2, 20029388,0.00, 100.00, 0.00, 2.25, 0, 0 
3, 20033317,0.00, 100.00, 0.00, 2.25, 0, 0 
4, 19768251,0.00, 100.00, 0.00, 2.25, 0, 0 
5, 20002884,0.00, 100.00, 0.00, 2.25, 0, 0 
6, 19967735,0.00, 100.00, 0.00, 2.25, 0, 0 
7, 20259142,0.00, 100.00, 0.00, 2.25, 0, 0 
8, 19979058,0.00, 100.00, 0.00, 2.25, 0, 0 
9, 20020184,0.00, 100.00, 0.00, 2.25, 0, 0 
0, 19763286,0.00, 100.00, 0.00, 2.25, 0, 0 
1, 19986316,0.00, 100.00, 0.00, 2.25, 0, 0 
2, 19988582,0.00, 100.00, 0.00, 2.25, 0, 0 
3, 19972639,0.00, 100.00, 0.00, 2.25, 0, 0 
4, 20231216,0.00, 100.00, 0.00, 2.25, 0, 0 
5, 20250802,0.00, 100.00, 0.00, 2.25, 0, 0 
6, 20036955,0.00, 100.00, 0.00, 2.25, 0, 0 
7, 19746474,0.00, 100.00, 0.00, 2.25, 0, 0 
8, 20026890,0.00, 100.00, 0.00, 2.25, 0, 0 
9, 20015820,0.00, 100.00, 0.00, 2.25, 0, 0 
0, 19959516,0.00, 100.00, 0.00, 2.25, 0, 0 
1, 20248824,0.00, 100.00, 0.00, 2.25, 0, 0 
2, 20248950,0.00, 100.00, 0.00, 2.25, 0, 0 
3, 20031922,0.00, 100.00, 0.00, 2.25, 0, 0 
4, 19756599,0.00, 100.00, 0.00, 2.25, 0, 0 
5, 19754911,0.00, 100.00, 0.00, 2.25, 0, 0 
6, 19993002,0.00, 100.00, 0.00, 2.25, 0, 0 
7, 19992569,0.00, 100.00, 0.00, 2.25, 0, 0 
8, 19968388,0.00, 100.00, 0.00, 2.25, 0, 0 
9, 20228945,0.00, 100.00, 0.00, 2.25, 0, 0 
0, 20267442,0.00, 100.00, 0.00, 2.25, 0, 0 
1, 19758599,0.00, 100.00, 0.00, 2.25, 0, 0 
2, 19751195,0.00, 100.00, 0.00, 2.25, 0, 0 
3, 19985028,0.00, 100.00, 0.00, 2.25, 0, 0 
4, 19965197,0.00, 100.00, 0.00, 2.25, 0, 0 
5, 20240386,0.00, 100.00, 0.00, 2.25, 0, 0 
6, 20244121,0.00, 100.00, 0.00, 2.25, 0, 0 
7, 20007834,0.00, 100.00, 0.00, 2.25, 0, 0 
8, 20025556,0.00, 100.00, 0.00, 2.25, 0, 0 
9, 19750932,0.00, 100.00, 0.00, 2.25, 0, 0 
0, 19745874,0.00, 100.00, 0.00, 2.25, 0, 0 
1, 19987840,0.00, 100.00, 0.00, 2.25, 0, 0 
2, 20243064,0.00, 100.00, 0.00, 2.25, 0, 0 
3, 20248009,0.00, 100.00, 0.00, 2.25, 0, 0 
4, 20268479,0.00, 100.00, 0.00, 2.25, 0, 0 
5, 19745907,0.00, 100.00, 0.00, 2.25, 0, 0 
6, 19738792,0.00, 100.00, 0.00, 2.25, 0, 0 
7, 19997764,0.00, 100.00, 0.00, 2.25, 0, 0 
8, 19976707,0.00, 100.00, 0.00, 2.25, 0, 0 
9, 19978125,0.00, 100.00, 0.00, 2.25, 0, 0 
0, 20253728,0.00, 100.00, 0.00, 2.25, 0, 0 
1, 20010871,0.00, 100.00, 0.00, 2.25, 0, 0 
2, 19760895,0.00, 100.00, 0.00, 2.25, 0, 0 
3, 19764798,0.00, 100.00, 0.00, 2.25, 0, 0 
4, 19739530,0.00, 100.00, 0.00, 2.25, 0, 0 
5, 20280792,0.00, 100.00, 0.00, 2.25, 0, 0 
6, 20229695,0.00, 100.00, 0.00, 2.25, 0, 0 
7, 19955325,0.00, 100.00, 0.00, 2.25, 0, 0 
8, 20023636,0.00, 100.00, 0.00, 2.25, 0, 0 
9, 20014420,0.00, 100.00, 0.00, 2.25, 0, 0 
0, 19741654,0.00, 100.00, 0.00, 2.25, 0, 0 
1, 19987806,0.00, 100.00, 0.00, 2.25, 0, 0 
2, 19960044,0.00, 100.00, 0.00, 2.25, 0, 0 
3, 20239125,0.00, 100.00, 0.00, 2.25, 0, 0 
4, 20245642,0.00, 100.00, 0.00, 2.25, 0, 0 
5, 19705917,0.00, 100.00, 0.00, 2.25, 0, 0 
6, 19785658,0.00, 100.00, 0.00, 2.25, 0, 0 
7, 20041610,0.00, 100.00, 0.00, 2.25, 0, 0 
8, 19971243,0.00, 100.00, 0.00, 2.25, 0, 0 
9, 19986479,0.00, 100.00, 0.00, 2.25, 0, 0 
0, 20021840,0.00, 100.00, 0.00, 2.25, 0, 0 
1, 20008175,0.00, 100.00, 0.00, 2.25, 0, 0 
2, 20035515,0.00, 100.00, 0.00, 2.25, 0, 0 
3, 19761629,0.00, 100.00, 0.00, 2.25, 0, 0 
4, 19766042,0.00, 100.00, 0.00, 2.25, 0, 0 
5, 20006282,0.00, 100.00, 0.00, 2.25, 0, 0 
6, 19967589,0.00, 100.00, 0.00, 2.25, 0, 0 
7, 19995890,0.00, 100.00, 0.00, 2.25, 0, 0 
8, 20276327,0.00, 100.00, 0.00, 2.25, 0, 0 
9, 20033689,0.00, 100.00, 0.00, 2.25, 0, 0 
0, 19983027,0.00, 100.00, 0.00, 2.25, 0, 0 
1, 19987087,0.00, 100.00, 0.00, 2.25, 0, 0 
2, 19998973,0.00, 100.00, 0.00, 2.25, 0, 0 
3, 19958487,0.00, 100.00, 0.00, 2.25, 0, 0 
4, 20246966,0.00, 100.00, 0.00, 2.25, 0, 0 
5, 20017346,0.00, 100.00, 0.00, 2.25, 0, 0 
6, 20020407,0.00, 100.00, 0.00, 2.25, 0, 0 
7, 19999125,0.00, 100.00, 0.00, 2.25, 0, 0 
8, 19755834,0.00, 100.00, 0.00, 2.25, 0, 0 
9, 19985626,0.00, 100.00, 0.00, 2.25, 0, 0 
0, 19971034,0.00, 100.00, 0.00, 2.25, 0, 0 
1, 20245376,0.00, 100.00, 0.00, 2.25, 0, 0 
2, 20237150,0.00, 100.00, 0.00, 2.25, 0, 0 
3, 20030364,0.00, 100.00, 0.00, 2.25, 0, 0 
4, 19769141,0.00, 100.00, 0.00, 2.25, 0, 0 
5, 19996009,0.00, 100.00, 0.00, 2.25, 0, 0 
6, 20005657,0.00, 100.00, 0.00, 2.25, 0, 0 
7, 19980256,0.00, 100.00, 0.00, 2.25, 0, 0 
8, 19967922,0.00, 100.00, 0.00, 2.25, 0, 0 
9, 19993235,0.00, 100.00, 0.00, 2.25, 0, 0 
0, 20018564,0.00, 100.00, 0.00, 2.25, 0, 0 
1, 19756984,0.00, 100.00, 0.00, 2.25, 0, 0 
2, 19752178,0.00, 100.00, 0.00, 2.25, 0, 0 
3, 19991036,0.00, 100.00, 0.00, 2.25, 0, 0 
4, 19977956,0.00, 100.00, 0.00, 2.25, 0, 0 
5, 20237678,0.00, 100.00, 0.00, 2.25, 0, 0 
6, 20231394,0.00, 100.00, 0.00, 2.25, 0, 0 
7, 20018892,0.00, 100.00, 0.00, 2.25, 0, 0 
8, 20024490,0.00, 100.00, 0.00, 2.25, 0, 0 
9, 20015451,0.00, 100.00, 0.00, 2.25, 0, 0 
0, 19983463,0.00, 100.00, 0.00, 2.25, 0, 0 
1, 20247175,0.00, 100.00, 0.00, 2.25, 0, 0 
2, 20247496,0.00, 100.00, 0.00, 2.25, 0, 0 
3, 20003125,0.00, 100.00, 0.00, 2.25, 0, 0 
4, 20005221,0.00, 100.00, 0.00, 2.25, 0, 0 
5, 19756792,0.00, 100.00, 0.00, 2.25, 0, 0 
6, 19753971,0.00, 100.00, 0.00, 2.25, 0, 0 
7, 19965309,0.00, 100.00, 0.00, 2.25, 0, 0 
8, 20233973,0.00, 100.00, 0.00, 2.25, 0, 0 
9, 20242232,0.00, 100.00, 0.00, 2.25, 0, 0 
0, 20023769,0.00, 100.00, 0.00, 2.25, 0, 0 
1, 19758395,0.00, 100.00, 0.00, 2.25, 0, 0 
2, 19752964,0.00, 100.00, 0.00, 2.25, 0, 0 
3, 20004945,0.00, 100.00, 0.00, 2.25, 0, 0 
4, 20010682,0.00, 100.00, 0.00, 2.25, 0, 0 
5, 19992719,0.00, 100.00, 0.00, 2.25, 0, 0 
6, 19980378,0.00, 100.00, 0.00, 2.25, 0, 0 
7, 20274337,0.00, 100.00, 0.00, 2.25, 0, 0 
8, 20008016,0.00, 100.00, 0.00, 2.25, 0, 0 
9, 19740072,0.00, 100.00, 0.00, 2.25, 0, 0 
0, 20009765,0.00, 100.00, 0.00, 2.25, 0, 0 
1, 19990865,0.00, 100.00, 0.00, 2.25, 0, 0 
2, 20006492,0.00, 100.00, 0.00, 2.25, 0, 0 
3, 19979491,0.00, 100.00, 0.00, 2.25, 0, 0 
4, 20240418,0.00, 100.00, 0.00, 2.25, 0, 0 
5, 20234441,0.00, 100.00, 0.00, 2.25, 0, 0 
6, 20018497,0.00, 100.00, 0.00, 2.25, 0, 0 
7, 19760349,0.00, 100.00, 0.00, 2.25, 0, 0 
8, 19748162,0.00, 100.00, 0.00, 2.25, 0, 0 
9, 20002693,0.00, 100.00, 0.00, 2.25, 0, 0 
0, 19952003,0.00, 100.00, 0.00, 2.25, 0, 0 
1, 19967370,0.00, 100.00, 0.00, 2.25, 0, 0 
2, 20236927,0.00, 100.00, 0.00, 2.25, 0, 0 
3, 20004190,0.00, 100.00, 0.00, 2.25, 0, 0 
4, 19752838,0.00, 100.00, 0.00, 2.25, 0, 0 
5, 19752121,0.00, 100.00, 0.00, 2.25, 0, 0 
6, 19994990,0.00, 100.00, 0.00, 2.25, 0, 0 
7, 19913830,0.00, 100.00, 0.00, 2.25, 0, 0 
8, 20269596,0.00, 100.00, 0.00, 2.25, 0, 0 
9, 21239336,0.00, 100.00, 0.00, 2.25, 0, 0 
0, 21026734,0.00, 100.00, 0.00, 2.25, 0, 0 
1, 21063973,0.00, 100.00, 0.00, 2.25, 0, 0 
2, 20754151,0.00, 100.00, 0.00, 2.25, 0, 0 
3, 21051074,0.00, 100.00, 0.00, 2.25, 0, 0 
4, 20973943,0.00, 100.00, 0.00, 2.25, 0, 0 
5, 21254565,0.00, 100.00, 0.00, 2.25, 0, 0 
6, 21003746,0.00, 100.00, 0.00, 2.25, 0, 0 
7, 21121890,0.00, 100.00, 0.00, 2.25, 0, 0 
8, 20804700,0.00, 100.00, 0.00, 2.25, 0, 0 
9, 19760724,0.00, 100.00, 0.00, 2.25, 0, 0 
0, 19987431,0.00, 100.00, 0.00, 2.25, 0, 0 
1, 20011928,0.00, 100.00, 0.00, 2.25, 0, 0 
2, 22028286,0.00, 100.00, 0.00, 2.25, 0, 0 
3, 21952225,0.00, 100.00, 0.00, 2.25, 0, 0 
4, 22014885,0.00, 100.00, 0.00, 2.25, 0, 0 
5, 22018833,0.00, 100.00, 0.00, 2.25, 0, 0 
6, 22019074,0.00, 100.00, 0.00, 2.25, 0, 0 
7, 22201602,0.00, 100.00, 0.00, 2.25, 0, 0 
8, 22175965,0.00, 100.00, 0.00, 2.25, 0, 0 
9, 21989909,0.00, 100.00, 0.00, 2.25, 0, 0 
0, 22039226,0.00, 100.00, 0.00, 2.25, 0, 0 
1, 21948729,0.00, 100.00, 0.00, 2.25, 0, 0 
2, 19995729,0.00, 100.00, 0.00, 2.25, 0, 0 
3, 19986429,0.00, 100.00, 0.00, 2.25, 0, 0 
4, 20267503,0.00, 100.00, 0.00, 2.25, 0, 0 
5, 19746642,0.00, 100.00, 0.00, 2.25, 0, 0 
6, 20002770,0.00, 100.00, 0.00, 2.25, 0, 0 
7, 19757598,0.00, 100.00, 0.00, 2.25, 0, 0 
8, 19801908,0.00, 100.00, 0.00, 2.25, 0, 0 
9, 20018727,0.00, 100.00, 0.00, 2.25, 0, 0 
0, 19987746,0.00, 100.00, 0.00, 2.25, 0, 0 
1, 20249156,0.00, 100.00, 0.00, 2.25, 0, 0 
2, 19996814,0.00, 100.00, 0.00, 2.25, 0, 0 
3, 20026917,0.00, 100.00, 0.00, 2.25, 0, 0 
4, 19746898,0.00, 100.00, 0.00, 2.25, 0, 0 
5, 19998349,0.00, 100.00, 0.00, 2.25, 0, 0 
6, 19993792,0.00, 100.00, 0.00, 2.25, 0, 0 
7, 19969922,0.00, 100.00, 0.00, 2.25, 0, 0 
8, 20192302,0.00, 100.00, 0.00, 2.25, 0, 0 
9, 19998859,0.00, 100.00, 0.00, 2.25, 0, 0 
0, 20000840,0.00, 100.00, 0.00, 2.25, 0, 0 
1, 19742155,0.00, 100.00, 0.00, 2.25, 0, 0 
2, 20001729,0.00, 100.00, 0.00, 2.25, 0, 0 
3, 19981887,0.00, 100.00, 0.00, 2.25, 0, 0 
4, 19989228,0.00, 100.00, 0.00, 2.25, 0, 0 
5, 20229806,0.00, 100.00, 0.00, 2.25, 0, 0 
6, 20227300,0.00, 100.00, 0.00, 2.25, 0, 0 
7, 20018702,0.00, 100.00, 0.00, 2.25, 0, 0 
8, 19762412,0.00, 100.00, 0.00, 2.25, 0, 0 
9, 19989885,0.00, 100.00, 0.00, 2.25, 0, 0 
0, 20016458,0.00, 100.00, 0.00, 2.25, 0, 0 
1, 19975392,0.00, 100.00, 0.00, 2.25, 0, 0 
2, 20000609,0.00, 100.00, 0.00, 2.25, 0, 0 
3, 20012188,0.00, 100.00, 0.00, 2.25, 0, 0 
4, 20011533,0.00, 100.00, 0.00, 2.25, 0, 0 
5, 19760729,0.00, 100.00, 0.00, 2.25, 0, 0 
6, 19774084,0.00, 100.00, 0.00, 2.25, 0, 0 
7, 19974922,0.00, 100.00, 0.00, 2.25, 0, 0 
8, 20228562,0.00, 100.00, 0.00, 2.25, 0, 0 
9, 20249693,0.00, 100.00, 0.00, 2.25, 0, 0 
0, 19985957,0.00, 100.00, 0.00, 2.25, 0, 0 
1, 20036862,0.00, 100.00, 0.00, 2.25, 0, 0 
2, 19983198,0.00, 100.00, 0.00, 2.25, 0, 0 
3, 20000859,0.00, 100.00, 0.00, 2.25, 0, 0 
4, 19995726,0.00, 100.00, 0.00, 2.25, 0, 0 
5, 19987623,0.00, 100.00, 0.00, 2.25, 0, 0 
6, 19985946,0.00, 100.00, 0.00, 2.25, 0, 0 
7, 20033644,0.00, 100.00, 0.00, 2.25, 0, 0 
8, 19774564,0.00, 100.00, 0.00, 2.25, 0, 0 
9, 19755282,0.00, 100.00, 0.00, 2.25, 0, 0 
0, 20005760,0.00, 100.00, 0.00, 2.25, 0, 0 
1, 19995797,0.00, 100.00, 0.00, 2.25, 0, 0 
2, 19988502,0.00, 100.00, 0.00, 2.25, 0, 0 
3, 20249315,0.00, 100.00, 0.00, 2.25, 0, 0 
4, 20018248,0.00, 100.00, 0.00, 2.25, 0, 0 
5, 20019361,0.00, 100.00, 0.00, 2.25, 0, 0 
6, 20019764,0.00, 100.00, 0.00, 2.25, 0, 0 
7, 20000227,0.00, 100.00, 0.00, 2.25, 0, 0 
8, 19990012,0.00, 100.00, 0.00, 2.25, 0, 0 
9, 19965058,0.00, 100.00, 0.00, 2.25, 0, 0 
0, 19967437,0.00, 100.00, 0.00, 2.25, 0, 0 
1, 20004976,0.00, 100.00, 0.00, 2.25, 0, 0 
2, 20010342,0.00, 100.00, 0.00, 2.25, 0, 0 
3, 19746848,0.00, 100.00, 0.00, 2.25, 0, 0 
4, 19983027,0.00, 100.00, 0.00, 2.25, 0, 0 
5, 19970449,0.00, 100.00, 0.00, 2.25, 0, 0 
6, 20011732,0.00, 100.00, 0.00, 2.25, 0, 0 
7, 20002976,0.00, 100.00, 0.00, 2.25, 0, 0 
8, 20004913,0.00, 100.00, 0.00, 2.25, 0, 0 
9, 20026426,0.00, 100.00, 0.00, 2.25, 0, 0 
0, 19990523,0.00, 100.00, 0.00, 2.25, 0, 0 
1, 19965733,0.00, 100.00, 0.00, 2.25, 0, 0 
2, 20278260,0.00, 100.00, 0.00, 2.25, 0, 0 
3, 19988376,0.00, 100.00, 0.00, 2.25, 0, 0 
4, 20238545,0.00, 100.00, 0.00, 2.25, 0, 0 
5, 20011981,0.00, 100.00, 0.00, 2.25, 0, 0 
6, 20039850,0.00, 100.00, 0.00, 2.25, 0, 0 
7, 19990182,0.00, 100.00, 0.00, 2.25, 0, 0 
8, 20034713,0.00, 100.00, 0.00, 2.25, 0, 0 
9, 19963038,0.00, 100.00, 0.00, 2.25, 0, 0 
0, 20023339,0.00, 100.00, 0.00, 2.25, 0, 0 
1, 20019607,0.00, 100.00, 0.00, 2.25, 0, 0 
2, 19715455,0.00, 100.00, 0.00, 2.25, 0, 0 
3, 20010261,0.00, 100.00, 0.00, 2.25, 0, 0 
4, 19786993,0.00, 100.00, 0.00, 2.25, 0, 0 
5, 20017014,0.00, 100.00, 0.00, 2.25, 0, 0 
6, 19927921,0.00, 100.00, 0.00, 2.25, 0, 0 
7, 20242886,0.00, 100.00, 0.00, 2.25, 0, 0 
8, 20187632,0.00, 100.00, 0.00, 2.25, 0, 0 
9, 20026786,0.00, 100.00, 0.00, 2.25, 0, 0 
0, 20014219,0.00, 100.00, 0.00, 2.25, 0, 0 
1, 20007908,0.00, 100.00, 0.00, 2.25, 0, 0 
2, 19998135,0.00, 100.00, 0.00, 2.25, 0, 0 
3, 19983233,0.00, 100.00, 0.00, 2.25, 0, 0 
4, 19964252,0.00, 100.00, 0.00, 2.25, 0, 0 
5, 19970004,0.00, 100.00, 0.00, 2.25, 0, 0 
6, 20231415,0.00, 100.00, 0.00, 2.25, 0, 0 
7, 19994592,0.00, 100.00, 0.00, 2.25, 0, 0 
8, 19780728,0.00, 100.00, 0.00, 2.25, 0, 0 
9, 20005292,0.00, 100.00, 0.00, 2.25, 0, 0 
0, 23813469,0.00, 100.00, 0.00, 2.25, 0, 0 
1, 24152275,0.00, 100.00, 0.00, 2.25, 0, 0 
2, 28111852,0.00, 100.00, 0.00, 2.25, 0, 0 
3, 27823599,0.00, 100.00, 0.00, 2.25, 0, 0 
4, 27804067,0.00, 100.00, 0.00, 2.25, 0, 0 
5, 28165858,0.00, 100.00, 0.00, 2.25, 0, 0 
6, 27828201,0.00, 100.00, 0.00, 2.25, 0, 0 
7, 27828035,0.00, 100.00, 0.00, 2.25, 0, 0 
8, 30099782,0.00, 100.00, 0.00, 2.25, 0, 0 
9, 34114741,0.00, 100.00, 0.00, 2.25, 0, 0 
0, 34924502,0.00, 100.00, 0.00, 2.25, 0, 0 
1, 34075194,0.00, 100.00, 0.00, 2.25, 0, 0 
2, 29919836,0.00, 100.00, 0.00, 2.25, 0, 0 
3, 30236009,0.00, 100.00, 0.00, 2.25, 0, 0 
4, 29465335,0.00, 100.00, 0.00, 2.25, 0, 0 
5, 46953940,0.00, 100.00, 0.00, 2.25, 0, 0 
6, 62043207,0.00, 100.00, 0.00, 2.25, 0, 0 
7, 66722953,0.00, 100.00, 0.00, 2.25, 0, 0 
8, 72979806,0.00, 100.00, 0.00, 2.25, 0, 0 
9, 73685871,0.00, 100.00, 0.00, 2.25, 0, 0 
0, 72347342,0.00, 100.00, 0.00, 2.25, 0, 0 
1, 77856924,0.00, 100.00, 0.00, 2.25, 0, 0 
2, 84112396,0.00, 100.00, 0.00, 2.25, 0, 0 
3, 89086993,0.00, 100.00, 0.00, 2.25, 0, 0 
4, 88976400,0.00, 100.00, 0.00, 2.25, 0, 0 
5, 76990503,0.00, 100.00, 0.00, 2.25, 0, 0 
6, 64837322,0.00, 100.00, 0.00, 2.25, 0, 0 
7, 60300872,0.00, 100.00, 0.00, 2.25, 0, 0 
8, 52019866,0.00, 100.00, 0.00, 2.25, 0, 0 
9, 48410508,0.00, 100.00, 0.00, 2.25, 0, 0 
0, 201695575,0.00, 100.00, 0.00, 2.25, 0, 0 
1, 199707175,0.00, 100.00, 0.00, 2.25, 0, 0 
2, 194648023,0.00, 100.00, 0.00, 2.25, 0, 0 
3, 199649088,0.00, 100.00, 0.00, 2.25, 0, 0 
4, 220503462,0.00, 100.00, 0.00, 2.25, 0, 0 
5, 214483731,0.00, 100.00, 0.00, 2.25, 0, 0 
6, 824821244,0.00, 100.00, 0.00, 2.25, 0, 0 
7, 863668670,0.00, 100.00, 0.00, 2.25, 0, 0 
8, 868617113,0.00, 100.00, 0.00, 2.25, 0, 0 
9, 352734504,0.00, 100.00, 0.00, 2.25, 0, 0 
0, 196066467,0.00, 100.00, 0.00, 2.25, 0, 0 
1, 194262341,0.00, 100.00, 0.00, 2.25, 0, 0 
2, 193164361,0.00, 100.00, 0.00, 2.25, 0, 0 
3, 184945479,0.00, 100.00, 0.00, 2.25, 0, 0 
4, 166319329,0.00, 100.00, 0.00, 2.25, 0, 0 
5, 169163569,0.00, 100.00, 0.00, 2.25, 0, 0 
6, 555964009,0.00, 100.00, 0.00, 2.25, 0, 0 
7, 518351387,0.00, 100.00, 0.00, 2.25, 0, 0 
8, 515317680,0.00, 100.00, 0.00, 2.25, 0, 0 
9, 32128172,0.00, 100.00, 0.00, 2.25, 0, 0 
0, 32115776,0.00, 100.00, 0.00, 2.25, 0, 0 
1, 38036990,0.00, 100.00, 0.00, 2.25, 0, 0 
2, 46128960,0.00, 100.00, 0.00, 2.25, 0, 0 
3, 46325014,0.00, 100.00, 0.00, 2.25, 0, 0 
4, 47929930,0.00, 100.00, 0.00, 2.25, 0, 0 
5, 45917698,0.00, 100.00, 0.00, 2.25, 0, 0 
6, 45409959,0.00, 100.00, 0.00, 2.25, 0, 0 
7, 43539274,0.00, 100.00, 0.00, 2.25, 0, 0 
8, 52961283,0.00, 100.00, 0.00, 2.25, 0, 0 
9, 57926758,0.00, 100.00, 0.00, 2.25, 0, 0 
0, 57982793,0.00, 100.00, 0.00, 2.25, 0, 0 
1, 51580703,0.00, 100.00, 0.00, 2.25, 0, 0 
2, 51532761,0.00, 100.00, 0.00, 2.25, 0, 0 
3, 49050740,0.00, 100.00, 0.00, 2.25, 0, 0 
4, 64040892,0.00, 100.00, 0.00, 2.25, 0, 0 
5, 68384939,0.00, 100.00, 0.00, 2.25, 0, 0 
6, 73562695,0.00, 100.00, 0.00, 2.25, 0, 0 
7, 78245345,0.00, 100.00, 0.00, 2.25, 0, 0 
8, 67152222,0.00, 100.00, 0.00, 2.25, 0, 0 
9, 59927268,0.00, 100.00, 0.00, 2.25, 0, 0 
0, 59953355,0.00, 100.00, 0.00, 2.25, 0, 0 
1, 59256689,0.00, 100.00, 0.00, 2.25, 0, 0 
2, 51292429,0.00, 100.00, 0.00, 2.25, 0, 0 
3, 51819334,0.00, 100.00, 0.00, 2.25, 0, 0 
4, 33879834,0.00, 100.00, 0.00, 2.25, 0, 0 
5, 28860693,0.00, 100.00, 0.00, 2.25, 0, 0 
6, 24181693,0.00, 100.00, 0.00, 2.25, 0, 0 
7, 20029235,0.00, 100.00, 0.00, 2.25, 0, 0 
8, 19739297,0.00, 100.00, 0.00, 2.25, 0, 0 
9, 19995265,0.00, 100.00, 0.00, 2.25, 0, 0 
0, 20014771,0.00, 100.00, 0.00, 2.25, 0, 0 
1, 19969229,0.00, 100.00, 0.00, 2.25, 0, 0 
2, 19968024,0.00, 100.00, 0.00, 2.25, 0, 0 
3, 20000367,0.00, 100.00, 0.00, 2.25, 0, 0 
4, 19980571,0.00, 100.00, 0.00, 2.25, 0, 0 
5, 20012167,0.00, 100.00, 0.00, 2.25, 0, 0 
6, 20033461,0.00, 100.00, 0.00, 2.25, 0, 0 
7, 19986790,0.00, 100.00, 0.00, 2.25, 0, 0 
8, 19994601,0.00, 100.00, 0.00, 2.25, 0, 0 
9, 20238272,0.00, 100.00, 0.00, 2.25, 0, 0 
0, 19977366,0.00, 100.00, 0.00, 2.25, 0, 0 
1, 20010619,0.00, 100.00, 0.00, 2.25, 0, 0 
2, 19991655,0.00, 100.00, 0.00, 2.25, 0, 0 
3, 19952598,0.00, 100.00, 0.00, 2.25, 0, 0 
4, 20011835,0.00, 100.00, 0.00, 2.25, 0, 0 
5, 19976465,0.00, 100.00, 0.00, 2.25, 0, 0 
6, 20248116,0.00, 100.00, 0.00, 2.25, 0, 0 
7, 20024207,0.00, 100.00, 0.00, 2.25, 0, 0 
8, 20010947,0.00, 100.00, 0.00, 2.25, 0, 0 
9, 19748149,0.00, 100.00, 0.00, 2.25, 0, 0 
0, 20005827,0.00, 100.00, 0.00, 2.25, 0, 0 
1, 20002228,0.00, 100.00, 0.00, 2.25, 0, 0 
2, 20006234,0.00, 100.00, 0.00, 2.25, 0, 0 
3, 20279336,0.00, 100.00, 0.00, 2.25, 0, 0 
4, 20238901,0.00, 100.00, 0.00, 2.25, 0, 0 
5, 20015125,0.00, 100.00, 0.00, 2.25, 0, 0 
6, 19750001,0.00, 100.00, 0.00, 2.25, 0, 0 
7, 19974243,0.00, 100.00, 0.00, 2.25, 0, 0 
8, 19982025,0.00, 100.00, 0.00, 2.25, 0, 0 
9, 19985449,0.00, 100.00, 0.00, 2.25, 0, 0 
0, 20003921,0.00, 100.00, 0.00, 2.25, 0, 0 
1, 20000327,0.00, 100.00, 0.00, 2.25, 0, 0 
2, 20044821,0.00, 100.00, 0.00, 2.25, 0, 0 
3, 19761709,0.00, 100.00, 0.00, 2.25, 0, 0 
4, 19754589,0.00, 100.00, 0.00, 2.25, 0, 0 
5, 19995511,0.00, 100.00, 0.00, 2.25, 0, 0 
6, 20253120,0.00, 100.00, 0.00, 2.25, 0, 0 
7, 20024232,0.00, 100.00, 0.00, 2.25, 0, 0 
8, 20274975,0.00, 100.00, 0.00, 2.25, 0, 0 
9, 20025443,0.00, 100.00, 0.00, 2.25, 0, 0 
0, 20005527,0.00, 100.00, 0.00, 2.25, 0, 0 
1, 20003091,0.00, 100.00, 0.00, 2.25, 0, 0 
2, 19978813,0.00, 100.00, 0.00, 2.25, 0, 0 
3, 19994704,0.00, 100.00, 0.00, 2.25, 0, 0 
4, 19971008,0.00, 100.00, 0.00, 2.25, 0, 0 
5, 20257525,0.00, 100.00, 0.00, 2.25, 0, 0 
6, 19983242,0.00, 100.00, 0.00, 2.25, 0, 0 
7, 19975256,0.00, 100.00, 0.00, 2.25, 0, 0 
8, 19743679,0.00, 100.00, 0.00, 2.25, 0, 0 
9, 20007583,0.00, 100.00, 0.00, 2.25, 0, 0 
0, 19960791,0.00, 100.00, 0.00, 2.25, 0, 0 
1, 19963949,0.00, 100.00, 0.00, 2.25, 0, 0 
2, 20010532,0.00, 100.00, 0.00, 2.25, 0, 0 
3, 19990106,0.00, 100.00, 0.00, 2.25, 0, 0 
4, 20031568,0.00, 100.00, 0.00, 2.25, 0, 0 
5, 19769105,0.00, 100.00, 0.00, 2.25, 0, 0 
6, 19739027,0.00, 100.00, 0.00, 2.25, 0, 0 
7, 19975685,0.00, 100.00, 0.00, 2.25, 0, 0 
8, 20004109,0.00, 100.00, 0.00, 2.25, 0, 0 
9, 19976007,0.00, 100.00, 0.00, 2.25, 0, 0 
0, 20011160,0.00, 100.00, 0.00, 2.25, 0, 0 
1, 20035584,0.00, 100.00, 0.00, 2.25, 0, 0 
2, 19985124,0.00, 100.00, 0.00, 2.25, 0, 0 
3, 19976218,0.00, 100.00, 0.00, 2.25, 0, 0 
4, 20199071,0.00, 100.00, 0.00, 2.25, 0, 0 
5, 20229052,0.00, 100.00, 0.00, 2.25, 0, 0 
6, 20044067,0.00, 100.00, 0.00, 2.25, 0, 0 
7, 20020641,0.00, 100.00, 0.00, 2.25, 0, 0 
8, 19980542,0.00, 100.00, 0.00, 2.25, 0, 0 
9, 20009153,0.00, 100.00, 0.00, 2.25, 0, 0 
0, 19983851,0.00, 100.00, 0.00, 2.25, 0, 0 
1, 20252315,0.00, 100.00, 0.00, 2.25, 0, 0 
2, 20257037,0.00, 100.00, 0.00, 2.25, 0, 0 
3, 20034768,0.00, 100.00, 0.00, 2.25, 0, 0 
4, 19778911,0.00, 100.00, 0.00, 2.25, 0, 0 
5, 19746757,0.00, 100.00, 0.00, 2.25, 0, 0 
6, 19933786,0.00, 100.00, 0.00, 2.25, 0, 0 
7, 20002813,0.00, 100.00, 0.00, 2.25, 0, 0 
8, 22033683,0.00, 100.00, 0.00, 2.25, 0, 0 
9, 21987932,0.00, 100.00, 0.00, 2.25, 0, 0 
0, 22047613,0.00, 100.00, 0.00, 2.25, 0, 0 
1, 21745305,0.00, 100.00, 0.00, 2.25, 0, 0 
2, 21736188,0.00, 100.00, 0.00, 2.25, 0, 0 
3, 21936395,0.00, 100.00, 0.00, 2.25, 0, 0 
4, 22015652,0.00, 100.00, 0.00, 2.25, 0, 0 
5, 22243351,0.00, 100.00, 0.00, 2.25, 0, 0 
6, 22031303,0.00, 100.00, 0.00, 2.25, 0, 0 
7, 22022921,0.00, 100.00, 0.00, 2.25, 0, 0 
8, 19984043,0.00, 100.00, 0.00, 2.25, 0, 0 
9, 20009399,0.00, 100.00, 0.00, 2.25, 0, 0 
0, 19964072,0.00, 100.00, 0.00, 2.25, 0, 0 
1, 19969724,0.00, 100.00, 0.00, 2.25, 0, 0 
2, 20022274,0.00, 100.00, 0.00, 2.25, 0, 0 
3, 20054750,0.00, 100.00, 0.00, 2.25, 0, 0 
4, 19997705,0.00, 100.00, 0.00, 2.25, 0, 0 
5, 19755407,0.00, 100.00, 0.00, 2.25, 0, 0 
6, 20013687,0.00, 100.00, 0.00, 2.25, 0, 0 
7, 19966834,0.00, 100.00, 0.00, 2.25, 0, 0 
8, 19924686,0.00, 100.00, 0.00, 2.25, 0, 0 
9, 21010482,0.00, 100.00, 0.00, 2.25, 0, 0 
0, 21011451,0.00, 100.00, 0.00, 2.25, 0, 0 
1, 21064932,0.00, 100.00, 0.00, 2.25, 0, 0 
2, 21969688,0.00, 100.00, 0.00, 2.25, 0, 0 
3, 22012158,0.00, 100.00, 0.00, 2.25, 0, 0 
4, 21991659,0.00, 100.00, 0.00, 2.25, 0, 0 
5, 21997458,0.00, 100.00, 0.00, 2.25, 0, 0 
6, 21999615,0.00, 100.00, 0.00, 2.25, 0, 0 
7, 21995005,0.00, 100.00, 0.00, 2.25, 0, 0 
8, 22033635,0.00, 100.00, 0.00, 2.25, 0, 0 
9, 20988543,0.00, 100.00, 0.00, 2.25, 0, 0 
0, 20997632,0.00, 100.00, 0.00, 2.25, 0, 0 
1, 20964787,0.00, 100.00, 0.00, 2.25, 0, 0 
2, 20010516,0.00, 100.00, 0.00, 2.25, 0, 0 
3, 19980125,0.00, 100.00, 0.00, 2.25, 0, 0 
4, 19944367,0.00, 100.00, 0.00, 2.25, 0, 0 
5, 20249152,0.00, 100.00, 0.00, 2.25, 0, 0 
6, 20241044,0.00, 100.00, 0.00, 2.25, 0, 0 
7, 20025366,0.00, 100.00, 0.00, 2.25, 0, 0 
8, 20018090,0.00, 100.00, 0.00, 2.25, 0, 0 
9, 19988380,0.00, 100.00, 0.00, 2.25, 0, 0 
0, 20001539,0.00, 100.00, 0.00, 2.25, 0, 0 
1, 19981589,0.00, 100.00, 0.00, 2.25, 0, 0 
2, 20247474,0.00, 100.00, 0.00, 2.25, 0, 0 
3, 20011584,0.00, 100.00, 0.00, 2.25, 0, 0 
4, 20063142,0.00, 100.00, 0.00, 2.25, 0, 0 
5, 19746541,0.00, 100.00, 0.00, 2.25, 0, 0 
6, 19770978,0.00, 100.00, 0.00, 2.25, 0, 0 
7, 19978792,0.00, 100.00, 0.00, 2.25, 0, 0 
8, 19973577,0.00, 100.00, 0.00, 2.25, 0, 0 
9, 20249057,0.00, 100.00, 0.00, 2.25, 0, 0 
0, 19983352,0.00, 100.00, 0.00, 2.25, 0, 0 
1, 20021313,0.00, 100.00, 0.00, 2.25, 0, 0 
2, 19772534,0.00, 100.00, 0.00, 2.25, 0, 0 
3, 19995327,0.00, 100.00, 0.00, 2.25, 0, 0 
4, 19997194,0.00, 100.00, 0.00, 2.25, 0, 0 
5, 20019496,0.00, 100.00, 0.00, 2.25, 0, 0 
6, 19955122,0.00, 100.00, 0.00, 2.25, 0, 0 
7, 19981308,0.00, 100.00, 0.00, 2.25, 0, 0 
8, 20038300,0.00, 100.00, 0.00, 2.25, 0, 0 
9, 19746690,0.00, 100.00, 0.00, 2.25, 0, 0 
0, 20028370,0.00, 100.00, 0.00, 2.25, 0, 0 
1, 19998154,0.00, 100.00, 0.00, 2.25, 0, 0 
2, 19965868,0.00, 100.00, 0.00, 2.25, 0, 0 
3, 19969482,0.00, 100.00, 0.00, 2.25, 0, 0 
4, 19993169,0.00, 100.00, 0.00, 2.25, 0, 0 
5, 20004457,0.00, 100.00, 0.00, 2.25, 0, 0 
6, 20027889,0.00, 100.00, 0.00, 2.25, 0, 0 
7, 20033832,0.00, 100.00, 0.00, 2.25, 0, 0 
8, 19989194,0.00, 100.00, 0.00, 2.25, 0, 0 
9, 19977250,0.00, 100.00, 0.00, 2.25, 0, 0 
0, 20226265,0.00, 100.00, 0.00, 2.25, 0, 0 
1, 20002600,0.00, 100.00, 0.00, 2.25, 0, 0 
2, 20029967,0.00, 100.00, 0.00, 2.25, 0, 0 
3, 20035020,0.00, 100.00, 0.00, 2.25, 0, 0 
4, 20005721,0.00, 100.00, 0.00, 2.25, 0, 0 
5, 20000613,0.00, 100.00, 0.00, 2.25, 0, 0 
6, 19976384,0.00, 100.00, 0.00, 2.25, 0, 0 
7, 20239639,0.00, 100.00, 0.00, 2.25, 0, 0 
8, 20244871,0.00, 100.00, 0.00, 2.25, 0, 0 
9, 20038958,0.00, 100.00, 0.00, 2.25, 0, 0 
0, 19760552,0.00, 100.00, 0.00, 2.25, 0, 0 
1, 20003000,0.00, 100.00, 0.00, 2.25, 0, 0 
2, 19992943,0.00, 100.00, 0.00, 2.25, 0, 0 
3, 19974522,0.00, 100.00, 0.00, 2.25, 0, 0 
4, 19980436,0.00, 100.00, 0.00, 2.25, 0, 0 
5, 19978440,0.00, 100.00, 0.00, 2.25, 0, 0 
6, 19967027,0.00, 100.00, 0.00, 2.25, 0, 0 
7, 19753741,0.00, 100.00, 0.00, 2.25, 0, 0 
8, 19721996,0.00, 100.00, 0.00, 2.25, 0, 0 
9, 20035889,0.00, 100.00, 0.00, 2.25, 0, 0 
0, 19951450,0.00, 100.00, 0.00, 2.25, 0, 0 
1, 19889362,0.00, 100.00, 0.00, 2.25, 0, 0 
2, 19972470,0.00, 100.00, 0.00, 2.25, 0, 0 
3, 20026065,0.00, 100.00, 0.00, 2.25, 0, 0 
4, 19985255,0.00, 100.00, 0.00, 2.25, 0, 0 
5, 19984959,0.00, 100.00, 0.00, 2.25, 0, 0 
6, 20012053,0.00, 100.00, 0.00, 2.25, 0, 0 
7, 19990006,0.00, 100.00, 0.00, 2.25, 0, 0 
8, 20035674,0.00, 100.00, 0.00, 2.25, 0, 0 
9, 19954532,0.00, 100.00, 0.00, 2.25, 0, 0 
0, 20035340,0.00, 100.00, 0.00, 2.25, 0, 0 
1, 20110137,0.00, 100.00, 0.00, 2.25, 0, 0 
2, 20017192,0.00, 100.00, 0.00, 2.25, 0, 0 
3, 19961691,0.00, 100.00, 0.00, 2.25, 0, 0 
4, 20238157,0.00, 100.00, 0.00, 2.25, 0, 0 
5, 20267892,0.00, 100.00, 0.00, 2.25, 0, 0 
6, 20028383,0.00, 100.00, 0.00, 2.25, 0, 0 
7, 20012300,0.00, 100.00, 0.00, 2.25, 0, 0 
8, 19996093,0.00, 100.00, 0.00, 2.25, 0, 0 
9, 19994866,0.00, 100.00, 0.00, 2.25, 0, 0 
0, 19989144,0.00, 100.00, 0.00, 2.25, 0, 0 
1, 20227761,0.00, 100.00, 0.00, 2.25, 0, 0 
2, 20235224,0.00, 100.00, 0.00, 2.25, 0, 0 
3, 20039811,0.00, 100.00, 0.00, 2.25, 0, 0 
4, 19784651,0.00, 100.00, 0.00, 2.25, 0, 0 
5, 19748340,0.00, 100.00, 0.00, 2.25, 0, 0 
6, 20017765,0.00, 100.00, 0.00, 2.25, 0, 0 
7, 19970467,0.00, 100.00, 0.00, 2.25, 0, 0 
8, 19964204,0.00, 100.00, 0.00, 2.25, 0, 0 
9, 20017433,0.00, 100.00, 0.00, 2.25, 0, 0 
0, 20010538,0.00, 100.00, 0.00, 2.25, 0, 0 
1, 19742153,0.00, 100.00, 0.00, 2.25, 0, 0 
2, 19777938,0.00, 100.00, 0.00, 2.25, 0, 0 
3, 19987650,0.00, 100.00, 0.00, 2.25, 0, 0 
4, 19975292,0.00, 100.00, 0.00, 2.25, 0, 0 
5, 20242140,0.00, 100.00, 0.00, 2.25, 0, 0 
6, 19991548,0.00, 100.00, 0.00, 2.25, 0, 0 
7, 20025209,0.00, 100.00, 0.00, 2.25, 0, 0 
8, 20050138,0.00, 100.00, 0.00, 2.25, 0, 0 
9, 19976266,0.00, 100.00, 0.00, 2.25, 0, 0 
0, 19995624,0.00, 100.00, 0.00, 2.25, 0, 0 
1, 20011765,0.00, 100.00, 0.00, 2.25, 0, 0 
2, 19954110,0.00, 100.00, 0.00, 2.25, 0, 0 
3, 20239309,0.00, 100.00, 0.00, 2.25, 0, 0 
4, 20025692,0.00, 100.00, 0.00, 2.25, 0, 0 
5, 19744440,0.00, 100.00, 0.00, 2.25, 0, 0 
6, 19994140,0.00, 100.00, 0.00, 2.25, 0, 0 
7, 20006892,0.00, 100.00, 0.00, 2.25, 0, 0 
8, 19927701,0.00, 100.00, 0.00, 2.25, 0, 0 
9, 19971684,0.00, 100.00, 0.00, 2.25, 0, 0 
0, 20012594,0.00, 100.00, 0.00, 2.25, 0, 0 
1, 19987612,0.00, 100.00, 0.00, 2.25, 0, 0 
2, 20017353,0.00, 100.00, 0.00, 2.25, 0, 0 
3, 19758699,0.00, 100.00, 0.00, 2.25, 0, 0 
4, 19985727,0.00, 100.00, 0.00, 2.25, 0, 0 
5, 19971803,0.00, 100.00, 0.00, 2.25, 0, 0 
6, 20238433,0.00, 100.00, 0.00, 2.25, 0, 0 
7, 20230275,0.00, 100.00, 0.00, 2.25, 0, 0 
8, 20259212,0.00, 100.00, 0.00, 2.25, 0, 0 
9, 20055257,0.00, 100.00, 0.00, 2.25, 0, 0 
0, 19990607,0.00, 100.00, 0.00, 2.25, 0, 0 
1, 19998730,0.00, 100.00, 0.00, 2.25, 0, 0 
2, 20011786,0.00, 100.00, 0.00, 2.25, 0, 0 
3, 19986814,0.00, 100.00, 0.00, 2.25, 0, 0 
4, 19973311,0.00, 100.00, 0.00, 2.25, 0, 0 
5, 20277899,0.00, 100.00, 0.00, 2.25, 0, 0 
6, 19998256,0.00, 100.00, 0.00, 2.25, 0, 0 
7, 19744546,0.00, 100.00, 0.00, 2.25, 0, 0 
8, 19804647,0.00, 100.00, 0.00, 2.25, 0, 0 
9, 19978772,0.00, 100.00, 0.00, 2.25, 0, 0 
0, 20005407,0.00, 100.00, 0.00, 2.25, 0, 0 
1, 19998339,0.00, 100.00, 0.00, 2.25, 0, 0 
2, 20230655,0.00, 100.00, 0.00, 2.25, 0, 0 
3, 20242855,0.00, 100.00, 0.00, 2.25, 0, 0 
4, 20052328,0.00, 100.00, 0.00, 2.25, 0, 0 
5, 19756589,0.00, 100.00, 0.00, 2.25, 0, 0 
6, 19756971,0.00, 100.00, 0.00, 2.25, 0, 0 
7, 20017292,0.00, 100.00, 0.00, 2.25, 0, 0 
8, 19956894,0.00, 100.00, 0.00, 2.25, 0, 0 
9, 20206275,0.00, 100.00, 0.00, 2.25, 0, 0 
0, 20009199,0.00, 100.00, 0.00, 2.25, 0, 0 
1, 20006631,0.00, 100.00, 0.00, 2.25, 0, 0 
2, 19756038,0.00, 100.00, 0.00, 2.25, 0, 0 
3, 19766284,0.00, 100.00, 0.00, 2.25, 0, 0 
4, 19939899,0.00, 100.00, 0.00, 2.25, 0, 0 
5, 20241985,0.00, 100.00, 0.00, 2.25, 0, 0 
6, 20229519,0.00, 100.00, 0.00, 2.25, 0, 0 
7, 19989558,0.00, 100.00, 0.00, 2.25, 0, 0 
8, 20019824,0.00, 100.00, 0.00, 2.25, 0, 0 
9, 19799542,0.00, 100.00, 0.00, 2.25, 0, 0 
0, 19974578,0.00, 100.00, 0.00, 2.25, 0, 0 
1, 19993703,0.00, 100.00, 0.00, 2.25, 0, 0 
2, 19965956,0.00, 100.00, 0.00, 2.25, 0, 0 
3, 20021647,0.00, 100.00, 0.00, 2.25, 0, 0 
4, 20278938,0.00, 100.00, 0.00, 2.25, 0, 0 
5, 19706233,0.00, 100.00, 0.00, 2.25, 0, 0 
6, 19771417,0.00, 100.00, 0.00, 2.25, 0, 0 
7, 20011329,0.00, 100.00, 0.00, 2.25, 0, 0 
8, 20013863,0.00, 100.00, 0.00, 2.25, 0, 0 
9, 19968292,0.00, 100.00, 0.00, 2.25, 0, 0 
0, 20230762,0.00, 100.00, 0.00, 2.25, 0, 0 
1, 20011830,0.00, 100.00, 0.00, 2.25, 0, 0 
2, 20044184,0.00, 100.00, 0.00, 2.25, 0, 0 
3, 19981498,0.00, 100.00, 0.00, 2.25, 0, 0 
4, 19754894,0.00, 100.00, 0.00, 2.25, 0, 0 
5, 20052114,0.00, 100.00, 0.00, 2.25, 0, 0 
6, 20009933,0.00, 100.00, 0.00, 2.25, 0, 0 
7, 19992804,0.00, 100.00, 0.00, 2.25, 0, 0 
8, 19932421,0.00, 100.00, 0.00, 2.25, 0, 0 
9, 20274602,0.00, 100.00, 0.00, 2.25, 0, 0 
0, 19791439,0.00, 100.00, 0.00, 2.25, 0, 0 
1, 19999029,0.00, 100.00, 0.00, 2.25, 0, 0 
2, 20000637,0.00, 100.00, 0.00, 2.25, 0, 0 
3, 20009689,0.00, 100.00, 0.00, 2.25, 0, 0 
4, 20005327,0.00, 100.00, 0.00, 2.25, 0, 0 
5, 19974377,0.00, 100.00, 0.00, 2.25, 0, 0 
6, 20202765,0.00, 100.00, 0.00, 2.25, 0, 0 
7, 20003447,0.00, 100.00, 0.00, 2.25, 0, 0 
8, 20078184,0.00, 100.00, 0.00, 2.25, 0, 0 
9, 19746257,0.00, 100.00, 0.00, 2.25, 0, 0 
0, 19989379,0.00, 100.00, 0.00, 2.25, 0, 0 
1, 20003207,0.00, 100.00, 0.00, 2.25, 0, 0 
2, 19974118,0.00, 100.00, 0.00, 2.25, 0, 0 
3, 20234377,0.00, 100.00, 0.00, 2.25, 0, 0 
4, 20014616,0.00, 100.00, 0.00, 2.25, 0, 0 
5, 20026052,0.00, 100.00, 0.00, 2.25, 0, 0 
6, 19777919,0.00, 100.00, 0.00, 2.25, 0, 0 
7, 19994712,0.00, 100.00, 0.00, 2.25, 0, 0 
8, 19977862,0.00, 100.00, 0.00, 2.25, 0, 0 
9, 19972548,0.00, 100.00, 0.00, 2.25, 0, 0 
0, 20245464,0.00, 100.00, 0.00, 2.25, 0, 0 
1, 20247273,0.00, 100.00, 0.00, 2.25, 0, 0 
2, 20021997,0.00, 100.00, 0.00, 2.25, 0, 0 
3, 19757529,0.00, 100.00, 0.00, 2.25, 0, 0 
4, 19989331,0.00, 100.00, 0.00, 2.25, 0, 0 
5, 20009823,0.00, 100.00, 0.00, 2.25, 0, 0 
6, 19995090,0.00, 100.00, 0.00, 2.25, 0, 0 
7, 20242288,0.00, 100.00, 0.00, 2.25, 0, 0 
8, 20244616,0.00, 100.00, 0.00, 2.25, 0, 0 
9, 20022626,0.00, 100.00, 0.00, 2.25, 0, 0 
0, 19742298,0.00, 100.00, 0.00, 2.25, 0, 0 
1, 19753302,0.00, 100.00, 0.00, 2.25, 0, 0 
2, 19970555,0.00, 100.00, 0.00, 2.25, 0, 0 
3, 19969155,0.00, 100.00, 0.00, 2.25, 0, 0 
4, 19926494,0.00, 100.00, 0.00, 2.25, 0, 0 
5, 19980133,0.00, 100.00, 0.00, 2.25, 0, 0 
6, 19996558,0.00, 100.00, 0.00, 2.25, 0, 0 
7, 19773292,0.00, 100.00, 0.00, 2.25, 0, 0 
8, 19767291,0.00, 100.00, 0.00, 2.25, 0, 0 
9, 19983854,0.00, 100.00, 0.00, 2.25, 0, 0 
0, 19975212,0.00, 100.00, 0.00, 2.25, 0, 0 
1, 19986501,0.00, 100.00, 0.00, 2.25, 0, 0 
2, 20022199,0.00, 100.00, 0.00, 2.25, 0, 0 
3, 20024935,0.00, 100.00, 0.00, 2.25, 0, 0 
4, 20065053,0.00, 100.00, 0.00, 2.25, 0, 0 
5, 20001575,0.00, 100.00, 0.00, 2.25, 0, 0 
6, 20019851,0.00, 100.00, 0.00, 2.25, 0, 0 
7, 19974889,0.00, 100.00, 0.00, 2.25, 0, 0 
8, 19962245,0.00, 100.00, 0.00, 2.25, 0, 0 
9, 20260101,0.00, 100.00, 0.00, 2.25, 0, 0 
0, 20284017,0.00, 100.00, 0.00, 2.25, 0, 0 
1, 19998148,0.00, 100.00, 0.00, 2.25, 0, 0 
2, 20005160,0.00, 100.00, 0.00, 2.25, 0, 0 
3, 19988035,0.00, 100.00, 0.00, 2.25, 0, 0 
4, 19994161,0.00, 100.00, 0.00, 2.25, 0, 0 
5, 19985156,0.00, 100.00, 0.00, 2.25, 0, 0 
6, 20242781,0.00, 100.00, 0.00, 2.25, 0, 0 
7, 20201296,0.00, 100.00, 0.00, 2.25, 0, 0 
8, 20031458,0.00, 100.00, 0.00, 2.25, 0, 0 
9, 19760740,0.00, 100.00, 0.00, 2.25, 0, 0 
0, 19760210,0.00, 100.00, 0.00, 2.25, 0, 0 
1, 19979536,0.00, 100.00, 0.00, 2.25, 0, 0 
2, 19966939,0.00, 100.00, 0.00, 2.25, 0, 0 
3, 20009722,0.00, 100.00, 0.00, 2.25, 0, 0 
4, 19998772,0.00, 100.00, 0.00, 2.25, 0, 0 
5, 20001219,0.00, 100.00, 0.00, 2.25, 0, 0 
6, 19743517,0.00, 100.00, 0.00, 2.25, 0, 0 
7, 19783755,0.00, 100.00, 0.00, 2.25, 0, 0 
8, 19973918,0.00, 100.00, 0.00, 2.25, 0, 0 
9, 20011757,0.00, 100.00, 0.00, 2.25, 0, 0 
0, 19988578,0.00, 100.00, 0.00, 2.25, 0, 0 
1, 20018715,0.00, 100.00, 0.00, 2.25, 0, 0 
2, 20038331,0.00, 100.00, 0.00, 2.25, 0, 0 
3, 19991949,0.00, 100.00, 0.00, 2.25, 0, 0 
4, 19939389,0.00, 100.00, 0.00, 2.25, 0, 0 
5, 20254891,0.00, 100.00, 0.00, 2.25, 0, 0 
6, 19937294,0.00, 100.00, 0.00, 2.25, 0, 0 
7, 20085699,0.00, 100.00, 0.00, 2.25, 0, 0 
8, 20057342,0.00, 100.00, 0.00, 2.25, 0, 0 
9, 19995511,0.00, 100.00, 0.00, 2.25, 0, 0 
0, 19968434,0.00, 100.00, 0.00, 2.25, 0, 0 
1, 20252858,0.00, 100.00, 0.00, 2.25, 0, 0 
2, 20235054,0.00, 100.00, 0.00, 2.25, 0, 0 
3, 20002622,0.00, 100.00, 0.00, 2.25, 0, 0 
4, 20018792,0.00, 100.00, 0.00, 2.25, 0, 0 
5, 19756472,0.00, 100.00, 0.00, 2.25, 0, 0 
6, 20070729,0.00, 100.00, 0.00, 2.25, 0, 0 
7, 19906104,0.00, 100.00, 0.00, 2.25, 0, 0 
8, 19929836,0.00, 100.00, 0.00, 2.25, 0, 0 
9, 19980552,0.00, 100.00, 0.00, 2.25, 0, 0 
0, 20019671,0.00, 100.00, 0.00, 2.25, 0, 0 
1, 19982278,0.00, 100.00, 0.00, 2.25, 0, 0 
2, 19712260,0.00, 100.00, 0.00, 2.25, 0, 0 
3, 19990002,0.00, 100.00, 0.00, 2.25, 0, 0 
4, 20049718,0.00, 100.00, 0.00, 2.25, 0, 0 
5, 19993425,0.00, 100.00, 0.00, 2.25, 0, 0 
6, 19958965,0.00, 100.00, 0.00, 2.25, 0, 0 
7, 20267088,0.00, 100.00, 0.00, 2.25, 0, 0 
8, 20293355,0.00, 100.00, 0.00, 2.25, 0, 0 
9, 20003916,0.00, 100.00, 0.00, 2.25, 0, 0 
0, 20013791,0.00, 100.00, 0.00, 2.25, 0, 0 
1, 19774052,0.00, 100.00, 0.00, 2.25, 0, 0 
2, 20037193,0.00, 100.00, 0.00, 2.25, 0, 0 
3, 20009506,0.00, 100.00, 0.00, 2.25, 0, 0 
4, 20246192,0.00, 100.00, 0.00, 2.25, 0, 0 
5, 20243715,0.00, 100.00, 0.00, 2.25, 0, 0 
6, 20036088,0.00, 100.00, 0.00, 2.25, 0, 0 
7, 19758125,0.00, 100.00, 0.00, 2.25, 0, 0 
8, 19739042,0.00, 100.00, 0.00, 2.25, 0, 0 
9, 20007475,0.00, 100.00, 0.00, 2.25, 0, 0 
0, 19964144,0.00, 100.00, 0.00, 2.25, 0, 0 
1, 20240350,0.00, 100.00, 0.00, 2.25, 0, 0 
2, 20014391,0.00, 100.00, 0.00, 2.25, 0, 0 
3, 19998891,0.00, 100.00, 0.00, 2.25, 0, 0 
4, 19759051,0.00, 100.00, 0.00, 2.25, 0, 0 
5, 19755985,0.00, 100.00, 0.00, 2.25, 0, 0 
6, 19987695,0.00, 100.00, 0.00, 2.25, 0, 0 
7, 19989850,0.00, 100.00, 0.00, 2.25, 0, 0 
8, 20250774,0.00, 100.00, 0.00, 2.25, 0, 0 
9, 19991505,0.00, 100.00, 0.00, 2.25, 0, 0 
0, 20039525,0.00, 100.00, 0.00, 2.25, 0, 0 
1, 19750477,0.00, 100.00, 0.00, 2.25, 0, 0 
2, 20000187,0.00, 100.00, 0.00, 2.25, 0, 0 
3, 19983781,0.00, 100.00, 0.00, 2.25, 0, 0 
4, 20231734,0.00, 100.00, 0.00, 2.25, 0, 0 
5, 20246169,0.00, 100.00, 0.00, 2.25, 0, 0 
6, 20237863,0.00, 100.00, 0.00, 2.25, 0, 0 
7, 20004151,0.00, 100.00, 0.00, 2.25, 0, 0 
8, 19753194,0.00, 100.00, 0.00, 2.25, 0, 0 
9, 20010283,0.00, 100.00, 0.00, 2.25, 0, 0 
0, 19963584,0.00, 100.00, 0.00, 2.25, 0, 0 
1, 19960801,0.00, 100.00, 0.00, 2.25, 0, 0 
2, 19992441,0.00, 100.00, 0.00, 2.25, 0, 0 
3, 20007776,0.00, 100.00, 0.00, 2.25, 0, 0 
4, 19761301,0.00, 100.00, 0.00, 2.25, 0, 0 
5, 19770455,0.00, 100.00, 0.00, 2.25, 0, 0 
6, 19747560,0.00, 100.00, 0.00, 2.25, 0, 0 
7, 20245195,0.00, 100.00, 0.00, 2.25, 0, 0 
8, 20227326,0.00, 100.00, 0.00, 2.25, 0, 0 
9, 20251583,0.00, 100.00, 0.00, 2.25, 0, 0 
0, 20025962,0.00, 100.00, 0.00, 2.25, 0, 0 
1, 20044480,0.00, 100.00, 0.00, 2.25, 0, 0 
2, 19987917,0.00, 100.00, 0.00, 2.25, 0, 0 
3, 19999022,0.00, 100.00, 0.00, 2.25, 0, 0 
4, 20005884,0.00, 100.00, 0.00, 2.25, 0, 0 
5, 19957334,0.00, 100.00, 0.00, 2.25, 0, 0 
6, 20271397,0.00, 100.00, 0.00, 2.25, 0, 0 
7, 19767189,0.00, 100.00, 0.00, 2.25, 0, 0 
8, 19761459,0.00, 100.00, 0.00, 2.25, 0, 0 
9, 19720519,0.00, 100.00, 0.00, 2.25, 0, 0 
0, 19999270,0.00, 100.00, 0.00, 2.25, 0, 0 
1, 19985975,0.00, 100.00, 0.00, 2.25, 0, 0 
2, 19971897,0.00, 100.00, 0.00, 2.25, 0, 0 
3, 20244701,0.00, 100.00, 0.00, 2.25, 0, 0 
4, 20230788,0.00, 100.00, 0.00, 2.25, 0, 0 
5, 20020959,0.00, 100.00, 0.00, 2.25, 0, 0 
6, 19751991,0.00, 100.00, 0.00, 2.25, 0, 0 
7, 19981724,0.00, 100.00, 0.00, 2.25, 0, 0 
8, 20006540,0.00, 100.00, 0.00, 2.25, 0, 0 
9, 19999921,0.00, 100.00, 0.00, 2.25, 0, 0 
0, 19962163,0.00, 100.00, 0.00, 2.25, 0, 0 
1, 19998232,0.00, 100.00, 0.00, 2.25, 0, 0 
2, 20033108,0.00, 100.00, 0.00, 2.25, 0, 0 
3, 19763319,0.00, 100.00, 0.00, 2.25, 0, 0 
4, 19764109,0.00, 100.00, 0.00, 2.25, 0, 0 
5, 19996218,0.00, 100.00, 0.00, 2.25, 0, 0 
6, 19964269,0.00, 100.00, 0.00, 2.25, 0, 0 
7, 20245852,0.00, 100.00, 0.00, 2.25, 0, 0 
8, 19993457,0.00, 100.00, 0.00, 2.25, 0, 0 
9, 20024052,0.00, 100.00, 0.00, 2.25, 0, 0 
0, 20098516,0.00, 100.00, 0.00, 2.25, 0, 0 
1, 20089892,0.00, 100.00, 0.00, 2.25, 0, 0 
2, 19984273,0.00, 100.00, 0.00, 2.25, 0, 0 
3, 20239136,0.00, 100.00, 0.00, 2.25, 0, 0 
4, 20238741,0.00, 100.00, 0.00, 2.25, 0, 0 
5, 20005657,0.00, 100.00, 0.00, 2.25, 0, 0 
6, 20034405,0.00, 100.00, 0.00, 2.25, 0, 0 
7, 19766870,0.00, 100.00, 0.00, 2.25, 0, 0 
8, 19939122,0.00, 100.00, 0.00, 2.25, 0, 0 
9, 19961681,0.00, 100.00, 0.00, 2.25, 0, 0 
0, 20173667,0.00, 100.00, 0.00, 2.25, 0, 0 
1, 19918175,0.00, 100.00, 0.00, 2.25, 0, 0 
2, 20004431,0.00, 100.00, 0.00, 2.25, 0, 0 
3, 19742641,0.00, 100.00, 0.00, 2.25, 0, 0 
4, 19736451,0.00, 100.00, 0.00, 2.25, 0, 0 
5, 20244818,0.00, 100.00, 0.00, 2.25, 0, 0 
6, 19928387,0.00, 100.00, 0.00, 2.25, 0, 0 
7, 20231449,0.00, 100.00, 0.00, 2.25, 0, 0 
8, 20304876,0.00, 100.00, 0.00, 2.25, 0, 0 
9, 20021297,0.00, 100.00, 0.00, 2.25, 0, 0 
0, 19762371,0.00, 100.00, 0.00, 2.25, 0, 0 
1, 19993736,0.00, 100.00, 0.00, 2.25, 0, 0 
2, 19988518,0.00, 100.00, 0.00, 2.25, 0, 0 
3, 19983470,0.00, 100.00, 0.00, 2.25, 0, 0 
4, 20007653,0.00, 100.00, 0.00, 2.25, 0, 0 
5, 19747210,0.00, 100.00, 0.00, 2.25, 0, 0 
6, 20064632,0.00, 100.00, 0.00, 2.25, 0, 0 
7, 19756835,0.00, 100.00, 0.00, 2.25, 0, 0 
8, 19744609,0.00, 100.00, 0.00, 2.25, 0, 0 
9, 19997886,0.00, 100.00, 0.00, 2.25, 0, 0 
