Tue Dec  4 12:22:36 2018
Controller Frequency: 666.000 kHz
Time(s), Time(ns), x, v, f, xdes, vdes, cmd, LSB, LSF
66626, 723846698, 0.000, -0.000, 7.860, 100.000, 0.000, 2.220, 0, 0 
66626, 725351845, 0.000, -0.000, 7.843, 100.000, 0.000, 2.220, 0, 0 
66626, 726855672, 0.000, -0.000, 15.709, 100.000, 0.000, 2.220, 0, 0 
66626, 728362047, 0.000, -0.000, 23.563, 100.000, 0.000, 2.220, 0, 0 
66626, 729865648, 0.000, -0.000, 31.444, 100.000, 0.000, 2.220, 0, 0 
66626, 731469649, 0.000, -0.000, 39.342, 100.000, 0.000, 2.220, 0, 0 
66626, 732973475, 0.000, -0.000, 39.391, 100.000, 0.000, 2.220, 0, 0 
66626, 734501486, 0.000, -0.000, 39.472, 100.000, 0.000, 2.220, 0, 0 
66626, 736010821, 0.000, -0.000, 39.564, 100.000, 0.000, 2.220, 0, 0 
66626, 737514525, 0.000, -0.000, 39.629, 100.000, 0.000, 2.220, 0, 0 
66626, 739028144, 0.000, -0.000, 39.635, 100.000, 0.000, 2.220, 0, 0 
66626, 740533532, 0.000, -0.000, 39.591, 100.000, 0.000, 2.220, 0, 0 
66626, 742037049, 0.000, -0.000, 39.532, 100.000, 0.000, 2.220, 0, 0 
66626, 743540572, 0.000, -0.000, 39.434, 100.000, 0.000, 2.220, 0, 0 
66626, 745045693, 0.000, -0.000, 39.374, 100.000, 0.000, 2.220, 0, 0 
66626, 746549293, 0.000, -0.000, 39.331, 100.000, 0.000, 2.220, 0, 0 
66626, 748053701, 0.000, -0.000, 39.347, 100.000, 0.000, 2.220, 0, 0 
66626, 749557668, 0.000, -0.000, 39.407, 100.000, 0.000, 2.220, 0, 0 
66626, 751064530, 0.000, -0.000, 39.483, 100.000, 0.000, 2.220, 0, 0 
66626, 752569212, 0.000, -0.000, 39.570, 100.000, 0.000, 2.220, 0, 0 
66626, 754083689, 0.000, -0.000, 39.619, 100.000, 0.000, 2.220, 0, 0 
66626, 755684205, 0.000, -0.000, 39.613, 100.000, 0.000, 2.220, 0, 0 
66626, 757295208, 0.000, -0.000, 39.591, 100.000, 0.000, 2.220, 0, 0 
66626, 758834547, 0.000, -0.000, 39.526, 100.000, 0.000, 2.220, 0, 0 
66626, 760339347, 0.000, -0.000, 39.450, 100.000, 0.000, 2.220, 0, 0 
66626, 761843212, 0.000, -0.000, 39.358, 100.000, 0.000, 2.220, 0, 0 
66626, 763346847, 0.000, -0.000, 39.347, 100.000, 0.000, 2.220, 0, 0 
66626, 764850876, 0.000, -0.000, 39.358, 100.000, 0.000, 2.220, 0, 0 
66626, 766361559, 0.000, -0.000, 39.412, 100.000, 0.000, 2.220, 0, 0 
66626, 767867085, 0.000, -0.000, 39.494, 100.000, 0.000, 2.220, 0, 0 
66626, 769478979, 0.000, -0.000, 39.553, 100.000, 0.000, 2.220, 0, 0 
66626, 770984644, 0.000, -0.000, 39.613, 100.000, 0.000, 2.220, 0, 0 
66626, 772490195, 0.000, -0.000, 39.608, 100.000, 0.000, 2.220, 0, 0 
66626, 774082221, 0.000, -0.000, 39.581, 100.000, 0.000, 2.220, 0, 0 
66626, 775620833, 0.000, -0.000, 39.526, 100.000, 0.000, 2.220, 0, 0 
66626, 777163395, 0.000, -0.000, 39.434, 100.000, 0.000, 2.220, 0, 0 
66626, 778669873, 0.000, -0.000, 39.358, 100.000, 0.000, 2.220, 0, 0 
66626, 780175399, 0.000, -0.000, 39.353, 100.000, 0.000, 2.220, 0, 0 
66626, 781681948, 0.000, -0.000, 39.358, 100.000, 0.000, 2.220, 0, 0 
66626, 783188408, 0.000, -0.000, 39.401, 100.000, 0.000, 2.220, 0, 0 
66626, 784713277, 0.000, -0.000, 39.488, 100.000, 0.000, 2.220, 0, 0 
66626, 786219924, 0.000, -0.000, 39.564, 100.000, 0.000, 2.220, 0, 0 
66626, 787726100, 0.000, -0.000, 39.635, 100.000, 0.000, 2.220, 0, 0 
66626, 789232326, 0.000, -0.000, 39.619, 100.000, 0.000, 2.220, 0, 0 
66626, 790789980, 0.000, -0.000, 39.570, 100.000, 0.000, 2.220, 0, 0 
66626, 792299957, 0.000, -0.000, 39.505, 100.000, 0.000, 2.220, 0, 0 
66626, 793804710, 0.000, -0.000, 39.423, 100.000, 0.000, 2.220, 0, 0 
66626, 795309405, 0.000, -0.000, 39.342, 100.000, 0.000, 2.220, 0, 0 
66626, 796815069, 0.000, -0.000, 39.342, 100.000, 0.000, 2.220, 0, 0 
66626, 798318887, 0.000, -0.000, 39.358, 100.000, 0.000, 2.220, 0, 0 
66626, 799845330, 0.000, -0.000, 39.407, 100.000, 0.000, 2.220, 0, 0 
66626, 801350782, 0.000, -0.000, 39.488, 100.000, 0.000, 2.220, 0, 0 
66626, 802855871, 0.000, -0.000, 39.559, 100.000, 0.000, 2.220, 0, 0 
66626, 804361863, 0.000, -0.000, 39.619, 100.000, 0.000, 2.220, 0, 0 
66626, 805866743, 0.000, -0.000, 39.619, 100.000, 0.000, 2.220, 0, 0 
66626, 807371552, 0.000, -0.000, 39.564, 100.000, 0.000, 2.220, 0, 0 
66626, 808877446, 0.000, -0.000, 39.510, 100.000, 0.000, 2.220, 0, 0 
66626, 810383419, 0.000, -0.000, 39.423, 100.000, 0.000, 2.220, 0, 0 
66626, 811889684, 0.000, -0.000, 39.353, 100.000, 0.000, 2.220, 0, 0 
66626, 813396655, 0.000, -0.000, 39.336, 100.000, 0.000, 2.220, 0, 0 
66626, 814916850, 0.000, -0.000, 39.342, 100.000, 0.000, 2.220, 0, 0 
66626, 816475717, 0.000, -0.000, 39.391, 100.000, 0.000, 2.220, 0, 0 
66626, 817980879, 0.000, -0.000, 39.467, 100.000, 0.000, 2.220, 0, 0 
66626, 819485955, 0.000, -0.000, 39.548, 100.000, 0.000, 2.220, 0, 0 
66626, 820990970, 0.000, -0.000, 39.608, 100.000, 0.000, 2.220, 0, 0 
66626, 822495957, 0.000, -0.000, 39.608, 100.000, 0.000, 2.220, 0, 0 
66626, 824005599, 0.000, -0.000, 39.564, 100.000, 0.000, 2.220, 0, 0 
66626, 825510533, 0.000, -0.000, 39.510, 100.000, 0.000, 2.220, 0, 0 
66626, 827016037, 0.000, -0.000, 39.434, 100.000, 0.000, 2.220, 0, 0 
66626, 828522442, 0.000, -0.000, 39.347, 100.000, 0.000, 2.220, 0, 0 
66626, 830041682, 0.000, -0.000, 39.353, 100.000, 0.000, 2.220, 0, 0 
66626, 831577923, 0.000, -0.000, 39.358, 100.000, 0.000, 2.220, 0, 0 
66626, 833114716, 0.000, -0.000, 39.401, 100.000, 0.000, 2.220, 0, 0 
66626, 834665172, 0.000, -0.000, 39.467, 100.000, 0.000, 2.220, 0, 0 
66626, 836216459, 0.000, -0.000, 39.543, 100.000, 0.000, 2.220, 0, 0 
66626, 837768467, 0.000, -0.000, 39.586, 100.000, 0.000, 2.220, 0, 0 
66626, 839315327, 0.000, -0.000, 39.575, 100.000, 0.000, 2.220, 0, 0 
66626, 840859983, 0.000, -0.000, 39.559, 100.000, 0.000, 2.220, 0, 0 
66626, 842368393, 0.000, -0.000, 39.472, 100.000, 0.000, 2.220, 0, 0 
66626, 843884144, 0.000, -0.000, 39.412, 100.000, 0.000, 2.220, 0, 0 
66626, 845415207, 0.000, -0.000, 39.336, 100.000, 0.000, 2.220, 0, 0 
66626, 846922931, 0.000, -0.000, 39.336, 100.000, 0.000, 2.220, 0, 0 
66626, 848434289, 0.000, -0.000, 39.369, 100.000, 0.000, 2.220, 0, 0 
66626, 849944143, 0.000, -0.000, 39.407, 100.000, 0.000, 2.220, 0, 0 
66626, 851453315, 0.000, -0.000, 39.488, 100.000, 0.000, 2.220, 0, 0 
66626, 852960530, 0.000, -0.000, 39.570, 100.000, 0.000, 2.220, 0, 0 
66626, 854468065, 0.000, -0.000, 39.619, 100.000, 0.000, 2.220, 0, 0 
66626, 855975375, 0.000, -0.000, 39.597, 100.000, 0.000, 2.220, 0, 0 
66626, 857482788, 0.000, -0.000, 39.575, 100.000, 0.000, 2.220, 0, 0 
66626, 858990211, 0.000, -0.000, 39.499, 100.000, 0.000, 2.220, 0, 0 
66626, 860517685, 0.000, -0.000, 39.434, 100.000, 0.000, 2.220, 0, 0 
66626, 862026513, 0.000, -0.000, 39.353, 100.000, 0.000, 2.220, 0, 0 
66626, 863558915, 0.000, -0.000, 39.342, 100.000, 0.000, 2.220, 0, 0 
66626, 865067079, 0.000, -0.000, 39.358, 100.000, 0.000, 2.220, 0, 0 
66626, 866617301, 0.000, -0.000, 39.401, 100.000, 0.000, 2.220, 0, 0 
66626, 868169175, 0.000, -0.000, 39.477, 100.000, 0.000, 2.220, 0, 0 
66626, 869720487, 0.000, -0.000, 39.559, 100.000, 0.000, 2.220, 0, 0 
66626, 871261044, 0.000, -0.000, 39.619, 100.000, 0.000, 2.220, 0, 0 
66626, 872822475, 0.000, -0.000, 39.597, 100.000, 0.000, 2.220, 0, 0 
66626, 874336404, 0.000, -0.000, 39.581, 100.000, 0.000, 2.220, 0, 0 
66626, 875875944, 0.000, -0.000, 39.499, 100.000, 0.000, 2.220, 0, 0 
66626, 877409705, 0.000, -0.000, 39.423, 100.000, 0.000, 2.220, 0, 0 
66626, 878943345, 0.000, -0.000, 39.358, 100.000, 0.000, 2.220, 0, 0 
66626, 880494276, 0.000, -0.000, 39.336, 100.000, 0.000, 2.220, 0, 0 
66626, 882042042, 0.000, -0.000, 39.369, 100.000, 0.000, 2.220, 0, 0 
66626, 883552114, 0.000, -0.000, 39.429, 100.000, 0.000, 2.220, 0, 0 
66626, 885084757, 0.000, -0.000, 39.499, 100.000, 0.000, 2.220, 0, 0 
66626, 886618753, 0.000, -0.000, 39.591, 100.000, 0.000, 2.220, 0, 0 
66626, 888155883, 0.000, -0.000, 39.608, 100.000, 0.000, 2.220, 0, 0 
66626, 889696485, 0.000, -0.000, 39.602, 100.000, 0.000, 2.220, 0, 0 
66626, 891230714, 0.000, -0.000, 39.564, 100.000, 0.000, 2.220, 0, 0 
66626, 892739086, 0.000, -0.000, 39.467, 100.000, 0.000, 2.220, 0, 0 
66626, 894250027, 0.000, -0.000, 39.402, 100.000, 0.000, 2.220, 0, 0 
66626, 895759639, 0.000, -0.000, 39.320, 100.000, 0.000, 2.220, 0, 0 
66626, 897267239, 0.000, -0.000, 39.320, 100.000, 0.000, 2.220, 0, 0 
66626, 898774685, 0.000, -0.000, 39.369, 100.000, 0.000, 2.220, 0, 0 
66626, 900285360, 0.000, -0.000, 39.429, 100.000, 0.000, 2.220, 0, 0 
66626, 901792780, 0.000, -0.000, 39.515, 100.000, 0.000, 2.220, 0, 0 
66626, 903300222, 0.000, -0.000, 39.597, 100.000, 0.000, 2.220, 0, 0 
66626, 904810814, 0.000, -0.000, 39.619, 100.000, 0.000, 2.220, 0, 0 
66626, 906353600, 0.000, -0.000, 39.602, 100.000, 0.000, 2.220, 0, 0 
66626, 907861266, 0.000, -0.000, 39.564, 100.000, 0.000, 2.220, 0, 0 
66626, 909369446, 0.000, -0.000, 39.477, 100.000, 0.000, 2.220, 0, 0 
66626, 910878203, 0.000, -0.000, 39.396, 100.000, 0.000, 2.220, 0, 0 
66626, 912385918, 0.000, -0.000, 39.336, 100.000, 0.000, 2.220, 0, 0 
66626, 913893734, 0.000, -0.000, 39.331, 100.000, 0.000, 2.220, 0, 0 
66626, 915403587, 0.000, -0.000, 39.380, 100.000, 0.000, 2.220, 0, 0 
66626, 916917663, 0.000, -0.000, 39.434, 100.000, 0.000, 2.220, 0, 0 
66626, 918425009, 0.000, -0.000, 39.515, 100.000, 0.000, 2.220, 0, 0 
66626, 919932525, 0.000, -0.000, 39.602, 100.000, 0.000, 2.220, 0, 0 
66626, 921461960, 0.000, -0.000, 39.613, 100.000, 0.000, 2.220, 0, 0 
66626, 922969552, 0.000, -0.000, 39.597, 100.000, 0.000, 2.220, 0, 0 
66626, 924477885, 0.000, -0.000, 39.553, 100.000, 0.000, 2.220, 0, 0 
66626, 925984824, 0.000, -0.000, 39.472, 100.000, 0.000, 2.220, 0, 0 
66626, 927492277, 0.000, -0.000, 39.391, 100.000, 0.000, 2.220, 0, 0 
66626, 929000798, 0.000, -0.000, 39.331, 100.000, 0.000, 2.220, 0, 0 
66626, 930508088, 0.000, -0.000, 39.336, 100.000, 0.000, 2.220, 0, 0 
66626, 932015903, 0.000, -0.000, 39.369, 100.000, 0.000, 2.220, 0, 0 
66626, 933523153, 0.000, -0.000, 39.423, 100.000, 0.000, 2.220, 0, 0 
66626, 935030354, 0.000, -0.000, 39.505, 100.000, 0.000, 2.220, 0, 0 
66626, 936576193, 0.000, -0.000, 39.581, 100.000, 0.000, 2.220, 0, 0 
66626, 938085605, 0.000, -0.000, 39.624, 100.000, 0.000, 2.220, 0, 0 
66626, 939596188, 0.000, -0.000, 39.597, 100.000, 0.000, 2.220, 0, 0 
66626, 941103309, 0.000, -0.000, 39.559, 100.000, 0.000, 2.220, 0, 0 
66626, 942610591, 0.000, -0.000, 39.483, 100.000, 0.000, 2.220, 0, 0 
66626, 944119809, 0.000, -0.000, 39.396, 100.000, 0.000, 2.220, 0, 0 
66626, 945627190, 0.000, -0.000, 39.331, 100.000, 0.000, 2.220, 0, 0 
66626, 947134351, 0.000, -0.000, 39.342, 100.000, 0.000, 2.220, 0, 0 
66626, 948643857, 0.000, -0.000, 39.369, 100.000, 0.000, 2.220, 0, 0 
66626, 950183023, 0.000, -0.000, 39.429, 100.000, 0.000, 2.220, 0, 0 
66626, 951705007, 0.000, -0.000, 39.499, 100.000, 0.000, 2.220, 0, 0 
66626, 953212847, 0.000, -0.000, 39.570, 100.000, 0.000, 2.220, 0, 0 
66626, 954720199, 0.000, -0.000, 39.602, 100.000, 0.000, 2.220, 0, 0 
66626, 956229323, 0.000, -0.000, 39.586, 100.000, 0.000, 2.220, 0, 0 
66626, 957737985, 0.000, -0.000, 39.548, 100.000, 0.000, 2.220, 0, 0 
66626, 959245369, 0.000, -0.000, 39.477, 100.000, 0.000, 2.220, 0, 0 
66626, 960754574, 0.000, -0.000, 39.407, 100.000, 0.000, 2.220, 0, 0 
66626, 962263193, 0.000, -0.000, 39.331, 100.000, 0.000, 2.220, 0, 0 
66626, 963770305, 0.000, -0.000, 39.342, 100.000, 0.000, 2.220, 0, 0 
66626, 965277649, 0.000, -0.000, 39.353, 100.000, 0.000, 2.220, 0, 0 
66626, 966828624, 0.000, -0.000, 39.407, 100.000, 0.000, 2.220, 0, 0 
66626, 968340407, 0.000, -0.000, 39.477, 100.000, 0.000, 2.220, 0, 0 
66626, 969848259, 0.000, -0.000, 39.564, 100.000, 0.000, 2.220, 0, 0 
66626, 971355610, 0.000, -0.000, 39.602, 100.000, 0.000, 2.220, 0, 0 
66626, 972862553, 0.000, -0.000, 39.591, 100.000, 0.000, 2.220, 0, 0 
66626, 974369700, 0.000, -0.000, 39.548, 100.000, 0.000, 2.220, 0, 0 
66626, 975879544, 0.000, -0.000, 39.477, 100.000, 0.000, 2.220, 0, 0 
66626, 977387016, 0.000, -0.000, 39.396, 100.000, 0.000, 2.220, 0, 0 
66626, 978894661, 0.000, -0.000, 39.315, 100.000, 0.000, 2.220, 0, 0 
66626, 980403718, 0.000, -0.000, 39.315, 100.000, 0.000, 2.220, 0, 0 
66626, 981933830, 0.000, -0.000, 39.353, 100.000, 0.000, 2.220, 0, 0 
66626, 983457959, 0.000, -0.000, 39.401, 100.000, 0.000, 2.220, 0, 0 
66626, 984963987, 0.000, -0.000, 39.477, 100.000, 0.000, 2.220, 0, 0 
66626, 986471257, 0.000, -0.000, 39.570, 100.000, 0.000, 2.220, 0, 0 
66626, 987980259, 0.000, -0.000, 39.613, 100.000, 0.000, 2.220, 0, 0 
66626, 989487705, 0.000, -0.000, 39.613, 100.000, 0.000, 2.220, 0, 0 
66626, 990995007, 0.000, -0.000, 39.570, 100.000, 0.000, 2.220, 0, 0 
66626, 992503792, 0.000, -0.000, 39.488, 100.000, 0.000, 2.220, 0, 0 
66626, 994010984, 0.000, -0.000, 39.418, 100.000, 0.000, 2.220, 0, 0 
66626, 995521705, 0.000, -0.000, 39.353, 100.000, 0.000, 2.220, 0, 0 
66626, 997060714, 0.000, -0.000, 39.347, 100.000, 0.000, 2.220, 0, 0 
66626, 998572010, 0.000, -0.000, 39.369, 100.000, 0.000, 2.220, 0, 0 
66627, 80123, 0.000, -0.000, 39.423, 100.000, 0.000, 2.220, 0, 0 
66627, 1587968, 0.000, -0.000, 39.499, 100.000, 0.000, 2.220, 0, 0 
66627, 3117449, 0.000, -0.000, 39.575, 100.000, 0.000, 2.220, 0, 0 
66627, 4627327, 0.000, -0.000, 39.608, 100.000, 0.000, 2.220, 0, 0 
66627, 6134798, 0.000, -0.000, 39.575, 100.000, 0.000, 2.220, 0, 0 
66627, 7642157, 0.000, -0.000, 39.548, 100.000, 0.000, 2.220, 0, 0 
66627, 9149404, 0.000, -0.000, 39.472, 100.000, 0.000, 2.220, 0, 0 
66627, 10656700, 0.000, -0.000, 39.396, 100.000, 0.000, 2.220, 0, 0 
66627, 12184964, 0.000, -0.000, 39.320, 100.000, 0.000, 2.220, 0, 0 
66627, 13692671, 0.000, -0.000, 39.326, 100.000, 0.000, 2.220, 0, 0 
66627, 15221684, 0.000, -0.000, 39.358, 100.000, 0.000, 2.220, 0, 0 
66627, 16731324, 0.000, -0.000, 39.401, 100.000, 0.000, 2.220, 0, 0 
66627, 18263727, 0.000, -0.000, 39.494, 100.000, 0.000, 2.220, 0, 0 
66627, 19804995, 0.000, -0.000, 39.564, 100.000, 0.000, 2.220, 0, 0 
66627, 21352679, 0.000, -0.000, 39.613, 100.000, 0.000, 2.220, 0, 0 
66627, 22893296, 0.000, -0.000, 39.597, 100.000, 0.000, 2.220, 0, 0 
66627, 24429533, 0.000, -0.000, 39.543, 100.000, 0.000, 2.220, 0, 0 
66627, 25964055, 0.000, -0.000, 39.477, 100.000, 0.000, 2.220, 0, 0 
66627, 27513715, 0.000, -0.000, 39.396, 100.000, 0.000, 2.220, 0, 0 
66627, 29022092, 0.000, -0.000, 39.331, 100.000, 0.000, 2.220, 0, 0 
66627, 30558934, 0.000, -0.000, 39.331, 100.000, 0.000, 2.220, 0, 0 
66627, 32066122, 0.000, -0.000, 39.364, 100.000, 0.000, 2.220, 0, 0 
66627, 33582833, 0.000, -0.000, 39.423, 100.000, 0.000, 2.220, 0, 0 
66627, 35089237, 0.000, -0.000, 39.505, 100.000, 0.000, 2.220, 0, 0 
66627, 36596829, 0.000, -0.000, 39.575, 100.000, 0.000, 2.220, 0, 0 
66627, 38103787, 0.000, -0.000, 39.602, 100.000, 0.000, 2.220, 0, 0 
66627, 39610755, 0.000, -0.000, 39.586, 100.000, 0.000, 2.220, 0, 0 
66627, 41117671, 0.000, -0.000, 39.553, 100.000, 0.000, 2.220, 0, 0 
66627, 42665397, 0.000, -0.000, 39.477, 100.000, 0.000, 2.220, 0, 0 
66627, 44174254, 0.000, -0.000, 39.401, 100.000, 0.000, 2.220, 0, 0 
66627, 45683114, 0.000, -0.000, 39.326, 100.000, 0.000, 2.220, 0, 0 
66627, 47190270, 0.000, -0.000, 39.336, 100.000, 0.000, 2.220, 0, 0 
66627, 48698052, 0.000, -0.000, 39.374, 100.000, 0.000, 2.220, 0, 0 
66627, 50206319, 0.000, -0.000, 39.423, 100.000, 0.000, 2.220, 0, 0 
66627, 51740909, 0.000, -0.000, 39.510, 100.000, 0.000, 2.220, 0, 0 
66627, 53247922, 0.000, -0.000, 39.586, 100.000, 0.000, 2.220, 0, 0 
66627, 54754531, 0.000, -0.000, 39.613, 100.000, 0.000, 2.220, 0, 0 
66627, 56261287, 0.000, -0.000, 39.597, 100.000, 0.000, 2.220, 0, 0 
66627, 57786996, 0.000, -0.000, 39.548, 100.000, 0.000, 2.220, 0, 0 
66627, 59296626, 0.000, -0.000, 39.472, 100.000, 0.000, 2.220, 0, 0 
66627, 60827618, 0.000, -0.000, 39.401, 100.000, 0.000, 2.220, 0, 0 
66627, 62335137, 0.000, -0.000, 39.315, 100.000, 0.000, 2.220, 0, 0 
66627, 63842177, 0.000, -0.000, 39.326, 100.000, 0.000, 2.220, 0, 0 
66627, 65376609, 0.000, -0.000, 39.342, 100.000, 0.000, 2.220, 0, 0 
66627, 66905399, 0.000, -0.000, 39.396, 100.000, 0.000, 2.220, 0, 0 
66627, 68413015, 0.000, -0.000, 39.477, 100.000, 0.000, 2.220, 0, 0 
66627, 69920228, 0.000, -0.000, 39.559, 100.000, 0.000, 2.220, 0, 0 
66627, 71427415, 0.000, -0.000, 39.597, 100.000, 0.000, 2.220, 0, 0 
66627, 72953432, 0.000, -0.000, 39.586, 100.000, 0.000, 2.220, 0, 0 
66627, 74461152, 0.000, -0.000, 39.537, 100.000, 0.000, 2.220, 0, 0 
66627, 75968413, 0.000, -0.000, 39.477, 100.000, 0.000, 2.220, 0, 0 
66627, 77475554, 0.000, -0.000, 39.391, 100.000, 0.000, 2.220, 0, 0 
66627, 78983232, 0.000, -0.000, 39.320, 100.000, 0.000, 2.220, 0, 0 
66627, 80491060, 0.000, -0.000, 39.320, 100.000, 0.000, 2.220, 0, 0 
66627, 81998646, 0.000, -0.000, 39.353, 100.000, 0.000, 2.220, 0, 0 
66627, 83506304, 0.000, -0.000, 39.412, 100.000, 0.000, 2.220, 0, 0 
66627, 85013127, 0.000, -0.000, 39.505, 100.000, 0.000, 2.220, 0, 0 
66627, 86520043, 0.000, -0.000, 39.570, 100.000, 0.000, 2.220, 0, 0 
66627, 88057708, 0.000, -0.000, 39.613, 100.000, 0.000, 2.220, 0, 0 
66627, 89565993, 0.000, -0.000, 39.602, 100.000, 0.000, 2.220, 0, 0 
66627, 91075130, 0.000, -0.000, 39.553, 100.000, 0.000, 2.220, 0, 0 
66627, 92582298, 0.000, -0.000, 39.483, 100.000, 0.000, 2.220, 0, 0 
66627, 94089416, 0.000, -0.000, 39.401, 100.000, 0.000, 2.220, 0, 0 
66627, 95601126, 0.000, -0.000, 39.331, 100.000, 0.000, 2.220, 0, 0 
66627, 97110312, 0.000, -0.000, 39.320, 100.000, 0.000, 2.220, 0, 0 
66627, 98617530, 0.000, -0.000, 39.358, 100.000, 0.000, 2.220, 0, 0 
66627, 100130932, 0.000, -0.000, 39.401, 100.000, 0.000, 2.220, 0, 0 
66627, 101637866, 0.000, -0.000, 39.488, 100.000, 0.000, 2.220, 0, 0 
66627, 103187691, 0.000, -0.000, 39.570, 100.000, 0.000, 2.220, 0, 0 
66627, 104694762, 0.000, -0.000, 39.613, 100.000, 0.000, 2.220, 0, 0 
66627, 106201394, 0.000, -0.000, 39.613, 100.000, 0.000, 2.220, 0, 0 
66627, 107708420, 0.000, -0.000, 39.564, 100.000, 0.000, 2.220, 0, 0 
66627, 109214661, 0.000, -0.000, 39.515, 100.000, 0.000, 2.220, 0, 0 
66627, 110721422, 0.000, -0.000, 39.423, 100.000, 0.000, 2.220, 0, 0 
66627, 112227700, 0.000, -0.000, 39.358, 100.000, 0.000, 2.220, 0, 0 
66627, 113734673, 0.000, -0.000, 39.347, 100.000, 0.000, 2.220, 0, 0 
66627, 115241608, 0.000, -0.000, 39.369, 100.000, 0.000, 2.220, 0, 0 
66627, 116748982, 0.000, -0.000, 39.423, 100.000, 0.000, 2.220, 0, 0 
66627, 118274250, 0.000, -0.000, 39.488, 100.000, 0.000, 2.220, 0, 0 
66627, 119781268, 0.000, -0.000, 39.559, 100.000, 0.000, 2.220, 0, 0 
66627, 121290732, 0.000, -0.000, 39.602, 100.000, 0.000, 2.220, 0, 0 
66627, 122800706, 0.000, -0.000, 39.586, 100.000, 0.000, 2.220, 0, 0 
66627, 124309608, 0.000, -0.000, 39.553, 100.000, 0.000, 2.220, 0, 0 
66627, 125817234, 0.000, -0.000, 39.488, 100.000, 0.000, 2.220, 0, 0 
66627, 127400503, 0.000, -0.000, 39.418, 100.000, 0.000, 2.220, 0, 0 
66627, 128908176, 0.000, -0.000, 39.336, 100.000, 0.000, 2.220, 0, 0 
66627, 130415754, 0.000, -0.000, 39.342, 100.000, 0.000, 2.220, 0, 0 
66627, 131924242, 0.000, -0.000, 39.358, 100.000, 0.000, 2.220, 0, 0 
66627, 133459734, 0.000, -0.000, 39.407, 100.000, 0.000, 2.220, 0, 0 
66627, 134969630, 0.000, -0.000, 39.488, 100.000, 0.000, 2.220, 0, 0 
66627, 136477893, 0.000, -0.000, 39.559, 100.000, 0.000, 2.220, 0, 0 
66627, 137985441, 0.000, -0.000, 39.602, 100.000, 0.000, 2.220, 0, 0 
66627, 139492755, 0.000, -0.000, 39.591, 100.000, 0.000, 2.220, 0, 0 
66627, 141000143, 0.000, -0.000, 39.532, 100.000, 0.000, 2.220, 0, 0 
66627, 142507356, 0.000, -0.000, 39.477, 100.000, 0.000, 2.220, 0, 0 
66627, 144016228, 0.000, -0.000, 39.391, 100.000, 0.000, 2.220, 0, 0 
66627, 145541959, 0.000, -0.000, 39.326, 100.000, 0.000, 2.220, 0, 0 
66627, 147049427, 0.000, -0.000, 39.326, 100.000, 0.000, 2.220, 0, 0 
66627, 148583412, 0.000, -0.000, 39.347, 100.000, 0.000, 2.220, 0, 0 
66627, 150091088, 0.000, -0.000, 39.418, 100.000, 0.000, 2.220, 0, 0 
66627, 151598547, 0.000, -0.000, 39.494, 100.000, 0.000, 2.220, 0, 0 
66627, 153109096, 0.000, -0.000, 39.581, 100.000, 0.000, 2.220, 0, 0 
66627, 154616999, 0.000, -0.000, 39.619, 100.000, 0.000, 2.220, 0, 0 
66627, 156127084, 0.000, -0.000, 39.608, 100.000, 0.000, 2.220, 0, 0 
66627, 157677828, 0.000, -0.000, 39.570, 100.000, 0.000, 2.220, 0, 0 
66627, 159185667, 0.000, -0.000, 39.505, 100.000, 0.000, 2.220, 0, 0 
66627, 160694995, 0.000, -0.000, 39.429, 100.000, 0.000, 2.220, 0, 0 
66627, 162202887, 0.000, -0.000, 39.336, 100.000, 0.000, 2.220, 0, 0 
66627, 163728908, 0.000, -0.000, 39.331, 100.000, 0.000, 2.220, 0, 0 
66627, 165236534, 0.000, -0.000, 39.358, 100.000, 0.000, 2.220, 0, 0 
66627, 166814699, 0.000, -0.000, 39.407, 100.000, 0.000, 2.220, 0, 0 
66627, 168351983, 0.000, -0.000, 39.488, 100.000, 0.000, 2.220, 0, 0 
66627, 169886534, 0.000, -0.000, 39.559, 100.000, 0.000, 2.220, 0, 0 
66627, 171431690, 0.000, -0.000, 39.602, 100.000, 0.000, 2.220, 0, 0 
66627, 172960740, 0.000, -0.000, 39.591, 100.000, 0.000, 2.220, 0, 0 
66627, 174501288, 0.000, -0.000, 39.575, 100.000, 0.000, 2.220, 0, 0 
66627, 176037575, 0.000, -0.000, 39.494, 100.000, 0.000, 2.220, 0, 0 
66627, 177573326, 0.000, -0.000, 39.412, 100.000, 0.000, 2.220, 0, 0 
66627, 179108416, 0.000, -0.000, 39.353, 100.000, 0.000, 2.220, 0, 0 
66627, 180616459, 0.000, -0.000, 39.326, 100.000, 0.000, 2.220, 0, 0 
66627, 182124072, 0.000, -0.000, 39.369, 100.000, 0.000, 2.220, 0, 0 
66627, 183637441, 0.000, -0.000, 39.429, 100.000, 0.000, 2.220, 0, 0 
66627, 185145936, 0.000, -0.000, 39.505, 100.000, 0.000, 2.220, 0, 0 
66627, 186653714, 0.000, -0.000, 39.591, 100.000, 0.000, 2.220, 0, 0 
66627, 188206144, 0.000, -0.000, 39.619, 100.000, 0.000, 2.220, 0, 0 
66627, 189758114, 0.000, -0.000, 39.608, 100.000, 0.000, 2.220, 0, 0 
66627, 191307726, 0.000, -0.000, 39.570, 100.000, 0.000, 2.220, 0, 0 
66627, 192852197, 0.000, -0.000, 39.494, 100.000, 0.000, 2.220, 0, 0 
66627, 194412412, 0.000, -0.000, 39.401, 100.000, 0.000, 2.220, 0, 0 
66627, 195921094, 0.000, -0.000, 39.347, 100.000, 0.000, 2.220, 0, 0 
66627, 197466532, 0.000, -0.000, 39.342, 100.000, 0.000, 2.220, 0, 0 
66627, 199010028, 0.000, -0.000, 39.374, 100.000, 0.000, 2.220, 0, 0 
66627, 200520618, 0.000, -0.000, 39.445, 100.000, 0.000, 2.220, 0, 0 
66627, 202050824, 0.000, -0.000, 39.510, 100.000, 0.000, 2.220, 0, 0 
66627, 203596330, 0.000, -0.000, 39.591, 100.000, 0.000, 2.220, 0, 0 
66627, 205136528, 0.000, -0.000, 39.608, 100.000, 0.000, 2.220, 0, 0 
66627, 206676824, 0.000, -0.000, 39.591, 100.000, 0.000, 2.220, 0, 0 
66627, 208223908, 0.000, -0.000, 39.548, 100.000, 0.000, 2.220, 0, 0 
66627, 209801586, 0.000, -0.000, 39.461, 100.000, 0.000, 2.220, 0, 0 
66627, 211309933, 0.000, -0.000, 39.385, 100.000, 0.000, 2.220, 0, 0 
66627, 212820221, 0.000, -0.000, 39.326, 100.000, 0.000, 2.220, 0, 0 
66627, 214330690, 0.000, -0.000, 39.342, 100.000, 0.000, 2.220, 0, 0 
66627, 215841553, 0.000, -0.000, 39.374, 100.000, 0.000, 2.220, 0, 0 
66627, 217359812, 0.000, -0.000, 39.439, 100.000, 0.000, 2.220, 0, 0 
66627, 218867218, 0.000, -0.000, 39.521, 100.000, 0.000, 2.220, 0, 0 
66627, 220377175, 0.000, -0.000, 39.586, 100.000, 0.000, 2.220, 0, 0 
66627, 221884425, 0.000, -0.000, 39.608, 100.000, 0.000, 2.220, 0, 0 
66627, 223391818, 0.000, -0.000, 39.581, 100.000, 0.000, 2.220, 0, 0 
66627, 224922720, 0.000, -0.000, 39.543, 100.000, 0.000, 2.220, 0, 0 
66627, 226430444, 0.000, -0.000, 39.467, 100.000, 0.000, 2.220, 0, 0 
66627, 227937872, 0.000, -0.000, 39.385, 100.000, 0.000, 2.220, 0, 0 
66627, 229446854, 0.000, -0.000, 39.331, 100.000, 0.000, 2.220, 0, 0 
66627, 230954031, 0.000, -0.000, 39.336, 100.000, 0.000, 2.220, 0, 0 
66627, 232463003, 0.000, -0.000, 39.369, 100.000, 0.000, 2.220, 0, 0 
66627, 233970580, 0.000, -0.000, 39.445, 100.000, 0.000, 2.220, 0, 0 
66627, 235477979, 0.000, -0.000, 39.521, 100.000, 0.000, 2.220, 0, 0 
66627, 236985417, 0.000, -0.000, 39.597, 100.000, 0.000, 2.220, 0, 0 
66627, 238492783, 0.000, -0.000, 39.613, 100.000, 0.000, 2.220, 0, 0 
66627, 240046163, 0.000, -0.000, 39.602, 100.000, 0.000, 2.220, 0, 0 
66627, 241553803, 0.000, -0.000, 39.543, 100.000, 0.000, 2.220, 0, 0 
66627, 243061959, 0.000, -0.000, 39.467, 100.000, 0.000, 2.220, 0, 0 
66627, 244572840, 0.000, -0.000, 39.374, 100.000, 0.000, 2.220, 0, 0 
66627, 246126069, 0.000, -0.000, 39.320, 100.000, 0.000, 2.220, 0, 0 
66627, 247634505, 0.000, -0.000, 39.331, 100.000, 0.000, 2.220, 0, 0 
66627, 249143352, 0.000, -0.000, 39.369, 100.000, 0.000, 2.220, 0, 0 
66627, 250652849, 0.000, -0.000, 39.429, 100.000, 0.000, 2.220, 0, 0 
66627, 252164112, 0.000, -0.000, 39.510, 100.000, 0.000, 2.220, 0, 0 
66627, 253671785, 0.000, -0.000, 39.586, 100.000, 0.000, 2.220, 0, 0 
66627, 255202251, 0.000, -0.000, 39.597, 100.000, 0.000, 2.220, 0, 0 
66627, 256711284, 0.000, -0.000, 39.586, 100.000, 0.000, 2.220, 0, 0 
66627, 258218768, 0.000, -0.000, 39.537, 100.000, 0.000, 2.220, 0, 0 
66627, 259726168, 0.000, -0.000, 39.461, 100.000, 0.000, 2.220, 0, 0 
66627, 261233457, 0.000, -0.000, 39.391, 100.000, 0.000, 2.220, 0, 0 
66627, 262742186, 0.000, -0.000, 39.342, 100.000, 0.000, 2.220, 0, 0 
66627, 264251161, 0.000, -0.000, 39.347, 100.000, 0.000, 2.220, 0, 0 
66627, 265758484, 0.000, -0.000, 39.391, 100.000, 0.000, 2.220, 0, 0 
66627, 267265779, 0.000, -0.000, 39.439, 100.000, 0.000, 2.220, 0, 0 
66627, 268776945, 0.000, -0.000, 39.526, 100.000, 0.000, 2.220, 0, 0 
66627, 270307520, 0.000, -0.000, 39.602, 100.000, 0.000, 2.220, 0, 0 
66627, 271816195, 0.000, -0.000, 39.608, 100.000, 0.000, 2.220, 0, 0 
66627, 273322648, 0.000, -0.000, 39.586, 100.000, 0.000, 2.220, 0, 0 
66627, 274832109, 0.000, -0.000, 39.532, 100.000, 0.000, 2.220, 0, 0 
66627, 276345897, 0.000, -0.000, 39.456, 100.000, 0.000, 2.220, 0, 0 
66627, 277854297, 0.000, -0.000, 39.380, 100.000, 0.000, 2.220, 0, 0 
66627, 279361814, 0.000, -0.000, 39.326, 100.000, 0.000, 2.220, 0, 0 
66627, 280869589, 0.000, -0.000, 39.342, 100.000, 0.000, 2.220, 0, 0 
66627, 282377122, 0.000, -0.000, 39.374, 100.000, 0.000, 2.220, 0, 0 
66627, 283889383, 0.000, -0.000, 39.450, 100.000, 0.000, 2.220, 0, 0 
66627, 285413096, 0.000, -0.000, 39.526, 100.000, 0.000, 2.220, 0, 0 
66627, 286920850, 0.000, -0.000, 39.608, 100.000, 0.000, 2.220, 0, 0 
66627, 288467305, 0.000, -0.000, 39.629, 100.000, 0.000, 2.220, 0, 0 
66627, 289975444, 0.000, -0.000, 39.602, 100.000, 0.000, 2.220, 0, 0 
66627, 291517414, 0.000, -0.000, 39.553, 100.000, 0.000, 2.220, 0, 0 
66627, 293030848, 0.000, -0.000, 39.477, 100.000, 0.000, 2.220, 0, 0 
66627, 294544017, 0.000, -0.000, 39.391, 100.000, 0.000, 2.220, 0, 0 
66627, 296057663, 0.000, -0.000, 39.342, 100.000, 0.000, 2.220, 0, 0 
66627, 297571318, 0.000, -0.000, 39.347, 100.000, 0.000, 2.220, 0, 0 
66627, 299085581, 0.000, -0.000, 39.374, 100.000, 0.000, 2.220, 0, 0 
66627, 300651949, 0.000, -0.000, 39.450, 100.000, 0.000, 2.220, 0, 0 
66627, 302165257, 0.000, -0.000, 39.510, 100.000, 0.000, 2.220, 0, 0 
66627, 303677169, 0.000, -0.000, 39.608, 100.000, 0.000, 2.220, 0, 0 
66627, 305190690, 0.000, -0.000, 39.608, 100.000, 0.000, 2.220, 0, 0 
66627, 306704315, 0.000, -0.000, 39.602, 100.000, 0.000, 2.220, 0, 0 
66627, 308218325, 0.000, -0.000, 39.553, 100.000, 0.000, 2.220, 0, 0 
66627, 309731022, 0.000, -0.000, 39.472, 100.000, 0.000, 2.220, 0, 0 
66627, 311244106, 0.000, -0.000, 39.396, 100.000, 0.000, 2.220, 0, 0 
66627, 312771336, 0.000, -0.000, 39.331, 100.000, 0.000, 2.220, 0, 0 
66627, 314283289, 0.000, -0.000, 39.342, 100.000, 0.000, 2.220, 0, 0 
66627, 315838653, 0.000, -0.000, 39.385, 100.000, 0.000, 2.220, 0, 0 
66627, 317353992, 0.000, -0.000, 39.445, 100.000, 0.000, 2.220, 0, 0 
66627, 318886347, 0.000, -0.000, 39.532, 100.000, 0.000, 2.220, 0, 0 
66627, 320399309, 0.000, -0.000, 39.613, 100.000, 0.000, 2.220, 0, 0 
66627, 321912366, 0.000, -0.000, 39.624, 100.000, 0.000, 2.220, 0, 0 
66627, 323425402, 0.000, -0.000, 39.608, 100.000, 0.000, 2.220, 0, 0 
66627, 324938477, 0.000, -0.000, 39.537, 100.000, 0.000, 2.220, 0, 0 
66627, 326451648, 0.000, -0.000, 39.467, 100.000, 0.000, 2.220, 0, 0 
66627, 327964586, 0.000, -0.000, 39.369, 100.000, 0.000, 2.220, 0, 0 
66627, 329478090, 0.000, -0.000, 39.336, 100.000, 0.000, 2.220, 0, 0 
66627, 331023898, 0.000, -0.000, 39.347, 100.000, 0.000, 2.220, 0, 0 
66627, 332537170, 0.000, -0.000, 39.391, 100.000, 0.000, 2.220, 0, 0 
66627, 334113153, 0.000, -0.000, 39.461, 100.000, 0.000, 2.220, 0, 0 
66627, 335625086, 0.000, -0.000, 39.543, 100.000, 0.000, 2.220, 0, 0 
66627, 337141608, 0.000, -0.000, 39.608, 100.000, 0.000, 2.220, 0, 0 
66627, 338666241, 0.000, -0.000, 39.608, 100.000, 0.000, 2.220, 0, 0 
66627, 340178139, 0.000, -0.000, 39.591, 100.000, 0.000, 2.220, 0, 0 
66627, 341692596, 0.000, -0.000, 39.537, 100.000, 0.000, 2.220, 0, 0 
66627, 343206845, 0.000, -0.000, 39.461, 100.000, 0.000, 2.220, 0, 0 
66627, 344816587, 0.000, -0.000, 39.380, 100.000, 0.000, 2.220, 0, 0 
66627, 346369685, 0.000, -0.000, 39.347, 100.000, 0.000, 2.220, 0, 0 
66627, 347882920, 0.000, -0.000, 39.358, 100.000, 0.000, 2.220, 0, 0 
66627, 349396543, 0.000, -0.000, 39.401, 100.000, 0.000, 2.220, 0, 0 
66627, 350909962, 0.000, -0.000, 39.477, 100.000, 0.000, 2.220, 0, 0 
66627, 352426442, 0.000, -0.000, 39.548, 100.000, 0.000, 2.220, 0, 0 
66627, 353956106, 0.000, -0.000, 39.602, 100.000, 0.000, 2.220, 0, 0 
66627, 355467029, 0.000, -0.000, 39.613, 100.000, 0.000, 2.220, 0, 0 
66627, 356979929, 0.000, -0.000, 39.575, 100.000, 0.000, 2.220, 0, 0 
66627, 358492181, 0.000, -0.000, 39.543, 100.000, 0.000, 2.220, 0, 0 
66627, 360016851, 0.000, -0.000, 39.456, 100.000, 0.000, 2.220, 0, 0 
66627, 361561957, 0.000, -0.000, 39.374, 100.000, 0.000, 2.220, 0, 0 
66627, 363076977, 0.000, -0.000, 39.347, 100.000, 0.000, 2.220, 0, 0 
66627, 364648410, 0.000, -0.000, 39.347, 100.000, 0.000, 2.220, 0, 0 
66627, 366189246, 0.000, -0.000, 39.391, 100.000, 0.000, 2.220, 0, 0 
66627, 367705287, 0.000, -0.000, 39.461, 100.000, 0.000, 2.220, 0, 0 
66627, 369221825, 0.000, -0.000, 39.543, 100.000, 0.000, 2.220, 0, 0 
66627, 370734709, 0.000, -0.000, 39.602, 100.000, 0.000, 2.220, 0, 0 
66627, 372260365, 0.000, -0.000, 39.619, 100.000, 0.000, 2.220, 0, 0 
66627, 373771833, 0.000, -0.000, 39.581, 100.000, 0.000, 2.220, 0, 0 
66627, 375283286, 0.000, -0.000, 39.548, 100.000, 0.000, 2.220, 0, 0 
66627, 376830875, 0.000, -0.000, 39.461, 100.000, 0.000, 2.220, 0, 0 
66627, 378341416, 0.000, -0.000, 39.380, 100.000, 0.000, 2.220, 0, 0 
66627, 379853001, 0.000, -0.000, 39.364, 100.000, 0.000, 2.220, 0, 0 
66627, 381379845, 0.000, -0.000, 39.364, 100.000, 0.000, 2.220, 0, 0 
66627, 382891551, 0.000, -0.000, 39.407, 100.000, 0.000, 2.220, 0, 0 
66627, 384404522, 0.000, -0.000, 39.472, 100.000, 0.000, 2.220, 0, 0 
66627, 385916580, 0.000, -0.000, 39.548, 100.000, 0.000, 2.220, 0, 0 
66627, 387428323, 0.000, -0.000, 39.613, 100.000, 0.000, 2.220, 0, 0 
66627, 388939933, 0.000, -0.000, 39.602, 100.000, 0.000, 2.220, 0, 0 
66627, 390451391, 0.000, -0.000, 39.575, 100.000, 0.000, 2.220, 0, 0 
66627, 391987225, 0.000, -0.000, 39.521, 100.000, 0.000, 2.220, 0, 0 
66627, 393499135, 0.000, -0.000, 39.445, 100.000, 0.000, 2.220, 0, 0 
66627, 395010658, 0.000, -0.000, 39.369, 100.000, 0.000, 2.220, 0, 0 
66627, 396523653, 0.000, -0.000, 39.336, 100.000, 0.000, 2.220, 0, 0 
66627, 398063445, 0.000, -0.000, 39.358, 100.000, 0.000, 2.220, 0, 0 
66627, 399579542, 0.000, -0.000, 39.401, 100.000, 0.000, 2.220, 0, 0 
66627, 401097558, 0.000, -0.000, 39.483, 100.000, 0.000, 2.220, 0, 0 
66627, 402615796, 0.000, -0.000, 39.570, 100.000, 0.000, 2.220, 0, 0 
66627, 404133784, 0.000, -0.000, 39.624, 100.000, 0.000, 2.220, 0, 0 
66627, 405686227, 0.000, -0.000, 39.629, 100.000, 0.000, 2.220, 0, 0 
66627, 407286677, 0.000, -0.000, 39.586, 100.000, 0.000, 2.220, 0, 0 
66627, 408839219, 0.000, -0.000, 39.532, 100.000, 0.000, 2.220, 0, 0 
66627, 410393969, 0.000, -0.000, 39.461, 100.000, 0.000, 2.220, 0, 0 
66627, 411947414, 0.000, -0.000, 39.364, 100.000, 0.000, 2.220, 0, 0 
66627, 413506989, 0.000, -0.000, 39.358, 100.000, 0.000, 2.220, 0, 0 
66627, 415065110, 0.000, -0.000, 39.364, 100.000, 0.000, 2.220, 0, 0 
66627, 416585190, 0.000, -0.000, 39.418, 100.000, 0.000, 2.220, 0, 0 
66627, 418129097, 0.000, -0.000, 39.499, 100.000, 0.000, 2.220, 0, 0 
66627, 419641407, 0.000, -0.000, 39.564, 100.000, 0.000, 2.220, 0, 0 
66627, 421152917, 0.000, -0.000, 39.629, 100.000, 0.000, 2.220, 0, 0 
66627, 422700882, 0.000, -0.000, 39.624, 100.000, 0.000, 2.220, 0, 0 
66627, 424216352, 0.000, -0.000, 39.575, 100.000, 0.000, 2.220, 0, 0 
66627, 425728664, 0.000, -0.000, 39.510, 100.000, 0.000, 2.220, 0, 0 
66627, 427240696, 0.000, -0.000, 39.423, 100.000, 0.000, 2.220, 0, 0 
66627, 428753362, 0.000, -0.000, 39.347, 100.000, 0.000, 2.220, 0, 0 
66627, 430266242, 0.000, -0.000, 39.342, 100.000, 0.000, 2.220, 0, 0 
66627, 431782631, 0.000, -0.000, 39.342, 100.000, 0.000, 2.220, 0, 0 
66627, 433294966, 0.000, -0.000, 39.407, 100.000, 0.000, 2.220, 0, 0 
66627, 434806517, 0.000, -0.000, 39.472, 100.000, 0.000, 2.220, 0, 0 
66627, 436317690, 0.000, -0.000, 39.553, 100.000, 0.000, 2.220, 0, 0 
66627, 437858547, 0.000, -0.000, 39.613, 100.000, 0.000, 2.220, 0, 0 
66627, 439371238, 0.000, -0.000, 39.597, 100.000, 0.000, 2.220, 0, 0 
66627, 440883970, 0.000, -0.000, 39.570, 100.000, 0.000, 2.220, 0, 0 
66627, 442396033, 0.000, -0.000, 39.505, 100.000, 0.000, 2.220, 0, 0 
66627, 443907695, 0.000, -0.000, 39.423, 100.000, 0.000, 2.220, 0, 0 
66627, 445419856, 0.000, -0.000, 39.353, 100.000, 0.000, 2.220, 0, 0 
66627, 446931829, 0.000, -0.000, 39.358, 100.000, 0.000, 2.220, 0, 0 
66627, 448446601, 0.000, -0.000, 39.374, 100.000, 0.000, 2.220, 0, 0 
66627, 450006283, 0.000, -0.000, 39.434, 100.000, 0.000, 2.220, 0, 0 
66627, 451588311, 0.000, -0.000, 39.499, 100.000, 0.000, 2.220, 0, 0 
66627, 453125839, 0.000, -0.000, 39.570, 100.000, 0.000, 2.220, 0, 0 
66627, 454662925, 0.000, -0.000, 39.619, 100.000, 0.000, 2.220, 0, 0 
66627, 456174486, 0.000, -0.000, 39.608, 100.000, 0.000, 2.220, 0, 0 
66627, 457775316, 0.000, -0.000, 39.564, 100.000, 0.000, 2.220, 0, 0 
66627, 459314690, 0.000, -0.000, 39.505, 100.000, 0.000, 2.220, 0, 0 
66627, 460835445, 0.000, -0.000, 39.418, 100.000, 0.000, 2.220, 0, 0 
66627, 462348608, 0.000, -0.000, 39.353, 100.000, 0.000, 2.220, 0, 0 
66627, 463862514, 0.000, -0.000, 39.336, 100.000, 0.000, 2.220, 0, 0 
66627, 465376971, 0.000, -0.000, 39.364, 100.000, 0.000, 2.220, 0, 0 
66627, 466891977, 0.000, -0.000, 39.418, 100.000, 0.000, 2.220, 0, 0 
66627, 468433778, 0.000, -0.000, 39.499, 100.000, 0.000, 2.220, 0, 0 
66627, 469946705, 0.000, -0.000, 39.586, 100.000, 0.000, 2.220, 0, 0 
66627, 471456518, 0.000, -0.000, 39.613, 100.000, 0.000, 2.220, 0, 0 
66627, 472968920, 0.000, -0.000, 39.602, 100.000, 0.000, 2.220, 0, 0 
66627, 474481159, 0.000, -0.000, 39.564, 100.000, 0.000, 2.220, 0, 0 
66627, 475993137, 0.000, -0.000, 39.499, 100.000, 0.000, 2.220, 0, 0 
66627, 477505320, 0.000, -0.000, 39.423, 100.000, 0.000, 2.220, 0, 0 
66627, 479017473, 0.000, -0.000, 39.347, 100.000, 0.000, 2.220, 0, 0 
66627, 480531086, 0.000, -0.000, 39.331, 100.000, 0.000, 2.220, 0, 0 
66627, 482070382, 0.000, -0.000, 39.369, 100.000, 0.000, 2.220, 0, 0 
66627, 483673673, 0.000, -0.000, 39.412, 100.000, 0.000, 2.220, 0, 0 
66627, 485232002, 0.000, -0.000, 39.494, 100.000, 0.000, 2.220, 0, 0 
66627, 486790645, 0.000, -0.000, 39.591, 100.000, 0.000, 2.220, 0, 0 
66627, 488306191, 0.000, -0.000, 39.602, 100.000, 0.000, 2.220, 0, 0 
66627, 489862877, 0.000, -0.000, 39.619, 100.000, 0.000, 2.220, 0, 0 
66627, 491384682, 0.000, -0.000, 39.559, 100.000, 0.000, 2.220, 0, 0 
66627, 492898205, 0.000, -0.000, 39.488, 100.000, 0.000, 2.220, 0, 0 
66627, 494411304, 0.000, -0.000, 39.418, 100.000, 0.000, 2.220, 0, 0 
66627, 495924187, 0.000, -0.000, 39.347, 100.000, 0.000, 2.220, 0, 0 
66627, 497436249, 0.000, -0.000, 39.347, 100.000, 0.000, 2.220, 0, 0 
66627, 498983967, 0.000, -0.000, 39.385, 100.000, 0.000, 2.220, 0, 0 
66627, 500498096, 0.000, -0.000, 39.450, 100.000, 0.000, 2.220, 0, 0 
66627, 502029588, 0.000, -0.000, 39.526, 100.000, 0.000, 2.220, 0, 0 
66627, 503621676, 0.000, -0.000, 39.602, 100.000, 0.000, 2.220, 0, 0 
66627, 505159688, 0.000, -0.000, 39.613, 100.000, 0.000, 2.220, 0, 0 
66627, 506674602, 0.000, -0.000, 39.602, 100.000, 0.000, 2.220, 0, 0 
66627, 508215591, 0.000, -0.000, 39.548, 100.000, 0.000, 2.220, 0, 0 
66627, 509772888, 0.000, -0.000, 39.472, 100.000, 0.000, 2.220, 0, 0 
66627, 511283999, 0.000, -0.000, 39.385, 100.000, 0.000, 2.220, 0, 0 
66627, 512797109, 0.000, -0.000, 39.336, 100.000, 0.000, 2.220, 0, 0 
66627, 514338806, 0.000, -0.000, 39.347, 100.000, 0.000, 2.220, 0, 0 
66627, 515851158, 0.000, -0.000, 39.391, 100.000, 0.000, 2.220, 0, 0 
66627, 517363420, 0.000, -0.000, 39.439, 100.000, 0.000, 2.220, 0, 0 
66627, 518875513, 0.000, -0.000, 39.537, 100.000, 0.000, 2.220, 0, 0 
66627, 520416863, 0.000, -0.000, 39.608, 100.000, 0.000, 2.220, 0, 0 
66627, 521928379, 0.000, -0.000, 39.624, 100.000, 0.000, 2.220, 0, 0 
66627, 523448091, 0.000, -0.000, 39.608, 100.000, 0.000, 2.220, 0, 0 
66627, 524961703, 0.000, -0.000, 39.548, 100.000, 0.000, 2.220, 0, 0 
66627, 526474391, 0.000, -0.000, 39.477, 100.000, 0.000, 2.220, 0, 0 
66627, 527986772, 0.000, -0.000, 39.391, 100.000, 0.000, 2.220, 0, 0 
66627, 529533618, 0.000, -0.000, 39.336, 100.000, 0.000, 2.220, 0, 0 
66627, 531045790, 0.000, -0.000, 39.347, 100.000, 0.000, 2.220, 0, 0 
66627, 532559073, 0.000, -0.000, 39.385, 100.000, 0.000, 2.220, 0, 0 
66627, 534077437, 0.000, -0.000, 39.461, 100.000, 0.000, 2.220, 0, 0 
66627, 535591931, 0.000, -0.000, 39.521, 100.000, 0.000, 2.220, 0, 0 
66627, 537106123, 0.000, -0.000, 39.608, 100.000, 0.000, 2.220, 0, 0 
66627, 538618264, 0.000, -0.000, 39.613, 100.000, 0.000, 2.220, 0, 0 
66627, 540131823, 0.000, -0.000, 39.591, 100.000, 0.000, 2.220, 0, 0 
66627, 541644223, 0.000, -0.000, 39.553, 100.000, 0.000, 2.220, 0, 0 
66627, 543156230, 0.000, -0.000, 39.472, 100.000, 0.000, 2.220, 0, 0 
66627, 544696709, 0.000, -0.000, 39.391, 100.000, 0.000, 2.220, 0, 0 
66627, 546208401, 0.000, -0.000, 39.347, 100.000, 0.000, 2.220, 0, 0 
66627, 547797130, 0.000, -0.000, 39.347, 100.000, 0.000, 2.220, 0, 0 
66627, 549310133, 0.000, -0.000, 39.385, 100.000, 0.000, 2.220, 0, 0 
66627, 550822485, 0.000, -0.000, 39.456, 100.000, 0.000, 2.220, 0, 0 
66627, 552337957, 0.000, -0.000, 39.526, 100.000, 0.000, 2.220, 0, 0 
66627, 553856975, 0.000, -0.000, 39.597, 100.000, 0.000, 2.220, 0, 0 
66627, 555371925, 0.000, -0.000, 39.602, 100.000, 0.000, 2.220, 0, 0 
66627, 556884949, 0.000, -0.000, 39.570, 100.000, 0.000, 2.220, 0, 0 
66627, 558396828, 0.000, -0.000, 39.532, 100.000, 0.000, 2.220, 0, 0 
66627, 559937395, 0.000, -0.000, 39.450, 100.000, 0.000, 2.220, 0, 0 
66627, 561450011, 0.000, -0.000, 39.380, 100.000, 0.000, 2.220, 0, 0 
66627, 562961380, 0.000, -0.000, 39.336, 100.000, 0.000, 2.220, 0, 0 
66627, 564474199, 0.000, -0.000, 39.347, 100.000, 0.000, 2.220, 0, 0 
66627, 565982406, 0.000, -0.000, 39.385, 100.000, 0.000, 2.220, 0, 0 
66627, 567494999, 0.000, -0.000, 39.456, 100.000, 0.000, 2.220, 0, 0 
66627, 569009100, 0.000, -0.000, 39.532, 100.000, 0.000, 2.220, 0, 0 
66627, 570521869, 0.000, -0.000, 39.619, 100.000, 0.000, 2.220, 0, 0 
66627, 572038042, 0.000, -0.000, 39.629, 100.000, 0.000, 2.220, 0, 0 
66627, 573550110, 0.000, -0.000, 39.613, 100.000, 0.000, 2.220, 0, 0 
66627, 575091658, 0.000, -0.000, 39.564, 100.000, 0.000, 2.220, 0, 0 
66627, 576604158, 0.000, -0.000, 39.483, 100.000, 0.000, 2.220, 0, 0 
66627, 578116069, 0.000, -0.000, 39.418, 100.000, 0.000, 2.220, 0, 0 
66627, 579631787, 0.000, -0.000, 39.353, 100.000, 0.000, 2.220, 0, 0 
66627, 581143833, 0.000, -0.000, 39.369, 100.000, 0.000, 2.220, 0, 0 
66627, 582655708, 0.000, -0.000, 39.402, 100.000, 0.000, 2.220, 0, 0 
66627, 584168507, 0.000, -0.000, 39.456, 100.000, 0.000, 2.220, 0, 0 
66627, 585683201, 0.000, -0.000, 39.543, 100.000, 0.000, 2.220, 0, 0 
66627, 587201793, 0.000, -0.000, 39.608, 100.000, 0.000, 2.220, 0, 0 
66627, 588714226, 0.000, -0.000, 39.613, 100.000, 0.000, 2.220, 0, 0 
66627, 590284281, 0.000, -0.000, 39.597, 100.000, 0.000, 2.220, 0, 0 
66627, 591826245, 0.000, -0.000, 39.537, 100.000, 0.000, 2.220, 0, 0 
66627, 593385710, 0.000, -0.000, 39.477, 100.000, 0.000, 2.220, 0, 0 
66627, 594900011, 0.000, -0.000, 39.402, 100.000, 0.000, 2.220, 0, 0 
66627, 596440168, 0.000, -0.000, 39.364, 100.000, 0.000, 2.220, 0, 0 
66627, 597954528, 0.000, -0.000, 39.369, 100.000, 0.000, 2.220, 0, 0 
66627, 599471390, 0.000, -0.000, 39.402, 100.000, 0.000, 2.220, 0, 0 
66627, 600985095, 0.000, -0.000, 39.472, 100.000, 0.000, 2.220, 0, 0 
66627, 602495573, 0.000, -0.000, 39.537, 100.000, 0.000, 2.220, 0, 0 
66627, 604011683, 0.000, -0.000, 39.608, 100.000, 0.000, 2.220, 0, 0 
66627, 605557996, 0.000, -0.000, 39.613, 100.000, 0.000, 2.220, 0, 0 
66627, 607073652, 0.000, -0.000, 39.602, 100.000, 0.000, 2.220, 0, 0 
66627, 608585570, 0.000, -0.000, 39.553, 100.000, 0.000, 2.220, 0, 0 
66627, 610097409, 0.000, -0.000, 39.472, 100.000, 0.000, 2.220, 0, 0 
66627, 611609433, 0.000, -0.000, 39.385, 100.000, 0.000, 2.220, 0, 0 
66627, 613123265, 0.000, -0.000, 39.353, 100.000, 0.000, 2.220, 0, 0 
66627, 614636282, 0.000, -0.000, 39.374, 100.000, 0.000, 2.220, 0, 0 
66627, 616147843, 0.000, -0.000, 39.402, 100.000, 0.000, 2.220, 0, 0 
66627, 617669324, 0.000, -0.000, 39.483, 100.000, 0.000, 2.220, 0, 0 
66627, 619182487, 0.000, -0.000, 39.564, 100.000, 0.000, 2.220, 0, 0 
66627, 620730266, 0.000, -0.000, 39.635, 100.000, 0.000, 2.220, 0, 0 
66627, 622242444, 0.000, -0.000, 39.635, 100.000, 0.000, 2.220, 0, 0 
66627, 623755714, 0.000, -0.000, 39.597, 100.000, 0.000, 2.220, 0, 0 
66627, 625268548, 0.000, -0.000, 39.543, 100.000, 0.000, 2.220, 0, 0 
66627, 626827288, 0.000, -0.000, 39.467, 100.000, 0.000, 2.220, 0, 0 
66627, 628385260, 0.000, -0.000, 39.380, 100.000, 0.000, 2.220, 0, 0 
66627, 629941881, 0.000, -0.000, 39.336, 100.000, 0.000, 2.220, 0, 0 
66627, 631500092, 0.000, -0.000, 39.358, 100.000, 0.000, 2.220, 0, 0 
66627, 633017802, 0.000, -0.000, 39.396, 100.000, 0.000, 2.220, 0, 0 
66627, 634531862, 0.000, -0.000, 39.472, 100.000, 0.000, 2.220, 0, 0 
66627, 636106074, 0.000, -0.000, 39.548, 100.000, 0.000, 2.220, 0, 0 
66627, 637618867, 0.000, -0.000, 39.613, 100.000, 0.000, 2.220, 0, 0 
66627, 639131397, 0.000, -0.000, 39.613, 100.000, 0.000, 2.220, 0, 0 
66627, 640666439, 0.000, -0.000, 39.586, 100.000, 0.000, 2.220, 0, 0 
66627, 642202453, 0.000, -0.000, 39.526, 100.000, 0.000, 2.220, 0, 0 
66627, 643752753, 0.000, -0.000, 39.445, 100.000, 0.000, 2.220, 0, 0 
66627, 645289677, 0.000, -0.000, 39.364, 100.000, 0.000, 2.220, 0, 0 
66627, 646810648, 0.000, -0.000, 39.342, 100.000, 0.000, 2.220, 0, 0 
66627, 648324324, 0.000, -0.000, 39.353, 100.000, 0.000, 2.220, 0, 0 
66627, 649837446, 0.000, -0.000, 39.401, 100.000, 0.000, 2.220, 0, 0 
66627, 651385324, 0.000, -0.000, 39.483, 100.000, 0.000, 2.220, 0, 0 
66627, 652898983, 0.000, -0.000, 39.564, 100.000, 0.000, 2.220, 0, 0 
66627, 654411366, 0.000, -0.000, 39.624, 100.000, 0.000, 2.220, 0, 0 
66627, 655923238, 0.000, -0.000, 39.619, 100.000, 0.000, 2.220, 0, 0 
66627, 657433856, 0.000, -0.000, 39.581, 100.000, 0.000, 2.220, 0, 0 
66627, 658944517, 0.000, -0.000, 39.521, 100.000, 0.000, 2.220, 0, 0 
66627, 660456420, 0.000, -0.000, 39.445, 100.000, 0.000, 2.220, 0, 0 
66627, 661968356, 0.000, -0.000, 39.369, 100.000, 0.000, 2.220, 0, 0 
66627, 663480775, 0.000, -0.000, 39.347, 100.000, 0.000, 2.220, 0, 0 
66627, 664992793, 0.000, -0.000, 39.369, 100.000, 0.000, 2.220, 0, 0 
66627, 666559715, 0.000, -0.000, 39.412, 100.000, 0.000, 2.220, 0, 0 
66627, 668072095, 0.000, -0.000, 39.483, 100.000, 0.000, 2.220, 0, 0 
66627, 669583845, 0.000, -0.000, 39.553, 100.000, 0.000, 2.220, 0, 0 
66627, 671096225, 0.000, -0.000, 39.619, 100.000, 0.000, 2.220, 0, 0 
66627, 672608553, 0.000, -0.000, 39.608, 100.000, 0.000, 2.220, 0, 0 
66627, 674120570, 0.000, -0.000, 39.586, 100.000, 0.000, 2.220, 0, 0 
66627, 675632622, 0.000, -0.000, 39.505, 100.000, 0.000, 2.220, 0, 0 
66627, 677144654, 0.000, -0.000, 39.429, 100.000, 0.000, 2.220, 0, 0 
66627, 678657415, 0.000, -0.000, 39.358, 100.000, 0.000, 2.220, 0, 0 
66627, 680170529, 0.000, -0.000, 39.342, 100.000, 0.000, 2.220, 0, 0 
66627, 681716270, 0.000, -0.000, 39.369, 100.000, 0.000, 2.220, 0, 0 
66627, 683227577, 0.000, -0.000, 39.429, 100.000, 0.000, 2.220, 0, 0 
66627, 684740690, 0.000, -0.000, 39.494, 100.000, 0.000, 2.220, 0, 0 
66627, 686253050, 0.000, -0.000, 39.586, 100.000, 0.000, 2.220, 0, 0 
66627, 687764077, 0.000, -0.000, 39.635, 100.000, 0.000, 2.220, 0, 0 
66627, 689274279, 0.000, -0.000, 39.629, 100.000, 0.000, 2.220, 0, 0 
66627, 690786159, 0.000, -0.000, 39.608, 100.000, 0.000, 2.220, 0, 0 
66627, 692301310, 0.000, -0.000, 39.526, 100.000, 0.000, 2.220, 0, 0 
66627, 693813899, 0.000, -0.000, 39.461, 100.000, 0.000, 2.220, 0, 0 
66627, 695325464, 0.000, -0.000, 39.380, 100.000, 0.000, 2.220, 0, 0 
66627, 696879554, 0.000, -0.000, 39.353, 100.000, 0.000, 2.220, 0, 0 
66627, 698392179, 0.000, -0.000, 39.385, 100.000, 0.000, 2.220, 0, 0 
66627, 699904093, 0.000, -0.000, 39.418, 100.000, 0.000, 2.220, 0, 0 
66627, 701416046, 0.000, -0.000, 39.494, 100.000, 0.000, 2.220, 0, 0 
66627, 702929739, 0.000, -0.000, 39.586, 100.000, 0.000, 2.220, 0, 0 
66627, 704444222, 0.000, -0.000, 39.629, 100.000, 0.000, 2.220, 0, 0 
66627, 705958742, 0.000, -0.000, 39.629, 100.000, 0.000, 2.220, 0, 0 
66627, 707473554, 0.000, -0.000, 39.586, 100.000, 0.000, 2.220, 0, 0 
66627, 708987471, 0.000, -0.000, 39.521, 100.000, 0.000, 2.220, 0, 0 
66627, 710500176, 0.000, -0.000, 39.450, 100.000, 0.000, 2.220, 0, 0 
66627, 712103887, 0.000, -0.000, 39.364, 100.000, 0.000, 2.220, 0, 0 
66627, 713616888, 0.000, -0.000, 39.353, 100.000, 0.000, 2.220, 0, 0 
66627, 715129149, 0.000, -0.000, 39.358, 100.000, 0.000, 2.220, 0, 0 
66627, 716644187, 0.000, -0.000, 39.418, 100.000, 0.000, 2.220, 0, 0 
66627, 718159841, 0.000, -0.000, 39.494, 100.000, 0.000, 2.220, 0, 0 
66627, 719676371, 0.000, -0.000, 39.570, 100.000, 0.000, 2.220, 0, 0 
66627, 721262828, 0.000, -0.000, 39.613, 100.000, 0.000, 2.220, 0, 0 
66627, 722805392, 0.000, -0.000, 39.597, 100.000, 0.000, 2.220, 0, 0 
66627, 724334346, 0.000, -0.000, 39.564, 100.000, 0.000, 2.220, 0, 0 
66627, 725881614, 0.000, -0.000, 39.483, 100.000, 0.000, 2.220, 0, 0 
66627, 727439366, 0.000, -0.000, 39.412, 100.000, 0.000, 2.220, 0, 0 
66627, 728970422, 0.000, -0.000, 39.331, 100.000, 0.000, 2.220, 0, 0 
66627, 730583623, 0.000, -0.000, 39.331, 100.000, 0.000, 2.220, 0, 0 
66627, 732089897, 0.000, -0.000, 39.364, 100.000, 0.000, 2.220, 0, 0 
66627, 733597714, 0.000, -0.000, 39.418, 100.000, 0.000, 2.220, 0, 0 
66627, 735105378, 0.000, -0.000, 39.499, 100.000, 0.000, 2.220, 0, 0 
66627, 736612753, 0.000, -0.000, 39.575, 100.000, 0.000, 2.220, 0, 0 
66627, 738120415, 0.000, -0.000, 39.613, 100.000, 0.000, 2.220, 0, 0 
66627, 739627711, 0.000, -0.000, 39.602, 100.000, 0.000, 2.220, 0, 0 
66627, 741139491, 0.000, -0.000, 39.553, 100.000, 0.000, 2.220, 0, 0 
66627, 742676126, 0.000, -0.000, 39.488, 100.000, 0.000, 2.220, 0, 0 
66627, 744186808, 0.000, -0.000, 39.418, 100.000, 0.000, 2.220, 0, 0 
66627, 745694651, 0.000, -0.000, 39.347, 100.000, 0.000, 2.220, 0, 0 
66627, 747202118, 0.000, -0.000, 39.347, 100.000, 0.000, 2.220, 0, 0 
66627, 748710607, 0.000, -0.000, 39.364, 100.000, 0.000, 2.220, 0, 0 
66627, 750218919, 0.000, -0.000, 39.423, 100.000, 0.000, 2.220, 0, 0 
66627, 751727781, 0.000, -0.000, 39.488, 100.000, 0.000, 2.220, 0, 0 
66627, 753240390, 0.000, -0.000, 39.581, 100.000, 0.000, 2.220, 0, 0 
66627, 754748905, 0.000, -0.000, 39.619, 100.000, 0.000, 2.220, 0, 0 
66627, 756259412, 0.000, -0.000, 39.608, 100.000, 0.000, 2.220, 0, 0 
66627, 757793233, 0.000, -0.000, 39.581, 100.000, 0.000, 2.220, 0, 0 
66627, 759302204, 0.000, -0.000, 39.515, 100.000, 0.000, 2.220, 0, 0 
66627, 760810481, 0.000, -0.000, 39.450, 100.000, 0.000, 2.220, 0, 0 
66627, 762318800, 0.000, -0.000, 39.374, 100.000, 0.000, 2.220, 0, 0 
66627, 763828570, 0.000, -0.000, 39.353, 100.000, 0.000, 2.220, 0, 0 
66627, 765336586, 0.000, -0.000, 39.374, 100.000, 0.000, 2.220, 0, 0 
66627, 766844705, 0.000, -0.000, 39.429, 100.000, 0.000, 2.220, 0, 0 
66627, 768354860, 0.000, -0.000, 39.505, 100.000, 0.000, 2.220, 0, 0 
66627, 769863100, 0.000, -0.000, 39.597, 100.000, 0.000, 2.220, 0, 0 
66627, 771371499, 0.000, -0.000, 39.646, 100.000, 0.000, 2.220, 0, 0 
66627, 772917705, 0.000, -0.000, 39.624, 100.000, 0.000, 2.220, 0, 0 
66627, 774428332, 0.000, -0.000, 39.591, 100.000, 0.000, 2.220, 0, 0 
66627, 775937270, 0.000, -0.000, 39.505, 100.000, 0.000, 2.220, 0, 0 
66627, 777446475, 0.000, -0.000, 39.429, 100.000, 0.000, 2.220, 0, 0 
66627, 778994616, 0.000, -0.000, 39.358, 100.000, 0.000, 2.220, 0, 0 
66627, 780545396, 0.000, -0.000, 39.342, 100.000, 0.000, 2.220, 0, 0 
66627, 782095279, 0.000, -0.000, 39.374, 100.000, 0.000, 2.220, 0, 0 
66627, 783604984, 0.000, -0.000, 39.418, 100.000, 0.000, 2.220, 0, 0 
66627, 785211163, 0.000, -0.000, 39.505, 100.000, 0.000, 2.220, 0, 0 
66627, 786754069, 0.000, -0.000, 39.591, 100.000, 0.000, 2.220, 0, 0 
66627, 788328232, 0.000, -0.000, 39.629, 100.000, 0.000, 2.220, 0, 0 
66627, 789871173, 0.000, -0.000, 39.624, 100.000, 0.000, 2.220, 0, 0 
66627, 791414274, 0.000, -0.000, 39.575, 100.000, 0.000, 2.220, 0, 0 
66627, 792957170, 0.000, -0.000, 39.521, 100.000, 0.000, 2.220, 0, 0 
66627, 794505147, 0.000, -0.000, 39.434, 100.000, 0.000, 2.220, 0, 0 
66627, 796063851, 0.000, -0.000, 39.374, 100.000, 0.000, 2.220, 0, 0 
66627, 797610891, 0.000, -0.000, 39.369, 100.000, 0.000, 2.220, 0, 0 
66627, 799165424, 0.000, -0.000, 39.396, 100.000, 0.000, 2.220, 0, 0 
66627, 800713226, 0.000, -0.000, 39.467, 100.000, 0.000, 2.220, 0, 0 
66627, 802247544, 0.000, -0.000, 39.532, 100.000, 0.000, 2.220, 0, 0 
66627, 803790284, 0.000, -0.000, 39.619, 100.000, 0.000, 2.220, 0, 0 
66627, 805300686, 0.000, -0.000, 39.640, 100.000, 0.000, 2.220, 0, 0 
66627, 806842642, 0.000, -0.000, 39.624, 100.000, 0.000, 2.220, 0, 0 
66627, 808371728, 0.000, -0.000, 39.575, 100.000, 0.000, 2.220, 0, 0 
66627, 809882039, 0.000, -0.000, 39.494, 100.000, 0.000, 2.220, 0, 0 
66627, 811389887, 0.000, -0.000, 39.412, 100.000, 0.000, 2.220, 0, 0 
66627, 812898689, 0.000, -0.000, 39.364, 100.000, 0.000, 2.220, 0, 0 
66627, 814406281, 0.000, -0.000, 39.364, 100.000, 0.000, 2.220, 0, 0 
66627, 815919049, 0.000, -0.000, 39.396, 100.000, 0.000, 2.220, 0, 0 
66627, 817443316, 0.000, -0.000, 39.461, 100.000, 0.000, 2.220, 0, 0 
66627, 818981767, 0.000, -0.000, 39.543, 100.000, 0.000, 2.220, 0, 0 
66627, 820490165, 0.000, -0.000, 39.629, 100.000, 0.000, 2.220, 0, 0 
66627, 822020589, 0.000, -0.000, 39.640, 100.000, 0.000, 2.220, 0, 0 
66627, 823564885, 0.000, -0.000, 39.619, 100.000, 0.000, 2.220, 0, 0 
66627, 825110263, 0.000, -0.000, 39.570, 100.000, 0.000, 2.220, 0, 0 
66627, 826620393, 0.000, -0.000, 39.483, 100.000, 0.000, 2.220, 0, 0 
66627, 828129339, 0.000, -0.000, 39.402, 100.000, 0.000, 2.220, 0, 0 
66627, 829638334, 0.000, -0.000, 39.331, 100.000, 0.000, 2.220, 0, 0 
66627, 831188267, 0.000, -0.000, 39.347, 100.000, 0.000, 2.220, 0, 0 
66627, 832742568, 0.000, -0.000, 39.374, 100.000, 0.000, 2.220, 0, 0 
66627, 834282925, 0.000, -0.000, 39.450, 100.000, 0.000, 2.220, 0, 0 
66627, 835792449, 0.000, -0.000, 39.526, 100.000, 0.000, 2.220, 0, 0 
66627, 837332509, 0.000, -0.000, 39.608, 100.000, 0.000, 2.220, 0, 0 
66627, 838867682, 0.000, -0.000, 39.608, 100.000, 0.000, 2.220, 0, 0 
66627, 840425494, 0.000, -0.000, 39.602, 100.000, 0.000, 2.220, 0, 0 
66627, 841977907, 0.000, -0.000, 39.553, 100.000, 0.000, 2.220, 0, 0 
66627, 843526680, 0.000, -0.000, 39.483, 100.000, 0.000, 2.220, 0, 0 
66627, 845078410, 0.000, -0.000, 39.402, 100.000, 0.000, 2.220, 0, 0 
66627, 846627307, 0.000, -0.000, 39.353, 100.000, 0.000, 2.220, 0, 0 
66627, 848181865, 0.000, -0.000, 39.380, 100.000, 0.000, 2.220, 0, 0 
66627, 849730185, 0.000, -0.000, 39.418, 100.000, 0.000, 2.220, 0, 0 
66627, 851265300, 0.000, -0.000, 39.477, 100.000, 0.000, 2.220, 0, 0 
66627, 852774243, 0.000, -0.000, 39.559, 100.000, 0.000, 2.220, 0, 0 
66627, 854283060, 0.000, -0.000, 39.629, 100.000, 0.000, 2.220, 0, 0 
66627, 855794018, 0.000, -0.000, 39.629, 100.000, 0.000, 2.220, 0, 0 
66627, 857302908, 0.000, -0.000, 39.597, 100.000, 0.000, 2.220, 0, 0 
66627, 858811891, 0.000, -0.000, 39.537, 100.000, 0.000, 2.220, 0, 0 
66627, 860322695, 0.000, -0.000, 39.461, 100.000, 0.000, 2.220, 0, 0 
66627, 861831543, 0.000, -0.000, 39.391, 100.000, 0.000, 2.220, 0, 0 
66627, 863341533, 0.000, -0.000, 39.347, 100.000, 0.000, 2.220, 0, 0 
66627, 864882090, 0.000, -0.000, 39.358, 100.000, 0.000, 2.220, 0, 0 
66627, 866391159, 0.000, -0.000, 39.391, 100.000, 0.000, 2.220, 0, 0 
66627, 867942751, 0.000, -0.000, 39.467, 100.000, 0.000, 2.220, 0, 0 
66627, 869478606, 0.000, -0.000, 39.537, 100.000, 0.000, 2.220, 0, 0 
66627, 871031533, 0.000, -0.000, 39.624, 100.000, 0.000, 2.220, 0, 0 
66627, 872582252, 0.000, -0.000, 39.613, 100.000, 0.000, 2.220, 0, 0 
66627, 874139692, 0.000, -0.000, 39.597, 100.000, 0.000, 2.220, 0, 0 
66627, 875737354, 0.000, -0.000, 39.537, 100.000, 0.000, 2.220, 0, 0 
66627, 877300198, 0.000, -0.000, 39.456, 100.000, 0.000, 2.220, 0, 0 
66627, 878849085, 0.000, -0.000, 39.391, 100.000, 0.000, 2.220, 0, 0 
66627, 880434225, 0.000, -0.000, 39.364, 100.000, 0.000, 2.220, 0, 0 
66627, 881948271, 0.000, -0.000, 39.385, 100.000, 0.000, 2.220, 0, 0 
66627, 883460293, 0.000, -0.000, 39.434, 100.000, 0.000, 2.220, 0, 0 
66627, 884972092, 0.000, -0.000, 39.515, 100.000, 0.000, 2.220, 0, 0 
66627, 886503787, 0.000, -0.000, 39.591, 100.000, 0.000, 2.220, 0, 0 
66627, 888055988, 0.000, -0.000, 39.651, 100.000, 0.000, 2.220, 0, 0 
66627, 889605009, 0.000, -0.000, 39.635, 100.000, 0.000, 2.220, 0, 0 
66627, 891151194, 0.000, -0.000, 39.591, 100.000, 0.000, 2.220, 0, 0 
66627, 892687610, 0.000, -0.000, 39.532, 100.000, 0.000, 2.220, 0, 0 
66627, 894236895, 0.000, -0.000, 39.439, 100.000, 0.000, 2.220, 0, 0 
66627, 895776740, 0.000, -0.000, 39.374, 100.000, 0.000, 2.220, 0, 0 
66627, 897286137, 0.000, -0.000, 39.353, 100.000, 0.000, 2.220, 0, 0 
66627, 898795892, 0.000, -0.000, 39.369, 100.000, 0.000, 2.220, 0, 0 
66627, 900311625, 0.000, -0.000, 39.429, 100.000, 0.000, 2.220, 0, 0 
66627, 901846835, 0.000, -0.000, 39.499, 100.000, 0.000, 2.220, 0, 0 
66627, 903355946, 0.000, -0.000, 39.591, 100.000, 0.000, 2.220, 0, 0 
66627, 904864338, 0.000, -0.000, 39.635, 100.000, 0.000, 2.220, 0, 0 
66627, 906372110, 0.000, -0.000, 39.624, 100.000, 0.000, 2.220, 0, 0 
66627, 907879819, 0.000, -0.000, 39.586, 100.000, 0.000, 2.220, 0, 0 
66627, 909391132, 0.000, -0.000, 39.521, 100.000, 0.000, 2.220, 0, 0 
66627, 910931187, 0.000, -0.000, 39.434, 100.000, 0.000, 2.220, 0, 0 
66627, 912440123, 0.000, -0.000, 39.358, 100.000, 0.000, 2.220, 0, 0 
66627, 914036968, 0.000, -0.000, 39.353, 100.000, 0.000, 2.220, 0, 0 
66627, 915546434, 0.000, -0.000, 39.358, 100.000, 0.000, 2.220, 0, 0 
66627, 917055388, 0.000, -0.000, 39.418, 100.000, 0.000, 2.220, 0, 0 
66627, 918563564, 0.000, -0.000, 39.499, 100.000, 0.000, 2.220, 0, 0 
66627, 920074429, 0.000, -0.000, 39.575, 100.000, 0.000, 2.220, 0, 0 
66627, 921582765, 0.000, -0.000, 39.624, 100.000, 0.000, 2.220, 0, 0 
66627, 923091108, 0.000, -0.000, 39.619, 100.000, 0.000, 2.220, 0, 0 
66627, 924599591, 0.000, -0.000, 39.581, 100.000, 0.000, 2.220, 0, 0 
66627, 926143694, 0.000, -0.000, 39.521, 100.000, 0.000, 2.220, 0, 0 
66627, 927653662, 0.000, -0.000, 39.439, 100.000, 0.000, 2.220, 0, 0 
66627, 929210405, 0.000, -0.000, 39.369, 100.000, 0.000, 2.220, 0, 0 
66627, 930758297, 0.000, -0.000, 39.358, 100.000, 0.000, 2.220, 0, 0 
66627, 932268034, 0.000, -0.000, 39.374, 100.000, 0.000, 2.220, 0, 0 
66627, 933808876, 0.000, -0.000, 39.434, 100.000, 0.000, 2.220, 0, 0 
66627, 935319047, 0.000, -0.000, 39.521, 100.000, 0.000, 2.220, 0, 0 
66627, 936850640, 0.000, -0.000, 39.602, 100.000, 0.000, 2.220, 0, 0 
66627, 938399773, 0.000, -0.000, 39.646, 100.000, 0.000, 2.220, 0, 0 
66627, 939909417, 0.000, -0.000, 39.635, 100.000, 0.000, 2.220, 0, 0 
66627, 941443447, 0.000, -0.000, 39.591, 100.000, 0.000, 2.220, 0, 0 
66627, 942952669, 0.000, -0.000, 39.526, 100.000, 0.000, 2.220, 0, 0 
66627, 944463594, 0.000, -0.000, 39.434, 100.000, 0.000, 2.220, 0, 0 
66627, 945972540, 0.000, -0.000, 39.369, 100.000, 0.000, 2.220, 0, 0 
66627, 947481560, 0.000, -0.000, 39.353, 100.000, 0.000, 2.220, 0, 0 
66627, 948990305, 0.000, -0.000, 39.391, 100.000, 0.000, 2.220, 0, 0 
66627, 950498900, 0.000, -0.000, 39.439, 100.000, 0.000, 2.220, 0, 0 
66627, 952009719, 0.000, -0.000, 39.526, 100.000, 0.000, 2.220, 0, 0 
66627, 953518542, 0.000, -0.000, 39.597, 100.000, 0.000, 2.220, 0, 0 
66627, 955027163, 0.000, -0.000, 39.635, 100.000, 0.000, 2.220, 0, 0 
66627, 956567781, 0.000, -0.000, 39.624, 100.000, 0.000, 2.220, 0, 0 
66627, 958077609, 0.000, -0.000, 39.581, 100.000, 0.000, 2.220, 0, 0 
66627, 959618567, 0.000, -0.000, 39.515, 100.000, 0.000, 2.220, 0, 0 
66627, 961209795, 0.000, -0.000, 39.439, 100.000, 0.000, 2.220, 0, 0 
66627, 962772761, 0.000, -0.000, 39.374, 100.000, 0.000, 2.220, 0, 0 
66627, 964285364, 0.000, -0.000, 39.374, 100.000, 0.000, 2.220, 0, 0 
66627, 965833901, 0.000, -0.000, 39.402, 100.000, 0.000, 2.220, 0, 0 
66627, 967383950, 0.000, -0.000, 39.450, 100.000, 0.000, 2.220, 0, 0 
66627, 968894171, 0.000, -0.000, 39.537, 100.000, 0.000, 2.220, 0, 0 
66627, 970403697, 0.000, -0.000, 39.608, 100.000, 0.000, 2.220, 0, 0 
66627, 971933504, 0.000, -0.000, 39.629, 100.000, 0.000, 2.220, 0, 0 
66627, 973442460, 0.000, -0.000, 39.613, 100.000, 0.000, 2.220, 0, 0 
66627, 974951072, 0.000, -0.000, 39.564, 100.000, 0.000, 2.220, 0, 0 
66627, 976461588, 0.000, -0.000, 39.499, 100.000, 0.000, 2.220, 0, 0 
66627, 977969881, 0.000, -0.000, 39.418, 100.000, 0.000, 2.220, 0, 0 
66627, 979478400, 0.000, -0.000, 39.347, 100.000, 0.000, 2.220, 0, 0 
66627, 980986994, 0.000, -0.000, 39.336, 100.000, 0.000, 2.220, 0, 0 
66627, 982497024, 0.000, -0.000, 39.369, 100.000, 0.000, 2.220, 0, 0 
66627, 984008972, 0.000, -0.000, 39.429, 100.000, 0.000, 2.220, 0, 0 
66627, 985517911, 0.000, -0.000, 39.510, 100.000, 0.000, 2.220, 0, 0 
66627, 987051277, 0.000, -0.000, 39.597, 100.000, 0.000, 2.220, 0, 0 
66627, 988562357, 0.000, -0.000, 39.619, 100.000, 0.000, 2.220, 0, 0 
66627, 990071122, 0.000, -0.000, 39.624, 100.000, 0.000, 2.220, 0, 0 
66627, 991580027, 0.000, -0.000, 39.570, 100.000, 0.000, 2.220, 0, 0 
66627, 993088527, 0.000, -0.000, 39.499, 100.000, 0.000, 2.220, 0, 0 
66627, 994597026, 0.000, -0.000, 39.407, 100.000, 0.000, 2.220, 0, 0 
66627, 996105974, 0.000, -0.000, 39.342, 100.000, 0.000, 2.220, 0, 0 
66627, 997614289, 0.000, -0.000, 39.353, 100.000, 0.000, 2.220, 0, 0 
66627, 999122740, 0.000, -0.000, 39.380, 100.000, 0.000, 2.220, 0, 0 
66628, 636836, 0.000, -0.000, 39.434, 100.000, 0.000, 2.220, 0, 0 
66628, 2176365, 0.000, -0.000, 39.532, 100.000, 0.000, 2.220, 0, 0 
66628, 3685570, 0.000, -0.000, 39.602, 100.000, 0.000, 2.220, 0, 0 
66628, 5194206, 0.000, -0.000, 39.629, 100.000, 0.000, 2.220, 0, 0 
66628, 6702752, 0.000, -0.000, 39.624, 100.000, 0.000, 2.220, 0, 0 
66628, 8211936, 0.000, -0.000, 39.570, 100.000, 0.000, 2.220, 0, 0 
66628, 9720095, 0.000, -0.000, 39.510, 100.000, 0.000, 2.220, 0, 0 
66628, 11227726, 0.000, -0.000, 39.423, 100.000, 0.000, 2.220, 0, 0 
66628, 12738986, 0.000, -0.000, 39.347, 100.000, 0.000, 2.220, 0, 0 
66628, 14248858, 0.000, -0.000, 39.374, 100.000, 0.000, 2.220, 0, 0 
66628, 15796603, 0.000, -0.000, 39.391, 100.000, 0.000, 2.220, 0, 0 
66628, 17369132, 0.000, -0.000, 39.456, 100.000, 0.000, 2.220, 0, 0 
66628, 18928256, 0.000, -0.000, 39.526, 100.000, 0.000, 2.220, 0, 0 
66628, 20437466, 0.000, -0.000, 39.602, 100.000, 0.000, 2.220, 0, 0 
66628, 21946142, 0.000, -0.000, 39.629, 100.000, 0.000, 2.220, 0, 0 
66628, 23454510, 0.000, -0.000, 39.624, 100.000, 0.000, 2.220, 0, 0 
66628, 24963197, 0.000, -0.000, 39.581, 100.000, 0.000, 2.220, 0, 0 
66628, 26471397, 0.000, -0.000, 39.505, 100.000, 0.000, 2.220, 0, 0 
66628, 27979822, 0.000, -0.000, 39.423, 100.000, 0.000, 2.220, 0, 0 
66628, 29488147, 0.000, -0.000, 39.358, 100.000, 0.000, 2.220, 0, 0 
66628, 30996442, 0.000, -0.000, 39.374, 100.000, 0.000, 2.220, 0, 0 
66628, 32532337, 0.000, -0.000, 39.391, 100.000, 0.000, 2.220, 0, 0 
66628, 34044858, 0.000, -0.000, 39.445, 100.000, 0.000, 2.220, 0, 0 
66628, 35572559, 0.000, -0.000, 39.521, 100.000, 0.000, 2.220, 0, 0 
66628, 37081429, 0.000, -0.000, 39.586, 100.000, 0.000, 2.220, 0, 0 
66628, 38589692, 0.000, -0.000, 39.619, 100.000, 0.000, 2.220, 0, 0 
66628, 40098771, 0.000, -0.000, 39.608, 100.000, 0.000, 2.220, 0, 0 
66628, 41606327, 0.000, -0.000, 39.564, 100.000, 0.000, 2.220, 0, 0 
66628, 43114074, 0.000, -0.000, 39.510, 100.000, 0.000, 2.220, 0, 0 
66628, 44622794, 0.000, -0.000, 39.429, 100.000, 0.000, 2.220, 0, 0 
66628, 46131505, 0.000, -0.000, 39.369, 100.000, 0.000, 2.220, 0, 0 
66628, 47664864, 0.000, -0.000, 39.385, 100.000, 0.000, 2.220, 0, 0 
66628, 49177396, 0.000, -0.000, 39.402, 100.000, 0.000, 2.220, 0, 0 
66628, 50687005, 0.000, -0.000, 39.477, 100.000, 0.000, 2.220, 0, 0 
66628, 52199823, 0.000, -0.000, 39.543, 100.000, 0.000, 2.220, 0, 0 
66628, 53708396, 0.000, -0.000, 39.624, 100.000, 0.000, 2.220, 0, 0 
66628, 55216828, 0.000, -0.000, 39.651, 100.000, 0.000, 2.220, 0, 0 
66628, 56764915, 0.000, -0.000, 39.629, 100.000, 0.000, 2.220, 0, 0 
66628, 58274124, 0.000, -0.000, 39.591, 100.000, 0.000, 2.220, 0, 0 
66628, 59784659, 0.000, -0.000, 39.515, 100.000, 0.000, 2.220, 0, 0 
66628, 61292967, 0.000, -0.000, 39.434, 100.000, 0.000, 2.220, 0, 0 
66628, 62825928, 0.000, -0.000, 39.369, 100.000, 0.000, 2.220, 0, 0 
66628, 64335359, 0.000, -0.000, 39.369, 100.000, 0.000, 2.220, 0, 0 
66628, 65843654, 0.000, -0.000, 39.402, 100.000, 0.000, 2.220, 0, 0 
66628, 67357337, 0.000, -0.000, 39.456, 100.000, 0.000, 2.220, 0, 0 
66628, 68868105, 0.000, -0.000, 39.526, 100.000, 0.000, 2.220, 0, 0 
66628, 70374764, 0.000, -0.000, 39.597, 100.000, 0.000, 2.220, 0, 0 
66628, 71883092, 0.000, -0.000, 39.619, 100.000, 0.000, 2.220, 0, 0 
66628, 73390740, 0.000, -0.000, 39.602, 100.000, 0.000, 2.220, 0, 0 
66628, 74898274, 0.000, -0.000, 39.564, 100.000, 0.000, 2.220, 0, 0 
66628, 76406654, 0.000, -0.000, 39.483, 100.000, 0.000, 2.220, 0, 0 
66628, 77941318, 0.000, -0.000, 39.418, 100.000, 0.000, 2.220, 0, 0 
66628, 79449826, 0.000, -0.000, 39.342, 100.000, 0.000, 2.220, 0, 0 
66628, 80961568, 0.000, -0.000, 39.358, 100.000, 0.000, 2.220, 0, 0 
66628, 82514200, 0.000, -0.000, 39.391, 100.000, 0.000, 2.220, 0, 0 
66628, 84022448, 0.000, -0.000, 39.450, 100.000, 0.000, 2.220, 0, 0 
66628, 85532556, 0.000, -0.000, 39.537, 100.000, 0.000, 2.220, 0, 0 
66628, 87041246, 0.000, -0.000, 39.613, 100.000, 0.000, 2.220, 0, 0 
66628, 88552541, 0.000, -0.000, 39.657, 100.000, 0.000, 2.220, 0, 0 
66628, 90060833, 0.000, -0.000, 39.629, 100.000, 0.000, 2.220, 0, 0 
66628, 91569100, 0.000, -0.000, 39.597, 100.000, 0.000, 2.220, 0, 0 
66628, 93103262, 0.000, -0.000, 39.515, 100.000, 0.000, 2.220, 0, 0 
66628, 94611679, 0.000, -0.000, 39.439, 100.000, 0.000, 2.220, 0, 0 
66628, 96122108, 0.000, -0.000, 39.364, 100.000, 0.000, 2.220, 0, 0 
66628, 97632460, 0.000, -0.000, 39.358, 100.000, 0.000, 2.220, 0, 0 
66628, 99141213, 0.000, -0.000, 39.385, 100.000, 0.000, 2.220, 0, 0 
66628, 100650284, 0.000, -0.000, 39.450, 100.000, 0.000, 2.220, 0, 0 
66628, 102160199, 0.000, -0.000, 39.532, 100.000, 0.000, 2.220, 0, 0 
66628, 103668698, 0.000, -0.000, 39.619, 100.000, 0.000, 2.220, 0, 0 
66628, 105177233, 0.000, -0.000, 39.646, 100.000, 0.000, 2.220, 0, 0 
66628, 106685622, 0.000, -0.000, 39.640, 100.000, 0.000, 2.220, 0, 0 
66628, 108220574, 0.000, -0.000, 39.591, 100.000, 0.000, 2.220, 0, 0 
66628, 109729434, 0.000, -0.000, 39.510, 100.000, 0.000, 2.220, 0, 0 
66628, 111238445, 0.000, -0.000, 39.439, 100.000, 0.000, 2.220, 0, 0 
66628, 112749525, 0.000, -0.000, 39.369, 100.000, 0.000, 2.220, 0, 0 
66628, 114282875, 0.000, -0.000, 39.380, 100.000, 0.000, 2.220, 0, 0 
66628, 115791454, 0.000, -0.000, 39.402, 100.000, 0.000, 2.220, 0, 0 
66628, 117300372, 0.000, -0.000, 39.461, 100.000, 0.000, 2.220, 0, 0 
66628, 118810106, 0.000, -0.000, 39.537, 100.000, 0.000, 2.220, 0, 0 
66628, 120321593, 0.000, -0.000, 39.608, 100.000, 0.000, 2.220, 0, 0 
66628, 121830959, 0.000, -0.000, 39.635, 100.000, 0.000, 2.220, 0, 0 
66628, 123359917, 0.000, -0.000, 39.624, 100.000, 0.000, 2.220, 0, 0 
66628, 124868598, 0.000, -0.000, 39.581, 100.000, 0.000, 2.220, 0, 0 
66628, 126376983, 0.000, -0.000, 39.510, 100.000, 0.000, 2.220, 0, 0 
66628, 127885241, 0.000, -0.000, 39.423, 100.000, 0.000, 2.220, 0, 0 
66628, 129393177, 0.000, -0.000, 39.364, 100.000, 0.000, 2.220, 0, 0 
66628, 130901285, 0.000, -0.000, 39.369, 100.000, 0.000, 2.220, 0, 0 
66628, 132411488, 0.000, -0.000, 39.385, 100.000, 0.000, 2.220, 0, 0 
66628, 133919822, 0.000, -0.000, 39.445, 100.000, 0.000, 2.220, 0, 0 
66628, 135428059, 0.000, -0.000, 39.505, 100.000, 0.000, 2.220, 0, 0 
66628, 136936471, 0.000, -0.000, 39.602, 100.000, 0.000, 2.220, 0, 0 
66628, 138469653, 0.000, -0.000, 39.640, 100.000, 0.000, 2.220, 0, 0 
66628, 139978262, 0.000, -0.000, 39.629, 100.000, 0.000, 2.220, 0, 0 
66628, 141488549, 0.000, -0.000, 39.586, 100.000, 0.000, 2.220, 0, 0 
66628, 143002151, 0.000, -0.000, 39.515, 100.000, 0.000, 2.220, 0, 0 
66628, 144546568, 0.000, -0.000, 39.429, 100.000, 0.000, 2.220, 0, 0 
66628, 146094782, 0.000, -0.000, 39.358, 100.000, 0.000, 2.220, 0, 0 
66628, 147642739, 0.000, -0.000, 39.358, 100.000, 0.000, 2.220, 0, 0 
66628, 149192502, 0.000, -0.000, 39.374, 100.000, 0.000, 2.220, 0, 0 
66628, 150703071, 0.000, -0.000, 39.439, 100.000, 0.000, 2.220, 0, 0 
66628, 152228494, 0.000, -0.000, 39.515, 100.000, 0.000, 2.220, 0, 0 
66628, 153800597, 0.000, -0.000, 39.608, 100.000, 0.000, 2.220, 0, 0 
66628, 155345033, 0.000, -0.000, 39.640, 100.000, 0.000, 2.220, 0, 0 
66628, 156887778, 0.000, -0.000, 39.624, 100.000, 0.000, 2.220, 0, 0 
66628, 158430877, 0.000, -0.000, 39.581, 100.000, 0.000, 2.220, 0, 0 
66628, 159939672, 0.000, -0.000, 39.499, 100.000, 0.000, 2.220, 0, 0 
66628, 161488755, 0.000, -0.000, 39.434, 100.000, 0.000, 2.220, 0, 0 
66628, 163063251, 0.000, -0.000, 39.364, 100.000, 0.000, 2.220, 0, 0 
66628, 164616364, 0.000, -0.000, 39.364, 100.000, 0.000, 2.220, 0, 0 
66628, 166164516, 0.000, -0.000, 39.391, 100.000, 0.000, 2.220, 0, 0 
66628, 167707195, 0.000, -0.000, 39.461, 100.000, 0.000, 2.220, 0, 0 
66628, 169235370, 0.000, -0.000, 39.537, 100.000, 0.000, 2.220, 0, 0 
66628, 170788682, 0.000, -0.000, 39.608, 100.000, 0.000, 2.220, 0, 0 
66628, 172300544, 0.000, -0.000, 39.619, 100.000, 0.000, 2.220, 0, 0 
66628, 173814399, 0.000, -0.000, 39.608, 100.000, 0.000, 2.220, 0, 0 
66628, 175324662, 0.000, -0.000, 39.564, 100.000, 0.000, 2.220, 0, 0 
66628, 176876877, 0.000, -0.000, 39.488, 100.000, 0.000, 2.220, 0, 0 
66628, 178432460, 0.000, -0.000, 39.402, 100.000, 0.000, 2.220, 0, 0 
66628, 179975162, 0.000, -0.000, 39.364, 100.000, 0.000, 2.220, 0, 0 
66628, 181510185, 0.000, -0.000, 39.364, 100.000, 0.000, 2.220, 0, 0 
66628, 183019749, 0.000, -0.000, 39.407, 100.000, 0.000, 2.220, 0, 0 
66628, 184557044, 0.000, -0.000, 39.467, 100.000, 0.000, 2.220, 0, 0 
66628, 186067845, 0.000, -0.000, 39.537, 100.000, 0.000, 2.220, 0, 0 
66628, 187576368, 0.000, -0.000, 39.608, 100.000, 0.000, 2.220, 0, 0 
66628, 189085128, 0.000, -0.000, 39.602, 100.000, 0.000, 2.220, 0, 0 
66628, 190593851, 0.000, -0.000, 39.591, 100.000, 0.000, 2.220, 0, 0 
66628, 192104688, 0.000, -0.000, 39.553, 100.000, 0.000, 2.220, 0, 0 
66628, 193612504, 0.000, -0.000, 39.477, 100.000, 0.000, 2.220, 0, 0 
66628, 195120066, 0.000, -0.000, 39.418, 100.000, 0.000, 2.220, 0, 0 
66628, 196633850, 0.000, -0.000, 39.358, 100.000, 0.000, 2.220, 0, 0 
66628, 198183168, 0.000, -0.000, 39.380, 100.000, 0.000, 2.220, 0, 0 
66628, 199772585, 0.000, -0.000, 39.418, 100.000, 0.000, 2.220, 0, 0 
66628, 201320125, 0.000, -0.000, 39.483, 100.000, 0.000, 2.220, 0, 0 
66628, 202869037, 0.000, -0.000, 39.553, 100.000, 0.000, 2.220, 0, 0 
66628, 204407689, 0.000, -0.000, 39.613, 100.000, 0.000, 2.220, 0, 0 
66628, 205917479, 0.000, -0.000, 39.613, 100.000, 0.000, 2.220, 0, 0 
66628, 207425860, 0.000, -0.000, 39.602, 100.000, 0.000, 2.220, 0, 0 
66628, 208934210, 0.000, -0.000, 39.532, 100.000, 0.000, 2.220, 0, 0 
66628, 210442567, 0.000, -0.000, 39.461, 100.000, 0.000, 2.220, 0, 0 
66628, 211951127, 0.000, -0.000, 39.385, 100.000, 0.000, 2.220, 0, 0 
66628, 213465394, 0.000, -0.000, 39.353, 100.000, 0.000, 2.220, 0, 0 
66628, 214998682, 0.000, -0.000, 39.374, 100.000, 0.000, 2.220, 0, 0 
66628, 216540660, 0.000, -0.000, 39.412, 100.000, 0.000, 2.220, 0, 0 
66628, 218121380, 0.000, -0.000, 39.488, 100.000, 0.000, 2.220, 0, 0 
66628, 219635498, 0.000, -0.000, 39.570, 100.000, 0.000, 2.220, 0, 0 
66628, 221169750, 0.000, -0.000, 39.629, 100.000, 0.000, 2.220, 0, 0 
66628, 222716184, 0.000, -0.000, 39.624, 100.000, 0.000, 2.220, 0, 0 
66628, 224261734, 0.000, -0.000, 39.613, 100.000, 0.000, 2.220, 0, 0 
66628, 225846964, 0.000, -0.000, 39.543, 100.000, 0.000, 2.220, 0, 0 
66628, 227395446, 0.000, -0.000, 39.488, 100.000, 0.000, 2.220, 0, 0 
66628, 228938913, 0.000, -0.000, 39.396, 100.000, 0.000, 2.220, 0, 0 
66628, 230478726, 0.000, -0.000, 39.374, 100.000, 0.000, 2.220, 0, 0 
66628, 231989241, 0.000, -0.000, 39.391, 100.000, 0.000, 2.220, 0, 0 
66628, 233501093, 0.000, -0.000, 39.429, 100.000, 0.000, 2.220, 0, 0 
66628, 235013442, 0.000, -0.000, 39.510, 100.000, 0.000, 2.220, 0, 0 
66628, 236568791, 0.000, -0.000, 39.581, 100.000, 0.000, 2.220, 0, 0 
66628, 238106326, 0.000, -0.000, 39.651, 100.000, 0.000, 2.220, 0, 0 
66628, 239643101, 0.000, -0.000, 39.635, 100.000, 0.000, 2.220, 0, 0 
66628, 241195747, 0.000, -0.000, 39.602, 100.000, 0.000, 2.220, 0, 0 
66628, 242743263, 0.000, -0.000, 39.526, 100.000, 0.000, 2.220, 0, 0 
66628, 244292915, 0.000, -0.000, 39.450, 100.000, 0.000, 2.220, 0, 0 
66628, 245873674, 0.000, -0.000, 39.374, 100.000, 0.000, 2.220, 0, 0 
66628, 247425265, 0.000, -0.000, 39.369, 100.000, 0.000, 2.220, 0, 0 
66628, 248961516, 0.000, -0.000, 39.380, 100.000, 0.000, 2.220, 0, 0 
66628, 250510798, 0.000, -0.000, 39.423, 100.000, 0.000, 2.220, 0, 0 
66628, 252064693, 0.000, -0.000, 39.499, 100.000, 0.000, 2.220, 0, 0 
66628, 253573605, 0.000, -0.000, 39.586, 100.000, 0.000, 2.220, 0, 0 
66628, 255081886, 0.000, -0.000, 39.624, 100.000, 0.000, 2.220, 0, 0 
66628, 256592779, 0.000, -0.000, 39.635, 100.000, 0.000, 2.220, 0, 0 
66628, 258101199, 0.000, -0.000, 39.570, 100.000, 0.000, 2.220, 0, 0 
66628, 259609254, 0.000, -0.000, 39.515, 100.000, 0.000, 2.220, 0, 0 
66628, 261141744, 0.000, -0.000, 39.434, 100.000, 0.000, 2.220, 0, 0 
66628, 262650455, 0.000, -0.000, 39.358, 100.000, 0.000, 2.220, 0, 0 
66628, 264157004, 0.000, -0.000, 39.374, 100.000, 0.000, 2.220, 0, 0 
66628, 265664992, 0.000, -0.000, 39.385, 100.000, 0.000, 2.220, 0, 0 
66628, 267175136, 0.000, -0.000, 39.450, 100.000, 0.000, 2.220, 0, 0 
66628, 268683928, 0.000, -0.000, 39.521, 100.000, 0.000, 2.220, 0, 0 
66628, 270192860, 0.000, -0.000, 39.591, 100.000, 0.000, 2.220, 0, 0 
66628, 271701085, 0.000, -0.000, 39.640, 100.000, 0.000, 2.220, 0, 0 
66628, 273209383, 0.000, -0.000, 39.629, 100.000, 0.000, 2.220, 0, 0 
66628, 274717544, 0.000, -0.000, 39.581, 100.000, 0.000, 2.220, 0, 0 
66628, 276243502, 0.000, -0.000, 39.515, 100.000, 0.000, 2.220, 0, 0 
66628, 277751633, 0.000, -0.000, 39.434, 100.000, 0.000, 2.220, 0, 0 
66628, 279259551, 0.000, -0.000, 39.353, 100.000, 0.000, 2.220, 0, 0 
66628, 280767867, 0.000, -0.000, 39.347, 100.000, 0.000, 2.220, 0, 0 
66628, 282276093, 0.000, -0.000, 39.364, 100.000, 0.000, 2.220, 0, 0 
66628, 283790116, 0.000, -0.000, 39.423, 100.000, 0.000, 2.220, 0, 0 
66628, 285300771, 0.000, -0.000, 39.499, 100.000, 0.000, 2.220, 0, 0 
66628, 286843735, 0.000, -0.000, 39.581, 100.000, 0.000, 2.220, 0, 0 
66628, 288394568, 0.000, -0.000, 39.635, 100.000, 0.000, 2.220, 0, 0 
66628, 289937627, 0.000, -0.000, 39.629, 100.000, 0.000, 2.220, 0, 0 
66628, 291519520, 0.000, -0.000, 39.591, 100.000, 0.000, 2.220, 0, 0 
66628, 293062593, 0.000, -0.000, 39.510, 100.000, 0.000, 2.220, 0, 0 
66628, 294608387, 0.000, -0.000, 39.439, 100.000, 0.000, 2.220, 0, 0 
66628, 296119306, 0.000, -0.000, 39.358, 100.000, 0.000, 2.220, 0, 0 
66628, 297631215, 0.000, -0.000, 39.369, 100.000, 0.000, 2.220, 0, 0 
66628, 299139836, 0.000, -0.000, 39.385, 100.000, 0.000, 2.220, 0, 0 
66628, 300654345, 0.000, -0.000, 39.439, 100.000, 0.000, 2.220, 0, 0 
66628, 302184608, 0.000, -0.000, 39.532, 100.000, 0.000, 2.220, 0, 0 
66628, 303692960, 0.000, -0.000, 39.597, 100.000, 0.000, 2.220, 0, 0 
66628, 305201012, 0.000, -0.000, 39.640, 100.000, 0.000, 2.220, 0, 0 
66628, 306730178, 0.000, -0.000, 39.629, 100.000, 0.000, 2.220, 0, 0 
66628, 308240667, 0.000, -0.000, 39.570, 100.000, 0.000, 2.220, 0, 0 
66628, 309748785, 0.000, -0.000, 39.521, 100.000, 0.000, 2.220, 0, 0 
66628, 311256361, 0.000, -0.000, 39.429, 100.000, 0.000, 2.220, 0, 0 
66628, 312764588, 0.000, -0.000, 39.369, 100.000, 0.000, 2.220, 0, 0 
66628, 314275000, 0.000, -0.000, 39.374, 100.000, 0.000, 2.220, 0, 0 
66628, 315784787, 0.000, -0.000, 39.391, 100.000, 0.000, 2.220, 0, 0 
66628, 317293183, 0.000, -0.000, 39.456, 100.000, 0.000, 2.220, 0, 0 
66628, 318800826, 0.000, -0.000, 39.532, 100.000, 0.000, 2.220, 0, 0 
66628, 320309160, 0.000, -0.000, 39.608, 100.000, 0.000, 2.220, 0, 0 
66628, 321841848, 0.000, -0.000, 39.651, 100.000, 0.000, 2.220, 0, 0 
66628, 323350210, 0.000, -0.000, 39.624, 100.000, 0.000, 2.220, 0, 0 
66628, 324858534, 0.000, -0.000, 39.591, 100.000, 0.000, 2.220, 0, 0 
66628, 326366469, 0.000, -0.000, 39.515, 100.000, 0.000, 2.220, 0, 0 
66628, 327876309, 0.000, -0.000, 39.439, 100.000, 0.000, 2.220, 0, 0 
66628, 329387040, 0.000, -0.000, 39.380, 100.000, 0.000, 2.220, 0, 0 
66628, 330895081, 0.000, -0.000, 39.369, 100.000, 0.000, 2.220, 0, 0 
66628, 332406353, 0.000, -0.000, 39.412, 100.000, 0.000, 2.220, 0, 0 
66628, 333915074, 0.000, -0.000, 39.450, 100.000, 0.000, 2.220, 0, 0 
66628, 335429406, 0.000, -0.000, 39.532, 100.000, 0.000, 2.220, 0, 0 
66628, 336958718, 0.000, -0.000, 39.597, 100.000, 0.000, 2.220, 0, 0 
66628, 338467130, 0.000, -0.000, 39.635, 100.000, 0.000, 2.220, 0, 0 
66628, 339998758, 0.000, -0.000, 39.629, 100.000, 0.000, 2.220, 0, 0 
66628, 341509106, 0.000, -0.000, 39.581, 100.000, 0.000, 2.220, 0, 0 
66628, 343017101, 0.000, -0.000, 39.526, 100.000, 0.000, 2.220, 0, 0 
66628, 344525533, 0.000, -0.000, 39.434, 100.000, 0.000, 2.220, 0, 0 
66628, 346033389, 0.000, -0.000, 39.374, 100.000, 0.000, 2.220, 0, 0 
66628, 347543641, 0.000, -0.000, 39.369, 100.000, 0.000, 2.220, 0, 0 
66628, 349052336, 0.000, -0.000, 39.385, 100.000, 0.000, 2.220, 0, 0 
66628, 350560658, 0.000, -0.000, 39.450, 100.000, 0.000, 2.220, 0, 0 
66628, 352094947, 0.000, -0.000, 39.515, 100.000, 0.000, 2.220, 0, 0 
66628, 353602839, 0.000, -0.000, 39.608, 100.000, 0.000, 2.220, 0, 0 
66628, 355110438, 0.000, -0.000, 39.646, 100.000, 0.000, 2.220, 0, 0 
66628, 356618778, 0.000, -0.000, 39.651, 100.000, 0.000, 2.220, 0, 0 
66628, 358130770, 0.000, -0.000, 39.591, 100.000, 0.000, 2.220, 0, 0 
66628, 359641230, 0.000, -0.000, 39.510, 100.000, 0.000, 2.220, 0, 0 
66628, 361150285, 0.000, -0.000, 39.434, 100.000, 0.000, 2.220, 0, 0 
66628, 362658306, 0.000, -0.000, 39.364, 100.000, 0.000, 2.220, 0, 0 
66628, 364167330, 0.000, -0.000, 39.358, 100.000, 0.000, 2.220, 0, 0 
66628, 365751302, 0.000, -0.000, 39.385, 100.000, 0.000, 2.220, 0, 0 
66628, 367285829, 0.000, -0.000, 39.418, 100.000, 0.000, 2.220, 0, 0 
66628, 368794200, 0.000, -0.000, 39.505, 100.000, 0.000, 2.220, 0, 0 
66628, 370327568, 0.000, -0.000, 39.586, 100.000, 0.000, 2.220, 0, 0 
66628, 371876894, 0.000, -0.000, 39.629, 100.000, 0.000, 2.220, 0, 0 
66628, 373420494, 0.000, -0.000, 39.624, 100.000, 0.000, 2.220, 0, 0 
66628, 374982344, 0.000, -0.000, 39.570, 100.000, 0.000, 2.220, 0, 0 
66628, 376528384, 0.000, -0.000, 39.499, 100.000, 0.000, 2.220, 0, 0 
66628, 378071962, 0.000, -0.000, 39.418, 100.000, 0.000, 2.220, 0, 0 
66628, 379625759, 0.000, -0.000, 39.369, 100.000, 0.000, 2.220, 0, 0 
66628, 381163124, 0.000, -0.000, 39.364, 100.000, 0.000, 2.220, 0, 0 
66628, 382688597, 0.000, -0.000, 39.396, 100.000, 0.000, 2.220, 0, 0 
66628, 384199352, 0.000, -0.000, 39.456, 100.000, 0.000, 2.220, 0, 0 
66628, 385707622, 0.000, -0.000, 39.526, 100.000, 0.000, 2.220, 0, 0 
66628, 387216274, 0.000, -0.000, 39.635, 100.000, 0.000, 2.220, 0, 0 
66628, 388725688, 0.000, -0.000, 39.640, 100.000, 0.000, 2.220, 0, 0 
66628, 390240228, 0.000, -0.000, 39.624, 100.000, 0.000, 2.220, 0, 0 
66628, 391750406, 0.000, -0.000, 39.581, 100.000, 0.000, 2.220, 0, 0 
66628, 393259097, 0.000, -0.000, 39.483, 100.000, 0.000, 2.220, 0, 0 
66628, 394767468, 0.000, -0.000, 39.423, 100.000, 0.000, 2.220, 0, 0 
66628, 396278313, 0.000, -0.000, 39.336, 100.000, 0.000, 2.220, 0, 0 
66628, 397810911, 0.000, -0.000, 39.342, 100.000, 0.000, 2.220, 0, 0 
66628, 399319156, 0.000, -0.000, 39.385, 100.000, 0.000, 2.220, 0, 0 
66628, 400829199, 0.000, -0.000, 39.434, 100.000, 0.000, 2.220, 0, 0 
66628, 402396936, 0.000, -0.000, 39.515, 100.000, 0.000, 2.220, 0, 0 
66628, 403945115, 0.000, -0.000, 39.597, 100.000, 0.000, 2.220, 0, 0 
66628, 405489182, 0.000, -0.000, 39.608, 100.000, 0.000, 2.220, 0, 0 
66628, 407074294, 0.000, -0.000, 39.613, 100.000, 0.000, 2.220, 0, 0 
66628, 408585157, 0.000, -0.000, 39.564, 100.000, 0.000, 2.220, 0, 0 
66628, 410094309, 0.000, -0.000, 39.499, 100.000, 0.000, 2.220, 0, 0 
66628, 411637688, 0.000, -0.000, 39.418, 100.000, 0.000, 2.220, 0, 0 
66628, 413221595, 0.000, -0.000, 39.353, 100.000, 0.000, 2.220, 0, 0 
66628, 414731616, 0.000, -0.000, 39.364, 100.000, 0.000, 2.220, 0, 0 
66628, 416241110, 0.000, -0.000, 39.407, 100.000, 0.000, 2.220, 0, 0 
66628, 417750817, 0.000, -0.000, 39.472, 100.000, 0.000, 2.220, 0, 0 
66628, 419263954, 0.000, -0.000, 39.548, 100.000, 0.000, 2.220, 0, 0 
66628, 420771079, 0.000, -0.000, 39.624, 100.000, 0.000, 2.220, 0, 0 
66628, 422281743, 0.000, -0.000, 39.629, 100.000, 0.000, 2.220, 0, 0 
66628, 423840884, 0.000, -0.000, 39.619, 100.000, 0.000, 2.220, 0, 0 
66628, 425349588, 0.000, -0.000, 39.570, 100.000, 0.000, 2.220, 0, 0 
66628, 426857484, 0.000, -0.000, 39.483, 100.000, 0.000, 2.220, 0, 0 
66628, 428392770, 0.000, -0.000, 39.407, 100.000, 0.000, 2.220, 0, 0 
66628, 429900595, 0.000, -0.000, 39.336, 100.000, 0.000, 2.220, 0, 0 
66628, 431408064, 0.000, -0.000, 39.358, 100.000, 0.000, 2.220, 0, 0 
66628, 432916184, 0.000, -0.000, 39.402, 100.000, 0.000, 2.220, 0, 0 
66628, 434425055, 0.000, -0.000, 39.456, 100.000, 0.000, 2.220, 0, 0 
66628, 435933607, 0.000, -0.000, 39.543, 100.000, 0.000, 2.220, 0, 0 
66628, 437441016, 0.000, -0.000, 39.602, 100.000, 0.000, 2.220, 0, 0 
66628, 438948548, 0.000, -0.000, 39.629, 100.000, 0.000, 2.220, 0, 0 
66628, 440455793, 0.000, -0.000, 39.608, 100.000, 0.000, 2.220, 0, 0 
66628, 441962849, 0.000, -0.000, 39.553, 100.000, 0.000, 2.220, 0, 0 
66628, 443490839, 0.000, -0.000, 39.483, 100.000, 0.000, 2.220, 0, 0 
66628, 444999533, 0.000, -0.000, 39.396, 100.000, 0.000, 2.220, 0, 0 
66628, 446507884, 0.000, -0.000, 39.342, 100.000, 0.000, 2.220, 0, 0 
66628, 448018204, 0.000, -0.000, 39.358, 100.000, 0.000, 2.220, 0, 0 
66628, 449526866, 0.000, -0.000, 39.385, 100.000, 0.000, 2.220, 0, 0 
66628, 451035194, 0.000, -0.000, 39.450, 100.000, 0.000, 2.220, 0, 0 
66628, 452544860, 0.000, -0.000, 39.537, 100.000, 0.000, 2.220, 0, 0 
66628, 454055357, 0.000, -0.000, 39.602, 100.000, 0.000, 2.220, 0, 0 
66628, 455563930, 0.000, -0.000, 39.629, 100.000, 0.000, 2.220, 0, 0 
66628, 457073125, 0.000, -0.000, 39.602, 100.000, 0.000, 2.220, 0, 0 
66628, 458598508, 0.000, -0.000, 39.559, 100.000, 0.000, 2.220, 0, 0 
66628, 460108992, 0.000, -0.000, 39.488, 100.000, 0.000, 2.220, 0, 0 
66628, 461617627, 0.000, -0.000, 39.407, 100.000, 0.000, 2.220, 0, 0 
66628, 463125981, 0.000, -0.000, 39.342, 100.000, 0.000, 2.220, 0, 0 
66628, 464634406, 0.000, -0.000, 39.347, 100.000, 0.000, 2.220, 0, 0 
66628, 466142931, 0.000, -0.000, 39.385, 100.000, 0.000, 2.220, 0, 0 
66628, 467658504, 0.000, -0.000, 39.450, 100.000, 0.000, 2.220, 0, 0 
66628, 469168704, 0.000, -0.000, 39.532, 100.000, 0.000, 2.220, 0, 0 
66628, 470677014, 0.000, -0.000, 39.613, 100.000, 0.000, 2.220, 0, 0 
66628, 472185144, 0.000, -0.000, 39.635, 100.000, 0.000, 2.220, 0, 0 
66628, 473710220, 0.000, -0.000, 39.613, 100.000, 0.000, 2.220, 0, 0 
66628, 475217715, 0.000, -0.000, 39.559, 100.000, 0.000, 2.220, 0, 0 
66628, 476726779, 0.000, -0.000, 39.488, 100.000, 0.000, 2.220, 0, 0 
66628, 478234424, 0.000, -0.000, 39.396, 100.000, 0.000, 2.220, 0, 0 
66628, 479742184, 0.000, -0.000, 39.342, 100.000, 0.000, 2.220, 0, 0 
66628, 481251859, 0.000, -0.000, 39.347, 100.000, 0.000, 2.220, 0, 0 
66628, 482764105, 0.000, -0.000, 39.374, 100.000, 0.000, 2.220, 0, 0 
66628, 484276273, 0.000, -0.000, 39.461, 100.000, 0.000, 2.220, 0, 0 
66628, 485784567, 0.000, -0.000, 39.526, 100.000, 0.000, 2.220, 0, 0 
66628, 487292516, 0.000, -0.000, 39.619, 100.000, 0.000, 2.220, 0, 0 
66628, 488826803, 0.000, -0.000, 39.640, 100.000, 0.000, 2.220, 0, 0 
66628, 490335272, 0.000, -0.000, 39.619, 100.000, 0.000, 2.220, 0, 0 
66628, 491843610, 0.000, -0.000, 39.575, 100.000, 0.000, 2.220, 0, 0 
66628, 493351831, 0.000, -0.000, 39.494, 100.000, 0.000, 2.220, 0, 0 
66628, 494859949, 0.000, -0.000, 39.412, 100.000, 0.000, 2.220, 0, 0 
66628, 496369722, 0.000, -0.000, 39.358, 100.000, 0.000, 2.220, 0, 0 
66628, 497948647, 0.000, -0.000, 39.358, 100.000, 0.000, 2.220, 0, 0 
66628, 499456693, 0.000, -0.000, 39.385, 100.000, 0.000, 2.220, 0, 0 
66628, 500973998, 0.000, -0.000, 39.450, 100.000, 0.000, 2.220, 0, 0 
66628, 502505368, 0.000, -0.000, 39.521, 100.000, 0.000, 2.220, 0, 0 
66628, 504041650, 0.000, -0.000, 39.608, 100.000, 0.000, 2.220, 0, 0 
66628, 505550002, 0.000, -0.000, 39.629, 100.000, 0.000, 2.220, 0, 0 
66628, 507058123, 0.000, -0.000, 39.602, 100.000, 0.000, 2.220, 0, 0 
66628, 508566632, 0.000, -0.000, 39.570, 100.000, 0.000, 2.220, 0, 0 
66628, 510074425, 0.000, -0.000, 39.477, 100.000, 0.000, 2.220, 0, 0 
66628, 511582223, 0.000, -0.000, 39.412, 100.000, 0.000, 2.220, 0, 0 
66628, 513093774, 0.000, -0.000, 39.331, 100.000, 0.000, 2.220, 0, 0 
66628, 514605047, 0.000, -0.000, 39.347, 100.000, 0.000, 2.220, 0, 0 
66628, 516116635, 0.000, -0.000, 39.380, 100.000, 0.000, 2.220, 0, 0 
66628, 517647341, 0.000, -0.000, 39.439, 100.000, 0.000, 2.220, 0, 0 
66628, 519193057, 0.000, -0.000, 39.515, 100.000, 0.000, 2.220, 0, 0 
66628, 520703184, 0.000, -0.000, 39.597, 100.000, 0.000, 2.220, 0, 0 
66628, 522212383, 0.000, -0.000, 39.619, 100.000, 0.000, 2.220, 0, 0 
66628, 523720522, 0.000, -0.000, 39.619, 100.000, 0.000, 2.220, 0, 0 
66628, 525228611, 0.000, -0.000, 39.570, 100.000, 0.000, 2.220, 0, 0 
66628, 526736669, 0.000, -0.000, 39.499, 100.000, 0.000, 2.220, 0, 0 
66628, 528244983, 0.000, -0.000, 39.412, 100.000, 0.000, 2.220, 0, 0 
66628, 529753535, 0.000, -0.000, 39.353, 100.000, 0.000, 2.220, 0, 0 
66628, 531263831, 0.000, -0.000, 39.364, 100.000, 0.000, 2.220, 0, 0 
66628, 532772457, 0.000, -0.000, 39.385, 100.000, 0.000, 2.220, 0, 0 
66628, 534302633, 0.000, -0.000, 39.456, 100.000, 0.000, 2.220, 0, 0 
66628, 535810783, 0.000, -0.000, 39.505, 100.000, 0.000, 2.220, 0, 0 
66628, 537318819, 0.000, -0.000, 39.613, 100.000, 0.000, 2.220, 0, 0 
66628, 538827163, 0.000, -0.000, 39.629, 100.000, 0.000, 2.220, 0, 0 
66628, 540336739, 0.000, -0.000, 39.624, 100.000, 0.000, 2.220, 0, 0 
66628, 541845009, 0.000, -0.000, 39.570, 100.000, 0.000, 2.220, 0, 0 
66628, 543353147, 0.000, -0.000, 39.505, 100.000, 0.000, 2.220, 0, 0 
66628, 544866920, 0.000, -0.000, 39.439, 100.000, 0.000, 2.220, 0, 0 
66628, 546377729, 0.000, -0.000, 39.369, 100.000, 0.000, 2.220, 0, 0 
66628, 547886239, 0.000, -0.000, 39.364, 100.000, 0.000, 2.220, 0, 0 
66628, 549419525, 0.000, -0.000, 39.391, 100.000, 0.000, 2.220, 0, 0 
66628, 550931690, 0.000, -0.000, 39.445, 100.000, 0.000, 2.220, 0, 0 
66628, 552453268, 0.000, -0.000, 39.526, 100.000, 0.000, 2.220, 0, 0 
66628, 553962852, 0.000, -0.000, 39.591, 100.000, 0.000, 2.220, 0, 0 
66628, 555471396, 0.000, -0.000, 39.624, 100.000, 0.000, 2.220, 0, 0 
66628, 556979945, 0.000, -0.000, 39.613, 100.000, 0.000, 2.220, 0, 0 
66628, 558488342, 0.000, -0.000, 39.575, 100.000, 0.000, 2.220, 0, 0 
66628, 559996607, 0.000, -0.000, 39.499, 100.000, 0.000, 2.220, 0, 0 
66628, 561504976, 0.000, -0.000, 39.418, 100.000, 0.000, 2.220, 0, 0 
66628, 563013453, 0.000, -0.000, 39.353, 100.000, 0.000, 2.220, 0, 0 
66628, 564590602, 0.000, -0.000, 39.347, 100.000, 0.000, 2.220, 0, 0 
66628, 566100459, 0.000, -0.000, 39.380, 100.000, 0.000, 2.220, 0, 0 
66628, 567609041, 0.000, -0.000, 39.429, 100.000, 0.000, 2.220, 0, 0 
66628, 569116754, 0.000, -0.000, 39.510, 100.000, 0.000, 2.220, 0, 0 
66628, 570624227, 0.000, -0.000, 39.597, 100.000, 0.000, 2.220, 0, 0 
66628, 572133249, 0.000, -0.000, 39.624, 100.000, 0.000, 2.220, 0, 0 
66628, 573642107, 0.000, -0.000, 39.608, 100.000, 0.000, 2.220, 0, 0 
66628, 575152806, 0.000, -0.000, 39.570, 100.000, 0.000, 2.220, 0, 0 
66628, 576664436, 0.000, -0.000, 39.488, 100.000, 0.000, 2.220, 0, 0 
66628, 578172985, 0.000, -0.000, 39.418, 100.000, 0.000, 2.220, 0, 0 
66628, 579751835, 0.000, -0.000, 39.353, 100.000, 0.000, 2.220, 0, 0 
66628, 581300273, 0.000, -0.000, 39.347, 100.000, 0.000, 2.220, 0, 0 
66628, 582853215, 0.000, -0.000, 39.380, 100.000, 0.000, 2.220, 0, 0 
66628, 584367987, 0.000, -0.000, 39.423, 100.000, 0.000, 2.220, 0, 0 
66628, 585943435, 0.000, -0.000, 39.515, 100.000, 0.000, 2.220, 0, 0 
66628, 587452501, 0.000, -0.000, 39.602, 100.000, 0.000, 2.220, 0, 0 
66628, 588960892, 0.000, -0.000, 39.640, 100.000, 0.000, 2.220, 0, 0 
66628, 590469070, 0.000, -0.000, 39.629, 100.000, 0.000, 2.220, 0, 0 
66628, 591977109, 0.000, -0.000, 39.575, 100.000, 0.000, 2.220, 0, 0 
66628, 593485203, 0.000, -0.000, 39.499, 100.000, 0.000, 2.220, 0, 0 
66628, 595017622, 0.000, -0.000, 39.412, 100.000, 0.000, 2.220, 0, 0 
66628, 596531188, 0.000, -0.000, 39.374, 100.000, 0.000, 2.220, 0, 0 
66628, 598041703, 0.000, -0.000, 39.358, 100.000, 0.000, 2.220, 0, 0 
66628, 599549835, 0.000, -0.000, 39.407, 100.000, 0.000, 2.220, 0, 0 
66628, 601058157, 0.000, -0.000, 39.461, 100.000, 0.000, 2.220, 0, 0 
66628, 602566520, 0.000, -0.000, 39.543, 100.000, 0.000, 2.220, 0, 0 
66628, 604076543, 0.000, -0.000, 39.613, 100.000, 0.000, 2.220, 0, 0 
66628, 605584634, 0.000, -0.000, 39.635, 100.000, 0.000, 2.220, 0, 0 
66628, 607092989, 0.000, -0.000, 39.597, 100.000, 0.000, 2.220, 0, 0 
66628, 608601112, 0.000, -0.000, 39.559, 100.000, 0.000, 2.220, 0, 0 
66628, 610132131, 0.000, -0.000, 39.488, 100.000, 0.000, 2.220, 0, 0 
66628, 611641988, 0.000, -0.000, 39.412, 100.000, 0.000, 2.220, 0, 0 
66628, 613150317, 0.000, -0.000, 39.369, 100.000, 0.000, 2.220, 0, 0 
66628, 614659291, 0.000, -0.000, 39.369, 100.000, 0.000, 2.220, 0, 0 
66628, 616168459, 0.000, -0.000, 39.407, 100.000, 0.000, 2.220, 0, 0 
66628, 617680024, 0.000, -0.000, 39.472, 100.000, 0.000, 2.220, 0, 0 
66628, 619210626, 0.000, -0.000, 39.543, 100.000, 0.000, 2.220, 0, 0 
66628, 620723216, 0.000, -0.000, 39.619, 100.000, 0.000, 2.220, 0, 0 
66628, 622238393, 0.000, -0.000, 39.635, 100.000, 0.000, 2.220, 0, 0 
66628, 623747945, 0.000, -0.000, 39.635, 100.000, 0.000, 2.220, 0, 0 
66628, 625282791, 0.000, -0.000, 39.581, 100.000, 0.000, 2.220, 0, 0 
66628, 626791542, 0.000, -0.000, 39.521, 100.000, 0.000, 2.220, 0, 0 
66628, 628301738, 0.000, -0.000, 39.439, 100.000, 0.000, 2.220, 0, 0 
66628, 629810123, 0.000, -0.000, 39.369, 100.000, 0.000, 2.220, 0, 0 
66628, 631321011, 0.000, -0.000, 39.385, 100.000, 0.000, 2.220, 0, 0 
66628, 632875945, 0.000, -0.000, 39.402, 100.000, 0.000, 2.220, 0, 0 
66628, 634412910, 0.000, -0.000, 39.461, 100.000, 0.000, 2.220, 0, 0 
66628, 635947630, 0.000, -0.000, 39.537, 100.000, 0.000, 2.220, 0, 0 
66628, 637495761, 0.000, -0.000, 39.608, 100.000, 0.000, 2.220, 0, 0 
66628, 639008751, 0.000, -0.000, 39.629, 100.000, 0.000, 2.220, 0, 0 
66628, 640545209, 0.000, -0.000, 39.624, 100.000, 0.000, 2.220, 0, 0 
66628, 642053830, 0.000, -0.000, 39.559, 100.000, 0.000, 2.220, 0, 0 
66628, 643562455, 0.000, -0.000, 39.494, 100.000, 0.000, 2.220, 0, 0 
66628, 645071196, 0.000, -0.000, 39.396, 100.000, 0.000, 2.220, 0, 0 
66628, 646579671, 0.000, -0.000, 39.358, 100.000, 0.000, 2.220, 0, 0 
66628, 648090454, 0.000, -0.000, 39.358, 100.000, 0.000, 2.220, 0, 0 
66628, 649598845, 0.000, -0.000, 39.402, 100.000, 0.000, 2.220, 0, 0 
66628, 651110952, 0.000, -0.000, 39.472, 100.000, 0.000, 2.220, 0, 0 
66628, 652663661, 0.000, -0.000, 39.543, 100.000, 0.000, 2.220, 0, 0 
66628, 654201087, 0.000, -0.000, 39.635, 100.000, 0.000, 2.220, 0, 0 
66628, 655735234, 0.000, -0.000, 39.640, 100.000, 0.000, 2.220, 0, 0 
66628, 657244205, 0.000, -0.000, 39.635, 100.000, 0.000, 2.220, 0, 0 
66628, 658752793, 0.000, -0.000, 39.570, 100.000, 0.000, 2.220, 0, 0 
66628, 660263549, 0.000, -0.000, 39.510, 100.000, 0.000, 2.220, 0, 0 
66628, 661771997, 0.000, -0.000, 39.402, 100.000, 0.000, 2.220, 0, 0 
66628, 663280570, 0.000, -0.000, 39.364, 100.000, 0.000, 2.220, 0, 0 
66628, 664790465, 0.000, -0.000, 39.364, 100.000, 0.000, 2.220, 0, 0 
66628, 666298897, 0.000, -0.000, 39.407, 100.000, 0.000, 2.220, 0, 0 
66628, 667810783, 0.000, -0.000, 39.477, 100.000, 0.000, 2.220, 0, 0 
66628, 669322416, 0.000, -0.000, 39.553, 100.000, 0.000, 2.220, 0, 0 
66628, 670857877, 0.000, -0.000, 39.640, 100.000, 0.000, 2.220, 0, 0 
66628, 672367727, 0.000, -0.000, 39.646, 100.000, 0.000, 2.220, 0, 0 
66628, 673876242, 0.000, -0.000, 39.635, 100.000, 0.000, 2.220, 0, 0 
66628, 675384536, 0.000, -0.000, 39.581, 100.000, 0.000, 2.220, 0, 0 
66628, 676893303, 0.000, -0.000, 39.499, 100.000, 0.000, 2.220, 0, 0 
66628, 678401796, 0.000, -0.000, 39.429, 100.000, 0.000, 2.220, 0, 0 
66628, 679910132, 0.000, -0.000, 39.364, 100.000, 0.000, 2.220, 0, 0 
66628, 681417710, 0.000, -0.000, 39.380, 100.000, 0.000, 2.2