Tue Nov 27 17:24:19 2018
StepTime, x, v, f, xdes, vdes, fdes, cmd, IR, LSB, LSF
0, 994951762,0.00, 100.00, 0.00, 2.25, 0, 0 
1, 996130005,0.00, 100.00, 0.00, 2.25, 0, 0 
2, 997209979,0.00, 100.00, 0.00, 2.25, 0, 0 
3, 998265545,0.00, 100.00, 0.00, 2.25, 0, 0 
4, 999224764,0.00, 100.00, 0.00, 2.25, 0, 0 
5, 171615,0.00, 100.00, 0.00, 2.25, 0, 0 
6, 1122601,0.00, 100.00, 0.00, 2.25, 0, 0 
7, 2011079,0.00, 100.00, 0.00, 2.25, 0, 0 
8, 2886059,0.00, 100.00, 0.00, 2.25, 0, 0 
9, 4080769,0.00, 100.00, 0.00, 2.25, 0, 0 
0, 10070309,0.00, 100.00, 0.00, 2.25, 0, 0 
1, 9777855,0.00, 100.00, 0.00, 2.25, 0, 0 
2, 9530079,0.00, 100.00, 0.00, 2.25, 0, 0 
3, 9512719,0.00, 100.00, 0.00, 2.25, 0, 0 
4, 9536285,0.00, 100.00, 0.00, 2.25, 0, 0 
5, 9751493,0.00, 100.00, 0.00, 2.25, 0, 0 
6, 10013417,0.00, 100.00, 0.00, 2.25, 0, 0 
7, 9977219,0.00, 100.00, 0.00, 2.25, 0, 0 
8, 10162459,0.00, 100.00, 0.00, 2.25, 0, 0 
9, 9998774,0.00, 100.00, 0.00, 2.25, 0, 0 
0, 9974245,0.00, 100.00, 0.00, 2.25, 0, 0 
1, 9989720,0.00, 100.00, 0.00, 2.25, 0, 0 
2, 10162750,0.00, 100.00, 0.00, 2.25, 0, 0 
3, 10112315,0.00, 100.00, 0.00, 2.25, 0, 0 
4, 10029161,0.00, 100.00, 0.00, 2.25, 0, 0 
5, 9755745,0.00, 100.00, 0.00, 2.25, 0, 0 
6, 9449710,0.00, 100.00, 0.00, 2.25, 0, 0 
7, 9481115,0.00, 100.00, 0.00, 2.25, 0, 0 
8, 9309429,0.00, 100.00, 0.00, 2.25, 0, 0 
9, 9162647,0.00, 100.00, 0.00, 2.25, 0, 0 
0, 9084115,0.00, 100.00, 0.00, 2.25, 0, 0 
1, 9019285,0.00, 100.00, 0.00, 2.25, 0, 0 
2, 8880935,0.00, 100.00, 0.00, 2.25, 0, 0 
3, 8796596,0.00, 100.00, 0.00, 2.25, 0, 0 
4, 8771674,0.00, 100.00, 0.00, 2.25, 0, 0 
5, 8783058,0.00, 100.00, 0.00, 2.25, 0, 0 
6, 8792555,0.00, 100.00, 0.00, 2.25, 0, 0 
7, 8802145,0.00, 100.00, 0.00, 2.25, 0, 0 
8, 8698705,0.00, 100.00, 0.00, 2.25, 0, 0 
9, 8674723,0.00, 100.00, 0.00, 2.25, 0, 0 
0, 8744350,0.00, 100.00, 0.00, 2.25, 0, 0 
1, 8781772,0.00, 100.00, 0.00, 2.25, 0, 0 
2, 8801656,0.00, 100.00, 0.00, 2.25, 0, 0 
3, 8791564,0.00, 100.00, 0.00, 2.25, 0, 0 
4, 8701207,0.00, 100.00, 0.00, 2.25, 0, 0 
5, 8565286,0.00, 100.00, 0.00, 2.25, 0, 0 
6, 8437345,0.00, 100.00, 0.00, 2.25, 0, 0 
7, 8223565,0.00, 100.00, 0.00, 2.25, 0, 0 
8, 8138109,0.00, 100.00, 0.00, 2.25, 0, 0 
9, 7878898,0.00, 100.00, 0.00, 2.25, 0, 0 
0, 7577575,0.00, 100.00, 0.00, 2.25, 0, 0 
1, 7392870,0.00, 100.00, 0.00, 2.25, 0, 0 
2, 7067915,0.00, 100.00, 0.00, 2.25, 0, 0 
3, 6732506,0.00, 100.00, 0.00, 2.25, 0, 0 
4, 6504025,0.00, 100.00, 0.00, 2.25, 0, 0 
5, 6295397,0.00, 100.00, 0.00, 2.25, 0, 0 
6, 6059607,0.00, 100.00, 0.00, 2.25, 0, 0 
7, 5967031,0.00, 100.00, 0.00, 2.25, 0, 0 
8, 5832275,0.00, 100.00, 0.00, 2.25, 0, 0 
9, 5786726,0.00, 100.00, 0.00, 2.25, 0, 0 
0, 5717573,0.00, 100.00, 0.00, 2.25, 0, 0 
1, 5569435,0.00, 100.00, 0.00, 2.25, 0, 0 
2, 5552502,0.00, 100.00, 0.00, 2.25, 0, 0 
3, 5530844,0.00, 100.00, 0.00, 2.25, 0, 0 
4, 5513400,0.00, 100.00, 0.00, 2.25, 0, 0 
5, 5508531,0.00, 100.00, 0.00, 2.25, 0, 0 
6, 5502825,0.00, 100.00, 0.00, 2.25, 0, 0 
7, 5463249,0.00, 100.00, 0.00, 2.25, 0, 0 
8, 5444589,0.00, 100.00, 0.00, 2.25, 0, 0 
9, 5438433,0.00, 100.00, 0.00, 2.25, 0, 0 
0, 5450646,0.00, 100.00, 0.00, 2.25, 0, 0 
1, 5471106,0.00, 100.00, 0.00, 2.25, 0, 0 
2, 5544827,0.00, 100.00, 0.00, 2.25, 0, 0 
3, 5527687,0.00, 100.00, 0.00, 2.25, 0, 0 
4, 5525439,0.00, 100.00, 0.00, 2.25, 0, 0 
5, 5516750,0.00, 100.00, 0.00, 2.25, 0, 0 
6, 5534428,0.00, 100.00, 0.00, 2.25, 0, 0 
7, 5525035,0.00, 100.00, 0.00, 2.25, 0, 0 
8, 5515532,0.00, 100.00, 0.00, 2.25, 0, 0 
9, 5531167,0.00, 100.00, 0.00, 2.25, 0, 0 
0, 5540343,0.00, 100.00, 0.00, 2.25, 0, 0 
1, 5517958,0.00, 100.00, 0.00, 2.25, 0, 0 
2, 5436633,0.00, 100.00, 0.00, 2.25, 0, 0 
3, 5497250,0.00, 100.00, 0.00, 2.25, 0, 0 
4, 5509413,0.00, 100.00, 0.00, 2.25, 0, 0 
5, 5504323,0.00, 100.00, 0.00, 2.25, 0, 0 
6, 5492073,0.00, 100.00, 0.00, 2.25, 0, 0 
7, 5575060,0.00, 100.00, 0.00, 2.25, 0, 0 
8, 5587491,0.00, 100.00, 0.00, 2.25, 0, 0 
9, 5785035,0.00, 100.00, 0.00, 2.25, 0, 0 
0, 5855155,0.00, 100.00, 0.00, 2.25, 0, 0 
1, 6068163,0.00, 100.00, 0.00, 2.25, 0, 0 
2, 6190263,0.00, 100.00, 0.00, 2.25, 0, 0 
3, 6219343,0.00, 100.00, 0.00, 2.25, 0, 0 
4, 6436118,0.00, 100.00, 0.00, 2.25, 0, 0 
5, 6444489,0.00, 100.00, 0.00, 2.25, 0, 0 
6, 6433864,0.00, 100.00, 0.00, 2.25, 0, 0 
7, 6354618,0.00, 100.00, 0.00, 2.25, 0, 0 
8, 6342826,0.00, 100.00, 0.00, 2.25, 0, 0 
9, 6150697,0.00, 100.00, 0.00, 2.25, 0, 0 
0, 6194291,0.00, 100.00, 0.00, 2.25, 0, 0 
1, 6069568,0.00, 100.00, 0.00, 2.25, 0, 0 
2, 6164942,0.00, 100.00, 0.00, 2.25, 0, 0 
3, 6313617,0.00, 100.00, 0.00, 2.25, 0, 0 
4, 6182944,0.00, 100.00, 0.00, 2.25, 0, 0 
5, 6390963,0.00, 100.00, 0.00, 2.25, 0, 0 
6, 6597448,0.00, 100.00, 0.00, 2.25, 0, 0 
7, 6800547,0.00, 100.00, 0.00, 2.25, 0, 0 
8, 6849996,0.00, 100.00, 0.00, 2.25, 0, 0 
9, 6868251,0.00, 100.00, 0.00, 2.25, 0, 0 
0, 6789103,0.00, 100.00, 0.00, 2.25, 0, 0 
1, 6701116,0.00, 100.00, 0.00, 2.25, 0, 0 
2, 6523006,0.00, 100.00, 0.00, 2.25, 0, 0 
3, 6351819,0.00, 100.00, 0.00, 2.25, 0, 0 
4, 6304510,0.00, 100.00, 0.00, 2.25, 0, 0 
5, 6084683,0.00, 100.00, 0.00, 2.25, 0, 0 
6, 5918247,0.00, 100.00, 0.00, 2.25, 0, 0 
7, 5706079,0.00, 100.00, 0.00, 2.25, 0, 0 
8, 5660331,0.00, 100.00, 0.00, 2.25, 0, 0 
9, 5648537,0.00, 100.00, 0.00, 2.25, 0, 0 
0, 5643161,0.00, 100.00, 0.00, 2.25, 0, 0 
1, 5688042,0.00, 100.00, 0.00, 2.25, 0, 0 
2, 5649546,0.00, 100.00, 0.00, 2.25, 0, 0 
3, 5646659,0.00, 100.00, 0.00, 2.25, 0, 0 
4, 5591130,0.00, 100.00, 0.00, 2.25, 0, 0 
5, 5651092,0.00, 100.00, 0.00, 2.25, 0, 0 
6, 5598423,0.00, 100.00, 0.00, 2.25, 0, 0 
7, 5642910,0.00, 100.00, 0.00, 2.25, 0, 0 
8, 5635145,0.00, 100.00, 0.00, 2.25, 0, 0 
9, 5642959,0.00, 100.00, 0.00, 2.25, 0, 0 
0, 5588197,0.00, 100.00, 0.00, 2.25, 0, 0 
1, 5591390,0.00, 100.00, 0.00, 2.25, 0, 0 
2, 5587397,0.00, 100.00, 0.00, 2.25, 0, 0 
3, 5573744,0.00, 100.00, 0.00, 2.25, 0, 0 
4, 5592798,0.00, 100.00, 0.00, 2.25, 0, 0 
5, 5554051,0.00, 100.00, 0.00, 2.25, 0, 0 
6, 5576833,0.00, 100.00, 0.00, 2.25, 0, 0 
7, 5557185,0.00, 100.00, 0.00, 2.25, 0, 0 
8, 5551724,0.00, 100.00, 0.00, 2.25, 0, 0 
9, 5534949,0.00, 100.00, 0.00, 2.25, 0, 0 
0, 5571946,0.00, 100.00, 0.00, 2.25, 0, 0 
1, 5537631,0.00, 100.00, 0.00, 2.25, 0, 0 
2, 5568558,0.00, 100.00, 0.00, 2.25, 0, 0 
3, 5529272,0.00, 100.00, 0.00, 2.25, 0, 0 
4, 5573743,0.00, 100.00, 0.00, 2.25, 0, 0 
5, 5552182,0.00, 100.00, 0.00, 2.25, 0, 0 
6, 5570591,0.00, 100.00, 0.00, 2.25, 0, 0 
7, 5525077,0.00, 100.00, 0.00, 2.25, 0, 0 
8, 5794682,0.00, 100.00, 0.00, 2.25, 0, 0 
9, 5950438,0.00, 100.00, 0.00, 2.25, 0, 0 
0, 5965199,0.00, 100.00, 0.00, 2.25, 0, 0 
1, 5999424,0.00, 100.00, 0.00, 2.25, 0, 0 
2, 6023250,0.00, 100.00, 0.00, 2.25, 0, 0 
3, 6081437,0.00, 100.00, 0.00, 2.25, 0, 0 
4, 6212069,0.00, 100.00, 0.00, 2.25, 0, 0 
5, 6326881,0.00, 100.00, 0.00, 2.25, 0, 0 
6, 6341401,0.00, 100.00, 0.00, 2.25, 0, 0 
7, 6417031,0.00, 100.00, 0.00, 2.25, 0, 0 
8, 6204553,0.00, 100.00, 0.00, 2.25, 0, 0 
9, 6017275,0.00, 100.00, 0.00, 2.25, 0, 0 
0, 5963656,0.00, 100.00, 0.00, 2.25, 0, 0 
1, 5912217,0.00, 100.00, 0.00, 2.25, 0, 0 
2, 5908682,0.00, 100.00, 0.00, 2.25, 0, 0 
3, 5853184,0.00, 100.00, 0.00, 2.25, 0, 0 
4, 5717284,0.00, 100.00, 0.00, 2.25, 0, 0 
5, 5602771,0.00, 100.00, 0.00, 2.25, 0, 0 
6, 5643590,0.00, 100.00, 0.00, 2.25, 0, 0 
7, 5605758,0.00, 100.00, 0.00, 2.25, 0, 0 
8, 5608825,0.00, 100.00, 0.00, 2.25, 0, 0 
9, 5610275,0.00, 100.00, 0.00, 2.25, 0, 0 
0, 5614848,0.00, 100.00, 0.00, 2.25, 0, 0 
1, 5726707,0.00, 100.00, 0.00, 2.25, 0, 0 
2, 5892804,0.00, 100.00, 0.00, 2.25, 0, 0 
3, 5982277,0.00, 100.00, 0.00, 2.25, 0, 0 
4, 6016948,0.00, 100.00, 0.00, 2.25, 0, 0 
5, 6233874,0.00, 100.00, 0.00, 2.25, 0, 0 
6, 6368031,0.00, 100.00, 0.00, 2.25, 0, 0 
7, 6558120,0.00, 100.00, 0.00, 2.25, 0, 0 
8, 6632371,0.00, 100.00, 0.00, 2.25, 0, 0 
9, 6815022,0.00, 100.00, 0.00, 2.25, 0, 0 
0, 7029935,0.00, 100.00, 0.00, 2.25, 0, 0 
1, 7069578,0.00, 100.00, 0.00, 2.25, 0, 0 
2, 7117520,0.00, 100.00, 0.00, 2.25, 0, 0 
3, 7291587,0.00, 100.00, 0.00, 2.25, 0, 0 
4, 7289171,0.00, 100.00, 0.00, 2.25, 0, 0 
5, 7176155,0.00, 100.00, 0.00, 2.25, 0, 0 
6, 7133553,0.00, 100.00, 0.00, 2.25, 0, 0 
7, 7188512,0.00, 100.00, 0.00, 2.25, 0, 0 
8, 7193622,0.00, 100.00, 0.00, 2.25, 0, 0 
9, 7259421,0.00, 100.00, 0.00, 2.25, 0, 0 
0, 7155203,0.00, 100.00, 0.00, 2.25, 0, 0 
1, 7089865,0.00, 100.00, 0.00, 2.25, 0, 0 
2, 6926079,0.00, 100.00, 0.00, 2.25, 0, 0 
3, 6923764,0.00, 100.00, 0.00, 2.25, 0, 0 
4, 6985702,0.00, 100.00, 0.00, 2.25, 0, 0 
5, 6982705,0.00, 100.00, 0.00, 2.25, 0, 0 
6, 7040476,0.00, 100.00, 0.00, 2.25, 0, 0 
7, 7032880,0.00, 100.00, 0.00, 2.25, 0, 0 
8, 7028952,0.00, 100.00, 0.00, 2.25, 0, 0 
9, 6902638,0.00, 100.00, 0.00, 2.25, 0, 0 
0, 6996355,0.00, 100.00, 0.00, 2.25, 0, 0 
1, 7067437,0.00, 100.00, 0.00, 2.25, 0, 0 
2, 7097494,0.00, 100.00, 0.00, 2.25, 0, 0 
3, 7071252,0.00, 100.00, 0.00, 2.25, 0, 0 
4, 7155667,0.00, 100.00, 0.00, 2.25, 0, 0 
5, 7322235,0.00, 100.00, 0.00, 2.25, 0, 0 
6, 7217246,0.00, 100.00, 0.00, 2.25, 0, 0 
7, 7207814,0.00, 100.00, 0.00, 2.25, 0, 0 
8, 7340100,0.00, 100.00, 0.00, 2.25, 0, 0 
9, 7396507,0.00, 100.00, 0.00, 2.25, 0, 0 
0, 7358090,0.00, 100.00, 0.00, 2.25, 0, 0 
1, 7451104,0.00, 100.00, 0.00, 2.25, 0, 0 
2, 7459837,0.00, 100.00, 0.00, 2.25, 0, 0 
3, 7378678,0.00, 100.00, 0.00, 2.25, 0, 0 
4, 7233631,0.00, 100.00, 0.00, 2.25, 0, 0 
5, 6958333,0.00, 100.00, 0.00, 2.25, 0, 0 
6, 6816423,0.00, 100.00, 0.00, 2.25, 0, 0 
7, 6569945,0.00, 100.00, 0.00, 2.25, 0, 0 
8, 6436137,0.00, 100.00, 0.00, 2.25, 0, 0 
9, 6254607,0.00, 100.00, 0.00, 2.25, 0, 0 
0, 6083207,0.00, 100.00, 0.00, 2.25, 0, 0 
1, 5915405,0.00, 100.00, 0.00, 2.25, 0, 0 
2, 5910452,0.00, 100.00, 0.00, 2.25, 0, 0 
3, 5862427,0.00, 100.00, 0.00, 2.25, 0, 0 
4, 5912080,0.00, 100.00, 0.00, 2.25, 0, 0 
5, 6037370,0.00, 100.00, 0.00, 2.25, 0, 0 
6, 6186403,0.00, 100.00, 0.00, 2.25, 0, 0 
7, 6356720,0.00, 100.00, 0.00, 2.25, 0, 0 
8, 6361413,0.00, 100.00, 0.00, 2.25, 0, 0 
9, 6463234,0.00, 100.00, 0.00, 2.25, 0, 0 
0, 6639489,0.00, 100.00, 0.00, 2.25, 0, 0 
1, 6615818,0.00, 100.00, 0.00, 2.25, 0, 0 
2, 6470760,0.00, 100.00, 0.00, 2.25, 0, 0 
3, 6367121,0.00, 100.00, 0.00, 2.25, 0, 0 
4, 6225956,0.00, 100.00, 0.00, 2.25, 0, 0 
5, 6205697,0.00, 100.00, 0.00, 2.25, 0, 0 
6, 6225327,0.00, 100.00, 0.00, 2.25, 0, 0 
7, 6191075,0.00, 100.00, 0.00, 2.25, 0, 0 
8, 6197311,0.00, 100.00, 0.00, 2.25, 0, 0 
9, 6144646,0.00, 100.00, 0.00, 2.25, 0, 0 
0, 6023294,0.00, 100.00, 0.00, 2.25, 0, 0 
1, 5959700,0.00, 100.00, 0.00, 2.25, 0, 0 
2, 6141694,0.00, 100.00, 0.00, 2.25, 0, 0 
3, 6395714,0.00, 100.00, 0.00, 2.25, 0, 0 
4, 6482112,0.00, 100.00, 0.00, 2.25, 0, 0 
5, 6545236,0.00, 100.00, 0.00, 2.25, 0, 0 
6, 6635789,0.00, 100.00, 0.00, 2.25, 0, 0 
7, 6826147,0.00, 100.00, 0.00, 2.25, 0, 0 
8, 6854996,0.00, 100.00, 0.00, 2.25, 0, 0 
9, 6888341,0.00, 100.00, 0.00, 2.25, 0, 0 
0, 6834028,0.00, 100.00, 0.00, 2.25, 0, 0 
1, 7084022,0.00, 100.00, 0.00, 2.25, 0, 0 
2, 7027620,0.00, 100.00, 0.00, 2.25, 0, 0 
3, 6969972,0.00, 100.00, 0.00, 2.25, 0, 0 
4, 6906502,0.00, 100.00, 0.00, 2.25, 0, 0 
5, 6865253,0.00, 100.00, 0.00, 2.25, 0, 0 
6, 6627286,0.00, 100.00, 0.00, 2.25, 0, 0 
7, 6288058,0.00, 100.00, 0.00, 2.25, 0, 0 
8, 6128042,0.00, 100.00, 0.00, 2.25, 0, 0 
9, 6046183,0.00, 100.00, 0.00, 2.25, 0, 0 
0, 6039624,0.00, 100.00, 0.00, 2.25, 0, 0 
1, 6129465,0.00, 100.00, 0.00, 2.25, 0, 0 
2, 6083061,0.00, 100.00, 0.00, 2.25, 0, 0 
3, 6071355,0.00, 100.00, 0.00, 2.25, 0, 0 
4, 6305042,0.00, 100.00, 0.00, 2.25, 0, 0 
5, 6358518,0.00, 100.00, 0.00, 2.25, 0, 0 
6, 6337466,0.00, 100.00, 0.00, 2.25, 0, 0 
7, 6349393,0.00, 100.00, 0.00, 2.25, 0, 0 
8, 6552846,0.00, 100.00, 0.00, 2.25, 0, 0 
9, 6843353,0.00, 100.00, 0.00, 2.25, 0, 0 
0, 7141133,0.00, 100.00, 0.00, 2.25, 0, 0 
1, 6812504,0.00, 100.00, 0.00, 2.25, 0, 0 
2, 6784838,0.00, 100.00, 0.00, 2.25, 0, 0 
3, 6590565,0.00, 100.00, 0.00, 2.25, 0, 0 
4, 6433188,0.00, 100.00, 0.00, 2.25, 0, 0 
5, 6286385,0.00, 100.00, 0.00, 2.25, 0, 0 
6, 6369670,0.00, 100.00, 0.00, 2.25, 0, 0 
7, 6401614,0.00, 100.00, 0.00, 2.25, 0, 0 
8, 6281607,0.00, 100.00, 0.00, 2.25, 0, 0 
9, 5982692,0.00, 100.00, 0.00, 2.25, 0, 0 
0, 5690965,0.00, 100.00, 0.00, 2.25, 0, 0 
1, 5872470,0.00, 100.00, 0.00, 2.25, 0, 0 
2, 5967875,0.00, 100.00, 0.00, 2.25, 0, 0 
3, 6195047,0.00, 100.00, 0.00, 2.25, 0, 0 
4, 6206487,0.00, 100.00, 0.00, 2.25, 0, 0 
5, 6223299,0.00, 100.00, 0.00, 2.25, 0, 0 
6, 6139807,0.00, 100.00, 0.00, 2.25, 0, 0 
7, 6199083,0.00, 100.00, 0.00, 2.25, 0, 0 
8, 6114543,0.00, 100.00, 0.00, 2.25, 0, 0 
9, 6209032,0.00, 100.00, 0.00, 2.25, 0, 0 
0, 6198710,0.00, 100.00, 0.00, 2.25, 0, 0 
1, 6097709,0.00, 100.00, 0.00, 2.25, 0, 0 
2, 6032146,0.00, 100.00, 0.00, 2.25, 0, 0 
3, 5834992,0.00, 100.00, 0.00, 2.25, 0, 0 
4, 5785157,0.00, 100.00, 0.00, 2.25, 0, 0 
5, 5800458,0.00, 100.00, 0.00, 2.25, 0, 0 
6, 6059046,0.00, 100.00, 0.00, 2.25, 0, 0 
7, 6074532,0.00, 100.00, 0.00, 2.25, 0, 0 
8, 6112151,0.00, 100.00, 0.00, 2.25, 0, 0 
9, 6070092,0.00, 100.00, 0.00, 2.25, 0, 0 
0, 6135105,0.00, 100.00, 0.00, 2.25, 0, 0 
1, 6047172,0.00, 100.00, 0.00, 2.25, 0, 0 
2, 5975099,0.00, 100.00, 0.00, 2.25, 0, 0 
3, 6008731,0.00, 100.00, 0.00, 2.25, 0, 0 
4, 5945556,0.00, 100.00, 0.00, 2.25, 0, 0 
5, 5889010,0.00, 100.00, 0.00, 2.25, 0, 0 
6, 5634984,0.00, 100.00, 0.00, 2.25, 0, 0 
7, 5531458,0.00, 100.00, 0.00, 2.25, 0, 0 
8, 5485322,0.00, 100.00, 0.00, 2.25, 0, 0 
9, 5445437,0.00, 100.00, 0.00, 2.25, 0, 0 
0, 5436869,0.00, 100.00, 0.00, 2.25, 0, 0 
1, 5516260,0.00, 100.00, 0.00, 2.25, 0, 0 
2, 5602421,0.00, 100.00, 0.00, 2.25, 0, 0 
3, 5543822,0.00, 100.00, 0.00, 2.25, 0, 0 
4, 5636203,0.00, 100.00, 0.00, 2.25, 0, 0 
5, 5632520,0.00, 100.00, 0.00, 2.25, 0, 0 
6, 5639667,0.00, 100.00, 0.00, 2.25, 0, 0 
7, 5692090,0.00, 100.00, 0.00, 2.25, 0, 0 
8, 5737834,0.00, 100.00, 0.00, 2.25, 0, 0 
9, 5780949,0.00, 100.00, 0.00, 2.25, 0, 0 
0, 5734570,0.00, 100.00, 0.00, 2.25, 0, 0 
1, 5710990,0.00, 100.00, 0.00, 2.25, 0, 0 
2, 5677833,0.00, 100.00, 0.00, 2.25, 0, 0 
3, 5685572,0.00, 100.00, 0.00, 2.25, 0, 0 
4, 5643720,0.00, 100.00, 0.00, 2.25, 0, 0 
5, 5698625,0.00, 100.00, 0.00, 2.25, 0, 0 
6, 5741679,0.00, 100.00, 0.00, 2.25, 0, 0 
7, 5687737,0.00, 100.00, 0.00, 2.25, 0, 0 
8, 5640437,0.00, 100.00, 0.00, 2.25, 0, 0 
9, 5677026,0.00, 100.00, 0.00, 2.25, 0, 0 
0, 5845939,0.00, 100.00, 0.00, 2.25, 0, 0 
1, 5834637,0.00, 100.00, 0.00, 2.25, 0, 0 
2, 5778316,0.00, 100.00, 0.00, 2.25, 0, 0 
3, 5856847,0.00, 100.00, 0.00, 2.25, 0, 0 
4, 5851965,0.00, 100.00, 0.00, 2.25, 0, 0 
5, 5883414,0.00, 100.00, 0.00, 2.25, 0, 0 
6, 5835946,0.00, 100.00, 0.00, 2.25, 0, 0 
7, 5835132,0.00, 100.00, 0.00, 2.25, 0, 0 
8, 5924929,0.00, 100.00, 0.00, 2.25, 0, 0 
9, 5922848,0.00, 100.00, 0.00, 2.25, 0, 0 
0, 5806970,0.00, 100.00, 0.00, 2.25, 0, 0 
1, 5772277,0.00, 100.00, 0.00, 2.25, 0, 0 
2, 5774633,0.00, 100.00, 0.00, 2.25, 0, 0 
3, 5747642,0.00, 100.00, 0.00, 2.25, 0, 0 
4, 5700371,0.00, 100.00, 0.00, 2.25, 0, 0 
5, 5617630,0.00, 100.00, 0.00, 2.25, 0, 0 
6, 5613516,0.00, 100.00, 0.00, 2.25, 0, 0 
7, 5615614,0.00, 100.00, 0.00, 2.25, 0, 0 
8, 5528323,0.00, 100.00, 0.00, 2.25, 0, 0 
9, 5443459,0.00, 100.00, 0.00, 2.25, 0, 0 
0, 5394236,0.00, 100.00, 0.00, 2.25, 0, 0 
1, 5385006,0.00, 100.00, 0.00, 2.25, 0, 0 
2, 5382282,0.00, 100.00, 0.00, 2.25, 0, 0 
3, 5326343,0.00, 100.00, 0.00, 2.25, 0, 0 
4, 5420882,0.00, 100.00, 0.00, 2.25, 0, 0 
5, 5508392,0.00, 100.00, 0.00, 2.25, 0, 0 
6, 5650274,0.00, 100.00, 0.00, 2.25, 0, 0 
7, 5648234,0.00, 100.00, 0.00, 2.25, 0, 0 
8, 5657860,0.00, 100.00, 0.00, 2.25, 0, 0 
9, 5709869,0.00, 100.00, 0.00, 2.25, 0, 0 
0, 5705531,0.00, 100.00, 0.00, 2.25, 0, 0 
1, 5703510,0.00, 100.00, 0.00, 2.25, 0, 0 
2, 5786217,0.00, 100.00, 0.00, 2.25, 0, 0 
3, 5782295,0.00, 100.00, 0.00, 2.25, 0, 0 
4, 5692870,0.00, 100.00, 0.00, 2.25, 0, 0 
5, 5694605,0.00, 100.00, 0.00, 2.25, 0, 0 
6, 5607593,0.00, 100.00, 0.00, 2.25, 0, 0 
7, 5696963,0.00, 100.00, 0.00, 2.25, 0, 0 
8, 5764840,0.00, 100.00, 0.00, 2.25, 0, 0 
9, 5857143,0.00, 100.00, 0.00, 2.25, 0, 0 
0, 5913703,0.00, 100.00, 0.00, 2.25, 0, 0 
1, 5984862,0.00, 100.00, 0.00, 2.25, 0, 0 
2, 5939896,0.00, 100.00, 0.00, 2.25, 0, 0 
3, 5987969,0.00, 100.00, 0.00, 2.25, 0, 0 
4, 5975559,0.00, 100.00, 0.00, 2.25, 0, 0 
5, 5884790,0.00, 100.00, 0.00, 2.25, 0, 0 
6, 5834373,0.00, 100.00, 0.00, 2.25, 0, 0 
7, 5856405,0.00, 100.00, 0.00, 2.25, 0, 0 
8, 5751907,0.00, 100.00, 0.00, 2.25, 0, 0 
9, 5618747,0.00, 100.00, 0.00, 2.25, 0, 0 
0, 5752994,0.00, 100.00, 0.00, 2.25, 0, 0 
1, 5751455,0.00, 100.00, 0.00, 2.25, 0, 0 
2, 5970416,0.00, 100.00, 0.00, 2.25, 0, 0 
3, 5977966,0.00, 100.00, 0.00, 2.25, 0, 0 
4, 6172141,0.00, 100.00, 0.00, 2.25, 0, 0 
5, 6473412,0.00, 100.00, 0.00, 2.25, 0, 0 
6, 6692763,0.00, 100.00, 0.00, 2.25, 0, 0 
7, 6805769,0.00, 100.00, 0.00, 2.25, 0, 0 
8, 6878750,0.00, 100.00, 0.00, 2.25, 0, 0 
9, 7167703,0.00, 100.00, 0.00, 2.25, 0, 0 
0, 6979282,0.00, 100.00, 0.00, 2.25, 0, 0 
1, 7076275,0.00, 100.00, 0.00, 2.25, 0, 0 
2, 6898147,0.00, 100.00, 0.00, 2.25, 0, 0 
3, 6946308,0.00, 100.00, 0.00, 2.25, 0, 0 
4, 6887543,0.00, 100.00, 0.00, 2.25, 0, 0 
5, 6896859,0.00, 100.00, 0.00, 2.25, 0, 0 
6, 6662584,0.00, 100.00, 0.00, 2.25, 0, 0 
7, 6558464,0.00, 100.00, 0.00, 2.25, 0, 0 
8, 6813914,0.00, 100.00, 0.00, 2.25, 0, 0 
9, 6773177,0.00, 100.00, 0.00, 2.25, 0, 0 
0, 7034504,0.00, 100.00, 0.00, 2.25, 0, 0 
1, 7038077,0.00, 100.00, 0.00, 2.25, 0, 0 
2, 7229869,0.00, 100.00, 0.00, 2.25, 0, 0 
3, 7359779,0.00, 100.00, 0.00, 2.25, 0, 0 
4, 7467757,0.00, 100.00, 0.00, 2.25, 0, 0 
5, 7245231,0.00, 100.00, 0.00, 2.25, 0, 0 
6, 7479474,0.00, 100.00, 0.00, 2.25, 0, 0 
7, 7588728,0.00, 100.00, 0.00, 2.25, 0, 0 
8, 7454895,0.00, 100.00, 0.00, 2.25, 0, 0 
9, 7304888,0.00, 100.00, 0.00, 2.25, 0, 0 
0, 7241010,0.00, 100.00, 0.00, 2.25, 0, 0 
1, 7116026,0.00, 100.00, 0.00, 2.25, 0, 0 
2, 7046300,0.00, 100.00, 0.00, 2.25, 0, 0 
3, 6850365,0.00, 100.00, 0.00, 2.25, 0, 0 
4, 6715478,0.00, 100.00, 0.00, 2.25, 0, 0 
5, 6808119,0.00, 100.00, 0.00, 2.25, 0, 0 
6, 6822716,0.00, 100.00, 0.00, 2.25, 0, 0 
7, 6781946,0.00, 100.00, 0.00, 2.25, 0, 0 
8, 6769360,0.00, 100.00, 0.00, 2.25, 0, 0 
9, 6860245,0.00, 100.00, 0.00, 2.25, 0, 0 
0, 6992415,0.00, 100.00, 0.00, 2.25, 0, 0 
1, 7052763,0.00, 100.00, 0.00, 2.25, 0, 0 
2, 6960324,0.00, 100.00, 0.00, 2.25, 0, 0 
3, 7125292,0.00, 100.00, 0.00, 2.25, 0, 0 
4, 7335583,0.00, 100.00, 0.00, 2.25, 0, 0 
5, 7234629,0.00, 100.00, 0.00, 2.25, 0, 0 
6, 7139135,0.00, 100.00, 0.00, 2.25, 0, 0 
7, 7251747,0.00, 100.00, 0.00, 2.25, 0, 0 
8, 7241986,0.00, 100.00, 0.00, 2.25, 0, 0 
9, 7187038,0.00, 100.00, 0.00, 2.25, 0, 0 
0, 7024089,0.00, 100.00, 0.00, 2.25, 0, 0 
1, 7239042,0.00, 100.00, 0.00, 2.25, 0, 0 
2, 7235251,0.00, 100.00, 0.00, 2.25, 0, 0 
3, 7123375,0.00, 100.00, 0.00, 2.25, 0, 0 
4, 7068042,0.00, 100.00, 0.00, 2.25, 0, 0 
5, 7226209,0.00, 100.00, 0.00, 2.25, 0, 0 
6, 7187628,0.00, 100.00, 0.00, 2.25, 0, 0 
7, 6968714,0.00, 100.00, 0.00, 2.25, 0, 0 
8, 6993688,0.00, 100.00, 0.00, 2.25, 0, 0 
9, 6999579,0.00, 100.00, 0.00, 2.25, 0, 0 
0, 6936619,0.00, 100.00, 0.00, 2.25, 0, 0 
1, 6882729,0.00, 100.00, 0.00, 2.25, 0, 0 
2, 6940390,0.00, 100.00, 0.00, 2.25, 0, 0 
3, 7001453,0.00, 100.00, 0.00, 2.25, 0, 0 
4, 6900939,0.00, 100.00, 0.00, 2.25, 0, 0 
5, 6692459,0.00, 100.00, 0.00, 2.25, 0, 0 
6, 6607224,0.00, 100.00, 0.00, 2.25, 0, 0 
7, 6550131,0.00, 100.00, 0.00, 2.25, 0, 0 
8, 6418130,0.00, 100.00, 0.00, 2.25, 0, 0 
9, 6282172,0.00, 100.00, 0.00, 2.25, 0, 0 
0, 6190845,0.00, 100.00, 0.00, 2.25, 0, 0 
1, 5908814,0.00, 100.00, 0.00, 2.25, 0, 0 
2, 5743764,0.00, 100.00, 0.00, 2.25, 0, 0 
3, 5594943,0.00, 100.00, 0.00, 2.25, 0, 0 
4, 5444051,0.00, 100.00, 0.00, 2.25, 0, 0 
5, 5417050,0.00, 100.00, 0.00, 2.25, 0, 0 
6, 5398432,0.00, 100.00, 0.00, 2.25, 0, 0 
7, 5374712,0.00, 100.00, 0.00, 2.25, 0, 0 
8, 5337736,0.00, 100.00, 0.00, 2.25, 0, 0 
9, 5321391,0.00, 100.00, 0.00, 2.25, 0, 0 
0, 5310847,0.00, 100.00, 0.00, 2.25, 0, 0 
1, 5349130,0.00, 100.00, 0.00, 2.25, 0, 0 
2, 5424946,0.00, 100.00, 0.00, 2.25, 0, 0 
3, 5429255,0.00, 100.00, 0.00, 2.25, 0, 0 
4, 5437804,0.00, 100.00, 0.00, 2.25, 0, 0 
5, 5446495,0.00, 100.00, 0.00, 2.25, 0, 0 
6, 5466615,0.00, 100.00, 0.00, 2.25, 0, 0 
7, 5486808,0.00, 100.00, 0.00, 2.25, 0, 0 
8, 5488250,0.00, 100.00, 0.00, 2.25, 0, 0 
9, 5486770,0.00, 100.00, 0.00, 2.25, 0, 0 
0, 5494692,0.00, 100.00, 0.00, 2.25, 0, 0 
1, 5464052,0.00, 100.00, 0.00, 2.25, 0, 0 
2, 5392452,0.00, 100.00, 0.00, 2.25, 0, 0 
3, 5390060,0.00, 100.00, 0.00, 2.25, 0, 0 
4, 5463051,0.00, 100.00, 0.00, 2.25, 0, 0 
5, 5623281,0.00, 100.00, 0.00, 2.25, 0, 0 
6, 5859998,0.00, 100.00, 0.00, 2.25, 0, 0 
7, 5955187,0.00, 100.00, 0.00, 2.25, 0, 0 
8, 5947194,0.00, 100.00, 0.00, 2.25, 0, 0 
9, 6138119,0.00, 100.00, 0.00, 2.25, 0, 0 
0, 6175934,0.00, 100.00, 0.00, 2.25, 0, 0 
1, 6234021,0.00, 100.00, 0.00, 2.25, 0, 0 
2, 6232589,0.00, 100.00, 0.00, 2.25, 0, 0 
3, 6232119,0.00, 100.00, 0.00, 2.25, 0, 0 
4, 6217515,0.00, 100.00, 0.00, 2.25, 0, 0 
5, 6035806,0.00, 100.00, 0.00, 2.25, 0, 0 
6, 5778756,0.00, 100.00, 0.00, 2.25, 0, 0 
7, 5662145,0.00, 100.00, 0.00, 2.25, 0, 0 
8, 5667756,0.00, 100.00, 0.00, 2.25, 0, 0 
9, 5478547,0.00, 100.00, 0.00, 2.25, 0, 0 
0, 5518814,0.00, 100.00, 0.00, 2.25, 0, 0 
1, 5511262,0.00, 100.00, 0.00, 2.25, 0, 0 
2, 5560284,0.00, 100.00, 0.00, 2.25, 0, 0 
3, 5589626,0.00, 100.00, 0.00, 2.25, 0, 0 
4, 5518079,0.00, 100.00, 0.00, 2.25, 0, 0 
5, 5527838,0.00, 100.00, 0.00, 2.25, 0, 0 
6, 5530225,0.00, 100.00, 0.00, 2.25, 0, 0 
7, 5531167,0.00, 100.00, 0.00, 2.25, 0, 0 
8, 5538160,0.00, 100.00, 0.00, 2.25, 0, 0 
9, 5534516,0.00, 100.00, 0.00, 2.25, 0, 0 
0, 5448286,0.00, 100.00, 0.00, 2.25, 0, 0 
1, 5458824,0.00, 100.00, 0.00, 2.25, 0, 0 
2, 5408807,0.00, 100.00, 0.00, 2.25, 0, 0 
3, 5376922,0.00, 100.00, 0.00, 2.25, 0, 0 
4, 5381502,0.00, 100.00, 0.00, 2.25, 0, 0 
5, 5414893,0.00, 100.00, 0.00, 2.25, 0, 0 
6, 5410564,0.00, 100.00, 0.00, 2.25, 0, 0 
7, 5411661,0.00, 100.00, 0.00, 2.25, 0, 0 
8, 5403090,0.00, 100.00, 0.00, 2.25, 0, 0 
9, 5407138,0.00, 100.00, 0.00, 2.25, 0, 0 
0, 5404508,0.00, 100.00, 0.00, 2.25, 0, 0 
1, 5348541,0.00, 100.00, 0.00, 2.25, 0, 0 
2, 5388164,0.00, 100.00, 0.00, 2.25, 0, 0 
3, 5359096,0.00, 100.00, 0.00, 2.25, 0, 0 
4, 5357653,0.00, 100.00, 0.00, 2.25, 0, 0 
5, 5325605,0.00, 100.00, 0.00, 2.25, 0, 0 
6, 5327434,0.00, 100.00, 0.00, 2.25, 0, 0 
7, 5325146,0.00, 100.00, 0.00, 2.25, 0, 0 
8, 5326913,0.00, 100.00, 0.00, 2.25, 0, 0 
9, 5373347,0.00, 100.00, 0.00, 2.25, 0, 0 
0, 5376951,0.00, 100.00, 0.00, 2.25, 0, 0 
1, 5376035,0.00, 100.00, 0.00, 2.25, 0, 0 
2, 5340273,0.00, 100.00, 0.00, 2.25, 0, 0 
3, 5369776,0.00, 100.00, 0.00, 2.25, 0, 0 
4, 5468400,0.00, 100.00, 0.00, 2.25, 0, 0 
5, 5447255,0.00, 100.00, 0.00, 2.25, 0, 0 
6, 5495715,0.00, 100.00, 0.00, 2.25, 0, 0 
7, 5554342,0.00, 100.00, 0.00, 2.25, 0, 0 
8, 5601650,0.00, 100.00, 0.00, 2.25, 0, 0 
9, 5552532,0.00, 100.00, 0.00, 2.25, 0, 0 
0, 5551808,0.00, 100.00, 0.00, 2.25, 0, 0 
1, 5553662,0.00, 100.00, 0.00, 2.25, 0, 0 
2, 5550862,0.00, 100.00, 0.00, 2.25, 0, 0 
3, 5550409,0.00, 100.00, 0.00, 2.25, 0, 0 
4, 5490029,0.00, 100.00, 0.00, 2.25, 0, 0 
5, 5477455,0.00, 100.00, 0.00, 2.25, 0, 0 
6, 5426782,0.00, 100.00, 0.00, 2.25, 0, 0 
7, 5611123,0.00, 100.00, 0.00, 2.25, 0, 0 
8, 5622180,0.00, 100.00, 0.00, 2.25, 0, 0 
9, 5623504,0.00, 100.00, 0.00, 2.25, 0, 0 
0, 5618905,0.00, 100.00, 0.00, 2.25, 0, 0 
1, 5645958,0.00, 100.00, 0.00, 2.25, 0, 0 
2, 5629691,0.00, 100.00, 0.00, 2.25, 0, 0 
3, 5677808,0.00, 100.00, 0.00, 2.25, 0, 0 
4, 5781932,0.00, 100.00, 0.00, 2.25, 0, 0 
5, 5859796,0.00, 100.00, 0.00, 2.25, 0, 0 
6, 5915157,0.00, 100.00, 0.00, 2.25, 0, 0 
7, 5726270,0.00, 100.00, 0.00, 2.25, 0, 0 
8, 5719740,0.00, 100.00, 0.00, 2.25, 0, 0 
9, 5718601,0.00, 100.00, 0.00, 2.25, 0, 0 
0, 5722542,0.00, 100.00, 0.00, 2.25, 0, 0 
1, 5778673,0.00, 100.00, 0.00, 2.25, 0, 0 
2, 5852878,0.00, 100.00, 0.00, 2.25, 0, 0 
3, 5804677,0.00, 100.00, 0.00, 2.25, 0, 0 
4, 5663395,0.00, 100.00, 0.00, 2.25, 0, 0 
5, 5671975,0.00, 100.00, 0.00, 2.25, 0, 0 
6, 5675431,0.00, 100.00, 0.00, 2.25, 0, 0 
7, 5705622,0.00, 100.00, 0.00, 2.25, 0, 0 
8, 5705398,0.00, 100.00, 0.00, 2.25, 0, 0 
9, 5753177,0.00, 100.00, 0.00, 2.25, 0, 0 
0, 5752380,0.00, 100.00, 0.00, 2.25, 0, 0 
1, 5669274,0.00, 100.00, 0.00, 2.25, 0, 0 
2, 5675052,0.00, 100.00, 0.00, 2.25, 0, 0 
3, 5721577,0.00, 100.00, 0.00, 2.25, 0, 0 
4, 5720007,0.00, 100.00, 0.00, 2.25, 0, 0 
5, 5667098,0.00, 100.00, 0.00, 2.25, 0, 0 
6, 5792418,0.00, 100.00, 0.00, 2.25, 0, 0 
7, 5821432,0.00, 100.00, 0.00, 2.25, 0, 0 
8, 5905016,0.00, 100.00, 0.00, 2.25, 0, 0 
9, 5948957,0.00, 100.00, 0.00, 2.25, 0, 0 
0, 6097604,0.00, 100.00, 0.00, 2.25, 0, 0 
1, 6089551,0.00, 100.00, 0.00, 2.25, 0, 0 
2, 6028522,0.00, 100.00, 0.00, 2.25, 0, 0 
3, 6070224,0.00, 100.00, 0.00, 2.25, 0, 0 
4, 6066771,0.00, 100.00, 0.00, 2.25, 0, 0 
5, 6067358,0.00, 100.00, 0.00, 2.25, 0, 0 
6, 5891067,0.00, 100.00, 0.00, 2.25, 0, 0 
7, 5778365,0.00, 100.00, 0.00, 2.25, 0, 0 
8, 5730827,0.00, 100.00, 0.00, 2.25, 0, 0 
9, 5693072,0.00, 100.00, 0.00, 2.25, 0, 0 
0, 5599889,0.00, 100.00, 0.00, 2.25, 0, 0 
1, 5604693,0.00, 100.00, 0.00, 2.25, 0, 0 
2, 5692659,0.00, 100.00, 0.00, 2.25, 0, 0 
3, 5608625,0.00, 100.00, 0.00, 2.25, 0, 0 
4, 5664583,0.00, 100.00, 0.00, 2.25, 0, 0 
5, 5751719,0.00, 100.00, 0.00, 2.25, 0, 0 
6, 5800886,0.00, 100.00, 0.00, 2.25, 0, 0 
7, 5851426,0.00, 100.00, 0.00, 2.25, 0, 0 
8, 5761358,0.00, 100.00, 0.00, 2.25, 0, 0 
9, 5710944,0.00, 100.00, 0.00, 2.25, 0, 0 
0, 5747489,0.00, 100.00, 0.00, 2.25, 0, 0 
1, 5801452,0.00, 100.00, 0.00, 2.25, 0, 0 
2, 5801008,0.00, 100.00, 0.00, 2.25, 0, 0 
3, 5882279,0.00, 100.00, 0.00, 2.25, 0, 0 
4, 5913432,0.00, 100.00, 0.00, 2.25, 0, 0 
5, 5822043,0.00, 100.00, 0.00, 2.25, 0, 0 
6, 5768616,0.00, 100.00, 0.00, 2.25, 0, 0 
7, 5729174,0.00, 100.00, 0.00, 2.25, 0, 0 
8, 5777194,0.00, 100.00, 0.00, 2.25, 0, 0 
9, 5860170,0.00, 100.00, 0.00, 2.25, 0, 0 
0, 5848680,0.00, 100.00, 0.00, 2.25, 0, 0 
1, 5847520,0.00, 100.00, 0.00, 2.25, 0, 0 
2, 5757844,0.00, 100.00, 0.00, 2.25, 0, 0 
3, 5673059,0.00, 100.00, 0.00, 2.25, 0, 0 
4, 5597595,0.00, 100.00, 0.00, 2.25, 0, 0 
5, 5650131,0.00, 100.00, 0.00, 2.25, 0, 0 
6, 5735573,0.00, 100.00, 0.00, 2.25, 0, 0 
7, 5807442,0.00, 100.00, 0.00, 2.25, 0, 0 
8, 5760303,0.00, 100.00, 0.00, 2.25, 0, 0 
9, 5732765,0.00, 100.00, 0.00, 2.25, 0, 0 
0, 5716838,0.00, 100.00, 0.00, 2.25, 0, 0 
1, 5657736,0.00, 100.00, 0.00, 2.25, 0, 0 
2, 5656913,0.00, 100.00, 0.00, 2.25, 0, 0 
3, 5657187,0.00, 100.00, 0.00, 2.25, 0, 0 
4, 5729568,0.00, 100.00, 0.00, 2.25, 0, 0 
5, 5764109,0.00, 100.00, 0.00, 2.25, 0, 0 
6, 5676996,0.00, 100.00, 0.00, 2.25, 0, 0 
7, 5594517,0.00, 100.00, 0.00, 2.25, 0, 0 
8, 5603003,0.00, 100.00, 0.00, 2.25, 0, 0 
9, 5596788,0.00, 100.00, 0.00, 2.25, 0, 0 
0, 5579536,0.00, 100.00, 0.00, 2.25, 0, 0 
1, 5671966,0.00, 100.00, 0.00, 2.25, 0, 0 
2, 5721990,0.00, 100.00, 0.00, 2.25, 0, 0 
3, 5765744,0.00, 100.00, 0.00, 2.25, 0, 0 
4, 5685395,0.00, 100.00, 0.00, 2.25, 0, 0 
5, 5608167,0.00, 100.00, 0.00, 2.25, 0, 0 
6, 5663709,0.00, 100.00, 0.00, 2.25, 0, 0 
7, 5708115,0.00, 100.00, 0.00, 2.25, 0, 0 
8, 5699337,0.00, 100.00, 0.00, 2.25, 0, 0 
9, 5735319,0.00, 100.00, 0.00, 2.25, 0, 0 
0, 5779329,0.00, 100.00, 0.00, 2.25, 0, 0 
1, 5895662,0.00, 100.00, 0.00, 2.25, 0, 0 
2, 6048700,0.00, 100.00, 0.00, 2.25, 0, 0 
3, 6043751,0.00, 100.00, 0.00, 2.25, 0, 0 
4, 6127349,0.00, 100.00, 0.00, 2.25, 0, 0 
5, 6207762,0.00, 100.00, 0.00, 2.25, 0, 0 
6, 6449013,0.00, 100.00, 0.00, 2.25, 0, 0 
7, 6483916,0.00, 100.00, 0.00, 2.25, 0, 0 
8, 6562958,0.00, 100.00, 0.00, 2.25, 0, 0 
9, 6775250,0.00, 100.00, 0.00, 2.25, 0, 0 
0, 6953215,0.00, 100.00, 0.00, 2.25, 0, 0 
1, 6839615,0.00, 100.00, 0.00, 2.25, 0, 0 
2, 6692459,0.00, 100.00, 0.00, 2.25, 0, 0 
3, 6702948,0.00, 100.00, 0.00, 2.25, 0, 0 
4, 6671255,0.00, 100.00, 0.00, 2.25, 0, 0 
5, 6582151,0.00, 100.00, 0.00, 2.25, 0, 0 
6, 6373672,0.00, 100.00, 0.00, 2.25, 0, 0 
7, 6293362,0.00, 100.00, 0.00, 2.25, 0, 0 
8, 6312388,0.00, 100.00, 0.00, 2.25, 0, 0 
9, 6087843,0.00, 100.00, 0.00, 2.25, 0, 0 
0, 5808161,0.00, 100.00, 0.00, 2.25, 0, 0 
1, 5746837,0.00, 100.00, 0.00, 2.25, 0, 0 
2, 5742115,0.00, 100.00, 0.00, 2.25, 0, 0 
3, 5684891,0.00, 100.00, 0.00, 2.25, 0, 0 
4, 5627412,0.00, 100.00, 0.00, 2.25, 0, 0 
5, 5625032,0.00, 100.00, 0.00, 2.25, 0, 0 
6, 5536272,0.00, 100.00, 0.00, 2.25, 0, 0 
7, 5587765,0.00, 100.00, 0.00, 2.25, 0, 0 
8, 5641579,0.00, 100.00, 0.00, 2.25, 0, 0 
9, 5827555,0.00, 100.00, 0.00, 2.25, 0, 0 
0, 6017286,0.00, 100.00, 0.00, 2.25, 0, 0 
1, 6205389,0.00, 100.00, 0.00, 2.25, 0, 0 
2, 6317556,0.00, 100.00, 0.00, 2.25, 0, 0 
3, 6363464,0.00, 100.00, 0.00, 2.25, 0, 0 
4, 6447195,0.00, 100.00, 0.00, 2.25, 0, 0 
5, 6447406,0.00, 100.00, 0.00, 2.25, 0, 0 
6, 6503347,0.00, 100.00, 0.00, 2.25, 0, 0 
7, 6616202,0.00, 100.00, 0.00, 2.25, 0, 0 
8, 6508850,0.00, 100.00, 0.00, 2.25, 0, 0 
9, 6375138,0.00, 100.00, 0.00, 2.25, 0, 0 
0, 6282234,0.00, 100.00, 0.00, 2.25, 0, 0 
1, 6213378,0.00, 100.00, 0.00, 2.25, 0, 0 
2, 6179874,0.00, 100.00, 0.00, 2.25, 0, 0 
3, 6400143,0.00, 100.00, 0.00, 2.25, 0, 0 
4, 6546042,0.00, 100.00, 0.00, 2.25, 0, 0 
5, 6683636,0.00, 100.00, 0.00, 2.25, 0, 0 
6, 6944079,0.00, 100.00, 0.00, 2.25, 0, 0 
7, 7003891,0.00, 100.00, 0.00, 2.25, 0, 0 
8, 7187267,0.00, 100.00, 0.00, 2.25, 0, 0 
9, 7197612,0.00, 100.00, 0.00, 2.25, 0, 0 
0, 7247135,0.00, 100.00, 0.00, 2.25, 0, 0 
1, 7212304,0.00, 100.00, 0.00, 2.25, 0, 0 
2, 7225298,0.00, 100.00, 0.00, 2.25, 0, 0 
3, 7042909,0.00, 100.00, 0.00, 2.25, 0, 0 
4, 7008881,0.00, 100.00, 0.00, 2.25, 0, 0 
5, 7014348,0.00, 100.00, 0.00, 2.25, 0, 0 
6, 6867165,0.00, 100.00, 0.00, 2.25, 0, 0 
7, 6748383,0.00, 100.00, 0.00, 2.25, 0, 0 
8, 6649949,0.00, 100.00, 0.00, 2.25, 0, 0 
9, 6670565,0.00, 100.00, 0.00, 2.25, 0, 0 
0, 6762195,0.00, 100.00, 0.00, 2.25, 0, 0 
1, 6872527,0.00, 100.00, 0.00, 2.25, 0, 0 
2, 6857234,0.00, 100.00, 0.00, 2.25, 0, 0 
3, 6912528,0.00, 100.00, 0.00, 2.25, 0, 0 
4, 6923328,0.00, 100.00, 0.00, 2.25, 0, 0 
5, 6903410,0.00, 100.00, 0.00, 2.25, 0, 0 
6, 6936613,0.00, 100.00, 0.00, 2.25, 0, 0 
7, 6954428,0.00, 100.00, 0.00, 2.25, 0, 0 
8, 6927732,0.00, 100.00, 0.00, 2.25, 0, 0 
9, 7009387,0.00, 100.00, 0.00, 2.25, 0, 0 
0, 7012849,0.00, 100.00, 0.00, 2.25, 0, 0 
1, 7012159,0.00, 100.00, 0.00, 2.25, 0, 0 
2, 6986953,0.00, 100.00, 0.00, 2.25, 0, 0 
3, 7065880,0.00, 100.00, 0.00, 2.25, 0, 0 
4, 7090357,0.00, 100.00, 0.00, 2.25, 0, 0 
5, 7101870,0.00, 100.00, 0.00, 2.25, 0, 0 
6, 7073464,0.00, 100.00, 0.00, 2.25, 0, 0 
7, 7056346,0.00, 100.00, 0.00, 2.25, 0, 0 
8, 7105809,0.00, 100.00, 0.00, 2.25, 0, 0 
9, 7145709,0.00, 100.00, 0.00, 2.25, 0, 0 
0, 7144381,0.00, 100.00, 0.00, 2.25, 0, 0 
1, 7141387,0.00, 100.00, 0.00, 2.25, 0, 0 
2, 7142661,0.00, 100.00, 0.00, 2.25, 0, 0 
3, 7137695,0.00, 100.00, 0.00, 2.25, 0, 0 
4, 7142572,0.00, 100.00, 0.00, 2.25, 0, 0 
5, 7216218,0.00, 100.00, 0.00, 2.25, 0, 0 
6, 7151971,0.00, 100.00, 0.00, 2.25, 0, 0 
7, 7241749,0.00, 100.00, 0.00, 2.25, 0, 0 
8, 7296365,0.00, 100.00, 0.00, 2.25, 0, 0 
9, 7153600,0.00, 100.00, 0.00, 2.25, 0, 0 
0, 6977587,0.00, 100.00, 0.00, 2.25, 0, 0 
1, 6785700,0.00, 100.00, 0.00, 2.25, 0, 0 
2, 6631614,0.00, 100.00, 0.00, 2.25, 0, 0 
3, 6409908,0.00, 100.00, 0.00, 2.25, 0, 0 
4, 6166477,0.00, 100.00, 0.00, 2.25, 0, 0 
5, 5953970,0.00, 100.00, 0.00, 2.25, 0, 0 
6, 5838446,0.00, 100.00, 0.00, 2.25, 0, 0 
7, 5649694,0.00, 100.00, 0.00, 2.25, 0, 0 
8, 5410343,0.00, 100.00, 0.00, 2.25, 0, 0 
9, 5264759,0.00, 100.00, 0.00, 2.25, 0, 0 
0, 5198671,0.00, 100.00, 0.00, 2.25, 0, 0 
1, 5163760,0.00, 100.00, 0.00, 2.25, 0, 0 
2, 5205072,0.00, 100.00, 0.00, 2.25, 0, 0 
3, 5212485,0.00, 100.00, 0.00, 2.25, 0, 0 
4, 5216582,0.00, 100.00, 0.00, 2.25, 0, 0 
5, 5210073,0.00, 100.00, 0.00, 2.25, 0, 0 
6, 5206463,0.00, 100.00, 0.00, 2.25, 0, 0 
7, 5189251,0.00, 100.00, 0.00, 2.25, 0, 0 
8, 5220699,0.00, 100.00, 0.00, 2.25, 0, 0 
9, 5209900,0.00, 100.00, 0.00, 2.25, 0, 0 
0, 5209850,0.00, 100.00, 0.00, 2.25, 0, 0 
1, 5210345,0.00, 100.00, 0.00, 2.25, 0, 0 
2, 5209678,0.00, 100.00, 0.00, 2.25, 0, 0 
3, 5206077,0.00, 100.00, 0.00, 2.25, 0, 0 
4, 5209117,0.00, 100.00, 0.00, 2.25, 0, 0 
5, 5209748,0.00, 100.00, 0.00, 2.25, 0, 0 
6, 5210088,0.00, 100.00, 0.00, 2.25, 0, 0 
7, 5211097,0.00, 100.00, 0.00, 2.25, 0, 0 
8, 5200271,0.00, 100.00, 0.00, 2.25, 0, 0 
9, 5208061,0.00, 100.00, 0.00, 2.25, 0, 0 
0, 5209704,0.00, 100.00, 0.00, 2.25, 0, 0 
1, 5208963,0.00, 100.00, 0.00, 2.25, 0, 0 
2, 5213189,0.00, 100.00, 0.00, 2.25, 0, 0 
3, 5214861,0.00, 100.00, 0.00, 2.25, 0, 0 
4, 5206571,0.00, 100.00, 0.00, 2.25, 0, 0 
5, 5208704,0.00, 100.00, 0.00, 2.25, 0, 0 
6, 5209348,0.00, 100.00, 0.00, 2.25, 0, 0 
7, 5209621,0.00, 100.00, 0.00, 2.25, 0, 0 
8, 5210221,0.00, 100.00, 0.00, 2.25, 0, 0 
9, 5209987,0.00, 100.00, 0.00, 2.25, 0, 0 
0, 5213443,0.00, 100.00, 0.00, 2.25, 0, 0 
1, 5209616,0.00, 100.00, 0.00, 2.25, 0, 0 
2, 5209984,0.00, 100.00, 0.00, 2.25, 0, 0 
3, 5205605,0.00, 100.00, 0.00, 2.25, 0, 0 
4, 5210438,0.00, 100.00, 0.00, 2.25, 0, 0 
5, 5210319,0.00, 100.00, 0.00, 2.25, 0, 0 
6, 5211965,0.00, 100.00, 0.00, 2.25, 0, 0 
7, 5213681,0.00, 100.00, 0.00, 2.25, 0, 0 
8, 5208725,0.00, 100.00, 0.00, 2.25, 0, 0 
9, 5209505,0.00, 100.00, 0.00, 2.25, 0, 0 
0, 5239544,0.00, 100.00, 0.00, 2.25, 0, 0 
1, 5211923,0.00, 100.00, 0.00, 2.25, 0, 0 
2, 5209930,0.00, 100.00, 0.00, 2.25, 0, 0 
3, 5210629,0.00, 100.00, 0.00, 2.25, 0, 0 
4, 5211658,0.00, 100.00, 0.00, 2.25, 0, 0 
5, 5210272,0.00, 100.00, 0.00, 2.25, 0, 0 
6, 5205732,0.00, 100.00, 0.00, 2.25, 0, 0 
7, 5213997,0.00, 100.00, 0.00, 2.25, 0, 0 
8, 5209212,0.00, 100.00, 0.00, 2.25, 0, 0 
9, 5210646,0.00, 100.00, 0.00, 2.25, 0, 0 
0, 5176852,0.00, 100.00, 0.00, 2.25, 0, 0 
1, 5205079,0.00, 100.00, 0.00, 2.25, 0, 0 
2, 5206552,0.00, 100.00, 0.00, 2.25, 0, 0 
3, 5229511,0.00, 100.00, 0.00, 2.25, 0, 0 
4, 5207254,0.00, 100.00, 0.00, 2.25, 0, 0 
5, 5211091,0.00, 100.00, 0.00, 2.25, 0, 0 
6, 5212340,0.00, 100.00, 0.00, 2.25, 0, 0 
7, 5198492,0.00, 100.00, 0.00, 2.25, 0, 0 
8, 5210300,0.00, 100.00, 0.00, 2.25, 0, 0 
9, 5209654,0.00, 100.00, 0.00, 2.25, 0, 0 
0, 5212994,0.00, 100.00, 0.00, 2.25, 0, 0 
1, 5215954,0.00, 100.00, 0.00, 2.25, 0, 0 
2, 5210150,0.00, 100.00, 0.00, 2.25, 0, 0 
3, 5191484,0.00, 100.00, 0.00, 2.25, 0, 0 
4, 5213144,0.00, 100.00, 0.00, 2.25, 0, 0 
5, 5207873,0.00, 100.00, 0.00, 2.25, 0, 0 
6, 5210438,0.00, 100.00, 0.00, 2.25, 0, 0 
7, 5212172,0.00, 100.00, 0.00, 2.25, 0, 0 
8, 5212200,0.00, 100.00, 0.00, 2.25, 0, 0 
9, 5214641,0.00, 100.00, 0.00, 2.25, 0, 0 
0, 5209169,0.00, 100.00, 0.00, 2.25, 0, 0 
1, 5209708,0.00, 100.00, 0.00, 2.25, 0, 0 
2, 5212831,0.00, 100.00, 0.00, 2.25, 0, 0 
3, 5211380,0.00, 100.00, 0.00, 2.25, 0, 0 
4, 5209243,0.00, 100.00, 0.00, 2.25, 0, 0 
5, 5234756,0.00, 100.00, 0.00, 2.25, 0, 0 
6, 5247084,0.00, 100.00, 0.00, 2.25, 0, 0 
7, 5212983,0.00, 100.00, 0.00, 2.25, 0, 0 
8, 5212102,0.00, 100.00, 0.00, 2.25, 0, 0 
9, 5206526,0.00, 100.00, 0.00, 2.25, 0, 0 
0, 5212484,0.00, 100.00, 0.00, 2.25, 0, 0 
1, 5212327,0.00, 100.00, 0.00, 2.25, 0, 0 
2, 5213449,0.00, 100.00, 0.00, 2.25, 0, 0 
3, 5215815,0.00, 100.00, 0.00, 2.25, 0, 0 
4, 5216308,0.00, 100.00, 0.00, 2.25, 0, 0 
5, 5191686,0.00, 100.00, 0.00, 2.25, 0, 0 
6, 5177505,0.00, 100.00, 0.00, 2.25, 0, 0 
7, 5211618,0.00, 100.00, 0.00, 2.25, 0, 0 
8, 5209107,0.00, 100.00, 0.00, 2.25, 0, 0 
9, 5214969,0.00, 100.00, 0.00, 2.25, 0, 0 
0, 5211682,0.00, 100.00, 0.00, 2.25, 0, 0 
1, 5212134,0.00, 100.00, 0.00, 2.25, 0, 0 
2, 5212786,0.00, 100.00, 0.00, 2.25, 0, 0 
3, 5209415,0.00, 100.00, 0.00, 2.25, 0, 0 
4, 5209035,0.00, 100.00, 0.00, 2.25, 0, 0 
5, 5212083,0.00, 100.00, 0.00, 2.25, 0, 0 
6, 5212896,0.00, 100.00, 0.00, 2.25, 0, 0 
7, 5214799,0.00, 100.00, 0.00, 2.25, 0, 0 
8, 5216965,0.00, 100.00, 0.00, 2.25, 0, 0 
9, 5235011,0.00, 100.00, 0.00, 2.25, 0, 0 
0, 5212353,0.00, 100.00, 0.00, 2.25, 0, 0 
1, 5212675,0.00, 100.00, 0.00, 2.25, 0, 0 
2, 5207718,0.00, 100.00, 0.00, 2.25, 0, 0 
3, 5211467,0.00, 100.00, 0.00, 2.25, 0, 0 
4, 5212663,0.00, 100.00, 0.00, 2.25, 0, 0 
5, 5212606,0.00, 100.00, 0.00, 2.25, 0, 0 
6, 5215582,0.00, 100.00, 0.00, 2.25, 0, 0 
7, 5214303,0.00, 100.00, 0.00, 2.25, 0, 0 
8, 5199600,0.00, 100.00, 0.00, 2.25, 0, 0 
9, 5177397,0.00, 100.00, 0.00, 2.25, 0, 0 
0, 5215856,0.00, 100.00, 0.00, 2.25, 0, 0 
1, 5222716,0.00, 100.00, 0.00, 2.25, 0, 0 
2, 5224727,0.00, 100.00, 0.00, 2.25, 0, 0 
3, 5218959,0.00, 100.00, 0.00, 2.25, 0, 0 
4, 5218696,0.00, 100.00, 0.00, 2.25, 0, 0 
5, 5215842,0.00, 100.00, 0.00, 2.25, 0, 0 
6, 5215147,0.00, 100.00, 0.00, 2.25, 0, 0 
7, 5214139,0.00, 100.00, 0.00, 2.25, 0, 0 
8, 5228910,0.00, 100.00, 0.00, 2.25, 0, 0 
9, 5232893,0.00, 100.00, 0.00, 2.25, 0, 0 
0, 5215600,0.00, 100.00, 0.00, 2.25, 0, 0 
1, 5207246,0.00, 100.00, 0.00, 2.25, 0, 0 
2, 5208341,0.00, 100.00, 0.00, 2.25, 0, 0 
3, 5211423,0.00, 100.00, 0.00, 2.25, 0, 0 
4, 5213696,0.00, 100.00, 0.00, 2.25, 0, 0 
5, 5216732,0.00, 100.00, 0.00, 2.25, 0, 0 
6, 5214056,0.00, 100.00, 0.00, 2.25, 0, 0 
7, 5219014,0.00, 100.00, 0.00, 2.25, 0, 0 
8, 5201286,0.00, 100.00, 0.00, 2.25, 0, 0 
9, 5219481,0.00, 100.00, 0.00, 2.25, 0, 0 
0, 5214630,0.00, 100.00, 0.00, 2.25, 0, 0 
1, 5213919,0.00, 100.00, 0.00, 2.25, 0, 0 
2, 5216663,0.00, 100.00, 0.00, 2.25, 0, 0 
3, 5221578,0.00, 100.00, 0.00, 2.25, 0, 0 
4, 5214688,0.00, 100.00, 0.00, 2.25, 0, 0 
5, 5212601,0.00, 100.00, 0.00, 2.25, 0, 0 
6, 5212729,0.00, 100.00, 0.00, 2.25, 0, 0 
7, 5176204,0.00, 100.00, 0.00, 2.25, 0, 0 
8, 5197653,0.00, 100.00, 0.00, 2.25, 0, 0 
9, 5175373,0.00, 100.00, 0.00, 2.25, 0, 0 
0, 5174712,0.00, 100.00, 0.00, 2.25, 0, 0 
1, 5174446,0.00, 100.00, 0.00, 2.25, 0, 0 
2, 5215356,0.00, 100.00, 0.00, 2.25, 0, 0 
3, 5197451,0.00, 100.00, 0.00, 2.25, 0, 0 
4, 5215998,0.00, 100.00, 0.00, 2.25, 0, 0 
5, 5233405,0.00, 100.00, 0.00, 2.25, 0, 0 
6, 5212843,0.00, 100.00, 0.00, 2.25, 0, 0 
7, 5242261,0.00, 100.00, 0.00, 2.25, 0, 0 
8, 5241962,0.00, 100.00, 0.00, 2.25, 0, 0 
9, 5243112,0.00, 100.00, 0.00, 2.25, 0, 0 
0, 5250404,0.00, 100.00, 0.00, 2.25, 0, 0 
1, 5274521,0.00, 100.00, 0.00, 2.25, 0, 0 
2, 5222316,0.00, 100.00, 0.00, 2.25, 0, 0 
3, 5221049,0.00, 100.00, 0.00, 2.25, 0, 0 
4, 5215196,0.00, 100.00, 0.00, 2.25, 0, 0 
5, 5191881,0.00, 100.00, 0.00, 2.25, 0, 0 
6, 5213808,0.00, 100.00, 0.00, 2.25, 0, 0 
7, 5216292,0.00, 100.00, 0.00, 2.25, 0, 0 
8, 5198423,0.00, 100.00, 0.00, 2.25, 0, 0 
9, 5210790,0.00, 100.00, 0.00, 2.25, 0, 0 
0, 5212731,0.00, 100.00, 0.00, 2.25, 0, 0 
1, 5187331,0.00, 100.00, 0.00, 2.25, 0, 0 
2, 5199116,0.00, 100.00, 0.00, 2.25, 0, 0 
3, 5213360,0.00, 100.00, 0.00, 2.25, 0, 0 
4, 5175095,0.00, 100.00, 0.00, 2.25, 0, 0 
5, 5215409,0.00, 100.00, 0.00, 2.25, 0, 0 
6, 5214971,0.00, 100.00, 0.00, 2.25, 0, 0 
7, 5212028,0.00, 100.00, 0.00, 2.25, 0, 0 
8, 5232573,0.00, 100.00, 0.00, 2.25, 0, 0 
9, 5215462,0.00, 100.00, 0.00, 2.25, 0, 0 
0, 5221256,0.00, 100.00, 0.00, 2.25, 0, 0 
1, 5217058,0.00, 100.00, 0.00, 2.25, 0, 0 
2, 5214124,0.00, 100.00, 0.00, 2.25, 0, 0 
3, 5213685,0.00, 100.00, 0.00, 2.25, 0, 0 
4, 5245625,0.00, 100.00, 0.00, 2.25, 0, 0 
5, 5210442,0.00, 100.00, 0.00, 2.25, 0, 0 
6, 5211301,0.00, 100.00, 0.00, 2.25, 0, 0 
7, 5213144,0.00, 100.00, 0.00, 2.25, 0, 0 
8, 5208477,0.00, 100.00, 0.00, 2.25, 0, 0 
9, 5214131,0.00, 100.00, 0.00, 2.25, 0, 0 
0, 5205010,0.00, 100.00, 0.00, 2.25, 0, 0 
1, 5211147,0.00, 100.00, 0.00, 2.25, 0, 0 
2, 5210800,0.00, 100.00, 0.00, 2.25, 0, 0 
3, 5212483,0.00, 100.00, 0.00, 2.25, 0, 0 
4, 5206676,0.00, 100.00, 0.00, 2.25, 0, 0 
5, 5207005,0.00, 100.00, 0.00, 2.25, 0, 0 
6, 5210079,0.00, 100.00, 0.00, 2.25, 0, 0 
7, 5211388,0.00, 100.00, 0.00, 2.25, 0, 0 
8, 5213176,0.00, 100.00, 0.00, 2.25, 0, 0 
9, 5213443,0.00, 100.00, 0.00, 2.25, 0, 0 
0, 5257439,0.00, 100.00, 0.00, 2.25, 0, 0 
1, 5213500,0.00, 100.00, 0.00, 2.25, 0, 0 
2, 5213129,0.00, 100.00, 0.00, 2.25, 0, 0 
3, 5209203,0.00, 100.00, 0.00, 2.25, 0, 0 
4, 5216726,0.00, 100.00, 0.00, 2.25, 0, 0 
5, 5212391,0.00, 100.00, 0.00, 2.25, 0, 0 
6, 5213391,0.00, 100.00, 0.00, 2.25, 0, 0 
7, 5218834,0.00, 100.00, 0.00, 2.25, 0, 0 
8, 5210352,0.00, 100.00, 0.00, 2.25, 0, 0 
9, 5210362,0.00, 100.00, 0.00, 2.25, 0, 0 
0, 5170766,0.00, 100.00, 0.00, 2.25, 0, 0 
1, 5211700,0.00, 100.00, 0.00, 2.25, 0, 0 
2, 5214082,0.00, 100.00, 0.00, 2.25, 0, 0 
3, 5216597,0.00, 100.00, 0.00, 2.25, 0, 0 
4, 5211747,0.00, 100.00, 0.00, 2.25, 0, 0 
5, 5232073,0.00, 100.00, 0.00, 2.25, 0, 0 
6, 5213240,0.00, 100.00, 0.00, 2.25, 0, 0 
7, 5208869,0.00, 100.00, 0.00, 2.25, 0, 0 
8, 5213083,0.00, 100.00, 0.00, 2.25, 0, 0 
9, 5212017,0.00, 100.00, 0.00, 2.25, 0, 0 
0, 5208416,0.00, 100.00, 0.00, 2.25, 0, 0 
1, 5214711,0.00, 100.00, 0.00, 2.25, 0, 0 
2, 5213889,0.00, 100.00, 0.00, 2.25, 0, 0 
3, 5210648,0.00, 100.00, 0.00, 2.25, 0, 0 
4, 5212760,0.00, 100.00, 0.00, 2.25, 0, 0 
5, 5193367,0.00, 100.00, 0.00, 2.25, 0, 0 
6, 5208860,0.00, 100.00, 0.00, 2.25, 0, 0 
7, 5210399,0.00, 100.00, 0.00, 2.25, 0, 0 
8, 5217508,0.00, 100.00, 0.00, 2.25, 0, 0 
9, 5212860,0.00, 100.00, 0.00, 2.25, 0, 0 
0, 5215008,0.00, 100.00, 0.00, 2.25, 0, 0 
1, 5215910,0.00, 100.00, 0.00, 2.25, 0, 0 
2, 5210245,0.00, 100.00, 0.00, 2.25, 0, 0 
3, 5213920,0.00, 100.00, 0.00, 2.25, 0, 0 
4, 5211961,0.00, 100.00, 0.00, 2.25, 0, 0 
5, 5215429,0.00, 100.00, 0.00, 2.25, 0, 0 
6, 5216872,0.00, 100.00, 0.00, 2.25, 0, 0 
7, 5212333,0.00, 100.00, 0.00, 2.25, 0, 0 
8, 5207549,0.00, 100.00, 0.00, 2.25, 0, 0 
9, 5212500,0.00, 100.00, 0.00, 2.25, 0, 0 
0, 5244691,0.00, 100.00, 0.00, 2.25, 0, 0 
1, 5207784,0.00, 100.00, 0.00, 2.25, 0, 0 
2, 5213608,0.00, 100.00, 0.00, 2.25, 0, 0 
3, 5211822,0.00, 100.00, 0.00, 2.25, 0, 0 
4, 5215090,0.00, 100.00, 0.00, 2.25, 0, 0 
5, 5213159,0.00, 100.00, 0.00, 2.25, 0, 0 
6, 5211274,0.00, 100.00, 0.00, 2.25, 0, 0 
7, 5214475,0.00, 100.00, 0.00, 2.25, 0, 0 
8, 5211734,0.00, 100.00, 0.00, 2.25, 0, 0 
9, 5220935,0.00, 100.00, 0.00, 2.25, 0, 0 
0, 5177652,0.00, 100.00, 0.00, 2.25, 0, 0 
1, 5211473,0.00, 100.00, 0.00, 2.25, 0, 0 
2, 5209306,0.00, 100.00, 0.00, 2.25, 0, 0 
3, 5210955,0.00, 100.00, 0.00, 2.25, 0, 0 
4, 5205663,0.00, 100.00, 0.00, 2.25, 0, 0 
5, 5207062,0.00, 100.00, 0.00, 2.25, 0, 0 
6, 5210239,0.00, 100.00, 0.00, 2.25, 0, 0 
7, 5195304,0.00, 100.00, 0.00, 2.25, 0, 0 
8, 5199305,0.00, 100.00, 0.00, 2.25, 0, 0 
9, 5205346,0.00, 100.00, 0.00, 2.25, 0, 0 
0, 5198453,0.00, 100.00, 0.00, 2.25, 0, 0 
1, 5195608,0.00, 100.00, 0.00, 2.25, 0, 0 
2, 5211177,0.00, 100.00, 0.00, 2.25, 0, 0 
3, 5213124,0.00, 100.00, 0.00, 2.25, 0, 0 
4, 5248641,0.00, 100.00, 0.00, 2.25, 0, 0 
5, 5210907,0.00, 100.00, 0.00, 2.25, 0, 0 
6, 5210475,0.00, 100.00, 0.00, 2.25, 0, 0 
7, 5223755,0.00, 100.00, 0.00, 2.25, 0, 0 
8, 5218809,0.00, 100.00, 0.00, 2.25, 0, 0 
9, 5205002,0.00, 100.00, 0.00, 2.25, 0, 0 
0, 5222170,0.00, 100.00, 0.00, 2.25, 0, 0 
1, 5224352,0.00, 100.00, 0.00, 2.25, 0, 0 
2, 5208806,0.00, 100.00, 0.00, 2.25, 0, 0 
3, 5208526,0.00, 100.00, 0.00, 2.25, 0, 0 
4, 5174101,0.00, 100.00, 0.00, 2.25, 0, 0 
5, 5209285,0.00, 100.00, 0.00, 2.25, 0, 0 
6, 5209218,0.00, 100.00, 0.00, 2.25, 0, 0 
7, 5212151,0.00, 100.00, 0.00, 2.25, 0, 0 
8, 5216432,0.00, 100.00, 0.00, 2.25, 0, 0 
9, 5210403,0.00, 100.00, 0.00, 2.25, 0, 0 
0, 5209365,0.00, 100.00, 0.00, 2.25, 0, 0 
1, 5212042,0.00, 100.00, 0.00, 2.25, 0, 0 
2, 5207650,0.00, 100.00, 0.00, 2.25, 0, 0 
3, 5209864,0.00, 100.00, 0.00, 2.25, 0, 0 
4, 5218746,0.00, 100.00, 0.00, 2.25, 0, 0 
5, 5212087,0.00, 100.00, 0.00, 2.25, 0, 0 
6, 5211081,0.00, 100.00, 0.00, 2.25, 0, 0 
7, 5204739,0.00, 100.00, 0.00, 2.25, 0, 0 
8, 5205510,0.00, 100.00, 0.00, 2.25, 0, 0 
9, 5209533,0.00, 100.00, 0.00, 2.25, 0, 0 
