Tue Dec  4 12:28:05 2018
Controller Frequency: 666.000 kHz
Time(s), Time(ns), x, v, v_unfilt, f, f_unfilt, xdes, vdes, cmd, LSB, LSF
66954, 997862678, 0.000, 0.000, -0.000, 7.963, 19.907, 100.000, 0.000, 2.220, 0, 0 
66954, 999366740, 0.000, 0.000, -0.000, 7.974, 19.934, 100.000, 0.000, 2.220, 0, 0 
66955, 987818, 0.000, 0.000, -0.000, 15.926, 19.907, 100.000, 0.000, 2.220, 0, 0 
66955, 2608516, 0.000, 0.000, -0.000, 23.899, 19.907, 100.000, 0.000, 2.220, 0, 0 
66955, 4214202, 0.000, 0.000, -0.000, 31.840, 19.853, 100.000, 0.000, 2.220, 0, 0 
66955, 5819497, 0.000, -0.000, -0.000, 39.749, 19.717, 100.000, 0.000, 2.220, 0, 0 
66955, 7431156, 0.000, -0.000, -0.000, 39.727, 19.717, 100.000, 0.000, 2.220, 0, 0 
66955, 8943006, 0.000, -0.000, -0.000, 39.646, 19.731, 100.000, 0.000, 2.220, 0, 0 
66955, 10464022, 0.000, -0.000, -0.000, 39.570, 19.731, 100.000, 0.000, 2.220, 0, 0 
66955, 12063285, 0.000, -0.000, -0.000, 39.505, 19.744, 100.000, 0.000, 2.220, 0, 0 
66955, 13573999, 0.000, -0.000, -0.000, 39.499, 19.853, 100.000, 0.000, 2.220, 0, 0 
66955, 15159269, 0.000, -0.000, -0.000, 39.537, 19.921, 100.000, 0.000, 2.220, 0, 0 
66955, 16662678, 0.000, -0.000, -0.000, 39.591, 19.921, 100.000, 0.000, 2.220, 0, 0 
66955, 18271396, 0.000, -0.000, -0.000, 39.673, 19.934, 100.000, 0.000, 2.220, 0, 0 
66955, 19869831, 0.000, -0.000, -0.000, 39.743, 19.921, 100.000, 0.000, 2.220, 0, 0 
66955, 21475743, 0.000, -0.000, -0.000, 39.776, 19.812, 100.000, 0.000, 2.220, 0, 0 
66955, 23088244, 0.000, -0.000, -0.000, 39.770, 19.731, 100.000, 0.000, 2.220, 0, 0 
66955, 24632791, 0.000, -0.000, -0.000, 39.716, 19.703, 100.000, 0.000, 2.220, 0, 0 
66955, 26251652, 0.000, -0.000, -0.000, 39.646, 19.717, 100.000, 0.000, 2.220, 0, 0 
66955, 27841220, 0.000, -0.000, -0.000, 39.553, 19.717, 100.000, 0.000, 2.220, 0, 0 
66955, 29452996, 0.000, -0.000, -0.000, 39.505, 19.798, 100.000, 0.000, 2.220, 0, 0 
66955, 31033352, 0.000, -0.000, -0.000, 39.510, 19.907, 100.000, 0.000, 2.220, 0, 0 
66955, 32536686, 0.000, -0.000, -0.000, 39.548, 19.934, 100.000, 0.000, 2.220, 0, 0 
66955, 34139158, 0.000, -0.000, -0.000, 39.624, 19.921, 100.000, 0.000, 2.220, 0, 0 
66955, 35745048, 0.000, -0.000, -0.000, 39.716, 19.934, 100.000, 0.000, 2.220, 0, 0 
66955, 37347806, 0.000, -0.000, -0.000, 39.765, 19.853, 100.000, 0.000, 2.220, 0, 0 
66955, 38969899, 0.000, -0.000, -0.000, 39.776, 19.744, 100.000, 0.000, 2.220, 0, 0 
66955, 40563642, 0.000, -0.000, -0.000, 39.743, 19.717, 100.000, 0.000, 2.220, 0, 0 
66955, 42155699, 0.000, -0.000, -0.000, 39.673, 19.731, 100.000, 0.000, 2.220, 0, 0 
66955, 43775808, 0.000, -0.000, -0.000, 39.586, 19.717, 100.000, 0.000, 2.220, 0, 0 
66955, 45398806, 0.000, -0.000, -0.000, 39.521, 19.758, 100.000, 0.000, 2.220, 0, 0 
66955, 47012092, 0.000, -0.000, -0.000, 39.505, 19.853, 100.000, 0.000, 2.220, 0, 0 
66955, 48617505, 0.000, -0.000, -0.000, 39.537, 19.921, 100.000, 0.000, 2.220, 0, 0 
66955, 50232332, 0.000, -0.000, -0.000, 39.591, 19.921, 100.000, 0.000, 2.220, 0, 0 
66955, 51828278, 0.000, -0.000, -0.000, 39.678, 19.948, 100.000, 0.000, 2.220, 0, 0 
66955, 53433969, 0.000, -0.000, -0.000, 39.738, 19.893, 100.000, 0.000, 2.220, 0, 0 
66955, 54938014, 0.000, -0.000, -0.000, 39.770, 19.785, 100.000, 0.000, 2.220, 0, 0 
66955, 56442211, 0.000, -0.000, -0.000, 39.765, 19.731, 100.000, 0.000, 2.220, 0, 0 
66955, 57945703, 0.000, -0.000, -0.000, 39.705, 19.717, 100.000, 0.000, 2.220, 0, 0 
66955, 59455729, 0.000, -0.000, -0.000, 39.629, 19.717, 100.000, 0.000, 2.220, 0, 0 
66955, 61015874, 0.000, -0.000, -0.000, 39.537, 19.717, 100.000, 0.000, 2.220, 0, 0 
66955, 62522599, 0.000, -0.000, -0.000, 39.499, 19.798, 100.000, 0.000, 2.220, 0, 0 
66955, 64028945, 0.000, -0.000, -0.000, 39.505, 19.880, 100.000, 0.000, 2.220, 0, 0 
66955, 65533753, 0.000, -0.000, -0.000, 39.548, 19.921, 100.000, 0.000, 2.220, 0, 0 
66955, 67118444, 0.000, -0.000, -0.000, 39.608, 19.907, 100.000, 0.000, 2.220, 0, 0 
66955, 68624679, 0.000, -0.000, -0.000, 39.689, 19.907, 100.000, 0.000, 2.220, 0, 0 
66955, 70196100, 0.000, -0.000, -0.000, 39.760, 19.893, 100.000, 0.000, 2.220, 0, 0 
66955, 71777072, 0.000, -0.000, -0.000, 39.754, 19.771, 100.000, 0.000, 2.220, 0, 0 
66955, 73357575, 0.000, -0.000, -0.000, 39.743, 19.731, 100.000, 0.000, 2.220, 0, 0 
66955, 74927160, 0.000, -0.000, -0.000, 39.678, 19.717, 100.000, 0.000, 2.220, 0, 0 
66955, 76530992, 0.000, -0.000, -0.000, 39.608, 19.717, 100.000, 0.000, 2.220, 0, 0 
66955, 78040811, 0.000, -0.000, -0.000, 39.537, 19.731, 100.000, 0.000, 2.220, 0, 0 
66955, 79603134, 0.000, -0.000, -0.000, 39.505, 19.826, 100.000, 0.000, 2.220, 0, 0 
66955, 81179490, 0.000, -0.000, -0.000, 39.532, 19.934, 100.000, 0.000, 2.220, 0, 0 
66955, 82763450, 0.000, -0.000, -0.000, 39.570, 19.934, 100.000, 0.000, 2.220, 0, 0 
66955, 84268978, 0.000, -0.000, -0.000, 39.651, 19.921, 100.000, 0.000, 2.220, 0, 0 
66955, 85777860, 0.000, -0.000, -0.000, 39.743, 19.934, 100.000, 0.000, 2.220, 0, 0 
66955, 87286595, 0.000, -0.000, -0.000, 39.781, 19.839, 100.000, 0.000, 2.220, 0, 0 
66955, 88867715, 0.000, -0.000, -0.000, 39.787, 19.744, 100.000, 0.000, 2.220, 0, 0 
66955, 90438764, 0.000, -0.000, -0.000, 39.738, 19.717, 100.000, 0.000, 2.220, 0, 0 
66955, 91969755, 0.000, -0.000, -0.000, 39.662, 19.717, 100.000, 0.000, 2.220, 0, 0 
66955, 93515469, 0.000, -0.000, -0.000, 39.581, 19.717, 100.000, 0.000, 2.220, 0, 0 
66955, 95029856, 0.000, -0.000, -0.000, 39.494, 19.717, 100.000, 0.000, 2.220, 0, 0 
66955, 96553427, 0.000, -0.000, -0.000, 39.505, 19.866, 100.000, 0.000, 2.220, 0, 0 
66955, 98121394, 0.000, -0.000, -0.000, 39.521, 19.934, 100.000, 0.000, 2.220, 0, 0 
66955, 99704991, 0.000, -0.000, -0.000, 39.575, 19.921, 100.000, 0.000, 2.220, 0, 0 
66955, 101287020, 0.000, -0.000, -0.000, 39.657, 19.907, 100.000, 0.000, 2.220, 0, 0 
66955, 102870589, 0.000, -0.000, -0.000, 39.738, 19.907, 100.000, 0.000, 2.220, 0, 0 
66955, 104450956, 0.000, -0.000, -0.000, 39.781, 19.826, 100.000, 0.000, 2.220, 0, 0 
66955, 106009060, 0.000, -0.000, -0.000, 39.765, 19.744, 100.000, 0.000, 2.220, 0, 0 
66955, 107617534, 0.000, -0.000, -0.000, 39.711, 19.717, 100.000, 0.000, 2.220, 0, 0 
66955, 109219945, 0.000, -0.000, -0.000, 39.646, 19.731, 100.000, 0.000, 2.220, 0, 0 
66955, 110815833, 0.000, -0.000, -0.000, 39.570, 19.731, 100.000, 0.000, 2.220, 0, 0 
66955, 112417993, 0.000, -0.000, -0.000, 39.521, 19.785, 100.000, 0.000, 2.220, 0, 0 
66955, 114007615, 0.000, -0.000, -0.000, 39.532, 19.907, 100.000, 0.000, 2.220, 0, 0 
66955, 115590762, 0.000, -0.000, -0.000, 39.559, 19.934, 100.000, 0.000, 2.220, 0, 0 
66955, 117136822, 0.000, -0.000, -0.000, 39.629, 19.921, 100.000, 0.000, 2.220, 0, 0 
66955, 118714563, 0.000, -0.000, -0.000, 39.711, 19.921, 100.000, 0.000, 2.220, 0, 0 
66955, 120305800, 0.000, -0.000, -0.000, 39.765, 19.866, 100.000, 0.000, 2.220, 0, 0 
66955, 121841839, 0.000, -0.000, -0.000, 39.781, 19.771, 100.000, 0.000, 2.220, 0, 0 
66955, 123415324, 0.000, -0.000, -0.000, 39.743, 19.717, 100.000, 0.000, 2.220, 0, 0 
66955, 124922676, 0.000, -0.000, -0.000, 39.678, 19.717, 100.000, 0.000, 2.220, 0, 0 
66955, 126430112, 0.000, -0.000, -0.000, 39.602, 19.731, 100.000, 0.000, 2.220, 0, 0 
66955, 127938571, 0.000, -0.000, -0.000, 39.515, 19.717, 100.000, 0.000, 2.220, 0, 0 
66955, 129465039, 0.000, -0.000, -0.000, 39.505, 19.826, 100.000, 0.000, 2.220, 0, 0 
66955, 131034152, 0.000, -0.000, -0.000, 39.526, 19.934, 100.000, 0.000, 2.220, 0, 0 
66955, 132616696, 0.000, -0.000, -0.000, 39.570, 19.934, 100.000, 0.000, 2.220, 0, 0 
66955, 134193909, 0.000, -0.000, -0.000, 39.640, 19.893, 100.000, 0.000, 2.220, 0, 0 
66955, 135775520, 0.000, -0.000, -0.000, 39.738, 19.934, 100.000, 0.000, 2.220, 0, 0 
66955, 137356089, 0.000, -0.000, -0.000, 39.781, 19.866, 100.000, 0.000, 2.220, 0, 0 
66955, 138953492, 0.000, -0.000, -0.000, 39.776, 19.744, 100.000, 0.000, 2.220, 0, 0 
66955, 140538456, 0.000, -0.000, -0.000, 39.727, 19.690, 100.000, 0.000, 2.220, 0, 0 
66955, 142047679, 0.000, -0.000, -0.000, 39.662, 19.717, 100.000, 0.000, 2.220, 0, 0 
66955, 143647403, 0.000, -0.000, -0.000, 39.586, 19.731, 100.000, 0.000, 2.220, 0, 0 
66955, 145238769, 0.000, -0.000, -0.000, 39.505, 19.744, 100.000, 0.000, 2.220, 0, 0 
66955, 146834627, 0.000, -0.000, -0.000, 39.499, 19.866, 100.000, 0.000, 2.220, 0, 0 
66955, 148345345, 0.000, -0.000, -0.000, 39.521, 19.921, 100.000, 0.000, 2.220, 0, 0 
66955, 149857745, 0.000, -0.000, -0.000, 39.597, 19.934, 100.000, 0.000, 2.220, 0, 0 
66955, 151365670, 0.000, -0.000, -0.000, 39.673, 19.921, 100.000, 0.000, 2.220, 0, 0 
66955, 152962119, 0.000, -0.000, -0.000, 39.754, 19.921, 100.000, 0.000, 2.220, 0, 0 
66955, 154579804, 0.000, -0.000, -0.000, 39.765, 19.771, 100.000, 0.000, 2.220, 0, 0 
66955, 156156158, 0.000, -0.000, -0.000, 39.770, 19.731, 100.000, 0.000, 2.220, 0, 0 
66955, 157741894, 0.000, -0.000, -0.000, 39.705, 19.717, 100.000, 0.000, 2.220, 0, 0 
66955, 159325412, 0.000, -0.000, -0.000, 39.624, 19.717, 100.000, 0.000, 2.220, 0, 0 
66955, 160908285, 0.000, -0.000, -0.000, 39.543, 19.717, 100.000, 0.000, 2.220, 0, 0 
66955, 162423270, 0.000, -0.000, -0.000, 39.494, 19.798, 100.000, 0.000, 2.220, 0, 0 
66955, 163977454, 0.000, -0.000, -0.000, 39.515, 19.907, 100.000, 0.000, 2.220, 0, 0 
66955, 165531361, 0.000, -0.000, -0.000, 39.548, 19.921, 100.000, 0.000, 2.220, 0, 0 
66955, 167042456, 0.000, -0.000, -0.000, 39.624, 19.921, 100.000, 0.000, 2.220, 0, 0 
66955, 168552243, 0.000, -0.000, -0.000, 39.700, 19.907, 100.000, 0.000, 2.220, 0, 0 
66955, 170075128, 0.000, -0.000, -0.000, 39.781, 19.907, 100.000, 0.000, 2.220, 0, 0 
66955, 171586734, 0.000, -0.000, -0.000, 39.776, 19.785, 100.000, 0.000, 2.220, 0, 0 
66955, 173137606, 0.000, -0.000, -0.000, 39.749, 19.717, 100.000, 0.000, 2.220, 0, 0 
66955, 174648748, 0.000, -0.000, -0.000, 39.689, 19.703, 100.000, 0.000, 2.220, 0, 0 
66955, 176157313, 0.000, -0.000, -0.000, 39.613, 19.717, 100.000, 0.000, 2.220, 0, 0 
66955, 177667586, 0.000, -0.000, -0.000, 39.532, 19.717, 100.000, 0.000, 2.220, 0, 0 
66955, 179177077, 0.000, -0.000, -0.000, 39.488, 19.798, 100.000, 0.000, 2.220, 0, 0 
66955, 180755588, 0.000, -0.000, -0.000, 39.510, 19.921, 100.000, 0.000, 2.220, 0, 0 
66955, 182262321, 0.000, -0.000, -0.000, 39.543, 19.921, 100.000, 0.000, 2.220, 0, 0 
66955, 183770025, 0.000, -0.000, -0.000, 39.635, 19.934, 100.000, 0.000, 2.220, 0, 0 
66955, 185299378, 0.000, -0.000, -0.000, 39.705, 19.907, 100.000, 0.000, 2.220, 0, 0 
66955, 186808131, 0.000, -0.000, -0.000, 39.781, 19.880, 100.000, 0.000, 2.220, 0, 0 
66955, 188316331, 0.000, -0.000, -0.000, 39.781, 19.771, 100.000, 0.000, 2.220, 0, 0 
66955, 189911490, 0.000, -0.000, -0.000, 39.743, 19.717, 100.000, 0.000, 2.220, 0, 0 
66955, 191506729, 0.000, -0.000, -0.000, 39.678, 19.703, 100.000, 0.000, 2.220, 0, 0 
66955, 193102253, 0.000, -0.000, -0.000, 39.597, 19.717, 100.000, 0.000, 2.220, 0, 0 
66955, 194614071, 0.000, -0.000, -0.000, 39.515, 19.717, 100.000, 0.000, 2.220, 0, 0 
66955, 196169730, 0.000, -0.000, -0.000, 39.515, 19.880, 100.000, 0.000, 2.220, 0, 0 
66955, 197729705, 0.000, -0.000, -0.000, 39.510, 19.921, 100.000, 0.000, 2.220, 0, 0 
66955, 199238545, 0.000, -0.000, -0.000, 39.570, 19.907, 100.000, 0.000, 2.220, 0, 0 
66955, 200843486, 0.000, -0.000, -0.000, 39.662, 19.921, 100.000, 0.000, 2.220, 0, 0 
66955, 202423391, 0.000, -0.000, -0.000, 39.743, 19.934, 100.000, 0.000, 2.220, 0, 0 
66955, 203990552, 0.000, -0.000, -0.000, 39.787, 19.839, 100.000, 0.000, 2.220, 0, 0 
66955, 205570969, 0.000, -0.000, -0.000, 39.770, 19.744, 100.000, 0.000, 2.220, 0, 0 
66955, 207128025, 0.000, -0.000, -0.000, 39.727, 19.717, 100.000, 0.000, 2.220, 0, 0 
66955, 208640340, 0.000, -0.000, -0.000, 39.662, 19.717, 100.000, 0.000, 2.220, 0, 0 
66955, 210155639, 0.000, -0.000, -0.000, 39.581, 19.717, 100.000, 0.000, 2.220, 0, 0 
66955, 211712073, 0.000, -0.000, -0.000, 39.505, 19.744, 100.000, 0.000, 2.220, 0, 0 
66955, 213302408, 0.000, -0.000, -0.000, 39.510, 19.880, 100.000, 0.000, 2.220, 0, 0 
66955, 214868058, 0.000, -0.000, -0.000, 39.521, 19.907, 100.000, 0.000, 2.220, 0, 0 
66955, 216473645, 0.000, -0.000, -0.000, 39.597, 19.934, 100.000, 0.000, 2.220, 0, 0 
66955, 218050963, 0.000, -0.000, -0.000, 39.673, 19.934, 100.000, 0.000, 2.220, 0, 0 
66955, 219639020, 0.000, -0.000, -0.000, 39.760, 19.934, 100.000, 0.000, 2.220, 0, 0 
66955, 221216028, 0.000, -0.000, -0.000, 39.792, 19.826, 100.000, 0.000, 2.220, 0, 0 
66955, 222797952, 0.000, -0.000, -0.000, 39.770, 19.717, 100.000, 0.000, 2.220, 0, 0 
66955, 224381552, 0.000, -0.000, -0.000, 39.738, 19.717, 100.000, 0.000, 2.220, 0, 0 
66955, 225976800, 0.000, -0.000, -0.000, 39.651, 19.717, 100.000, 0.000, 2.220, 0, 0 
66955, 227576610, 0.000, -0.000, -0.000, 39.564, 19.717, 100.000, 0.000, 2.220, 0, 0 
66955, 229142534, 0.000, -0.000, -0.000, 39.510, 19.798, 100.000, 0.000, 2.220, 0, 0 
66955, 230743067, 0.000, -0.000, -0.000, 39.499, 19.880, 100.000, 0.000, 2.220, 0, 0 
66955, 232361395, 0.000, -0.000, -0.000, 39.553, 19.934, 100.000, 0.000, 2.220, 0, 0 
66955, 233965961, 0.000, -0.000, -0.000, 39.613, 19.921, 100.000, 0.000, 2.220, 0, 0 
66955, 235566264, 0.000, -0.000, -0.000, 39.695, 19.907, 100.000, 0.000, 2.220, 0, 0 
66955, 237133816, 0.000, -0.000, -0.000, 39.760, 19.866, 100.000, 0.000, 2.220, 0, 0 
66955, 238728541, 0.000, -0.000, -0.000, 39.765, 19.771, 100.000, 0.000, 2.220, 0, 0 
66955, 240237655, 0.000, -0.000, -0.000, 39.732, 19.703, 100.000, 0.000, 2.220, 0, 0 
66955, 241750012, 0.000, -0.000, -0.000, 39.673, 19.717, 100.000, 0.000, 2.220, 0, 0 
66955, 243314252, 0.000, -0.000, -0.000, 39.591, 19.731, 100.000, 0.000, 2.220, 0, 0 
66955, 244909577, 0.000, -0.000, -0.000, 39.515, 19.731, 100.000, 0.000, 2.220, 0, 0 
66955, 246419270, 0.000, -0.000, -0.000, 39.510, 19.853, 100.000, 0.000, 2.220, 0, 0 
66955, 248021427, 0.000, -0.000, -0.000, 39.515, 19.907, 100.000, 0.000, 2.220, 0, 0 
66955, 249602324, 0.000, -0.000, -0.000, 39.581, 19.921, 100.000, 0.000, 2.220, 0, 0 
66955, 251180484, 0.000, -0.000, -0.000, 39.657, 19.921, 100.000, 0.000, 2.220, 0, 0 
66955, 252688285, 0.000, -0.000, -0.000, 39.738, 19.934, 100.000, 0.000, 2.220, 0, 0 
66955, 254195607, 0.000, -0.000, -0.000, 39.776, 19.839, 100.000, 0.000, 2.220, 0, 0 
66955, 255702932, 0.000, -0.000, -0.000, 39.770, 19.744, 100.000, 0.000, 2.220, 0, 0 
66955, 257210079, 0.000, -0.000, -0.000, 39.732, 19.717, 100.000, 0.000, 2.220, 0, 0 
66955, 258719613, 0.000, -0.000, -0.000, 39.662, 19.717, 100.000, 0.000, 2.220, 0, 0 
66955, 260312652, 0.000, -0.000, -0.000, 39.586, 19.731, 100.000, 0.000, 2.220, 0, 0 
66955, 261907699, 0.000, -0.000, -0.000, 39.510, 19.758, 100.000, 0.000, 2.220, 0, 0 
66955, 263527550, 0.000, -0.000, -0.000, 39.510, 19.866, 100.000, 0.000, 2.220, 0, 0 
66955, 265108661, 0.000, -0.000, -0.000, 39.543, 19.934, 100.000, 0.000, 2.220, 0, 0 
66955, 266706521, 0.000, -0.000, -0.000, 39.602, 19.934, 100.000, 0.000, 2.220, 0, 0 
66955, 268214922, 0.000, -0.000, -0.000, 39.689, 19.934, 100.000, 0.000, 2.220, 0, 0 
66955, 269722079, 0.000, -0.000, -0.000, 39.765, 19.921, 100.000, 0.000, 2.220, 0, 0 
66955, 271229714, 0.000, -0.000, -0.000, 39.787, 19.798, 100.000, 0.000, 2.220, 0, 0 
66955, 272799806, 0.000, -0.000, -0.000, 39.781, 19.731, 100.000, 0.000, 2.220, 0, 0 
66955, 274391110, 0.000, -0.000, -0.000, 39.722, 19.717, 100.000, 0.000, 2.220, 0, 0 
66955, 275985874, 0.000, -0.000, -0.000, 39.640, 19.717, 100.000, 0.000, 2.220, 0, 0 
66955, 277496385, 0.000, -0.000, -0.000, 39.553, 19.717, 100.000, 0.000, 2.220, 0, 0 
66955, 279044554, 0.000, -0.000, -0.000, 39.499, 19.785, 100.000, 0.000, 2.220, 0, 0 
66955, 280597944, 0.000, -0.000, -0.000, 39.505, 19.880, 100.000, 0.000, 2.220, 0, 0 
66955, 282173718, 0.000, -0.000, -0.000, 39.543, 19.921, 100.000, 0.000, 2.220, 0, 0 
66955, 283757119, 0.000, -0.000, -0.000, 39.613, 19.934, 100.000, 0.000, 2.220, 0, 0 
66955, 285337605, 0.000, -0.000, -0.000, 39.695, 19.934, 100.000, 0.000, 2.220, 0, 0 
66955, 286923500, 0.000, -0.000, -0.000, 39.754, 19.866, 100.000, 0.000, 2.220, 0, 0 
66955, 288507357, 0.000, -0.000, -0.000, 39.776, 19.771, 100.000, 0.000, 2.220, 0, 0 
66955, 290091482, 0.000, -0.000, -0.000, 39.749, 19.717, 100.000, 0.000, 2.220, 0, 0 
66955, 291686003, 0.000, -0.000, -0.000, 39.689, 19.717, 100.000, 0.000, 2.220, 0, 0 
66955, 293280010, 0.000, -0.000, -0.000, 39.602, 19.717, 100.000, 0.000, 2.220, 0, 0 
66955, 294900438, 0.000, -0.000, -0.000, 39.521, 19.731, 100.000, 0.000, 2.220, 0, 0 
66955, 296496798, 0.000, -0.000, -0.000, 39.510, 19.853, 100.000, 0.000, 2.220, 0, 0 
66955, 298087016, 0.000, -0.000, -0.000, 39.521, 19.921, 100.000, 0.000, 2.220, 0, 0 
66955, 299687418, 0.000, -0.000, -0.000, 39.575, 19.921, 100.000, 0.000, 2.220, 0, 0 
66955, 301197915, 0.000, -0.000, -0.000, 39.662, 19.934, 100.000, 0.000, 2.220, 0, 0 
66955, 302708806, 0.000, -0.000, -0.000, 39.743, 19.934, 100.000, 0.000, 2.220, 0, 0 
66955, 304282698, 0.000, -0.000, -0.000, 39.787, 19.839, 100.000, 0.000, 2.220, 0, 0 
66955, 305879290, 0.000, -0.000, -0.000, 39.781, 19.744, 100.000, 0.000, 2.220, 0, 0 
66955, 307387435, 0.000, -0.000, -0.000, 39.743, 19.731, 100.000, 0.000, 2.220, 0, 0 
66955, 308987635, 0.000, -0.000, -0.000, 39.673, 19.731, 100.000, 0.000, 2.220, 0, 0 
66955, 310604538, 0.000, -0.000, -0.000, 39.597, 19.744, 100.000, 0.000, 2.220, 0, 0 
66955, 312150656, 0.000, -0.000, -0.000, 39.532, 19.785, 100.000, 0.000, 2.220, 0, 0 
66955, 313701487, 0.000, -0.000, -0.000, 39.537, 19.893, 100.000, 0.000, 2.220, 0, 0 
66955, 315284322, 0.000, -0.000, -0.000, 39.559, 19.907, 100.000, 0.000, 2.220, 0, 0 
66955, 316867108, 0.000, -0.000, -0.000, 39.629, 19.921, 100.000, 0.000, 2.220, 0, 0 
66955, 318446519, 0.000, -0.000, -0.000, 39.700, 19.921, 100.000, 0.000, 2.220, 0, 0 
66955, 320009046, 0.000, -0.000, -0.000, 39.765, 19.907, 100.000, 0.000, 2.220, 0, 0 
66955, 321516927, 0.000, -0.000, -0.000, 39.765, 19.771, 100.000, 0.000, 2.220, 0, 0 
66955, 323090827, 0.000, -0.000, -0.000, 39.743, 19.703, 100.000, 0.000, 2.220, 0, 0 
66955, 324690365, 0.000, -0.000, -0.000, 39.705, 19.744, 100.000, 0.000, 2.220, 0, 0 
66955, 326309428, 0.000, -0.000, -0.000, 39.613, 19.731, 100.000, 0.000, 2.220, 0, 0 
66955, 327904535, 0.000, -0.000, -0.000, 39.537, 19.717, 100.000, 0.000, 2.220, 0, 0 
66955, 329503577, 0.000, -0.000, -0.000, 39.515, 19.839, 100.000, 0.000, 2.220, 0, 0 
66955, 331095496, 0.000, -0.000, -0.000, 39.526, 19.921, 100.000, 0.000, 2.220, 0, 0 
66955, 332605949, 0.000, -0.000, -0.000, 39.575, 19.907, 100.000, 0.000, 2.220, 0, 0 
66955, 334119394, 0.000, -0.000, -0.000, 39.646, 19.907, 100.000, 0.000, 2.220, 0, 0 
66955, 335689344, 0.000, -0.000, -0.000, 39.727, 19.934, 100.000, 0.000, 2.220, 0, 0 
66955, 337281788, 0.000, -0.000, -0.000, 39.765, 19.839, 100.000, 0.000, 2.220, 0, 0 
66955, 338868729, 0.000, -0.000, -0.000, 39.765, 19.744, 100.000, 0.000, 2.220, 0, 0 
66955, 340457816, 0.000, -0.000, -0.000, 39.722, 19.717, 100.000, 0.000, 2.220, 0, 0 
66955, 341988921, 0.000, -0.000, -0.000, 39.657, 19.717, 100.000, 0.000, 2.220, 0, 0 
66955, 343584346, 0.000, -0.000, -0.000, 39.581, 19.717, 100.000, 0.000, 2.220, 0, 0 
66955, 345092630, 0.000, -0.000, -0.000, 39.499, 19.731, 100.000, 0.000, 2.220, 0, 0 
66955, 346611172, 0.000, -0.000, -0.000, 39.505, 19.866, 100.000, 0.000, 2.220, 0, 0 
66955, 348117564, 0.000, -0.000, -0.000, 39.526, 19.934, 100.000, 0.000, 2.220, 0, 0 
66955, 349697470, 0.000, -0.000, -0.000, 39.586, 19.934, 100.000, 0.000, 2.220, 0, 0 
66955, 351277204, 0.000, -0.000, -0.000, 39.673, 19.934, 100.000, 0.000, 2.220, 0, 0 
66955, 352858279, 0.000, -0.000, -0.000, 39.760, 19.934, 100.000, 0.000, 2.220, 0, 0 
66955, 354438814, 0.000, -0.000, -0.000, 39.798, 19.826, 100.000, 0.000, 2.220, 0, 0 
66955, 355946684, 0.000, -0.000, -0.000, 39.787, 19.731, 100.000, 0.000, 2.220, 0, 0 
66955, 357551030, 0.000, -0.000, -0.000, 39.743, 19.731, 100.000, 0.000, 2.220, 0, 0 
66955, 359110992, 0.000, -0.000, -0.000, 39.662, 19.731, 100.000, 0.000, 2.220, 0, 0 
66955, 360708288, 0.000, -0.000, -0.000, 39.581, 19.731, 100.000, 0.000, 2.220, 0, 0 
66955, 362303618, 0.000, -0.000, -0.000, 39.532, 19.812, 100.000, 0.000, 2.220, 0, 0 
66955, 363813378, 0.000, -0.000, -0.000, 39.526, 19.893, 100.000, 0.000, 2.220, 0, 0 
66955, 365387892, 0.000, -0.000, -0.000, 39.575, 19.934, 100.000, 0.000, 2.220, 0, 0 
66955, 366895400, 0.000, -0.000, -0.000, 39.635, 19.921, 100.000, 0.000, 2.220, 0, 0 
66955, 368484534, 0.000, -0.000, -0.000, 39.716, 19.921, 100.000, 0.000, 2.220, 0, 0 
66955, 370082901, 0.000, -0.000, -0.000, 39.787, 19.907, 100.000, 0.000, 2.220, 0, 0 
66955, 371683985, 0.000, -0.000, -0.000, 39.781, 19.785, 100.000, 0.000, 2.220, 0, 0 
66955, 373307928, 0.000, -0.000, -0.000, 39.760, 19.717, 100.000, 0.000, 2.220, 0, 0 
66955, 374908690, 0.000, -0.000, -0.000, 39.700, 19.717, 100.000, 0.000, 2.220, 0, 0 
66955, 376505731, 0.000, -0.000, -0.000, 39.624, 19.731, 100.000, 0.000, 2.220, 0, 0 
66955, 378082482, 0.000, -0.000, -0.000, 39.543, 19.731, 100.000, 0.000, 2.220, 0, 0 
66955, 379591749, 0.000, -0.000, -0.000, 39.515, 19.839, 100.000, 0.000, 2.220, 0, 0 
66955, 381104167, 0.000, -0.000, -0.000, 39.532, 19.934, 100.000, 0.000, 2.220, 0, 0 
66955, 382683166, 0.000, -0.000, -0.000, 39.570, 19.907, 100.000, 0.000, 2.220, 0, 0 
66955, 384193999, 0.000, -0.000, -0.000, 39.667, 19.934, 100.000, 0.000, 2.220, 0, 0 
66955, 385701842, 0.000, -0.000, -0.000, 39.738, 19.934, 100.000, 0.000, 2.220, 0, 0 
66955, 387286104, 0.000, -0.000, -0.000, 39.787, 19.853, 100.000, 0.000, 2.220, 0, 0 
66955, 388886333, 0.000, -0.000, -0.000, 39.787, 19.758, 100.000, 0.000, 2.220, 0, 0 
66955, 390463929, 0.000, -0.000, -0.000, 39.738, 19.717, 100.000, 0.000, 2.220, 0, 0 
66955, 391972508, 0.000, -0.000, -0.000, 39.678, 19.717, 100.000, 0.000, 2.220, 0, 0 
66955, 393548035, 0.000, -0.000, -0.000, 39.602, 19.744, 100.000, 0.000, 2.220, 0, 0 
66955, 395062468, 0.000, -0.000, -0.000, 39.515, 19.744, 100.000, 0.000, 2.220, 0, 0 
66955, 396641040, 0.000, -0.000, -0.000, 39.526, 19.880, 100.000, 0.000, 2.220, 0, 0 
66955, 398213129, 0.000, -0.000, -0.000, 39.532, 19.907, 100.000, 0.000, 2.220, 0, 0 
66955, 399808777, 0.000, -0.000, -0.000, 39.597, 19.907, 100.000, 0.000, 2.220, 0, 0 
66955, 401410113, 0.000, -0.000, -0.000, 39.678, 19.921, 100.000, 0.000, 2.220, 0, 0 
66955, 402998300, 0.000, -0.000, -0.000, 39.749, 19.934, 100.000, 0.000, 2.220, 0, 0 
66955, 404618232, 0.000, -0.000, -0.000, 39.765, 19.798, 100.000, 0.000, 2.220, 0, 0 
66955, 406210170, 0.000, -0.000, -0.000, 39.760, 19.731, 100.000, 0.000, 2.220, 0, 0 
66955, 407803790, 0.000, -0.000, -0.000, 39.716, 19.731, 100.000, 0.000, 2.220, 0, 0 
66955, 409399715, 0.000, -0.000, -0.000, 39.640, 19.717, 100.000, 0.000, 2.220, 0, 0 
66955, 410990117, 0.000, -0.000, -0.000, 39.564, 19.717, 100.000, 0.000, 2.220, 0, 0 
66955, 412499860, 0.000, -0.000, -0.000, 39.510, 19.798, 100.000, 0.000, 2.220, 0, 0 
66955, 414066748, 0.000, -0.000, -0.000, 39.521, 19.907, 100.000, 0.000, 2.220, 0, 0 
66955, 415632175, 0.000, -0.000, -0.000, 39.559, 19.934, 100.000, 0.000, 2.220, 0, 0 
66955, 417140048, 0.000, -0.000, -0.000, 39.629, 19.934, 100.000, 0.000, 2.220, 0, 0 
66955, 418647528, 0.000, -0.000, -0.000, 39.711, 19.921, 100.000, 0.000, 2.220, 0, 0 
66955, 420172040, 0.000, -0.000, -0.000, 39.798, 19.921, 100.000, 0.000, 2.220, 0, 0 
66955, 421679555, 0.000, -0.000, -0.000, 39.787, 19.771, 100.000, 0.000, 2.220, 0, 0 
66955, 423242000, 0.000, -0.000, -0.000, 39.770, 19.717, 100.000, 0.000, 2.220, 0, 0 
66955, 424816941, 0.000, -0.000, -0.000, 39.705, 19.717, 100.000, 0.000, 2.220, 0, 0 
66955, 426362902, 0.000, -0.000, -0.000, 39.629, 19.744, 100.000, 0.000, 2.220, 0, 0 
66955, 427929429, 0.000, -0.000, -0.000, 39.537, 19.717, 100.000, 0.000, 2.220, 0, 0 
66955, 429438527, 0.000, -0.000, -0.000, 39.510, 19.826, 100.000, 0.000, 2.220, 0, 0 
66955, 431004772, 0.000, -0.000, -0.000, 39.526, 19.921, 100.000, 0.000, 2.220, 0, 0 
66955, 432572683, 0.000, -0.000, -0.000, 39.570, 19.921, 100.000, 0.000, 2.220, 0, 0 
66955, 434137975, 0.000, -0.000, -0.000, 39.651, 19.921, 100.000, 0.000, 2.220, 0, 0 
66955, 435727588, 0.000, -0.000, -0.000, 39.727, 19.934, 100.000, 0.000, 2.220, 0, 0 
66955, 437292881, 0.000, -0.000, -0.000, 39.776, 19.853, 100.000, 0.000, 2.220, 0, 0 
66955, 438858552, 0.000, -0.000, -0.000, 39.776, 19.744, 100.000, 0.000, 2.220, 0, 0 
66955, 440430657, 0.000, -0.000, -0.000, 39.743, 19.731, 100.000, 0.000, 2.220, 0, 0 
66955, 441967653, 0.000, -0.000, -0.000, 39.673, 19.731, 100.000, 0.000, 2.220, 0, 0 
66955, 443538993, 0.000, -0.000, -0.000, 39.591, 19.717, 100.000, 0.000, 2.220, 0, 0 
66955, 445114170, 0.000, -0.000, -0.000, 39.521, 19.744, 100.000, 0.000, 2.220, 0, 0 
66955, 446687486, 0.000, -0.000, -0.000, 39.521, 19.880, 100.000, 0.000, 2.220, 0, 0 
66955, 448259517, 0.000, -0.000, -0.000, 39.532, 19.907, 100.000, 0.000, 2.220, 0, 0 
66955, 449830297, 0.000, -0.000, -0.000, 39.597, 19.921, 100.000, 0.000, 2.220, 0, 0 
66955, 451421894, 0.000, -0.000, -0.000, 39.673, 19.934, 100.000, 0.000, 2.220, 0, 0 
66955, 452993123, 0.000, -0.000, -0.000, 39.743, 19.907, 100.000, 0.000, 2.220, 0, 0 
66955, 454565474, 0.000, -0.000, -0.000, 39.770, 19.785, 100.000, 0.000, 2.220, 0, 0 
66955, 456138786, 0.000, -0.000, -0.000, 39.760, 19.731, 100.000, 0.000, 2.220, 0, 0 
66955, 457688936, 0.000, -0.000, -0.000, 39.705, 19.717, 100.000, 0.000, 2.220, 0, 0 
66955, 459260577, 0.000, -0.000, -0.000, 39.629, 19.717, 100.000, 0.000, 2.220, 0, 0 
66955, 460831650, 0.000, -0.000, -0.000, 39.543, 19.717, 100.000, 0.000, 2.220, 0, 0 
66955, 462343738, 0.000, -0.000, -0.000, 39.499, 19.798, 100.000, 0.000, 2.220, 0, 0 
66955, 463869488, 0.000, -0.000, -0.000, 39.515, 19.907, 100.000, 0.000, 2.220, 0, 0 
66955, 465378150, 0.000, -0.000, -0.000, 39.553, 19.934, 100.000, 0.000, 2.220, 0, 0 
66955, 466964900, 0.000, -0.000, -0.000, 39.629, 19.934, 100.000, 0.000, 2.220, 0, 0 
66955, 468536107, 0.000, -0.000, -0.000, 39.711, 19.921, 100.000, 0.000, 2.220, 0, 0 
66955, 470048146, 0.000, -0.000, -0.000, 39.787, 19.893, 100.000, 0.000, 2.220, 0, 0 
66955, 471613005, 0.000, -0.000, -0.000, 39.781, 19.758, 100.000, 0.000, 2.220, 0, 0 
66955, 473182832, 0.000, -0.000, -0.000, 39.770, 19.744, 100.000, 0.000, 2.220, 0, 0 
66955, 474747642, 0.000, -0.000, -0.000, 39.695, 19.731, 100.000, 0.000, 2.220, 0, 0 
66955, 476256968, 0.000, -0.000, -0.000, 39.619, 19.731, 100.000, 0.000, 2.220, 0, 0 
66955, 477826841, 0.000, -0.000, -0.000, 39.543, 19.731, 100.000, 0.000, 2.220, 0, 0 
66955, 479407904, 0.000, -0.000, -0.000, 39.515, 19.826, 100.000, 0.000, 2.220, 0, 0 
66955, 480978563, 0.000, -0.000, -0.000, 39.537, 19.907, 100.000, 0.000, 2.220, 0, 0 
66955, 482503008, 0.000, -0.000, -0.000, 39.581, 19.934, 100.000, 0.000, 2.220, 0, 0 
66955, 484013360, 0.000, -0.000, -0.000, 39.657, 19.948, 100.000, 0.000, 2.220, 0, 0 
66955, 485583422, 0.000, -0.000, -0.000, 39.732, 19.934, 100.000, 0.000, 2.220, 0, 0 
66955, 487152131, 0.000, -0.000, -0.000, 39.792, 19.866, 100.000, 0.000, 2.220, 0, 0 
66955, 488661915, 0.000, -0.000, -0.000, 39.792, 19.758, 100.000, 0.000, 2.220, 0, 0 
66955, 490209955, 0.000, -0.000, -0.000, 39.765, 19.731, 100.000, 0.000, 2.220, 0, 0 
66955, 491717296, 0.000, -0.000, -0.000, 39.689, 19.717, 100.000, 0.000, 2.220, 0, 0 
66955, 493277425, 0.000, -0.000, -0.000, 39.602, 19.717, 100.000, 0.000, 2.220, 0, 0 
66955, 494848300, 0.000, -0.000, -0.000, 39.521, 19.731, 100.000, 0.000, 2.220, 0, 0 
66955, 496358271, 0.000, -0.000, -0.000, 39.515, 19.866, 100.000, 0.000, 2.220, 0, 0 
66955, 497888848, 0.000, -0.000, -0.000, 39.532, 19.934, 100.000, 0.000, 2.220, 0, 0 
66955, 499492149, 0.000, -0.000, -0.000, 39.575, 19.907, 100.000, 0.000, 2.220, 0, 0 
66955, 501058858, 0.000, -0.000, -0.000, 39.667, 19.921, 100.000, 0.000, 2.220, 0, 0 
66955, 502624762, 0.000, -0.000, -0.000, 39.749, 19.934, 100.000, 0.000, 2.220, 0, 0 
66955, 504136117, 0.000, -0.000, -0.000, 39.781, 19.826, 100.000, 0.000, 2.220, 0, 0 
66955, 505701454, 0.000, -0.000, -0.000, 39.776, 19.744, 100.000, 0.000, 2.220, 0, 0 
66955, 507266171, 0.000, -0.000, -0.000, 39.722, 19.717, 100.000, 0.000, 2.220, 0, 0 
66955, 508775264, 0.000, -0.000, -0.000, 39.662, 19.731, 100.000, 0.000, 2.220, 0, 0 
66955, 510346122, 0.000, -0.000, -0.000, 39.581, 19.731, 100.000, 0.000, 2.220, 0, 0 
66955, 511919902, 0.000, -0.000, -0.000, 39.515, 19.771, 100.000, 0.000, 2.220, 0, 0 
66955, 513512155, 0.000, -0.000, -0.000, 39.526, 19.893, 100.000, 0.000, 2.220, 0, 0 
66955, 515084404, 0.000, -0.000, -0.000, 39.543, 19.907, 100.000, 0.000, 2.220, 0, 0 
66955, 516657737, 0.000, -0.000, -0.000, 39.624, 19.934, 100.000, 0.000, 2.220, 0, 0 
66955, 518228169, 0.000, -0.000, -0.000, 39.695, 19.934, 100.000, 0.000, 2.220, 0, 0 
66955, 519779539, 0.000, -0.000, -0.000, 39.770, 19.921, 100.000, 0.000, 2.220, 0, 0 
66955, 521354988, 0.000, -0.000, -0.000, 39.776, 19.771, 100.000, 0.000, 2.220, 0, 0 
66955, 522932869, 0.000, -0.000, -0.000, 39.765, 19.717, 100.000, 0.000, 2.220, 0, 0 
66955, 524506235, 0.000, -0.000, -0.000, 39.716, 19.731, 100.000, 0.000, 2.220, 0, 0 
66955, 526016063, 0.000, -0.000, -0.000, 39.629, 19.731, 100.000, 0.000, 2.220, 0, 0 
66955, 527586293, 0.000, -0.000, -0.000, 39.543, 19.717, 100.000, 0.000, 2.220, 0, 0 
66955, 529130232, 0.000, -0.000, -0.000, 39.499, 19.798, 100.000, 0.000, 2.220, 0, 0 
66955, 530665679, 0.000, -0.000, -0.000, 39.521, 19.907, 100.000, 0.000, 2.220, 0, 0 
66955, 532236338, 0.000, -0.000, -0.000, 39.559, 19.921, 100.000, 0.000, 2.220, 0, 0 
66955, 533802502, 0.000, -0.000, -0.000, 39.635, 19.934, 100.000, 0.000, 2.220, 0, 0 
66955, 535368492, 0.000, -0.000, -0.000, 39.711, 19.934, 100.000, 0.000, 2.220, 0, 0 
66955, 536933821, 0.000, -0.000, -0.000, 39.770, 19.866, 100.000, 0.000, 2.220, 0, 0 
66955, 538500448, 0.000, -0.000, -0.000, 39.787, 19.771, 100.000, 0.000, 2.220, 0, 0 
66955, 540065030, 0.000, -0.000, -0.000, 39.743, 19.703, 100.000, 0.000, 2.220, 0, 0 
66955, 541637201, 0.000, -0.000, -0.000, 39.689, 19.717, 100.000, 0.000, 2.220, 0, 0 
66955, 543207788, 0.000, -0.000, -0.000, 39.597, 19.717, 100.000, 0.000, 2.220, 0, 0 
66955, 544799512, 0.000, -0.000, -0.000, 39.510, 19.717, 100.000, 0.000, 2.220, 0, 0 
66955, 546370459, 0.000, -0.000, -0.000, 39.515, 19.880, 100.000, 0.000, 2.220, 0, 0 
66955, 547941878, 0.000, -0.000, -0.000, 39.515, 19.934, 100.000, 0.000, 2.220, 0, 0 
66955, 549515334, 0.000, -0.000, -0.000, 39.581, 19.921, 100.000, 0.000, 2.220, 0, 0 
66955, 551063174, 0.000, -0.000, -0.000, 39.678, 19.948, 100.000, 0.000, 2.220, 0, 0 
66955, 552635001, 0.000, -0.000, -0.000, 39.743, 19.907, 100.000, 0.000, 2.220, 0, 0 
66955, 554207694, 0.000, -0.000, -0.000, 39.803, 19.826, 100.000, 0.000, 2.220, 0, 0 
66955, 555778317, 0.000, -0.000, -0.000, 39.781, 19.744, 100.000, 0.000, 2.220, 0, 0 
66955, 557350475, 0.000, -0.000, -0.000, 39.727, 19.717, 100.000, 0.000, 2.220, 0, 0 
66955, 558860767, 0.000, -0.000, -0.000, 39.657, 19.717, 100.000, 0.000, 2.220, 0, 0 
66955, 560455142, 0.000, -0.000, -0.000, 39.564, 19.717, 100.000, 0.000, 2.220, 0, 0 
66955, 562009400, 0.000, -0.000, -0.000, 39.515, 19.785, 100.000, 0.000, 2.220, 0, 0 
66955, 563559580, 0.000, -0.000, -0.000, 39.515, 19.893, 100.000, 0.000, 2.220, 0, 0 
66955, 565124987, 0.000, -0.000, -0.000, 39.543, 19.921, 100.000, 0.000, 2.220, 0, 0 
66955, 566687597, 0.000, -0.000, -0.000, 39.613, 19.921, 100.000, 0.000, 2.220, 0, 0 
66955, 568252611, 0.000, -0.000, -0.000, 39.695, 19.921, 100.000, 0.000, 2.220, 0, 0 
66955, 569822973, 0.000, -0.000, -0.000, 39.776, 19.921, 100.000, 0.000, 2.220, 0, 0 
66955, 571389415, 0.000, -0.000, -0.000, 39.781, 19.798, 100.000, 0.000, 2.220, 0, 0 
66955, 572955169, 0.000, -0.000, -0.000, 39.760, 19.717, 100.000, 0.000, 2.220, 0, 0 
66955, 574525447, 0.000, -0.000, -0.000, 39.716, 19.731, 100.000, 0.000, 2.220, 0, 0 
66955, 576126622, 0.000, -0.000, -0.000, 39.624, 19.703, 100.000, 0.000, 2.220, 0, 0 
66955, 577700870, 0.000, -0.000, -0.000, 39.553, 19.717, 100.000, 0.000, 2.220, 0, 0 
66955, 579314466, 0.000, -0.000, -0.000, 39.515, 19.839, 100.000, 0.000, 2.220, 0, 0 
66955, 580827403, 0.000, -0.000, -0.000, 39.510, 19.907, 100.000, 0.000, 2.220, 0, 0 
66955, 582339476, 0.000, -0.000, -0.000, 39.559, 19.907, 100.000, 0.000, 2.220, 0, 0 
66955, 583850042, 0.000, -0.000, -0.000, 39.640, 19.934, 100.000, 0.000, 2.220, 0, 0 
66955, 585362984, 0.000, -0.000, -0.000, 39.716, 19.921, 100.000, 0.000, 2.220, 0, 0 
66955, 586872256, 0.000, -0.000, -0.000, 39.787, 19.880, 100.000, 0.000, 2.220, 0, 0 
66955, 588384026, 0.000, -0.000, -0.000, 39.776, 19.771, 100.000, 0.000, 2.220, 0, 0 
66955, 589893260, 0.000, -0.000, -0.000, 39.743, 19.717, 100.000, 0.000, 2.220, 0, 0 
66955, 591429747, 0.000, -0.000, -0.000, 39.684, 19.703, 100.000, 0.000, 2.220, 0, 0 
66955, 592959255, 0.000, -0.000, -0.000, 39.602, 19.717, 100.000, 0.000, 2.220, 0, 0 
66955, 594532004, 0.000, -0.000, -0.000, 39.515, 19.717, 100.000, 0.000, 2.220, 0, 0 
66955, 596048959, 0.000, -0.000, -0.000, 39.499, 19.839, 100.000, 0.000, 2.220, 0, 0 
66955, 597560649, 0.000, -0.000, -0.000, 39.515, 19.934, 100.000, 0.000, 2.220, 0, 0 
66955, 599130663, 0.000, -0.000, -0.000, 39.564, 19.934, 100.000, 0.000, 2.220, 0, 0 
66955, 600695518, 0.000, -0.000, -0.000, 39.651, 19.921, 100.000, 0.000, 2.220, 0, 0 
66955, 602263506, 0.000, -0.000, -0.000, 39.743, 19.934, 100.000, 0.000, 2.220, 0, 0 
66955, 603831114, 0.000, -0.000, -0.000, 39.781, 19.826, 100.000, 0.000, 2.220, 0, 0 
66955, 605401077, 0.000, -0.000, -0.000, 39.781, 19.731, 100.000, 0.000, 2.220, 0, 0 
66955, 606994956, 0.000, -0.000, -0.000, 39.732, 19.717, 100.000, 0.000, 2.220, 0, 0 
66955, 608568734, 0.000, -0.000, -0.000, 39.662, 19.744, 100.000, 0.000, 2.220, 0, 0 
66955, 610145788, 0.000, -0.000, -0.000, 39.570, 19.717, 100.000, 0.000, 2.220, 0, 0 
66955, 611661952, 0.000, -0.000, -0.000, 39.505, 19.744, 100.000, 0.000, 2.220, 0, 0 
66955, 613175205, 0.000, -0.000, -0.000, 39.515, 19.880, 100.000, 0.000, 2.220, 0, 0 
66955, 614688436, 0.000, -0.000, -0.000, 39.537, 19.921, 100.000, 0.000, 2.220, 0, 0 
66955, 616202040, 0.000, -0.000, -0.000, 39.602, 19.921, 100.000, 0.000, 2.220, 0, 0 
66955, 617711193, 0.000, -0.000, -0.000, 39.667, 19.907, 100.000, 0.000, 2.220, 0, 0 
66955, 619221918, 0.000, -0.000, -0.000, 39.749, 19.907, 100.000, 0.000, 2.220, 0, 0 
66955, 620731847, 0.000, -0.000, -0.000, 39.781, 19.826, 100.000, 0.000, 2.220, 0, 0 
66955, 622260531, 0.000, -0.000, -0.000, 39.760, 19.744, 100.000, 0.000, 2.220, 0, 0 
66955, 623836856, 0.000, -0.000, -0.000, 39.716, 19.731, 100.000, 0.000, 2.220, 0, 0 
66955, 625410469, 0.000, -0.000, -0.000, 39.640, 19.717, 100.000, 0.000, 2.220, 0, 0 
66955, 626978812, 0.000, -0.000, -0.000, 39.570, 19.717, 100.000, 0.000, 2.220, 0, 0 
66955, 628488825, 0.000, -0.000, -0.000, 39.515, 19.771, 100.000, 0.000, 2.220, 0, 0 
66955, 630007761, 0.000, -0.000, -0.000, 39.515, 19.880, 100.000, 0.000, 2.220, 0, 0 
66955, 631519415, 0.000, -0.000, -0.000, 39.553, 19.948, 100.000, 0.000, 2.220, 0, 0 
66955, 633090533, 0.000, -0.000, -0.000, 39.602, 19.921, 100.000, 0.000, 2.220, 0, 0 
66955, 634658259, 0.000, -0.000, -0.000, 39.695, 19.921, 100.000, 0.000, 2.220, 0, 0 
66955, 636172819, 0.000, -0.000, -0.000, 39.770, 19.907, 100.000, 0.000, 2.220, 0, 0 
66955, 637779986, 0.000, -0.000, -0.000, 39.792, 19.812, 100.000, 0.000, 2.220, 0, 0 
66955, 639347571, 0.000, -0.000, -0.000, 39.770, 19.731, 100.000, 0.000, 2.220, 0, 0 
66955, 640914849, 0.000, -0.000, -0.000, 39.716, 19.731, 100.000, 0.000, 2.220, 0, 0 
66955, 642430141, 0.000, -0.000, -0.000, 39.635, 19.717, 100.000, 0.000, 2.220, 0, 0 
66955, 643997053, 0.000, -0.000, -0.000, 39.564, 19.731, 100.000, 0.000, 2.220, 0, 0 
66955, 645511985, 0.000, -0.000, -0.000, 39.515, 19.798, 100.000, 0.000, 2.220, 0, 0 
66955, 647065408, 0.000, -0.000, -0.000, 39.521, 19.893, 100.000, 0.000, 2.220, 0, 0 
66955, 648643251, 0.000, -0.000, -0.000, 39.564, 19.934, 100.000, 0.000, 2.220, 0, 0 
66955, 650216205, 0.000, -0.000, -0.000, 39.624, 19.921, 100.000, 0.000, 2.220, 0, 0 
66955, 651729571, 0.000, -0.000, -0.000, 39.716, 19.934, 100.000, 0.000, 2.220, 0, 0 
66955, 653340014, 0.000, -0.000, -0.000, 39.776, 19.893, 100.000, 0.000, 2.220, 0, 0 
66955, 654913032, 0.000, -0.000, -0.000, 39.787, 19.785, 100.000, 0.000, 2.220, 0, 0 
66955, 656488811, 0.000, -0.000, -0.000, 39.760, 19.717, 100.000, 0.000, 2.220, 0, 0 
66955, 658045813, 0.000, -0.000, -0.000, 39.705, 19.731, 100.000, 0.000, 2.220, 0, 0 
66955, 659555464, 0.000, -0.000, -0.000, 39.613, 19.703, 100.000, 0.000, 2.220, 0, 0 
66955, 661065122, 0.000, -0.000, -0.000, 39.532, 19.703, 100.000, 0.000, 2.220, 0, 0 
66955, 662615949, 0.000, -0.000, -0.000, 39.499, 19.812, 100.000, 0.000, 2.220, 0, 0 
66955, 664144471, 0.000, -0.000, -0.000, 39.510, 19.921, 100.000, 0.000, 2.220, 0, 0 
66955, 665654430, 0.000, -0.000, -0.000, 39.553, 19.934, 100.000, 0.000, 2.220, 0, 0 
66955, 667219710, 0.000, -0.000, -0.000, 39.624, 19.921, 100.000, 0.000, 2.220, 0, 0 
66955, 668822804, 0.000, -0.000, -0.000, 39.716, 19.921, 100.000, 0.000, 2.220, 0, 0 
66955, 670390490, 0.000, -0.000, -0.000, 39.781, 19.866, 100.000, 0.000, 2.220, 0, 0 
66955, 671960936, 0.000, -0.000, -0.000, 39.776, 19.744, 100.000, 0.000, 2.220, 0, 0 
66955, 673528605, 0.000, -0.000, -0.000, 39.743, 19.717, 100.000, 0.000, 2.220, 0, 0 
66955, 675102526, 0.000, -0.000, -0.000, 39.673, 19.731, 100.000, 0.000, 2.220, 0, 0 
66955, 676620866, 0.000, -0.000, -0.000, 39.586, 19.717, 100.000, 0.000, 2.220, 0, 0 
66955, 678242046, 0.000, -0.000, -0.000, 39.521, 19.744, 100.000, 0.000, 2.220, 0, 0 
66955, 679757743, 0.000, -0.000, -0.000, 39.515, 19.880, 100.000, 0.000, 2.220, 0, 0 
66955, 681293728, 0.000, -0.000, -0.000, 39.526, 19.907, 100.000, 0.000, 2.220, 0, 0 
66955, 682803341, 0.000, -0.000, -0.000, 39.602, 19.934, 100.000, 0.000, 2.220, 0, 0 
66955, 684400004, 0.000, -0.000, -0.000, 39.662, 19.907, 100.000, 0.000, 2.220, 0, 0 
66955, 685968129, 0.000, -0.000, -0.000, 39.754, 19.921, 100.000, 0.000, 2.220, 0, 0 
66955, 687537294, 0.000, -0.000, -0.000, 39.776, 19.812, 100.000, 0.000, 2.220, 0, 0 
66955, 689102504, 0.000, -0.000, -0.000, 39.754, 19.717, 100.000, 0.000, 2.220, 0, 0 
66955, 690671289, 0.000, -0.000, -0.000, 39.716, 19.717, 100.000, 0.000, 2.220, 0, 0 
66955, 692241623, 0.000, -0.000, -0.000, 39.629, 19.717, 100.000, 0.000, 2.220, 0, 0 
66955, 693815919, 0.000, -0.000, -0.000, 39.553, 19.717, 100.000, 0.000, 2.220, 0, 0 
66955, 695388857, 0.000, -0.000, -0.000, 39.505, 19.798, 100.000, 0.000, 2.220, 0, 0 
66955, 696963987, 0.000, -0.000, -0.000, 39.505, 19.893, 100.000, 0.000, 2.220, 0, 0 
66955, 698539923, 0.000, -0.000, -0.000, 39.553, 19.934, 100.000, 0.000, 2.220, 0, 0 
66955, 700139250, 0.000, -0.000, -0.000, 39.624, 19.934, 100.000, 0.000, 2.220, 0, 0 
66955, 701712045, 0.000, -0.000, -0.000, 39.700, 19.907, 100.000, 0.000, 2.220, 0, 0 
66955, 703287255, 0.000, -0.000, -0.000, 39.781, 19.893, 100.000, 0.000, 2.220, 0, 0 
66955, 704865650, 0.000, -0.000, -0.000, 39.776, 19.771, 100.000, 0.000, 2.220, 0, 0 
66955, 706378509, 0.000, -0.000, -0.000, 39.749, 19.703, 100.000, 0.000, 2.220, 0, 0 
66955, 707889616, 0.000, -0.000, -0.000, 39.689, 19.717, 100.000, 0.000, 2.220, 0, 0 
66955, 709408525, 0.000, -0.000, -0.000, 39.591, 19.703, 100.000, 0.000, 2.220, 0, 0 
66955, 710987231, 0.000, -0.000, -0.000, 39.521, 19.717, 100.000, 0.000, 2.220, 0, 0 
66955, 712538888, 0.000, -0.000, -0.000, 39.499, 19.853, 100.000, 0.000, 2.220, 0, 0 
66955, 714050128, 0.000, -0.000, -0.000, 39.499, 19.907, 100.000, 0.000, 2.220, 0, 0 
66955, 715651434, 0.000, -0.000, -0.000, 39.564, 19.921, 100.000, 0.000, 2.220, 0, 0 
66955, 717219618, 0.000, -0.000, -0.000, 39.646, 19.934, 100.000, 0.000, 2.220, 0, 0 
66955, 718791510, 0.000, -0.000, -0.000, 39.727, 19.921, 100.000, 0.000, 2.220, 0, 0 
66955, 720345808, 0.000, -0.000, -0.000, 39.787, 19.853, 100.000, 0.000, 2.220, 0, 0 
66955, 721878029, 0.000, -0.000, -0.000, 39.776, 19.758, 100.000, 0.000, 2.220, 0, 0 
66955, 723445696, 0.000, -0.000, -0.000, 39.749, 19.744, 100.000, 0.000, 2.220, 0, 0 
66955, 725019237, 0.000, -0.000, -0.000, 39.678, 19.731, 100.000, 0.000, 2.220, 0, 0 
66955, 726592095, 0.000, -0.000, -0.000, 39.602, 19.731, 100.000, 0.000, 2.220, 0, 0 
66955, 728166979, 0.000, -0.000, -0.000, 39.532, 19.744, 100.000, 0.000, 2.220, 0, 0 
66955, 729740073, 0.000, -0.000, -0.000, 39.526, 19.853, 100.000, 0.000, 2.220, 0, 0 
66955, 731339968, 0.000, -0.000, -0.000, 39.543, 19.907, 100.000, 0.000, 2.220, 0, 0 
66955, 732912975, 0.000, -0.000, -0.000, 39.591, 19.921, 100.000, 0.000, 2.220, 0, 0 
66955, 734488629, 0.000, -0.000, -0.000, 39.662, 19.921, 100.000, 0.000, 2.220, 0, 0 
66955, 735998387, 0.000, -0.000, -0.000, 39.738, 19.921, 100.000, 0.000, 2.220, 0, 0 
66955, 737510547, 0.000, -0.000, -0.000, 39.765, 19.812, 100.000, 0.000, 2.220, 0, 0 
66955, 739024793, 0.000, -0.000, -0.000, 39.765, 19.744