Tue Nov 27 18:07:10 2018
StepTime, x, v, f, xdes, vdes, fdes, cmd, IR, LSB, LSF
0, 97349589,0.00, 100.00, 0.00, 2.25, 0, 0 
1, 107474793,0.00, 100.00, 0.00, 2.25, 0, 0 
2, 117310233,0.00, 100.00, 0.00, 2.25, 0, 0 
3, 127273737,0.00, 100.00, 0.00, 2.25, 0, 0 
4, 137238855,0.00, 100.00, 0.00, 2.25, 0, 0 
5, 147326058,0.00, 100.00, 0.00, 2.25, 0, 0 
6, 157283067,0.00, 100.00, 0.00, 2.25, 0, 0 
7, 167297149,0.00, 100.00, 0.00, 2.25, 0, 0 
8, 176974676,0.00, 100.00, 0.00, 2.25, 0, 0 
9, 187340944,0.00, 100.00, 0.00, 2.25, 0, 0 
0, 99934464,0.00, 100.00, 0.00, 2.25, 0, 0 
1, 99865793,0.00, 100.00, 0.00, 2.25, 0, 0 
2, 100042437,0.00, 100.00, 0.00, 2.25, 0, 0 
3, 99757447,0.00, 100.00, 0.00, 2.25, 0, 0 
4, 100110864,0.00, 100.00, 0.00, 2.25, 0, 0 
5, 99994774,0.00, 100.00, 0.00, 2.25, 0, 0 
6, 100051104,0.00, 100.00, 0.00, 2.25, 0, 0 
7, 100037766,0.00, 100.00, 0.00, 2.25, 0, 0 
8, 100366524,0.00, 100.00, 0.00, 2.25, 0, 0 
9, 99687934,0.00, 100.00, 0.00, 2.25, 0, 0 
0, 100038158,0.00, 100.00, 0.00, 2.25, 0, 0 
1, 99705675,0.00, 100.00, 0.00, 2.25, 0, 0 
2, 99996591,0.00, 100.00, 0.00, 2.25, 0, 0 
3, 100317299,0.00, 100.00, 0.00, 2.25, 0, 0 
4, 99682631,0.00, 100.00, 0.00, 2.25, 0, 0 
5, 99942219,0.00, 100.00, 0.00, 2.25, 0, 0 
6, 99999513,0.00, 100.00, 0.00, 2.25, 0, 0 
7, 99690026,0.00, 100.00, 0.00, 2.25, 0, 0 
8, 99999012,0.00, 100.00, 0.00, 2.25, 0, 0 
9, 100311677,0.00, 100.00, 0.00, 2.25, 0, 0 
0, 99999521,0.00, 100.00, 0.00, 2.25, 0, 0 
1, 100304515,0.00, 100.00, 0.00, 2.25, 0, 0 
2, 99999219,0.00, 100.00, 0.00, 2.25, 0, 0 
3, 99985901,0.00, 100.00, 0.00, 2.25, 0, 0 
4, 100310186,0.00, 100.00, 0.00, 2.25, 0, 0 
5, 100034222,0.00, 100.00, 0.00, 2.25, 0, 0 
6, 100008531,0.00, 100.00, 0.00, 2.25, 0, 0 
7, 100307706,0.00, 100.00, 0.00, 2.25, 0, 0 
8, 99696597,0.00, 100.00, 0.00, 2.25, 0, 0 
9, 99994786,0.00, 100.00, 0.00, 2.25, 0, 0 
0, 99948118,0.00, 100.00, 0.00, 2.25, 0, 0 
1, 99668611,0.00, 100.00, 0.00, 2.25, 0, 0 
2, 99993540,0.00, 100.00, 0.00, 2.25, 0, 0 
3, 100019747,0.00, 100.00, 0.00, 2.25, 0, 0 
4, 100004787,0.00, 100.00, 0.00, 2.25, 0, 0 
5, 99945326,0.00, 100.00, 0.00, 2.25, 0, 0 
6, 99999821,0.00, 100.00, 0.00, 2.25, 0, 0 
7, 99701038,0.00, 100.00, 0.00, 2.25, 0, 0 
8, 100306422,0.00, 100.00, 0.00, 2.25, 0, 0 
9, 100003330,0.00, 100.00, 0.00, 2.25, 0, 0 
0, 99984098,0.00, 100.00, 0.00, 2.25, 0, 0 
1, 100317936,0.00, 100.00, 0.00, 2.25, 0, 0 
2, 99688598,0.00, 100.00, 0.00, 2.25, 0, 0 
3, 99980576,0.00, 100.00, 0.00, 2.25, 0, 0 
4, 100001695,0.00, 100.00, 0.00, 2.25, 0, 0 
5, 99994512,0.00, 100.00, 0.00, 2.25, 0, 0 
6, 99845226,0.00, 100.00, 0.00, 2.25, 0, 0 
7, 100315634,0.00, 100.00, 0.00, 2.25, 0, 0 
8, 99677825,0.00, 100.00, 0.00, 2.25, 0, 0 
9, 100005758,0.00, 100.00, 0.00, 2.25, 0, 0 
0, 100068901,0.00, 100.00, 0.00, 2.25, 0, 0 
1, 99993870,0.00, 100.00, 0.00, 2.25, 0, 0 
2, 100319194,0.00, 100.00, 0.00, 2.25, 0, 0 
3, 99684970,0.00, 100.00, 0.00, 2.25, 0, 0 
4, 99991661,0.00, 100.00, 0.00, 2.25, 0, 0 
5, 100080682,0.00, 100.00, 0.00, 2.25, 0, 0 
6, 100155980,0.00, 100.00, 0.00, 2.25, 0, 0 
7, 99982546,0.00, 100.00, 0.00, 2.25, 0, 0 
8, 100313212,0.00, 100.00, 0.00, 2.25, 0, 0 
9, 99691167,0.00, 100.00, 0.00, 2.25, 0, 0 
0, 100021557,0.00, 100.00, 0.00, 2.25, 0, 0 
1, 100015506,0.00, 100.00, 0.00, 2.25, 0, 0 
2, 99991669,0.00, 100.00, 0.00, 2.25, 0, 0 
3, 100322959,0.00, 100.00, 0.00, 2.25, 0, 0 
4, 99998910,0.00, 100.00, 0.00, 2.25, 0, 0 
5, 100069702,0.00, 100.00, 0.00, 2.25, 0, 0 
6, 99985614,0.00, 100.00, 0.00, 2.25, 0, 0 
7, 99998377,0.00, 100.00, 0.00, 2.25, 0, 0 
8, 99997775,0.00, 100.00, 0.00, 2.25, 0, 0 
9, 100305184,0.00, 100.00, 0.00, 2.25, 0, 0 
0, 99970088,0.00, 100.00, 0.00, 2.25, 0, 0 
1, 99988340,0.00, 100.00, 0.00, 2.25, 0, 0 
2, 99983852,0.00, 100.00, 0.00, 2.25, 0, 0 
3, 99978637,0.00, 100.00, 0.00, 2.25, 0, 0 
4, 99681268,0.00, 100.00, 0.00, 2.25, 0, 0 
5, 99992290,0.00, 100.00, 0.00, 2.25, 0, 0 
6, 100001924,0.00, 100.00, 0.00, 2.25, 0, 0 
7, 100012496,0.00, 100.00, 0.00, 2.25, 0, 0 
8, 100008253,0.00, 100.00, 0.00, 2.25, 0, 0 
9, 100000725,0.00, 100.00, 0.00, 2.25, 0, 0 
0, 100013206,0.00, 100.00, 0.00, 2.25, 0, 0 
1, 100005982,0.00, 100.00, 0.00, 2.25, 0, 0 
2, 100003181,0.00, 100.00, 0.00, 2.25, 0, 0 
3, 100009121,0.00, 100.00, 0.00, 2.25, 0, 0 
4, 100319139,0.00, 100.00, 0.00, 2.25, 0, 0 
5, 99633729,0.00, 100.00, 0.00, 2.25, 0, 0 
6, 99987226,0.00, 100.00, 0.00, 2.25, 0, 0 
7, 99980749,0.00, 100.00, 0.00, 2.25, 0, 0 
8, 99667535,0.00, 100.00, 0.00, 2.25, 0, 0 
9, 100004992,0.00, 100.00, 0.00, 2.25, 0, 0 
0, 99991868,0.00, 100.00, 0.00, 2.25, 0, 0 
1, 100045697,0.00, 100.00, 0.00, 2.25, 0, 0 
2, 100018670,0.00, 100.00, 0.00, 2.25, 0, 0 
3, 99995996,0.00, 100.00, 0.00, 2.25, 0, 0 
4, 100000456,0.00, 100.00, 0.00, 2.25, 0, 0 
5, 100293452,0.00, 100.00, 0.00, 2.25, 0, 0 
6, 99703339,0.00, 100.00, 0.00, 2.25, 0, 0 
7, 99987079,0.00, 100.00, 0.00, 2.25, 0, 0 
8, 100323559,0.00, 100.00, 0.00, 2.25, 0, 0 
9, 99968336,0.00, 100.00, 0.00, 2.25, 0, 0 
0, 99977669,0.00, 100.00, 0.00, 2.25, 0, 0 
1, 99937660,0.00, 100.00, 0.00, 2.25, 0, 0 
2, 99662062,0.00, 100.00, 0.00, 2.25, 0, 0 
3, 99987443,0.00, 100.00, 0.00, 2.25, 0, 0 
4, 99997078,0.00, 100.00, 0.00, 2.25, 0, 0 
5, 100000237,0.00, 100.00, 0.00, 2.25, 0, 0 
6, 100335733,0.00, 100.00, 0.00, 2.25, 0, 0 
7, 99965110,0.00, 100.00, 0.00, 2.25, 0, 0 
8, 100075061,0.00, 100.00, 0.00, 2.25, 0, 0 
9, 100042340,0.00, 100.00, 0.00, 2.25, 0, 0 
0, 100099220,0.00, 100.00, 0.00, 2.25, 0, 0 
1, 100045055,0.00, 100.00, 0.00, 2.25, 0, 0 
2, 100343070,0.00, 100.00, 0.00, 2.25, 0, 0 
3, 100083130,0.00, 100.00, 0.00, 2.25, 0, 0 
4, 100020852,0.00, 100.00, 0.00, 2.25, 0, 0 
5, 100037131,0.00, 100.00, 0.00, 2.25, 0, 0 
6, 99986925,0.00, 100.00, 0.00, 2.25, 0, 0 
7, 100062588,0.00, 100.00, 0.00, 2.25, 0, 0 
8, 99913264,0.00, 100.00, 0.00, 2.25, 0, 0 
9, 99963383,0.00, 100.00, 0.00, 2.25, 0, 0 
0, 99920733,0.00, 100.00, 0.00, 2.25, 0, 0 
1, 99945965,0.00, 100.00, 0.00, 2.25, 0, 0 
2, 99966311,0.00, 100.00, 0.00, 2.25, 0, 0 
3, 99926520,0.00, 100.00, 0.00, 2.25, 0, 0 
4, 99960674,0.00, 100.00, 0.00, 2.25, 0, 0 
5, 99972015,0.00, 100.00, 0.00, 2.25, 0, 0 
6, 99971755,0.00, 100.00, 0.00, 2.25, 0, 0 
7, 99674555,0.00, 100.00, 0.00, 2.25, 0, 0 
8, 99995711,0.00, 100.00, 0.00, 2.25, 0, 0 
9, 99994979,0.00, 100.00, 0.00, 2.25, 0, 0 
0, 99992876,0.00, 100.00, 0.00, 2.25, 0, 0 
1, 100011299,0.00, 100.00, 0.00, 2.25, 0, 0 
2, 100005095,0.00, 100.00, 0.00, 2.25, 0, 0 
3, 99676871,0.00, 100.00, 0.00, 2.25, 0, 0 
4, 99949012,0.00, 100.00, 0.00, 2.25, 0, 0 
5, 100004749,0.00, 100.00, 0.00, 2.25, 0, 0 
6, 100046835,0.00, 100.00, 0.00, 2.25, 0, 0 
7, 100340913,0.00, 100.00, 0.00, 2.25, 0, 0 
8, 100055553,0.00, 100.00, 0.00, 2.25, 0, 0 
9, 99993484,0.00, 100.00, 0.00, 2.25, 0, 0 
0, 99957620,0.00, 100.00, 0.00, 2.25, 0, 0 
1, 99952182,0.00, 100.00, 0.00, 2.25, 0, 0 
2, 99934334,0.00, 100.00, 0.00, 2.25, 0, 0 
3, 100269245,0.00, 100.00, 0.00, 2.25, 0, 0 
4, 99973100,0.00, 100.00, 0.00, 2.25, 0, 0 
5, 99938187,0.00, 100.00, 0.00, 2.25, 0, 0 
6, 99948844,0.00, 100.00, 0.00, 2.25, 0, 0 
7, 99900586,0.00, 100.00, 0.00, 2.25, 0, 0 
8, 99880173,0.00, 100.00, 0.00, 2.25, 0, 0 
9, 99940892,0.00, 100.00, 0.00, 2.25, 0, 0 
0, 99961776,0.00, 100.00, 0.00, 2.25, 0, 0 
1, 99953851,0.00, 100.00, 0.00, 2.25, 0, 0 
2, 99969945,0.00, 100.00, 0.00, 2.25, 0, 0 
3, 99954536,0.00, 100.00, 0.00, 2.25, 0, 0 
4, 99995657,0.00, 100.00, 0.00, 2.25, 0, 0 
5, 99984456,0.00, 100.00, 0.00, 2.25, 0, 0 
6, 99936955,0.00, 100.00, 0.00, 2.25, 0, 0 
7, 99984642,0.00, 100.00, 0.00, 2.25, 0, 0 
8, 99970692,0.00, 100.00, 0.00, 2.25, 0, 0 
9, 100000004,0.00, 100.00, 0.00, 2.25, 0, 0 
0, 100035922,0.00, 100.00, 0.00, 2.25, 0, 0 
1, 100043852,0.00, 100.00, 0.00, 2.25, 0, 0 
2, 100029706,0.00, 100.00, 0.00, 2.25, 0, 0 
3, 100041733,0.00, 100.00, 0.00, 2.25, 0, 0 
4, 100015662,0.00, 100.00, 0.00, 2.25, 0, 0 
5, 100002580,0.00, 100.00, 0.00, 2.25, 0, 0 
6, 100008420,0.00, 100.00, 0.00, 2.25, 0, 0 
7, 100021975,0.00, 100.00, 0.00, 2.25, 0, 0 
8, 100095451,0.00, 100.00, 0.00, 2.25, 0, 0 
9, 100256481,0.00, 100.00, 0.00, 2.25, 0, 0 
0, 99986977,0.00, 100.00, 0.00, 2.25, 0, 0 
1, 99984686,0.00, 100.00, 0.00, 2.25, 0, 0 
2, 99977563,0.00, 100.00, 0.00, 2.25, 0, 0 
3, 99993457,0.00, 100.00, 0.00, 2.25, 0, 0 
4, 100304262,0.00, 100.00, 0.00, 2.25, 0, 0 
5, 100015341,0.00, 100.00, 0.00, 2.25, 0, 0 
6, 99955347,0.00, 100.00, 0.00, 2.25, 0, 0 
7, 100009234,0.00, 100.00, 0.00, 2.25, 0, 0 
8, 99978784,0.00, 100.00, 0.00, 2.25, 0, 0 
9, 99736343,0.00, 100.00, 0.00, 2.25, 0, 0 
0, 100032449,0.00, 100.00, 0.00, 2.25, 0, 0 
1, 99991101,0.00, 100.00, 0.00, 2.25, 0, 0 
2, 100000170,0.00, 100.00, 0.00, 2.25, 0, 0 
3, 100019933,0.00, 100.00, 0.00, 2.25, 0, 0 
4, 99658214,0.00, 100.00, 0.00, 2.25, 0, 0 
5, 99992900,0.00, 100.00, 0.00, 2.25, 0, 0 
6, 100053760,0.00, 100.00, 0.00, 2.25, 0, 0 
7, 99972631,0.00, 100.00, 0.00, 2.25, 0, 0 
8, 99962788,0.00, 100.00, 0.00, 2.25, 0, 0 
9, 100007019,0.00, 100.00, 0.00, 2.25, 0, 0 
0, 99952149,0.00, 100.00, 0.00, 2.25, 0, 0 
1, 99972939,0.00, 100.00, 0.00, 2.25, 0, 0 
2, 99984800,0.00, 100.00, 0.00, 2.25, 0, 0 
3, 99935181,0.00, 100.00, 0.00, 2.25, 0, 0 
4, 100007024,0.00, 100.00, 0.00, 2.25, 0, 0 
5, 99974351,0.00, 100.00, 0.00, 2.25, 0, 0 
6, 99948255,0.00, 100.00, 0.00, 2.25, 0, 0 
7, 99985238,0.00, 100.00, 0.00, 2.25, 0, 0 
8, 99955926,0.00, 100.00, 0.00, 2.25, 0, 0 
9, 99985187,0.00, 100.00, 0.00, 2.25, 0, 0 
0, 99983545,0.00, 100.00, 0.00, 2.25, 0, 0 
1, 99999747,0.00, 100.00, 0.00, 2.25, 0, 0 
2, 100012076,0.00, 100.00, 0.00, 2.25, 0, 0 
3, 100011283,0.00, 100.00, 0.00, 2.25, 0, 0 
4, 100044334,0.00, 100.00, 0.00, 2.25, 0, 0 
5, 100046637,0.00, 100.00, 0.00, 2.25, 0, 0 
6, 100042993,0.00, 100.00, 0.00, 2.25, 0, 0 
7, 100017459,0.00, 100.00, 0.00, 2.25, 0, 0 
8, 100085812,0.00, 100.00, 0.00, 2.25, 0, 0 
9, 100062017,0.00, 100.00, 0.00, 2.25, 0, 0 
0, 100008003,0.00, 100.00, 0.00, 2.25, 0, 0 
1, 100057163,0.00, 100.00, 0.00, 2.25, 0, 0 
2, 100014668,0.00, 100.00, 0.00, 2.25, 0, 0 
3, 99992628,0.00, 100.00, 0.00, 2.25, 0, 0 
4, 100006522,0.00, 100.00, 0.00, 2.25, 0, 0 
5, 99887990,0.00, 100.00, 0.00, 2.25, 0, 0 
6, 129971819,0.00, 100.00, 0.00, 2.25, 0, 0 
7, 129965252,0.00, 100.00, 0.00, 2.25, 0, 0 
8, 129930249,0.00, 100.00, 0.00, 2.25, 0, 0 
9, 129915296,0.00, 100.00, 0.00, 2.25, 0, 0 
0, 129996876,0.00, 100.00, 0.00, 2.25, 0, 0 
1, 129970871,0.00, 100.00, 0.00, 2.25, 0, 0 
2, 129989559,0.00, 100.00, 0.00, 2.25, 0, 0 
3, 130102659,0.00, 100.00, 0.00, 2.25, 0, 0 
4, 129976703,0.00, 100.00, 0.00, 2.25, 0, 0 
5, 130091141,0.00, 100.00, 0.00, 2.25, 0, 0 
6, 100007127,0.00, 100.00, 0.00, 2.25, 0, 0 
7, 100031192,0.00, 100.00, 0.00, 2.25, 0, 0 
8, 99991696,0.00, 100.00, 0.00, 2.25, 0, 0 
9, 99989076,0.00, 100.00, 0.00, 2.25, 0, 0 
0, 99988047,0.00, 100.00, 0.00, 2.25, 0, 0 
1, 99952641,0.00, 100.00, 0.00, 2.25, 0, 0 
2, 99980557,0.00, 100.00, 0.00, 2.25, 0, 0 
3, 99900270,0.00, 100.00, 0.00, 2.25, 0, 0 
4, 99956699,0.00, 100.00, 0.00, 2.25, 0, 0 
5, 99948166,0.00, 100.00, 0.00, 2.25, 0, 0 
6, 99966040,0.00, 100.00, 0.00, 2.25, 0, 0 
7, 99974561,0.00, 100.00, 0.00, 2.25, 0, 0 
8, 99984103,0.00, 100.00, 0.00, 2.25, 0, 0 
9, 100018244,0.00, 100.00, 0.00, 2.25, 0, 0 
0, 99976027,0.00, 100.00, 0.00, 2.25, 0, 0 
1, 100007566,0.00, 100.00, 0.00, 2.25, 0, 0 
2, 100001143,0.00, 100.00, 0.00, 2.25, 0, 0 
3, 100000062,0.00, 100.00, 0.00, 2.25, 0, 0 
4, 99999267,0.00, 100.00, 0.00, 2.25, 0, 0 
5, 100010069,0.00, 100.00, 0.00, 2.25, 0, 0 
6, 100047482,0.00, 100.00, 0.00, 2.25, 0, 0 
7, 100021092,0.00, 100.00, 0.00, 2.25, 0, 0 
8, 99995061,0.00, 100.00, 0.00, 2.25, 0, 0 
9, 100035458,0.00, 100.00, 0.00, 2.25, 0, 0 
0, 100053498,0.00, 100.00, 0.00, 2.25, 0, 0 
1, 100001632,0.00, 100.00, 0.00, 2.25, 0, 0 
2, 100023217,0.00, 100.00, 0.00, 2.25, 0, 0 
3, 99998128,0.00, 100.00, 0.00, 2.25, 0, 0 
4, 100021871,0.00, 100.00, 0.00, 2.25, 0, 0 
5, 100054085,0.00, 100.00, 0.00, 2.25, 0, 0 
6, 99963665,0.00, 100.00, 0.00, 2.25, 0, 0 
7, 100043965,0.00, 100.00, 0.00, 2.25, 0, 0 
8, 100040998,0.00, 100.00, 0.00, 2.25, 0, 0 
9, 99946287,0.00, 100.00, 0.00, 2.25, 0, 0 
0, 100044878,0.00, 100.00, 0.00, 2.25, 0, 0 
1, 99984934,0.00, 100.00, 0.00, 2.25, 0, 0 
2, 99997341,0.00, 100.00, 0.00, 2.25, 0, 0 
3, 100029013,0.00, 100.00, 0.00, 2.25, 0, 0 
4, 100001509,0.00, 100.00, 0.00, 2.25, 0, 0 
5, 99965853,0.00, 100.00, 0.00, 2.25, 0, 0 
6, 99969514,0.00, 100.00, 0.00, 2.25, 0, 0 
7, 99921814,0.00, 100.00, 0.00, 2.25, 0, 0 
8, 99977925,0.00, 100.00, 0.00, 2.25, 0, 0 
9, 99996570,0.00, 100.00, 0.00, 2.25, 0, 0 
0, 159763962,0.00, 100.00, 0.00, 2.25, 0, 0 
1, 169580642,0.00, 100.00, 0.00, 2.25, 0, 0 
2, 249580898,0.00, 100.00, 0.00, 2.25, 0, 0 
3, 259833355,0.00, 100.00, 0.00, 2.25, 0, 0 
4, 269848315,0.00, 100.00, 0.00, 2.25, 0, 0 
5, 279547026,0.00, 100.00, 0.00, 2.25, 0, 0 
6, 739989736,0.00, 100.00, 0.00, 2.25, 0, 0 
7, 759857192,0.00, 100.00, 0.00, 2.25, 0, 0 
8, 769833963,0.00, 100.00, 0.00, 2.25, 0, 0 
9, 769834104,0.00, 100.00, 0.00, 2.25, 0, 0 
0, 739722768,0.00, 100.00, 0.00, 2.25, 0, 0 
1, 750273001,0.00, 100.00, 0.00, 2.25, 0, 0 
2, 680231187,0.00, 100.00, 0.00, 2.25, 0, 0 
3, 669956226,0.00, 100.00, 0.00, 2.25, 0, 0 
4, 669962911,0.00, 100.00, 0.00, 2.25, 0, 0 
5, 660248732,0.00, 100.00, 0.00, 2.25, 0, 0 
6, 510123691,0.00, 100.00, 0.00, 2.25, 0, 0 
7, 500148439,0.00, 100.00, 0.00, 2.25, 0, 0 
8, 530204437,0.00, 100.00, 0.00, 2.25, 0, 0 
9, 200157190,0.00, 100.00, 0.00, 2.25, 0, 0 
0, 580483277,0.00, 100.00, 0.00, 2.25, 0, 0 
1, 70036375,0.00, 100.00, 0.00, 2.25, 0, 0 
2, 59988253,0.00, 100.00, 0.00, 2.25, 0, 0 
3, 59994245,0.00, 100.00, 0.00, 2.25, 0, 0 
4, 50016060,0.00, 100.00, 0.00, 2.25, 0, 0 
5, 50091793,0.00, 100.00, 0.00, 2.25, 0, 0 
6, 739859131,0.00, 100.00, 0.00, 2.25, 0, 0 
7, 729912623,0.00, 100.00, 0.00, 2.25, 0, 0 
8, 689855951,0.00, 100.00, 0.00, 2.25, 0, 0 
9, 19948080,0.00, 100.00, 0.00, 2.25, 0, 0 
0, 609864680,0.00, 100.00, 0.00, 2.25, 0, 0 
1, 99994790,0.00, 100.00, 0.00, 2.25, 0, 0 
2, 100079440,0.00, 100.00, 0.00, 2.25, 0, 0 
3, 100075538,0.00, 100.00, 0.00, 2.25, 0, 0 
4, 100101226,0.00, 100.00, 0.00, 2.25, 0, 0 
5, 99997664,0.00, 100.00, 0.00, 2.25, 0, 0 
6, 99948638,0.00, 100.00, 0.00, 2.25, 0, 0 
7, 99987747,0.00, 100.00, 0.00, 2.25, 0, 0 
8, 99960468,0.00, 100.00, 0.00, 2.25, 0, 0 
9, 100000180,0.00, 100.00, 0.00, 2.25, 0, 0 
0, 99971180,0.00, 100.00, 0.00, 2.25, 0, 0 
1, 100012916,0.00, 100.00, 0.00, 2.25, 0, 0 
2, 99978563,0.00, 100.00, 0.00, 2.25, 0, 0 
3, 99977900,0.00, 100.00, 0.00, 2.25, 0, 0 
4, 99946364,0.00, 100.00, 0.00, 2.25, 0, 0 
5, 99968321,0.00, 100.00, 0.00, 2.25, 0, 0 
6, 99984075,0.00, 100.00, 0.00, 2.25, 0, 0 
7, 99982118,0.00, 100.00, 0.00, 2.25, 0, 0 
8, 100001968,0.00, 100.00, 0.00, 2.25, 0, 0 
9, 99940830,0.00, 100.00, 0.00, 2.25, 0, 0 
0, 100001947,0.00, 100.00, 0.00, 2.25, 0, 0 
1, 99979198,0.00, 100.00, 0.00, 2.25, 0, 0 
2, 99977162,0.00, 100.00, 0.00, 2.25, 0, 0 
3, 99994711,0.00, 100.00, 0.00, 2.25, 0, 0 
4, 99966051,0.00, 100.00, 0.00, 2.25, 0, 0 
5, 99991341,0.00, 100.00, 0.00, 2.25, 0, 0 
6, 99988996,0.00, 100.00, 0.00, 2.25, 0, 0 
7, 99989858,0.00, 100.00, 0.00, 2.25, 0, 0 
8, 100003832,0.00, 100.00, 0.00, 2.25, 0, 0 
9, 99995053,0.00, 100.00, 0.00, 2.25, 0, 0 
0, 99975778,0.00, 100.00, 0.00, 2.25, 0, 0 
1, 99999367,0.00, 100.00, 0.00, 2.25, 0, 0 
2, 100001575,0.00, 100.00, 0.00, 2.25, 0, 0 
3, 99991165,0.00, 100.00, 0.00, 2.25, 0, 0 
4, 100002576,0.00, 100.00, 0.00, 2.25, 0, 0 
5, 100009965,0.00, 100.00, 0.00, 2.25, 0, 0 
6, 100000598,0.00, 100.00, 0.00, 2.25, 0, 0 
7, 99999044,0.00, 100.00, 0.00, 2.25, 0, 0 
8, 99978568,0.00, 100.00, 0.00, 2.25, 0, 0 
9, 100001001,0.00, 100.00, 0.00, 2.25, 0, 0 
0, 100024447,0.00, 100.00, 0.00, 2.25, 0, 0 
1, 100010922,0.00, 100.00, 0.00, 2.25, 0, 0 
2, 99999941,0.00, 100.00, 0.00, 2.25, 0, 0 
3, 100003742,0.00, 100.00, 0.00, 2.25, 0, 0 
4, 99990646,0.00, 100.00, 0.00, 2.25, 0, 0 
5, 99981738,0.00, 100.00, 0.00, 2.25, 0, 0 
6, 99989358,0.00, 100.00, 0.00, 2.25, 0, 0 
7, 100005212,0.00, 100.00, 0.00, 2.25, 0, 0 
8, 100036106,0.00, 100.00, 0.00, 2.25, 0, 0 
9, 99993538,0.00, 100.00, 0.00, 2.25, 0, 0 
0, 99980586,0.00, 100.00, 0.00, 2.25, 0, 0 
1, 99991648,0.00, 100.00, 0.00, 2.25, 0, 0 
2, 100002697,0.00, 100.00, 0.00, 2.25, 0, 0 
3, 99996916,0.00, 100.00, 0.00, 2.25, 0, 0 
4, 100002354,0.00, 100.00, 0.00, 2.25, 0, 0 
5, 100016029,0.00, 100.00, 0.00, 2.25, 0, 0 
6, 100010502,0.00, 100.00, 0.00, 2.25, 0, 0 
7, 99989879,0.00, 100.00, 0.00, 2.25, 0, 0 
8, 99981415,0.00, 100.00, 0.00, 2.25, 0, 0 
9, 100012297,0.00, 100.00, 0.00, 2.25, 0, 0 
0, 99994874,0.00, 100.00, 0.00, 2.25, 0, 0 
1, 99991496,0.00, 100.00, 0.00, 2.25, 0, 0 
2, 99990088,0.00, 100.00, 0.00, 2.25, 0, 0 
3, 99996879,0.00, 100.00, 0.00, 2.25, 0, 0 
4, 100010631,0.00, 100.00, 0.00, 2.25, 0, 0 
5, 99980137,0.00, 100.00, 0.00, 2.25, 0, 0 
6, 99982989,0.00, 100.00, 0.00, 2.25, 0, 0 
7, 100085714,0.00, 100.00, 0.00, 2.25, 0, 0 
8, 100011131,0.00, 100.00, 0.00, 2.25, 0, 0 
9, 100012714,0.00, 100.00, 0.00, 2.25, 0, 0 
0, 99994449,0.00, 100.00, 0.00, 2.25, 0, 0 
1, 100006845,0.00, 100.00, 0.00, 2.25, 0, 0 
2, 99989044,0.00, 100.00, 0.00, 2.25, 0, 0 
3, 99993328,0.00, 100.00, 0.00, 2.25, 0, 0 
4, 99989694,0.00, 100.00, 0.00, 2.25, 0, 0 
5, 99998390,0.00, 100.00, 0.00, 2.25, 0, 0 
6, 100000726,0.00, 100.00, 0.00, 2.25, 0, 0 
7, 99897182,0.00, 100.00, 0.00, 2.25, 0, 0 
8, 99973443,0.00, 100.00, 0.00, 2.25, 0, 0 
9, 99964095,0.00, 100.00, 0.00, 2.25, 0, 0 
0, 100007927,0.00, 100.00, 0.00, 2.25, 0, 0 
1, 99978169,0.00, 100.00, 0.00, 2.25, 0, 0 
2, 100006357,0.00, 100.00, 0.00, 2.25, 0, 0 
3, 100006981,0.00, 100.00, 0.00, 2.25, 0, 0 
4, 100004502,0.00, 100.00, 0.00, 2.25, 0, 0 
5, 100012498,0.00, 100.00, 0.00, 2.25, 0, 0 
6, 100016423,0.00, 100.00, 0.00, 2.25, 0, 0 
7, 100010688,0.00, 100.00, 0.00, 2.25, 0, 0 
8, 100008117,0.00, 100.00, 0.00, 2.25, 0, 0 
9, 100007034,0.00, 100.00, 0.00, 2.25, 0, 0 
0, 100000563,0.00, 100.00, 0.00, 2.25, 0, 0 
1, 100012012,0.00, 100.00, 0.00, 2.25, 0, 0 
2, 99998694,0.00, 100.00, 0.00, 2.25, 0, 0 
3, 99995077,0.00, 100.00, 0.00, 2.25, 0, 0 
4, 99994629,0.00, 100.00, 0.00, 2.25, 0, 0 
5, 99976039,0.00, 100.00, 0.00, 2.25, 0, 0 
6, 99975255,0.00, 100.00, 0.00, 2.25, 0, 0 
7, 99982294,0.00, 100.00, 0.00, 2.25, 0, 0 
8, 99983373,0.00, 100.00, 0.00, 2.25, 0, 0 
9, 99995679,0.00, 100.00, 0.00, 2.25, 0, 0 
0, 99977129,0.00, 100.00, 0.00, 2.25, 0, 0 
1, 99986452,0.00, 100.00, 0.00, 2.25, 0, 0 
2, 99988238,0.00, 100.00, 0.00, 2.25, 0, 0 
3, 100005694,0.00, 100.00, 0.00, 2.25, 0, 0 
4, 100005191,0.00, 100.00, 0.00, 2.25, 0, 0 
5, 100012222,0.00, 100.00, 0.00, 2.25, 0, 0 
6, 100009278,0.00, 100.00, 0.00, 2.25, 0, 0 
7, 100016711,0.00, 100.00, 0.00, 2.25, 0, 0 
8, 100006389,0.00, 100.00, 0.00, 2.25, 0, 0 
9, 100010854,0.00, 100.00, 0.00, 2.25, 0, 0 
0, 100022685,0.00, 100.00, 0.00, 2.25, 0, 0 
1, 100007372,0.00, 100.00, 0.00, 2.25, 0, 0 
2, 109998725,0.00, 100.00, 0.00, 2.25, 0, 0 
3, 109984739,0.00, 100.00, 0.00, 2.25, 0, 0 
4, 109982324,0.00, 100.00, 0.00, 2.25, 0, 0 
5, 109983213,0.00, 100.00, 0.00, 2.25, 0, 0 
6, 109993735,0.00, 100.00, 0.00, 2.25, 0, 0 
7, 109985971,0.00, 100.00, 0.00, 2.25, 0, 0 
8, 109990647,0.00, 100.00, 0.00, 2.25, 0, 0 
9, 109996471,0.00, 100.00, 0.00, 2.25, 0, 0 
0, 109981646,0.00, 100.00, 0.00, 2.25, 0, 0 
1, 109986792,0.00, 100.00, 0.00, 2.25, 0, 0 
2, 100011046,0.00, 100.00, 0.00, 2.25, 0, 0 
3, 99990179,0.00, 100.00, 0.00, 2.25, 0, 0 
4, 100004680,0.00, 100.00, 0.00, 2.25, 0, 0 
5, 100008977,0.00, 100.00, 0.00, 2.25, 0, 0 
6, 99985729,0.00, 100.00, 0.00, 2.25, 0, 0 
7, 100005955,0.00, 100.00, 0.00, 2.25, 0, 0 
8, 99995569,0.00, 100.00, 0.00, 2.25, 0, 0 
9, 100002569,0.00, 100.00, 0.00, 2.25, 0, 0 
0, 100000895,0.00, 100.00, 0.00, 2.25, 0, 0 
1, 100005530,0.00, 100.00, 0.00, 2.25, 0, 0 
2, 99995633,0.00, 100.00, 0.00, 2.25, 0, 0 
3, 100017881,0.00, 100.00, 0.00, 2.25, 0, 0 
4, 99994362,0.00, 100.00, 0.00, 2.25, 0, 0 
5, 99996517,0.00, 100.00, 0.00, 2.25, 0, 0 
6, 100017596,0.00, 100.00, 0.00, 2.25, 0, 0 
7, 99994674,0.00, 100.00, 0.00, 2.25, 0, 0 
8, 100002573,0.00, 100.00, 0.00, 2.25, 0, 0 
9, 99988763,0.00, 100.00, 0.00, 2.25, 0, 0 
0, 99991998,0.00, 100.00, 0.00, 2.25, 0, 0 
1, 99990334,0.00, 100.00, 0.00, 2.25, 0, 0 
2, 99989528,0.00, 100.00, 0.00, 2.25, 0, 0 
3, 99972079,0.00, 100.00, 0.00, 2.25, 0, 0 
4, 99994095,0.00, 100.00, 0.00, 2.25, 0, 0 
5, 99993734,0.00, 100.00, 0.00, 2.25, 0, 0 
6, 99989198,0.00, 100.00, 0.00, 2.25, 0, 0 
7, 100002040,0.00, 100.00, 0.00, 2.25, 0, 0 
8, 100010101,0.00, 100.00, 0.00, 2.25, 0, 0 
9, 99996219,0.00, 100.00, 0.00, 2.25, 0, 0 
0, 100003138,0.00, 100.00, 0.00, 2.25, 0, 0 
1, 100005732,0.00, 100.00, 0.00, 2.25, 0, 0 
2, 100009881,0.00, 100.00, 0.00, 2.25, 0, 0 
3, 100023870,0.00, 100.00, 0.00, 2.25, 0, 0 
4, 100004654,0.00, 100.00, 0.00, 2.25, 0, 0 
5, 100000269,0.00, 100.00, 0.00, 2.25, 0, 0 
6, 99997239,0.00, 100.00, 0.00, 2.25, 0, 0 
7, 99990204,0.00, 100.00, 0.00, 2.25, 0, 0 
8, 99990500,0.00, 100.00, 0.00, 2.25, 0, 0 
9, 100031136,0.00, 100.00, 0.00, 2.25, 0, 0 
0, 100005922,0.00, 100.00, 0.00, 2.25, 0, 0 
1, 99984518,0.00, 100.00, 0.00, 2.25, 0, 0 
2, 109992108,0.00, 100.00, 0.00, 2.25, 0, 0 
3, 109984895,0.00, 100.00, 0.00, 2.25, 0, 0 
4, 110004492,0.00, 100.00, 0.00, 2.25, 0, 0 
5, 109997435,0.00, 100.00, 0.00, 2.25, 0, 0 
6, 110000102,0.00, 100.00, 0.00, 2.25, 0, 0 
7, 109992809,0.00, 100.00, 0.00, 2.25, 0, 0 
8, 109992381,0.00, 100.00, 0.00, 2.25, 0, 0 
9, 109966140,0.00, 100.00, 0.00, 2.25, 0, 0 
0, 109994998,0.00, 100.00, 0.00, 2.25, 0, 0 
1, 110012191,0.00, 100.00, 0.00, 2.25, 0, 0 
2, 100000133,0.00, 100.00, 0.00, 2.25, 0, 0 
3, 100005986,0.00, 100.00, 0.00, 2.25, 0, 0 
4, 99994941,0.00, 100.00, 0.00, 2.25, 0, 0 
5, 100012511,0.00, 100.00, 0.00, 2.25, 0, 0 
6, 100013131,0.00, 100.00, 0.00, 2.25, 0, 0 
7, 100012310,0.00, 100.00, 0.00, 2.25, 0, 0 
8, 100016772,0.00, 100.00, 0.00, 2.25, 0, 0 
9, 100000789,0.00, 100.00, 0.00, 2.25, 0, 0 
0, 99974218,0.00, 100.00, 0.00, 2.25, 0, 0 
1, 99985745,0.00, 100.00, 0.00, 2.25, 0, 0 
2, 99982158,0.00, 100.00, 0.00, 2.25, 0, 0 
3, 100005880,0.00, 100.00, 0.00, 2.25, 0, 0 
4, 99993898,0.00, 100.00, 0.00, 2.25, 0, 0 
5, 99983094,0.00, 100.00, 0.00, 2.25, 0, 0 
6, 99988347,0.00, 100.00, 0.00, 2.25, 0, 0 
7, 99995564,0.00, 100.00, 0.00, 2.25, 0, 0 
8, 99996749,0.00, 100.00, 0.00, 2.25, 0, 0 
9, 99995760,0.00, 100.00, 0.00, 2.25, 0, 0 
0, 100001441,0.00, 100.00, 0.00, 2.25, 0, 0 
1, 99998628,0.00, 100.00, 0.00, 2.25, 0, 0 
2, 99999368,0.00, 100.00, 0.00, 2.25, 0, 0 
3, 99983207,0.00, 100.00, 0.00, 2.25, 0, 0 
4, 99988947,0.00, 100.00, 0.00, 2.25, 0, 0 
5, 99996979,0.00, 100.00, 0.00, 2.25, 0, 0 
6, 100005830,0.00, 100.00, 0.00, 2.25, 0, 0 
7, 99993051,0.00, 100.00, 0.00, 2.25, 0, 0 
8, 99993703,0.00, 100.00, 0.00, 2.25, 0, 0 
9, 99990014,0.00, 100.00, 0.00, 2.25, 0, 0 
0, 100058839,0.00, 100.00, 0.00, 2.25, 0, 0 
1, 100024486,0.00, 100.00, 0.00, 2.25, 0, 0 
2, 100018401,0.00, 100.00, 0.00, 2.25, 0, 0 
3, 100077287,0.00, 100.00, 0.00, 2.25, 0, 0 
4, 100054723,0.00, 100.00, 0.00, 2.25, 0, 0 
5, 100014258,0.00, 100.00, 0.00, 2.25, 0, 0 
6, 99982083,0.00, 100.00, 0.00, 2.25, 0, 0 
7, 100021297,0.00, 100.00, 0.00, 2.25, 0, 0 
8, 100016444,0.00, 100.00, 0.00, 2.25, 0, 0 
9, 100018106,0.00, 100.00, 0.00, 2.25, 0, 0 
0, 99964231,0.00, 100.00, 0.00, 2.25, 0, 0 
1, 99975485,0.00, 100.00, 0.00, 2.25, 0, 0 
2, 99986536,0.00, 100.00, 0.00, 2.25, 0, 0 
3, 99917706,0.00, 100.00, 0.00, 2.25, 0, 0 
4, 99951676,0.00, 100.00, 0.00, 2.25, 0, 0 
5, 99960974,0.00, 100.00, 0.00, 2.25, 0, 0 
6, 99991661,0.00, 100.00, 0.00, 2.25, 0, 0 
7, 99982865,0.00, 100.00, 0.00, 2.25, 0, 0 
8, 99973413,0.00, 100.00, 0.00, 2.25, 0, 0 
9, 109973412,0.00, 100.00, 0.00, 2.25, 0, 0 
0, 109976166,0.00, 100.00, 0.00, 2.25, 0, 0 
1, 109991581,0.00, 100.00, 0.00, 2.25, 0, 0 
2, 109990165,0.00, 100.00, 0.00, 2.25, 0, 0 
3, 110004490,0.00, 100.00, 0.00, 2.25, 0, 0 
4, 109979736,0.00, 100.00, 0.00, 2.25, 0, 0 
5, 109995442,0.00, 100.00, 0.00, 2.25, 0, 0 
6, 110014586,0.00, 100.00, 0.00, 2.25, 0, 0 
7, 109999698,0.00, 100.00, 0.00, 2.25, 0, 0 
8, 110003098,0.00, 100.00, 0.00, 2.25, 0, 0 
9, 100009696,0.00, 100.00, 0.00, 2.25, 0, 0 
0, 100000432,0.00, 100.00, 0.00, 2.25, 0, 0 
1, 100000803,0.00, 100.00, 0.00, 2.25, 0, 0 
2, 100014436,0.00, 100.00, 0.00, 2.25, 0, 0 
3, 99996847,0.00, 100.00, 0.00, 2.25, 0, 0 
4, 100001854,0.00, 100.00, 0.00, 2.25, 0, 0 
5, 100009977,0.00, 100.00, 0.00, 2.25, 0, 0 
6, 99979289,0.00, 100.00, 0.00, 2.25, 0, 0 
7, 99979701,0.00, 100.00, 0.00, 2.25, 0, 0 
8, 109975243,0.00, 100.00, 0.00, 2.25, 0, 0 
9, 109978601,0.00, 100.00, 0.00, 2.25, 0, 0 
0, 109994038,0.00, 100.00, 0.00, 2.25, 0, 0 
1, 110005795,0.00, 100.00, 0.00, 2.25, 0, 0 
2, 109988136,0.00, 100.00, 0.00, 2.25, 0, 0 
3, 109997270,0.00, 100.00, 0.00, 2.25, 0, 0 
4, 110001377,0.00, 100.00, 0.00, 2.25, 0, 0 
5, 109979756,0.00, 100.00, 0.00, 2.25, 0, 0 
6, 109996259,0.00, 100.00, 0.00, 2.25, 0, 0 
7, 109981779,0.00, 100.00, 0.00, 2.25, 0, 0 
8, 99999347,0.00, 100.00, 0.00, 2.25, 0, 0 
9, 99997806,0.00, 100.00, 0.00, 2.25, 0, 0 
0, 100033272,0.00, 100.00, 0.00, 2.25, 0, 0 
1, 100020094,0.00, 100.00, 0.00, 2.25, 0, 0 
2, 99979538,0.00, 100.00, 0.00, 2.25, 0, 0 
3, 100016719,0.00, 100.00, 0.00, 2.25, 0, 0 
4, 100030397,0.00, 100.00, 0.00, 2.25, 0, 0 
5, 100017981,0.00, 100.00, 0.00, 2.25, 0, 0 
6, 100007761,0.00, 100.00, 0.00, 2.25, 0, 0 
7, 100022313,0.00, 100.00, 0.00, 2.25, 0, 0 
8, 100015467,0.00, 100.00, 0.00, 2.25, 0, 0 
9, 100002943,0.00, 100.00, 0.00, 2.25, 0, 0 
0, 99971806,0.00, 100.00, 0.00, 2.25, 0, 0 
1, 99975727,0.00, 100.00, 0.00, 2.25, 0, 0 
2, 100021728,0.00, 100.00, 0.00, 2.25, 0, 0 
3, 99969848,0.00, 100.00, 0.00, 2.25, 0, 0 
4, 99972987,0.00, 100.00, 0.00, 2.25, 0, 0 
5, 99983868,0.00, 100.00, 0.00, 2.25, 0, 0 
6, 99989138,0.00, 100.00, 0.00, 2.25, 0, 0 
7, 99997269,0.00, 100.00, 0.00, 2.25, 0, 0 
8, 99984426,0.00, 100.00, 0.00, 2.25, 0, 0 
9, 99992788,0.00, 100.00, 0.00, 2.25, 0, 0 
0, 99996493,0.00, 100.00, 0.00, 2.25, 0, 0 
1, 99998502,0.00, 100.00, 0.00, 2.25, 0, 0 
2, 99995157,0.00, 100.00, 0.00, 2.25, 0, 0 
3, 100020776,0.00, 100.00, 0.00, 2.25, 0, 0 
4, 100000383,0.00, 100.00, 0.00, 2.25, 0, 0 
5, 100006897,0.00, 100.00, 0.00, 2.25, 0, 0 
6, 100009241,0.00, 100.00, 0.00, 2.25, 0, 0 
7, 100005826,0.00, 100.00, 0.00, 2.25, 0, 0 
8, 100004414,0.00, 100.00, 0.00, 2.25, 0, 0 
9, 100008725,0.00, 100.00, 0.00, 2.25, 0, 0 
0, 99998708,0.00, 100.00, 0.00, 2.25, 0, 0 
1, 109890643,0.00, 100.00, 0.00, 2.25, 0, 0 
2, 109865691,0.00, 100.00, 0.00, 2.25, 0, 0 
3, 109893085,0.00, 100.00, 0.00, 2.25, 0, 0 
4, 109881677,0.00, 100.00, 0.00, 2.25, 0, 0 
5, 109891871,0.00, 100.00, 0.00, 2.25, 0, 0 
6, 109876502,0.00, 100.00, 0.00, 2.25, 0, 0 
7, 109900299,0.00, 100.00, 0.00, 2.25, 0, 0 
8, 109899363,0.00, 100.00, 0.00, 2.25, 0, 0 
9, 109958773,0.00, 100.00, 0.00, 2.25, 0, 0 
0, 109988423,0.00, 100.00, 0.00, 2.25, 0, 0 
1, 110144683,0.00, 100.00, 0.00, 2.25, 0, 0 
2, 110125341,0.00, 100.00, 0.00, 2.25, 0, 0 
3, 110033286,0.00, 100.00, 0.00, 2.25, 0, 0 
4, 110133510,0.00, 100.00, 0.00, 2.25, 0, 0 
5, 110112626,0.00, 100.00, 0.00, 2.25, 0, 0 
6, 110133718,0.00, 100.00, 0.00, 2.25, 0, 0 
7, 110103982,0.00, 100.00, 0.00, 2.25, 0, 0 
8, 110096452,0.00, 100.00, 0.00, 2.25, 0, 0 
9, 110042368,0.00, 100.00, 0.00, 2.25, 0, 0 
0, 109979697,0.00, 100.00, 0.00, 2.25, 0, 0 
1, 99956383,0.00, 100.00, 0.00, 2.25, 0, 0 
2, 100003719,0.00, 100.00, 0.00, 2.25, 0, 0 
3, 100045558,0.00, 100.00, 0.00, 2.25, 0, 0 
4, 99970515,0.00, 100.00, 0.00, 2.25, 0, 0 
5, 99985866,0.00, 100.00, 0.00, 2.25, 0, 0 
6, 99974301,0.00, 100.00, 0.00, 2.25, 0, 0 
7, 99974232,0.00, 100.00, 0.00, 2.25, 0, 0 
8, 100000271,0.00, 100.00, 0.00, 2.25, 0, 0 
9, 100017591,0.00, 100.00, 0.00, 2.25, 0, 0 
0, 100064786,0.00, 100.00, 0.00, 2.25, 0, 0 
1, 100020705,0.00, 100.00, 0.00, 2.25, 0, 0 
2, 100014669,0.00, 100.00, 0.00, 2.25, 0, 0 
3, 100016037,0.00, 100.00, 0.00, 2.25, 0, 0 
4, 100002598,0.00, 100.00, 0.00, 2.25, 0, 0 
5, 99989714,0.00, 100.00, 0.00, 2.25, 0, 0 
6, 100005054,0.00, 100.00, 0.00, 2.25, 0, 0 
7, 99993019,0.00, 100.00, 0.00, 2.25, 0, 0 
8, 99994232,0.00, 100.00, 0.00, 2.25, 0, 0 
9, 99971175,0.00, 100.00, 0.00, 2.25, 0, 0 
0, 99950523,0.00, 100.00, 0.00, 2.25, 0, 0 
1, 99973580,0.00, 100.00, 0.00, 2.25, 0, 0 
2, 99978185,0.00, 100.00, 0.00, 2.25, 0, 0 
3, 99976009,0.00, 100.00, 0.00, 2.25, 0, 0 
4, 100009977,0.00, 100.00, 0.00, 2.25, 0, 0 
5, 100005775,0.00, 100.00, 0.00, 2.25, 0, 0 
6, 99995547,0.00, 100.00, 0.00, 2.25, 0, 0 
7, 100006617,0.00, 100.00, 0.00, 2.25, 0, 0 
8, 100001610,0.00, 100.00, 0.00, 2.25, 0, 0 
9, 100001888,0.00, 100.00, 0.00, 2.25, 0, 0 
0, 100000037,0.00, 100.00, 0.00, 2.25, 0, 0 
1, 99998224,0.00, 100.00, 0.00, 2.25, 0, 0 
2, 100005000,0.00, 100.00, 0.00, 2.25, 0, 0 
3, 99999665,0.00, 100.00, 0.00, 2.25, 0, 0 
4, 99978850,0.00, 100.00, 0.00, 2.25, 0, 0 
5, 100004969,0.00, 100.00, 0.00, 2.25, 0, 0 
6, 99990612,0.00, 100.00, 0.00, 2.25, 0, 0 
7, 99983954,0.00, 100.00, 0.00, 2.25, 0, 0 
8, 99991300,0.00, 100.00, 0.00, 2.25, 0, 0 
9, 99990199,0.00, 100.00, 0.00, 2.25, 0, 0 
0, 99983219,0.00, 100.00, 0.00, 2.25, 0, 0 
1, 100000110,0.00, 100.00, 0.00, 2.25, 0, 0 
2, 100016754,0.00, 100.00, 0.00, 2.25, 0, 0 
3, 100033276,0.00, 100.00, 0.00, 2.25, 0, 0 
4, 100018539,0.00, 100.00, 0.00, 2.25, 0, 0 
5, 99990710,0.00, 100.00, 0.00, 2.25, 0, 0 
6, 100004842,0.00, 100.00, 0.00, 2.25, 0, 0 
7, 100022217,0.00, 100.00, 0.00, 2.25, 0, 0 
8, 99999284,0.00, 100.00, 0.00, 2.25, 0, 0 
9, 100004306,0.00, 100.00, 0.00, 2.25, 0, 0 
0, 100015630,0.00, 100.00, 0.00, 2.25, 0, 0 
1, 99989044,0.00, 100.00, 0.00, 2.25, 0, 0 
2, 99965716,0.00, 100.00, 0.00, 2.25, 0, 0 
3, 99958245,0.00, 100.00, 0.00, 2.25, 0, 0 
4, 99980326,0.00, 100.00, 0.00, 2.25, 0, 0 
5, 99999393,0.00, 100.00, 0.00, 2.25, 0, 0 
6, 99998836,0.00, 100.00, 0.00, 2.25, 0, 0 
7, 99983522,0.00, 100.00, 0.00, 2.25, 0, 0 
8, 99987004,0.00, 100.00, 0.00, 2.25, 0, 0 
9, 99985285,0.00, 100.00, 0.00, 2.25, 0, 0 
0, 99987728,0.00, 100.00, 0.00, 2.25, 0, 0 
1, 100006487,0.00, 100.00, 0.00, 2.25, 0, 0 
2, 100001320,0.00, 100.00, 0.00, 2.25, 0, 0 
3, 99992850,0.00, 100.00, 0.00, 2.25, 0, 0 
4, 99990544,0.00, 100.00, 0.00, 2.25, 0, 0 
5, 99998689,0.00, 100.00, 0.00, 2.25, 0, 0 
6, 100004933,0.00, 100.00, 0.00, 2.25, 0, 0 
7, 99993342,0.00, 100.00, 0.00, 2.25, 0, 0 
8, 100021171,0.00, 100.00, 0.00, 2.25, 0, 0 
9, 100015534,0.00, 100.00, 0.00, 2.25, 0, 0 
0, 100003439,0.00, 100.00, 0.00, 2.25, 0, 0 
1, 99995328,0.00, 100.00, 0.00, 2.25, 0, 0 
2, 100001388,0.00, 100.00, 0.00, 2.25, 0, 0 
3, 100014619,0.00, 100.00, 0.00, 2.25, 0, 0 
4, 100015069,0.00, 100.00, 0.00, 2.25, 0, 0 
5, 99994727,0.00, 100.00, 0.00, 2.25, 0, 0 
6, 99981705,0.00, 100.00, 0.00, 2.25, 0, 0 
7, 100003227,0.00, 100.00, 0.00, 2.25, 0, 0 
8, 99993271,0.00, 100.00, 0.00, 2.25, 0, 0 
9, 99991753,0.00, 100.00, 0.00, 2.25, 0, 0 
0, 99997010,0.00, 100.00, 0.00, 2.25, 0, 0 
1, 99994350,0.00, 100.00, 0.00, 2.25, 0, 0 
2, 99986314,0.00, 100.00, 0.00, 2.25, 0, 0 
3, 99989781,0.00, 100.00, 0.00, 2.25, 0, 0 
4, 99977539,0.00, 100.00, 0.00, 2.25, 0, 0 
5, 100010558,0.00, 100.00, 0.00, 2.25, 0, 0 
6, 100009571,0.00, 100.00, 0.00, 2.25, 0, 0 
7, 99998107,0.00, 100.00, 0.00, 2.25, 0, 0 
8, 99996770,0.00, 100.00, 0.00, 2.25, 0, 0 
9, 99998499,0.00, 100.00, 0.00, 2.25, 0, 0 
0, 99996169,0.00, 100.00, 0.00, 2.25, 0, 0 
1, 100003382,0.00, 100.00, 0.00, 2.25, 0, 0 
2, 100021323,0.00, 100.00, 0.00, 2.25, 0, 0 
3, 99995544,0.00, 100.00, 0.00, 2.25, 0, 0 
4, 100005796,0.00, 100.00, 0.00, 2.25, 0, 0 
5, 99983092,0.00, 100.00, 0.00, 2.25, 0, 0 
6, 99988200,0.00, 100.00, 0.00, 2.25, 0, 0 
7, 99995474,0.00, 100.00, 0.00, 2.25, 0, 0 
8, 99984751,0.00, 100.00, 0.00, 2.25, 0, 0 
9, 99988509,0.00, 100.00, 0.00, 2.25, 0, 0 
0, 99986574,0.00, 100.00, 0.00, 2.25, 0, 0 
1, 99981475,0.00, 100.00, 0.00, 2.25, 0, 0 
2, 99975527,0.00, 100.00, 0.00, 2.25, 0, 0 
3, 100012671,0.00, 100.00, 0.00, 2.25, 0, 0 
4, 100008981,0.00, 100.00, 0.00, 2.25, 0, 0 
5, 99988020,0.00, 100.00, 0.00, 2.25, 0, 0 
6, 99992997,0.00, 100.00, 0.00, 2.25, 0, 0 
7, 99988169,0.00, 100.00, 0.00, 2.25, 0, 0 
8, 100002169,0.00, 100.00, 0.00, 2.25, 0, 0 
9, 99991711,0.00, 100.00, 0.00, 2.25, 0, 0 
0, 100022471,0.00, 100.00, 0.00, 2.25, 0, 0 
1, 99998945,0.00, 100.00, 0.00, 2.25, 0, 0 
2, 100009242,0.00, 100.00, 0.00, 2.25, 0, 0 
3, 100004048,0.00, 100.00, 0.00, 2.25, 0, 0 
4, 99994331,0.00, 100.00, 0.00, 2.25, 0, 0 
5, 100009385,0.00, 100.00, 0.00, 2.25, 0, 0 
6, 100009799,0.00, 100.00, 0.00, 2.25, 0, 0 
7, 100005653,0.00, 100.00, 0.00, 2.25, 0, 0 
8, 99987497,0.00, 100.00, 0.00, 2.25, 0, 0 
9, 99993605,0.00, 100.00, 0.00, 2.25, 0, 0 
0, 99980568,0.00, 100.00, 0.00, 2.25, 0, 0 
1, 99998946,0.00, 100.00, 0.00, 2.25, 0, 0 
2, 100009669,0.00, 100.00, 0.00, 2.25, 0, 0 
3, 99967065,0.00, 100.00, 0.00, 2.25, 0, 0 
4, 99997693,0.00, 100.00, 0.00, 2.25, 0, 0 
5, 99992202,0.00, 100.00, 0.00, 2.25, 0, 0 
6, 99982571,0.00, 100.00, 0.00, 2.25, 0, 0 
7, 100008143,0.00, 100.00, 0.00, 2.25, 0, 0 
8, 100022742,0.00, 100.00, 0.00, 2.25, 0, 0 
9, 100014322,0.00, 100.00, 0.00, 2.25, 0, 0 
0, 100014943,0.00, 100.00, 0.00, 2.25, 0, 0 
1, 100016789,0.00, 100.00, 0.00, 2.25, 0, 0 
2, 99966341,0.00, 100.00, 0.00, 2.25, 0, 0 
3, 100019058,0.00, 100.00, 0.00, 2.25, 0, 0 
4, 100001164,0.00, 100.00, 0.00, 2.25, 0, 0 
5, 100031061,0.00, 100.00, 0.00, 2.25, 0, 0 
6, 100026604,0.00, 100.00, 0.00, 2.25, 0, 0 
7, 100018267,0.00, 100.00, 0.00, 2.25, 0, 0 
8, 99983273,0.00, 100.00, 0.00, 2.25, 0, 0 
9, 99999857,0.00, 100.00, 0.00, 2.25, 0, 0 
0, 99988820,0.00, 100.00, 0.00, 2.25, 0, 0 
1, 99997393,0.00, 100.00, 0.00, 2.25, 0, 0 
2, 100011278,0.00, 100.00, 0.00, 2.25, 0, 0 
3, 99989585,0.00, 100.00, 0.00, 2.25, 0, 0 
4, 99992464,0.00, 100.00, 0.00, 2.25, 0, 0 
5, 99969972,0.00, 100.00, 0.00, 2.25, 0, 0 
6, 99995282,0.00, 100.00, 0.00, 2.25, 0, 0 
7, 99967922,0.00, 100.00, 0.00, 2.25, 0, 0 
8, 99997802,0.00, 100.00, 0.00, 2.25, 0, 0 
9, 99989680,0.00, 100.00, 0.00, 2.25, 0, 0 
0, 99995766,0.00, 100.00, 0.00, 2.25, 0, 0 
1, 99989550,0.00, 100.00, 0.00, 2.25, 0, 0 
2, 100016072,0.00, 100.00, 0.00, 2.25, 0, 0 
3, 99994943,0.00, 100.00, 0.00, 2.25, 0, 0 
4, 99994556,0.00, 100.00, 0.00, 2.25, 0, 0 
5, 100000831,0.00, 100.00, 0.00, 2.25, 0, 0 
6, 99981610,0.00, 100.00, 0.00, 2.25, 0, 0 
7, 99999028,0.00, 100.00, 0.00, 2.25, 0, 0 
8, 99989338,0.00, 100.00, 0.00, 2.25, 0, 0 
9, 99996588,0.00, 100.00, 0.00, 2.25, 0, 0 
0, 100000104,0.00, 100.00, 0.00, 2.25, 0, 0 
1, 99994228,0.00, 100.00, 0.00, 2.25, 0, 0 
2, 99977199,0.00, 100.00, 0.00, 2.25, 0, 0 
3, 100000627,0.00, 100.00, 0.00, 2.25, 0, 0 
4, 99989599,0.00, 100.00, 0.00, 2.25, 0, 0 
5, 99988729,0.00, 100.00, 0.00, 2.25, 0, 0 
6, 100028584,0.00, 100.00, 0.00, 2.25, 0, 0 
7, 99991904,0.00, 100.00, 0.00, 2.25, 0, 0 
8, 100042168,0.00, 100.00, 0.00, 2.25, 0, 0 
9, 100057623,0.00, 100.00, 0.00, 2.25, 0, 0 
0, 100015389,0.00, 100.00, 0.00, 2.25, 0, 0 
1, 100066972,0.00, 100.00, 0.00, 2.25, 0, 0 
2, 100014421,0.00, 100.00, 0.00, 2.25, 0, 0 
3, 100028485,0.00, 100.00, 0.00, 2.25, 0, 0 
4, 100003412,0.00, 100.00, 0.00, 2.25, 0, 0 
5, 100016217,0.00, 100.00, 0.00, 2.25, 0, 0 
6, 99979950,0.00, 100.00, 0.00, 2.25, 0, 0 
7, 100041614,0.00, 100.00, 0.00, 2.25, 0, 0 
8, 99965204,0.00, 100.00, 0.00, 2.25, 0, 0 
9, 99959070,0.00, 100.00, 0.00, 2.25, 0, 0 
0, 99976749,0.00, 100.00, 0.00, 2.25, 0, 0 
1, 99934197,0.00, 100.00, 0.00, 2.25, 0, 0 
2, 100017854,0.00, 100.00, 0.00, 2.25, 0, 0 
3, 99969134,0.00, 100.00, 0.00, 2.25, 0, 0 
4, 99994027,0.00, 100.00, 0.00, 2.25, 0, 0 
5, 99988643,0.00, 100.00, 0.00, 2.25, 0, 0 
6, 99980821,0.00, 100.00, 0.00, 2.25, 0, 0 
7, 99988966,0.00, 100.00, 0.00, 2.25, 0, 0 
8, 100001973,0.00, 100.00, 0.00, 2.25, 0, 0 
9, 99976144,0.00, 100.00, 0.00, 2.25, 0, 0 
0, 99987467,0.00, 100.00, 0.00, 2.25, 0, 0 
1, 99986359,0.00, 100.00, 0.00, 2.25, 0, 0 
2, 99972968,0.00, 100.00, 0.00, 2.25, 0, 0 
3, 99993290,0.00, 100.00, 0.00, 2.25, 0, 0 
4, 99998067,0.00, 100.00, 0.00, 2.25, 0, 0 
5, 99992493,0.00, 100.00, 0.00, 2.25, 0, 0 
6, 100005512,0.00, 100.00, 0.00, 2.25, 0, 0 
7, 99981826,0.00, 100.00, 0.00, 2.25, 0, 0 
8, 99976028,0.00, 100.00, 0.00, 2.25, 0, 0 
9, 99997414,0.00, 100.00, 0.00, 2.25, 0, 0 
0, 100015442,0.00, 100.00, 0.00, 2.25, 0, 0 
1, 99999260,0.00, 100.00, 0.00, 2.25, 0, 0 
2, 99991129,0.00, 100.00, 0.00, 2.25, 0, 0 
3, 100084036,0.00, 100.00, 0.00, 2.25, 0, 0 
4, 100007976,0.00, 100.00, 0.00, 2.25, 0, 0 
5, 100011675,0.00, 100.00, 0.00, 2.25, 0, 0 
6, 99940042,0.00, 100.00, 0.00, 2.25, 0, 0 
7, 99910157,0.00, 100.00, 0.00, 2.25, 0, 0 
8, 99922784,0.00, 100.00, 0.00, 2.25, 0, 0 
9, 99921822,0.00, 100.00, 0.00, 2.25, 0, 0 
0, 109952960,0.00, 100.00, 0.00, 2.25, 0, 0 
1, 109982010,0.00, 100.00, 0.00, 2.25, 0, 0 
2, 109988057,0.00, 100.00, 0.00, 2.25, 0, 0 
3, 109932705,0.00, 100.00, 0.00, 2.25, 0, 0 
4, 109977452,0.00, 100.00, 0.00, 2.25, 0, 0 
5, 109987560,0.00, 100.00, 0.00, 2.25, 0, 0 
6, 110041617,0.00, 100.00, 0.00, 2.25, 0, 0 
7, 110076992,0.00, 100.00, 0.00, 2.25, 0, 0 
8, 110089648,0.00, 100.00, 0.00, 2.25, 0, 0 
9, 110065906,0.00, 100.00, 0.00, 2.25, 0, 0 
0, 100030723,0.00, 100.00, 0.00, 2.25, 0, 0 
1, 99984354,0.00, 100.00, 0.00, 2.25, 0, 0 
2, 100005708,0.00, 100.00, 0.00, 2.25, 0, 0 
3, 99988175,0.00, 100.00, 0.00, 2.25, 0, 0 
4, 100010469,0.00, 100.00, 0.00, 2.25, 0, 0 
5, 99996514,0.00, 100.00, 0.00, 2.25, 0, 0 
6, 99975289,0.00, 100.00, 0.00, 2.25, 0, 0 
7, 100299693,0.00, 100.00, 0.00, 2.25, 0, 0 
8, 100011787,0.00, 100.00, 0.00, 2.25, 0, 0 
9, 100012441,0.00, 100.00, 0.00, 2.25, 0, 0 
0, 99999951,0.00, 100.00, 0.00, 2.25, 0, 0 
1, 100001717,0.00, 100.00, 0.00, 2.25, 0, 0 
2, 99994253,0.00, 100.00, 0.00, 2.25, 0, 0 
3, 99981193,0.00, 100.00, 0.00, 2.25, 0, 0 
4, 99992711,0.00, 100.00, 0.00, 2.25, 0, 0 
5, 99987747,0.00, 100.00, 0.00, 2.25, 0, 0 
6, 100062428,0.00, 100.00, 0.00, 2.25, 0, 0 
7, 99677179,0.00, 100.00, 0.00, 2.25, 0, 0 
8, 99985788,0.00, 100.00, 0.00, 2.25, 0, 0 
9, 99985178,0.00, 100.00, 0.00, 2.25, 0, 0 
0, 99988634,0.00, 100.00, 0.00, 2.25, 0, 0 
1, 100007134,0.00, 100.00, 0.00, 2.25, 0, 0 
2, 100045689,0.00, 100.00, 0.00, 2.25, 0, 0 
3, 100028460,0.00, 100.00, 0.00, 2.25, 0, 0 
4, 100015598,0.00, 100.00, 0.00, 2.25, 0, 0 
5, 100083316,0.00, 100.00, 0.00, 2.25, 0, 0 
6, 99969938,0.00, 100.00, 0.00, 2.25, 0, 0 
7, 100060838,0.00, 100.00, 0.00, 2.25, 0, 0 
8, 100004672,0.00, 100.00, 0.00, 2.25, 0, 0 
9, 100022203,0.00, 100.00, 0.00, 2.25, 0, 0 
0, 100017845,0.00, 100.00, 0.00, 2.25, 0, 0 
1, 100060566,0.00, 100.00, 0.00, 2.25, 0, 0 
2, 99963155,0.00, 100.00, 0.00, 2.25, 0, 0 
3, 99977437,0.00, 100.00, 0.00, 2.25, 0, 0 
4, 99973959,0.00, 100.00, 0.00, 2.25, 0, 0 
5, 99937677,0.00, 100.00, 0.00, 2.25, 0, 0 
6, 99993510,0.00, 100.00, 0.00, 2.25, 0, 0 
7, 99936540,0.00, 100.00, 0.00, 2.25, 0, 0 
8, 99985650,0.00, 100.00, 0.00, 2.25, 0, 0 
9, 99986780,0.00, 100.00, 0.00, 2.25, 0, 0 
0, 99968469,0.00, 100.00, 0.00, 2.25, 0, 0 
1, 99984856,0.00, 100.00, 0.00, 2.25, 0, 0 
2, 100036720,0.00, 100.00, 0.00, 2.25, 0, 0 
3, 99970693,0.00, 100.00, 0.00, 2.25, 0, 0 
4, 100040459,0.00, 100.00, 0.00, 2.25, 0, 0 
5, 100037193,0.00, 100.00, 0.00, 2.25, 0, 0 
6, 100051587,0.00, 100.00, 0.00, 2.25, 0, 0 
7, 100030136,0.00, 100.00, 0.00, 2.25, 0, 0 
8, 100013402,0.00, 100.00, 0.00, 2.25, 0, 0 
9, 100005556,0.00, 100.00, 0.00, 2.25, 0, 0 
0, 100014291,0.00, 100.00, 0.00, 2.25, 0, 0 
1, 99926175,0.00, 100.00, 0.00, 2.25, 0, 0 
2, 99939789,0.00, 100.00, 0.00, 2.25, 0, 0 
3, 100013454,0.00, 100.00, 0.00, 2.25, 0, 0 
4, 99966966,0.00, 100.00, 0.00, 2.25, 0, 0 
5, 99941211,0.00, 100.00, 0.00, 2.25, 0, 0 
6, 99899617,0.00, 100.00, 0.00, 2.25, 0, 0 
7, 99968657,0.00, 100.00, 0.00, 2.25, 0, 0 
8, 99971979,0.00, 100.00, 0.00, 2.25, 0, 0 
9, 99988255,0.00, 100.00, 0.00, 2.25, 0, 0 
0, 99998678,0.00, 100.00, 0.00, 2.25, 0, 0 
1, 100004608,0.00, 100.00, 0.00, 2.25, 0, 0 
2, 99998977,0.00, 100.00, 0.00, 2.25, 0, 0 
3, 99998207,0.00, 100.00, 0.00, 2.25, 0, 0 
4, 99984837,0.00, 100.00, 0.00, 2.25, 0, 0 
5, 99987859,0.00, 100.00, 0.00, 2.25, 0, 0 
6, 100018283,0.00, 100.00, 0.00, 2.25, 0, 0 
7, 100005884,0.00, 100.00, 0.00, 2.25, 0, 0 
8, 99998242,0.00, 100.00, 0.00, 2.25, 0, 0 
9, 99988029,0.00, 100.00, 0.00, 2.25, 0, 0 
0, 99992495,0.00, 100.00, 0.00, 2.25, 0, 0 
1, 100020727,0.00, 100.00, 0.00, 2.25, 0, 0 
2, 99989589,0.00, 100.00, 0.00, 2.25, 0, 0 
3, 99998932,0.00, 100.00, 0.00, 2.25, 0, 0 
4, 99995909,0.00, 100.00, 0.00, 2.25, 0, 0 
5, 99999764,0.00, 100.00, 0.00, 2.25, 0, 0 
6, 100018610,0.00, 100.00, 0.00, 2.25, 0, 0 
7, 100006068,0.00, 100.00, 0.00, 2.25, 0, 0 
8, 100016544,0.00, 100.00, 0.00, 2.25, 0, 0 
9, 100006601,0.00, 100.00, 0.00, 2.25, 0, 0 
0, 100008669,0.00, 100.00, 0.00, 2.25, 0, 0 
1, 100012251,0.00, 100.00, 0.00, 2.25, 0, 0 
2, 100009033,0.00, 100.00, 0.00, 2.25, 0, 0 
3, 100003702,0.00, 100.00, 0.00, 2.25, 0, 0 
4, 100019423,0.00, 100.00, 0.00, 2.25, 0, 0 
5, 100007592,0.00, 100.00, 0.00, 2.25, 0, 0 
6, 100006424,0.00, 100.00, 0.00, 2.25, 0, 0 
7, 99993564,0.00, 100.00, 0.00, 2.25, 0, 0 
8, 99987588,0.00, 100.00, 0.00, 2.25, 0, 0 
9, 99989985,0.00, 100.00, 0.00, 2.25, 0, 0 
0, 99994510,0.00, 100.00, 0.00, 2.25, 0, 0 
1, 99995209,0.00, 100.00, 0.00, 2.25, 0, 0 
2, 99992462,0.00, 100.00, 0.00, 2.25, 0, 0 
3, 99986747,0.00, 100.00, 0.00, 2.25, 0, 0 
4, 99984050,0.00, 100.00, 0.00, 2.25, 0, 0 
5, 99977024,0.00, 100.00, 0.00, 2.25, 0, 0 
6, 99983570,0.00, 100.00, 0.00, 2.25, 0, 0 
7, 99989709,0.00, 100.00, 0.00, 2.25, 0, 0 
8, 99999488,0.00, 100.00, 0.00, 2.25, 0, 0 
9, 100069047,0.00, 100.00, 0.00, 2.25, 0, 0 
0, 100010602,0.00, 100.00, 0.00, 2.25, 0, 0 
1, 99969440,0.00, 100.00, 0.00, 2.25, 0, 0 
2, 100002400,0.00, 100.00, 0.00, 2.25, 0, 0 
3, 100005694,0.00, 100.00, 0.00, 2.25, 0, 0 
4, 99997754,0.00, 100.00, 0.00, 2.25, 0, 0 
5, 100012715,0.00, 100.00, 0.00, 2.25, 0, 0 
6, 99972619,0.00, 100.00, 0.00, 2.25, 0, 0 
7, 100002454,0.00, 100.00, 0.00, 2.25, 0, 0 
8, 100030145,0.00, 100.00, 0.00, 2.25, 0, 0 
9, 99962696,0.00, 100.00, 0.00, 2.25, 0, 0 
0, 100006231,0.00, 100.00, 0.00, 2.25, 0, 0 
1, 100041128,0.00, 100.00, 0.00, 2.25, 0, 0 
2, 100008368,0.00, 100.00, 0.00, 2.25, 0, 0 
3, 100007529,0.00, 100.00, 0.00, 2.25, 0, 0 
4, 99999867,0.00, 100.00, 0.00, 2.25, 0, 0 
5, 99988118,0.00, 100.00, 0.00, 2.25, 0, 0 
6, 100018332,0.00, 100.00, 0.00, 2.25, 0, 0 
7, 99995328,0.00, 100.00, 0.00, 2.25, 0, 0 
8, 99967211,0.00, 100.00, 0.00, 2.25, 0, 0 
9, 99954014,0.00, 100.00, 0.00, 2.25, 0, 0 
0, 99975462,0.00, 100.00, 0.00, 2.25, 0, 0 
1, 99981678,0.00, 100.00, 0.00, 2.25, 0, 0 
2, 99995645,0.00, 100.00, 0.00, 2.25, 0, 0 
3, 100003942,0.00, 100.00, 0.00, 2.25, 0, 0 
4, 99996685,0.00, 100.00, 0.00, 2.25, 0, 0 
5, 100009838,0.00, 100.00, 0.00, 2.25, 0, 0 
6, 100010067,0.00, 100.00, 0.00, 2.25, 0, 0 
7, 99996452,0.00, 100.00, 0.00, 2.25, 0, 0 
8, 99984749,0.00, 100.00, 0.00, 2.25, 0, 0 
9, 99999551,0.00, 100.00, 0.00, 2.25, 0, 0 
0, 99987643,0.00, 100.00, 0.00, 2.25, 0, 0 
1, 100000490,0.00, 100.00, 0.00, 2.25, 0, 0 
2, 99991783,0.00, 100.00, 0.00, 2.25, 0, 0 
3, 99974866,0.00, 100.00, 0.00, 2.25, 0, 0 
4, 99992663,0.00, 100.00, 0.00, 2.25, 0, 0 
5, 99989666,0.00, 100.00, 0.00, 2.25, 0, 0 
6, 99991636,0.00, 100.00, 0.00, 2.25, 0, 0 
7, 99991624,0.00, 100.00, 0.00, 2.25, 0, 0 
8, 100011450,0.00, 100.00, 0.00, 2.25, 0, 0 
9, 100002782,0.00, 100.00, 0.00, 2.25, 0, 0 
0, 100007782,0.00, 100.00, 0.00, 2.25, 0, 0 
1, 99992826,0.00, 100.00, 0.00, 2.25, 0, 0 
2, 100012755,0.00, 100.00, 0.00, 2.25, 0, 0 
3, 100012211,0.00, 100.00, 0.00, 2.25, 0, 0 
4, 100004228,0.00, 100.00, 0.00, 2.25, 0, 0 
5, 99992483,0.00, 100.00, 0.00, 2.25, 0, 0 
6, 100007234,0.00, 100.00, 0.00, 2.25, 0, 0 
7, 100014821,0.00, 100.00, 0.00, 2.25, 0, 0 
8, 99993321,0.00, 100.00, 0.00, 2.25, 0, 0 
9, 100001797,0.00, 100.00, 0.00, 2.25, 0, 0 
0, 100002301,0.00, 100.00, 0.00, 2.25, 0, 0 
1, 99996507,0.00, 100.00, 0.00, 2.25, 0, 0 
2, 99977264,0.00, 100.00, 0.00, 2.25, 0, 0 
3, 99988857,0.00, 100.00, 0.00, 2.25, 0, 0 
4, 99996707,0.00, 100.00, 0.00, 2.25, 0, 0 
5, 100009001,0.00, 100.00, 0.00, 2.25, 0, 0 
6, 99979290,0.00, 100.00, 0.00, 2.25, 0, 0 
7, 99977656,0.00, 100.00, 0.00, 2.25, 0, 0 
8, 99989226,0.00, 100.00, 0.00, 2.25, 0, 0 
9, 99994403,0.00, 100.00, 0.00, 2.25, 0, 0 
0, 99982318,0.00, 100.00, 0.00, 2.25, 0, 0 
1, 99989896,0.00, 100.00, 0.00, 2.25, 0, 0 
2, 99991110,0.00, 100.00, 0.00, 2.25, 0, 0 
3, 99997092,0.00, 100.00, 0.00, 2.25, 0, 0 
4, 99991733,0.00, 100.00, 0.00, 2.25, 0, 0 
5, 99993223,0.00, 100.00, 0.00, 2.25, 0, 0 
6, 100003901,0.00, 100.00, 0.00, 2.25, 0, 0 
7, 100001335,0.00, 100.00, 0.00, 2.25, 0, 0 
8, 100019283,0.00, 100.00, 0.00, 2.25, 0, 0 
9, 100005905,0.00, 100.00, 0.00, 2.25, 0, 0 
0, 100011035,0.00, 100.00, 0.00, 2.25, 0, 0 
1, 100010786,0.00, 100.00, 0.00, 2.25, 0, 0 
2, 100005781,0.00, 100.00, 0.00, 2.25, 0, 0 
3, 99998240,0.00, 100.00, 0.00, 2.25, 0, 0 
4, 100010630,0.00, 100.00, 0.00, 2.25, 0, 0 
5, 100000574,0.00, 100.00, 0.00, 2.25, 0, 0 
6, 100001552,0.00, 100.00, 0.00, 2.25, 0, 0 
7, 99996415,0.00, 100.00, 0.00, 2.25, 0, 0 
8, 99978257,0.00, 100.00, 0.00, 2.25, 0, 0 
9, 99985836,0.00, 100.00, 0.00, 2.25, 0, 0 
