Tue Nov 27 19:01:38 2018
StepTime, x, v, f, xdes, vdes, fdes, cmd, IR, LSB, LSF
0, 104721247,0.00, 100.00, 0.00, 2.25, 0, 0 
1, 747805901,1642.00, 100.00, 0.00, 2.35, 0, 0 
2, 780252796,1673.00, 100.00, 0.00, 2.35, 0, 0 
3, 781850755,1674.00, 100.00, 0.00, 2.35, 0, 0 
4, 782739934,1674.00, 100.00, 0.00, 2.35, 0, 0 
5, 784854936,1675.00, 100.00, 0.00, 2.35, 0, 0 
6, 785801191,1675.00, 100.00, 0.00, 2.35, 0, 0 
7, 788862781,1677.00, 100.00, 0.00, 2.35, 0, 0 
8, 789785557,1677.00, 100.00, 0.00, 2.35, 0, 0 
9, 792844501,1679.00, 100.00, 0.00, 2.35, 0, 0 
0, 689120834,1679.00, 100.00, 0.00, 2.35, 0, 0 
1, 47078582,1679.00, 100.00, 0.00, 2.35, 0, 0 
2, 15535407,1679.00, 100.00, 0.00, 2.35, 0, 0 
3, 16990696,1681.00, 100.00, 0.00, 2.35, 0, 0 
4, 18138656,1682.00, 100.00, 0.00, 2.35, 0, 0 
5, 16948912,1682.00, 100.00, 0.00, 2.35, 0, 0 
6, 16960292,1682.00, 100.00, 0.00, 2.35, 0, 0 
7, 16927772,1684.00, 100.00, 0.00, 2.35, 0, 0 
8, 38962918,1706.00, 100.00, 0.00, 2.35, 0, 0 
9, 38858998,1708.00, 100.00, 0.00, 2.35, 0, 0 
0, 38736611,1708.00, 100.00, 0.00, 2.35, 0, 0 
1, 40682339,1710.00, 100.00, 0.00, 2.35, 0, 0 
2, 40871945,1710.00, 100.00, 0.00, 2.35, 0, 0 
3, 40814222,1712.00, 100.00, 0.00, 2.35, 0, 0 
4, 39786002,1712.00, 100.00, 0.00, 2.35, 0, 0 
5, 39737301,1712.00, 100.00, 0.00, 2.35, 0, 0 
6, 41876908,1714.00, 100.00, 0.00, 2.35, 0, 0 
7, 41854259,1716.00, 100.00, 0.00, 2.35, 0, 0 
8, 20982850,1717.00, 100.00, 0.00, 2.35, 0, 0 
9, 18859797,1717.00, 100.00, 0.00, 2.35, 0, 0 
0, 18987410,1717.00, 100.00, 0.00, 2.35, 0, 0 
1, 22092120,1722.00, 100.00, 0.00, 2.35, 0, 0 
2, 22004304,1722.00, 100.00, 0.00, 2.35, 0, 0 
3, 19898285,1722.00, 100.00, 0.00, 2.35, 0, 0 
4, 21016565,1723.00, 100.00, 0.00, 2.35, 0, 0 
5, 21070892,1723.00, 100.00, 0.00, 2.35, 0, 0 
6, 18907544,1723.00, 100.00, 0.00, 2.35, 0, 0 
7, 23124864,1729.00, 100.00, 0.00, 2.35, 0, 0 
8, 21955164,1729.00, 100.00, 0.00, 2.35, 0, 0 
9, 21957626,1729.00, 100.00, 0.00, 2.35, 0, 0 
0, 25121596,1732.00, 100.00, 0.00, 2.35, 0, 0 
1, 19977847,1732.00, 100.00, 0.00, 2.35, 0, 0 
2, 19876254,1732.00, 100.00, 0.00, 2.35, 0, 0 
3, 24119195,1736.00, 100.00, 0.00, 2.35, 0, 0 
4, 26012247,1739.00, 100.00, 0.00, 2.35, 0, 0 
5, 25985004,1739.00, 100.00, 0.00, 2.35, 0, 0 
6, 29251907,1742.00, 100.00, 0.00, 2.35, 0, 0 
7, 23012990,1742.00, 100.00, 0.00, 2.35, 0, 0 
8, 22990241,1742.00, 100.00, 0.00, 2.35, 0, 0 
9, 23202459,1742.00, 100.00, 0.00, 2.35, 0, 0 
0, 23243248,1745.00, 100.00, 0.00, 2.35, 0, 0 
1, 23104400,1745.00, 100.00, 0.00, 2.35, 0, 0 
2, 26359387,1748.00, 100.00, 0.00, 2.35, 0, 0 
3, 22149166,1748.00, 100.00, 0.00, 2.35, 0, 0 
4, 19014238,1748.00, 100.00, 0.00, 2.35, 0, 0 
5, 25143728,1754.00, 100.00, 0.00, 2.35, 0, 0 
6, 22059293,1754.00, 100.00, 0.00, 2.35, 0, 0 
7, 24188555,1756.00, 100.00, 0.00, 2.35, 0, 0 
8, 24183975,1756.00, 100.00, 0.00, 2.35, 0, 0 
9, 24032315,1756.00, 100.00, 0.00, 2.35, 0, 0 
0, 21930541,1757.00, 100.00, 0.00, 2.35, 0, 0 
1, 22000308,1757.00, 100.00, 0.00, 2.35, 0, 0 
2, 20955437,1759.00, 100.00, 0.00, 2.35, 0, 0 
3, 21019093,1759.00, 100.00, 0.00, 2.35, 0, 0 
4, 21057862,1759.00, 100.00, 0.00, 2.35, 0, 0 
5, 16093840,1760.00, 100.00, 0.00, 2.35, 0, 0 
6, 16943574,1761.00, 100.00, 0.00, 2.35, 0, 0 
7, 14734168,1761.00, 100.00, 0.00, 2.35, 0, 0 
8, 17022563,1763.00, 100.00, 0.00, 2.35, 0, 0 
9, 17070132,1763.00, 100.00, 0.00, 2.35, 0, 0 
0, 18046764,1765.00, 100.00, 0.00, 2.35, 0, 0 
1, 18140985,1765.00, 100.00, 0.00, 2.35, 0, 0 
2, 15861885,1765.00, 100.00, 0.00, 2.35, 0, 0 
3, 15903693,1765.00, 100.00, 0.00, 2.35, 0, 0 
4, 15994529,1765.00, 100.00, 0.00, 2.35, 0, 0 
5, 17010310,1767.00, 100.00, 0.00, 2.35, 0, 0 
6, 15961725,1767.00, 100.00, 0.00, 2.35, 0, 0 
7, 16026762,1767.00, 100.00, 0.00, 2.35, 0, 0 
8, 13871094,1767.00, 100.00, 0.00, 2.35, 0, 0 
9, 13886865,1767.00, 100.00, 0.00, 2.35, 0, 0 
0, 11865247,1767.00, 100.00, 0.00, 2.35, 0, 0 
1, 11825755,1767.00, 100.00, 0.00, 2.35, 0, 0 
2, 11981796,1767.00, 100.00, 0.00, 2.35, 0, 0 
3, 12039378,1767.00, 100.00, 0.00, 2.35, 0, 0 
4, 16049722,1771.00, 100.00, 0.00, 2.35, 0, 0 
5, 54978026,1812.00, 100.00, 0.00, 2.35, 0, 0 
6, 76121314,1833.00, 100.00, 0.00, 2.35, 0, 0 
7, 76059376,1833.00, 100.00, 0.00, 2.35, 0, 0 
8, 78104123,1835.00, 100.00, 0.00, 2.35, 0, 0 
9, 78097961,1835.00, 100.00, 0.00, 2.35, 0, 0 
0, 79948681,1837.00, 100.00, 0.00, 2.35, 0, 0 
1, 80022705,1837.00, 100.00, 0.00, 2.35, 0, 0 
2, 80035067,1837.00, 100.00, 0.00, 2.35, 0, 0 
3, 79950377,1837.00, 100.00, 0.00, 2.35, 0, 0 
4, 82110732,1843.00, 100.00, 0.00, 2.35, 0, 0 
5, 41056471,1843.00, 100.00, 0.00, 2.35, 0, 0 
6, 19832938,1843.00, 100.00, 0.00, 2.35, 0, 0 
7, 23099110,1846.00, 100.00, 0.00, 2.35, 0, 0 
8, 20900136,1846.00, 100.00, 0.00, 2.35, 0, 0 
9, 24104440,1849.00, 100.00, 0.00, 2.35, 0, 0 
0, 22107307,1849.00, 100.00, 0.00, 2.35, 0, 0 
1, 24170277,1851.00, 100.00, 0.00, 2.35, 0, 0 
2, 24025161,1851.00, 100.00, 0.00, 2.35, 0, 0 
3, 24115122,1851.00, 100.00, 0.00, 2.35, 0, 0 
4, 23877995,1857.00, 100.00, 0.00, 2.35, 0, 0 
5, 23846925,1857.00, 100.00, 0.00, 2.35, 0, 0 
6, 24047276,1857.00, 100.00, 0.00, 2.35, 0, 0 
7, 23967605,1860.00, 100.00, 0.00, 2.35, 0, 0 
8, 24079791,1860.00, 100.00, 0.00, 2.35, 0, 0 
9, 20779076,1860.00, 100.00, 0.00, 2.35, 0, 0 
0, 20995227,1860.00, 100.00, 0.00, 2.35, 0, 0 
1, 18865734,1860.00, 100.00, 0.00, 2.35, 0, 0 
2, 18925642,1860.00, 100.00, 0.00, 2.35, 0, 0 
3, 22034679,1863.00, 100.00, 0.00, 2.35, 0, 0 
4, 15962275,1863.00, 100.00, 0.00, 2.35, 0, 0 
5, 16050641,1863.00, 100.00, 0.00, 2.35, 0, 0 
6, 15997458,1863.00, 100.00, 0.00, 2.35, 0, 0 
7, 12849010,1863.00, 100.00, 0.00, 2.35, 0, 0 
8, 13919339,1864.00, 100.00, 0.00, 2.35, 0, 0 
9, 14178578,1864.00, 100.00, 0.00, 2.35, 0, 0 
0, 13904447,1864.00, 100.00, 0.00, 2.35, 0, 0 
1, 16127037,1866.00, 100.00, 0.00, 2.35, 0, 0 
2, 16104329,1866.00, 100.00, 0.00, 2.35, 0, 0 
3, 17908228,1871.00, 100.00, 0.00, 2.35, 0, 0 
4, 19044978,1872.00, 100.00, 0.00, 2.35, 0, 0 
5, 18883516,1872.00, 100.00, 0.00, 2.35, 0, 0 
6, 20963951,1874.00, 100.00, 0.00, 2.35, 0, 0 
7, 21062359,1874.00, 100.00, 0.00, 2.35, 0, 0 
8, 19892997,1874.00, 100.00, 0.00, 2.35, 0, 0 
9, 20943528,1875.00, 100.00, 0.00, 2.35, 0, 0 
0, 21037261,1875.00, 100.00, 0.00, 2.35, 0, 0 
1, 18787337,1875.00, 100.00, 0.00, 2.35, 0, 0 
2, 19066246,1875.00, 100.00, 0.00, 2.35, 0, 0 
3, 13975409,1875.00, 100.00, 0.00, 2.35, 0, 0 
4, 12933144,1875.00, 100.00, 0.00, 2.35, 0, 0 
5, 13032489,1875.00, 100.00, 0.00, 2.35, 0, 0 
6, 10997090,1875.00, 100.00, 0.00, 2.35, 0, 0 
7, 12133719,1876.00, 100.00, 0.00, 2.35, 0, 0 
8, 12071192,1876.00, 100.00, 0.00, 2.35, 0, 0 
9, 11963321,1877.00, 100.00, 0.00, 2.35, 0, 0 
0, 15086047,1880.00, 100.00, 0.00, 2.35, 0, 0 
1, 15127469,1880.00, 100.00, 0.00, 2.35, 0, 0 
2, 14874626,1880.00, 100.00, 0.00, 2.35, 0, 0 
3, 15011035,1880.00, 100.00, 0.00, 2.35, 0, 0 
4, 16990795,1882.00, 100.00, 0.00, 2.35, 0, 0 
5, 17015723,1882.00, 100.00, 0.00, 2.35, 0, 0 
6, 16983724,1882.00, 100.00, 0.00, 2.35, 0, 0 
7, 16133526,1882.00, 100.00, 0.00, 2.35, 0, 0 
8, 16086803,1882.00, 100.00, 0.00, 2.35, 0, 0 
9, 14919047,1882.00, 100.00, 0.00, 2.35, 0, 0 
0, 13999405,1884.00, 100.00, 0.00, 2.35, 0, 0 
1, 14071919,1884.00, 100.00, 0.00, 2.35, 0, 0 
2, 18067240,1888.00, 100.00, 0.00, 2.35, 0, 0 
3, 17976434,1888.00, 100.00, 0.00, 2.35, 0, 0 
4, 15976572,1888.00, 100.00, 0.00, 2.35, 0, 0 
5, 15994371,1888.00, 100.00, 0.00, 2.35, 0, 0 
6, 16056515,1888.00, 100.00, 0.00, 2.35, 0, 0 
7, 15724910,1888.00, 100.00, 0.00, 2.35, 0, 0 
8, 15882224,1888.00, 100.00, 0.00, 2.35, 0, 0 
9, 18192550,1890.00, 100.00, 0.00, 2.35, 0, 0 
0, 15977814,1890.00, 100.00, 0.00, 2.35, 0, 0 
1, 15808496,1890.00, 100.00, 0.00, 2.35, 0, 0 
2, 12026734,1890.00, 100.00, 0.00, 2.35, 0, 0 
3, 18105478,1896.00, 100.00, 0.00, 2.35, 0, 0 
4, 18183781,1896.00, 100.00, 0.00, 2.35, 0, 0 
5, 18210298,1896.00, 100.00, 0.00, 2.35, 0, 0 
6, 18135338,1896.00, 100.00, 0.00, 2.35, 0, 0 
7, 18453590,1896.00, 100.00, 0.00, 2.35, 0, 0 
8, 27102834,1905.00, 100.00, 0.00, 2.35, 0, 0 
9, 24957510,1905.00, 100.00, 0.00, 2.35, 0, 0 
0, 26938692,1907.00, 100.00, 0.00, 2.35, 0, 0 
1, 27062002,1907.00, 100.00, 0.00, 2.35, 0, 0 
2, 26893320,1907.00, 100.00, 0.00, 2.35, 0, 0 
3, 20895870,1907.00, 100.00, 0.00, 2.35, 0, 0 
4, 20909012,1907.00, 100.00, 0.00, 2.35, 0, 0 
5, 21042644,1907.00, 100.00, 0.00, 2.35, 0, 0 
6, 20839072,1907.00, 100.00, 0.00, 2.35, 0, 0 
7, 20556819,1907.00, 100.00, 0.00, 2.35, 0, 0 
8, 12004096,1907.00, 100.00, 0.00, 2.35, 0, 0 
9, 13015151,1908.00, 100.00, 0.00, 2.35, 0, 0 
0, 13069738,1910.00, 100.00, 0.00, 2.35, 0, 0 
1, 15078010,1912.00, 100.00, 0.00, 2.35, 0, 0 
2, 16150813,1913.00, 100.00, 0.00, 2.35, 0, 0 
3, 17108230,1914.00, 100.00, 0.00, 2.35, 0, 0 
4, 25088124,1922.00, 100.00, 0.00, 2.35, 0, 0 
5, 24851884,1922.00, 100.00, 0.00, 2.35, 0, 0 
6, 25170883,1922.00, 100.00, 0.00, 2.35, 0, 0 
7, 24931174,1922.00, 100.00, 0.00, 2.35, 0, 0 
8, 25053306,1922.00, 100.00, 0.00, 2.35, 0, 0 
9, 23915349,1922.00, 100.00, 0.00, 2.35, 0, 0 
0, 22108521,1922.00, 100.00, 0.00, 2.35, 0, 0 
1, 19940298,1922.00, 100.00, 0.00, 2.35, 0, 0 
2, 18862838,1922.00, 100.00, 0.00, 2.35, 0, 0 
3, 17890027,1922.00, 100.00, 0.00, 2.35, 0, 0 
4, 9850374,1922.00, 100.00, 0.00, 2.35, 0, 0 
5, 9913186,1922.00, 100.00, 0.00, 2.35, 0, 0 
6, 9808224,1922.00, 100.00, 0.00, 2.35, 0, 0 
7, 10029144,1922.00, 100.00, 0.00, 2.35, 0, 0 
8, 9910819,1922.00, 100.00, 0.00, 2.35, 0, 0 
9, 9965714,1922.00, 100.00, 0.00, 2.35, 0, 0 
0, 9790888,1922.00, 100.00, 0.00, 2.35, 0, 0 
1, 9915262,1922.00, 100.00, 0.00, 2.35, 0, 0 
2, 10042178,1922.00, 100.00, 0.00, 2.35, 0, 0 
3, 9987850,1922.00, 100.00, 0.00, 2.35, 0, 0 
4, 10035844,1922.00, 100.00, 0.00, 2.35, 0, 0 
5, 10021821,1922.00, 100.00, 0.00, 2.35, 0, 0 
6, 10042296,1922.00, 100.00, 0.00, 2.35, 0, 0 
7, 10016526,1922.00, 100.00, 0.00, 2.35, 0, 0 
8, 9981365,1922.00, 100.00, 0.00, 2.35, 0, 0 
9, 9981599,1922.00, 100.00, 0.00, 2.35, 0, 0 
0, 10034947,1922.00, 100.00, 0.00, 2.35, 0, 0 
1, 10047053,1922.00, 100.00, 0.00, 2.35, 0, 0 
2, 10043451,1922.00, 100.00, 0.00, 2.35, 0, 0 
3, 10041413,1922.00, 100.00, 0.00, 2.35, 0, 0 
4, 10022728,1922.00, 100.00, 0.00, 2.35, 0, 0 
5, 10029439,1922.00, 100.00, 0.00, 2.35, 0, 0 
6, 9995979,1922.00, 100.00, 0.00, 2.35, 0, 0 
7, 10020477,1922.00, 100.00, 0.00, 2.35, 0, 0 
8, 10052576,1922.00, 100.00, 0.00, 2.35, 0, 0 
9, 10056501,1922.00, 100.00, 0.00, 2.35, 0, 0 
0, 12006414,1924.00, 100.00, 0.00, 2.35, 0, 0 
1, 12011696,1924.00, 100.00, 0.00, 2.35, 0, 0 
2, 11894649,1924.00, 100.00, 0.00, 2.35, 0, 0 
3, 12048797,1924.00, 100.00, 0.00, 2.35, 0, 0 
4, 12026505,1924.00, 100.00, 0.00, 2.35, 0, 0 
5, 11870234,1924.00, 100.00, 0.00, 2.35, 0, 0 
6, 11924951,1924.00, 100.00, 0.00, 2.35, 0, 0 
7, 12020616,1924.00, 100.00, 0.00, 2.35, 0, 0 
8, 11995465,1924.00, 100.00, 0.00, 2.35, 0, 0 
9, 11971907,1924.00, 100.00, 0.00, 2.35, 0, 0 
0, 9962297,1924.00, 100.00, 0.00, 2.35, 0, 0 
1, 9996995,1924.00, 100.00, 0.00, 2.35, 0, 0 
2, 10015786,1924.00, 100.00, 0.00, 2.35, 0, 0 
3, 9938539,1924.00, 100.00, 0.00, 2.35, 0, 0 
4, 10030992,1924.00, 100.00, 0.00, 2.35, 0, 0 
5, 10179481,1924.00, 100.00, 0.00, 2.35, 0, 0 
6, 10141997,1924.00, 100.00, 0.00, 2.35, 0, 0 
7, 9970452,1924.00, 100.00, 0.00, 2.35, 0, 0 
8, 9979719,1924.00, 100.00, 0.00, 2.35, 0, 0 
9, 9999285,1924.00, 100.00, 0.00, 2.35, 0, 0 
0, 10041475,1924.00, 100.00, 0.00, 2.35, 0, 0 
1, 11032172,1925.00, 100.00, 0.00, 2.35, 0, 0 
2, 11094067,1925.00, 100.00, 0.00, 2.35, 0, 0 
3, 11073085,1925.00, 100.00, 0.00, 2.35, 0, 0 
4, 10940601,1925.00, 100.00, 0.00, 2.35, 0, 0 
5, 10967952,1925.00, 100.00, 0.00, 2.35, 0, 0 
6, 10927373,1925.00, 100.00, 0.00, 2.35, 0, 0 
7, 10991219,1925.00, 100.00, 0.00, 2.35, 0, 0 
8, 11010844,1925.00, 100.00, 0.00, 2.35, 0, 0 
9, 11014278,1925.00, 100.00, 0.00, 2.35, 0, 0 
0, 10962497,1925.00, 100.00, 0.00, 2.35, 0, 0 
1, 9899853,1925.00, 100.00, 0.00, 2.35, 0, 0 
2, 12061787,1927.00, 100.00, 0.00, 2.35, 0, 0 
3, 11879362,1927.00, 100.00, 0.00, 2.35, 0, 0 
4, 11997476,1927.00, 100.00, 0.00, 2.35, 0, 0 
5, 11990776,1927.00, 100.00, 0.00, 2.35, 0, 0 
6, 12006079,1927.00, 100.00, 0.00, 2.35, 0, 0 
7, 12007963,1927.00, 100.00, 0.00, 2.35, 0, 0 
8, 11959051,1927.00, 100.00, 0.00, 2.35, 0, 0 
9, 11949110,1927.00, 100.00, 0.00, 2.35, 0, 0 
0, 12076244,1927.00, 100.00, 0.00, 2.35, 0, 0 
1, 12132800,1927.00, 100.00, 0.00, 2.35, 0, 0 
2, 9905194,1927.00, 100.00, 0.00, 2.35, 0, 0 
3, 10031349,1927.00, 100.00, 0.00, 2.35, 0, 0 
4, 9993268,1927.00, 100.00, 0.00, 2.35, 0, 0 
5, 11944812,1929.00, 100.00, 0.00, 2.35, 0, 0 
6, 11970215,1929.00, 100.00, 0.00, 2.35, 0, 0 
7, 11955232,1929.00, 100.00, 0.00, 2.35, 0, 0 
8, 12024589,1929.00, 100.00, 0.00, 2.35, 0, 0 
9, 12513272,1929.00, 100.00, 0.00, 2.35, 0, 0 
0, 12980250,1930.00, 100.00, 0.00, 2.35, 0, 0 
1, 17906615,1935.00, 100.00, 0.00, 2.35, 0, 0 
2, 17923421,1935.00, 100.00, 0.00, 2.35, 0, 0 
3, 19871937,1937.00, 100.00, 0.00, 2.35, 0, 0 
4, 19816261,1937.00, 100.00, 0.00, 2.35, 0, 0 
5, 17884251,1937.00, 100.00, 0.00, 2.35, 0, 0 
6, 18259377,1937.00, 100.00, 0.00, 2.35, 0, 0 
7, 18072875,1937.00, 100.00, 0.00, 2.35, 0, 0 
8, 20952843,1940.00, 100.00, 0.00, 2.35, 0, 0 
9, 20474767,1940.00, 100.00, 0.00, 2.35, 0, 0 
0, 20920035,1941.00, 100.00, 0.00, 2.35, 0, 0 
1, 16010334,1941.00, 100.00, 0.00, 2.35, 0, 0 
2, 16007325,1941.00, 100.00, 0.00, 2.35, 0, 0 
3, 14070524,1941.00, 100.00, 0.00, 2.35, 0, 0 
4, 14071381,1941.00, 100.00, 0.00, 2.35, 0, 0 
5, 14073026,1941.00, 100.00, 0.00, 2.35, 0, 0 
6, 13629230,1941.00, 100.00, 0.00, 2.35, 0, 0 
7, 13800838,1941.00, 100.00, 0.00, 2.35, 0, 0 
8, 10873746,1941.00, 100.00, 0.00, 2.35, 0, 0 
9, 10922159,1941.00, 100.00, 0.00, 2.35, 0, 0 
0, 9907323,1941.00, 100.00, 0.00, 2.35, 0, 0 
1, 9909342,1941.00, 100.00, 0.00, 2.35, 0, 0 
2, 9939556,1941.00, 100.00, 0.00, 2.35, 0, 0 
3, 9967663,1941.00, 100.00, 0.00, 2.35, 0, 0 
4, 10013318,1941.00, 100.00, 0.00, 2.35, 0, 0 
5, 9986158,1941.00, 100.00, 0.00, 2.35, 0, 0 
6, 10051502,1941.00, 100.00, 0.00, 2.35, 0, 0 
7, 10049500,1941.00, 100.00, 0.00, 2.35, 0, 0 
8, 10046694,1941.00, 100.00, 0.00, 2.35, 0, 0 
9, 10006226,1941.00, 100.00, 0.00, 2.35, 0, 0 
0, 9995292,1941.00, 100.00, 0.00, 2.35, 0, 0 
1, 10006406,1941.00, 100.00, 0.00, 2.35, 0, 0 
2, 10004749,1941.00, 100.00, 0.00, 2.35, 0, 0 
3, 9961116,1941.00, 100.00, 0.00, 2.35, 0, 0 
4, 10001757,1941.00, 100.00, 0.00, 2.35, 0, 0 
5, 10055057,1941.00, 100.00, 0.00, 2.35, 0, 0 
6, 10102605,1941.00, 100.00, 0.00, 2.35, 0, 0 
7, 10002013,1941.00, 100.00, 0.00, 2.35, 0, 0 
8, 10007344,1941.00, 100.00, 0.00, 2.35, 0, 0 
9, 10009153,1941.00, 100.00, 0.00, 2.35, 0, 0 
0, 10054592,1941.00, 100.00, 0.00, 2.35, 0, 0 
1, 10016069,1941.00, 100.00, 0.00, 2.35, 0, 0 
2, 9984459,1941.00, 100.00, 0.00, 2.35, 0, 0 
3, 10028505,1941.00, 100.00, 0.00, 2.35, 0, 0 
4, 9963897,1941.00, 100.00, 0.00, 2.35, 0, 0 
5, 9923477,1941.00, 100.00, 0.00, 2.35, 0, 0 
6, 9826538,1941.00, 100.00, 0.00, 2.35, 0, 0 
7, 10021124,1941.00, 100.00, 0.00, 2.35, 0, 0 
8, 10050505,1941.00, 100.00, 0.00, 2.35, 0, 0 
9, 10053602,1941.00, 100.00, 0.00, 2.35, 0, 0 
0, 9987137,1941.00, 100.00, 0.00, 2.35, 0, 0 
1, 10169892,1941.00, 100.00, 0.00, 2.35, 0, 0 
2, 9966690,1941.00, 100.00, 0.00, 2.35, 0, 0 
3, 9957621,1941.00, 100.00, 0.00, 2.35, 0, 0 
4, 9988836,1941.00, 100.00, 0.00, 2.35, 0, 0 
5, 10008742,1941.00, 100.00, 0.00, 2.35, 0, 0 
6, 10055209,1941.00, 100.00, 0.00, 2.35, 0, 0 
7, 9985950,1941.00, 100.00, 0.00, 2.35, 0, 0 
8, 9964955,1941.00, 100.00, 0.00, 2.35, 0, 0 
9, 9946776,1941.00, 100.00, 0.00, 2.35, 0, 0 
0, 9982135,1941.00, 100.00, 0.00, 2.35, 0, 0 
1, 9829241,1941.00, 100.00, 0.00, 2.35, 0, 0 
2, 10053928,1941.00, 100.00, 0.00, 2.35, 0, 0 
3, 9972555,1941.00, 100.00, 0.00, 2.35, 0, 0 
4, 9922301,1941.00, 100.00, 0.00, 2.35, 0, 0 
5, 12074022,1943.00, 100.00, 0.00, 2.35, 0, 0 
6, 11959322,1943.00, 100.00, 0.00, 2.35, 0, 0 
7, 15075608,1946.00, 100.00, 0.00, 2.35, 0, 0 
8, 14975296,1946.00, 100.00, 0.00, 2.35, 0, 0 
9, 15998378,1947.00, 100.00, 0.00, 2.35, 0, 0 
0, 17983360,1949.00, 100.00, 0.00, 2.35, 0, 0 
1, 17976510,1949.00, 100.00, 0.00, 2.35, 0, 0 
2, 20948296,1952.00, 100.00, 0.00, 2.35, 0, 0 
3, 21026762,1952.00, 100.00, 0.00, 2.35, 0, 0 
4, 21040658,1952.00, 100.00, 0.00, 2.35, 0, 0 
5, 18941841,1952.00, 100.00, 0.00, 2.35, 0, 0 
6, 18985717,1952.00, 100.00, 0.00, 2.35, 0, 0 
7, 15881252,1952.00, 100.00, 0.00, 2.35, 0, 0 
8, 15951126,1952.00, 100.00, 0.00, 2.35, 0, 0 
9, 15963432,1953.00, 100.00, 0.00, 2.35, 0, 0 
0, 16058518,1955.00, 100.00, 0.00, 2.35, 0, 0 
1, 15947451,1955.00, 100.00, 0.00, 2.35, 0, 0 
2, 14118032,1956.00, 100.00, 0.00, 2.35, 0, 0 
3, 13982375,1956.00, 100.00, 0.00, 2.35, 0, 0 
4, 20105680,1962.00, 100.00, 0.00, 2.35, 0, 0 
5, 19961127,1962.00, 100.00, 0.00, 2.35, 0, 0 
6, 21008214,1963.00, 100.00, 0.00, 2.35, 0, 0 
7, 21007529,1963.00, 100.00, 0.00, 2.35, 0, 0 
8, 20996693,1963.00, 100.00, 0.00, 2.35, 0, 0 
9, 23114007,1966.00, 100.00, 0.00, 2.35, 0, 0 
0, 20931364,1966.00, 100.00, 0.00, 2.35, 0, 0 
1, 21021928,1966.00, 100.00, 0.00, 2.35, 0, 0 
2, 19856117,1966.00, 100.00, 0.00, 2.35, 0, 0 
3, 20343834,1966.00, 100.00, 0.00, 2.35, 0, 0 
4, 16994951,1969.00, 100.00, 0.00, 2.35, 0, 0 
5, 16930397,1969.00, 100.00, 0.00, 2.35, 0, 0 
6, 15936150,1969.00, 100.00, 0.00, 2.35, 0, 0 
7, 19088384,1972.00, 100.00, 0.00, 2.35, 0, 0 
8, 19012901,1972.00, 100.00, 0.00, 2.35, 0, 0 
9, 89279491,2045.00, 100.00, 0.00, 2.35, 0, 0 
0, 138314979,2094.00, 100.00, 0.00, 2.35, 0, 0 
1, 244946413,3201.00, 100.00, 0.00, 2.35, 0, 0 
2, 254952993,3211.00, 100.00, 0.00, 2.35, 0, 0 
3, 254576437,3211.00, 100.00, 0.00, 2.35, 0, 0 
4, 258973074,3218.00, 100.00, 0.00, 2.35, 0, 0 
5, 258915606,3218.00, 100.00, 0.00, 2.35, 0, 0 
6, 258922420,3218.00, 100.00, 0.00, 2.35, 0, 0 
7, 255792116,3218.00, 100.00, 0.00, 2.35, 0, 0 
8, 255867505,3218.00, 100.00, 0.00, 2.35, 0, 0 
9, 184490347,3220.00, 100.00, 0.00, 2.35, 0, 0 
0, 135585434,3220.00, 100.00, 0.00, 2.35, 0, 0 
1, 28893437,3220.00, 100.00, 0.00, 2.35, 0, 0 
2, 18931849,3220.00, 100.00, 0.00, 2.35, 0, 0 
3, 18934417,3220.00, 100.00, 0.00, 2.35, 0, 0 
4, 15769200,3224.00, 100.00, 0.00, 2.35, 0, 0 
5, 15964955,3223.00, 100.00, 0.00, 2.35, 0, 0 
6, 16042116,3224.00, 100.00, 0.00, 2.35, 0, 0 
7, 15936415,3224.00, 100.00, 0.00, 2.35, 0, 0 
8, 27000977,3235.00, 100.00, 0.00, 2.35, 0, 0 
9, 27983743,3238.00, 100.00, 0.00, 2.35, 0, 0 
0, 27886468,3238.00, 100.00, 0.00, 2.35, 0, 0 
1, 31101954,3241.00, 100.00, 0.00, 2.35, 0, 0 
2, 30946291,3241.00, 100.00, 0.00, 2.35, 0, 0 
3, 33068205,3243.00, 100.00, 0.00, 2.35, 0, 0 
4, 29009940,3243.00, 100.00, 0.00, 2.35, 0, 0 
5, 28969425,3242.00, 100.00, 0.00, 2.35, 0, 0 
6, 31008582,3245.00, 100.00, 0.00, 2.35, 0, 0 
7, 31038912,3245.00, 100.00, 0.00, 2.35, 0, 0 
8, 21998982,3246.00, 100.00, 0.00, 2.35, 0, 0 
9, 18972361,3247.00, 100.00, 0.00, 2.35, 0, 0 
0, 19020434,3246.00, 100.00, 0.00, 2.35, 0, 0 
1, 27908233,3259.00, 100.00, 0.00, 2.35, 0, 0 
2, 28135369,3259.00, 100.00, 0.00, 2.35, 0, 0 
3, 26122621,3259.00, 100.00, 0.00, 2.35, 0, 0 
4, 25948669,3258.00, 100.00, 0.00, 2.35, 0, 0 
5, 27075468,3260.00, 100.00, 0.00, 2.35, 0, 0 
6, 28011130,3263.00, 100.00, 0.00, 2.35, 0, 0 
7, 30036645,3265.00, 100.00, 0.00, 2.35, 0, 0 
8, 28048537,3265.00, 100.00, 0.00, 2.35, 0, 0 
9, 31051527,3268.00, 100.00, 0.00, 2.35, 0, 0 
0, 38113751,3275.00, 100.00, 0.00, 2.35, 0, 0 
1, 27126225,3276.00, 100.00, 0.00, 2.35, 0, 0 
2, 26966207,3276.00, 100.00, 0.00, 2.35, 0, 0 
3, 28855545,3278.00, 100.00, 0.00, 2.35, 0, 0 
4, 29214106,3278.00, 100.00, 0.00, 2.35, 0, 0 
5, 28068615,3278.00, 100.00, 0.00, 2.35, 0, 0 
6, 27070798,3280.00, 100.00, 0.00, 2.35, 0, 0 
7, 27099751,3282.00, 100.00, 0.00, 2.35, 0, 0 
8, 27094449,3282.00, 100.00, 0.00, 2.35, 0, 0 
9, 25212234,3283.00, 100.00, 0.00, 2.35, 0, 0 
0, 18086406,3283.00, 100.00, 0.00, 2.35, 0, 0 
1, 16965891,3283.00, 100.00, 0.00, 2.35, 0, 0 
2, 24330727,3290.00, 100.00, 0.00, 2.35, 0, 0 
3, 22306698,3290.00, 100.00, 0.00, 2.35, 0, 0 
4, 22137425,3290.00, 100.00, 0.00, 2.35, 0, 0 
5, 22105302,3290.00, 100.00, 0.00, 2.35, 0, 0 
6, 22214387,3292.00, 100.00, 0.00, 2.35, 0, 0 
7, 20053849,3292.00, 100.00, 0.00, 2.35, 0, 0 
8, 24294276,3296.00, 100.00, 0.00, 2.35, 0, 0 
9, 23011197,3296.00, 100.00, 0.00, 2.35, 0, 0 
0, 23085672,3296.00, 100.00, 0.00, 2.35, 0, 0 
1, 24218498,3297.00, 100.00, 0.00, 2.35, 0, 0 
2, 19019066,3299.00, 100.00, 0.00, 2.35, 0, 0 
3, 19027929,3299.00, 100.00, 0.00, 2.35, 0, 0 
4, 22061829,3302.00, 100.00, 0.00, 2.35, 0, 0 
5, 22062854,3302.00, 100.00, 0.00, 2.35, 0, 0 
6, 21967792,3304.00, 100.00, 0.00, 2.35, 0, 0 
7, 22062986,3304.00, 100.00, 0.00, 2.35, 0, 0 
8, 17809960,3304.00, 100.00, 0.00, 2.35, 0, 0 
9, 17917188,3304.00, 100.00, 0.00, 2.35, 0, 0 
0, 19136549,3305.00, 100.00, 0.00, 2.35, 0, 0 
1, 17957536,3305.00, 100.00, 0.00, 2.35, 0, 0 
2, 17944792,3307.00, 100.00, 0.00, 2.35, 0, 0 
3, 17818897,3307.00, 100.00, 0.00, 2.35, 0, 0 
4, 16907904,3309.00, 100.00, 0.00, 2.35, 0, 0 
5, 16943595,3309.00, 100.00, 0.00, 2.35, 0, 0 
6, 14942833,3309.00, 100.00, 0.00, 2.35, 0, 0 
7, 18148839,3312.00, 100.00, 0.00, 2.35, 0, 0 
8, 17997143,3312.00, 100.00, 0.00, 2.35, 0, 0 
9, 21175515,3315.00, 100.00, 0.00, 2.35, 0, 0 
0, 22967302,3318.00, 100.00, 0.00, 2.35, 0, 0 
1, 22989152,3318.00, 100.00, 0.00, 2.35, 0, 0 
2, 23986058,3321.00, 100.00, 0.00, 2.35, 0, 0 
3, 24050124,3321.00, 100.00, 0.00, 2.35, 0, 0 
4, 21975604,3321.00, 100.00, 0.00, 2.35, 0, 0 
5, 26168673,3325.00, 100.00, 0.00, 2.35, 0, 0 
6, 25989142,3325.00, 100.00, 0.00, 2.35, 0, 0 
7, 27950474,3330.00, 100.00, 0.00, 2.35, 0, 0 
8, 31136896,3333.00, 100.00, 0.00, 2.35, 0, 0 
9, 27939842,3333.00, 100.00, 0.00, 2.35, 0, 0 
0, 27071437,3335.00, 100.00, 0.00, 2.35, 0, 0 
1, 30217054,3338.00, 100.00, 0.00, 2.35, 0, 0 
2, 26907102,3338.00, 100.00, 0.00, 2.35, 0, 0 
3, 30130511,3341.00, 100.00, 0.00, 2.35, 0, 0 
4, 30042609,3341.00, 100.00, 0.00, 2.35, 0, 0 
5, 29009008,3344.00, 100.00, 0.00, 2.35, 0, 0 
6, 29000252,3344.00, 100.00, 0.00, 2.35, 0, 0 
7, 26993386,3347.00, 100.00, 0.00, 2.35, 0, 0 
8, 23864548,3347.00, 100.00, 0.00, 2.35, 0, 0 
9, 23976773,3347.00, 100.00, 0.00, 2.35, 0, 0 
0, 25966482,3351.00, 100.00, 0.00, 2.35, 0, 0 
1, 22824799,3351.00, 100.00, 0.00, 2.35, 0, 0 
2, 25052563,3353.00, 100.00, 0.00, 2.35, 0, 0 
3, 22866157,3354.00, 100.00, 0.00, 2.35, 0, 0 
4, 22934906,3354.00, 100.00, 0.00, 2.35, 0, 0 
5, 19844307,3354.00, 100.00, 0.00, 2.35, 0, 0 
6, 19981609,3354.00, 100.00, 0.00, 2.35, 0, 0 
7, 17060980,3354.00, 100.00, 0.00, 2.35, 0, 0 
8, 17001189,3354.00, 100.00, 0.00, 2.35, 0, 0 
9, 16974063,3354.00, 100.00, 0.00, 2.35, 0, 0 
0, 12790584,3354.00, 100.00, 0.00, 2.35, 0, 0 
1, 12893122,3354.00, 100.00, 0.00, 2.35, 0, 0 
2, 10857234,3354.00, 100.00, 0.00, 2.35, 0, 0 
3, 9941937,3354.00, 100.00, 0.00, 2.35, 0, 0 
4, 10028345,3354.00, 100.00, 0.00, 2.35, 0, 0 
5, 10040394,3354.00, 100.00, 0.00, 2.35, 0, 0 
6, 9950603,3354.00, 100.00, 0.00, 2.35, 0, 0 
7, 9763970,3354.00, 100.00, 0.00, 2.35, 0, 0 
8, 9931756,3354.00, 100.00, 0.00, 2.35, 0, 0 
9, 9945116,3354.00, 100.00, 0.00, 2.35, 0, 0 
0, 10002523,3354.00, 100.00, 0.00, 2.35, 0, 0 
1, 10068124,3354.00, 100.00, 0.00, 2.35, 0, 0 
2, 10077235,3354.00, 100.00, 0.00, 2.35, 0, 0 
3, 10104854,3354.00, 100.00, 0.00, 2.35, 0, 0 
4, 10093054,3354.00, 100.00, 0.00, 2.35, 0, 0 
5, 10278261,3354.00, 100.00, 0.00, 2.35, 0, 0 
6, 16183885,3360.00, 100.00, 0.00, 2.35, 0, 0 
7, 16103404,3360.00, 100.00, 0.00, 2.35, 0, 0 
8, 18092257,3362.00, 100.00, 0.00, 2.35, 0, 0 
9, 21166608,3365.00, 100.00, 0.00, 2.35, 0, 0 
0, 22160028,3366.00, 100.00, 0.00, 2.35, 0, 0 
1, 25117652,3369.00, 100.00, 0.00, 2.35, 0, 0 
2, 25081308,3369.00, 100.00, 0.00, 2.35, 0, 0 
3, 28051577,3372.00, 100.00, 0.00, 2.35, 0, 0 
4, 29934897,3374.00, 100.00, 0.00, 2.35, 0, 0 
5, 29673856,3374.00, 100.00, 0.00, 2.35, 0, 0 
6, 23891350,3374.00, 100.00, 0.00, 2.35, 0, 0 
7, 27080865,3377.00, 100.00, 0.00, 2.35, 0, 0 
8, 25080320,3377.00, 100.00, 0.00, 2.35, 0, 0 
9, 21827141,3377.00, 100.00, 0.00, 2.35, 0, 0 
0, 20988843,3377.00, 100.00, 0.00, 2.35, 0, 0 
1, 17921687,3377.00, 100.00, 0.00, 2.35, 0, 0 
2, 24021181,3383.00, 100.00, 0.00, 2.35, 0, 0 
3, 20941107,3383.00, 100.00, 0.00, 2.35, 0, 0 
4, 19071859,3383.00, 100.00, 0.00, 2.35, 0, 0 
5, 20152971,3384.00, 100.00, 0.00, 2.35, 0, 0 
6, 21089424,3385.00, 100.00, 0.00, 2.35, 0, 0 
7, 17886764,3385.00, 100.00, 0.00, 2.35, 0, 0 
8, 17878668,3385.00, 100.00, 0.00, 2.35, 0, 0 
9, 23102746,3390.00, 100.00, 0.00, 2.35, 0, 0 
0, 22900232,3390.00, 100.00, 0.00, 2.35, 0, 0 
1, 23963364,3391.00, 100.00, 0.00, 2.35, 0, 0 
2, 17894716,3391.00, 100.00, 0.00, 2.35, 0, 0 
3, 17918604,3391.00, 100.00, 0.00, 2.35, 0, 0 
4, 22024033,3395.00, 100.00, 0.00, 2.35, 0, 0 
5, 20892549,3395.00, 100.00, 0.00, 2.35, 0, 0 
6, 22999313,3398.00, 100.00, 0.00, 2.35, 0, 0 
7, 22999871,3398.00, 100.00, 0.00, 2.35, 0, 0 
8, 23040357,3398.00, 100.00, 0.00, 2.35, 0, 0 
9, 17927454,3398.00, 100.00, 0.00, 2.35, 0, 0 
0, 20098985,3400.00, 100.00, 0.00, 2.35, 0, 0 
1, 19091355,3400.00, 100.00, 0.00, 2.35, 0, 0 
2, 18970433,3400.00, 100.00, 0.00, 2.35, 0, 0 
3, 19014067,3400.00, 100.00, 0.00, 2.35, 0, 0 
4, 22062614,3407.00, 100.00, 0.00, 2.35, 0, 0 
5, 22158948,3407.00, 100.00, 0.00, 2.35, 0, 0 
6, 18946189,3407.00, 100.00, 0.00, 2.35, 0, 0 
7, 18991725,3407.00, 100.00, 0.00, 2.35, 0, 0 
8, 21098105,3409.00, 100.00, 0.00, 2.35, 0, 0 
9, 20997178,3409.00, 100.00, 0.00, 2.35, 0, 0 
0, 21971674,3412.00, 100.00, 0.00, 2.35, 0, 0 
1, 21908698,3412.00, 100.00, 0.00, 2.35, 0, 0 
2, 22092204,3412.00, 100.00, 0.00, 2.35, 0, 0 
3, 21965453,3412.00, 100.00, 0.00, 2.35, 0, 0 
4, 16906406,3414.00, 100.00, 0.00, 2.35, 0, 0 
5, 24960651,3422.00, 100.00, 0.00, 2.35, 0, 0 
6, 25083928,3422.00, 100.00, 0.00, 2.35, 0, 0 
7, 25043340,3422.00, 100.00, 0.00, 2.35, 0, 0 
8, 25076071,3424.00, 100.00, 0.00, 2.35, 0, 0 
9, 25071391,3424.00, 100.00, 0.00, 2.35, 0, 0 
0, 23995256,3426.00, 100.00, 0.00, 2.35, 0, 0 
1, 31165299,3433.00, 100.00, 0.00, 2.35, 0, 0 
2, 30972158,3433.00, 100.00, 0.00, 2.35, 0, 0 
3, 34172390,3436.00, 100.00, 0.00, 2.35, 0, 0 
4, 31873149,3436.00, 100.00, 0.00, 2.35, 0, 0 
5, 23885247,3436.00, 100.00, 0.00, 2.35, 0, 0 
6, 23869012,3436.00, 100.00, 0.00, 2.35, 0, 0 
7, 26065557,3438.00, 100.00, 0.00, 2.35, 0, 0 
8, 23859882,3438.00, 100.00, 0.00, 2.35, 0, 0 
9, 23919215,3438.00, 100.00, 0.00, 2.35, 0, 0 
0, 21968448,3438.00, 100.00, 0.00, 2.35, 0, 0 
1, 210675574,4634.00, 100.00, 0.00, 2.35, 0, 0 
2, 223916597,4647.00, 100.00, 0.00, 2.35, 0, 0 
3, 220594519,4647.00, 100.00, 0.00, 2.35, 0, 0 
4, 231753425,4658.00, 100.00, 0.00, 2.35, 0, 0 
5, 238959575,4665.00, 100.00, 0.00, 2.35, 0, 0 
6, 238762198,4665.00, 100.00, 0.00, 2.35, 0, 0 
7, 236622083,4665.00, 100.00, 0.00, 2.35, 0, 0 
8, 236653707,4665.00, 100.00, 0.00, 2.35, 0, 0 
9, 246831662,4675.00, 100.00, 0.00, 2.35, 0, 0 
0, 246728318,4675.00, 100.00, 0.00, 2.35, 0, 0 
1, 50834183,4674.00, 100.00, 0.00, 2.35, 0, 0 
2, 37754592,4675.00, 100.00, 0.00, 2.35, 0, 0 
3, 40096776,4677.00, 100.00, 0.00, 2.35, 0, 0 
4, 29020854,4677.00, 100.00, 0.00, 2.35, 0, 0 
5, 21715047,4677.00, 100.00, 0.00, 2.35, 0, 0 
6, 22104381,4677.00, 100.00, 0.00, 2.35, 0, 0 
7, 21995680,4677.00, 100.00, 0.00, 2.35, 0, 0 
8, 21952945,4677.00, 100.00, 0.00, 2.35, 0, 0 
9, 20942503,4686.00, 100.00, 0.00, 2.35, 0, 0 
0, 35034672,4700.00, 100.00, 0.00, 2.35, 0, 0 
1, 35111767,4700.00, 100.00, 0.00, 2.35, 0, 0 
2, 34997216,4700.00, 100.00, 0.00, 2.35, 0, 0 
3, 32880087,4700.00, 100.00, 0.00, 2.35, 0, 0 
4, 32946205,4700.00, 100.00, 0.00, 2.35, 0, 0 
5, 34108827,4701.00, 100.00, 0.00, 2.35, 0, 0 
6, 33884786,4701.00, 100.00, 0.00, 2.35, 0, 0 
7, 33956224,4701.00, 100.00, 0.00, 2.35, 0, 0 
8, 37151418,4704.00, 100.00, 0.00, 2.35, 0, 0 
9, 28063988,4704.00, 100.00, 0.00, 2.35, 0, 0 
0, 13909249,4704.00, 100.00, 0.00, 2.35, 0, 0 
1, 17223973,4707.00, 100.00, 0.00, 2.35, 0, 0 
2, 17114177,4707.00, 100.00, 0.00, 2.35, 0, 0 
3, 19243927,4709.00, 100.00, 0.00, 2.35, 0, 0 
4, 19202302,4709.00, 100.00, 0.00, 2.35, 0, 0 
5, 17927132,4709.00, 100.00, 0.00, 2.35, 0, 0 
6, 21173309,4712.00, 100.00, 0.00, 2.35, 0, 0 
7, 21240991,4712.00, 100.00, 0.00, 2.35, 0, 0 
8, 17997080,4712.00, 100.00, 0.00, 2.35, 0, 0 
9, 18081460,4712.00, 100.00, 0.00, 2.35, 0, 0 
0, 21277706,4715.00, 100.00, 0.00, 2.35, 0, 0 
1, 19087293,4716.00, 100.00, 0.00, 2.35, 0, 0 
2, 19222402,4716.00, 100.00, 0.00, 2.35, 0, 0 
3, 19191853,4718.00, 100.00, 0.00, 2.35, 0, 0 
4, 19110321,4718.00, 100.00, 0.00, 2.35, 0, 0 
5, 23324489,4722.00, 100.00, 0.00, 2.35, 0, 0 
6, 20074501,4722.00, 100.00, 0.00, 2.35, 0, 0 
7, 21044962,4723.00, 100.00, 0.00, 2.35, 0, 0 
8, 21130467,4723.00, 100.00, 0.00, 2.35, 0, 0 
9, 21076685,4723.00, 100.00, 0.00, 2.35, 0, 0 
0, 18017406,4723.00, 100.00, 0.00, 2.35, 0, 0 
1, 16811835,4723.00, 100.00, 0.00, 2.35, 0, 0 
2, 16909968,4723.00, 100.00, 0.00, 2.35, 0, 0 
3, 14965718,4723.00, 100.00, 0.00, 2.35, 0, 0 
4, 14996225,4723.00, 100.00, 0.00, 2.35, 0, 0 
5, 10853417,4723.00, 100.00, 0.00, 2.35, 0, 0 
6, 15111115,4727.00, 100.00, 0.00, 2.35, 0, 0 
7, 13983479,4727.00, 100.00, 0.00, 2.35, 0, 0 
8, 16170678,4729.00, 100.00, 0.00, 2.35, 0, 0 
9, 20081610,4733.00, 100.00, 0.00, 2.35, 0, 0 
0, 20118754,4733.00, 100.00, 0.00, 2.35, 0, 0 
1, 19983623,4733.00, 100.00, 0.00, 2.35, 0, 0 
2, 22141131,4735.00, 100.00, 0.00, 2.35, 0, 0 
3, 21969011,4735.00, 100.00, 0.00, 2.35, 0, 0 
4, 21971671,4735.00, 100.00, 0.00, 2.35, 0, 0 
5, 27182157,4740.00, 100.00, 0.00, 2.35, 0, 0 
6, 24054414,4741.00, 100.00, 0.00, 2.35, 0, 0 
7, 24051716,4741.00, 100.00, 0.00, 2.35, 0, 0 
8, 21903727,4741.00, 100.00, 0.00, 2.35, 0, 0 
9, 17869808,4741.00, 100.00, 0.00, 2.35, 0, 0 
0, 18935798,4742.00, 100.00, 0.00, 2.35, 0, 0 
1, 19147757,4742.00, 100.00, 0.00, 2.35, 0, 0 
2, 16893292,4742.00, 100.00, 0.00, 2.35, 0, 0 
3, 19998375,4745.00, 100.00, 0.00, 2.35, 0, 0 
4, 20987472,4746.00, 100.00, 0.00, 2.35, 0, 0 
5, 15881120,4746.00, 100.00, 0.00, 2.35, 0, 0 
6, 14994037,4746.00, 100.00, 0.00, 2.35, 0, 0 
7, 19070830,4750.00, 100.00, 0.00, 2.35, 0, 0 
8, 18997861,4750.00, 100.00, 0.00, 2.35, 0, 0 
9, 19051657,4750.00, 100.00, 0.00, 2.35, 0, 0 
0, 17909563,4750.00, 100.00, 0.00, 2.35, 0, 0 
1, 20018990,4752.00, 100.00, 0.00, 2.35, 0, 0 
2, 22104500,4754.00, 100.00, 0.00, 2.35, 0, 0 
3, 19025713,4754.00, 100.00, 0.00, 2.35, 0, 0 
4, 17963331,4754.00, 100.00, 0.00, 2.35, 0, 0 
5, 19068975,4755.00, 100.00, 0.00, 2.35, 0, 0 
6, 18889954,4755.00, 100.00, 0.00, 2.35, 0, 0 
7, 14872301,4755.00, 100.00, 0.00, 2.35, 0, 0 
8, 16075872,4756.00, 100.00, 0.00, 2.35, 0, 0 
9, 16071810,4756.00, 100.00, 0.00, 2.35, 0, 0 
0, 15982170,4756.00, 100.00, 0.00, 2.35, 0, 0 
1, 13878749,4756.00, 100.00, 0.00, 2.35, 0, 0 
2, 11949282,4756.00, 100.00, 0.00, 2.35, 0, 0 
3, 11925637,4756.00, 100.00, 0.00, 2.35, 0, 0 
4, 12131350,4756.00, 100.00, 0.00, 2.35, 0, 0 
5, 10906663,4756.00, 100.00, 0.00, 2.35, 0, 0 
6, 10846459,4756.00, 100.00, 0.00, 2.35, 0, 0 
7, 10973878,4756.00, 100.00, 0.00, 2.35, 0, 0 
8, 9954470,4756.00, 100.00, 0.00, 2.35, 0, 0 
9, 9962156,4756.00, 100.00, 0.00, 2.35, 0, 0 
0, 10176434,4756.00, 100.00, 0.00, 2.35, 0, 0 
1, 10044224,4756.00, 100.00, 0.00, 2.35, 0, 0 
2, 9937111,4756.00, 100.00, 0.00, 2.35, 0, 0 
3, 9917019,4756.00, 100.00, 0.00, 2.35, 0, 0 
4, 12024026,4758.00, 100.00, 0.00, 2.35, 0, 0 
5, 12101860,4758.00, 100.00, 0.00, 2.35, 0, 0 
6, 13191084,4759.00, 100.00, 0.00, 2.35, 0, 0 
7, 13115826,4759.00, 100.00, 0.00, 2.35, 0, 0 
8, 12896171,4759.00, 100.00, 0.00, 2.35, 0, 0 
9, 13038344,4759.00, 100.00, 0.00, 2.35, 0, 0 
0, 12764182,4759.00, 100.00, 0.00, 2.35, 0, 0 
1, 13024074,4759.00, 100.00, 0.00, 2.35, 0, 0 
2, 12999766,4759.00, 100.00, 0.00, 2.35, 0, 0 
3, 13081692,4759.00, 100.00, 0.00, 2.35, 0, 0 
4, 12985740,4761.00, 100.00, 0.00, 2.35, 0, 0 
5, 12909834,4761.00, 100.00, 0.00, 2.35, 0, 0 
6, 11862683,4761.00, 100.00, 0.00, 2.35, 0, 0 
7, 11947201,4761.00, 100.00, 0.00, 2.35, 0, 0 
8, 12143010,4761.00, 100.00, 0.00, 2.35, 0, 0 
9, 11921131,4761.00, 100.00, 0.00, 2.35, 0, 0 
0, 12045212,4761.00, 100.00, 0.00, 2.35, 0, 0 
1, 11943232,4761.00, 100.00, 0.00, 2.35, 0, 0 
2, 12014159,4761.00, 100.00, 0.00, 2.35, 0, 0 
3, 11980798,4761.00, 100.00, 0.00, 2.35, 0, 0 
4, 9908952,4761.00, 100.00, 0.00, 2.35, 0, 0 
5, 9972142,4761.00, 100.00, 0.00, 2.35, 0, 0 
6, 9986532,4761.00, 100.00, 0.00, 2.35, 0, 0 
7, 13127285,4764.00, 100.00, 0.00, 2.35, 0, 0 
8, 12940720,4764.00, 100.00, 0.00, 2.35, 0, 0 
9, 13135181,4764.00, 100.00, 0.00, 2.35, 0, 0 
0, 13165527,4764.00, 100.00, 0.00, 2.35, 0, 0 
1, 13051200,4764.00, 100.00, 0.00, 2.35, 0, 0 
2, 13003694,4764.00, 100.00, 0.00, 2.35, 0, 0 
3, 12989306,4764.00, 100.00, 0.00, 2.35, 0, 0 
4, 12968922,4764.00, 100.00, 0.00, 2.35, 0, 0 
5, 12990792,4764.00, 100.00, 0.00, 2.35, 0, 0 
6, 13043302,4764.00, 100.00, 0.00, 2.35, 0, 0 
7, 9854025,4764.00, 100.00, 0.00, 2.35, 0, 0 
8, 9900590,4764.00, 100.00, 0.00, 2.35, 0, 0 
9, 11998320,4766.00, 100.00, 0.00, 2.35, 0, 0 
0, 11934752,4766.00, 100.00, 0.00, 2.35, 0, 0 
1, 11959719,4766.00, 100.00, 0.00, 2.35, 0, 0 
2, 13074491,4767.00, 100.00, 0.00, 2.35, 0, 0 
3, 13129416,4767.00, 100.00, 0.00, 2.35, 0, 0 
4, 13078238,4767.00, 100.00, 0.00, 2.35, 0, 0 
5, 13069377,4767.00, 100.00, 0.00, 2.35, 0, 0 
6, 12991041,4767.00, 100.00, 0.00, 2.35, 0, 0 
7, 13035798,4767.00, 100.00, 0.00, 2.35, 0, 0 
8, 13030382,4767.00, 100.00, 0.00, 2.35, 0, 0 
9, 10885921,4767.00, 100.00, 0.00, 2.35, 0, 0 
0, 10953046,4767.00, 100.00, 0.00, 2.35, 0, 0 
1, 10994798,4767.00, 100.00, 0.00, 2.35, 0, 0 
2, 9933495,4767.00, 100.00, 0.00, 2.35, 0, 0 
3, 9843060,4767.00, 100.00, 0.00, 2.35, 0, 0 
4, 10975415,4768.00, 100.00, 0.00, 2.35, 0, 0 
5, 12093347,4769.00, 100.00, 0.00, 2.35, 0, 0 
6, 11935370,4769.00, 100.00, 0.00, 2.35, 0, 0 
7, 11870662,4769.00, 100.00, 0.00, 2.35, 0, 0 
8, 12000182,4769.00, 100.00, 0.00, 2.35, 0, 0 
9, 11982019,4769.00, 100.00, 0.00, 2.35, 0, 0 
0, 11972027,4769.00, 100.00, 0.00, 2.35, 0, 0 
1, 11994401,4769.00, 100.00, 0.00, 2.35, 0, 0 
2, 11971248,4769.00, 100.00, 0.00, 2.35, 0, 0 
3, 12008516,4769.00, 100.00, 0.00, 2.35, 0, 0 
4, 10984779,4769.00, 100.00, 0.00, 2.35, 0, 0 
5, 9849402,4769.00, 100.00, 0.00, 2.35, 0, 0 
6, 10070059,4769.00, 100.00, 0.00, 2.35, 0, 0 
7, 10103871,4769.00, 100.00, 0.00, 2.35, 0, 0 
8, 10005410,4769.00, 100.00, 0.00, 2.35, 0, 0 
9, 10024902,4769.00, 100.00, 0.00, 2.35, 0, 0 
0, 9990228,4769.00, 100.00, 0.00, 2.35, 0, 0 
1, 9981564,4769.00, 100.00, 0.00, 2.35, 0, 0 
2, 10022194,4769.00, 100.00, 0.00, 2.35, 0, 0 
3, 10023874,4769.00, 100.00, 0.00, 2.35, 0, 0 
4, 9993255,4769.00, 100.00, 0.00, 2.35, 0, 0 
5, 10057105,4769.00, 100.00, 0.00, 2.35, 0, 0 
6, 10034053,4769.00, 100.00, 0.00, 2.35, 0, 0 
7, 9938489,4769.00, 100.00, 0.00, 2.35, 0, 0 
8, 9984534,4769.00, 100.00, 0.00, 2.35, 0, 0 
9, 10052307,4769.00, 100.00, 0.00, 2.35, 0, 0 
0, 10057713,4769.00, 100.00, 0.00, 2.35, 0, 0 
1, 10047841,4769.00, 100.00, 0.00, 2.35, 0, 0 
2, 9962060,4769.00, 100.00, 0.00, 2.35, 0, 0 
3, 10078594,4769.00, 100.00, 0.00, 2.35, 0, 0 
4, 10067263,4769.00, 100.00, 0.00, 2.35, 0, 0 
5, 9902539,4769.00, 100.00, 0.00, 2.35, 0, 0 
6, 9912495,4769.00, 100.00, 0.00, 2.35, 0, 0 
7, 10013182,4769.00, 100.00, 0.00, 2.35, 0, 0 
8, 9981130,4769.00, 100.00, 0.00, 2.35, 0, 0 
9, 9956809,4769.00, 100.00, 0.00, 2.35, 0, 0 
0, 9996439,4769.00, 100.00, 0.00, 2.35, 0, 0 
1, 9960508,4769.00, 100.00, 0.00, 2.35, 0, 0 
2, 9895454,4769.00, 100.00, 0.00, 2.35, 0, 0 
3, 9790222,4769.00, 100.00, 0.00, 2.35, 0, 0 
4, 9822188,4769.00, 100.00, 0.00, 2.35, 0, 0 
5, 9950805,4769.00, 100.00, 0.00, 2.35, 0, 0 
6, 9916247,4769.00, 100.00, 0.00, 2.35, 0, 0 
7, 9906266,4769.00, 100.00, 0.00, 2.35, 0, 0 
8, 9939119,4769.00, 100.00, 0.00, 2.35, 0, 0 
9, 9931966,4769.00, 100.00, 0.00, 2.35, 0, 0 
0, 9958625,4769.00, 100.00, 0.00, 2.35, 0, 0 
1, 10934045,4770.00, 100.00, 0.00, 2.35, 0, 0 
2, 11091246,4770.00, 100.00, 0.00, 2.35, 0, 0 
3, 11094107,4770.00, 100.00, 0.00, 2.35, 0, 0 
4, 11024064,4770.00, 100.00, 0.00, 2.35, 0, 0 
5, 11008084,4770.00, 100.00, 0.00, 2.35, 0, 0 
6, 11025365,4770.00, 100.00, 0.00, 2.35, 0, 0 
7, 11014713,4770.00, 100.00, 0.00, 2.35, 0, 0 
8, 10967713,4770.00, 100.00, 0.00, 2.35, 0, 0 
9, 10925884,4770.00, 100.00, 0.00, 2.35, 0, 0 
0, 10878416,4770.00, 100.00, 0.00, 2.35, 0, 0 
1, 9993528,4770.00, 100.00, 0.00, 2.35, 0, 0 
2, 9952426,4770.00, 100.00, 0.00, 2.35, 0, 0 
3, 9956726,4770.00, 100.00, 0.00, 2.35, 0, 0 
4, 10017270,4770.00, 100.00, 0.00, 2.35, 0, 0 
5, 9975514,4770.00, 100.00, 0.00, 2.35, 0, 0 
6, 9953224,4770.00, 100.00, 0.00, 2.35, 0, 0 
7, 11028626,4771.00, 100.00, 0.00, 2.35, 0, 0 
8, 10984129,4771.00, 100.00, 0.00, 2.35, 0, 0 
9, 11246270,4771.00, 100.00, 0.00, 2.35, 0, 0 
0, 11034954,4771.00, 100.00, 0.00, 2.35, 0, 0 
1, 12060287,4772.00, 100.00, 0.00, 2.35, 0, 0 
2, 12001883,4772.00, 100.00, 0.00, 2.35, 0, 0 
3, 12005902,4772.00, 100.00, 0.00, 2.35, 0, 0 
4, 11928445,4772.00, 100.00, 0.00, 2.35, 0, 0 
5, 11943440,4772.00, 100.00, 0.00, 2.35, 0, 0 
6, 12011019,4772.00, 100.00, 0.00, 2.35, 0, 0 
7, 10982743,4772.00, 100.00, 0.00, 2.35, 0, 0 
8, 11085199,4772.00, 100.00, 0.00, 2.35, 0, 0 
9, 10773311,4772.00, 100.00, 0.00, 2.35, 0, 0 
0, 10965360,4772.00, 100.00, 0.00, 2.35, 0, 0 
1, 9942055,4772.00, 100.00, 0.00, 2.35, 0, 0 
2, 10098722,4772.00, 100.00, 0.00, 2.35, 0, 0 
3, 10070537,4772.00, 100.00, 0.00, 2.35, 0, 0 
4, 10090604,4772.00, 100.00, 0.00, 2.35, 0, 0 
5, 10110197,4772.00, 100.00, 0.00, 2.35, 0, 0 
6, 10107229,4772.00, 100.00, 0.00, 2.35, 0, 0 
7, 10075857,4772.00, 100.00, 0.00, 2.35, 0, 0 
8, 9968787,4772.00, 100.00, 0.00, 2.35, 0, 0 
9, 10029204,4772.00, 100.00, 0.00, 2.35, 0, 0 
0, 10151043,4772.00, 100.00, 0.00, 2.35, 0, 0 
1, 10118049,4772.00, 100.00, 0.00, 2.35, 0, 0 
2, 9904300,4772.00, 100.00, 0.00, 2.35, 0, 0 
3, 9929046,4772.00, 100.00, 0.00, 2.35, 0, 0 
4, 10010312,4772.00, 100.00, 0.00, 2.35, 0, 0 
5, 10015789,4772.00, 100.00, 0.00, 2.35, 0, 0 
6, 9945202,4772.00, 100.00, 0.00, 2.35, 0, 0 
7, 9991596,4772.00, 100.00, 0.00, 2.35, 0, 0 
8, 9978762,4772.00, 100.00, 0.00, 2.35, 0, 0 
9, 9912750,4772.00, 100.00, 0.00, 2.35, 0, 0 
0, 9801633,4772.00, 100.00, 0.00, 2.35, 0, 0 
1, 10327634,4772.00, 100.00, 0.00, 2.35, 0, 0 
2, 9944766,4772.00, 100.00, 0.00, 2.35, 0, 0 
3, 9972379,4772.00, 100.00, 0.00, 2.35, 0, 0 
4, 9831787,4772.00, 100.00, 0.00, 2.35, 0, 0 
5, 9934619,4772.00, 100.00, 0.00, 2.35, 0, 0 
6, 9992997,4772.00, 100.00, 0.00, 2.35, 0, 0 
7, 9964973,4772.00, 100.00, 0.00, 2.35, 0, 0 
8, 10020130,4772.00, 100.00, 0.00, 2.35, 0, 0 
9, 10067383,4772.00, 100.00, 0.00, 2.35, 0, 0 
0, 10112165,4772.00, 100.00, 0.00, 2.35, 0, 0 
1, 9603108,4772.00, 100.00, 0.00, 2.35, 0, 0 
2, 9993465,4772.00, 100.00, 0.00, 2.35, 0, 0 
3, 10048329,4772.00, 100.00, 0.00, 2.35, 0, 0 
4, 12044089,4774.00, 100.00, 0.00, 2.35, 0, 0 
5, 11939446,4774.00, 100.00, 0.00, 2.35, 0, 0 
6, 12175160,4774.00, 100.00, 0.00, 2.35, 0, 0 
7, 11886086,4774.00, 100.00, 0.00, 2.35, 0, 0 
8, 11936323,4774.00, 100.00, 0.00, 2.35, 0, 0 
9, 11966106,4774.00, 100.00, 0.00, 2.35, 0, 0 
0, 11990327,4774.00, 100.00, 0.00, 2.35, 0, 0 
1, 11948910,4774.00, 100.00, 0.00, 2.35, 0, 0 
2, 12041514,4774.00, 100.00, 0.00, 2.35, 0, 0 
3, 11971518,4774.00, 100.00, 0.00, 2.35, 0, 0 
4, 10059895,4774.00, 100.00, 0.00, 2.35, 0, 0 
5, 10070772,4774.00, 100.00, 0.00, 2.35, 0, 0 
6, 9814201,4774.00, 100.00, 0.00, 2.35, 0, 0 
7, 10112739,4774.00, 100.00, 0.00, 2.35, 0, 0 
8, 10059530,4774.00, 100.00, 0.00, 2.35, 0, 0 
9, 10026337,4774.00, 100.00, 0.00, 2.35, 0, 0 
0, 9970088,4774.00, 100.00, 0.00, 2.35, 0, 0 
1, 9968860,4774.00, 100.00, 0.00, 2.35, 0, 0 
2, 9981885,4774.00, 100.00, 0.00, 2.35, 0, 0 
3, 9959745,4774.00, 100.00, 0.00, 2.35, 0, 0 
4, 10010358,4774.00, 100.00, 0.00, 2.35, 0, 0 
5, 10007508,4774.00, 100.00, 0.00, 2.35, 0, 0 
6, 10007290,4774.00, 100.00, 0.00, 2.35, 0, 0 
7, 9993185,4774.00, 100.00, 0.00, 2.35, 0, 0 
8, 10009659,4774.00, 100.00, 0.00, 2.35, 0, 0 
9, 9995151,4774.00, 100.00, 0.00, 2.35, 0, 0 
0, 10100263,4774.00, 100.00, 0.00, 2.35, 0, 0 
1, 9983214,4774.00, 100.00, 0.00, 2.35, 0, 0 
2, 9973694,4774.00, 100.00, 0.00, 2.35, 0, 0 
3, 9977676,4774.00, 100.00, 0.00, 2.35, 0, 0 
4, 10013928,4774.00, 100.00, 0.00, 2.35, 0, 0 
5, 9998082,4774.00, 100.00, 0.00, 2.35, 0, 0 
6, 10013367,4774.00, 100.00, 0.00, 2.35, 0, 0 
7, 10028739,4774.00, 100.00, 0.00, 2.35, 0, 0 
8, 9998190,4774.00, 100.00, 0.00, 2.35, 0, 0 
9, 10086843,4774.00, 100.00, 0.00, 2.35, 0, 0 
0, 9887423,4774.00, 100.00, 0.00, 2.35, 0, 0 
1, 10045665,4774.00, 100.00, 0.00, 2.35, 0, 0 
2, 10052895,4774.00, 100.00, 0.00, 2.35, 0, 0 
3, 10044947,4774.00, 100.00, 0.00, 2.35, 0, 0 
4, 9973593,4774.00, 100.00, 0.00, 2.35, 0, 0 
5, 9995926,4774.00, 100.00, 0.00, 2.35, 0, 0 
6, 9967807,4774.00, 100.00, 0.00, 2.35, 0, 0 
7, 9936110,4774.00, 100.00, 0.00, 2.35, 0, 0 
8, 9968798,4774.00, 100.00, 0.00, 2.35, 0, 0 
9, 9893792,4774.00, 100.00, 0.00, 2.35, 0, 0 
0, 11121522,4775.00, 100.00, 0.00, 2.35, 0, 0 
1, 11075668,4775.00, 100.00, 0.00, 2.35, 0, 0 
2, 11064822,4775.00, 100.00, 0.00, 2.35, 0, 0 
3, 11023527,4775.00, 100.00, 0.00, 2.35, 0, 0 
4, 11016839,4775.00, 100.00, 0.00, 2.35, 0, 0 
5, 11011042,4775.00, 100.00, 0.00, 2.35, 0, 0 
6, 11039511,4775.00, 100.00, 0.00, 2.35, 0, 0 
7, 11030319,4775.00, 100.00, 0.00, 2.35, 0, 0 
8, 11045164,4775.00, 100.00, 0.00, 2.35, 0, 0 
9, 10989474,4775.00, 100.00, 0.00, 2.35, 0, 0 
0, 9922758,4775.00, 100.00, 0.00, 2.35, 0, 0 
1, 17994590,4783.00, 100.00, 0.00, 2.35, 0, 0 
2, 19174514,4784.00, 100.00, 0.00, 2.35, 0, 0 
3, 24008327,4789.00, 100.00, 0.00, 2.35, 0, 0 
4, 23978193,4789.00, 100.00, 0.00, 2.35, 0, 0 
5, 23974781,4789.00, 100.00, 0.00, 2.35, 0, 0 
6, 23938146,4789.00, 100.00, 0.00, 2.35, 0, 0 
7, 24033882,4789.00, 100.00, 0.00, 2.35, 0, 0 
8, 23997864,4789.00, 100.00, 0.00, 2.35, 0, 0 
9, 24046346,4789.00, 100.00, 0.00, 2.35, 0, 0 
0, 23990573,4789.00, 100.00, 0.00, 2.35, 0, 0 
1, 20989410,4794.00, 100.00, 0.00, 2.35, 0, 0 
2, 20866851,4795.00, 100.00, 0.00, 2.35, 0, 0 
3, 16030509,4795.00, 100.00, 0.00, 2.35, 0, 0 
4, 22097584,4801.00, 100.00, 0.00, 2.35, 0, 0 
5, 23100918,4802.00, 100.00, 0.00, 2.35, 0, 0 
6, 23032053,4802.00, 100.00, 0.00, 2.35, 0, 0 
7, 23133753,4802.00, 100.00, 0.00, 2.35, 0, 0 
8, 22964240,4802.00, 100.00, 0.00, 2.35, 0, 0 
9, 22930162,4802.00, 100.00, 0.00, 2.35, 0, 0 
0, 22981216,4802.00, 100.00, 0.00, 2.35, 0, 0 
1, 17926370,4802.00, 100.00, 0.00, 2.35, 0, 0 
2, 16886528,4802.00, 100.00, 0.00, 2.35, 0, 0 
3, 16912078,4802.00, 100.00, 0.00, 2.35, 0, 0 
4, 10886196,4802.00, 100.00, 0.00, 2.35, 0, 0 
5, 9871088,4802.00, 100.00, 0.00, 2.35, 0, 0 
6, 10068604,4802.00, 100.00, 0.00, 2.35, 0, 0 
7, 9823246,4802.00, 100.00, 0.00, 2.35, 0, 0 
8, 15986738,4808.00, 100.00, 0.00, 2.35, 0, 0 
9, 16105442,4808.00, 100.00, 0.00, 2.35, 0, 0 
0, 16021920,4808.00, 100.00, 0.00, 2.35, 0, 0 
1, 15922801,4808.00, 100.00, 0.00, 2.35, 0, 0 
2, 15980674,4808.00, 100.00, 0.00, 2.35, 0, 0 
3, 16025926,4808.00, 100.00, 0.00, 2.35, 0, 0 
4, 16017052,4808.00, 100.00, 0.00, 2.35, 0, 0 
5, 16075658,4808.00, 100.00, 0.00, 2.35, 0, 0 
6, 15872143,4808.00, 100.00, 0.00, 2.35, 0, 0 
7, 16035252,4808.00, 100.00, 0.00, 2.35, 0, 0 
8, 10064261,4808.00, 100.00, 0.00, 2.35, 0, 0 
9, 9981460,4808.00, 100.00, 0.00, 2.35, 0, 0 
0, 11052274,4809.00, 100.00, 0.00, 2.35, 0, 0 
1, 11036457,4809.00, 100.00, 0.00, 2.35, 0, 0 
2, 12185206,4810.00, 100.00, 0.00, 2.35, 0, 0 
3, 12026730,4810.00, 100.00, 0.00, 2.35, 0, 0 
4, 12054441,4810.00, 100.00, 0.00, 2.35, 0, 0 
5, 12005131,4810.00, 100.00, 0.00, 2.35, 0, 0 
6, 12104996,4810.00, 100.00, 0.00, 2.35, 0, 0 
7, 11942119,4810.00, 100.00, 0.00, 2.35, 0, 0 
8, 11933316,4810.00, 100.00, 0.00, 2.35, 0, 0 
9, 11963246,4810.00, 100.00, 0.00, 2.35, 0, 0 
0, 10933269,4810.00, 100.00, 0.00, 2.35, 0, 0 
1, 11045139,4810.00, 100.00, 0.00, 2.35, 0, 0 
2, 9834444,4810.00, 100.00, 0.00, 2.35, 0, 0 
3, 9884002,4810.00, 100.00, 0.00, 2.35, 0, 0 
4, 9965855,4810.00, 100.00, 0.00, 2.35, 0, 0 
5, 10906283,4811.00, 100.00, 0.00, 2.35, 0, 0 
6, 10885011,4811.00, 100.00, 0.00, 2.35, 0, 0 
7, 10986321,4811.00, 100.00, 0.00, 2.35, 0, 0 
8, 10978143,4811.00, 100.00, 0.00, 2.35, 0, 0 
9, 11015922,4811.00, 100.00, 0.00, 2.35, 0, 0 
0, 17100798,4817.00, 100.00, 0.00, 2.35, 0, 0 
1, 17084569,4817.00, 100.00, 0.00, 2.35, 0, 0 
2, 17075956,4817.00, 100.00, 0.00, 2.35, 0, 0 
3, 17104160,4817.00, 100.00, 0.00, 2.35, 0, 0 
4, 16939618,4817.00, 100.00, 0.00, 2.35, 0, 0 
5, 15997774,4817.00, 100.00, 0.00, 2.35, 0, 0 
6, 16085917,4817.00, 100.00, 0.00, 2.35, 0, 0 
7, 19115752,4820.00, 100.00, 0.00, 2.35, 0, 0 
8, 20063209,4821.00, 100.00, 0.00, 2.35, 0, 0 
9, 19994328,4821.00, 100.00, 0.00, 2.35, 0, 0 
0, 13877842,4821.00, 100.00, 0.00, 2.35, 0, 0 
1, 13938445,4821.00, 100.00, 0.00, 2.35, 0, 0 
2, 13948285,4821.00, 100.00, 0.00, 2.35, 0, 0 
3, 14017536,4821.00, 100.00, 0.00, 2.35, 0, 0 
4, 14042340,4821.00, 100.00, 0.00, 2.35, 0, 0 
5, 14049426,4821.00, 100.00, 0.00, 2.35, 0, 0 
6, 13993704,4821.00, 100.00, 0.00, 2.35, 0, 0 
7, 10922659,4821.00, 100.00, 0.00, 2.35, 0, 0 
8, 9987950,4821.00, 100.00, 0.00, 2.35, 0, 0 
9, 10006955,4821.00, 100.00, 0.00, 2.35, 0, 0 
0, 9962854,4821.00, 100.00, 0.00, 2.35, 0, 0 
1, 9969495,4821.00, 100.00, 0.00, 2.35, 0, 0 
2, 10038783,4821.00, 100.00, 0.00, 2.35, 0, 0 
3, 11051211,4822.00, 100.00, 0.00, 2.35, 0, 0 
4, 11039906,4822.00, 100.00, 0.00, 2.35, 0, 0 
5, 11030545,4822.00, 100.00, 0.00, 2.35, 0, 0 
6, 11017106,4822.00, 100.00, 0.00, 2.35, 0, 0 
7, 11008128,4822.00, 100.00, 0.00, 2.35, 0, 0 
8, 11008674,4822.00, 100.00, 0.00, 2.35, 0, 0 
9, 10991038,4822.00, 100.00, 0.00, 2.35, 0, 0 
0, 10967918,4822.00, 100.00, 0.00, 2.35, 0, 0 
1, 10986597,4822.00, 100.00, 0.00, 2.35, 0, 0 
2, 10917658,4822.00, 100.00, 0.00, 2.35, 0, 0 
3, 9893577,4822.00, 100.00, 0.00, 2.35, 0, 0 
4, 9952440,4822.00, 100.00, 0.00, 2.35, 0, 0 
5, 9915993,4822.00, 100.00, 0.00, 2.35, 0, 0 
6, 9950153,4822.00, 100.00, 0.00, 2.35, 0, 0 
7, 10409198,4822.00, 100.00, 0.00, 2.35, 0, 0 
8, 12041927,4824.00, 100.00, 0.00, 2.35, 0, 0 
9, 12061917,4824.00, 100.00, 0.00, 2.35, 0, 0 
0, 12149069,4824.00, 100.00, 0.00, 2.35, 0, 0 
1, 12019885,4824.00, 100.00, 0.00, 2.35, 0, 0 
2, 12028856,4824.00, 100.00, 0.00, 2.35, 0, 0 
3, 12024527,4824.00, 100.00, 0.00, 2.35, 0, 0 
4, 12014217,4824.00, 100.00, 0.00, 2.35, 0, 0 
5, 12044985,4824.00, 100.00, 0.00, 2.35, 0, 0 
6, 12039237,4824.00, 100.00, 0.00, 2.35, 0, 0 
7, 11607932,4824.00, 100.00, 0.00, 2.35, 0, 0 
8, 11021901,4825.00, 100.00, 0.00, 2.35, 0, 0 
9, 11038731,4825.00, 100.00, 0.00, 2.35, 0, 0 
0, 10966691,4825.00, 100.00, 0.00, 2.35, 0, 0 
1, 11136499,4825.00, 100.00, 0.00, 2.35, 0, 0 
2, 10996206,4825.00, 100.00, 0.00, 2.35, 0, 0 
3, 11010715,4825.00, 100.00, 0.00, 2.35, 0, 0 
4, 11043190,4825.00, 100.00, 0.00, 2.35, 0, 0 
5, 11011141,4825.00, 100.00, 0.00, 2.35, 0, 0 
6, 10995976,4825.00, 100.00, 0.00, 2.35, 0, 0 
7, 10960492,4825.00, 100.00, 0.00, 2.35, 0, 0 
8, 9925610,4825.00, 100.00, 0.00, 2.35, 0, 0 
9, 9803054,4825.00, 100.00, 0.00, 2.35, 0, 0 
0, 9919559,4825.00, 100.00, 0.00, 2.35, 0, 0 
1, 9832012,4825.00, 100.00, 0.00, 2.35, 0, 0 
2, 9999430,4825.00, 100.00, 0.00, 2.35, 0, 0 
3, 10009251,4825.00, 100.00, 0.00, 2.35, 0, 0 
4, 9975676,4825.00, 100.00, 0.00, 2.35, 0, 0 
5, 10048153,4825.00, 100.00, 0.00, 2.35, 0, 0 
6, 10022086,4825.00, 100.00, 0.00, 2.35, 0, 0 
7, 10031682,4825.00, 100.00, 0.00, 2.35, 0, 0 
8, 10021604,4825.00, 100.00, 0.00, 2.35, 0, 0 
9, 10098711,4825.00, 100.00, 0.00, 2.35, 0, 0 
