Wed Nov 28 14:31:24 2018
StepTime, x, v, f, xdes, vdes, fdes, cmd, IR, LSB, LSF
0, 77825, 718847413, 0.00, 100.00, 0.00, 2.25, 0, 0 
1, 77825, 720975720, 0.00, 100.00, 0.00, 2.25, 0, 0 
2, 77825, 723095611, 0.00, 100.00, 0.00, 2.25, 0, 0 
3, 77825, 725221970, 0.00, 100.00, 0.00, 2.25, 0, 0 
4, 77825, 727347761, 0.00, 100.00, 0.00, 2.25, 0, 0 
5, 77825, 729470640, 0.00, 100.00, 0.00, 2.25, 0, 0 
6, 77825, 731566285, 0.00, 100.00, 0.00, 2.25, 0, 0 
7, 77825, 733633769, 0.00, 100.00, 0.00, 2.25, 0, 0 
8, 77825, 735641196, 0.00, 100.00, 0.00, 2.25, 0, 0 
9, 77825, 737651511, 0.00, 100.00, 0.00, 2.25, 0, 0 
0, 77825, 739779928, 0.00, 100.00, 0.00, 2.25, 0, 0 
1, 77825, 741946452, 0.00, 100.00, 0.00, 2.25, 0, 0 
2, 77825, 744051048, 0.00, 100.00, 0.00, 2.25, 0, 0 
3, 77825, 746067017, 0.00, 100.00, 0.00, 2.25, 0, 0 
4, 77825, 748080244, 0.00, 100.00, 0.00, 2.25, 0, 0 
5, 77825, 750121822, 0.00, 100.00, 0.00, 2.25, 0, 0 
6, 77825, 752130239, 0.00, 100.00, 0.00, 2.25, 0, 0 
7, 77825, 754138349, 0.00, 100.00, 0.00, 2.25, 0, 0 
8, 77825, 756148316, 0.00, 100.00, 0.00, 2.25, 0, 0 
9, 77825, 758155804, 0.00, 100.00, 0.00, 2.25, 0, 0 
0, 77825, 760178620, 0.00, 100.00, 0.00, 2.25, 0, 0 
1, 77825, 762266828, 0.00, 100.00, 0.00, 2.25, 0, 0 
2, 77825, 764274789, 0.00, 100.00, 0.00, 2.25, 0, 0 
3, 77825, 766361589, 0.00, 100.00, 0.00, 2.25, 0, 0 
4, 77825, 768453906, 0.00, 100.00, 0.00, 2.25, 0, 0 
5, 77825, 770557837, 0.00, 100.00, 0.00, 2.25, 0, 0 
6, 77825, 772623064, 0.00, 100.00, 0.00, 2.25, 0, 0 
7, 77825, 774686599, 0.00, 100.00, 0.00, 2.25, 0, 0 
8, 77825, 776699619, 0.00, 100.00, 0.00, 2.25, 0, 0 
9, 77825, 778751793, 0.00, 100.00, 0.00, 2.25, 0, 0 
0, 77825, 780823446, 0.00, 100.00, 0.00, 2.25, 0, 0 
1, 77825, 782869929, 0.00, 100.00, 0.00, 2.25, 0, 0 
2, 77825, 784917745, 0.00, 100.00, 0.00, 2.25, 0, 0 
3, 77825, 786929367, 0.00, 100.00, 0.00, 2.25, 0, 0 
4, 77825, 788980499, 0.00, 100.00, 0.00, 2.25, 0, 0 
5, 77825, 791022823, 0.00, 100.00, 0.00, 2.25, 0, 0 
6, 77825, 793067273, 0.00, 100.00, 0.00, 2.25, 0, 0 
7, 77825, 795151043, 0.00, 100.00, 0.00, 2.25, 0, 0 
8, 77825, 797238428, 0.00, 100.00, 0.00, 2.25, 0, 0 
9, 77825, 799322419, 0.00, 100.00, 0.00, 2.25, 0, 0 
0, 77825, 801451002, 0.00, 100.00, 0.00, 2.25, 0, 0 
1, 77825, 803553080, 0.00, 100.00, 0.00, 2.25, 0, 0 
2, 77825, 805566238, 0.00, 100.00, 0.00, 2.25, 0, 0 
3, 77825, 807575443, 0.00, 100.00, 0.00, 2.25, 0, 0 
4, 77825, 809587840, 0.00, 100.00, 0.00, 2.25, 0, 0 
5, 77825, 811614831, 0.00, 100.00, 0.00, 2.25, 0, 0 
6, 77825, 813680805, 0.00, 100.00, 0.00, 2.25, 0, 0 
7, 77825, 815691100, 0.00, 100.00, 0.00, 2.25, 0, 0 
8, 77825, 817701724, 0.00, 100.00, 0.00, 2.25, 0, 0 
9, 77825, 819784300, 0.00, 100.00, 0.00, 2.25, 0, 0 
0, 77825, 821875052, 0.00, 100.00, 0.00, 2.25, 0, 0 
1, 77825, 823985535, 0.00, 100.00, 0.00, 2.25, 0, 0 
2, 77825, 826087300, 0.00, 100.00, 0.00, 2.25, 0, 0 
3, 77825, 828106672, 0.00, 100.00, 0.00, 2.25, 0, 0 
4, 77825, 830121034, 0.00, 100.00, 0.00, 2.25, 0, 0 
5, 77825, 832138752, 0.00, 100.00, 0.00, 2.25, 0, 0 
6, 77825, 834242117, 0.00, 100.00, 0.00, 2.25, 0, 0 
7, 77825, 836262589, 0.00, 100.00, 0.00, 2.25, 0, 0 
8, 77825, 838309664, 0.00, 100.00, 0.00, 2.25, 0, 0 
9, 77825, 840332822, 0.00, 100.00, 0.00, 2.25, 0, 0 
0, 77825, 842402272, 0.00, 100.00, 0.00, 2.25, 0, 0 
1, 77825, 844534026, 0.00, 100.00, 0.00, 2.25, 0, 0 
2, 77825, 846610022, 0.00, 100.00, 0.00, 2.25, 0, 0 
3, 77825, 848677239, 0.00, 100.00, 0.00, 2.25, 0, 0 
4, 77825, 850698042, 0.00, 100.00, 0.00, 2.25, 0, 0 
5, 77825, 852721967, 0.00, 100.00, 0.00, 2.25, 0, 0 
6, 77825, 854747526, 0.00, 100.00, 0.00, 2.25, 0, 0 
7, 77825, 856783268, 0.00, 100.00, 0.00, 2.25, 0, 0 
8, 77825, 858801317, 0.00, 100.00, 0.00, 2.25, 0, 0 
9, 77825, 860825374, 0.00, 100.00, 0.00, 2.25, 0, 0 
0, 77825, 862976176, 0.00, 100.00, 0.00, 2.25, 0, 0 
1, 77825, 865074564, 0.00, 100.00, 0.00, 2.25, 0, 0 
2, 77825, 867097876, 0.00, 100.00, 0.00, 2.25, 0, 0 
3, 77825, 869190235, 0.00, 100.00, 0.00, 2.25, 0, 0 
4, 77825, 871241037, 0.00, 100.00, 0.00, 2.25, 0, 0 
5, 77825, 873277176, 0.00, 100.00, 0.00, 2.25, 0, 0 
6, 77825, 875300459, 0.00, 100.00, 0.00, 2.25, 0, 0 
7, 77825, 877380490, 0.00, 100.00, 0.00, 2.25, 0, 0 
8, 77825, 879493827, 0.00, 100.00, 0.00, 2.25, 0, 0 
9, 77825, 881583064, 0.00, 100.00, 0.00, 2.25, 0, 0 
0, 77825, 883726475, 0.00, 100.00, 0.00, 2.25, 0, 0 
1, 77825, 885835089, 0.00, 100.00, 0.00, 2.25, 0, 0 
2, 77825, 887867959, 0.00, 100.00, 0.00, 2.25, 0, 0 
3, 77825, 889892181, 0.00, 100.00, 0.00, 2.25, 0, 0 
4, 77825, 891966881, 0.00, 100.00, 0.00, 2.25, 0, 0 
5, 77825, 894064796, 0.00, 100.00, 0.00, 2.25, 0, 0 
6, 77825, 896168036, 0.00, 100.00, 0.00, 2.25, 0, 0 
7, 77825, 898264095, 0.00, 100.00, 0.00, 2.25, 0, 0 
8, 77825, 900287813, 0.00, 100.00, 0.00, 2.25, 0, 0 
9, 77825, 902402357, 0.00, 100.00, 0.00, 2.25, 0, 0 
0, 77825, 904513374, 0.00, 100.00, 0.00, 2.25, 0, 0 
1, 77825, 906538541, 0.00, 100.00, 0.00, 2.25, 0, 0 
2, 77825, 908558346, 0.00, 100.00, 0.00, 2.25, 0, 0 
3, 77825, 910577778, 0.00, 100.00, 0.00, 2.25, 0, 0 
4, 77825, 912601531, 0.00, 100.00, 0.00, 2.25, 0, 0 
5, 77825, 914685444, 0.00, 100.00, 0.00, 2.25, 0, 0 
6, 77825, 916709261, 0.00, 100.00, 0.00, 2.25, 0, 0 
7, 77825, 918818090, 0.00, 100.00, 0.00, 2.25, 0, 0 
8, 77825, 920872392, 0.00, 100.00, 0.00, 2.25, 0, 0 
9, 77825, 922896188, 0.00, 100.00, 0.00, 2.25, 0, 0 
0, 77825, 925039720, 0.00, 100.00, 0.00, 2.25, 0, 0 
1, 77825, 927137958, 0.00, 100.00, 0.00, 2.25, 0, 0 
2, 77825, 929209620, 0.00, 100.00, 0.00, 2.25, 0, 0 
3, 77825, 931300642, 0.00, 100.00, 0.00, 2.25, 0, 0 
4, 77825, 933401152, 0.00, 100.00, 0.00, 2.25, 0, 0 
5, 77825, 935424996, 0.00, 100.00, 0.00, 2.25, 0, 0 
6, 77825, 937495291, 0.00, 100.00, 0.00, 2.25, 0, 0 
7, 77825, 939590533, 0.00, 100.00, 0.00, 2.25, 0, 0 
8, 77825, 941683053, 0.00, 100.00, 0.00, 2.25, 0, 0 
9, 77825, 943736657, 0.00, 100.00, 0.00, 2.25, 0, 0 
0, 77825, 945882268, 0.00, 100.00, 0.00, 2.25, 0, 0 
1, 77825, 947995237, 0.00, 100.00, 0.00, 2.25, 0, 0 
2, 77825, 950030912, 0.00, 100.00, 0.00, 2.25, 0, 0 
3, 77825, 952054188, 0.00, 100.00, 0.00, 2.25, 0, 0 
4, 77825, 954075321, 0.00, 100.00, 0.00, 2.25, 0, 0 
5, 77825, 956160838, 0.00, 100.00, 0.00, 2.25, 0, 0 
6, 77825, 958240534, 0.00, 100.00, 0.00, 2.25, 0, 0 
7, 77825, 960325593, 0.00, 100.00, 0.00, 2.25, 0, 0 
8, 77825, 962412012, 0.00, 100.00, 0.00, 2.25, 0, 0 
9, 77825, 964478977, 0.00, 100.00, 0.00, 2.25, 0, 0 
0, 77825, 966604673, 0.00, 100.00, 0.00, 2.25, 0, 0 
1, 77825, 968629040, 0.00, 100.00, 0.00, 2.25, 0, 0 
2, 77825, 970653527, 0.00, 100.00, 0.00, 2.25, 0, 0 
3, 77825, 972683624, 0.00, 100.00, 0.00, 2.25, 0, 0 
4, 77825, 974747701, 0.00, 100.00, 0.00, 2.25, 0, 0 
5, 77825, 976774977, 0.00, 100.00, 0.00, 2.25, 0, 0 
6, 77825, 978846601, 0.00, 100.00, 0.00, 2.25, 0, 0 
7, 77825, 980872097, 0.00, 100.00, 0.00, 2.25, 0, 0 
8, 77825, 982892826, 0.00, 100.00, 0.00, 2.25, 0, 0 
9, 77825, 984917534, 0.00, 100.00, 0.00, 2.25, 0, 0 
0, 77825, 987041290, 0.00, 100.00, 0.00, 2.25, 0, 0 
1, 77825, 989064346, 0.00, 100.00, 0.00, 2.25, 0, 0 
2, 77825, 991110928, 0.00, 100.00, 0.00, 2.25, 0, 0 
3, 77825, 993198460, 0.00, 100.00, 0.00, 2.25, 0, 0 
4, 77825, 995285044, 0.00, 100.00, 0.00, 2.25, 0, 0 
5, 77825, 997353534, 0.00, 100.00, 0.00, 2.25, 0, 0 
6, 77825, 999388440, 0.00, 100.00, 0.00, 2.25, 0, 0 
7, 77826, 1416848, 0.00, 100.00, 0.00, 2.25, 0, 0 
8, 77826, 3505951, 0.00, 100.00, 0.00, 2.25, 0, 0 
9, 77826, 5571721, 0.00, 100.00, 0.00, 2.25, 0, 0 
0, 77826, 7656940, 0.00, 100.00, 0.00, 2.25, 0, 0 
1, 77826, 9740842, 0.00, 100.00, 0.00, 2.25, 0, 0 
2, 77826, 11821273, 0.00, 100.00, 0.00, 2.25, 0, 0 
3, 77826, 13905758, 0.00, 100.00, 0.00, 2.25, 0, 0 
4, 77826, 15992055, 0.00, 100.00, 0.00, 2.25, 0, 0 
5, 77826, 18016273, 0.00, 100.00, 0.00, 2.25, 0, 0 
6, 77826, 20115508, 0.00, 100.00, 0.00, 2.25, 0, 0 
7, 77826, 22207189, 0.00, 100.00, 0.00, 2.25, 0, 0 
8, 77826, 24302535, 0.00, 100.00, 0.00, 2.25, 0, 0 
9, 77826, 26394494, 0.00, 100.00, 0.00, 2.25, 0, 0 
0, 77826, 28471785, 0.00, 100.00, 0.00, 2.25, 0, 0 
1, 77826, 30498680, 0.00, 100.00, 0.00, 2.25, 0, 0 
2, 77826, 32518102, 0.00, 100.00, 0.00, 2.25, 0, 0 
3, 77826, 34537457, 0.00, 100.00, 0.00, 2.25, 0, 0 
4, 77826, 36633619, 0.00, 100.00, 0.00, 2.25, 0, 0 
5, 77826, 38663693, 0.00, 100.00, 0.00, 2.25, 0, 0 
6, 77826, 40838402, 0.00, 100.00, 0.00, 2.25, 0, 0 
7, 77826, 42927176, 0.00, 100.00, 0.00, 2.25, 0, 0 
8, 77826, 45021922, 0.00, 100.00, 0.00, 2.25, 0, 0 
9, 77826, 47110474, 0.00, 100.00, 0.00, 2.25, 0, 0 
0, 77826, 49253202, 0.00, 100.00, 0.00, 2.25, 0, 0 
1, 77826, 51285957, 0.00, 100.00, 0.00, 2.25, 0, 0 
2, 77826, 53379766, 0.00, 100.00, 0.00, 2.25, 0, 0 
3, 77826, 55473650, 0.00, 100.00, 0.00, 2.25, 0, 0 
4, 77826, 57562426, 0.00, 100.00, 0.00, 2.25, 0, 0 
5, 77826, 59635513, 0.00, 100.00, 0.00, 2.25, 0, 0 
6, 77826, 61664556, 0.00, 100.00, 0.00, 2.25, 0, 0 
7, 77826, 63756103, 0.00, 100.00, 0.00, 2.25, 0, 0 
8, 77826, 65852206, 0.00, 100.00, 0.00, 2.25, 0, 0 
9, 77826, 67923149, 0.00, 100.00, 0.00, 2.25, 0, 0 
0, 77826, 70039041, 0.00, 100.00, 0.00, 2.25, 0, 0 
1, 77826, 72069016, 0.00, 100.00, 0.00, 2.25, 0, 0 
2, 77826, 74205634, 0.00, 100.00, 0.00, 2.25, 0, 0 
3, 77826, 76298861, 0.00, 100.00, 0.00, 2.25, 0, 0 
4, 77826, 78382037, 0.00, 100.00, 0.00, 2.25, 0, 0 
5, 77826, 80405708, 0.00, 100.00, 0.00, 2.25, 0, 0 
6, 77826, 82426245, 0.00, 100.00, 0.00, 2.25, 0, 0 
7, 77826, 84449686, 0.00, 100.00, 0.00, 2.25, 0, 0 
8, 77826, 86470307, 0.00, 100.00, 0.00, 2.25, 0, 0 
9, 77826, 88564548, 0.00, 100.00, 0.00, 2.25, 0, 0 
0, 77826, 90653151, 0.00, 100.00, 0.00, 2.25, 0, 0 
1, 77826, 92725486, 0.00, 100.00, 0.00, 2.25, 0, 0 
2, 77826, 94822306, 0.00, 100.00, 0.00, 2.25, 0, 0 
3, 77826, 96906454, 0.00, 100.00, 0.00, 2.25, 0, 0 
4, 77826, 98997646, 0.00, 100.00, 0.00, 2.25, 0, 0 
5, 77826, 101096224, 0.00, 100.00, 0.00, 2.25, 0, 0 
6, 77826, 103187442, 0.00, 100.00, 0.00, 2.25, 0, 0 
7, 77826, 105220184, 0.00, 100.00, 0.00, 2.25, 0, 0 
8, 77826, 107299169, 0.00, 100.00, 0.00, 2.25, 0, 0 
9, 77826, 109385166, 0.00, 100.00, 0.00, 2.25, 0, 0 
0, 77826, 111521559, 0.00, 100.00, 0.00, 2.25, 0, 0 
1, 77826, 113612599, 0.00, 100.00, 0.00, 2.25, 0, 0 
2, 77826, 115698377, 0.00, 100.00, 0.00, 2.25, 0, 0 
3, 77826, 117784506, 0.00, 100.00, 0.00, 2.25, 0, 0 
4, 77826, 119877427, 0.00, 100.00, 0.00, 2.25, 0, 0 
5, 77826, 121947829, 0.00, 100.00, 0.00, 2.25, 0, 0 
6, 77826, 123977583, 0.00, 100.00, 0.00, 2.25, 0, 0 
7, 77826, 126072354, 0.00, 100.00, 0.00, 2.25, 0, 0 
8, 77826, 128168605, 0.00, 100.00, 0.00, 2.25, 0, 0 
9, 77826, 130259108, 0.00, 100.00, 0.00, 2.25, 0, 0 
0, 77826, 132408417, 0.00, 100.00, 0.00, 2.25, 0, 0 
1, 77826, 134501109, 0.00, 100.00, 0.00, 2.25, 0, 0 
2, 77826, 136573455, 0.00, 100.00, 0.00, 2.25, 0, 0 
3, 77826, 138608231, 0.00, 100.00, 0.00, 2.25, 0, 0 
4, 77826, 140652813, 0.00, 100.00, 0.00, 2.25, 0, 0 
5, 77826, 142679113, 0.00, 100.00, 0.00, 2.25, 0, 0 
6, 77826, 144699553, 0.00, 100.00, 0.00, 2.25, 0, 0 
7, 77826, 146717029, 0.00, 100.00, 0.00, 2.25, 0, 0 
8, 77826, 148736735, 0.00, 100.00, 0.00, 2.25, 0, 0 
9, 77826, 150756479, 0.00, 100.00, 0.00, 2.25, 0, 0 
0, 77826, 152831421, 0.00, 100.00, 0.00, 2.25, 0, 0 
1, 77826, 154859335, 0.00, 100.00, 0.00, 2.25, 0, 0 
2, 77826, 156887908, 0.00, 100.00, 0.00, 2.25, 0, 0 
3, 77826, 158914173, 0.00, 100.00, 0.00, 2.25, 0, 0 
4, 77826, 160972933, 0.00, 100.00, 0.00, 2.25, 0, 0 
5, 77826, 163057068, 0.00, 100.00, 0.00, 2.25, 0, 0 
6, 77826, 165143310, 0.00, 100.00, 0.00, 2.25, 0, 0 
7, 77826, 167229346, 0.00, 100.00, 0.00, 2.25, 0, 0 
8, 77826, 169321300, 0.00, 100.00, 0.00, 2.25, 0, 0 
9, 77826, 171347201, 0.00, 100.00, 0.00, 2.25, 0, 0 
0, 77826, 173426235, 0.00, 100.00, 0.00, 2.25, 0, 0 
1, 77826, 175518736, 0.00, 100.00, 0.00, 2.25, 0, 0 
2, 77826, 177589392, 0.00, 100.00, 0.00, 2.25, 0, 0 
3, 77826, 179672909, 0.00, 100.00, 0.00, 2.25, 0, 0 
4, 77826, 181693504, 0.00, 100.00, 0.00, 2.25, 0, 0 
5, 77826, 183718834, 0.00, 100.00, 0.00, 2.25, 0, 0 
6, 77826, 185790669, 0.00, 100.00, 0.00, 2.25, 0, 0 
7, 77826, 187885830, 0.00, 100.00, 0.00, 2.25, 0, 0 
8, 77826, 189922993, 0.00, 100.00, 0.00, 2.25, 0, 0 
9, 77826, 191993602, 0.00, 100.00, 0.00, 2.25, 0, 0 
0, 77826, 194130559, 0.00, 100.00, 0.00, 2.25, 0, 0 
1, 77826, 196223513, 0.00, 100.00, 0.00, 2.25, 0, 0 
2, 77826, 198310690, 0.00, 100.00, 0.00, 2.25, 0, 0 
3, 77826, 200403148, 0.00, 100.00, 0.00, 2.25, 0, 0 
4, 77826, 202493983, 0.00, 100.00, 0.00, 2.25, 0, 0 
5, 77826, 204585675, 0.00, 100.00, 0.00, 2.25, 0, 0 
6, 77826, 206680873, 0.00, 100.00, 0.00, 2.25, 0, 0 
7, 77826, 208778008, 0.00, 100.00, 0.00, 2.25, 0, 0 
8, 77826, 210798206, 0.00, 100.00, 0.00, 2.25, 0, 0 
9, 77826, 212821753, 0.00, 100.00, 0.00, 2.25, 0, 0 
0, 77826, 214906190, 0.00, 100.00, 0.00, 2.25, 0, 0 
1, 77826, 216930296, 0.00, 100.00, 0.00, 2.25, 0, 0 
2, 77826, 219054636, 0.00, 100.00, 0.00, 2.25, 0, 0 
3, 77826, 221182446, 0.00, 100.00, 0.00, 2.25, 0, 0 
4, 77826, 223219798, 0.00, 100.00, 0.00, 2.25, 0, 0 
5, 77826, 225257685, 0.00, 100.00, 0.00, 2.25, 0, 0 
6, 77826, 227345332, 0.00, 100.00, 0.00, 2.25, 0, 0 
7, 77826, 229366473, 0.00, 100.00, 0.00, 2.25, 0, 0 
8, 77826, 231452502, 0.00, 100.00, 0.00, 2.25, 0, 0 
9, 77826, 233538737, 0.00, 100.00, 0.00, 2.25, 0, 0 
0, 77826, 235680878, 0.00, 100.00, 0.00, 2.25, 0, 0 
1, 77826, 237773982, 0.00, 100.00, 0.00, 2.25, 0, 0 
2, 77826, 239852774, 0.00, 100.00, 0.00, 2.25, 0, 0 
3, 77826, 241946869, 0.00, 100.00, 0.00, 2.25, 0, 0 
4, 77826, 244042217, 0.00, 100.00, 0.00, 2.25, 0, 0 
5, 77826, 246112666, 0.00, 100.00, 0.00, 2.25, 0, 0 
6, 77826, 248215774, 0.00, 100.00, 0.00, 2.25, 0, 0 
7, 77826, 250308473, 0.00, 100.00, 0.00, 2.25, 0, 0 
8, 77826, 252404253, 0.00, 100.00, 0.00, 2.25, 0, 0 
9, 77826, 254430442, 0.00, 100.00, 0.00, 2.25, 0, 0 
0, 77826, 256515488, 0.00, 100.00, 0.00, 2.25, 0, 0 
1, 77826, 258571228, 0.00, 100.00, 0.00, 2.25, 0, 0 
2, 77826, 260640098, 0.00, 100.00, 0.00, 2.25, 0, 0 
3, 77826, 262729708, 0.00, 100.00, 0.00, 2.25, 0, 0 
4, 77826, 264819374, 0.00, 100.00, 0.00, 2.25, 0, 0 
5, 77826, 266905688, 0.00, 100.00, 0.00, 2.25, 0, 0 
6, 77826, 268933593, 0.00, 100.00, 0.00, 2.25, 0, 0 
7, 77826, 271021756, 0.00, 100.00, 0.00, 2.25, 0, 0 
8, 77826, 273118511, 0.00, 100.00, 0.00, 2.25, 0, 0 
9, 77826, 275211045, 0.00, 100.00, 0.00, 2.25, 0, 0 
0, 77826, 277288213, 0.00, 100.00, 0.00, 2.25, 0, 0 
1, 77826, 279337795, 0.00, 100.00, 0.00, 2.25, 0, 0 
2, 77826, 281430333, 0.00, 100.00, 0.00, 2.25, 0, 0 
3, 77826, 283524036, 0.00, 100.00, 0.00, 2.25, 0, 0 
4, 77826, 285618197, 0.00, 100.00, 0.00, 2.25, 0, 0 
5, 77826, 287704978, 0.00, 100.00, 0.00, 2.25, 0, 0 
6, 77826, 289780042, 0.00, 100.00, 0.00, 2.25, 0, 0 
7, 77826, 291867083, 0.00, 100.00, 0.00, 2.25, 0, 0 
8, 77826, 293953113, 0.00, 100.00, 0.00, 2.25, 0, 0 
9, 77826, 296042042, 0.00, 100.00, 0.00, 2.25, 0, 0 
0, 77826, 298165296, 0.00, 100.00, 0.00, 2.25, 0, 0 
1, 77826, 300183187, 0.00, 100.00, 0.00, 2.25, 0, 0 
2, 77826, 302209813, 0.00, 100.00, 0.00, 2.25, 0, 0 
3, 77826, 304227294, 0.00, 100.00, 0.00, 2.25, 0, 0 
4, 77826, 306255917, 0.00, 100.00, 0.00, 2.25, 0, 0 
5, 77826, 308360767, 0.00, 100.00, 0.00, 2.25, 0, 0 
6, 77826, 310393239, 0.00, 100.00, 0.00, 2.25, 0, 0 
7, 77826, 312412746, 0.00, 100.00, 0.00, 2.25, 0, 0 
8, 77826, 314498531, 0.00, 100.00, 0.00, 2.25, 0, 0 
9, 77826, 316581205, 0.00, 100.00, 0.00, 2.25, 0, 0 
0, 77826, 318695171, 0.00, 100.00, 0.00, 2.25, 0, 0 
1, 77826, 320787966, 0.00, 100.00, 0.00, 2.25, 0, 0 
2, 77826, 322859228, 0.00, 100.00, 0.00, 2.25, 0, 0 
3, 77826, 324930084, 0.00, 100.00, 0.00, 2.25, 0, 0 
4, 77826, 327018614, 0.00, 100.00, 0.00, 2.25, 0, 0 
5, 77826, 329109838, 0.00, 100.00, 0.00, 2.25, 0, 0 
6, 77826, 331134224, 0.00, 100.00, 0.00, 2.25, 0, 0 
7, 77826, 333220027, 0.00, 100.00, 0.00, 2.25, 0, 0 
8, 77826, 335290997, 0.00, 100.00, 0.00, 2.25, 0, 0 
9, 77826, 337389537, 0.00, 100.00, 0.00, 2.25, 0, 0 
0, 77826, 339512678, 0.00, 100.00, 0.00, 2.25, 0, 0 
1, 77826, 341536153, 0.00, 100.00, 0.00, 2.25, 0, 0 
2, 77826, 343636980, 0.00, 100.00, 0.00, 2.25, 0, 0 
3, 77826, 345724996, 0.00, 100.00, 0.00, 2.25, 0, 0 
4, 77826, 347814402, 0.00, 100.00, 0.00, 2.25, 0, 0 
5, 77826, 349905445, 0.00, 100.00, 0.00, 2.25, 0, 0 
6, 77826, 351987141, 0.00, 100.00, 0.00, 2.25, 0, 0 
7, 77826, 354081676, 0.00, 100.00, 0.00, 2.25, 0, 0 
8, 77826, 356159657, 0.00, 100.00, 0.00, 2.25, 0, 0 
9, 77826, 358247918, 0.00, 100.00, 0.00, 2.25, 0, 0 
0, 77826, 360342698, 0.00, 100.00, 0.00, 2.25, 0, 0 
1, 77826, 362428688, 0.00, 100.00, 0.00, 2.25, 0, 0 
2, 77826, 364519402, 0.00, 100.00, 0.00, 2.25, 0, 0 
3, 77826, 366539554, 0.00, 100.00, 0.00, 2.25, 0, 0 
4, 77826, 368606392, 0.00, 100.00, 0.00, 2.25, 0, 0 
5, 77826, 370718032, 0.00, 100.00, 0.00, 2.25, 0, 0 
6, 77826, 372747460, 0.00, 100.00, 0.00, 2.25, 0, 0 
7, 77826, 374771107, 0.00, 100.00, 0.00, 2.25, 0, 0 
8, 77826, 376793736, 0.00, 100.00, 0.00, 2.25, 0, 0 
9, 77826, 378882998, 0.00, 100.00, 0.00, 2.25, 0, 0 
0, 77826, 381021813, 0.00, 100.00, 0.00, 2.25, 0, 0 
1, 77826, 383042226, 0.00, 100.00, 0.00, 2.25, 0, 0 
2, 77826, 385068924, 0.00, 100.00, 0.00, 2.25, 0, 0 
3, 77826, 387162096, 0.00, 100.00, 0.00, 2.25, 0, 0 
4, 77826, 389234888, 0.00, 100.00, 0.00, 2.25, 0, 0 
5, 77826, 391284636, 0.00, 100.00, 0.00, 2.25, 0, 0 
6, 77826, 393350899, 0.00, 100.00, 0.00, 2.25, 0, 0 
7, 77826, 395436878, 0.00, 100.00, 0.00, 2.25, 0, 0 
8, 77826, 397520230, 0.00, 100.00, 0.00, 2.25, 0, 0 
9, 77826, 399606018, 0.00, 100.00, 0.00, 2.25, 0, 0 
0, 77826, 401692142, 0.00, 100.00, 0.00, 2.25, 0, 0 
1, 77826, 403719934, 0.00, 100.00, 0.00, 2.25, 0, 0 
2, 77826, 405833930, 0.00, 100.00, 0.00, 2.25, 0, 0 
3, 77826, 407926216, 0.00, 100.00, 0.00, 2.25, 0, 0 
4, 77826, 410017161, 0.00, 100.00, 0.00, 2.25, 0, 0 
5, 77826, 412113961, 0.00, 100.00, 0.00, 2.25, 0, 0 
6, 77826, 414205356, 0.00, 100.00, 0.00, 2.25, 0, 0 
7, 77826, 416297147, 0.00, 100.00, 0.00, 2.25, 0, 0 
8, 77826, 418334590, 0.00, 100.00, 0.00, 2.25, 0, 0 
9, 77826, 420431957, 0.00, 100.00, 0.00, 2.25, 0, 0 
0, 77826, 422517147, 0.00, 100.00, 0.00, 2.25, 0, 0 
1, 77826, 424548357, 0.00, 100.00, 0.00, 2.25, 0, 0 
2, 77826, 426656082, 0.00, 100.00, 0.00, 2.25, 0, 0 
3, 77826, 428745216, 0.00, 100.00, 0.00, 2.25, 0, 0 
4, 77826, 430831045, 0.00, 100.00, 0.00, 2.25, 0, 0 
5, 77826, 432919674, 0.00, 100.00, 0.00, 2.25, 0, 0 
6, 77826, 434959545, 0.00, 100.00, 0.00, 2.25, 0, 0 
7, 77826, 436984666, 0.00, 100.00, 0.00, 2.25, 0, 0 
8, 77826, 439057054, 0.00, 100.00, 0.00, 2.25, 0, 0 
9, 77826, 441135510, 0.00, 100.00, 0.00, 2.25, 0, 0 
0, 77826, 443278873, 0.00, 100.00, 0.00, 2.25, 0, 0 
1, 77826, 445369315, 0.00, 100.00, 0.00, 2.25, 0, 0 
2, 77826, 447387916, 0.00, 100.00, 0.00, 2.25, 0, 0 
3, 77826, 449473227, 0.00, 100.00, 0.00, 2.25, 0, 0 
4, 77826, 451563721, 0.00, 100.00, 0.00, 2.25, 0, 0 
5, 77826, 453656550, 0.00, 100.00, 0.00, 2.25, 0, 0 
6, 77826, 455755812, 0.00, 100.00, 0.00, 2.25, 0, 0 
7, 77826, 457847774, 0.00, 100.00, 0.00, 2.25, 0, 0 
8, 77826, 459874662, 0.00, 100.00, 0.00, 2.25, 0, 0 
9, 77826, 461897883, 0.00, 100.00, 0.00, 2.25, 0, 0 
0, 77826, 464060859, 0.00, 100.00, 0.00, 2.25, 0, 0 
1, 77826, 466091629, 0.00, 100.00, 0.00, 2.25, 0, 0 
2, 77826, 468121088, 0.00, 100.00, 0.00, 2.25, 0, 0 
3, 77826, 470142618, 0.00, 100.00, 0.00, 2.25, 0, 0 
4, 77826, 472219067, 0.00, 100.00, 0.00, 2.25, 0, 0 
5, 77826, 474314205, 0.00, 100.00, 0.00, 2.25, 0, 0 
6, 77826, 476338368, 0.00, 100.00, 0.00, 2.25, 0, 0 
7, 77826, 478388035, 0.00, 100.00, 0.00, 2.25, 0, 0 
8, 77826, 480470910, 0.00, 100.00, 0.00, 2.25, 0, 0 
9, 77826, 482535782, 0.00, 100.00, 0.00, 2.25, 0, 0 
0, 77826, 484686901, 0.00, 100.00, 0.00, 2.25, 0, 0 
1, 77826, 486776472, 0.00, 100.00, 0.00, 2.25, 0, 0 
2, 77826, 488903693, 0.00, 100.00, 0.00, 2.25, 0, 0 
3, 77826, 490924760, 0.00, 100.00, 0.00, 2.25, 0, 0 
4, 77826, 493018301, 0.00, 100.00, 0.00, 2.25, 0, 0 
5, 77826, 495109771, 0.00, 100.00, 0.00, 2.25, 0, 0 
6, 77826, 497135765, 0.00, 100.00, 0.00, 2.25, 0, 0 
7, 77826, 499191774, 0.00, 100.00, 0.00, 2.25, 0, 0 
8, 77826, 501266119, 0.00, 100.00, 0.00, 2.25, 0, 0 
9, 77826, 503357926, 0.00, 100.00, 0.00, 2.25, 0, 0 
0, 77826, 505449485, 0.00, 100.00, 0.00, 2.25, 0, 0 
1, 77826, 507488271, 0.00, 100.00, 0.00, 2.25, 0, 0 
2, 77826, 509538845, 0.00, 100.00, 0.00, 2.25, 0, 0 
3, 77826, 511561983, 0.00, 100.00, 0.00, 2.25, 0, 0 
4, 77826, 513647918, 0.00, 100.00, 0.00, 2.25, 0, 0 
5, 77826, 515734786, 0.00, 100.00, 0.00, 2.25, 0, 0 
6, 77826, 517820108, 0.00, 100.00, 0.00, 2.25, 0, 0 
7, 77826, 519911807, 0.00, 100.00, 0.00, 2.25, 0, 0 
8, 77826, 521932339, 0.00, 100.00, 0.00, 2.25, 0, 0 
9, 77826, 524029788, 0.00, 100.00, 0.00, 2.25, 0, 0 
0, 77826, 526162619, 0.00, 100.00, 0.00, 2.25, 0, 0 
1, 77826, 528197938, 0.00, 100.00, 0.00, 2.25, 0, 0 
2, 77826, 530281756, 0.00, 100.00, 0.00, 2.25, 0, 0 
3, 77826, 532353400, 0.00, 100.00, 0.00, 2.25, 0, 0 
4, 77826, 534448453, 0.00, 100.00, 0.00, 2.25, 0, 0 
5, 77826, 536472340, 0.00, 100.00, 0.00, 2.25, 0, 0 
6, 77826, 538501072, 0.00, 100.00, 0.00, 2.25, 0, 0 
7, 77826, 540536062, 0.00, 100.00, 0.00, 2.25, 0, 0 
8, 77826, 542564872, 0.00, 100.00, 0.00, 2.25, 0, 0 
9, 77826, 544647324, 0.00, 100.00, 0.00, 2.25, 0, 0 
0, 77826, 546788011, 0.00, 100.00, 0.00, 2.25, 0, 0 
1, 77826, 548812206, 0.00, 100.00, 0.00, 2.25, 0, 0 
2, 77826, 550897866, 0.00, 100.00, 0.00, 2.25, 0, 0 
3, 77826, 552989239, 0.00, 100.00, 0.00, 2.25, 0, 0 
4, 77826, 555079490, 0.00, 100.00, 0.00, 2.25, 0, 0 
5, 77826, 557100230, 0.00, 100.00, 0.00, 2.25, 0, 0 
6, 77826, 559125803, 0.00, 100.00, 0.00, 2.25, 0, 0 
7, 77826, 561158199, 0.00, 100.00, 0.00, 2.25, 0, 0 
8, 77826, 563179090, 0.00, 100.00, 0.00, 2.25, 0, 0 
9, 77826, 565198263, 0.00, 100.00, 0.00, 2.25, 0, 0 
0, 77826, 567342777, 0.00, 100.00, 0.00, 2.25, 0, 0 
1, 77826, 569435873, 0.00, 100.00, 0.00, 2.25, 0, 0 
2, 77826, 571509128, 0.00, 100.00, 0.00, 2.25, 0, 0 
3, 77826, 573544120, 0.00, 100.00, 0.00, 2.25, 0, 0 
4, 77826, 575600950, 0.00, 100.00, 0.00, 2.25, 0, 0 
5, 77826, 577687288, 0.00, 100.00, 0.00, 2.25, 0, 0 
6, 77826, 579772700, 0.00, 100.00, 0.00, 2.25, 0, 0 
7, 77826, 581859919, 0.00, 100.00, 0.00, 2.25, 0, 0 
8, 77826, 583945829, 0.00, 100.00, 0.00, 2.25, 0, 0 
9, 77826, 586029603, 0.00, 100.00, 0.00, 2.25, 0, 0 
0, 77826, 588157386, 0.00, 100.00, 0.00, 2.25, 0, 0 
1, 77826, 590190488, 0.00, 100.00, 0.00, 2.25, 0, 0 
2, 77826, 592288194, 0.00, 100.00, 0.00, 2.25, 0, 0 
3, 77826, 594382054, 0.00, 100.00, 0.00, 2.25, 0, 0 
4, 77826, 596488606, 0.00, 100.00, 0.00, 2.25, 0, 0 
5, 77826, 598581184, 0.00, 100.00, 0.00, 2.25, 0, 0 
6, 77826, 600680397, 0.00, 100.00, 0.00, 2.25, 0, 0 
7, 77826, 602802045, 0.00, 100.00, 0.00, 2.25, 0, 0 
8, 77826, 604893867, 0.00, 100.00, 0.00, 2.25, 0, 0 
9, 77826, 606921560, 0.00, 100.00, 0.00, 2.25, 0, 0 
0, 77826, 609062720, 0.00, 100.00, 0.00, 2.25, 0, 0 
1, 77826, 611149106, 0.00, 100.00, 0.00, 2.25, 0, 0 
2, 77826, 613234425, 0.00, 100.00, 0.00, 2.25, 0, 0 
3, 77826, 615320144, 0.00, 100.00, 0.00, 2.25, 0, 0 
4, 77826, 617405819, 0.00, 100.00, 0.00, 2.25, 0, 0 
5, 77826, 619430237, 0.00, 100.00, 0.00, 2.25, 0, 0 
6, 77826, 621521987, 0.00, 100.00, 0.00, 2.25, 0, 0 
7, 77826, 623546091, 0.00, 100.00, 0.00, 2.25, 0, 0 
8, 77826, 625584210, 0.00, 100.00, 0.00, 2.25, 0, 0 
9, 77826, 627656512, 0.00, 100.00, 0.00, 2.25, 0, 0 
0, 77826, 629796447, 0.00, 100.00, 0.00, 2.25, 0, 0 
1, 77826, 631886390, 0.00, 100.00, 0.00, 2.25, 0, 0 
2, 77826, 633985398, 0.00, 100.00, 0.00, 2.25, 0, 0 
3, 77826, 636100670, 0.00, 100.00, 0.00, 2.25, 0, 0 
4, 77826, 638189384, 0.00, 100.00, 0.00, 2.25, 0, 0 
5, 77826, 640212804, 0.00, 100.00, 0.00, 2.25, 0, 0 
6, 77826, 642291217, 0.00, 100.00, 0.00, 2.25, 0, 0 
7, 77826, 644311942, 0.00, 100.00, 0.00, 2.25, 0, 0 
8, 77826, 646395296, 0.00, 100.00, 0.00, 2.25, 0, 0 
9, 77826, 648484013, 0.00, 100.00, 0.00, 2.25, 0, 0 
0, 77826, 650544967, 0.00, 100.00, 0.00, 2.25, 0, 0 
1, 77826, 652591243, 0.00, 100.00, 0.00, 2.25, 0, 0 
2, 77826, 654664395, 0.00, 100.00, 0.00, 2.25, 0, 0 
3, 77826, 656688593, 0.00, 100.00, 0.00, 2.25, 0, 0 
4, 77826, 658813561, 0.00, 100.00, 0.00, 2.25, 0, 0 
5, 77826, 660904499, 0.00, 100.00, 0.00, 2.25, 0, 0 
6, 77826, 662990638, 0.00, 100.00, 0.00, 2.25, 0, 0 
7, 77826, 665069727, 0.00, 100.00, 0.00, 2.25, 0, 0 
8, 77826, 667161462, 0.00, 100.00, 0.00, 2.25, 0, 0 
9, 77826, 669252519, 0.00, 100.00, 0.00, 2.25, 0, 0 
0, 77826, 671368531, 0.00, 100.00, 0.00, 2.25, 0, 0 
1, 77826, 673446753, 0.00, 100.00, 0.00, 2.25, 0, 0 
2, 77826, 675541119, 0.00, 100.00, 0.00, 2.25, 0, 0 
3, 77826, 677626641, 0.00, 100.00, 0.00, 2.25, 0, 0 
4, 77826, 679713043, 0.00, 100.00, 0.00, 2.25, 0, 0 
5, 77826, 681799917, 0.00, 100.00, 0.00, 2.25, 0, 0 
6, 77826, 683886452, 0.00, 100.00, 0.00, 2.25, 0, 0 
7, 77826, 685918666, 0.00, 100.00, 0.00, 2.25, 0, 0 
8, 77826, 687991279, 0.00, 100.00, 0.00, 2.25, 0, 0 
9, 77826, 690013521, 0.00, 100.00, 0.00, 2.25, 0, 0 
0, 77826, 692087032, 0.00, 100.00, 0.00, 2.25, 0, 0 
1, 77826, 694109541, 0.00, 100.00, 0.00, 2.25, 0, 0 
2, 77826, 696205552, 0.00, 100.00, 0.00, 2.25, 0, 0 
3, 77826, 698225568, 0.00, 100.00, 0.00, 2.25, 0, 0 
4, 77826, 700249504, 0.00, 100.00, 0.00, 2.25, 0, 0 
5, 77826, 702270335, 0.00, 100.00, 0.00, 2.25, 0, 0 
6, 77826, 704291826, 0.00, 100.00, 0.00, 2.25, 0, 0 
7, 77826, 706325183, 0.00, 100.00, 0.00, 2.25, 0, 0 
8, 77826, 708497119, 0.00, 100.00, 0.00, 2.25, 0, 0 
9, 77826, 710585206, 0.00, 100.00, 0.00, 2.25, 0, 0 
0, 77826, 712720729, 0.00, 100.00, 0.00, 2.25, 0, 0 
1, 77826, 714739329, 0.00, 100.00, 0.00, 2.25, 0, 0 
2, 77826, 716763583, 0.00, 100.00, 0.00, 2.25, 0, 0 
3, 77826, 718790099, 0.00, 100.00, 0.00, 2.25, 0, 0 
4, 77826, 720866386, 0.00, 100.00, 0.00, 2.25, 0, 0 
5, 77826, 722944021, 0.00, 100.00, 0.00, 2.25, 0, 0 
6, 77826, 725015162, 0.00, 100.00, 0.00, 2.25, 0, 0 
7, 77826, 727063948, 0.00, 100.00, 0.00, 2.25, 0, 0 
8, 77826, 729084749, 0.00, 100.00, 0.00, 2.25, 0, 0 
9, 77826, 731170973, 0.00, 100.00, 0.00, 2.25, 0, 0 
0, 77826, 733294484, 0.00, 100.00, 0.00, 2.25, 0, 0 
1, 77826, 735329219, 0.00, 100.00, 0.00, 2.25, 0, 0 
2, 77826, 737406502, 0.00, 100.00, 0.00, 2.25, 0, 0 
3, 77826, 739478682, 0.00, 100.00, 0.00, 2.25, 0, 0 
4, 77826, 741667553, 0.00, 100.00, 0.00, 2.25, 0, 0 
5, 77826, 743754053, 0.00, 100.00, 0.00, 2.25, 0, 0 
6, 77826, 745823193, 0.00, 100.00, 0.00, 2.25, 0, 0 
7, 77826, 747848720, 0.00, 100.00, 0.00, 2.25, 0, 0 
8, 77826, 749873579, 0.00, 100.00, 0.00, 2.25, 0, 0 
9, 77826, 751895541, 0.00, 100.00, 0.00, 2.25, 0, 0 
0, 77826, 753966532, 0.00, 100.00, 0.00, 2.25, 0, 0 
1, 77826, 755998528, 0.00, 100.00, 0.00, 2.25, 0, 0 
2, 77826, 758033432, 0.00, 100.00, 0.00, 2.25, 0, 0 
3, 77826, 760125417, 0.00, 100.00, 0.00, 2.25, 0, 0 
4, 77826, 762212178, 0.00, 100.00, 0.00, 2.25, 0, 0 
5, 77826, 764300912, 0.00, 100.00, 0.00, 2.25, 0, 0 
6, 77826, 766388504, 0.00, 100.00, 0.00, 2.25, 0, 0 
7, 77826, 768483376, 0.00, 100.00, 0.00, 2.25, 0, 0 
8, 77826, 770575610, 0.00, 100.00, 0.00, 2.25, 0, 0 
9, 77826, 772669841, 0.00, 100.00, 0.00, 2.25, 0, 0 
0, 77826, 774798314, 0.00, 100.00, 0.00, 2.25, 0, 0 
1, 77826, 776894267, 0.00, 100.00, 0.00, 2.25, 0, 0 
2, 77826, 778919001, 0.00, 100.00, 0.00, 2.25, 0, 0 
3, 77826, 780941769, 0.00, 100.00, 0.00, 2.25, 0, 0 
4, 77826, 782974492, 0.00, 100.00, 0.00, 2.25, 0, 0 
5, 77826, 785042934, 0.00, 100.00, 0.00, 2.25, 0, 0 
6, 77826, 787129142, 0.00, 100.00, 0.00, 2.25, 0, 0 
7, 77826, 789149715, 0.00, 100.00, 0.00, 2.25, 0, 0 
8, 77826, 791197194, 0.00, 100.00, 0.00, 2.25, 0, 0 
9, 77826, 793283212, 0.00, 100.00, 0.00, 2.25, 0, 0 
0, 77826, 795416600, 0.00, 100.00, 0.00, 2.25, 0, 0 
1, 77826, 797503126, 0.00, 100.00, 0.00, 2.25, 0, 0 
2, 77826, 799524549, 0.00, 100.00, 0.00, 2.25, 0, 0 
3, 77826, 801611221, 0.00, 100.00, 0.00, 2.25, 0, 0 
4, 77826, 803706271, 0.00, 100.00, 0.00, 2.25, 0, 0 
5, 77826, 805797902, 0.00, 100.00, 0.00, 2.25, 0, 0 
6, 77826, 807818809, 0.00, 100.00, 0.00, 2.25, 0, 0 
7, 77826, 809854070, 0.00, 100.00, 0.00, 2.25, 0, 0 
8, 77826, 811882305, 0.00, 100.00, 0.00, 2.25, 0, 0 
9, 77826, 813976425, 0.00, 100.00, 0.00, 2.25, 0, 0 
0, 77826, 816082654, 0.00, 100.00, 0.00, 2.25, 0, 0 
1, 77826, 818171972, 0.00, 100.00, 0.00, 2.25, 0, 0 
2, 77826, 820194860, 0.00, 100.00, 0.00, 2.25, 0, 0 
3, 77826, 822248476, 0.00, 100.00, 0.00, 2.25, 0, 0 
4, 77826, 824277106, 0.00, 100.00, 0.00, 2.25, 0, 0 
5, 77826, 826349022, 0.00, 100.00, 0.00, 2.25, 0, 0 
6, 77826, 828440063, 0.00, 100.00, 0.00, 2.25, 0, 0 
7, 77826, 830526023, 0.00, 100.00, 0.00, 2.25, 0, 0 
8, 77826, 832615921, 0.00, 100.00, 0.00, 2.25, 0, 0 
9, 77826, 834703217, 0.00, 100.00, 0.00, 2.25, 0, 0 
0, 77826, 836849353, 0.00, 100.00, 0.00, 2.25, 0, 0 
1, 77826, 838940915, 0.00, 100.00, 0.00, 2.25, 0, 0 
2, 77826, 840977733, 0.00, 100.00, 0.00, 2.25, 0, 0 
3, 77826, 843002628, 0.00, 100.00, 0.00, 2.25, 0, 0 
4, 77826, 845063184, 0.00, 100.00, 0.00, 2.25, 0, 0 
5, 77826, 847152726, 0.00, 100.00, 0.00, 2.25, 0, 0 
6, 77826, 849241284, 0.00, 100.00, 0.00, 2.25, 0, 0 
7, 77826, 851334367, 0.00, 100.00, 0.00, 2.25, 0, 0 
8, 77826, 853422987, 0.00, 100.00, 0.00, 2.25, 0, 0 
9, 77826, 855443426, 0.00, 100.00, 0.00, 2.25, 0, 0 
0, 77826, 857561067, 0.00, 100.00, 0.00, 2.25, 0, 0 
1, 77826, 859673805, 0.00, 100.00, 0.00, 2.25, 0, 0 
2, 77826, 861694477, 0.00, 100.00, 0.00, 2.25, 0, 0 
3, 77826, 863780473, 0.00, 100.00, 0.00, 2.25, 0, 0 
4, 77826, 865866143, 0.00, 100.00, 0.00, 2.25, 0, 0 
5, 77826, 867884404, 0.00, 100.00, 0.00, 2.25, 0, 0 
6, 77826, 869978889, 0.00, 100.00, 0.00, 2.25, 0, 0 
7, 77826, 872022264, 0.00, 100.00, 0.00, 2.25, 0, 0 
8, 77826, 874057075, 0.00, 100.00, 0.00, 2.25, 0, 0 
9, 77826, 876081977, 0.00, 100.00, 0.00, 2.25, 0, 0 
0, 77826, 878145284, 0.00, 100.00, 0.00, 2.25, 0, 0 
1, 77826, 880243632, 0.00, 100.00, 0.00, 2.25, 0, 0 
2, 77826, 882334748, 0.00, 100.00, 0.00, 2.25, 0, 0 
3, 77826, 884358563, 0.00, 100.00, 0.00, 2.25, 0, 0 
4, 77826, 886447589, 0.00, 100.00, 0.00, 2.25, 0, 0 
5, 77826, 888469544, 0.00, 100.00, 0.00, 2.25, 0, 0 
6, 77826, 890542160, 0.00, 100.00, 0.00, 2.25, 0, 0 
7, 77826, 892569015, 0.00, 100.00, 0.00, 2.25, 0, 0 
8, 77826, 894654666, 0.00, 100.00, 0.00, 2.25, 0, 0 
9, 77826, 896743952, 0.00, 100.00, 0.00, 2.25, 0, 0 
0, 77826, 898883337, 0.00, 100.00, 0.00, 2.25, 0, 0 
1, 77826, 900972727, 0.00, 100.00, 0.00, 2.25, 0, 0 
2, 77826, 902995234, 0.00, 100.00, 0.00, 2.25, 0, 0 
3, 77826, 905065215, 0.00, 100.00, 0.00, 2.25, 0, 0 
4, 77826, 907089943, 0.00, 100.00, 0.00, 2.25, 0, 0 
5, 77826, 909160928, 0.00, 100.00, 0.00, 2.25, 0, 0 
6, 77826, 911252791, 0.00, 100.00, 0.00, 2.25, 0, 0 
7, 77826, 913344495, 0.00, 100.00, 0.00, 2.25, 0, 0 
8, 77826, 915436926, 0.00, 100.00, 0.00, 2.25, 0, 0 
9, 77826, 917527692, 0.00, 100.00, 0.00, 2.25, 0, 0 
0, 77826, 919672666, 0.00, 100.00, 0.00, 2.25, 0, 0 
1, 77826, 921700979, 0.00, 100.00, 0.00, 2.25, 0, 0 
2, 77826, 923773195, 0.00, 100.00, 0.00, 2.25, 0, 0 
3, 77826, 925853291, 0.00, 100.00, 0.00, 2.25, 0, 0 
4, 77826, 927927391, 0.00, 100.00, 0.00, 2.25, 0, 0 
5, 77826, 930009869, 0.00, 100.00, 0.00, 2.25, 0, 0 
6, 77826, 932070943, 0.00, 100.00, 0.00, 2.25, 0, 0 
7, 77826, 934133731, 0.00, 100.00, 0.00, 2.25, 0, 0 
8, 77826, 936155020, 0.00, 100.00, 0.00, 2.25, 0, 0 
9, 77826, 938216395, 0.00, 100.00, 0.00, 2.25, 0, 0 
0, 77826, 940348702, 0.00, 100.00, 0.00, 2.25, 0, 0 
1, 77826, 942374512, 0.00, 100.00, 0.00, 2.25, 0, 0 
2, 77826, 944450713, 0.00, 100.00, 0.00, 2.25, 0, 0 
3, 77826, 946542962, 0.00, 100.00, 0.00, 2.25, 0, 0 
4, 77826, 948635408, 0.00, 100.00, 0.00, 2.25, 0, 0 
5, 77826, 950656353, 0.00, 100.00, 0.00, 2.25, 0, 0 
6, 77826, 952750398, 0.00, 100.00, 0.00, 2.25, 0, 0 
7, 77826, 954840315, 0.00, 100.00, 0.00, 2.25, 0, 0 
8, 77826, 956873364, 0.00, 100.00, 0.00, 2.25, 0, 0 
9, 77826, 958919799, 0.00, 100.00, 0.00, 2.25, 0, 0 
0, 77826, 961061777, 0.00, 100.00, 0.00, 2.25, 0, 0 
1, 77826, 963146584, 0.00, 100.00, 0.00, 2.25, 0, 0 
2, 77826, 965232892, 0.00, 100.00, 0.00, 2.25, 0, 0 
3, 77826, 967260883, 0.00, 100.00, 0.00, 2.25, 0, 0 
4, 77826, 969292751, 0.00, 100.00, 0.00, 2.25, 0, 0 
5, 77826, 971369037, 0.00, 100.00, 0.00, 2.25, 0, 0 
6, 77826, 973444251, 0.00, 100.00, 0.00, 2.25, 0, 0 
7, 77826, 975497050, 0.00, 100.00, 0.00, 2.25, 0, 0 
8, 77826, 977578678, 0.00, 100.00, 0.00, 2.25, 0, 0 
9, 77826, 979639726, 0.00, 100.00, 0.00, 2.25, 0, 0 
0, 77826, 981754272, 0.00, 100.00, 0.00, 2.25, 0, 0 
1, 77826, 983837980, 0.00, 100.00, 0.00, 2.25, 0, 0 
2, 77826, 985885149, 0.00, 100.00, 0.00, 2.25, 0, 0 
3, 77826, 987956756, 0.00, 100.00, 0.00, 2.25, 0, 0 
4, 77826, 990047638, 0.00, 100.00, 0.00, 2.25, 0, 0 
5, 77826, 992123558, 0.00, 100.00, 0.00, 2.25, 0, 0 
6, 77826, 994144221, 0.00, 100.00, 0.00, 2.25, 0, 0 
7, 77826, 996238206, 0.00, 100.00, 0.00, 2.25, 0, 0 
8, 77826, 998266418, 0.00, 100.00, 0.00, 2.25, 0, 0 
9, 77827, 290476, 0.00, 100.00, 0.00, 2.25, 0, 0 
0, 77827, 2376824, 0.00, 100.00, 0.00, 2.25, 0, 0 
1, 77827, 4469787, 0.00, 100.00, 0.00, 2.25, 0, 0 
2, 77827, 6496314, 0.00, 100.00, 0.00, 2.25, 0, 0 
3, 77827, 8522106, 0.00, 100.00, 0.00, 2.25, 0, 0 
4, 77827, 10563163, 0.00, 100.00, 0.00, 2.25, 0, 0 
5, 77827, 12599256, 0.00, 100.00, 0.00, 2.25, 0, 0 
6, 77827, 14632983, 0.00, 100.00, 0.00, 2.25, 0, 0 
7, 77827, 16662376, 0.00, 100.00, 0.00, 2.25, 0, 0 
8, 77827, 18692923, 0.00, 100.00, 0.00, 2.25, 0, 0 
9, 77827, 20724324, 0.00, 100.00, 0.00, 2.25, 0, 0 
0, 77827, 22787498, 0.00, 100.00, 0.00, 2.25, 0, 0 
1, 77827, 24806852, 0.00, 100.00, 0.00, 2.25, 0, 0 
2, 77827, 26830170, 0.00, 100.00, 0.00, 2.25, 0, 0 
3, 77827, 28861941, 0.00, 100.00, 0.00, 2.25, 0, 0 
4, 77827, 30890185, 0.00, 100.00, 0.00, 2.25, 0, 0 
5, 77827, 32912731, 0.00, 100.00, 0.00, 2.25, 0, 0 
6, 77827, 34943990, 0.00, 100.00, 0.00, 2.25, 0, 0 
7, 77827, 36971492, 0.00, 100.00, 0.00, 2.25, 0, 0 
8, 77827, 38998764, 0.00, 100.00, 0.00, 2.25, 0, 0 
9, 77827, 41025121, 0.00, 100.00, 0.00, 2.25, 0, 0 
0, 77827, 43102049, 0.00, 100.00, 0.00, 2.25, 0, 0 
1, 77827, 45120175, 0.00, 100.00, 0.00, 2.25, 0, 0 
2, 77827, 47137562, 0.00, 100.00, 0.00, 2.25, 0, 0 
3, 77827, 49154090, 0.00, 100.00, 0.00, 2.25, 0, 0 
4, 77827, 51167446, 0.00, 100.00, 0.00, 2.25, 0, 0 
5, 77827, 53182677, 0.00, 100.00, 0.00, 2.25, 0, 0 
6, 77827, 55231114, 0.00, 100.00, 0.00, 2.25, 0, 0 
7, 77827, 57243466, 0.00, 100.00, 0.00, 2.25, 0, 0 
8, 77827, 59290861, 0.00, 100.00, 0.00, 2.25, 0, 0 
9, 77827, 61362346, 0.00, 100.00, 0.00, 2.25, 0, 0 
0, 77827, 63386493, 0.00, 100.00, 0.00, 2.25, 0, 0 
1, 77827, 65395240, 0.00, 100.00, 0.00, 2.25, 0, 0 
2, 77827, 67402794, 0.00, 100.00, 0.00, 2.25, 0, 0 
3, 77827, 69411557, 0.00, 100.00, 0.00, 2.25, 0, 0 
4, 77827, 71419929, 0.00, 100.00, 0.00, 2.25, 0, 0 
5, 77827, 73433258, 0.00, 100.00, 0.00, 2.25, 0, 0 
6, 77827, 75509310, 0.00, 100.00, 0.00, 2.25, 0, 0 
7, 77827, 77542183, 0.00, 100.00, 0.00, 2.25, 0, 0 
8, 77827, 79619945, 0.00, 100.00, 0.00, 2.25, 0, 0 
9, 77827, 81628293, 0.00, 100.00, 0.00, 2.25, 0, 0 
0, 77827, 83713910, 0.00, 100.00, 0.00, 2.25, 0, 0 
1, 77827, 85722966, 0.00, 100.00, 0.00, 2.25, 0, 0 
2, 77827, 87798491, 0.00, 100.00, 0.00, 2.25, 0, 0 
3, 77827, 89808434, 0.00, 100.00, 0.00, 2.25, 0, 0 
4, 77827, 91820592, 0.00, 100.00, 0.00, 2.25, 0, 0 
5, 77827, 93894759, 0.00, 100.00, 0.00, 2.25, 0, 0 
6, 77827, 95965475, 0.00, 100.00, 0.00, 2.25, 0, 0 
7, 77827, 98028255, 0.00, 100.00, 0.00, 2.25, 0, 0 
8, 77827, 100039763, 0.00, 100.00, 0.00, 2.25, 0, 0 
9, 77827, 102113149, 0.00, 100.00, 0.00, 2.25, 0, 0 
0, 77827, 104139864, 0.00, 100.00, 0.00, 2.25, 0, 0 
1, 77827, 106152758, 0.00, 100.00, 0.00, 2.25, 0, 0 
2, 77827, 108163154, 0.00, 100.00, 0.00, 2.25, 0, 0 
3, 77827, 110232687, 0.00, 100.00, 0.00, 2.25, 0, 0 
4, 77827, 112240555, 0.00, 100.00, 0.00, 2.25, 0, 0 
5, 77827, 114310098, 0.00, 100.00, 0.00, 2.25, 0, 0 
6, 77827, 116370985, 0.00, 100.00, 0.00, 2.25, 0, 0 
7, 77827, 118453962, 0.00, 100.00, 0.00, 2.25, 0, 0 
8, 77827, 120528761, 0.00, 100.00, 0.00, 2.25, 0, 0 
9, 77827, 122576229, 0.00, 100.00, 0.00, 2.25, 0, 0 
0, 77827, 124685208, 0.00, 100.00, 0.00, 2.25, 0, 0 
1, 77827, 126762851, 0.00, 100.00, 0.00, 2.25, 0, 0 
2, 77827, 128840517, 0.00, 100.00, 0.00, 2.25, 0, 0 
3, 77827, 130886920, 0.00, 100.00, 0.00, 2.25, 0, 0 
4, 77827, 132970658, 0.00, 100.00, 0.00, 2.25, 0, 0 
5, 77827, 135053870, 0.00, 100.00, 0.00, 2.25, 0, 0 
6, 77827, 137161703, 0.00, 100.00, 0.00, 2.25, 0, 0 
7, 77827, 139231316, 0.00, 100.00, 0.00, 2.25, 0, 0 
8, 77827, 141366415, 0.00, 100.00, 0.00, 2.25, 0, 0 
9, 77827, 143450442, 0.00, 100.00, 0.00, 2.25, 0, 0 
0, 77827, 145578749, 0.00, 100.00, 0.00, 2.25, 0, 0 
1, 77827, 147663161, 0.00, 100.00, 0.00, 2.25, 0, 0 
2, 77827, 149699286, 0.00, 100.00, 0.00, 2.25, 0, 0 
3, 77827, 151782605, 0.00, 100.00, 0.00, 2.25, 0, 0 
4, 77827, 153833808, 0.00, 100.00, 0.00, 2.25, 0, 0 
5, 77827, 155868296, 0.00, 100.00, 0.00, 2.25, 0, 0 
6, 77827, 157893807, 0.00, 100.00, 0.00, 2.25, 0, 0 
7, 77827, 159979188, 0.00, 100.00, 0.00, 2.25, 0, 0 
8, 77827, 162070595, 0.00, 100.00, 0.00, 2.25, 0, 0 
9, 77827, 164165678, 0.00, 100.00, 0.00, 2.25, 0, 0 
0, 77827, 166226583, 0.00, 100.00, 0.00, 2.25, 0, 0 
1, 77827, 168251417, 0.00, 100.00, 0.00, 2.25, 0, 0 
2, 77827, 170270934, 0.00, 100.00, 0.00, 2.25, 0, 0 
3, 77827, 172290817, 0.00, 100.00, 0.00, 2.25, 0, 0 
4, 77827, 174317443, 0.00, 100.00, 0.00, 2.25, 0, 0 
5, 77827, 176461138, 0.00, 100.00, 0.00, 2.25, 0, 0 
6, 77827, 178480845, 0.00, 100.00, 0.00, 2.25, 0, 0 
7, 77827, 180568916, 0.00, 100.00, 0.00, 2.25, 0, 0 
8, 77827, 182655097, 0.00, 100.00, 0.00, 2.25, 0, 0 
9, 77827, 184746939, 0.00, 100.00, 0.00, 2.25, 0, 0 
0, 77827, 186836958, 0.00, 100.00, 0.00, 2.25, 0, 0 
1, 77827, 188950549, 0.00, 100.00, 0.00, 2.25, 0, 0 
2, 77827, 191045735, 0.00, 100.00, 0.00, 2.25, 0, 0 
3, 77827, 193140430, 0.00, 100.00, 0.00, 2.25, 0, 0 
4, 77827, 195232594, 0.00, 100.00, 0.00, 2.25, 0, 0 
5, 77827, 197328464, 0.00, 100.00, 0.00, 2.25, 0, 0 
6, 77827, 199419818, 0.00, 100.00, 0.00, 2.25, 0, 0 
7, 77827, 201511299, 0.00, 100.00, 0.00, 2.25, 0, 0 
8, 77827, 203602840, 0.00, 100.00, 0.00, 2.25, 0, 0 
9, 77827, 205645893, 0.00, 100.00, 0.00, 2.25, 0, 0 
0, 77827, 207712731, 0.00, 100.00, 0.00, 2.25, 0, 0 
1, 77827, 209801095, 0.00, 100.00, 0.00, 2.25, 0, 0 
2, 77827, 211820423, 0.00, 100.00, 0.00, 2.25, 0, 0 
3, 77827, 213905631, 0.00, 100.00, 0.00, 2.25, 0, 0 
4, 77827, 216020848, 0.00, 100.00, 0.00, 2.25, 0, 0 
5, 77827, 218087331, 0.00, 100.00, 0.00, 2.25, 0, 0 
6, 77827, 220150464, 0.00, 100.00, 0.00, 2.25, 0, 0 
7, 77827, 222174369, 0.00, 100.00, 0.00, 2.25, 0, 0 
8, 77827, 224223418, 0.00, 100.00, 0.00, 2.25, 0, 0 
9, 77827, 226310190, 0.00, 100.00, 0.00, 2.25, 0, 0 
0, 77827, 228452507, 0.00, 100.00, 0.00, 2.25, 0, 0 
1, 77827, 230473148, 0.00, 100.00, 0.00, 2.25, 0, 0 
2, 77827, 232496815, 0.00, 100.00, 0.00, 2.25, 0, 0 
3, 77827, 234517371, 0.00, 100.00, 0.00, 2.25, 0, 0 
4, 77827, 236594945, 0.00, 100.00, 0.00, 2.25, 0, 0 
5, 77827, 238686163, 0.00, 100.00, 0.00, 2.25, 0, 0 
6, 77827, 240710184, 0.00, 100.00, 0.00, 2.25, 0, 0 
7, 77827, 242798274, 0.00, 100.00, 0.00, 2.25, 0, 0 
8, 77827, 244929228, 0.00, 100.00, 0.00, 2.25, 0, 0 
9, 77827, 247022445, 0.00, 100.00, 0.00, 2.25, 0, 0 
0, 77827, 249091795, 0.00, 100.00, 0.00, 2.25, 0, 0 
1, 77827, 251114316, 0.00, 100.00, 0.00, 2.25, 0, 0 
2, 77827, 253191346, 0.00, 100.00, 0.00, 2.25, 0, 0 
3, 77827, 255261966, 0.00, 100.00, 0.00, 2.25, 0, 0 
4, 77827, 257335391, 0.00, 100.00, 0.00, 2.25, 0, 0 
5, 77827, 259477258, 0.00, 100.00, 0.00, 2.25, 0, 0 
6, 77827, 261545404, 0.00, 100.00, 0.00, 2.25, 0, 0 
7, 77827, 263568666, 0.00, 100.00, 0.00, 2.25, 0, 0 
8, 77827, 265654414, 0.00, 100.00, 0.00, 2.25, 0, 0 
9, 77827, 267740830, 0.00, 100.00, 0.00, 2.25, 0, 0 
0, 77827, 269824995, 0.00, 100.00, 0.00, 2.25, 0, 0 
1, 77827, 271854466, 0.00, 100.00, 0.00, 2.25, 0, 0 
2, 77827, 273890265, 0.00, 100.00, 0.00, 2.25, 0, 0 
3, 77827, 275931758, 0.00, 100.00, 0.00, 2.25, 0, 0 
4, 77827, 278020097, 0.00, 100.00, 0.00, 2.25, 0, 0 
5, 77827, 280086201, 0.00, 100.00, 0.00, 2.25, 0, 0 
6, 77827, 282111488, 0.00, 100.00, 0.00, 2.25, 0, 0 
7, 77827, 284180701, 0.00, 100.00, 0.00, 2.25, 0, 0 
8, 77827, 286204571, 0.00, 100.00, 0.00, 2.25, 0, 0 
9, 77827, 288227519, 0.00, 100.00, 0.00, 2.25, 0, 0 
0, 77827, 290322195, 0.00, 100.00, 0.00, 2.25, 0, 0 
1, 77827, 292532442, 0.00, 100.00, 0.00, 2.25, 0, 0 
2, 77827, 294606145, 0.00, 100.00, 0.00, 2.25, 0, 0 
3, 77827, 296692404, 0.00, 100.00, 0.00, 2.25, 0, 0 
4, 77827, 298776058, 0.00, 100.00, 0.00, 2.25, 0, 0 
5, 77827, 300859696, 0.00, 100.00, 0.00, 2.25, 0, 0 
6, 77827, 302883911, 0.00, 100.00, 0.00, 2.25, 0, 0 
7, 77827, 304976571, 0.00, 100.00, 0.00, 2.25, 0, 0 
8, 77827, 307068669, 0.00, 100.00, 0.00, 2.25, 0, 0 
9, 77827, 309160910, 0.00, 100.00, 0.00, 2.25, 0, 0 
0, 77827, 311232660, 0.00, 100.00, 0.00, 2.25, 0, 0 
1, 77827, 313305337, 0.00, 100.00, 0.00, 2.25, 0, 0 
2, 77827, 315398172, 0.00, 100.00, 0.00, 2.25, 0, 0 
3, 77827, 317490327, 0.00, 100.00, 0.00, 2.25, 0, 0 
4, 77827, 319513367, 0.00, 100.00, 0.00, 2.25, 0, 0 
5, 77827, 321531635, 0.00, 100.00, 0.00, 2.25, 0, 0 
6, 77827, 323556105, 0.00, 100.00, 0.00, 2.25, 0, 0 
7, 77827, 325579536, 0.00, 100.00, 0.00, 2.25, 0, 0 
8, 77827, 327699635, 0.00, 100.00, 0.00, 2.25, 0, 0 
9, 77827, 329785298, 0.00, 100.00, 0.00, 2.25, 0, 0 
0, 77827, 331924703, 0.00, 100.00, 0.00, 2.25, 0, 0 
1, 77827, 333945895, 0.00, 100.00, 0.00, 2.25, 0, 0 
2, 77827, 335964999, 0.00, 100.00, 0.00, 2.25, 0, 0 
3, 77827, 337986657, 0.00, 100.00, 0.00, 2.25, 0, 0 
4, 77827, 340022094, 0.00, 100.00, 0.00, 2.25, 0, 0 
5, 77827, 342048708, 0.00, 100.00, 0.00, 2.25, 0, 0 
6, 77827, 344083161, 0.00, 100.00, 0.00, 2.25, 0, 0 
7, 77827, 346135853, 0.00, 100.00, 0.00, 2.25, 0, 0 
8, 77827, 348234989, 0.00, 100.00, 0.00, 2.25, 0, 0 
9, 77827, 350330593, 0.00, 100.00, 0.00, 2.25, 0, 0 
0, 77827, 352464871, 0.00, 100.00, 0.00, 2.25, 0, 0 
1, 77827, 354556015, 0.00, 100.00, 0.00, 2.25, 0, 0 
2, 77827, 356592302, 0.00, 100.00, 0.00, 2.25, 0, 0 
3, 77827, 358747947, 0.00, 100.00, 0.00, 2.25, 0, 0 
4, 77827, 360835348, 0.00, 100.00, 0.00, 2.25, 0, 0 
5, 77827, 362923168, 0.00, 100.00, 0.00, 2.25, 0, 0 
6, 77827, 365013328, 0.00, 100.00, 0.00, 2.25, 0, 0 
7, 77827, 367099787, 0.00, 100.00, 0.00, 2.25, 0, 0 
8, 77827, 369195184, 0.00, 100.00, 0.00, 2.25, 0, 0 
9, 77827, 371287010, 0.00, 100.00, 0.00, 2.25, 0, 0 
0, 77827, 373365902, 0.00, 100.00, 0.00, 2.25, 0, 0 
1, 77827, 375392188, 0.00, 100.00, 0.00, 2.25, 0, 0 
2, 77827, 377484786, 0.00, 100.00, 0.00, 2.25, 0, 0 
3, 77827, 379508187, 0.00, 100.00, 0.00, 2.25, 0, 0 
4, 77827, 381604803, 0.00, 100.00, 0.00, 2.25, 0, 0 
5, 77827, 383695532, 0.00, 100.00, 0.00, 2.25, 0, 0 
6, 77827, 385722796, 0.00, 100.00, 0.00, 2.25, 0, 0 
7, 77827, 387814798, 0.00, 100.00, 0.00, 2.25, 0, 0 
8, 77827, 389843247, 0.00, 100.00, 0.00, 2.25, 0, 0 
9, 77827, 391877526, 0.00, 100.00, 0.00, 2.25, 0, 0 
0, 77827, 394020856, 0.00, 100.00, 0.00, 2.25, 0, 0 
1, 77827, 396114065, 0.00, 100.00, 0.00, 2.25, 0, 0 
2, 77827, 398201344, 0.00, 100.00, 0.00, 2.25, 0, 0 
3, 77827, 400290043, 0.00, 100.00, 0.00, 2.25, 0, 0 
4, 77827, 402383534, 0.00, 100.00, 0.00, 2.25, 0, 0 
5, 77827, 404406409, 0.00, 100.00, 0.00, 2.25, 0, 0 
6, 77827, 406441178, 0.00, 100.00, 0.00, 2.25, 0, 0 
7, 77827, 408520585, 0.00, 100.00, 0.00, 2.25, 0, 0 
8, 77827, 410608407, 0.00, 100.00, 0.00, 2.25, 0, 0 
9, 77827, 412702309, 0.00, 100.00, 0.00, 2.25, 0, 0 
0, 77827, 414842846, 0.00, 100.00, 0.00, 2.25, 0, 0 
1, 77827, 416936894, 0.00, 100.00, 0.00, 2.25, 0, 0 
2, 77827, 419027755, 0.00, 100.00, 0.00, 2.25, 0, 0 
3, 77827, 421056631, 0.00, 100.00, 0.00, 2.25, 0, 0 
4, 77827, 423080448, 0.00, 100.00, 0.00, 2.25, 0, 0 
5, 77827, 425103144, 0.00, 100.00, 0.00, 2.25, 0, 0 
6, 77827, 427176186, 0.00, 100.00, 0.00, 2.25, 0, 0 
7, 77827, 429263053, 0.00, 100.00, 0.00, 2.25, 0, 0 
8, 77827, 431348559, 0.00, 100.00, 0.00, 2.25, 0, 0 
9, 77827, 433369157, 0.00, 100.00, 0.00, 2.25, 0, 0 
0, 77827, 435445096, 0.00, 100.00, 0.00, 2.25, 0, 0 
1, 77827, 437480471, 0.00, 100.00, 0.00, 2.25, 0, 0 
2, 77827, 439519428, 0.00, 100.00, 0.00, 2.25, 0, 0 
3, 77827, 441555695, 0.00, 100.00, 0.00, 2.25, 0, 0 
4, 77827, 443645190, 0.00, 100.00, 0.00, 2.25, 0, 0 
5, 77827, 445732742, 0.00, 100.00, 0.00, 2.25, 0, 0 
6, 77827, 447754434, 0.00, 100.00, 0.00, 2.25, 0, 0 
7, 77827, 449841327, 0.00, 100.00, 0.00, 2.25, 0, 0 
8, 77827, 451862475, 0.00, 100.00, 0.00, 2.25, 0, 0 
9, 77827, 453885789, 0.00, 100.00, 0.00, 2.25, 0, 0 
0, 77827, 455951116, 0.00, 100.00, 0.00, 2.25, 0, 0 
1, 77827, 457971579, 0.00, 100.00, 0.00, 2.25, 0, 0 
2, 77827, 459989122, 0.00, 100.00, 0.00, 2.25, 0, 0 
3, 77827, 462010090, 0.00, 100.00, 0.00, 2.25, 0, 0 
4, 77827, 464104275, 0.00, 100.00, 0.00, 2.25, 0, 0 
5, 77827, 466129834, 0.00, 100.00, 0.00, 2.25, 0, 0 
6, 77827, 468165212, 0.00, 100.00, 0.00, 2.25, 0, 0 
7, 77827, 470255726, 0.00, 100.00, 0.00, 2.25, 0, 0 
8, 77827, 472331226, 0.00, 100.00, 0.00, 2.25, 0, 0 
9, 77827, 474366968, 0.00, 100.00, 0.00, 2.25, 0, 0 
0, 77827, 476568483, 0.00, 100.00, 0.00, 2.25, 0, 0 
1, 77827, 478592426, 0.00, 100.00, 0.00, 2.25, 0, 0 
2, 77827, 480669820, 0.00, 100.00, 0.00, 2.25, 0, 0 
3, 77827, 482757956, 0.00, 100.00, 0.00, 2.25, 0, 0 
4, 77827, 484849508, 0.00, 100.00, 0.00, 2.25, 0, 0 
5, 77827, 486876021, 0.00, 100.00, 0.00, 2.25, 0, 0 
6, 77827, 488971216, 0.00, 100.00, 0.00, 2.25, 0, 0 
7, 77827, 491062383, 0.00, 100.00, 0.00, 2.25, 0, 0 
8, 77827, 493157132, 0.00, 100.00, 0.00, 2.25, 0, 0 
9, 77827, 495248572, 0.00, 100.00, 0.00, 2.25, 0, 0 
0, 77827, 497325540, 0.00, 100.00, 0.00, 2.25, 0, 0 
1, 77827, 499421325, 0.00, 100.00, 0.00, 2.25, 0, 0 
2, 77827, 501512483, 0.00, 100.00, 0.00, 2.25, 0, 0 
3, 77827, 503531442, 0.00, 100.00, 0.00, 2.25, 0, 0 
4, 77827, 505604364, 0.00, 100.00, 0.00, 2.25, 0, 0 
5, 77827, 507674149, 0.00, 100.00, 0.00, 2.25, 0, 0 
6, 77827, 509739481, 0.00, 100.00, 0.00, 2.25, 0, 0 
7, 77827, 511814128, 0.00, 100.00, 0.00, 2.25, 0, 0 
8, 77827, 513887026, 0.00, 100.00, 0.00, 2.25, 0, 0 
9, 77827, 515907639, 0.00, 100.00, 0.00, 2.25, 0, 0 
0, 77827, 518028201, 0.00, 100.00, 0.00, 2.25, 0, 0 
1, 77827, 520059140, 0.00, 100.00, 0.00, 2.25, 0, 0 
2, 77827, 522154118, 0.00, 100.00, 0.00, 2.25, 0, 0 
3, 77827, 524248186, 0.00, 100.00, 0.00, 2.25, 0, 0 
4, 77827, 526338812, 0.00, 100.00, 0.00, 2.25, 0, 0 
5, 77827, 528389598, 0.00, 100.00, 0.00, 2.25, 0, 0 
6, 77827, 530483473, 0.00, 100.00, 0.00, 2.25, 0, 0 
7, 77827, 532576239, 0.00, 100.00, 0.00, 2.25, 0, 0 
8, 77827, 534667698, 0.00, 100.00, 0.00, 2.25, 0, 0 
9, 77827, 536758959, 0.00, 100.00, 0.00, 2.25, 0, 0 
0, 77827, 538905827, 0.00, 100.00, 0.00, 2.25, 0, 0 
1, 77827, 540979511, 0.00, 100.00, 0.00, 2.25, 0, 0 
2, 77827, 543083161, 0.00, 100.00, 0.00, 2.25, 0, 0 
3, 77827, 545168817, 0.00, 100.00, 0.00, 2.25, 0, 0 
4, 77827, 547259060, 0.00, 100.00, 0.00, 2.25, 0, 0 
5, 77827, 549344948, 0.00, 100.00, 0.00, 2.25, 0, 0 
6, 77827, 551431270, 0.00, 100.00, 0.00, 2.25, 0, 0 
7, 77827, 553458485, 0.00, 100.00, 0.00, 2.25, 0, 0 
8, 77827, 555551801, 0.00, 100.00, 0.00, 2.25, 0, 0 
9, 77827, 557642509, 0.00, 100.00, 0.00, 2.25, 0, 0 
0, 77827, 559719584, 0.00, 100.00, 0.00, 2.25, 0, 0 
1, 77827, 561748604, 0.00, 100.00, 0.00, 2.25, 0, 0 
2, 77827, 563774005, 0.00, 100.00, 0.00, 2.25, 0, 0 
3, 77827, 565862370, 0.00, 100.00, 0.00, 2.25, 0, 0 
4, 77827, 567953315, 0.00, 100.00, 0.00, 2.25, 0, 0 
5, 77827, 570044705, 0.00, 100.00, 0.00, 2.25, 0, 0 
6, 77827, 572139074, 0.00, 100.00, 0.00, 2.25, 0, 0 
7, 77827, 574172937, 0.00, 100.00, 0.00, 2.25, 0, 0 
8, 77827, 576264165, 0.00, 100.00, 0.00, 2.25, 0, 0 
9, 77827, 578349340, 0.00, 100.00, 0.00, 2.25, 0, 0 
0, 77827, 580464611, 0.00, 100.00, 0.00, 2.25, 0, 0 
1, 77827, 582495115, 0.00, 100.00, 0.00, 2.25, 0, 0 
2, 77827, 584515551, 0.00, 100.00, 0.00, 2.25, 0, 0 
3, 77827, 586544494, 0.00, 100.00, 0.00, 2.25, 0, 0 
4, 77827, 588637161, 0.00, 100.00, 0.00, 2.25, 0, 0 
5, 77827, 590711329, 0.00, 100.00, 0.00, 2.25, 0, 0 
6, 77827, 592740494, 0.00, 100.00, 0.00, 2.25, 0, 0 
7, 77827, 594767445, 0.00, 100.00, 0.00, 2.25, 0, 0 
8, 77827, 596798682, 0.00, 100.00, 0.00, 2.25, 0, 0 
9, 77827, 598886164, 0.00, 100.00, 0.00, 2.25, 0, 0 
0, 77827, 601014174, 0.00, 100.00, 0.00, 2.25, 0, 0 
1, 77827, 603046908, 0.00, 100.00, 0.00, 2.25, 0, 0 
2, 77827, 605138371, 0.00, 100.00, 0.00, 2.25, 0, 0 
3, 77827, 607162479, 0.00, 100.00, 0.00, 2.25, 0, 0 
4, 77827, 609212632, 0.00, 100.00, 0.00, 2.25, 0, 0 
5, 77827, 611279892, 0.00, 100.00, 0.00, 2.25, 0, 0 
6, 77827, 613369708, 0.00, 100.00, 0.00, 2.25, 0, 0 
7, 77827, 615460616, 0.00, 100.00, 0.00, 2.25, 0, 0 
8, 77827, 617551308, 0.00, 100.00, 0.00, 2.25, 0, 0 
9, 77827, 619625075, 0.00, 100.00, 0.00, 2.25, 0, 0 
0, 77827, 621696908, 0.00, 100.00, 0.00, 2.25, 0, 0 
1, 77827, 623721271, 0.00, 100.00, 0.00, 2.25, 0, 0 
2, 77827, 625741638, 0.00, 100.00, 0.00, 2.25, 0, 0 
3, 77827, 627834798, 0.00, 100.00, 0.00, 2.25, 0, 0 
4, 77827, 629926131, 0.00, 100.00, 0.00, 2.25, 0, 0 
5, 77827, 631946726, 0.00, 100.00, 0.00, 2.25, 0, 0 
6, 77827, 633967533, 0.00, 100.00, 0.00, 2.25, 0, 0 
7, 77827, 635988419, 0.00, 100.00, 0.00, 2.25, 0, 0 
8, 77827, 638080174, 0.00, 100.00, 0.00, 2.25, 0, 0 
9, 77827, 640115965, 0.00, 100.00, 0.00, 2.25, 0, 0 
0, 77827, 642313617, 0.00, 100.00, 0.00, 2.25, 0, 0 
1, 77827, 644404278, 0.00, 100.00, 0.00, 2.25, 0, 0 
2, 77827, 646424628, 0.00, 100.00, 0.00, 2.25, 0, 0 
3, 77827, 648448737, 0.00, 100.00, 0.00, 2.25, 0, 0 
4, 77827, 650534684, 0.00, 100.00, 0.00, 2.25, 0, 0 
5, 77827, 652569733, 0.00, 100.00, 0.00, 2.25, 0, 0 
6, 77827, 654596829, 0.00, 100.00, 0.00, 2.25, 0, 0 
7, 77827, 656622188, 0.00, 100.00, 0.00, 2.25, 0, 0 
8, 77827, 658666545, 0.00, 100.00, 0.00, 2.25, 0, 0 
9, 77827, 660713451, 0.00, 100.00, 0.00, 2.25, 0, 0 
0, 77827, 662836805, 0.00, 100.00, 0.00, 2.25, 0, 0 
1, 77827, 664925133, 0.00, 100.00, 0.00, 2.25, 0, 0 
2, 77827, 667010925, 0.00, 100.00, 0.00, 2.25, 0, 0 
3, 77827, 669099961, 0.00, 100.00, 0.00, 2.25, 0, 0 
4, 77827, 671191926, 0.00, 100.00, 0.00, 2.25, 0, 0 
5, 77827, 673282659, 0.00, 100.00, 0.00, 2.25, 0, 0 
6, 77827, 675374126, 0.00, 100.00, 0.00, 2.25, 0, 0 
7, 77827, 677464330, 0.00, 100.00, 0.00, 2.25, 0, 0 
8, 77827, 679484701, 0.00, 100.00, 0.00, 2.25, 0, 0 
9, 77827, 681576098, 0.00, 100.00, 0.00, 2.25, 0, 0 
0, 77827, 683639279, 0.00, 100.00, 0.00, 2.25, 0, 0 
1, 77827, 685665722, 0.00, 100.00, 0.00, 2.25, 0, 0 
2, 77827, 687789249, 0.00, 100.00, 0.00, 2.25, 0, 0 
3, 77827, 689859336, 0.00, 100.00, 0.00, 2.25, 0, 0 
4, 77827, 691943019, 0.00, 100.00, 0.00, 2.25, 0, 0 
5, 77827, 694029191, 0.00, 100.00, 0.00, 2.25, 0, 0 
6, 77827, 696119103, 0.00, 100.00, 0.00, 2.25, 0, 0 
7, 77827, 698139956, 0.00, 100.00, 0.00, 2.25, 0, 0 
8, 77827, 700161452, 0.00, 100.00, 0.00, 2.25, 0, 0 
9, 77827, 702253274, 0.00, 100.00, 0.00, 2.25, 0, 0 
0, 77827, 704403138, 0.00, 100.00, 0.00, 2.25, 0, 0 
1, 77827, 706423404, 0.00, 100.00, 0.00, 2.25, 0, 0 
2, 77827, 708520643, 0.00, 100.00, 0.00, 2.25, 0, 0 
3, 77827, 710611608, 0.00, 100.00, 0.00, 2.25, 0, 0 
4, 77827, 712705197, 0.00, 100.00, 0.00, 2.25, 0, 0 
5, 77827, 714775527, 0.00, 100.00, 0.00, 2.25, 0, 0 
6, 77827, 716806664, 0.00, 100.00, 0.00, 2.25, 0, 0 
7, 77827, 718898000, 0.00, 100.00, 0.00, 2.25, 0, 0 
8, 77827, 721021786, 0.00, 100.00, 0.00, 2.25, 0, 0 
9, 77827, 723093774, 0.00, 100.00, 0.00, 2.25, 0, 0 
0, 77827, 725232721, 0.00, 100.00, 0.00, 2.25, 0, 0 
1, 77827, 727253191, 0.00, 100.00, 0.00, 2.25, 0, 0 
2, 77827, 729275313, 0.00, 100.00, 0.00, 2.25, 0, 0 
3, 77827, 731361152, 0.00, 100.00, 0.00, 2.25, 0, 0 
4, 77827, 733446718, 0.00, 100.00, 0.00, 2.25, 0, 0 
5, 77827, 735467479, 0.00, 100.00, 0.00, 2.25, 0, 0 
6, 77827, 737561103, 0.00, 100.00, 0.00, 2.25, 0, 0 
7, 77827, 739580223, 0.00, 100.00, 0.00, 2.25, 0, 0 
8, 77827, 741605419, 0.00, 100.00, 0.00, 2.25, 0, 0 
9, 77827, 743625782, 0.00, 100.00, 0.00, 2.25, 0, 0 
0, 77827, 745682078, 0.00, 100.00, 0.00, 2.25, 0, 0 
1, 77827, 747797547, 0.00, 100.00, 0.00, 2.25, 0, 0 
2, 77827, 749891078, 0.00, 100.00, 0.00, 2.25, 0, 0 
3, 77827, 751985120, 0.00, 100.00, 0.00, 2.25, 0, 0 
4, 77827, 754074188, 0.00, 100.00, 0.00, 2.25, 0, 0 
5, 77827, 756101665, 0.00, 100.00, 0.00, 2.25, 0, 0 
6, 77827, 758127713, 0.00, 100.00, 0.00, 2.25, 0, 0 
7, 77827, 760205775, 0.00, 100.00, 0.00, 2.25, 0, 0 
8, 77827, 762272140, 0.00, 100.00, 0.00, 2.25, 0, 0 
9, 77827, 764297478, 0.00, 100.00, 0.00, 2.25, 0, 0 
0, 77827, 766432120, 0.00, 100.00, 0.00, 2.25, 0, 0 
1, 77827, 768456750, 0.00, 100.00, 0.00, 2.25, 0, 0 
2, 77827, 770478625, 0.00, 100.00, 0.00, 2.25, 0, 0 
3, 77827, 772547604, 0.00, 100.00, 0.00, 2.25, 0, 0 
4, 77827, 774641095, 0.00, 100.00, 0.00, 2.25, 0, 0 
5, 77827, 776664510, 0.00, 100.00, 0.00, 2.25, 0, 0 
6, 77827, 778698695, 0.00, 100.00, 0.00, 2.25, 0, 0 
7, 77827, 780788553, 0.00, 100.00, 0.00, 2.25, 0, 0 
8, 77827, 782879533, 0.00, 100.00, 0.00, 2.25, 0, 0 
9, 77827, 784971839, 0.00, 100.00, 0.00, 2.25, 0, 0 
0, 77827, 787114692, 0.00, 100.00, 0.00, 2.25, 0, 0 
1, 77827, 789156712, 0.00, 100.00, 0.00, 2.25, 0, 0 
2, 77827, 791227511, 0.00, 100.00, 0.00, 2.25, 0, 0 
3, 77827, 793253212, 0.00, 100.00, 0.00, 2.25, 0, 0 
4, 77827, 795342548, 0.00, 100.00, 0.00, 2.25, 0, 0 
5, 77827, 797428098, 0.00, 100.00, 0.00, 2.25, 0, 0 
6, 77827, 799510849, 0.00, 100.00, 0.00, 2.25, 0, 0 
7, 77827, 801595042, 0.00, 100.00, 0.00, 2.25, 0, 0 
8, 77827, 803627601, 0.00, 100.00, 0.00, 2.25, 0, 0 
9, 77827, 805693621, 0.00, 100.00, 0.00, 2.25, 0, 0 
