Wed Nov 28 14:16:30 2018
StepTime, x, v, f, xdes, vdes, fdes, cmd, IR, LSB, LSF
0, 76931, 822260501, 0.00, 100.00, 0.00, 2.25, 0, 0 
1, 76931, 823854758, 0.00, 100.00, 0.00, 2.25, 0, 0 
2, 76931, 825148666, 0.00, 100.00, 0.00, 2.25, 0, 0 
3, 76931, 826206655, 0.00, 100.00, 0.00, 2.25, 0, 0 
4, 76931, 827258280, 0.00, 100.00, 0.00, 2.25, 0, 0 
5, 76931, 828350780, 0.00, 100.00, 0.00, 2.25, 0, 0 
6, 76931, 829434930, 0.00, 100.00, 0.00, 2.25, 0, 0 
7, 76931, 830498838, 0.00, 100.00, 0.00, 2.25, 0, 0 
8, 76931, 831488428, 0.00, 100.00, 0.00, 2.25, 0, 0 
9, 76931, 832543947, 0.00, 100.00, 0.00, 2.25, 0, 0 
0, 76931, 833640988, 0.00, 100.00, 0.00, 2.25, 0, 0 
1, 76931, 834791131, 0.00, 100.00, 0.00, 2.25, 0, 0 
2, 76931, 836024727, 0.00, 100.00, 0.00, 2.25, 0, 0 
3, 76931, 837396872, 0.00, 100.00, 0.00, 2.25, 0, 0 
4, 76931, 838606550, 0.00, 100.00, 0.00, 2.25, 0, 0 
5, 76931, 839750575, 0.00, 100.00, 0.00, 2.25, 0, 0 
6, 76931, 840815909, 0.00, 100.00, 0.00, 2.25, 0, 0 
7, 76931, 841869760, 0.00, 100.00, 0.00, 2.25, 0, 0 
8, 76931, 842847084, 0.00, 100.00, 0.00, 2.25, 0, 0 
9, 76931, 843876548, 0.00, 100.00, 0.00, 2.25, 0, 0 
0, 76931, 845111805, 0.00, 100.00, 0.00, 2.25, 0, 0 
1, 76931, 846322729, 0.00, 100.00, 0.00, 2.25, 0, 0 
2, 76931, 847314452, 0.00, 100.00, 0.00, 2.25, 0, 0 
3, 76931, 848291973, 0.00, 100.00, 0.00, 2.25, 0, 0 
4, 76931, 849286460, 0.00, 100.00, 0.00, 2.25, 0, 0 
5, 76931, 850207864, 0.00, 100.00, 0.00, 2.25, 0, 0 
6, 76931, 851078072, 0.00, 100.00, 0.00, 2.25, 0, 0 
7, 76931, 852126795, 0.00, 100.00, 0.00, 2.25, 0, 0 
8, 76931, 853177364, 0.00, 100.00, 0.00, 2.25, 0, 0 
9, 76931, 854227703, 0.00, 100.00, 0.00, 2.25, 0, 0 
0, 76931, 855316024, 0.00, 100.00, 0.00, 2.25, 0, 0 
1, 76931, 856484854, 0.00, 100.00, 0.00, 2.25, 0, 0 
2, 76931, 857506390, 0.00, 100.00, 0.00, 2.25, 0, 0 
3, 76931, 858615701, 0.00, 100.00, 0.00, 2.25, 0, 0 
4, 76931, 859658223, 0.00, 100.00, 0.00, 2.25, 0, 0 
5, 76931, 860712911, 0.00, 100.00, 0.00, 2.25, 0, 0 
6, 76931, 861529389, 0.00, 100.00, 0.00, 2.25, 0, 0 
7, 76931, 862331971, 0.00, 100.00, 0.00, 2.25, 0, 0 
8, 76931, 863111267, 0.00, 100.00, 0.00, 2.25, 0, 0 
9, 76931, 863958667, 0.00, 100.00, 0.00, 2.25, 0, 0 
0, 76931, 864810784, 0.00, 100.00, 0.00, 2.25, 0, 0 
1, 76931, 865674291, 0.00, 100.00, 0.00, 2.25, 0, 0 
2, 76931, 866376228, 0.00, 100.00, 0.00, 2.25, 0, 0 
3, 76931, 867062299, 0.00, 100.00, 0.00, 2.25, 0, 0 
4, 76931, 867708940, 0.00, 100.00, 0.00, 2.25, 0, 0 
5, 76931, 868362586, 0.00, 100.00, 0.00, 2.25, 0, 0 
6, 76931, 869087027, 0.00, 100.00, 0.00, 2.25, 0, 0 
7, 76931, 869738016, 0.00, 100.00, 0.00, 2.25, 0, 0 
8, 76931, 870382560, 0.00, 100.00, 0.00, 2.25, 0, 0 
9, 76931, 870993655, 0.00, 100.00, 0.00, 2.25, 0, 0 
0, 76931, 871643926, 0.00, 100.00, 0.00, 2.25, 0, 0 
1, 76931, 872256880, 0.00, 100.00, 0.00, 2.25, 0, 0 
2, 76931, 872882703, 0.00, 100.00, 0.00, 2.25, 0, 0 
3, 76931, 873516295, 0.00, 100.00, 0.00, 2.25, 0, 0 
4, 76931, 874148720, 0.00, 100.00, 0.00, 2.25, 0, 0 
5, 76931, 874780432, 0.00, 100.00, 0.00, 2.25, 0, 0 
6, 76931, 875398518, 0.00, 100.00, 0.00, 2.25, 0, 0 
7, 76931, 875983438, 0.00, 100.00, 0.00, 2.25, 0, 0 
8, 76931, 876571679, 0.00, 100.00, 0.00, 2.25, 0, 0 
9, 76931, 877169177, 0.00, 100.00, 0.00, 2.25, 0, 0 
0, 76931, 877871656, 0.00, 100.00, 0.00, 2.25, 0, 0 
1, 76931, 878563483, 0.00, 100.00, 0.00, 2.25, 0, 0 
2, 76931, 879344716, 0.00, 100.00, 0.00, 2.25, 0, 0 
3, 76931, 880153529, 0.00, 100.00, 0.00, 2.25, 0, 0 
4, 76931, 880971659, 0.00, 100.00, 0.00, 2.25, 0, 0 
5, 76931, 881878027, 0.00, 100.00, 0.00, 2.25, 0, 0 
6, 76931, 882765606, 0.00, 100.00, 0.00, 2.25, 0, 0 
7, 76931, 883627704, 0.00, 100.00, 0.00, 2.25, 0, 0 
8, 76931, 884253191, 0.00, 100.00, 0.00, 2.25, 0, 0 
9, 76931, 885011943, 0.00, 100.00, 0.00, 2.25, 0, 0 
0, 76931, 885790126, 0.00, 100.00, 0.00, 2.25, 0, 0 
1, 76931, 886592592, 0.00, 100.00, 0.00, 2.25, 0, 0 
2, 76931, 887469615, 0.00, 100.00, 0.00, 2.25, 0, 0 
3, 76931, 888375015, 0.00, 100.00, 0.00, 2.25, 0, 0 
4, 76931, 889130056, 0.00, 100.00, 0.00, 2.25, 0, 0 
5, 76931, 889985768, 0.00, 100.00, 0.00, 2.25, 0, 0 
6, 76931, 890689601, 0.00, 100.00, 0.00, 2.25, 0, 0 
7, 76931, 891570131, 0.00, 100.00, 0.00, 2.25, 0, 0 
8, 76931, 892442745, 0.00, 100.00, 0.00, 2.25, 0, 0 
9, 76931, 893201468, 0.00, 100.00, 0.00, 2.25, 0, 0 
0, 76931, 893984534, 0.00, 100.00, 0.00, 2.25, 0, 0 
1, 76931, 894777293, 0.00, 100.00, 0.00, 2.25, 0, 0 
2, 76931, 895668227, 0.00, 100.00, 0.00, 2.25, 0, 0 
3, 76931, 896478493, 0.00, 100.00, 0.00, 2.25, 0, 0 
4, 76931, 897363600, 0.00, 100.00, 0.00, 2.25, 0, 0 
5, 76931, 898208472, 0.00, 100.00, 0.00, 2.25, 0, 0 
6, 76931, 898947735, 0.00, 100.00, 0.00, 2.25, 0, 0 
7, 76931, 899596469, 0.00, 100.00, 0.00, 2.25, 0, 0 
8, 76931, 900250501, 0.00, 100.00, 0.00, 2.25, 0, 0 
9, 76931, 901111806, 0.00, 100.00, 0.00, 2.25, 0, 0 
0, 76931, 901851092, 0.00, 100.00, 0.00, 2.25, 0, 0 
1, 76931, 902728514, 0.00, 100.00, 0.00, 2.25, 0, 0 
2, 76931, 903598123, 0.00, 100.00, 0.00, 2.25, 0, 0 
3, 76931, 904445568, 0.00, 100.00, 0.00, 2.25, 0, 0 
4, 76931, 905089177, 0.00, 100.00, 0.00, 2.25, 0, 0 
5, 76931, 905780434, 0.00, 100.00, 0.00, 2.25, 0, 0 
6, 76931, 906565524, 0.00, 100.00, 0.00, 2.25, 0, 0 
7, 76931, 907486084, 0.00, 100.00, 0.00, 2.25, 0, 0 
8, 76931, 908217928, 0.00, 100.00, 0.00, 2.25, 0, 0 
9, 76931, 908955735, 0.00, 100.00, 0.00, 2.25, 0, 0 
0, 76931, 909692145, 0.00, 100.00, 0.00, 2.25, 0, 0 
1, 76931, 910255377, 0.00, 100.00, 0.00, 2.25, 0, 0 
2, 76931, 910886853, 0.00, 100.00, 0.00, 2.25, 0, 0 
3, 76931, 911781846, 0.00, 100.00, 0.00, 2.25, 0, 0 
4, 76931, 912698725, 0.00, 100.00, 0.00, 2.25, 0, 0 
5, 76931, 913424712, 0.00, 100.00, 0.00, 2.25, 0, 0 
6, 76931, 913999587, 0.00, 100.00, 0.00, 2.25, 0, 0 
7, 76931, 914749819, 0.00, 100.00, 0.00, 2.25, 0, 0 
8, 76931, 915501982, 0.00, 100.00, 0.00, 2.25, 0, 0 
9, 76931, 916092838, 0.00, 100.00, 0.00, 2.25, 0, 0 
0, 76931, 916746885, 0.00, 100.00, 0.00, 2.25, 0, 0 
1, 76931, 917413657, 0.00, 100.00, 0.00, 2.25, 0, 0 
2, 76931, 918225639, 0.00, 100.00, 0.00, 2.25, 0, 0 
3, 76931, 919116967, 0.00, 100.00, 0.00, 2.25, 0, 0 
4, 76931, 920006619, 0.00, 100.00, 0.00, 2.25, 0, 0 
5, 76931, 920886315, 0.00, 100.00, 0.00, 2.25, 0, 0 
6, 76931, 921713992, 0.00, 100.00, 0.00, 2.25, 0, 0 
7, 76931, 922617782, 0.00, 100.00, 0.00, 2.25, 0, 0 
8, 76931, 923524676, 0.00, 100.00, 0.00, 2.25, 0, 0 
9, 76931, 924434257, 0.00, 100.00, 0.00, 2.25, 0, 0 
0, 76931, 925352419, 0.00, 100.00, 0.00, 2.25, 0, 0 
1, 76931, 926102939, 0.00, 100.00, 0.00, 2.25, 0, 0 
2, 76931, 926778419, 0.00, 100.00, 0.00, 2.25, 0, 0 
3, 76931, 927596845, 0.00, 100.00, 0.00, 2.25, 0, 0 
4, 76931, 928434472, 0.00, 100.00, 0.00, 2.25, 0, 0 
5, 76931, 929066398, 0.00, 100.00, 0.00, 2.25, 0, 0 
6, 76931, 929788665, 0.00, 100.00, 0.00, 2.25, 0, 0 
7, 76931, 930493147, 0.00, 100.00, 0.00, 2.25, 0, 0 
8, 76931, 931399165, 0.00, 100.00, 0.00, 2.25, 0, 0 
9, 76931, 932305013, 0.00, 100.00, 0.00, 2.25, 0, 0 
0, 76931, 933252026, 0.00, 100.00, 0.00, 2.25, 0, 0 
1, 76931, 933792328, 0.00, 100.00, 0.00, 2.25, 0, 0 
2, 76931, 934542594, 0.00, 100.00, 0.00, 2.25, 0, 0 
3, 76931, 935314467, 0.00, 100.00, 0.00, 2.25, 0, 0 
4, 76931, 936109346, 0.00, 100.00, 0.00, 2.25, 0, 0 
5, 76931, 936978796, 0.00, 100.00, 0.00, 2.25, 0, 0 
6, 76931, 937782327, 0.00, 100.00, 0.00, 2.25, 0, 0 
7, 76931, 938338470, 0.00, 100.00, 0.00, 2.25, 0, 0 
8, 76931, 939098881, 0.00, 100.00, 0.00, 2.25, 0, 0 
9, 76931, 940047913, 0.00, 100.00, 0.00, 2.25, 0, 0 
0, 76931, 940864611, 0.00, 100.00, 0.00, 2.25, 0, 0 
1, 76931, 941741870, 0.00, 100.00, 0.00, 2.25, 0, 0 
2, 76931, 942622711, 0.00, 100.00, 0.00, 2.25, 0, 0 
3, 76931, 943468943, 0.00, 100.00, 0.00, 2.25, 0, 0 
4, 76931, 944352301, 0.00, 100.00, 0.00, 2.25, 0, 0 
5, 76931, 945138961, 0.00, 100.00, 0.00, 2.25, 0, 0 
6, 76931, 945954949, 0.00, 100.00, 0.00, 2.25, 0, 0 
7, 76931, 946704152, 0.00, 100.00, 0.00, 2.25, 0, 0 
8, 76931, 947397030, 0.00, 100.00, 0.00, 2.25, 0, 0 
9, 76931, 948319187, 0.00, 100.00, 0.00, 2.25, 0, 0 
0, 76931, 949152506, 0.00, 100.00, 0.00, 2.25, 0, 0 
1, 76931, 949852078, 0.00, 100.00, 0.00, 2.25, 0, 0 
2, 76931, 950450893, 0.00, 100.00, 0.00, 2.25, 0, 0 
3, 76931, 951093084, 0.00, 100.00, 0.00, 2.25, 0, 0 
4, 76931, 951980418, 0.00, 100.00, 0.00, 2.25, 0, 0 
5, 76931, 952825733, 0.00, 100.00, 0.00, 2.25, 0, 0 
6, 76931, 953512974, 0.00, 100.00, 0.00, 2.25, 0, 0 
7, 76931, 954371902, 0.00, 100.00, 0.00, 2.25, 0, 0 
8, 76931, 955093818, 0.00, 100.00, 0.00, 2.25, 0, 0 
9, 76931, 956037143, 0.00, 100.00, 0.00, 2.25, 0, 0 
0, 76931, 956760526, 0.00, 100.00, 0.00, 2.25, 0, 0 
1, 76931, 957347807, 0.00, 100.00, 0.00, 2.25, 0, 0 
2, 76931, 958150605, 0.00, 100.00, 0.00, 2.25, 0, 0 
3, 76931, 959062042, 0.00, 100.00, 0.00, 2.25, 0, 0 
4, 76931, 959971273, 0.00, 100.00, 0.00, 2.25, 0, 0 
5, 76931, 960660606, 0.00, 100.00, 0.00, 2.25, 0, 0 
6, 76931, 961515373, 0.00, 100.00, 0.00, 2.25, 0, 0 
7, 76931, 962241836, 0.00, 100.00, 0.00, 2.25, 0, 0 
8, 76931, 962867884, 0.00, 100.00, 0.00, 2.25, 0, 0 
9, 76931, 963735053, 0.00, 100.00, 0.00, 2.25, 0, 0 
0, 76931, 964608116, 0.00, 100.00, 0.00, 2.25, 0, 0 
1, 76931, 965399670, 0.00, 100.00, 0.00, 2.25, 0, 0 
2, 76931, 966153791, 0.00, 100.00, 0.00, 2.25, 0, 0 
3, 76931, 966902891, 0.00, 100.00, 0.00, 2.25, 0, 0 
4, 76931, 967572428, 0.00, 100.00, 0.00, 2.25, 0, 0 
5, 76931, 968256517, 0.00, 100.00, 0.00, 2.25, 0, 0 
6, 76931, 968829755, 0.00, 100.00, 0.00, 2.25, 0, 0 
7, 76931, 969517930, 0.00, 100.00, 0.00, 2.25, 0, 0 
8, 76931, 970145881, 0.00, 100.00, 0.00, 2.25, 0, 0 
9, 76931, 970762820, 0.00, 100.00, 0.00, 2.25, 0, 0 
0, 76931, 971531880, 0.00, 100.00, 0.00, 2.25, 0, 0 
1, 76931, 972142473, 0.00, 100.00, 0.00, 2.25, 0, 0 
2, 76931, 972857981, 0.00, 100.00, 0.00, 2.25, 0, 0 
3, 76931, 973534709, 0.00, 100.00, 0.00, 2.25, 0, 0 
4, 76931, 974228377, 0.00, 100.00, 0.00, 2.25, 0, 0 
5, 76931, 974915158, 0.00, 100.00, 0.00, 2.25, 0, 0 
6, 76931, 975528888, 0.00, 100.00, 0.00, 2.25, 0, 0 
7, 76931, 976192744, 0.00, 100.00, 0.00, 2.25, 0, 0 
8, 76931, 976782812, 0.00, 100.00, 0.00, 2.25, 0, 0 
9, 76931, 977497438, 0.00, 100.00, 0.00, 2.25, 0, 0 
0, 76931, 978223589, 0.00, 100.00, 0.00, 2.25, 0, 0 
1, 76931, 978798856, 0.00, 100.00, 0.00, 2.25, 0, 0 
2, 76931, 979538236, 0.00, 100.00, 0.00, 2.25, 0, 0 
3, 76931, 980303744, 0.00, 100.00, 0.00, 2.25, 0, 0 
4, 76931, 981065535, 0.00, 100.00, 0.00, 2.25, 0, 0 
5, 76931, 981823900, 0.00, 100.00, 0.00, 2.25, 0, 0 
6, 76931, 982543573, 0.00, 100.00, 0.00, 2.25, 0, 0 
7, 76931, 983124876, 0.00, 100.00, 0.00, 2.25, 0, 0 
8, 76931, 983791419, 0.00, 100.00, 0.00, 2.25, 0, 0 
9, 76931, 984518070, 0.00, 100.00, 0.00, 2.25, 0, 0 
0, 76931, 985245812, 0.00, 100.00, 0.00, 2.25, 0, 0 
1, 76931, 985905286, 0.00, 100.00, 0.00, 2.25, 0, 0 
2, 76931, 986623737, 0.00, 100.00, 0.00, 2.25, 0, 0 
3, 76931, 987212492, 0.00, 100.00, 0.00, 2.25, 0, 0 
4, 76931, 987970220, 0.00, 100.00, 0.00, 2.25, 0, 0 
5, 76931, 988724673, 0.00, 100.00, 0.00, 2.25, 0, 0 
6, 76931, 989411113, 0.00, 100.00, 0.00, 2.25, 0, 0 
7, 76931, 990023440, 0.00, 100.00, 0.00, 2.25, 0, 0 
8, 76931, 990656825, 0.00, 100.00, 0.00, 2.25, 0, 0 
9, 76931, 991288891, 0.00, 100.00, 0.00, 2.25, 0, 0 
0, 76931, 991921384, 0.00, 100.00, 0.00, 2.25, 0, 0 
1, 76931, 992528441, 0.00, 100.00, 0.00, 2.25, 0, 0 
2, 76931, 993108193, 0.00, 100.00, 0.00, 2.25, 0, 0 
3, 76931, 993830773, 0.00, 100.00, 0.00, 2.25, 0, 0 
4, 76931, 994534452, 0.00, 100.00, 0.00, 2.25, 0, 0 
5, 76931, 995326131, 0.00, 100.00, 0.00, 2.25, 0, 0 
6, 76931, 995910000, 0.00, 100.00, 0.00, 2.25, 0, 0 
7, 76931, 996682355, 0.00, 100.00, 0.00, 2.25, 0, 0 
8, 76931, 997473488, 0.00, 100.00, 0.00, 2.25, 0, 0 
9, 76931, 998272779, 0.00, 100.00, 0.00, 2.25, 0, 0 
0, 76931, 998977177, 0.00, 100.00, 0.00, 2.25, 0, 0 
1, 76931, 999579944, 0.00, 100.00, 0.00, 2.25, 0, 0 
2, 76932, 153563, 0.00, 100.00, 0.00, 2.25, 0, 0 
3, 76932, 903098, 0.00, 100.00, 0.00, 2.25, 0, 0 
4, 76932, 1539488, 0.00, 100.00, 0.00, 2.25, 0, 0 
5, 76932, 2197867, 0.00, 100.00, 0.00, 2.25, 0, 0 
6, 76932, 2958083, 0.00, 100.00, 0.00, 2.25, 0, 0 
7, 76932, 3703315, 0.00, 100.00, 0.00, 2.25, 0, 0 
8, 76932, 4383181, 0.00, 100.00, 0.00, 2.25, 0, 0 
9, 76932, 5171025, 0.00, 100.00, 0.00, 2.25, 0, 0 
0, 76932, 5975981, 0.00, 100.00, 0.00, 2.25, 0, 0 
1, 76932, 6538899, 0.00, 100.00, 0.00, 2.25, 0, 0 
2, 76932, 7278453, 0.00, 100.00, 0.00, 2.25, 0, 0 
3, 76932, 8025953, 0.00, 100.00, 0.00, 2.25, 0, 0 
4, 76932, 8674695, 0.00, 100.00, 0.00, 2.25, 0, 0 
5, 76932, 9367732, 0.00, 100.00, 0.00, 2.25, 0, 0 
6, 76932, 10085873, 0.00, 100.00, 0.00, 2.25, 0, 0 
7, 76932, 10847136, 0.00, 100.00, 0.00, 2.25, 0, 0 
8, 76932, 11666515, 0.00, 100.00, 0.00, 2.25, 0, 0 
9, 76932, 12229797, 0.00, 100.00, 0.00, 2.25, 0, 0 
0, 76932, 12913894, 0.00, 100.00, 0.00, 2.25, 0, 0 
1, 76932, 13643909, 0.00, 100.00, 0.00, 2.25, 0, 0 
2, 76932, 14376835, 0.00, 100.00, 0.00, 2.25, 0, 0 
3, 76932, 15109810, 0.00, 100.00, 0.00, 2.25, 0, 0 
4, 76932, 15744039, 0.00, 100.00, 0.00, 2.25, 0, 0 
5, 76932, 16382870, 0.00, 100.00, 0.00, 2.25, 0, 0 
6, 76932, 17070611, 0.00, 100.00, 0.00, 2.25, 0, 0 
7, 76932, 17799478, 0.00, 100.00, 0.00, 2.25, 0, 0 
8, 76932, 18534399, 0.00, 100.00, 0.00, 2.25, 0, 0 
9, 76932, 19206628, 0.00, 100.00, 0.00, 2.25, 0, 0 
0, 76932, 20019089, 0.00, 100.00, 0.00, 2.25, 0, 0 
1, 76932, 20617779, 0.00, 100.00, 0.00, 2.25, 0, 0 
2, 76932, 21363962, 0.00, 100.00, 0.00, 2.25, 0, 0 
3, 76932, 22139887, 0.00, 100.00, 0.00, 2.25, 0, 0 
4, 76932, 22916861, 0.00, 100.00, 0.00, 2.25, 0, 0 
5, 76932, 23738824, 0.00, 100.00, 0.00, 2.25, 0, 0 
6, 76932, 24388033, 0.00, 100.00, 0.00, 2.25, 0, 0 
7, 76932, 24984283, 0.00, 100.00, 0.00, 2.25, 0, 0 
8, 76932, 25549712, 0.00, 100.00, 0.00, 2.25, 0, 0 
9, 76932, 26238210, 0.00, 100.00, 0.00, 2.25, 0, 0 
0, 76932, 27032516, 0.00, 100.00, 0.00, 2.25, 0, 0 
1, 76932, 27628707, 0.00, 100.00, 0.00, 2.25, 0, 0 
2, 76932, 28202136, 0.00, 100.00, 0.00, 2.25, 0, 0 
3, 76932, 28903807, 0.00, 100.00, 0.00, 2.25, 0, 0 
4, 76932, 29473474, 0.00, 100.00, 0.00, 2.25, 0, 0 
5, 76932, 30189681, 0.00, 100.00, 0.00, 2.25, 0, 0 
6, 76932, 30856147, 0.00, 100.00, 0.00, 2.25, 0, 0 
7, 76932, 31642594, 0.00, 100.00, 0.00, 2.25, 0, 0 
8, 76932, 32314183, 0.00, 100.00, 0.00, 2.25, 0, 0 
9, 76932, 32877652, 0.00, 100.00, 0.00, 2.25, 0, 0 
0, 76932, 33582583, 0.00, 100.00, 0.00, 2.25, 0, 0 
1, 76932, 34148986, 0.00, 100.00, 0.00, 2.25, 0, 0 
2, 76932, 34841933, 0.00, 100.00, 0.00, 2.25, 0, 0 
3, 76932, 35427219, 0.00, 100.00, 0.00, 2.25, 0, 0 
4, 76932, 36205157, 0.00, 100.00, 0.00, 2.25, 0, 0 
5, 76932, 36966131, 0.00, 100.00, 0.00, 2.25, 0, 0 
6, 76932, 37751327, 0.00, 100.00, 0.00, 2.25, 0, 0 
7, 76932, 38533623, 0.00, 100.00, 0.00, 2.25, 0, 0 
8, 76932, 39148220, 0.00, 100.00, 0.00, 2.25, 0, 0 
9, 76932, 39917846, 0.00, 100.00, 0.00, 2.25, 0, 0 
0, 76932, 40524603, 0.00, 100.00, 0.00, 2.25, 0, 0 
1, 76932, 41138022, 0.00, 100.00, 0.00, 2.25, 0, 0 
2, 76932, 41826401, 0.00, 100.00, 0.00, 2.25, 0, 0 
3, 76932, 42409515, 0.00, 100.00, 0.00, 2.25, 0, 0 
4, 76932, 43117546, 0.00, 100.00, 0.00, 2.25, 0, 0 
5, 76932, 43743945, 0.00, 100.00, 0.00, 2.25, 0, 0 
6, 76932, 44355310, 0.00, 100.00, 0.00, 2.25, 0, 0 
7, 76932, 44935048, 0.00, 100.00, 0.00, 2.25, 0, 0 
8, 76932, 45654926, 0.00, 100.00, 0.00, 2.25, 0, 0 
9, 76932, 46338593, 0.00, 100.00, 0.00, 2.25, 0, 0 
0, 76932, 47111766, 0.00, 100.00, 0.00, 2.25, 0, 0 
1, 76932, 47798082, 0.00, 100.00, 0.00, 2.25, 0, 0 
2, 76932, 48429012, 0.00, 100.00, 0.00, 2.25, 0, 0 
3, 76932, 49073770, 0.00, 100.00, 0.00, 2.25, 0, 0 
4, 76932, 49721447, 0.00, 100.00, 0.00, 2.25, 0, 0 
5, 76932, 50377249, 0.00, 100.00, 0.00, 2.25, 0, 0 
6, 76932, 50990314, 0.00, 100.00, 0.00, 2.25, 0, 0 
7, 76932, 51636915, 0.00, 100.00, 0.00, 2.25, 0, 0 
8, 76932, 52319101, 0.00, 100.00, 0.00, 2.25, 0, 0 
9, 76932, 52942344, 0.00, 100.00, 0.00, 2.25, 0, 0 
0, 76932, 53603845, 0.00, 100.00, 0.00, 2.25, 0, 0 
1, 76932, 54205587, 0.00, 100.00, 0.00, 2.25, 0, 0 
2, 76932, 54817631, 0.00, 100.00, 0.00, 2.25, 0, 0 
3, 76932, 55398513, 0.00, 100.00, 0.00, 2.25, 0, 0 
4, 76932, 56117099, 0.00, 100.00, 0.00, 2.25, 0, 0 
5, 76932, 56747193, 0.00, 100.00, 0.00, 2.25, 0, 0 
6, 76932, 57381550, 0.00, 100.00, 0.00, 2.25, 0, 0 
7, 76932, 58024972, 0.00, 100.00, 0.00, 2.25, 0, 0 
8, 76932, 58701158, 0.00, 100.00, 0.00, 2.25, 0, 0 
9, 76932, 59503751, 0.00, 100.00, 0.00, 2.25, 0, 0 
0, 76932, 60275513, 0.00, 100.00, 0.00, 2.25, 0, 0 
1, 76932, 60904324, 0.00, 100.00, 0.00, 2.25, 0, 0 
2, 76932, 61495266, 0.00, 100.00, 0.00, 2.25, 0, 0 
3, 76932, 62135415, 0.00, 100.00, 0.00, 2.25, 0, 0 
4, 76932, 62867572, 0.00, 100.00, 0.00, 2.25, 0, 0 
5, 76932, 63705744, 0.00, 100.00, 0.00, 2.25, 0, 0 
6, 76932, 64458652, 0.00, 100.00, 0.00, 2.25, 0, 0 
7, 76932, 65030595, 0.00, 100.00, 0.00, 2.25, 0, 0 
8, 76932, 65600908, 0.00, 100.00, 0.00, 2.25, 0, 0 
9, 76932, 66220568, 0.00, 100.00, 0.00, 2.25, 0, 0 
0, 76932, 66816898, 0.00, 100.00, 0.00, 2.25, 0, 0 
1, 76932, 67552780, 0.00, 100.00, 0.00, 2.25, 0, 0 
2, 76932, 68286206, 0.00, 100.00, 0.00, 2.25, 0, 0 
3, 76932, 68984663, 0.00, 100.00, 0.00, 2.25, 0, 0 
4, 76932, 69746045, 0.00, 100.00, 0.00, 2.25, 0, 0 
5, 76932, 70518827, 0.00, 100.00, 0.00, 2.25, 0, 0 
6, 76932, 71216163, 0.00, 100.00, 0.00, 2.25, 0, 0 
7, 76932, 71918196, 0.00, 100.00, 0.00, 2.25, 0, 0 
8, 76932, 72497593, 0.00, 100.00, 0.00, 2.25, 0, 0 
9, 76932, 73229099, 0.00, 100.00, 0.00, 2.25, 0, 0 
0, 76932, 73941637, 0.00, 100.00, 0.00, 2.25, 0, 0 
1, 76932, 74684546, 0.00, 100.00, 0.00, 2.25, 0, 0 
2, 76932, 75418290, 0.00, 100.00, 0.00, 2.25, 0, 0 
3, 76932, 76177932, 0.00, 100.00, 0.00, 2.25, 0, 0 
4, 76932, 76947830, 0.00, 100.00, 0.00, 2.25, 0, 0 
5, 76932, 77713782, 0.00, 100.00, 0.00, 2.25, 0, 0 
6, 76932, 78485662, 0.00, 100.00, 0.00, 2.25, 0, 0 
7, 76932, 79255690, 0.00, 100.00, 0.00, 2.25, 0, 0 
8, 76932, 80018146, 0.00, 100.00, 0.00, 2.25, 0, 0 
9, 76932, 80783353, 0.00, 100.00, 0.00, 2.25, 0, 0 
0, 76932, 81566914, 0.00, 100.00, 0.00, 2.25, 0, 0 
1, 76932, 82300522, 0.00, 100.00, 0.00, 2.25, 0, 0 
2, 76932, 83025079, 0.00, 100.00, 0.00, 2.25, 0, 0 
3, 76932, 83716254, 0.00, 100.00, 0.00, 2.25, 0, 0 
4, 76932, 84298457, 0.00, 100.00, 0.00, 2.25, 0, 0 
5, 76932, 85058081, 0.00, 100.00, 0.00, 2.25, 0, 0 
6, 76932, 85706721, 0.00, 100.00, 0.00, 2.25, 0, 0 
7, 76932, 86410363, 0.00, 100.00, 0.00, 2.25, 0, 0 
8, 76932, 87111137, 0.00, 100.00, 0.00, 2.25, 0, 0 
9, 76932, 87889008, 0.00, 100.00, 0.00, 2.25, 0, 0 
0, 76932, 88667930, 0.00, 100.00, 0.00, 2.25, 0, 0 
1, 76932, 89250384, 0.00, 100.00, 0.00, 2.25, 0, 0 
2, 76932, 89953279, 0.00, 100.00, 0.00, 2.25, 0, 0 
3, 76932, 90623805, 0.00, 100.00, 0.00, 2.25, 0, 0 
4, 76932, 91290939, 0.00, 100.00, 0.00, 2.25, 0, 0 
5, 76932, 92040757, 0.00, 100.00, 0.00, 2.25, 0, 0 
6, 76932, 92710484, 0.00, 100.00, 0.00, 2.25, 0, 0 
7, 76932, 93290602, 0.00, 100.00, 0.00, 2.25, 0, 0 
8, 76932, 94036521, 0.00, 100.00, 0.00, 2.25, 0, 0 
9, 76932, 94802606, 0.00, 100.00, 0.00, 2.25, 0, 0 
0, 76932, 95589141, 0.00, 100.00, 0.00, 2.25, 0, 0 
1, 76932, 96222567, 0.00, 100.00, 0.00, 2.25, 0, 0 
2, 76932, 96941647, 0.00, 100.00, 0.00, 2.25, 0, 0 
3, 76932, 97697760, 0.00, 100.00, 0.00, 2.25, 0, 0 
4, 76932, 98438783, 0.00, 100.00, 0.00, 2.25, 0, 0 
5, 76932, 99098719, 0.00, 100.00, 0.00, 2.25, 0, 0 
6, 76932, 99853686, 0.00, 100.00, 0.00, 2.25, 0, 0 
7, 76932, 100562950, 0.00, 100.00, 0.00, 2.25, 0, 0 
8, 76932, 101356891, 0.00, 100.00, 0.00, 2.25, 0, 0 
9, 76932, 101987075, 0.00, 100.00, 0.00, 2.25, 0, 0 
0, 76932, 102627187, 0.00, 100.00, 0.00, 2.25, 0, 0 
1, 76932, 103261389, 0.00, 100.00, 0.00, 2.25, 0, 0 
2, 76932, 103895742, 0.00, 100.00, 0.00, 2.25, 0, 0 
3, 76932, 104569434, 0.00, 100.00, 0.00, 2.25, 0, 0 
4, 76932, 105316262, 0.00, 100.00, 0.00, 2.25, 0, 0 
5, 76932, 106070302, 0.00, 100.00, 0.00, 2.25, 0, 0 
6, 76932, 106809465, 0.00, 100.00, 0.00, 2.25, 0, 0 
7, 76932, 107458825, 0.00, 100.00, 0.00, 2.25, 0, 0 
8, 76932, 108147885, 0.00, 100.00, 0.00, 2.25, 0, 0 
9, 76932, 108890195, 0.00, 100.00, 0.00, 2.25, 0, 0 
0, 76932, 109626013, 0.00, 100.00, 0.00, 2.25, 0, 0 
1, 76932, 110307653, 0.00, 100.00, 0.00, 2.25, 0, 0 
2, 76932, 111036123, 0.00, 100.00, 0.00, 2.25, 0, 0 
3, 76932, 111799684, 0.00, 100.00, 0.00, 2.25, 0, 0 
4, 76932, 112562656, 0.00, 100.00, 0.00, 2.25, 0, 0 
5, 76932, 113344386, 0.00, 100.00, 0.00, 2.25, 0, 0 
6, 76932, 114106329, 0.00, 100.00, 0.00, 2.25, 0, 0 
7, 76932, 114897859, 0.00, 100.00, 0.00, 2.25, 0, 0 
8, 76932, 115560665, 0.00, 100.00, 0.00, 2.25, 0, 0 
9, 76932, 116186681, 0.00, 100.00, 0.00, 2.25, 0, 0 
0, 76932, 116842278, 0.00, 100.00, 0.00, 2.25, 0, 0 
1, 76932, 117514963, 0.00, 100.00, 0.00, 2.25, 0, 0 
2, 76932, 118200479, 0.00, 100.00, 0.00, 2.25, 0, 0 
3, 76932, 118821325, 0.00, 100.00, 0.00, 2.25, 0, 0 
4, 76932, 119405723, 0.00, 100.00, 0.00, 2.25, 0, 0 
5, 76932, 120166543, 0.00, 100.00, 0.00, 2.25, 0, 0 
6, 76932, 120937875, 0.00, 100.00, 0.00, 2.25, 0, 0 
7, 76932, 121687534, 0.00, 100.00, 0.00, 2.25, 0, 0 
8, 76932, 122435287, 0.00, 100.00, 0.00, 2.25, 0, 0 
9, 76932, 123110994, 0.00, 100.00, 0.00, 2.25, 0, 0 
0, 76932, 123804102, 0.00, 100.00, 0.00, 2.25, 0, 0 
1, 76932, 124439038, 0.00, 100.00, 0.00, 2.25, 0, 0 
2, 76932, 125134907, 0.00, 100.00, 0.00, 2.25, 0, 0 
3, 76932, 125705924, 0.00, 100.00, 0.00, 2.25, 0, 0 
4, 76932, 126408766, 0.00, 100.00, 0.00, 2.25, 0, 0 
5, 76932, 127003339, 0.00, 100.00, 0.00, 2.25, 0, 0 
6, 76932, 127781947, 0.00, 100.00, 0.00, 2.25, 0, 0 
7, 76932, 128551521, 0.00, 100.00, 0.00, 2.25, 0, 0 
8, 76932, 129319152, 0.00, 100.00, 0.00, 2.25, 0, 0 
9, 76932, 129889811, 0.00, 100.00, 0.00, 2.25, 0, 0 
0, 76932, 130612933, 0.00, 100.00, 0.00, 2.25, 0, 0 
1, 76932, 131202398, 0.00, 100.00, 0.00, 2.25, 0, 0 
2, 76932, 131769666, 0.00, 100.00, 0.00, 2.25, 0, 0 
3, 76932, 132484912, 0.00, 100.00, 0.00, 2.25, 0, 0 
4, 76932, 133068714, 0.00, 100.00, 0.00, 2.25, 0, 0 
5, 76932, 133745065, 0.00, 100.00, 0.00, 2.25, 0, 0 
6, 76932, 134334027, 0.00, 100.00, 0.00, 2.25, 0, 0 
7, 76932, 135061523, 0.00, 100.00, 0.00, 2.25, 0, 0 
8, 76932, 135734968, 0.00, 100.00, 0.00, 2.25, 0, 0 
9, 76932, 136491563, 0.00, 100.00, 0.00, 2.25, 0, 0 
0, 76932, 137272490, 0.00, 100.00, 0.00, 2.25, 0, 0 
1, 76932, 137999847, 0.00, 100.00, 0.00, 2.25, 0, 0 
2, 76932, 138739496, 0.00, 100.00, 0.00, 2.25, 0, 0 
3, 76932, 139411463, 0.00, 100.00, 0.00, 2.25, 0, 0 
4, 76932, 140186032, 0.00, 100.00, 0.00, 2.25, 0, 0 
5, 76932, 140960767, 0.00, 100.00, 0.00, 2.25, 0, 0 
6, 76932, 141736449, 0.00, 100.00, 0.00, 2.25, 0, 0 
7, 76932, 142501532, 0.00, 100.00, 0.00, 2.25, 0, 0 
8, 76932, 143273067, 0.00, 100.00, 0.00, 2.25, 0, 0 
9, 76932, 144047696, 0.00, 100.00, 0.00, 2.25, 0, 0 
0, 76932, 144838446, 0.00, 100.00, 0.00, 2.25, 0, 0 
1, 76932, 145428152, 0.00, 100.00, 0.00, 2.25, 0, 0 
2, 76932, 146184336, 0.00, 100.00, 0.00, 2.25, 0, 0 
3, 76932, 146958222, 0.00, 100.00, 0.00, 2.25, 0, 0 
4, 76932, 147737024, 0.00, 100.00, 0.00, 2.25, 0, 0 
5, 76932, 148299490, 0.00, 100.00, 0.00, 2.25, 0, 0 
6, 76932, 148990769, 0.00, 100.00, 0.00, 2.25, 0, 0 
7, 76932, 149569647, 0.00, 100.00, 0.00, 2.25, 0, 0 
8, 76932, 150251481, 0.00, 100.00, 0.00, 2.25, 0, 0 
9, 76932, 150951358, 0.00, 100.00, 0.00, 2.25, 0, 0 
0, 76932, 151596078, 0.00, 100.00, 0.00, 2.25, 0, 0 
1, 76932, 152243098, 0.00, 100.00, 0.00, 2.25, 0, 0 
2, 76932, 152984501, 0.00, 100.00, 0.00, 2.25, 0, 0 
3, 76932, 153757358, 0.00, 100.00, 0.00, 2.25, 0, 0 
4, 76932, 154526856, 0.00, 100.00, 0.00, 2.25, 0, 0 
5, 76932, 155303312, 0.00, 100.00, 0.00, 2.25, 0, 0 
6, 76932, 156079580, 0.00, 100.00, 0.00, 2.25, 0, 0 
7, 76932, 156848135, 0.00, 100.00, 0.00, 2.25, 0, 0 
8, 76932, 157680568, 0.00, 100.00, 0.00, 2.25, 0, 0 
9, 76932, 158488719, 0.00, 100.00, 0.00, 2.25, 0, 0 
0, 76932, 159284540, 0.00, 100.00, 0.00, 2.25, 0, 0 
1, 76932, 159868205, 0.00, 100.00, 0.00, 2.25, 0, 0 
2, 76932, 160581552, 0.00, 100.00, 0.00, 2.25, 0, 0 
3, 76932, 161270620, 0.00, 100.00, 0.00, 2.25, 0, 0 
4, 76932, 161904345, 0.00, 100.00, 0.00, 2.25, 0, 0 
5, 76932, 162652219, 0.00, 100.00, 0.00, 2.25, 0, 0 
6, 76932, 163403563, 0.00, 100.00, 0.00, 2.25, 0, 0 
7, 76932, 164170277, 0.00, 100.00, 0.00, 2.25, 0, 0 
8, 76932, 164861332, 0.00, 100.00, 0.00, 2.25, 0, 0 
9, 76932, 165444852, 0.00, 100.00, 0.00, 2.25, 0, 0 
0, 76932, 166113804, 0.00, 100.00, 0.00, 2.25, 0, 0 
1, 76932, 166705285, 0.00, 100.00, 0.00, 2.25, 0, 0 
2, 76932, 167394749, 0.00, 100.00, 0.00, 2.25, 0, 0 
3, 76932, 168042814, 0.00, 100.00, 0.00, 2.25, 0, 0 
4, 76932, 168757320, 0.00, 100.00, 0.00, 2.25, 0, 0 
5, 76932, 169340695, 0.00, 100.00, 0.00, 2.25, 0, 0 
6, 76932, 170071382, 0.00, 100.00, 0.00, 2.25, 0, 0 
7, 76932, 170712023, 0.00, 100.00, 0.00, 2.25, 0, 0 
8, 76932, 171468844, 0.00, 100.00, 0.00, 2.25, 0, 0 
9, 76932, 172193465, 0.00, 100.00, 0.00, 2.25, 0, 0 
0, 76932, 172794483, 0.00, 100.00, 0.00, 2.25, 0, 0 
1, 76932, 173457979, 0.00, 100.00, 0.00, 2.25, 0, 0 
2, 76932, 174067923, 0.00, 100.00, 0.00, 2.25, 0, 0 
3, 76932, 174648415, 0.00, 100.00, 0.00, 2.25, 0, 0 
4, 76932, 175363920, 0.00, 100.00, 0.00, 2.25, 0, 0 
5, 76932, 176033971, 0.00, 100.00, 0.00, 2.25, 0, 0 
6, 76932, 176790629, 0.00, 100.00, 0.00, 2.25, 0, 0 
7, 76932, 177531532, 0.00, 100.00, 0.00, 2.25, 0, 0 
8, 76932, 178219653, 0.00, 100.00, 0.00, 2.25, 0, 0 
9, 76932, 178979714, 0.00, 100.00, 0.00, 2.25, 0, 0 
0, 76932, 179759757, 0.00, 100.00, 0.00, 2.25, 0, 0 
1, 76932, 180462071, 0.00, 100.00, 0.00, 2.25, 0, 0 
2, 76932, 181209367, 0.00, 100.00, 0.00, 2.25, 0, 0 
3, 76932, 181899164, 0.00, 100.00, 0.00, 2.25, 0, 0 
4, 76932, 182633700, 0.00, 100.00, 0.00, 2.25, 0, 0 
5, 76932, 183266986, 0.00, 100.00, 0.00, 2.25, 0, 0 
6, 76932, 183865138, 0.00, 100.00, 0.00, 2.25, 0, 0 
7, 76932, 184592444, 0.00, 100.00, 0.00, 2.25, 0, 0 
8, 76932, 185208959, 0.00, 100.00, 0.00, 2.25, 0, 0 
9, 76932, 185780077, 0.00, 100.00, 0.00, 2.25, 0, 0 
0, 76932, 186508386, 0.00, 100.00, 0.00, 2.25, 0, 0 
1, 76932, 187150950, 0.00, 100.00, 0.00, 2.25, 0, 0 
2, 76932, 187879330, 0.00, 100.00, 0.00, 2.25, 0, 0 
3, 76932, 188457469, 0.00, 100.00, 0.00, 2.25, 0, 0 
4, 76932, 189213713, 0.00, 100.00, 0.00, 2.25, 0, 0 
5, 76932, 189970873, 0.00, 100.00, 0.00, 2.25, 0, 0 
6, 76932, 190737584, 0.00, 100.00, 0.00, 2.25, 0, 0 
7, 76932, 191510852, 0.00, 100.00, 0.00, 2.25, 0, 0 
8, 76932, 192287392, 0.00, 100.00, 0.00, 2.25, 0, 0 
9, 76932, 193051462, 0.00, 100.00, 0.00, 2.25, 0, 0 
0, 76932, 193834762, 0.00, 100.00, 0.00, 2.25, 0, 0 
1, 76932, 194408491, 0.00, 100.00, 0.00, 2.25, 0, 0 
2, 76932, 195140258, 0.00, 100.00, 0.00, 2.25, 0, 0 
3, 76932, 195830807, 0.00, 100.00, 0.00, 2.25, 0, 0 
4, 76932, 196453386, 0.00, 100.00, 0.00, 2.25, 0, 0 
5, 76932, 197150106, 0.00, 100.00, 0.00, 2.25, 0, 0 
6, 76932, 197779810, 0.00, 100.00, 0.00, 2.25, 0, 0 
7, 76932, 198398853, 0.00, 100.00, 0.00, 2.25, 0, 0 
8, 76932, 199019375, 0.00, 100.00, 0.00, 2.25, 0, 0 
9, 76932, 199605211, 0.00, 100.00, 0.00, 2.25, 0, 0 
0, 76932, 200345436, 0.00, 100.00, 0.00, 2.25, 0, 0 
1, 76932, 201036908, 0.00, 100.00, 0.00, 2.25, 0, 0 
2, 76932, 201631180, 0.00, 100.00, 0.00, 2.25, 0, 0 
3, 76932, 202405220, 0.00, 100.00, 0.00, 2.25, 0, 0 
4, 76932, 203193117, 0.00, 100.00, 0.00, 2.25, 0, 0 
5, 76932, 203796924, 0.00, 100.00, 0.00, 2.25, 0, 0 
6, 76932, 204550386, 0.00, 100.00, 0.00, 2.25, 0, 0 
7, 76932, 205329769, 0.00, 100.00, 0.00, 2.25, 0, 0 
8, 76932, 206093204, 0.00, 100.00, 0.00, 2.25, 0, 0 
9, 76932, 206660056, 0.00, 100.00, 0.00, 2.25, 0, 0 
0, 76932, 207353032, 0.00, 100.00, 0.00, 2.25, 0, 0 
1, 76932, 207935666, 0.00, 100.00, 0.00, 2.25, 0, 0 
2, 76932, 208655674, 0.00, 100.00, 0.00, 2.25, 0, 0 
3, 76932, 209359304, 0.00, 100.00, 0.00, 2.25, 0, 0 
4, 76932, 210120942, 0.00, 100.00, 0.00, 2.25, 0, 0 
5, 76932, 210899025, 0.00, 100.00, 0.00, 2.25, 0, 0 
6, 76932, 211675715, 0.00, 100.00, 0.00, 2.25, 0, 0 
7, 76932, 212257396, 0.00, 100.00, 0.00, 2.25, 0, 0 
8, 76932, 212997291, 0.00, 100.00, 0.00, 2.25, 0, 0 
9, 76932, 213749932, 0.00, 100.00, 0.00, 2.25, 0, 0 
0, 76932, 214531857, 0.00, 100.00, 0.00, 2.25, 0, 0 
1, 76932, 215281360, 0.00, 100.00, 0.00, 2.25, 0, 0 
2, 76932, 216037909, 0.00, 100.00, 0.00, 2.25, 0, 0 
3, 76932, 216733581, 0.00, 100.00, 0.00, 2.25, 0, 0 
4, 76932, 217491549, 0.00, 100.00, 0.00, 2.25, 0, 0 
5, 76932, 218123647, 0.00, 100.00, 0.00, 2.25, 0, 0 
6, 76932, 218798556, 0.00, 100.00, 0.00, 2.25, 0, 0 
7, 76932, 219451645, 0.00, 100.00, 0.00, 2.25, 0, 0 
8, 76932, 220197669, 0.00, 100.00, 0.00, 2.25, 0, 0 
9, 76932, 220872182, 0.00, 100.00, 0.00, 2.25, 0, 0 
0, 76932, 221665476, 0.00, 100.00, 0.00, 2.25, 0, 0 
1, 76932, 222383231, 0.00, 100.00, 0.00, 2.25, 0, 0 
2, 76932, 223113507, 0.00, 100.00, 0.00, 2.25, 0, 0 
3, 76932, 223687101, 0.00, 100.00, 0.00, 2.25, 0, 0 
4, 76932, 224350500, 0.00, 100.00, 0.00, 2.25, 0, 0 
5, 76932, 224934189, 0.00, 100.00, 0.00, 2.25, 0, 0 
6, 76932, 225696430, 0.00, 100.00, 0.00, 2.25, 0, 0 
7, 76932, 226382709, 0.00, 100.00, 0.00, 2.25, 0, 0 
8, 76932, 227001552, 0.00, 100.00, 0.00, 2.25, 0, 0 
9, 76932, 227598835, 0.00, 100.00, 0.00, 2.25, 0, 0 
0, 76932, 228331913, 0.00, 100.00, 0.00, 2.25, 0, 0 
1, 76932, 228942811, 0.00, 100.00, 0.00, 2.25, 0, 0 
2, 76932, 229685311, 0.00, 100.00, 0.00, 2.25, 0, 0 
3, 76932, 230285388, 0.00, 100.00, 0.00, 2.25, 0, 0 
4, 76932, 231065321, 0.00, 100.00, 0.00, 2.25, 0, 0 
5, 76932, 231635344, 0.00, 100.00, 0.00, 2.25, 0, 0 
6, 76932, 232269879, 0.00, 100.00, 0.00, 2.25, 0, 0 
7, 76932, 232994651, 0.00, 100.00, 0.00, 2.25, 0, 0 
8, 76932, 233660232, 0.00, 100.00, 0.00, 2.25, 0, 0 
9, 76932, 234358841, 0.00, 100.00, 0.00, 2.25, 0, 0 
0, 76932, 235041429, 0.00, 100.00, 0.00, 2.25, 0, 0 
1, 76932, 235635534, 0.00, 100.00, 0.00, 2.25, 0, 0 
2, 76932, 236283298, 0.00, 100.00, 0.00, 2.25, 0, 0 
3, 76932, 236913214, 0.00, 100.00, 0.00, 2.25, 0, 0 
4, 76932, 237618190, 0.00, 100.00, 0.00, 2.25, 0, 0 
5, 76932, 238334364, 0.00, 100.00, 0.00, 2.25, 0, 0 
6, 76932, 239081426, 0.00, 100.00, 0.00, 2.25, 0, 0 
7, 76932, 239750361, 0.00, 100.00, 0.00, 2.25, 0, 0 
8, 76932, 240464778, 0.00, 100.00, 0.00, 2.25, 0, 0 
9, 76932, 241180631, 0.00, 100.00, 0.00, 2.25, 0, 0 
0, 76932, 241950708, 0.00, 100.00, 0.00, 2.25, 0, 0 
1, 76932, 242567052, 0.00, 100.00, 0.00, 2.25, 0, 0 
2, 76932, 243188281, 0.00, 100.00, 0.00, 2.25, 0, 0 
3, 76932, 243826909, 0.00, 100.00, 0.00, 2.25, 0, 0 
4, 76932, 244453793, 0.00, 100.00, 0.00, 2.25, 0, 0 
5, 76932, 245098161, 0.00, 100.00, 0.00, 2.25, 0, 0 
6, 76932, 245728333, 0.00, 100.00, 0.00, 2.25, 0, 0 
7, 76932, 246326306, 0.00, 100.00, 0.00, 2.25, 0, 0 
8, 76932, 246966345, 0.00, 100.00, 0.00, 2.25, 0, 0 
9, 76932, 247645606, 0.00, 100.00, 0.00, 2.25, 0, 0 
0, 76932, 248247718, 0.00, 100.00, 0.00, 2.25, 0, 0 
1, 76932, 248867716, 0.00, 100.00, 0.00, 2.25, 0, 0 
2, 76932, 249478851, 0.00, 100.00, 0.00, 2.25, 0, 0 
3, 76932, 250270568, 0.00, 100.00, 0.00, 2.25, 0, 0 
4, 76932, 251061783, 0.00, 100.00, 0.00, 2.25, 0, 0 
5, 76932, 251634467, 0.00, 100.00, 0.00, 2.25, 0, 0 
6, 76932, 252336799, 0.00, 100.00, 0.00, 2.25, 0, 0 
7, 76932, 252956715, 0.00, 100.00, 0.00, 2.25, 0, 0 
8, 76932, 253545327, 0.00, 100.00, 0.00, 2.25, 0, 0 
9, 76932, 254174019, 0.00, 100.00, 0.00, 2.25, 0, 0 
0, 76932, 254821669, 0.00, 100.00, 0.00, 2.25, 0, 0 
1, 76932, 255447362, 0.00, 100.00, 0.00, 2.25, 0, 0 
2, 76932, 256083144, 0.00, 100.00, 0.00, 2.25, 0, 0 
3, 76932, 256666734, 0.00, 100.00, 0.00, 2.25, 0, 0 
4, 76932, 257428818, 0.00, 100.00, 0.00, 2.25, 0, 0 
5, 76932, 258182728, 0.00, 100.00, 0.00, 2.25, 0, 0 
6, 76932, 258988835, 0.00, 100.00, 0.00, 2.25, 0, 0 
7, 76932, 259795513, 0.00, 100.00, 0.00, 2.25, 0, 0 
8, 76932, 260455675, 0.00, 100.00, 0.00, 2.25, 0, 0 
9, 76932, 261164965, 0.00, 100.00, 0.00, 2.25, 0, 0 
0, 76932, 261793245, 0.00, 100.00, 0.00, 2.25, 0, 0 
1, 76932, 262356507, 0.00, 100.00, 0.00, 2.25, 0, 0 
2, 76932, 263041612, 0.00, 100.00, 0.00, 2.25, 0, 0 
3, 76932, 263854635, 0.00, 100.00, 0.00, 2.25, 0, 0 
4, 76932, 264563311, 0.00, 100.00, 0.00, 2.25, 0, 0 
5, 76932, 265365230, 0.00, 100.00, 0.00, 2.25, 0, 0 
6, 76932, 266013128, 0.00, 100.00, 0.00, 2.25, 0, 0 
7, 76932, 266705370, 0.00, 100.00, 0.00, 2.25, 0, 0 
8, 76932, 267438276, 0.00, 100.00, 0.00, 2.25, 0, 0 
9, 76932, 268083721, 0.00, 100.00, 0.00, 2.25, 0, 0 
0, 76932, 268759319, 0.00, 100.00, 0.00, 2.25, 0, 0 
1, 76932, 269327889, 0.00, 100.00, 0.00, 2.25, 0, 0 
2, 76932, 270036442, 0.00, 100.00, 0.00, 2.25, 0, 0 
3, 76932, 270689937, 0.00, 100.00, 0.00, 2.25, 0, 0 
4, 76932, 271395260, 0.00, 100.00, 0.00, 2.25, 0, 0 
5, 76932, 272216115, 0.00, 100.00, 0.00, 2.25, 0, 0 
6, 76932, 272957298, 0.00, 100.00, 0.00, 2.25, 0, 0 
7, 76932, 273530414, 0.00, 100.00, 0.00, 2.25, 0, 0 
8, 76932, 274224021, 0.00, 100.00, 0.00, 2.25, 0, 0 
9, 76932, 274861687, 0.00, 100.00, 0.00, 2.25, 0, 0 
0, 76932, 275536452, 0.00, 100.00, 0.00, 2.25, 0, 0 
1, 76932, 276235963, 0.00, 100.00, 0.00, 2.25, 0, 0 
2, 76932, 276799948, 0.00, 100.00, 0.00, 2.25, 0, 0 
3, 76932, 277478708, 0.00, 100.00, 0.00, 2.25, 0, 0 
4, 76932, 278297654, 0.00, 100.00, 0.00, 2.25, 0, 0 
5, 76932, 278894741, 0.00, 100.00, 0.00, 2.25, 0, 0 
6, 76932, 279656666, 0.00, 100.00, 0.00, 2.25, 0, 0 
7, 76932, 280245161, 0.00, 100.00, 0.00, 2.25, 0, 0 
8, 76932, 280945172, 0.00, 100.00, 0.00, 2.25, 0, 0 
9, 76932, 281602171, 0.00, 100.00, 0.00, 2.25, 0, 0 
0, 76932, 282369219, 0.00, 100.00, 0.00, 2.25, 0, 0 
1, 76932, 283072792, 0.00, 100.00, 0.00, 2.25, 0, 0 
2, 76932, 283656189, 0.00, 100.00, 0.00, 2.25, 0, 0 
3, 76932, 284371117, 0.00, 100.00, 0.00, 2.25, 0, 0 
4, 76932, 285045588, 0.00, 100.00, 0.00, 2.25, 0, 0 
5, 76932, 285756335, 0.00, 100.00, 0.00, 2.25, 0, 0 
6, 76932, 286398278, 0.00, 100.00, 0.00, 2.25, 0, 0 
7, 76932, 286970994, 0.00, 100.00, 0.00, 2.25, 0, 0 
8, 76932, 287667541, 0.00, 100.00, 0.00, 2.25, 0, 0 
9, 76932, 288291595, 0.00, 100.00, 0.00, 2.25, 0, 0 
0, 76932, 288897931, 0.00, 100.00, 0.00, 2.25, 0, 0 
1, 76932, 289517933, 0.00, 100.00, 0.00, 2.25, 0, 0 
2, 76932, 290109678, 0.00, 100.00, 0.00, 2.25, 0, 0 
3, 76932, 290800702, 0.00, 100.00, 0.00, 2.25, 0, 0 
4, 76932, 291449892, 0.00, 100.00, 0.00, 2.25, 0, 0 
5, 76932, 292167035, 0.00, 100.00, 0.00, 2.25, 0, 0 
6, 76932, 292746220, 0.00, 100.00, 0.00, 2.25, 0, 0 
7, 76932, 293325085, 0.00, 100.00, 0.00, 2.25, 0, 0 
8, 76932, 293991978, 0.00, 100.00, 0.00, 2.25, 0, 0 
9, 76932, 294651460, 0.00, 100.00, 0.00, 2.25, 0, 0 
0, 76932, 295450194, 0.00, 100.00, 0.00, 2.25, 0, 0 
1, 76932, 296062425, 0.00, 100.00, 0.00, 2.25, 0, 0 
2, 76932, 296664939, 0.00, 100.00, 0.00, 2.25, 0, 0 
3, 76932, 297440645, 0.00, 100.00, 0.00, 2.25, 0, 0 
4, 76932, 298248335, 0.00, 100.00, 0.00, 2.25, 0, 0 
5, 76932, 298820341, 0.00, 100.00, 0.00, 2.25, 0, 0 
6, 76932, 299462330, 0.00, 100.00, 0.00, 2.25, 0, 0 
7, 76932, 300235263, 0.00, 100.00, 0.00, 2.25, 0, 0 
8, 76932, 301027921, 0.00, 100.00, 0.00, 2.25, 0, 0 
9, 76932, 301690272, 0.00, 100.00, 0.00, 2.25, 0, 0 
0, 76932, 302370549, 0.00, 100.00, 0.00, 2.25, 0, 0 
1, 76932, 303054519, 0.00, 100.00, 0.00, 2.25, 0, 0 
2, 76932, 303624484, 0.00, 100.00, 0.00, 2.25, 0, 0 
3, 76932, 304344576, 0.00, 100.00, 0.00, 2.25, 0, 0 
4, 76932, 305025911, 0.00, 100.00, 0.00, 2.25, 0, 0 
5, 76932, 305849608, 0.00, 100.00, 0.00, 2.25, 0, 0 
6, 76932, 306453181, 0.00, 100.00, 0.00, 2.25, 0, 0 
7, 76932, 307280458, 0.00, 100.00, 0.00, 2.25, 0, 0 
8, 76932, 307983840, 0.00, 100.00, 0.00, 2.25, 0, 0 
9, 76932, 308740192, 0.00, 100.00, 0.00, 2.25, 0, 0 
0, 76932, 309560689, 0.00, 100.00, 0.00, 2.25, 0, 0 
1, 76932, 310194724, 0.00, 100.00, 0.00, 2.25, 0, 0 
2, 76932, 310883044, 0.00, 100.00, 0.00, 2.25, 0, 0 
3, 76932, 311716430, 0.00, 100.00, 0.00, 2.25, 0, 0 
4, 76932, 312333172, 0.00, 100.00, 0.00, 2.25, 0, 0 
5, 76932, 312938265, 0.00, 100.00, 0.00, 2.25, 0, 0 
6, 76932, 313738403, 0.00, 100.00, 0.00, 2.25, 0, 0 
7, 76932, 314385616, 0.00, 100.00, 0.00, 2.25, 0, 0 
8, 76932, 315086591, 0.00, 100.00, 0.00, 2.25, 0, 0 
9, 76932, 315899688, 0.00, 100.00, 0.00, 2.25, 0, 0 
0, 76932, 316552925, 0.00, 100.00, 0.00, 2.25, 0, 0 
1, 76932, 317233080, 0.00, 100.00, 0.00, 2.25, 0, 0 
2, 76932, 318028757, 0.00, 100.00, 0.00, 2.25, 0, 0 
3, 76932, 318852620, 0.00, 100.00, 0.00, 2.25, 0, 0 
4, 76932, 319529111, 0.00, 100.00, 0.00, 2.25, 0, 0 
5, 76932, 320349652, 0.00, 100.00, 0.00, 2.25, 0, 0 
6, 76932, 320995650, 0.00, 100.00, 0.00, 2.25, 0, 0 
7, 76932, 321674898, 0.00, 100.00, 0.00, 2.25, 0, 0 
8, 76932, 322484547, 0.00, 100.00, 0.00, 2.25, 0, 0 
9, 76932, 323256123, 0.00, 100.00, 0.00, 2.25, 0, 0 
0, 76932, 323898788, 0.00, 100.00, 0.00, 2.25, 0, 0 
1, 76932, 324512362, 0.00, 100.00, 0.00, 2.25, 0, 0 
2, 76932, 325121358, 0.00, 100.00, 0.00, 2.25, 0, 0 
3, 76932, 325789733, 0.00, 100.00, 0.00, 2.25, 0, 0 
4, 76932, 326376891, 0.00, 100.00, 0.00, 2.25, 0, 0 
5, 76932, 327082579, 0.00, 100.00, 0.00, 2.25, 0, 0 
6, 76932, 327708740, 0.00, 100.00, 0.00, 2.25, 0, 0 
7, 76932, 328311212, 0.00, 100.00, 0.00, 2.25, 0, 0 
8, 76932, 329119539, 0.00, 100.00, 0.00, 2.25, 0, 0 
9, 76932, 329762807, 0.00, 100.00, 0.00, 2.25, 0, 0 
0, 76932, 330493225, 0.00, 100.00, 0.00, 2.25, 0, 0 
1, 76932, 331253717, 0.00, 100.00, 0.00, 2.25, 0, 0 
2, 76932, 331839634, 0.00, 100.00, 0.00, 2.25, 0, 0 
3, 76932, 332578078, 0.00, 100.00, 0.00, 2.25, 0, 0 
4, 76932, 333213910, 0.00, 100.00, 0.00, 2.25, 0, 0 
5, 76932, 333871358, 0.00, 100.00, 0.00, 2.25, 0, 0 
6, 76932, 334481060, 0.00, 100.00, 0.00, 2.25, 0, 0 
7, 76932, 335211734, 0.00, 100.00, 0.00, 2.25, 0, 0 
8, 76932, 335946162, 0.00, 100.00, 0.00, 2.25, 0, 0 
9, 76932, 336574529, 0.00, 100.00, 0.00, 2.25, 0, 0 
0, 76932, 337275149, 0.00, 100.00, 0.00, 2.25, 0, 0 
1, 76932, 338058003, 0.00, 100.00, 0.00, 2.25, 0, 0 
2, 76932, 338847914, 0.00, 100.00, 0.00, 2.25, 0, 0 
3, 76932, 339664611, 0.00, 100.00, 0.00, 2.25, 0, 0 
4, 76932, 340395756, 0.00, 100.00, 0.00, 2.25, 0, 0 
5, 76932, 340956706, 0.00, 100.00, 0.00, 2.25, 0, 0 
6, 76932, 341633252, 0.00, 100.00, 0.00, 2.25, 0, 0 
7, 76932, 342437889, 0.00, 100.00, 0.00, 2.25, 0, 0 
8, 76932, 343061222, 0.00, 100.00, 0.00, 2.25, 0, 0 
9, 76932, 343643954, 0.00, 100.00, 0.00, 2.25, 0, 0 
0, 76932, 344378261, 0.00, 100.00, 0.00, 2.25, 0, 0 
1, 76932, 345020259, 0.00, 100.00, 0.00, 2.25, 0, 0 
2, 76932, 345812608, 0.00, 100.00, 0.00, 2.25, 0, 0 
3, 76932, 346596244, 0.00, 100.00, 0.00, 2.25, 0, 0 
4, 76932, 347240346, 0.00, 100.00, 0.00, 2.25, 0, 0 
5, 76932, 347932003, 0.00, 100.00, 0.00, 2.25, 0, 0 
6, 76932, 348738044, 0.00, 100.00, 0.00, 2.25, 0, 0 
7, 76932, 349325594, 0.00, 100.00, 0.00, 2.25, 0, 0 
8, 76932, 350083386, 0.00, 100.00, 0.00, 2.25, 0, 0 
9, 76932, 350896377, 0.00, 100.00, 0.00, 2.25, 0, 0 
0, 76932, 351729245, 0.00, 100.00, 0.00, 2.25, 0, 0 
1, 76932, 352414817, 0.00, 100.00, 0.00, 2.25, 0, 0 
2, 76932, 353067926, 0.00, 100.00, 0.00, 2.25, 0, 0 
3, 76932, 353668065, 0.00, 100.00, 0.00, 2.25, 0, 0 
4, 76932, 354266815, 0.00, 100.00, 0.00, 2.25, 0, 0 
5, 76932, 354958347, 0.00, 100.00, 0.00, 2.25, 0, 0 
6, 76932, 355529333, 0.00, 100.00, 0.00, 2.25, 0, 0 
7, 76932, 356242787, 0.00, 100.00, 0.00, 2.25, 0, 0 
8, 76932, 356997799, 0.00, 100.00, 0.00, 2.25, 0, 0 
9, 76932, 357709527, 0.00, 100.00, 0.00, 2.25, 0, 0 
0, 76932, 358544098, 0.00, 100.00, 0.00, 2.25, 0, 0 
1, 76932, 359277010, 0.00, 100.00, 0.00, 2.25, 0, 0 
2, 76932, 359929339, 0.00, 100.00, 0.00, 2.25, 0, 0 
3, 76932, 360667049, 0.00, 100.00, 0.00, 2.25, 0, 0 
4, 76932, 361316476, 0.00, 100.00, 0.00, 2.25, 0, 0 
5, 76932, 362021421, 0.00, 100.00, 0.00, 2.25, 0, 0 
6, 76932, 362836357, 0.00, 100.00, 0.00, 2.25, 0, 0 
7, 76932, 363510025, 0.00, 100.00, 0.00, 2.25, 0, 0 
8, 76932, 364321710, 0.00, 100.00, 0.00, 2.25, 0, 0 
9, 76932, 365139972, 0.00, 100.00, 0.00, 2.25, 0, 0 
0, 76932, 365856431, 0.00, 100.00, 0.00, 2.25, 0, 0 
1, 76932, 366607545, 0.00, 100.00, 0.00, 2.25, 0, 0 
2, 76932, 367331115, 0.00, 100.00, 0.00, 2.25, 0, 0 
3, 76932, 367954956, 0.00, 100.00, 0.00, 2.25, 0, 0 
4, 76932, 368682691, 0.00, 100.00, 0.00, 2.25, 0, 0 
5, 76932, 369392241, 0.00, 100.00, 0.00, 2.25, 0, 0 
6, 76932, 370207944, 0.00, 100.00, 0.00, 2.25, 0, 0 
7, 76932, 370899663, 0.00, 100.00, 0.00, 2.25, 0, 0 
8, 76932, 371715214, 0.00, 100.00, 0.00, 2.25, 0, 0 
9, 76932, 372287079, 0.00, 100.00, 0.00, 2.25, 0, 0 
0, 76932, 372983004, 0.00, 100.00, 0.00, 2.25, 0, 0 
1, 76932, 373545404, 0.00, 100.00, 0.00, 2.25, 0, 0 
2, 76932, 374290577, 0.00, 100.00, 0.00, 2.25, 0, 0 
3, 76932, 375084947, 0.00, 100.00, 0.00, 2.25, 0, 0 
4, 76932, 375897244, 0.00, 100.00, 0.00, 2.25, 0, 0 
5, 76932, 376477725, 0.00, 100.00, 0.00, 2.25, 0, 0 
6, 76932, 377170366, 0.00, 100.00, 0.00, 2.25, 0, 0 
7, 76932, 377821772, 0.00, 100.00, 0.00, 2.25, 0, 0 
8, 76932, 378538199, 0.00, 100.00, 0.00, 2.25, 0, 0 
9, 76932, 379360788, 0.00, 100.00, 0.00, 2.25, 0, 0 
0, 76932, 380134447, 0.00, 100.00, 0.00, 2.25, 0, 0 
1, 76932, 380817777, 0.00, 100.00, 0.00, 2.25, 0, 0 
2, 76932, 381495786, 0.00, 100.00, 0.00, 2.25, 0, 0 
3, 76932, 382153480, 0.00, 100.00, 0.00, 2.25, 0, 0 
4, 76932, 382824186, 0.00, 100.00, 0.00, 2.25, 0, 0 
5, 76932, 383586951, 0.00, 100.00, 0.00, 2.25, 0, 0 
6, 76932, 384381824, 0.00, 100.00, 0.00, 2.25, 0, 0 
7, 76932, 384959819, 0.00, 100.00, 0.00, 2.25, 0, 0 
8, 76932, 385521791, 0.00, 100.00, 0.00, 2.25, 0, 0 
9, 76932, 386090748, 0.00, 100.00, 0.00, 2.25, 0, 0 
0, 76932, 386768615, 0.00, 100.00, 0.00, 2.25, 0, 0 
1, 76932, 387354141, 0.00, 100.00, 0.00, 2.25, 0, 0 
2, 76932, 388071424, 0.00, 100.00, 0.00, 2.25, 0, 0 
3, 76932, 388791142, 0.00, 100.00, 0.00, 2.25, 0, 0 
4, 76932, 389604063, 0.00, 100.00, 0.00, 2.25, 0, 0 
5, 76932, 390358034, 0.00, 100.00, 0.00, 2.25, 0, 0 
6, 76932, 391045061, 0.00, 100.00, 0.00, 2.25, 0, 0 
7, 76932, 391854243, 0.00, 100.00, 0.00, 2.25, 0, 0 
8, 76932, 392579137, 0.00, 100.00, 0.00, 2.25, 0, 0 
9, 76932, 393309222, 0.00, 100.00, 0.00, 2.25, 0, 0 
0, 76932, 394111234, 0.00, 100.00, 0.00, 2.25, 0, 0 
1, 76932, 394874664, 0.00, 100.00, 0.00, 2.25, 0, 0 
2, 76932, 395659090, 0.00, 100.00, 0.00, 2.25, 0, 0 
3, 76932, 396355391, 0.00, 100.00, 0.00, 2.25, 0, 0 
4, 76932, 397137459, 0.00, 100.00, 0.00, 2.25, 0, 0 
5, 76932, 397951540, 0.00, 100.00, 0.00, 2.25, 0, 0 
6, 76932, 398771752, 0.00, 100.00, 0.00, 2.25, 0, 0 
7, 76932, 399511313, 0.00, 100.00, 0.00, 2.25, 0, 0 
8, 76932, 400119211, 0.00, 100.00, 0.00, 2.25, 0, 0 
9, 76932, 400729280, 0.00, 100.00, 0.00, 2.25, 0, 0 
0, 76932, 401566080, 0.00, 100.00, 0.00, 2.25, 0, 0 
1, 76932, 402267690, 0.00, 100.00, 0.00, 2.25, 0, 0 
2, 76932, 402857117, 0.00, 100.00, 0.00, 2.25, 0, 0 
3, 76932, 403534273, 0.00, 100.00, 0.00, 2.25, 0, 0 
4, 76932, 404114411, 0.00, 100.00, 0.00, 2.25, 0, 0 
5, 76932, 404760706, 0.00, 100.00, 0.00, 2.25, 0, 0 
6, 76932, 405573987, 0.00, 100.00, 0.00, 2.25, 0, 0 
7, 76932, 406193491, 0.00, 100.00, 0.00, 2.25, 0, 0 
8, 76932, 407009797, 0.00, 100.00, 0.00, 2.25, 0, 0 
9, 76932, 407761030, 0.00, 100.00, 0.00, 2.25, 0, 0 
0, 76932, 408478794, 0.00, 100.00, 0.00, 2.25, 0, 0 
1, 76932, 409246100, 0.00, 100.00, 0.00, 2.25, 0, 0 
2, 76932, 410040762, 0.00, 100.00, 0.00, 2.25, 0, 0 
3, 76932, 410703339, 0.00, 100.00, 0.00, 2.25, 0, 0 
4, 76932, 411495354, 0.00, 100.00, 0.00, 2.25, 0, 0 
5, 76932, 412312626, 0.00, 100.00, 0.00, 2.25, 0, 0 
6, 76932, 412881228, 0.00, 100.00, 0.00, 2.25, 0, 0 
7, 76932, 413592497, 0.00, 100.00, 0.00, 2.25, 0, 0 
8, 76932, 414283879, 0.00, 100.00, 0.00, 2.25, 0, 0 
9, 76932, 414869294, 0.00, 100.00, 0.00, 2.25, 0, 0 
0, 76932, 415635476, 0.00, 100.00, 0.00, 2.25, 0, 0 
1, 76932, 416290673, 0.00, 100.00, 0.00, 2.25, 0, 0 
2, 76932, 417054818, 0.00, 100.00, 0.00, 2.25, 0, 0 
3, 76932, 417682077, 0.00, 100.00, 0.00, 2.25, 0, 0 
4, 76932, 418420546, 0.00, 100.00, 0.00, 2.25, 0, 0 
5, 76932, 419089507, 0.00, 100.00, 0.00, 2.25, 0, 0 
6, 76932, 419776966, 0.00, 100.00, 0.00, 2.25, 0, 0 
7, 76932, 420359313, 0.00, 100.00, 0.00, 2.25, 0, 0 
8, 76932, 420985394, 0.00, 100.00, 0.00, 2.25, 0, 0 
9, 76932, 421612858, 0.00, 100.00, 0.00, 2.25, 0, 0 
0, 76932, 422243071, 0.00, 100.00, 0.00, 2.25, 0, 0 
1, 76932, 422833979, 0.00, 100.00, 0.00, 2.25, 0, 0 
2, 76932, 423428497, 0.00, 100.00, 0.00, 2.25, 0, 0 
3, 76932, 424080842, 0.00, 100.00, 0.00, 2.25, 0, 0 
4, 76932, 424684689, 0.00, 100.00, 0.00, 2.25, 0, 0 
5, 76932, 425364099, 0.00, 100.00, 0.00, 2.25, 0, 0 
6, 76932, 425963977, 0.00, 100.00, 0.00, 2.25, 0, 0 
7, 76932, 426559842, 0.00, 100.00, 0.00, 2.25, 0, 0 
8, 76932, 427267623, 0.00, 100.00, 0.00, 2.25, 0, 0 
9, 76932, 427905664, 0.00, 100.00, 0.00, 2.25, 0, 0 
0, 76932, 428678096, 0.00, 100.00, 0.00, 2.25, 0, 0 
1, 76932, 429263957, 0.00, 100.00, 0.00, 2.25, 0, 0 
2, 76932, 429828599, 0.00, 100.00, 0.00, 2.25, 0, 0 
3, 76932, 430404410, 0.00, 100.00, 0.00, 2.25, 0, 0 
4, 76932, 431045935, 0.00, 100.00, 0.00, 2.25, 0, 0 
5, 76932, 431636070, 0.00, 100.00, 0.00, 2.25, 0, 0 
6, 76932, 432246432, 0.00, 100.00, 0.00, 2.25, 0, 0 
7, 76932, 432844422, 0.00, 100.00, 0.00, 2.25, 0, 0 
8, 76932, 433559498, 0.00, 100.00, 0.00, 2.25, 0, 0 
9, 76932, 434127164, 0.00, 100.00, 0.00, 2.25, 0, 0 
0, 76932, 434832165, 0.00, 100.00, 0.00, 2.25, 0, 0 
1, 76932, 435431183, 0.00, 100.00, 0.00, 2.25, 0, 0 
2, 76932, 436036888, 0.00, 100.00, 0.00, 2.25, 0, 0 
3, 76932, 436647243, 0.00, 100.00, 0.00, 2.25, 0, 0 
4, 76932, 437254944, 0.00, 100.00, 0.00, 2.25, 0, 0 
5, 76932, 437947554, 0.00, 100.00, 0.00, 2.25, 0, 0 
6, 76932, 438540258, 0.00, 100.00, 0.00, 2.25, 0, 0 
7, 76932, 439269354, 0.00, 100.00, 0.00, 2.25, 0, 0 
8, 76932, 439947266, 0.00, 100.00, 0.00, 2.25, 0, 0 
9, 76932, 440552111, 0.00, 100.00, 0.00, 2.25, 0, 0 
0, 76932, 441176285, 0.00, 100.00, 0.00, 2.25, 0, 0 
1, 76932, 441835270, 0.00, 100.00, 0.00, 2.25, 0, 0 
2, 76932, 442442901, 0.00, 100.00, 0.00, 2.25, 0, 0 
3, 76932, 443077247, 0.00, 100.00, 0.00, 2.25, 0, 0 
4, 76932, 443703977, 0.00, 100.00, 0.00, 2.25, 0, 0 
5, 76932, 444382243, 0.00, 100.00, 0.00, 2.25, 0, 0 
6, 76932, 444963117, 0.00, 100.00, 0.00, 2.25, 0, 0 
7, 76932, 445585087, 0.00, 100.00, 0.00, 2.25, 0, 0 
8, 76932, 446358626, 0.00, 100.00, 0.00, 2.25, 0, 0 
9, 76932, 446974504, 0.00, 100.00, 0.00, 2.25, 0, 0 
0, 76932, 447741346, 0.00, 100.00, 0.00, 2.25, 0, 0 
1, 76932, 448422397, 0.00, 100.00, 0.00, 2.25, 0, 0 
2, 76932, 449095435, 0.00, 100.00, 0.00, 2.25, 0, 0 
3, 76932, 449667368, 0.00, 100.00, 0.00, 2.25, 0, 0 
4, 76932, 450354553, 0.00, 100.00, 0.00, 2.25, 0, 0 
5, 76932, 451097081, 0.00, 100.00, 0.00, 2.25, 0, 0 
6, 76932, 451798404, 0.00, 100.00, 0.00, 2.25, 0, 0 
7, 76932, 452384530, 0.00, 100.00, 0.00, 2.25, 0, 0 
8, 76932, 453141685, 0.00, 100.00, 0.00, 2.25, 0, 0 
9, 76932, 453965264, 0.00, 100.00, 0.00, 2.25, 0, 0 
0, 76932, 454634894, 0.00, 100.00, 0.00, 2.25, 0, 0 
1, 76932, 455375298, 0.00, 100.00, 0.00, 2.25, 0, 0 
2, 76932, 456098695, 0.00, 100.00, 0.00, 2.25, 0, 0 
3, 76932, 456774567, 0.00, 100.00, 0.00, 2.25, 0, 0 
4, 76932, 457361048, 0.00, 100.00, 0.00, 2.25, 0, 0 
5, 76932, 458084501, 0.00, 100.00, 0.00, 2.25, 0, 0 
6, 76932, 458820663, 0.00, 100.00, 0.00, 2.25, 0, 0 
7, 76932, 459425589, 0.00, 100.00, 0.00, 2.25, 0, 0 
8, 76932, 460033058, 0.00, 100.00, 0.00, 2.25, 0, 0 
9, 76932, 460649600, 0.00, 100.00, 0.00, 2.25, 0, 0 
0, 76932, 461304365, 0.00, 100.00, 0.00, 2.25, 0, 0 
1, 76932, 461915257, 0.00, 100.00, 0.00, 2.25, 0, 0 
2, 76932, 462526189, 0.00, 100.00, 0.00, 2.25, 0, 0 
3, 76932, 463202868, 0.00, 100.00, 0.00, 2.25, 0, 0 
4, 76932, 463796562, 0.00, 100.00, 0.00, 2.25, 0, 0 
5, 76932, 464602557, 0.00, 100.00, 0.00, 2.25, 0, 0 
6, 76932, 465282629, 0.00, 100.00, 0.00, 2.25, 0, 0 
7, 76932, 466077623, 0.00, 100.00, 0.00, 2.25, 0, 0 
8, 76932, 466888017, 0.00, 100.00, 0.00, 2.25, 0, 0 
9, 76932, 467544376, 0.00, 100.00, 0.00, 2.25, 0, 0 
0, 76932, 468296401, 0.00, 100.00, 0.00, 2.25, 0, 0 
1, 76932, 468929661, 0.00, 100.00, 0.00, 2.25, 0, 0 
2, 76932, 469600614, 0.00, 100.00, 0.00, 2.25, 0, 0 
3, 76932, 470250506, 0.00, 100.00, 0.00, 2.25, 0, 0 
4, 76932, 470865399, 0.00, 100.00, 0.00, 2.25, 0, 0 
5, 76932, 471488436, 0.00, 100.00, 0.00, 2.25, 0, 0 
6, 76932, 472108054, 0.00, 100.00, 0.00, 2.25, 0, 0 
7, 76932, 472728789, 0.00, 100.00, 0.00, 2.25, 0, 0 
8, 76932, 473350567, 0.00, 100.00, 0.00, 2.25, 0, 0 
9, 76932, 473954488, 0.00, 100.00, 0.00, 2.25, 0, 0 
0, 76932, 474652288, 0.00, 100.00, 0.00, 2.25, 0, 0 
1, 76932, 475228652, 0.00, 100.00, 0.00, 2.25, 0, 0 
2, 76932, 475852894, 0.00, 100.00, 0.00, 2.25, 0, 0 
3, 76932, 476561508, 0.00, 100.00, 0.00, 2.25, 0, 0 
4, 76932, 477357121, 0.00, 100.00, 0.00, 2.25, 0, 0 
5, 76932, 477995093, 0.00, 100.00, 0.00, 2.25, 0, 0 
6, 76932, 478616798, 0.00, 100.00, 0.00, 2.25, 0, 0 
7, 76932, 479223807, 0.00, 100.00, 0.00, 2.25, 0, 0 
8, 76932, 479824946, 0.00, 100.00, 0.00, 2.25, 0, 0 
9, 76932, 480487367, 0.00, 100.00, 0.00, 2.25, 0, 0 
0, 76932, 481096082, 0.00, 100.00, 0.00, 2.25, 0, 0 
1, 76932, 481772788, 0.00, 100.00, 0.00, 2.25, 0, 0 
2, 76932, 482374611, 0.00, 100.00, 0.00, 2.25, 0, 0 
3, 76932, 482949713, 0.00, 100.00, 0.00, 2.25, 0, 0 
4, 76932, 483624625, 0.00, 100.00, 0.00, 2.25, 0, 0 
5, 76932, 484381849, 0.00, 100.00, 0.00, 2.25, 0, 0 
6, 76932, 485145461, 0.00, 100.00, 0.00, 2.25, 0, 0 
7, 76932, 485830925, 0.00, 100.00, 0.00, 2.25, 0, 0 
8, 76932, 486415054, 0.00, 100.00, 0.00, 2.25, 0, 0 
9, 76932, 487043879, 0.00, 100.00, 0.00, 2.25, 0, 0 
0, 76932, 487699511, 0.00, 100.00, 0.00, 2.25, 0, 0 
1, 76932, 488311846, 0.00, 100.00, 0.00, 2.25, 0, 0 
2, 76932, 488923303, 0.00, 100.00, 0.00, 2.25, 0, 0 
3, 76932, 489624696, 0.00, 100.00, 0.00, 2.25, 0, 0 
4, 76932, 490267967, 0.00, 100.00, 0.00, 2.25, 0, 0 
5, 76932, 490954591, 0.00, 100.00, 0.00, 2.25, 0, 0 
6, 76932, 491724023, 0.00, 100.00, 0.00, 2.25, 0, 0 
7, 76932, 492485146, 0.00, 100.00, 0.00, 2.25, 0, 0 
8, 76932, 493233047, 0.00, 100.00, 0.00, 2.25, 0, 0 
9, 76932, 493989790, 0.00, 100.00, 0.00, 2.25, 0, 0 
0, 76932, 494795509, 0.00, 100.00, 0.00, 2.25, 0, 0 
1, 76932, 495394131, 0.00, 100.00, 0.00, 2.25, 0, 0 
2, 76932, 496181995, 0.00, 100.00, 0.00, 2.25, 0, 0 
3, 76932, 496755427, 0.00, 100.00, 0.00, 2.25, 0, 0 
4, 76932, 497499788, 0.00, 100.00, 0.00, 2.25, 0, 0 
5, 76932, 498271749, 0.00, 100.00, 0.00, 2.25, 0, 0 
6, 76932, 499069452, 0.00, 100.00, 0.00, 2.25, 0, 0 
7, 76932, 499894213, 0.00, 100.00, 0.00, 2.25, 0, 0 
8, 76932, 500549507, 0.00, 100.00, 0.00, 2.25, 0, 0 
9, 76932, 501286052, 0.00, 100.00, 0.00, 2.25, 0, 0 
0, 76932, 501936633, 0.00, 100.00, 0.00, 2.25, 0, 0 
1, 76932, 502585840, 0.00, 100.00, 0.00, 2.25, 0, 0 
2, 76932, 503348126, 0.00, 100.00, 0.00, 2.25, 0, 0 
3, 76932, 504086594, 0.00, 100.00, 0.00, 2.25, 0, 0 
4, 76932, 504737282, 0.00, 100.00, 0.00, 2.25, 0, 0 
5, 76932, 505450003, 0.00, 100.00, 0.00, 2.25, 0, 0 
6, 76932, 506274159, 0.00, 100.00, 0.00, 2.25, 0, 0 
7, 76932, 507016672, 0.00, 100.00, 0.00, 2.25, 0, 0 
8, 76932, 507668308, 0.00, 100.00, 0.00, 2.25, 0, 0 
9, 76932, 508371504, 0.00, 100.00, 0.00, 2.25, 0, 0 
0, 76932, 509201005, 0.00, 100.00, 0.00, 2.25, 0, 0 
1, 76932, 509895503, 0.00, 100.00, 0.00, 2.25, 0, 0 
2, 76932, 510693946, 0.00, 100.00, 0.00, 2.25, 0, 0 
3, 76932, 511316849, 0.00, 100.00, 0.00, 2.25, 0, 0 
4, 76932, 511893119, 0.00, 100.00, 0.00, 2.25, 0, 0 
5, 76932, 512576532, 0.00, 100.00, 0.00, 2.25, 0, 0 
6, 76932, 513181836, 0.00, 100.00, 0.00, 2.25, 0, 0 
7, 76932, 513921953, 0.00, 100.00, 0.00, 2.25, 0, 0 
8, 76932, 514728450, 0.00, 100.00, 0.00, 2.25, 0, 0 
9, 76932, 515325413, 0.00, 100.00, 0.00, 2.25, 0, 0 
0, 76932, 516057780, 0.00, 100.00, 0.00, 2.25, 0, 0 
1, 76932, 516705005, 0.00, 100.00, 0.00, 2.25, 0, 0 
2, 76932, 517395155, 0.00, 100.00, 0.00, 2.25, 0, 0 
3, 76932, 518135186, 0.00, 100.00, 0.00, 2.25, 0, 0 
4, 76932, 518804224, 0.00, 100.00, 0.00, 2.25, 0, 0 
5, 76932, 519400774, 0.00, 100.00, 0.00, 2.25, 0, 0 
6, 76932, 520221106, 0.00, 100.00, 0.00, 2.25, 0, 0 
7, 76932, 520882225, 0.00, 100.00, 0.00, 2.25, 0, 0 
8, 76932, 521655895, 0.00, 100.00, 0.00, 2.25, 0, 0 
9, 76932, 522400887, 0.00, 100.00, 0.00, 2.25, 0, 0 
0, 76932, 523123971, 0.00, 100.00, 0.00, 2.25, 0, 0 
1, 76932, 523891010, 0.00, 100.00, 0.00, 2.25, 0, 0 
2, 76932, 524463358, 0.00, 100.00, 0.00, 2.25, 0, 0 
3, 76932, 525190673, 0.00, 100.00, 0.00, 2.25, 0, 0 
4, 76932, 525894108, 0.00, 100.00, 0.00, 2.25, 0, 0 
5, 76932, 526664321, 0.00, 100.00, 0.00, 2.25, 0, 0 
6, 76932, 527468310, 0.00, 100.00, 0.00, 2.25, 0, 0 
7, 76932, 528053797, 0.00, 100.00, 0.00, 2.25, 0, 0 
8, 76932, 528809615, 0.00, 100.00, 0.00, 2.25, 0, 0 
9, 76932, 529621543, 0.00, 100.00, 0.00, 2.25, 0, 0 
0, 76932, 530280496, 0.00, 100.00, 0.00, 2.25, 0, 0 
1, 76932, 530880248, 0.00, 100.00, 0.00, 2.25, 0, 0 
2, 76932, 531459487, 0.00, 100.00, 0.00, 2.25, 0, 0 
3, 76932, 532165112, 0.00, 100.00, 0.00, 2.25, 0, 0 
4, 76932, 532813251, 0.00, 100.00, 0.00, 2.25, 0, 0 
5, 76932, 533505263, 0.00, 100.00, 0.00, 2.25, 0, 0 
6, 76932, 534256660, 0.00, 100.00, 0.00, 2.25, 0, 0 
7, 76932, 535022497, 0.00, 100.00, 0.00, 2.25, 0, 0 
8, 76932, 535781305, 0.00, 100.00, 0.00, 2.25, 0, 0 
9, 76932, 536530124, 0.00, 100.00, 0.00, 2.25, 0, 0 
0, 76932, 537254867, 0.00, 100.00, 0.00, 2.25, 0, 0 
1, 76932, 537918267, 0.00, 100.00, 0.00, 2.25, 0, 0 
2, 76932, 538526081, 0.00, 100.00, 0.00, 2.25, 0, 0 
3, 76932, 539270019, 0.00, 100.00, 0.00, 2.25, 0, 0 
4, 76932, 539926123, 0.00, 100.00, 0.00, 2.25, 0, 0 
5, 76932, 540632075, 0.00, 100.00, 0.00, 2.25, 0, 0 
6, 76932, 541337238, 0.00, 100.00, 0.00, 2.25, 0, 0 
7, 76932, 542061321, 0.00, 100.00, 0.00, 2.25, 0, 0 
8, 76932, 542758003, 0.00, 100.00, 0.00, 2.25, 0, 0 
9, 76932, 543336892, 0.00, 100.00, 0.00, 2.25, 0, 0 
