Wed Feb 20 17:02:03 2019
Controller Frequency: 1.00 kHz
Time(s), Time(ns), x, xa, v, va, v_unfilt, f, f_unfilt, xdes, vdes, cmd, LSB, LSF
16116, 916250174, 0.000, 0.032, 0.000, 58.487, 0.000, 5.673, 56.733, 200.000, 0.000, 2.547, 0, 0 
16116, 917797714, 0.000, 0.109, 0.000, 93.977, 0.000, 5.629, 56.292, 200.000, 0.000, 2.618, 0, 0 
16116, 919051707, 0.000, 0.213, 0.000, 110.969, 0.000, 11.353, 56.796, 200.000, 0.000, 2.653, 0, 0 
16116, 920165140, 0.000, 0.327, 0.000, 116.834, 0.000, 16.954, 56.512, 200.000, 0.000, 2.665, 0, 0 
16116, 921295257, 0.000, 0.443, 0.000, 115.882, 0.000, 22.637, 56.544, 200.000, 0.000, 2.663, 0, 0 
16116, 922312228, 0.000, 0.556, 0.000, 110.826, 0.000, 28.281, 56.481, 200.000, 0.000, 2.653, 0, 0 
16116, 923316774, 0.000, 0.663, 0.000, 103.271, 0.000, 33.942, 56.544, 200.000, 0.000, 2.639, 0, 0 
16116, 924320966, 0.000, 0.761, 0.000, 94.177, 0.000, 39.634, 56.986, 200.000, 0.000, 2.621, 0, 0 
16116, 925327542, 0.000, 0.850, 0.000, 84.241, 0.000, 45.213, 56.228, 200.000, 0.000, 2.601, 0, 0 
16116, 926332911, 0.000, 0.929, 0.000, 73.660, 0.000, 50.968, 56.796, 200.000, 0.000, 2.350, 0, 0 
16116, 927426895, 0.000, 0.996, 0.000, 62.844, 0.000, 56.528, 56.165, 200.000, 0.000, 2.350, 0, 0 
16116, 928439148, 0.000, 1.056, 0.000, 56.236, 0.000, 56.563, 56.449, 200.000, 0.000, 2.350, 0, 0 
16116, 929531007, 0.000, 1.110, 0.000, 52.226, 0.000, 56.544, 56.386, 200.000, 0.000, 2.350, 0, 0 
16116, 930535539, 0.000, 1.161, 0.000, 49.784, 0.000, 56.535, 56.639, 200.000, 0.000, 2.350, 0, 0 
16116, 931539965, 0.000, 1.210, 0.000, 48.300, 0.000, 56.519, 56.607, 200.000, 0.000, 2.350, 0, 0 
16116, 932544739, 0.000, 1.257, 0.000, 47.383, 0.000, 56.522, 56.544, 200.000, 0.000, 2.350, 0, 0 
16116, 933549507, 0.000, 1.304, 0.000, 46.759, 0.000, 56.588, 57.080, 200.000, 0.000, 2.350, 0, 0 
16116, 934554268, 0.000, 1.351, 0.000, 46.420, 0.000, 56.519, 56.386, 200.000, 0.000, 2.350, 0, 0 
16116, 935559648, 0.000, 1.397, 0.000, 46.156, 0.000, 56.576, 56.859, 200.000, 0.000, 2.350, 0, 0 
16116, 936564565, 0.000, 1.443, 0.000, 46.018, 0.000, 56.528, 56.228, 200.000, 0.000, 2.350, 0, 0 
16116, 937569755, 0.000, 1.489, 0.000, 45.873, 0.000, 56.588, 56.765, 200.000, 0.000, 2.350, 0, 0 
16116, 938576133, 0.000, 1.535, 0.000, 45.760, 0.000, 56.601, 56.828, 200.000, 0.000, 2.350, 0, 0 
16116, 939653263, 0.000, 1.581, 0.000, 45.675, 0.000, 56.604, 56.544, 200.000, 0.000, 2.350, 0, 0 
16116, 940659753, 0.000, 1.626, 0.000, 45.550, 0.000, 56.680, 56.859, 200.000, 0.000, 2.350, 0, 0 
16116, 941668314, 0.000, 1.672, 0.000, 45.467, 0.000, 56.670, 56.859, 200.000, 0.000, 2.350, 0, 0 
16116, 942731430, 0.000, 1.717, 0.000, 45.402, 0.000, 56.670, 56.607, 200.000, 0.000, 2.350, 0, 0 
16116, 943736496, 0.000, 1.763, 0.000, 45.289, 0.000, 56.746, 57.049, 200.000, 0.000, 2.350, 0, 0 
16116, 944794435, 0.000, 1.808, 0.000, 45.189, 0.000, 56.768, 57.743, 200.000, 0.000, 2.350, 0, 0 
16116, 945865089, 0.000, 1.853, 0.000, 45.158, 0.000, 56.711, 56.512, 200.000, 0.000, 2.350, 0, 0 
16116, 946869889, 0.000, 1.898, 0.000, 45.054, 0.000, 56.803, 56.544, 200.000, 0.000, 2.350, 0, 0 
16116, 947921282, 0.000, 1.943, 0.000, 44.944, 0.000, 56.844, 56.670, 200.000, 0.000, 2.350, 0, 0 
16116, 948928037, 0.000, 1.988, 0.000, 44.886, 0.000, 56.815, 56.607, 200.000, 0.000, 2.350, 0, 0 
16116, 949932565, 0.000, 2.033, 0.000, 44.836, 0.000, 56.815, 56.765, 200.000, 0.000, 2.350, 0, 0 
16116, 950938231, 0.000, 2.078, 0.000, 44.807, 0.000, 56.796, 56.512, 200.000, 0.000, 2.350, 0, 0 
16116, 952024378, 0.000, 2.123, 0.000, 44.772, 0.000, 56.800, 56.639, 200.000, 0.000, 2.350, 0, 0 
16116, 953029741, 0.000, 2.167, 0.000, 44.757, 0.000, 56.774, 56.733, 200.000, 0.000, 2.350, 0, 0 
16116, 954036266, 0.000, 2.212, 0.000, 44.741, 0.000, 56.765, 56.607, 200.000, 0.000, 2.350, 0, 0 
16116, 955118909, 0.000, 2.257, 0.000, 44.740, 0.000, 56.736, 56.639, 200.000, 0.000, 2.350, 0, 0 
16116, 956206869, 0.000, 2.302, 0.000, 44.797, 0.000, 56.645, 56.859, 200.000, 0.000, 2.350, 0, 0 
16116, 957283604, 0.000, 2.347, 0.000, 44.843, 0.000, 56.613, 56.418, 200.000, 0.000, 2.350, 0, 0 
16116, 958293181, 0.000, 2.391, 0.000, 44.829, 0.000, 56.648, 56.449, 200.000, 0.000, 2.350, 0, 0 
16116, 959302945, 0.000, 2.436, 0.000, 44.754, 0.000, 56.714, 57.364, 200.000, 0.000, 2.350, 0, 0 
16116, 960314651, 0.000, 2.481, 0.000, 44.794, 0.000, 56.588, 56.260, 200.000, 0.000, 2.350, 0, 0 
16116, 961360672, 0.000, 2.526, 0.000, 44.690, 0.000, 56.733, 57.112, 200.000, 0.000, 2.350, 0, 0 
16116, 962391904, 0.000, 2.570, 0.000, 44.662, 0.000, 56.670, 56.733, 200.000, 0.000, 2.350, 0, 0 
16116, 963425981, 0.000, 2.615, 0.000, 44.579, 0.000, 56.736, 56.923, 200.000, 0.000, 2.350, 0, 0 
16116, 964495284, 0.000, 2.659, 0.000, 44.510, 0.000, 56.743, 56.986, 200.000, 0.000, 2.350, 0, 0 
16116, 965503462, 0.000, 2.704, 0.000, 44.385, 0.000, 56.831, 57.554, 200.000, 0.000, 2.350, 0, 0 
16116, 966509922, 0.000, 2.748, 0.000, 44.322, 0.000, 56.796, 56.859, 200.000, 0.000, 2.350, 0, 0 
16116, 967516871, 0.000, 2.793, 0.000, 44.215, 0.000, 56.866, 56.859, 200.000, 0.000, 2.350, 0, 0 
16116, 968586960, 0.000, 2.837, 0.000, 44.079, 0.000, 56.938, 57.143, 200.000, 0.000, 2.350, 0, 0 
16116, 969594559, 0.000, 2.881, 0.000, 43.919, 0.000, 57.020, 57.554, 200.000, 0.000, 2.350, 0, 0 
16116, 970602246, 0.000, 2.925, 0.000, 43.869, 0.000, 56.941, 56.986, 200.000, 0.000, 2.350, 0, 0 
16116, 971616226, 0.000, 2.968, 0.000, 43.729, 0.000, 57.064, 56.923, 200.000, 0.000, 2.350, 0, 0 
16116, 972662399, 0.000, 3.012, 0.000, 43.625, 0.000, 57.071, 57.112, 200.000, 0.000, 2.350, 0, 0 
16116, 973695615, 0.000, 3.056, 0.000, 43.543, 0.000, 57.077, 56.986, 200.000, 0.000, 2.350, 0, 0 
16116, 974728854, 0.000, 3.099, 0.000, 43.465, 0.000, 57.096, 56.986, 200.000, 0.000, 2.350, 0, 0 
16116, 975763706, 0.000, 3.143, 0.000, 43.419, 0.000, 57.077, 56.796, 200.000, 0.000, 2.350, 0, 0 
16116, 976801234, 0.000, 3.186, 0.000, 43.390, 0.000, 57.061, 57.206, 200.000, 0.000, 2.350, 0, 0 
16116, 977833382, 0.000, 3.229, 0.000, 43.373, 0.000, 57.042, 57.080, 200.000, 0.000, 2.350, 0, 0 
16116, 978866660, 0.000, 3.273, 0.000, 43.334, 0.000, 57.061, 56.923, 200.000, 0.000, 2.350, 0, 0 
16116, 979902249, 0.000, 3.316, 0.000, 43.302, 0.000, 57.055, 56.923, 200.000, 0.000, 2.350, 0, 0 
16116, 980939069, 0.000, 3.359, 0.000, 43.299, 0.000, 57.017, 57.175, 200.000, 0.000, 2.350, 0, 0 
16116, 982027471, 0.000, 3.403, 0.000, 43.279, 0.000, 57.023, 57.301, 200.000, 0.000, 2.350, 0, 0 
16116, 983115858, 0.000, 3.446, 0.000, 43.242, 0.000, 57.036, 57.175, 200.000, 0.000, 2.350, 0, 0 
16116, 984225019, 0.000, 3.489, 0.000, 43.212, 0.000, 57.030, 56.923, 200.000, 0.000, 2.350, 0, 0 
16116, 985332475, 0.000, 3.532, 0.000, 43.135, 0.000, 57.087, 57.301, 200.000, 0.000, 2.350, 0, 0 
16116, 986436126, 0.000, 3.575, 0.000, 43.085, 0.000, 57.074, 57.238, 200.000, 0.000, 2.350, 0, 0 
16116, 987542962, 0.000, 3.618, 0.000, 42.999, 0.000, 57.128, 57.270, 200.000, 0.000, 2.350, 0, 0 
16116, 988547555, 0.000, 3.661, 0.000, 42.943, 0.000, 57.115, 57.112, 200.000, 0.000, 2.350, 0, 0 
16116, 989646381, 0.000, 3.704, 0.000, 42.866, 0.000, 57.153, 57.301, 200.000, 0.000, 2.350, 0, 0 
16116, 990650393, 0.000, 3.747, 0.000, 42.800, 0.000, 57.159, 57.175, 200.000, 0.000, 2.350, 0, 0 
16116, 991653840, 0.000, 3.790, 0.000, 42.703, 0.000, 57.216, 57.364, 200.000, 0.000, 2.350, 0, 0 
16116, 992659090, 0.000, 3.833, 0.000, 42.650, 0.000, 57.191, 57.112, 200.000, 0.000, 2.350, 0, 0 
16116, 993683857, 0.000, 3.875, 0.000, 42.609, 0.000, 57.184, 56.986, 200.000, 0.000, 2.350, 0, 0 
16116, 994748215, 0.000, 3.918, 0.000, 42.569, 0.000, 57.188, 57.080, 200.000, 0.000, 2.350, 0, 0 
16116, 995817381, 0.000, 3.960, 0.000, 42.506, 0.000, 57.219, 57.333, 200.000, 0.000, 2.350, 0, 0 
16116, 996906277, 0.000, 4.003, 0.000, 42.474, 0.000, 57.194, 57.301, 200.000, 0.000, 2.350, 0, 0 
16116, 997993163, 0.000, 4.045, 0.000, 42.442, 0.000, 57.194, 57.206, 200.000, 0.000, 2.350, 0, 0 
16116, 999081728, 0.000, 4.088, 0.000, 42.401, 0.000, 57.203, 57.270, 200.000, 0.000, 2.350, 0, 0 
16117, 156089, 0.000, 4.130, 0.000, 42.348, 0.000, 57.222, 57.364, 200.000, 0.000, 2.350, 0, 0 
16117, 1161863, 0.000, 4.172, 0.000, 42.311, 0.000, 57.213, 57.301, 200.000, 0.000, 2.350, 0, 0 
16117, 2166319, 0.000, 4.215, 0.000, 42.212, 0.000, 57.292, 57.901, 200.000, 0.000, 2.350, 0, 0 
16117, 3244222, 0.000, 4.257, 0.000, 42.142, 0.000, 57.288, 57.932, 200.000, 0.000, 2.350, 0, 0 
16117, 4247071, 0.000, 4.299, 0.000, 42.073, 0.000, 57.304, 57.301, 200.000, 0.000, 2.350, 0, 0 
16117, 5335766, 0.000, 4.341, 0.000, 41.924, 0.000, 57.424, 57.554, 200.000, 0.000, 2.350, 0, 0 
16117, 6359997, 0.000, 4.383, 0.000, 41.823, 0.000, 57.421, 57.301, 200.000, 0.000, 2.350, 0, 0 
16117, 7450940, 0.000, 4.425, 0.000, 41.686, 0.000, 57.500, 57.869, 200.000, 0.000, 2.350, 0, 0 
16117, 8540658, 0.000, 4.466, 0.000, 41.638, 0.000, 57.440, 57.270, 200.000, 0.000, 2.350, 0, 0 
16117, 9545586, 0.000, 4.508, 0.000, 41.563, 0.000, 57.481, 57.017, 200.000, 0.000, 2.350, 0, 0 
16117, 10549798, 0.000, 4.549, 0.000, 41.467, 0.000, 57.528, 57.490, 200.000, 0.000, 2.350, 0, 0 
16117, 11554232, 0.000, 4.591, 0.000, 41.470, 0.000, 57.434, 56.891, 200.000, 0.000, 2.350, 0, 0 
16117, 12644048, 0.000, 4.632, 0.000, 41.405, 0.000, 57.503, 57.396, 200.000, 0.000, 2.350, 0, 0 
16117, 13736136, 0.000, 4.674, 0.000, 41.416, 0.000, 57.421, 57.585, 200.000, 0.000, 2.350, 0, 0 
16117, 14803910, 0.000, 4.715, 0.000, 41.448, 0.000, 57.374, 57.648, 200.000, 0.000, 2.350, 0, 0 
16117, 15891550, 0.000, 4.757, 0.000, 41.424, 0.000, 57.412, 57.743, 200.000, 0.000, 2.350, 0, 0 
16117, 16978300, 0.000, 4.798, 0.000, 41.399, 0.000, 57.408, 57.617, 200.000, 0.000, 2.350, 0, 0 
16117, 18063073, 0.000, 4.839, 0.000, 41.368, 0.000, 57.412, 57.206, 200.000, 0.000, 2.350, 0, 0 
16117, 19147637, 0.000, 4.881, 0.000, 41.329, 0.000, 57.421, 57.554, 200.000, 0.000, 2.350, 0, 0 
16117, 20150742, 0.000, 4.922, 0.000, 41.282, 0.000, 57.434, 57.743, 200.000, 0.000, 2.350, 0, 0 
16117, 21239474, 0.000, 4.963, 0.000, 41.211, 0.000, 57.471, 57.585, 200.000, 0.000, 2.350, 0, 0 
16117, 22277479, 0.000, 5.004, 0.000, 41.133, 0.000, 57.500, 57.617, 200.000, 0.000, 2.350, 0, 0 
16117, 23369218, 0.000, 5.045, 0.000, 41.018, 0.000, 57.569, 57.617, 200.000, 0.000, 2.350, 0, 0 
16117, 24464936, 0.000, 5.086, 0.000, 40.868, 0.000, 57.654, 58.247, 200.000, 0.000, 2.350, 0, 0 
16117, 25469787, 0.000, 5.127, 0.000, 40.819, 0.000, 57.585, 57.522, 200.000, 0.000, 2.350, 0, 0 
16117, 26498276, 0.000, 5.168, 0.000, 40.722, 0.000, 57.654, 57.617, 200.000, 0.000, 2.350, 0, 0 
16117, 27585255, 0.000, 5.209, 0.000, 40.667, 0.000, 57.632, 57.617, 200.000, 0.000, 2.350, 0, 0 
16117, 28594858, 0.000, 5.249, 0.000, 40.626, 0.000, 57.626, 57.554, 200.000, 0.000, 2.350, 0, 0 
16117, 29602894, 0.000, 5.290, 0.000, 40.554, 0.000, 57.670, 57.585, 200.000, 0.000, 2.350, 0, 0 
16117, 30611784, 0.000, 5.330, 0.000, 40.490, 0.000, 57.680, 57.680, 200.000, 0.000, 2.350, 0, 0 
16117, 31622139, 0.000, 5.371, 0.000, 40.466, 0.000, 57.645, 57.490, 200.000, 0.000, 2.350, 0, 0 
16117, 32634887, 0.000, 5.411, 0.000, 40.401, 0.000, 57.692, 57.869, 200.000, 0.000, 2.350, 0, 0 
16117, 33646929, 0.000, 5.452, 0.000, 40.354, 0.000, 57.686, 57.932, 200.000, 0.000, 2.350, 0, 0 
16117, 34659668, 0.000, 5.492, 0.000, 40.345, 0.000, 57.645, 57.270, 200.000, 0.000, 2.350, 0, 0 
16117, 35720818, 0.000, 5.532, 0.000, 40.319, 0.000, 57.654, 57.680, 200.000, 0.000, 2.350, 0, 0 
16117, 36731592, 0.000, 5.573, 0.000, 40.309, 0.000, 57.632, 57.711, 200.000, 0.000, 2.350, 0, 0 
16117, 37758268, 0.000, 5.613, 0.000, 40.287, 0.000, 57.636, 57.680, 200.000, 0.000, 2.350, 0, 0 
16117, 38766363, 0.000, 5.653, 0.000, 40.261, 0.000, 57.636, 57.585, 200.000, 0.000, 2.350, 0, 0 
16117, 39774344, 0.000, 5.694, 0.000, 40.205, 0.000, 57.670, 57.806, 200.000, 0.000, 2.350, 0, 0 
16117, 40782233, 0.000, 5.734, 0.000, 40.174, 0.000, 57.651, 57.617, 200.000, 0.000, 2.350, 0, 0 
16117, 41790595, 0.000, 5.774, 0.000, 40.135, 0.000, 57.661, 57.585, 200.000, 0.000, 2.350, 0, 0 
16117, 42803259, 0.000, 5.814, 0.000, 40.078, 0.000, 57.686, 57.711, 200.000, 0.000, 2.350, 0, 0 
16117, 43824181, 0.000, 5.854, 0.000, 40.084, 0.000, 57.620, 57.333, 200.000, 0.000, 2.350, 0, 0 
16117, 44832023, 0.000, 5.894, 0.000, 40.040, 0.000, 57.664, 57.995, 200.000, 0.000, 2.350, 0, 0 
16117, 45845409, 0.000, 5.934, 0.000, 40.005, 0.000, 57.658, 57.869, 200.000, 0.000, 2.350, 0, 0 
16117, 46853175, 0.000, 5.974, 0.000, 39.957, 0.000, 57.677, 57.743, 200.000, 0.000, 2.350, 0, 0 
16117, 47860858, 0.000, 6.014, 0.000, 39.903, 0.000, 57.692, 57.743, 200.000, 0.000, 2.350, 0, 0 
16117, 48870137, 0.000, 6.054, 0.000, 39.874, 0.000, 57.670, 57.459, 200.000, 0.000, 2.350, 0, 0 
16117, 49877838, 0.000, 6.094, 0.000, 39.820, 0.000, 57.702, 57.617, 200.000, 0.000, 2.350, 0, 0 
16117, 50886590, 0.000, 6.134, 0.000, 39.767, 0.000, 57.711, 58.058, 200.000, 0.000, 2.350, 0, 0 
16117, 51894366, 0.000, 6.173, 0.000, 39.765, 0.000, 57.658, 57.522, 200.000, 0.000, 2.350, 0, 0 
16117, 52905344, 0.000, 6.213, 0.000, 39.693, 0.000, 57.730, 57.774, 200.000, 0.000, 2.350, 0, 0 
16117, 53916690, 0.000, 6.253, 0.000, 39.635, 0.000, 57.733, 57.995, 200.000, 0.000, 2.350, 0, 0 
16117, 54925489, 0.000, 6.292, 0.000, 39.538, 0.000, 57.796, 58.184, 200.000, 0.000, 2.350, 0, 0 
16117, 55937400, 0.000, 6.332, 0.000, 39.494, 0.000, 57.762, 57.837, 200.000, 0.000, 2.350, 0, 0 
16117, 56946601, 0.000, 6.371, 0.000, 39.390, 0.000, 57.844, 58.342, 200.000, 0.000, 2.350, 0, 0 
16117, 57960567, 0.000, 6.411, 0.000, 39.330, 0.000, 57.825, 58.058, 200.000, 0.000, 2.350, 0, 0 
16117, 58994849, 0.000, 6.450, 0.000, 39.256, 0.000, 57.856, 57.774, 200.000, 0.000, 2.350, 0, 0 
16117, 60044043, 0.000, 6.489, 0.000, 39.124, 0.000, 57.951, 58.121, 200.000, 0.000, 2.350, 0, 0 
16117, 61056944, 0.000, 6.528, 0.000, 39.017, 0.000, 57.970, 58.153, 200.000, 0.000, 2.350, 0, 0 
16117, 62134807, 0.000, 6.567, 0.000, 38.945, 0.000, 57.964, 58.027, 200.000, 0.000, 2.350, 0, 0 
16117, 63148212, 0.000, 6.606, 0.000, 38.834, 0.000, 58.033, 58.090, 200.000, 0.000, 2.350, 0, 0 
16117, 64158384, 0.000, 6.645, 0.000, 38.730, 0.000, 58.065, 58.153, 200.000, 0.000, 2.350, 0, 0 
16117, 65175478, 0.000, 6.684, 0.000, 38.654, 0.000, 58.065, 58.058, 200.000, 0.000, 2.350, 0, 0 
16117, 66187643, 0.000, 6.722, 0.000, 38.584, 0.000, 58.080, 58.247, 200.000, 0.000, 2.350, 0, 0 
16117, 67196422, 0.000, 6.761, 0.000, 38.557, 0.000, 58.046, 57.680, 200.000, 0.000, 2.350, 0, 0 
16117, 68207958, 0.000, 6.799, 0.000, 38.555, 0.000, 58.011, 57.427, 200.000, 0.000, 2.350, 0, 0 
16117, 69219082, 0.000, 6.838, 0.000, 38.532, 0.000, 58.024, 57.932, 200.000, 0.000, 2.350, 0, 0 
16117, 70230210, 0.000, 6.876, 0.000, 38.514, 0.000, 58.014, 58.184, 200.000, 0.000, 2.350, 0, 0 
16117, 71321603, 0.000, 6.915, 0.000, 38.513, 0.000, 57.986, 58.090, 200.000, 0.000, 2.350, 0, 0 
16117, 72332212, 0.000, 6.953, 0.000, 38.495, 0.000, 57.992, 58.121, 200.000, 0.000, 2.350, 0, 0 
16117, 73341478, 0.000, 6.992, 0.000, 38.467, 0.000, 57.998, 58.121, 200.000, 0.000, 2.350, 0, 0 
16117, 74350634, 0.000, 7.030, 0.000, 38.438, 0.000, 57.998, 58.090, 200.000, 0.000, 2.350, 0, 0 
16117, 75362544, 0.000, 7.069, 0.000, 38.393, 0.000, 58.017, 58.311, 200.000, 0.000, 2.350, 0, 0 
16117, 76373054, 0.000, 7.107, 0.000, 38.364, 0.000, 58.005, 58.153, 200.000, 0.000, 2.350, 0, 0 
16117, 77389436, 0.000, 7.145, 0.000, 38.327, 0.000, 58.014, 58.184, 200.000, 0.000, 2.350, 0, 0 
16117, 78398854, 0.000, 7.184, 0.000, 38.250, 0.000, 58.068, 58.247, 200.000, 0.000, 2.350, 0, 0 
16117, 79432084, 0.000, 7.222, 0.000, 38.152, 0.000, 58.118, 57.995, 200.000, 0.000, 2.350, 0, 0 
16117, 80504462, 0.000, 7.260, 0.000, 38.043, 0.000, 58.165, 58.153, 200.000, 0.000, 2.350, 0, 0 
16117, 81513319, 0.000, 7.298, 0.000, 37.982, 0.000, 58.143, 58.121, 200.000, 0.000, 2.350, 0, 0 
16117, 82522821, 0.000, 7.336, 0.000, 37.889, 0.000, 58.200, 58.626, 200.000, 0.000, 2.350, 0, 0 
16117, 83550142, 0.000, 7.374, 0.000, 37.830, 0.000, 58.188, 58.500, 200.000, 0.000, 2.350, 0, 0 
16117, 84574852, 0.000, 7.412, 0.000, 37.770, 0.000, 58.203, 58.153, 200.000, 0.000, 2.350, 0, 0 
16117, 85586723, 0.000, 7.449, 0.000, 37.675, 0.000, 58.263, 58.342, 200.000, 0.000, 2.350, 0, 0 
16117, 86602676, 0.000, 7.487, 0.000, 37.590, 0.000, 58.282, 58.689, 200.000, 0.000, 2.350, 0, 0 
16117, 87615031, 0.000, 7.525, 0.000, 37.542, 0.000, 58.263, 58.311, 200.000, 0.000, 2.350, 0, 0 
16117, 88636772, 0.000, 7.562, 0.000, 37.454, 0.000, 58.323, 58.405, 200.000, 0.000, 2.350, 0, 0 
16117, 89646499, 0.000, 7.599, 0.000, 37.393, 0.000, 58.317, 58.279, 200.000, 0.000, 2.350, 0, 0 
16117, 90654312, 0.000, 7.637, 0.000, 37.338, 0.000, 58.326, 57.964, 200.000, 0.000, 2.350, 0, 0 
16117, 91662204, 0.000, 7.674, 0.000, 37.275, 0.000, 58.348, 58.058, 200.000, 0.000, 2.350, 0, 0 
16117, 92671579, 0.000, 7.711, 0.000, 37.197, 0.000, 58.383, 58.563, 200.000, 0.000, 2.350, 0, 0 
16117, 93681064, 0.000, 7.749, 0.000, 37.213, 0.000, 58.289, 58.184, 200.000, 0.000, 2.350, 0, 0 
16117, 94689437, 0.000, 7.786, 0.000, 37.184, 0.000, 58.323, 58.468, 200.000, 0.000, 2.350, 0, 0 
16117, 95702135, 0.000, 7.823, 0.000, 37.169, 0.000, 58.304, 58.247, 200.000, 0.000, 2.350, 0, 0 
16117, 96711495, 0.000, 7.860, 0.000, 37.119, 0.000, 58.342, 58.500, 200.000, 0.000, 2.350, 0, 0 
16117, 97722311, 0.000, 7.897, 0.000, 37.106, 0.000, 58.304, 58.563, 200.000, 0.000, 2.350, 0, 0 
16117, 98730582, 0.000, 7.934, 0.000, 37.085, 0.000, 58.307, 58.405, 200.000, 0.000, 2.350, 0, 0 
16117, 99793370, 0.000, 7.971, 0.000, 37.000, 0.000, 58.383, 59.005, 200.000, 0.000, 2.350, 0, 0 
16117, 100805430, 0.000, 8.008, 0.000, 36.977, 0.000, 58.333, 58.374, 200.000, 0.000, 2.350, 0, 0 
16117, 101814430, 0.000, 8.045, 0.000, 36.865, 0.000, 58.443, 58.437, 200.000, 0.000, 2.350, 0, 0 
16117, 102875865, 0.000, 8.082, 0.000, 36.770, 0.000, 58.462, 58.311, 200.000, 0.000, 2.350, 0, 0 
16117, 103888032, 0.000, 8.119, 0.000, 36.706, 0.000, 58.456, 58.374, 200.000, 0.000, 2.350, 0, 0 
16117, 104897159, 0.000, 8.155, 0.000, 36.631, 0.000, 58.487, 58.563, 200.000, 0.000, 2.350, 0, 0 
16117, 105958483, 0.000, 8.192, 0.000, 36.583, 0.000, 58.475, 58.531, 200.000, 0.000, 2.350, 0, 0 
16117, 107019729, 0.000, 8.229, 0.000, 36.513, 0.000, 58.513, 58.595, 200.000, 0.000, 2.350, 0, 0 
16117, 108033217, 0.000, 8.265, 0.000, 36.447, 0.000, 58.528, 58.721, 200.000, 0.000, 2.350, 0, 0 
16117, 109044388, 0.000, 8.301, 0.000, 36.423, 0.000, 58.494, 58.342, 200.000, 0.000, 2.350, 0, 0 
16117, 110055311, 0.000, 8.338, 0.000, 36.327, 0.000, 58.582, 58.910, 200.000, 0.000, 2.350, 0, 0 
16117, 111074523, 0.000, 8.374, 0.000, 36.391, 0.000, 58.412, 57.869, 200.000, 0.000, 2.350, 0, 0 
16117, 112084751, 0.000, 8.411, 0.000, 36.310, 0.000, 58.550, 58.721, 200.000, 0.000, 2.350, 0, 0 
16117, 113144208, 0.000, 8.447, 0.000, 36.313, 0.000, 58.468, 58.468, 200.000, 0.000, 2.350, 0, 0 
16117, 114160204, 0.000, 8.483, 0.000, 36.255, 0.000, 58.531, 58.689, 200.000, 0.000, 2.350, 0, 0 
16117, 115171105, 0.000, 8.519, 0.000, 36.220, 0.000, 58.516, 58.437, 200.000, 0.000, 2.350, 0, 0 
16117, 116230218, 0.000, 8.556, 0.000, 36.190, 0.000, 58.513, 58.279, 200.000, 0.000, 2.350, 0, 0 
16117, 117286277, 0.000, 8.592, 0.000, 36.116, 0.000, 58.569, 58.942, 200.000, 0.000, 2.350, 0, 0 
16117, 118339918, 0.000, 8.628, 0.000, 36.116, 0.000, 58.497, 58.531, 200.000, 0.000, 2.350, 0, 0 
16117, 119349871, 0.000, 8.664, 0.000, 36.095, 0.000, 58.509, 58.437, 200.000, 0.000, 2.350, 0, 0 
16117, 120359233, 0.000, 8.700, 0.000, 36.029, 0.000, 58.563, 58.784, 200.000, 0.000, 2.350, 0, 0 
16117, 121368148, 0.000, 8.736, 0.000, 36.027, 0.000, 58.500, 58.626, 200.000, 0.000, 2.350, 0, 0 
16117, 122391465, 0.000, 8.772, 0.000, 35.955, 0.000, 58.576, 58.468, 200.000, 0.000, 2.350, 0, 0 
16117, 123401670, 0.000, 8.808, 0.000, 35.880, 0.000, 58.601, 58.815, 200.000, 0.000, 2.350, 0, 0 
16117, 124415317, 0.000, 8.844, 0.000, 35.849, 0.000, 58.569, 58.500, 200.000, 0.000, 2.350, 0, 0 
16117, 125424922, 0.000, 8.880, 0.000, 35.783, 0.000, 58.613, 58.815, 200.000, 0.000, 2.350, 0, 0 
16117, 126443226, 0.000, 8.915, 0.000, 35.745, 0.000, 58.598, 58.595, 200.000, 0.000, 2.350, 0, 0 
16117, 127458188, 0.000, 8.951, 0.000, 35.648, 0.000, 58.677, 58.847, 200.000, 0.000, 2.350, 0, 0 
16117, 128521905, 0.000, 8.987, 0.000, 35.628, 0.000, 58.613, 58.563, 200.000, 0.000, 2.350, 0, 0 
16117, 129531869, 0.000, 9.022, 0.000, 35.572, 0.000, 58.655, 58.658, 200.000, 0.000, 2.350, 0, 0 
16117, 130543416, 0.000, 9.058, 0.000, 35.497, 0.000, 58.692, 58.910, 200.000, 0.000, 2.350, 0, 0 
16117, 131554786, 0.000, 9.093, 0.000, 35.448, 0.000, 58.683, 58.942, 200.000, 0.000, 2.350, 0, 0 
16117, 132565014, 0.000, 9.129, 0.000, 35.395, 0.000, 58.699, 58.815, 200.000, 0.000, 2.350, 0, 0 
16117, 133575275, 0.000, 9.164, 0.000, 35.319, 0.000, 58.740, 58.752, 200.000, 0.000, 2.350, 0, 0 
16117, 134586672, 0.000, 9.199, 0.000, 35.252, 0.000, 58.752, 58.878, 200.000, 0.000, 2.350, 0, 0 
16117, 135597730, 0.000, 9.235, 0.000, 35.215, 0.000, 58.733, 58.437, 200.000, 0.000, 2.350, 0, 0 
16117, 136667583, 0.000, 9.270, 0.000, 35.164, 0.000, 58.755, 58.595, 200.000, 0.000, 2.350, 0, 0 
16117, 137728974, 0.000, 9.305, 0.000, 35.113, 0.000, 58.768, 58.878, 200.000, 0.000, 2.350, 0, 0 
16117, 138739618, 0.000, 9.340, 0.000, 35.100, 0.000, 58.730, 58.752, 200.000, 0.000, 2.350, 0, 0 
16117, 139801217, 0.000, 9.375, 0.000, 35.046, 0.000, 58.774, 58.878, 200.000, 0.000, 2.350, 0, 0 
16117, 140862024, 0.000, 9.410, 0.000, 35.030, 0.000, 58.740, 58.437, 200.000, 0.000, 2.350, 0, 0 
16117, 141922897, 0.000, 9.445, 0.000, 34.985, 0.000, 58.771, 58.784, 200.000, 0.000, 2.350, 0, 0 
16117, 142938225, 0.000, 9.480, 0.000, 34.978, 0.000, 58.730, 58.878, 200.000, 0.000, 2.350, 0, 0 
16117, 143953495, 0.000, 9.515, 0.000, 34.894, 0.000, 58.819, 59.793, 200.000, 0.000, 2.350, 0, 0 
16117, 145132194, 0.000, 9.550, 0.000, 34.886, 0.000, 58.749, 58.973, 200.000, 0.000, 2.350, 0, 0 
16117, 146142572, 0.000, 9.585, 0.000, 34.806, 0.000, 58.831, 58.878, 200.000, 0.000, 2.350, 0, 0 
16117, 147179058, 0.000, 9.620, 0.000, 34.704, 0.000, 58.885, 58.878, 200.000, 0.000, 2.350, 0, 0 
16117, 148188843, 0.000, 9.654, 0.000, 34.602, 0.000, 58.923, 58.973, 200.000, 0.000, 2.350, 0, 0 
16117, 149227419, 0.000, 9.689, 0.000, 34.492, 0.000, 58.970, 59.446, 200.000, 0.000, 2.350, 0, 0 
16117, 150238805, 0.000, 9.723, 0.000, 34.446, 0.000, 58.929, 58.815, 200.000, 0.000, 2.350, 0, 0 
16117, 151248013, 0.000, 9.758, 0.000, 34.343, 0.000, 59.011, 59.068, 200.000, 0.000, 2.350, 0, 0 
16117, 152257421, 0.000, 9.792, 0.000, 34.260, 0.000, 59.024, 58.815, 200.000, 0.000, 2.350, 0, 0 
16117, 153327459, 0.000, 9.826, 0.000, 34.139, 0.000, 59.099, 59.289, 200.000, 0.000, 2.350, 0, 0 
16117, 154375750, 0.000, 9.860, 0.000, 34.070, 0.000, 59.080, 59.162, 200.000, 0.000, 2.350, 0, 0 
16117, 155389042, 0.000, 9.894, 0.000, 34.062, 0.000, 59.024, 59.099, 200.000, 0.000, 2.350, 0, 0 
16117, 156432336, 0.000, 9.928, 0.000, 34.037, 0.000, 59.036, 59.036, 200.000, 0.000, 2.350, 0, 0 
16117, 157472729, 0.000, 9.962, 0.000, 33.993, 0.000, 59.058, 59.036, 200.000, 0.000, 2.350, 0, 0 
16117, 158484828, 0.000, 9.996, 0.000, 33.936, 0.000, 59.084, 59.131, 200.000, 0.000, 2.350, 0, 0 
16117, 159495777, 0.000, 10.030, 0.000, 33.906, 0.000, 59.065, 58.878, 200.000, 0.000, 2.350, 0, 0 
16117, 160506993, 0.000, 10.064, 0.000, 33.894, 0.000, 59.043, 58.973, 200.000, 0.000, 2.350, 0, 0 
16117, 161516959, 0.000, 10.098, 0.000, 33.874, 0.000, 59.046, 58.942, 200.000, 0.000, 2.350, 0, 0 
16117, 162526851, 0.000, 10.132, 0.000, 33.856, 0.000, 59.039, 58.973, 200.000, 0.000, 2.350, 0, 0 
16117, 163584597, 0.000, 10.166, 0.000, 33.807, 0.000, 59.074, 59.194, 200.000, 0.000, 2.350, 0, 0 
16117, 164643867, 0.000, 10.200, 0.000, 33.806, 0.000, 59.024, 59.005, 200.000, 0.000, 2.350, 0, 0 
16117, 165654285, 0.000, 10.233, 0.000, 33.808, 0.000, 59.008, 58.815, 200.000, 0.000, 2.350, 0, 0 
16117, 166664455, 0.000, 10.267, 0.000, 33.743, 0.000, 59.077, 59.604, 200.000, 0.000, 2.350, 0, 0 
16117, 167675459, 0.000, 10.301, 0.000, 33.748, 0.000, 59.008, 59.131, 200.000, 0.000, 2.350, 0, 0 
16117, 168684542, 0.000, 10.335, 0.000, 33.701, 0.000, 59.058, 59.068, 200.000, 0.000, 2.350, 0, 0 
16117, 169740729, 0.000, 10.368, 0.000, 33.724, 0.000, 58.979, 58.279, 200.000, 0.000, 2.350, 0, 0 
16117, 170751289, 0.000, 10.402, 0.000, 33.635, 0.000, 59.096, 59.257, 200.000, 0.000, 2.350, 0, 0 
16117, 171809995, 0.000, 10.436, 0.000, 33.638, 0.000, 59.011, 59.099, 200.000, 0.000, 2.350, 0, 0 
16117, 172821687, 0.000, 10.469, 0.000, 33.589, 0.000, 59.061, 59.289, 200.000, 0.000, 2.350, 0, 0 
16117, 173831427, 0.000, 10.503, 0.000, 33.544, 0.000, 59.068, 59.225, 200.000, 0.000, 2.350, 0, 0 
16117, 174843564, 0.000, 10.536, 0.000, 33.516, 0.000, 59.055, 59.005, 200.000, 0.000, 2.350, 0, 0 
16117, 175853104, 0.000, 10.570, 0.000, 33.459, 0.000, 59.093, 59.162, 200.000, 0.000, 2.350, 0, 0 
16117, 176862276, 0.000, 10.603, 0.000, 33.418, 0.000, 59.087, 58.910, 200.000, 0.000, 2.350, 0, 0 
16117, 177897452, 0.000, 10.637, 0.000, 33.398, 0.000, 59.068, 59.162, 200.000, 0.000, 2.350, 0, 0 
16117, 178935480, 0.000, 10.670, 0.000, 33.400, 0.000, 59.036, 59.068, 200.000, 0.000, 2.350, 0, 0 
16117, 179945865, 0.000, 10.703, 0.000, 33.359, 0.000, 59.077, 59.383, 200.000, 0.000, 2.350, 0, 0 
16117, 180980793, 0.000, 10.737, 0.000, 33.256, 0.000, 59.162, 59.446, 200.000, 0.000, 2.350, 0, 0 
16117, 181992142, 0.000, 10.770, 0.000, 33.151, 0.000, 59.203, 59.730, 200.000, 0.000, 2.350, 0, 0 
16117, 183022905, 0.000, 10.803, 0.000, 33.047, 0.000, 59.241, 59.762, 200.000, 0.000, 2.350, 0, 0 
16117, 184033726, 0.000, 10.836, 0.000, 32.956, 0.000, 59.263, 59.541, 200.000, 0.000, 2.350, 0, 0 
16117, 185044133, 0.000, 10.869, 0.000, 32.869, 0.000, 59.292, 59.289, 200.000, 0.000, 2.350, 0, 0 
16117, 186054806, 0.000, 10.902, 0.000, 32.788, 0.000, 59.314, 58.973, 200.000, 0.000, 2.350, 0, 0 
16117, 187065391, 0.000, 10.935, 0.000, 32.691, 0.000, 59.361, 59.320, 200.000, 0.000, 2.350, 0, 0 
16117, 188075367, 0.000, 10.967, 0.000, 32.622, 0.000, 59.361, 59.257, 200.000, 0.000, 2.350, 0, 0 
16117, 189088422, 0.000, 11.000, 0.000, 32.543, 0.000, 59.396, 59.446, 200.000, 0.000, 2.350, 0, 0 
16117, 190106746, 0.000, 11.032, 0.000, 32.467, 0.000, 59.418, 59.478, 200.000, 0.000, 2.350, 0, 0 
16117, 191120436, 0.000, 11.065, 0.000, 32.423, 0.000, 59.402, 59.257, 200.000, 0.000, 2.350, 0, 0 
16117, 192143034, 0.000, 11.097, 0.000, 32.399, 0.000, 59.386, 59.068, 200.000, 0.000, 2.350, 0, 0 
16117, 193153422, 0.000, 11.130, 0.000, 32.411, 0.000, 59.339, 59.068, 200.000, 0.000, 2.350, 0, 0 
16117, 194164802, 0.000, 11.162, 0.000, 32.458, 0.000, 59.276, 59.131, 200.000, 0.000, 2.350, 0, 0 
16117, 195231237, 0.000, 11.194, 0.000, 32.486, 0.000, 59.263, 59.478, 200.000, 0.000, 2.350, 0, 0 
16117, 196241532, 0.000, 11.227, 0.000, 32.508, 0.000, 59.244, 59.446, 200.000, 0.000, 2.350, 0, 0 
16117, 197270543, 0.000, 11.259, 0.000, 32.456, 0.000, 59.314, 59.636, 200.000, 0.000, 2.350, 0, 0 
16117, 198304590, 0.000, 11.292, 0.000, 32.425, 0.000, 59.301, 59.383, 200.000, 0.000, 2.350, 0, 0 
16117, 199311712, 0.000, 11.324, 0.000, 32.341, 0.000, 59.371, 59.699, 200.000, 0.000, 2.350, 0, 0 
16117, 200322331, 0.000, 11.357, 0.000, 32.314, 0.000, 59.326, 59.320, 200.000, 0.000, 2.350, 0, 0 
16117, 201332293, 0.000, 11.389, 0.000, 32.266, 0.000, 59.355, 59.383, 200.000, 0.000, 2.350, 0, 0 
16117, 202365555, 0.000, 11.421, 0.000, 32.107, 0.000, 59.506, 60.834, 200.000, 0.000, 2.350, 0, 0 
16117, 203371565, 0.000, 11.453, 0.000, 32.085, 0.000, 59.399, 59.446, 200.000, 0.000, 2.350, 0, 0 
16117, 204405072, 0.000, 11.485, 0.000, 31.913, 0.000, 59.588, 59.573, 200.000, 0.000, 2.350, 0, 0 
16117, 205454878, 0.000, 11.517, 0.000, 31.771, 0.000, 59.623, 59.604, 200.000, 0.000, 2.350, 0, 0 
16117, 206461984, 0.000, 11.549, 0.000, 31.682, 0.000, 59.614, 59.415, 200.000, 0.000, 2.350, 0, 0 
16117, 207467393, 0.000, 11.580, 0.000, 31.626, 0.000, 59.604, 59.162, 200.000, 0.000, 2.350, 0, 0 
16117, 208513404, 0.000, 11.612, 0.000, 31.540, 0.000, 59.658, 59.920, 200.000, 0.000, 2.350, 0, 0 
16117, 209558238, 0.000, 11.643, 0.000, 31.512, 0.000, 59.614, 59.699, 200.000, 0.000, 2.350, 0, 0 
16117, 210615360, 0.000, 11.675, 0.000, 31.543, 0.000, 59.541, 58.752, 200.000, 0.000, 2.350, 0, 0 
16117, 211666661, 0.000, 11.706, 0.000, 31.474, 0.000, 59.639, 59.352, 200.000, 0.000, 2.350, 0, 0 
16117, 212707611, 0.000, 11.738, 0.000, 31.463, 0.000, 59.588, 59.478, 200.000, 0.000, 2.350, 0, 0 
16117, 213745572, 0.000, 11.769, 0.000, 31.555, 0.000, 59.449, 59.573, 200.000, 0.000, 2.350, 0, 0 
16117, 214776487, 0.000, 11.801, 0.000, 31.598, 0.000, 59.453, 59.573, 200.000, 0.000, 2.350, 0, 0 
16117, 215814823, 0.000, 11.833, 0.000, 31.610, 0.000, 59.459, 59.636, 200.000, 0.000, 2.350, 0, 0 
16117, 216857384, 0.000, 11.864, 0.000, 31.609, 0.000, 59.456, 59.636, 200.000, 0.000, 2.350, 0, 0 
16117, 217894477, 0.000, 11.896, 0.000, 31.544, 0.000, 59.525, 60.109, 200.000, 0.000, 2.350, 0, 0 
16117, 218927478, 0.000, 11.927, 0.000, 31.510, 0.000, 59.506, 59.446, 200.000, 0.000, 2.350, 0, 0 
16117, 219959272, 0.000, 11.959, 0.000, 31.415, 0.000, 59.588, 60.077, 200.000, 0.000, 2.350, 0, 0 
16117, 220964741, 0.000, 11.990, 0.000, 31.397, 0.000, 59.525, 59.699, 200.000, 0.000, 2.350, 0, 0 
16117, 222001774, 0.000, 12.022, 0.000, 31.267, 0.000, 59.664, 59.762, 200.000, 0.000, 2.350, 0, 0 
16117, 223035699, 0.000, 12.053, 0.000, 31.148, 0.000, 59.702, 59.793, 200.000, 0.000, 2.350, 0, 0 
16117, 224040978, 0.000, 12.084, 0.000, 31.007, 0.000, 59.778, 60.267, 200.000, 0.000, 2.350, 0, 0 
16117, 225045073, 0.000, 12.115, 0.000, 30.954, 0.000, 59.724, 59.509, 200.000, 0.000, 2.350, 0, 0 
16117, 226049007, 0.000, 12.146, 0.000, 30.835, 0.000, 59.822, 59.793, 200.000, 0.000, 2.350, 0, 0 
16117, 227076083, 0.000, 12.177, 0.000, 30.743, 0.000, 59.834, 60.046, 200.000, 0.000, 2.350, 0, 0 
16117, 228079230, 0.000, 12.207, 0.000, 30.717, 0.000, 59.784, 59.383, 200.000, 0.000, 2.350, 0, 0 
16117, 229084107, 0.000, 12.238, 0.000, 30.657, 0.000, 59.828, 59.888, 200.000, 0.000, 2.350, 0, 0 
16117, 230088348, 0.000, 12.269, 0.000, 30.624, 0.000, 59.812, 59.793, 200.000, 0.000, 2.350, 0, 0 
16117, 231093475, 0.000, 12.299, 0.000, 30.611, 0.000, 59.790, 59.762, 200.000, 0.000, 2.350, 0, 0 
16117, 232097402, 0.000, 12.330, 0.000, 30.576, 0.000, 59.812, 59.888, 200.000, 0.000, 2.350, 0, 0 
16117, 233101962, 0.000, 12.360, 0.000, 30.585, 0.000, 59.762, 59.383, 200.000, 0.000, 2.350, 0, 0 
16117, 234106249, 0.000, 12.391, 0.000, 30.561, 0.000, 59.787, 59.541, 200.000, 0.000, 2.350, 0, 0 
16117, 235110717, 0.000, 12.422, 0.000, 30.614, 0.000, 59.689, 59.446, 200.000, 0.000, 2.350, 0, 0 
16117, 236115298, 0.000, 12.452, 0.000, 30.609, 0.000, 59.724, 59.762, 200.000, 0.000, 2.350, 0, 0 
16117, 237119379, 0.000, 12.483, 0.000, 30.607, 0.000, 59.711, 59.983, 200.000, 0.000, 2.350, 0, 0 
16117, 238123342, 0.000, 12.513, 0.000, 30.618, 0.000, 59.683, 59.983, 200.000, 0.000, 2.350, 0, 0 
16117, 239126740, 0.000, 12.544, 0.000, 30.575, 0.000, 59.733, 59.888, 200.000, 0.000, 2.350, 0, 0 
16117, 240130836, 0.000, 12.574, 0.000, 30.517, 0.000, 59.762, 60.077, 200.000, 0.000, 2.350, 0, 0 
16117, 241135117, 0.000, 12.605, 0.000, 30.433, 0.000, 59.812, 60.487, 200.000, 0.000, 2.350, 0, 0 
16117, 242139619, 0.000, 12.635, 0.000, 30.412, 0.000, 59.762, 59.667, 200.000, 0.000, 2.350, 0, 0 
16117, 243144175, 0.000, 12.666, 0.000, 30.330, 0.000, 59.838, 59.825, 200.000, 0.000, 2.350, 0, 0 
16117, 244149036, 0.000, 12.696, 0.000, 30.256, 0.000, 59.856, 59.730, 200.000, 0.000, 2.350, 0, 0 
16117, 245153357, 0.000, 12.726, 0.000, 30.147, 0.000, 59.926, 60.140, 200.000, 0.000, 2.350, 0, 0 
16117, 246157684, 0.000, 12.756, 0.000, 30.066, 0.000, 59.932, 59.920, 200.000, 0.000, 2.350, 0, 0 
16117, 247162316, 0.000, 12.786, 0.000, 29.970, 0.000, 59.979, 60.014, 200.000, 0.000, 2.350, 0, 0 
16117, 248167093, 0.000, 12.816, 0.000, 29.920, 0.000, 59.957, 59.856, 200.000, 0.000, 2.350, 0, 0 
16117, 249171428, 0.000, 12.846, 0.000, 29.848, 0.000, 59.998, 60.235, 200.000, 0.000, 2.350, 0, 0 
16117, 250175698, 0.000, 12.876, 0.000, 29.822, 0.000, 59.964, 59.920, 200.000, 0.000, 2.350, 0, 0 
16117, 251180935, 0.000, 12.906, 0.000, 29.775, 0.000, 59.992, 60.046, 200.000, 0.000, 2.350, 0, 0 
16117, 252184861, 0.000, 12.936, 0.000, 29.789, 0.000, 59.926, 59.951, 200.000, 0.000, 2.350, 0, 0 
16117, 253189704, 0.000, 12.965, 0.000, 29.796, 0.000, 59.916, 59.478, 200.000, 0.000, 2.350, 0, 0 
16117, 254194173, 0.000, 12.995, 0.000, 29.723, 0.000, 60.002, 60.203, 200.000, 0.000, 2.350, 0, 0 
16117, 255198574, 0.000, 13.025, 0.000, 29.702, 0.000, 59.961, 60.046, 200.000, 0.000, 2.350, 0, 0 
16117, 256203238, 0.000, 13.055, 0.000, 29.678, 0.000, 59.964, 60.014, 200.000, 0.000, 2.350, 0, 0 
16117, 257207238, 0.000, 13.084, 0.000, 29.621, 0.000, 60.005, 60.298, 200.000, 0.000, 2.350, 0, 0 
16117, 258211263, 0.000, 13.114, 0.000, 29.568, 0.000, 60.017, 60.424, 200.000, 0.000, 2.350, 0, 0 
16117, 259215204, 0.000, 13.143, 0.000, 29.521, 0.000, 60.024, 60.046, 200.000, 0.000, 2.350, 0, 0 
16117, 260230412, 0.000, 13.173, 0.000, 29.448, 0.000, 60.068, 60.298, 200.000, 0.000, 2.350, 0, 0 
16117, 261233885, 0.000, 13.202, 0.000, 29.428, 0.000, 60.027, 59.762, 200.000, 0.000, 2.350, 0, 0 
16117, 262238095, 0.000, 13.232, 0.000, 29.356, 0.000, 60.090, 60.140, 200.000, 0.000, 2.350, 0, 0 
16117, 263242989, 0.000, 13.261, 0.000, 29.303, 0.000, 60.090, 60.330, 200.000, 0.000, 2.350, 0, 0 
16117, 264247884, 0.000, 13.290, 0.000, 29.215, 0.000, 60.150, 60.267, 200.000, 0.000, 2.350, 0, 0 
16117, 265251973, 0.000, 13.319, 0.000, 29.157, 0.000, 60.144, 60.077, 200.000, 0.000, 2.350, 0, 0 
16117, 266256084, 0.000, 13.349, 0.000, 29.081, 0.000, 60.185, 60.267, 200.000, 0.000, 2.350, 0, 0 
16117, 267260582, 0.000, 13.378, 0.000, 29.043, 0.000, 60.162, 59.983, 200.000, 0.000, 2.350, 0, 0 
16117, 268265048, 0.000, 13.407, 0.000, 28.978, 0.000, 60.203, 60.424, 200.000, 0.000, 2.350, 0, 0 
16117, 269269950, 0.000, 13.436, 0.000, 28.969, 0.000, 60.153, 60.361, 200.000, 0.000, 2.350, 0, 0 
16117, 270274462, 0.000, 13.465, 0.000, 28.945, 0.000, 60.166, 60.109, 200.000, 0.000, 2.350, 0, 0 
16117, 271278478, 0.000, 13.493, 0.000, 28.904, 0.000, 60.188, 60.267, 200.000, 0.000, 2.350, 0, 0 
16117, 272282922, 0.000, 13.522, 0.000, 28.853, 0.000, 60.210, 60.140, 200.000, 0.000, 2.350, 0, 0 
16117, 273287166, 0.000, 13.551, 0.000, 28.797, 0.000, 60.229, 60.203, 200.000, 0.000, 2.350, 0, 0 
16117, 274291272, 0.000, 13.580, 0.000, 28.765, 0.000, 60.216, 60.267, 200.000, 0.000, 2.350, 0, 0 
16117, 275295619, 0.000, 13.609, 0.000, 28.681, 0.000, 60.285, 61.024, 200.000, 0.000, 2.350, 0, 0 
16117, 276300072, 0.000, 13.637, 0.000, 28.659, 0.000, 60.238, 60.361, 200.000, 0.000, 2.350, 0, 0 
16117, 277304638, 0.000, 13.666, 0.000, 28.460, 0.000, 60.462, 61.844, 200.000, 0.000, 2.350, 0, 0 
16117, 278309038, 0.000, 13.694, 0.000, 28.427, 0.000, 60.339, 60.235, 200.000, 0.000, 2.350, 0, 0 
16117, 279313116, 0.000, 13.723, 0.000, 28.269, 0.000, 60.503, 60.456, 200.000, 0.000, 2.350, 0, 0 
16117, 280317350, 0.000, 13.751, 0.000, 28.180, 0.000, 60.484, 60.393, 200.000, 0.000, 2.350, 0, 0 
16117, 281321474, 0.000, 13.779, 0.000, 28.101, 0.000, 60.503, 60.235, 200.000, 0.000, 2.350, 0, 0 
16117, 282325887, 0.000, 13.807, 0.000, 27.995, 0.000, 60.566, 60.740, 200.000, 0.000, 2.350, 0, 0 
16117, 283330703, 0.000, 13.835, 0.000, 27.922, 0.000, 60.566, 60.645, 200.000, 0.000, 2.350, 0, 0 
16117, 284335229, 0.000, 13.863, 0.000, 27.901, 0.000, 60.525, 59.699, 200.000, 0.000, 2.350, 0, 0 
16117, 285339746, 0.000, 13.891, 0.000, 27.776, 0.000, 60.658, 60.645, 200.000, 0.000, 2.350, 0, 0 
16117, 286344187, 0.000, 13.919, 0.000, 27.872, 0.000, 60.427, 59.667, 200.000, 0.000, 2.350, 0, 0 
16117, 287348669, 0.000, 13.946, 0.000, 27.835, 0.000, 60.538, 60.487, 200.000, 0.000, 2.350, 0, 0 
16117, 288353265, 0.000, 13.974, 0.000, 27.992, 0.000, 60.298, 60.267, 200.000, 0.000, 2.350, 0, 0 
16117, 289357202, 0.000, 14.002, 0.000, 28.049, 0.000, 60.336, 60.393, 200.000, 0.000, 2.350, 0, 0 
16117, 290361578, 0.000, 14.030, 0.000, 28.122, 0.000, 60.276, 59.983, 200.000, 0.000, 2.350, 0, 0 
16117, 291366029, 0.000, 14.059, 0.000, 28.087, 0.000, 60.364, 60.866, 200.000, 0.000, 2.350, 0, 0 
16117, 292370823, 0.000, 14.087, 0.000, 28.135, 0.000, 60.267, 60.140, 200.000, 0.000, 2.350, 0, 0 
16117, 293386954, 0.000, 14.115, 0.000, 28.073, 0.000, 60.371, 61.055, 200.000, 0.000, 2.350, 0, 0 
16117, 294485647, 0.000, 14.143, 0.000, 28.108, 0.000, 60.267, 60.519, 200.000, 0.000, 2.350, 0, 0 
16117, 295490614, 0.000, 14.171, 0.000, 28.017, 0.000, 60.399, 60.487, 200.000, 0.000, 2.350, 0, 0 
16117, 296495741, 0.000, 14.199, 0.000, 27.965, 0.000, 60.383, 60.4