Wed Nov 28 14:28:41 2018
StepTime, x, v, f, xdes, vdes, fdes, cmd, IR, LSB, LSF
0, 77662, 25585514, 0.00, 100.00, 0.00, 2.25, 0, 0 
1, 77662, 27611237, 0.00, 100.00, 0.00, 2.25, 0, 0 
2, 77662, 29642960, 0.00, 100.00, 0.00, 2.25, 0, 0 
3, 77662, 31743501, 0.00, 100.00, 0.00, 2.25, 0, 0 
4, 77662, 33774886, 0.00, 100.00, 0.00, 2.25, 0, 0 
5, 77662, 35894904, 0.00, 100.00, 0.00, 2.25, 0, 0 
6, 77662, 37927636, 0.00, 100.00, 0.00, 2.25, 0, 0 
7, 77662, 39950154, 0.00, 100.00, 0.00, 2.25, 0, 0 
8, 77662, 41976650, 0.00, 100.00, 0.00, 2.25, 0, 0 
9, 77662, 43981798, 0.00, 100.00, 0.00, 2.25, 0, 0 
0, 77662, 46010378, 0.00, 100.00, 0.00, 2.25, 0, 0 
1, 77662, 48017944, 0.00, 100.00, 0.00, 2.25, 0, 0 
2, 77662, 50049389, 0.00, 100.00, 0.00, 2.25, 0, 0 
3, 77662, 52055007, 0.00, 100.00, 0.00, 2.25, 0, 0 
4, 77662, 54062583, 0.00, 100.00, 0.00, 2.25, 0, 0 
5, 77662, 56070657, 0.00, 100.00, 0.00, 2.25, 0, 0 
6, 77662, 58077294, 0.00, 100.00, 0.00, 2.25, 0, 0 
7, 77662, 60088659, 0.00, 100.00, 0.00, 2.25, 0, 0 
8, 77662, 62207446, 0.00, 100.00, 0.00, 2.25, 0, 0 
9, 77662, 64216444, 0.00, 100.00, 0.00, 2.25, 0, 0 
0, 77662, 66363401, 0.00, 100.00, 0.00, 2.25, 0, 0 
1, 77662, 68479155, 0.00, 100.00, 0.00, 2.25, 0, 0 
2, 77662, 70593174, 0.00, 100.00, 0.00, 2.25, 0, 0 
3, 77662, 72682793, 0.00, 100.00, 0.00, 2.25, 0, 0 
4, 77662, 74722502, 0.00, 100.00, 0.00, 2.25, 0, 0 
5, 77662, 76822754, 0.00, 100.00, 0.00, 2.25, 0, 0 
6, 77662, 78828488, 0.00, 100.00, 0.00, 2.25, 0, 0 
7, 77662, 80834321, 0.00, 100.00, 0.00, 2.25, 0, 0 
8, 77662, 82840887, 0.00, 100.00, 0.00, 2.25, 0, 0 
9, 77662, 84847547, 0.00, 100.00, 0.00, 2.25, 0, 0 
0, 77662, 86869889, 0.00, 100.00, 0.00, 2.25, 0, 0 
1, 77662, 88876976, 0.00, 100.00, 0.00, 2.25, 0, 0 
2, 77662, 90884894, 0.00, 100.00, 0.00, 2.25, 0, 0 
3, 77662, 92899081, 0.00, 100.00, 0.00, 2.25, 0, 0 
4, 77662, 94905446, 0.00, 100.00, 0.00, 2.25, 0, 0 
5, 77662, 96913168, 0.00, 100.00, 0.00, 2.25, 0, 0 
6, 77662, 98919913, 0.00, 100.00, 0.00, 2.25, 0, 0 
7, 77662, 100926943, 0.00, 100.00, 0.00, 2.25, 0, 0 
8, 77662, 103033976, 0.00, 100.00, 0.00, 2.25, 0, 0 
9, 77662, 105132810, 0.00, 100.00, 0.00, 2.25, 0, 0 
0, 77662, 107211730, 0.00, 100.00, 0.00, 2.25, 0, 0 
1, 77662, 109261478, 0.00, 100.00, 0.00, 2.25, 0, 0 
2, 77662, 111309920, 0.00, 100.00, 0.00, 2.25, 0, 0 
3, 77662, 113323265, 0.00, 100.00, 0.00, 2.25, 0, 0 
4, 77662, 115339686, 0.00, 100.00, 0.00, 2.25, 0, 0 
5, 77662, 117355431, 0.00, 100.00, 0.00, 2.25, 0, 0 
6, 77662, 119370585, 0.00, 100.00, 0.00, 2.25, 0, 0 
7, 77662, 121388034, 0.00, 100.00, 0.00, 2.25, 0, 0 
8, 77662, 123416743, 0.00, 100.00, 0.00, 2.25, 0, 0 
9, 77662, 125443391, 0.00, 100.00, 0.00, 2.25, 0, 0 
0, 77662, 127594819, 0.00, 100.00, 0.00, 2.25, 0, 0 
1, 77662, 129674592, 0.00, 100.00, 0.00, 2.25, 0, 0 
2, 77662, 131693297, 0.00, 100.00, 0.00, 2.25, 0, 0 
3, 77662, 133714805, 0.00, 100.00, 0.00, 2.25, 0, 0 
4, 77662, 135734515, 0.00, 100.00, 0.00, 2.25, 0, 0 
5, 77662, 137754513, 0.00, 100.00, 0.00, 2.25, 0, 0 
6, 77662, 139808605, 0.00, 100.00, 0.00, 2.25, 0, 0 
7, 77662, 141827185, 0.00, 100.00, 0.00, 2.25, 0, 0 
8, 77662, 143845739, 0.00, 100.00, 0.00, 2.25, 0, 0 
9, 77662, 145866292, 0.00, 100.00, 0.00, 2.25, 0, 0 
0, 77662, 147947235, 0.00, 100.00, 0.00, 2.25, 0, 0 
1, 77662, 149966311, 0.00, 100.00, 0.00, 2.25, 0, 0 
2, 77662, 152092366, 0.00, 100.00, 0.00, 2.25, 0, 0 
3, 77662, 154208570, 0.00, 100.00, 0.00, 2.25, 0, 0 
4, 77662, 156244685, 0.00, 100.00, 0.00, 2.25, 0, 0 
5, 77662, 158321904, 0.00, 100.00, 0.00, 2.25, 0, 0 
6, 77662, 160384321, 0.00, 100.00, 0.00, 2.25, 0, 0 
7, 77662, 162403566, 0.00, 100.00, 0.00, 2.25, 0, 0 
8, 77662, 164425014, 0.00, 100.00, 0.00, 2.25, 0, 0 
9, 77662, 166442139, 0.00, 100.00, 0.00, 2.25, 0, 0 
0, 77662, 168491181, 0.00, 100.00, 0.00, 2.25, 0, 0 
1, 77662, 170512399, 0.00, 100.00, 0.00, 2.25, 0, 0 
2, 77662, 172534020, 0.00, 100.00, 0.00, 2.25, 0, 0 
3, 77662, 174552726, 0.00, 100.00, 0.00, 2.25, 0, 0 
4, 77662, 176573362, 0.00, 100.00, 0.00, 2.25, 0, 0 
5, 77662, 178593684, 0.00, 100.00, 0.00, 2.25, 0, 0 
6, 77662, 180613977, 0.00, 100.00, 0.00, 2.25, 0, 0 
7, 77662, 182639764, 0.00, 100.00, 0.00, 2.25, 0, 0 
8, 77662, 184662531, 0.00, 100.00, 0.00, 2.25, 0, 0 
9, 77662, 186681806, 0.00, 100.00, 0.00, 2.25, 0, 0 
0, 77662, 188743033, 0.00, 100.00, 0.00, 2.25, 0, 0 
1, 77662, 190774010, 0.00, 100.00, 0.00, 2.25, 0, 0 
2, 77662, 192799723, 0.00, 100.00, 0.00, 2.25, 0, 0 
3, 77662, 194821242, 0.00, 100.00, 0.00, 2.25, 0, 0 
4, 77662, 196843227, 0.00, 100.00, 0.00, 2.25, 0, 0 
5, 77662, 198862399, 0.00, 100.00, 0.00, 2.25, 0, 0 
6, 77662, 200881306, 0.00, 100.00, 0.00, 2.25, 0, 0 
7, 77662, 202897168, 0.00, 100.00, 0.00, 2.25, 0, 0 
8, 77662, 204919820, 0.00, 100.00, 0.00, 2.25, 0, 0 
9, 77662, 206936908, 0.00, 100.00, 0.00, 2.25, 0, 0 
0, 77662, 208991428, 0.00, 100.00, 0.00, 2.25, 0, 0 
1, 77662, 211007020, 0.00, 100.00, 0.00, 2.25, 0, 0 
2, 77662, 213025057, 0.00, 100.00, 0.00, 2.25, 0, 0 
3, 77662, 215041604, 0.00, 100.00, 0.00, 2.25, 0, 0 
4, 77662, 217065892, 0.00, 100.00, 0.00, 2.25, 0, 0 
5, 77662, 219083107, 0.00, 100.00, 0.00, 2.25, 0, 0 
6, 77662, 221100557, 0.00, 100.00, 0.00, 2.25, 0, 0 
7, 77662, 223118610, 0.00, 100.00, 0.00, 2.25, 0, 0 
8, 77662, 225139464, 0.00, 100.00, 0.00, 2.25, 0, 0 
9, 77662, 227205974, 0.00, 100.00, 0.00, 2.25, 0, 0 
0, 77662, 229252861, 0.00, 100.00, 0.00, 2.25, 0, 0 
1, 77662, 231269851, 0.00, 100.00, 0.00, 2.25, 0, 0 
2, 77662, 233286029, 0.00, 100.00, 0.00, 2.25, 0, 0 
3, 77662, 235302164, 0.00, 100.00, 0.00, 2.25, 0, 0 
4, 77662, 237320979, 0.00, 100.00, 0.00, 2.25, 0, 0 
5, 77662, 239406422, 0.00, 100.00, 0.00, 2.25, 0, 0 
6, 77662, 241516664, 0.00, 100.00, 0.00, 2.25, 0, 0 
7, 77662, 243535474, 0.00, 100.00, 0.00, 2.25, 0, 0 
8, 77662, 245557366, 0.00, 100.00, 0.00, 2.25, 0, 0 
9, 77662, 247577058, 0.00, 100.00, 0.00, 2.25, 0, 0 
0, 77662, 249687049, 0.00, 100.00, 0.00, 2.25, 0, 0 
1, 77662, 251703710, 0.00, 100.00, 0.00, 2.25, 0, 0 
2, 77662, 253719966, 0.00, 100.00, 0.00, 2.25, 0, 0 
3, 77662, 255736310, 0.00, 100.00, 0.00, 2.25, 0, 0 
4, 77662, 257762840, 0.00, 100.00, 0.00, 2.25, 0, 0 
5, 77662, 259837211, 0.00, 100.00, 0.00, 2.25, 0, 0 
6, 77662, 261918793, 0.00, 100.00, 0.00, 2.25, 0, 0 
7, 77662, 263988105, 0.00, 100.00, 0.00, 2.25, 0, 0 
8, 77662, 266058378, 0.00, 100.00, 0.00, 2.25, 0, 0 
9, 77662, 268085566, 0.00, 100.00, 0.00, 2.25, 0, 0 
0, 77662, 270153550, 0.00, 100.00, 0.00, 2.25, 0, 0 
1, 77662, 272269433, 0.00, 100.00, 0.00, 2.25, 0, 0 
2, 77662, 274385148, 0.00, 100.00, 0.00, 2.25, 0, 0 
3, 77662, 276496002, 0.00, 100.00, 0.00, 2.25, 0, 0 
4, 77662, 278520447, 0.00, 100.00, 0.00, 2.25, 0, 0 
5, 77662, 280543701, 0.00, 100.00, 0.00, 2.25, 0, 0 
6, 77662, 282563642, 0.00, 100.00, 0.00, 2.25, 0, 0 
7, 77662, 284625550, 0.00, 100.00, 0.00, 2.25, 0, 0 
8, 77662, 286700655, 0.00, 100.00, 0.00, 2.25, 0, 0 
9, 77662, 288776424, 0.00, 100.00, 0.00, 2.25, 0, 0 
0, 77662, 290887892, 0.00, 100.00, 0.00, 2.25, 0, 0 
1, 77662, 292992984, 0.00, 100.00, 0.00, 2.25, 0, 0 
2, 77662, 295060138, 0.00, 100.00, 0.00, 2.25, 0, 0 
3, 77662, 297159947, 0.00, 100.00, 0.00, 2.25, 0, 0 
4, 77662, 299252439, 0.00, 100.00, 0.00, 2.25, 0, 0 
5, 77662, 301350388, 0.00, 100.00, 0.00, 2.25, 0, 0 
6, 77662, 303416773, 0.00, 100.00, 0.00, 2.25, 0, 0 
7, 77662, 305436392, 0.00, 100.00, 0.00, 2.25, 0, 0 
8, 77662, 307453696, 0.00, 100.00, 0.00, 2.25, 0, 0 
9, 77662, 309475202, 0.00, 100.00, 0.00, 2.25, 0, 0 
0, 77662, 311520484, 0.00, 100.00, 0.00, 2.25, 0, 0 
1, 77662, 313543364, 0.00, 100.00, 0.00, 2.25, 0, 0 
2, 77662, 315561374, 0.00, 100.00, 0.00, 2.25, 0, 0 
3, 77662, 317578853, 0.00, 100.00, 0.00, 2.25, 0, 0 
4, 77662, 319595186, 0.00, 100.00, 0.00, 2.25, 0, 0 
5, 77662, 321614321, 0.00, 100.00, 0.00, 2.25, 0, 0 
6, 77662, 323641827, 0.00, 100.00, 0.00, 2.25, 0, 0 
7, 77662, 325687244, 0.00, 100.00, 0.00, 2.25, 0, 0 
8, 77662, 327747946, 0.00, 100.00, 0.00, 2.25, 0, 0 
9, 77662, 329765847, 0.00, 100.00, 0.00, 2.25, 0, 0 
0, 77662, 331822196, 0.00, 100.00, 0.00, 2.25, 0, 0 
1, 77662, 333871956, 0.00, 100.00, 0.00, 2.25, 0, 0 
2, 77662, 335888976, 0.00, 100.00, 0.00, 2.25, 0, 0 
3, 77662, 337908665, 0.00, 100.00, 0.00, 2.25, 0, 0 
4, 77662, 339925026, 0.00, 100.00, 0.00, 2.25, 0, 0 
5, 77662, 341950239, 0.00, 100.00, 0.00, 2.25, 0, 0 
6, 77662, 343972633, 0.00, 100.00, 0.00, 2.25, 0, 0 
7, 77662, 346003977, 0.00, 100.00, 0.00, 2.25, 0, 0 
8, 77662, 348025171, 0.00, 100.00, 0.00, 2.25, 0, 0 
9, 77662, 350049887, 0.00, 100.00, 0.00, 2.25, 0, 0 
0, 77662, 352101931, 0.00, 100.00, 0.00, 2.25, 0, 0 
1, 77662, 354215114, 0.00, 100.00, 0.00, 2.25, 0, 0 
2, 77662, 356332519, 0.00, 100.00, 0.00, 2.25, 0, 0 
3, 77662, 358359152, 0.00, 100.00, 0.00, 2.25, 0, 0 
4, 77662, 360424425, 0.00, 100.00, 0.00, 2.25, 0, 0 
5, 77662, 362444384, 0.00, 100.00, 0.00, 2.25, 0, 0 
6, 77662, 364465537, 0.00, 100.00, 0.00, 2.25, 0, 0 
7, 77662, 366482527, 0.00, 100.00, 0.00, 2.25, 0, 0 
8, 77662, 368501630, 0.00, 100.00, 0.00, 2.25, 0, 0 
9, 77662, 370520859, 0.00, 100.00, 0.00, 2.25, 0, 0 
0, 77662, 372575235, 0.00, 100.00, 0.00, 2.25, 0, 0 
1, 77662, 374626072, 0.00, 100.00, 0.00, 2.25, 0, 0 
2, 77662, 376646983, 0.00, 100.00, 0.00, 2.25, 0, 0 
3, 77662, 378703656, 0.00, 100.00, 0.00, 2.25, 0, 0 
4, 77662, 380812366, 0.00, 100.00, 0.00, 2.25, 0, 0 
5, 77662, 382927509, 0.00, 100.00, 0.00, 2.25, 0, 0 
6, 77662, 384998688, 0.00, 100.00, 0.00, 2.25, 0, 0 
7, 77662, 387020593, 0.00, 100.00, 0.00, 2.25, 0, 0 
8, 77662, 389137999, 0.00, 100.00, 0.00, 2.25, 0, 0 
9, 77662, 391168585, 0.00, 100.00, 0.00, 2.25, 0, 0 
0, 77662, 393266533, 0.00, 100.00, 0.00, 2.25, 0, 0 
1, 77662, 395348666, 0.00, 100.00, 0.00, 2.25, 0, 0 
2, 77662, 397417703, 0.00, 100.00, 0.00, 2.25, 0, 0 
3, 77662, 399487521, 0.00, 100.00, 0.00, 2.25, 0, 0 
4, 77662, 401556782, 0.00, 100.00, 0.00, 2.25, 0, 0 
5, 77662, 403579995, 0.00, 100.00, 0.00, 2.25, 0, 0 
6, 77662, 405599480, 0.00, 100.00, 0.00, 2.25, 0, 0 
7, 77662, 407624938, 0.00, 100.00, 0.00, 2.25, 0, 0 
8, 77662, 409642240, 0.00, 100.00, 0.00, 2.25, 0, 0 
9, 77662, 411658103, 0.00, 100.00, 0.00, 2.25, 0, 0 
0, 77662, 413698631, 0.00, 100.00, 0.00, 2.25, 0, 0 
1, 77662, 415716049, 0.00, 100.00, 0.00, 2.25, 0, 0 
2, 77662, 417732760, 0.00, 100.00, 0.00, 2.25, 0, 0 
3, 77662, 419751978, 0.00, 100.00, 0.00, 2.25, 0, 0 
4, 77662, 421768922, 0.00, 100.00, 0.00, 2.25, 0, 0 
5, 77662, 423793996, 0.00, 100.00, 0.00, 2.25, 0, 0 
6, 77662, 425904594, 0.00, 100.00, 0.00, 2.25, 0, 0 
7, 77662, 427921987, 0.00, 100.00, 0.00, 2.25, 0, 0 
8, 77662, 429938734, 0.00, 100.00, 0.00, 2.25, 0, 0 
9, 77662, 431955479, 0.00, 100.00, 0.00, 2.25, 0, 0 
0, 77662, 434013052, 0.00, 100.00, 0.00, 2.25, 0, 0 
1, 77662, 436031241, 0.00, 100.00, 0.00, 2.25, 0, 0 
2, 77662, 438049425, 0.00, 100.00, 0.00, 2.25, 0, 0 
3, 77662, 440074424, 0.00, 100.00, 0.00, 2.25, 0, 0 
4, 77662, 442092993, 0.00, 100.00, 0.00, 2.25, 0, 0 
5, 77662, 444111159, 0.00, 100.00, 0.00, 2.25, 0, 0 
6, 77662, 446128136, 0.00, 100.00, 0.00, 2.25, 0, 0 
7, 77662, 448145986, 0.00, 100.00, 0.00, 2.25, 0, 0 
8, 77662, 450163074, 0.00, 100.00, 0.00, 2.25, 0, 0 
9, 77662, 452180511, 0.00, 100.00, 0.00, 2.25, 0, 0 
0, 77662, 454226956, 0.00, 100.00, 0.00, 2.25, 0, 0 
1, 77662, 456244261, 0.00, 100.00, 0.00, 2.25, 0, 0 
2, 77662, 458264193, 0.00, 100.00, 0.00, 2.25, 0, 0 
3, 77662, 460283867, 0.00, 100.00, 0.00, 2.25, 0, 0 
4, 77662, 462378321, 0.00, 100.00, 0.00, 2.25, 0, 0 
5, 77662, 464399163, 0.00, 100.00, 0.00, 2.25, 0, 0 
6, 77662, 466414548, 0.00, 100.00, 0.00, 2.25, 0, 0 
7, 77662, 468432095, 0.00, 100.00, 0.00, 2.25, 0, 0 
8, 77662, 470450985, 0.00, 100.00, 0.00, 2.25, 0, 0 
9, 77662, 472520355, 0.00, 100.00, 0.00, 2.25, 0, 0 
0, 77662, 474598789, 0.00, 100.00, 0.00, 2.25, 0, 0 
1, 77662, 476683438, 0.00, 100.00, 0.00, 2.25, 0, 0 
2, 77662, 478757601, 0.00, 100.00, 0.00, 2.25, 0, 0 
3, 77662, 480777950, 0.00, 100.00, 0.00, 2.25, 0, 0 
4, 77662, 482794415, 0.00, 100.00, 0.00, 2.25, 0, 0 
5, 77662, 484813508, 0.00, 100.00, 0.00, 2.25, 0, 0 
6, 77662, 486829887, 0.00, 100.00, 0.00, 2.25, 0, 0 
7, 77662, 488852462, 0.00, 100.00, 0.00, 2.25, 0, 0 
8, 77662, 490925577, 0.00, 100.00, 0.00, 2.25, 0, 0 
9, 77662, 493004897, 0.00, 100.00, 0.00, 2.25, 0, 0 
0, 77662, 495127827, 0.00, 100.00, 0.00, 2.25, 0, 0 
1, 77662, 497200564, 0.00, 100.00, 0.00, 2.25, 0, 0 
2, 77662, 499279732, 0.00, 100.00, 0.00, 2.25, 0, 0 
3, 77662, 501299749, 0.00, 100.00, 0.00, 2.25, 0, 0 
4, 77662, 503326477, 0.00, 100.00, 0.00, 2.25, 0, 0 
5, 77662, 505344889, 0.00, 100.00, 0.00, 2.25, 0, 0 
6, 77662, 507363086, 0.00, 100.00, 0.00, 2.25, 0, 0 
7, 77662, 509430800, 0.00, 100.00, 0.00, 2.25, 0, 0 
8, 77662, 511450346, 0.00, 100.00, 0.00, 2.25, 0, 0 
9, 77662, 513468481, 0.00, 100.00, 0.00, 2.25, 0, 0 
0, 77662, 515510671, 0.00, 100.00, 0.00, 2.25, 0, 0 
1, 77662, 517528578, 0.00, 100.00, 0.00, 2.25, 0, 0 
2, 77662, 519545046, 0.00, 100.00, 0.00, 2.25, 0, 0 
3, 77662, 521565046, 0.00, 100.00, 0.00, 2.25, 0, 0 
4, 77662, 523665656, 0.00, 100.00, 0.00, 2.25, 0, 0 
5, 77662, 525684733, 0.00, 100.00, 0.00, 2.25, 0, 0 
6, 77662, 527701233, 0.00, 100.00, 0.00, 2.25, 0, 0 
7, 77662, 529818338, 0.00, 100.00, 0.00, 2.25, 0, 0 
8, 77662, 531837390, 0.00, 100.00, 0.00, 2.25, 0, 0 
9, 77662, 533867142, 0.00, 100.00, 0.00, 2.25, 0, 0 
0, 77662, 535965057, 0.00, 100.00, 0.00, 2.25, 0, 0 
1, 77662, 538030119, 0.00, 100.00, 0.00, 2.25, 0, 0 
2, 77662, 540053415, 0.00, 100.00, 0.00, 2.25, 0, 0 
3, 77662, 542079530, 0.00, 100.00, 0.00, 2.25, 0, 0 
4, 77662, 544104648, 0.00, 100.00, 0.00, 2.25, 0, 0 
5, 77662, 546122467, 0.00, 100.00, 0.00, 2.25, 0, 0 
6, 77662, 548141505, 0.00, 100.00, 0.00, 2.25, 0, 0 
7, 77662, 550157775, 0.00, 100.00, 0.00, 2.25, 0, 0 
8, 77662, 552176154, 0.00, 100.00, 0.00, 2.25, 0, 0 
9, 77662, 554195727, 0.00, 100.00, 0.00, 2.25, 0, 0 
0, 77662, 556244500, 0.00, 100.00, 0.00, 2.25, 0, 0 
1, 77662, 558262930, 0.00, 100.00, 0.00, 2.25, 0, 0 
2, 77662, 560341121, 0.00, 100.00, 0.00, 2.25, 0, 0 
3, 77662, 562412910, 0.00, 100.00, 0.00, 2.25, 0, 0 
4, 77662, 564438619, 0.00, 100.00, 0.00, 2.25, 0, 0 
5, 77662, 566460254, 0.00, 100.00, 0.00, 2.25, 0, 0 
6, 77662, 568477478, 0.00, 100.00, 0.00, 2.25, 0, 0 
7, 77662, 570495524, 0.00, 100.00, 0.00, 2.25, 0, 0 
8, 77662, 572586629, 0.00, 100.00, 0.00, 2.25, 0, 0 
9, 77662, 574614196, 0.00, 100.00, 0.00, 2.25, 0, 0 
0, 77662, 576673857, 0.00, 100.00, 0.00, 2.25, 0, 0 
1, 77662, 578692671, 0.00, 100.00, 0.00, 2.25, 0, 0 
2, 77662, 580712584, 0.00, 100.00, 0.00, 2.25, 0, 0 
3, 77662, 582729473, 0.00, 100.00, 0.00, 2.25, 0, 0 
4, 77662, 584748072, 0.00, 100.00, 0.00, 2.25, 0, 0 
5, 77662, 586764090, 0.00, 100.00, 0.00, 2.25, 0, 0 
6, 77662, 588786108, 0.00, 100.00, 0.00, 2.25, 0, 0 
7, 77662, 590802396, 0.00, 100.00, 0.00, 2.25, 0, 0 
8, 77662, 592821011, 0.00, 100.00, 0.00, 2.25, 0, 0 
9, 77662, 594841340, 0.00, 100.00, 0.00, 2.25, 0, 0 
0, 77662, 596894333, 0.00, 100.00, 0.00, 2.25, 0, 0 
1, 77662, 598958543, 0.00, 100.00, 0.00, 2.25, 0, 0 
2, 77662, 600981667, 0.00, 100.00, 0.00, 2.25, 0, 0 
3, 77662, 603078191, 0.00, 100.00, 0.00, 2.25, 0, 0 
4, 77662, 605095864, 0.00, 100.00, 0.00, 2.25, 0, 0 
5, 77662, 607112345, 0.00, 100.00, 0.00, 2.25, 0, 0 
6, 77662, 609139682, 0.00, 100.00, 0.00, 2.25, 0, 0 
7, 77662, 611207402, 0.00, 100.00, 0.00, 2.25, 0, 0 
8, 77662, 613273088, 0.00, 100.00, 0.00, 2.25, 0, 0 
9, 77662, 615290787, 0.00, 100.00, 0.00, 2.25, 0, 0 
0, 77662, 617347989, 0.00, 100.00, 0.00, 2.25, 0, 0 
1, 77662, 619363642, 0.00, 100.00, 0.00, 2.25, 0, 0 
2, 77662, 621479854, 0.00, 100.00, 0.00, 2.25, 0, 0 
3, 77662, 623569887, 0.00, 100.00, 0.00, 2.25, 0, 0 
4, 77662, 625588756, 0.00, 100.00, 0.00, 2.25, 0, 0 
5, 77662, 627606484, 0.00, 100.00, 0.00, 2.25, 0, 0 
6, 77662, 629636626, 0.00, 100.00, 0.00, 2.25, 0, 0 
7, 77662, 631658589, 0.00, 100.00, 0.00, 2.25, 0, 0 
8, 77662, 633677855, 0.00, 100.00, 0.00, 2.25, 0, 0 
9, 77662, 635694267, 0.00, 100.00, 0.00, 2.25, 0, 0 
0, 77662, 637758996, 0.00, 100.00, 0.00, 2.25, 0, 0 
1, 77662, 639776736, 0.00, 100.00, 0.00, 2.25, 0, 0 
2, 77662, 641796407, 0.00, 100.00, 0.00, 2.25, 0, 0 
3, 77662, 643857454, 0.00, 100.00, 0.00, 2.25, 0, 0 
4, 77662, 645879307, 0.00, 100.00, 0.00, 2.25, 0, 0 
5, 77662, 647896633, 0.00, 100.00, 0.00, 2.25, 0, 0 
6, 77662, 649912948, 0.00, 100.00, 0.00, 2.25, 0, 0 
7, 77662, 651929621, 0.00, 100.00, 0.00, 2.25, 0, 0 
8, 77662, 653946199, 0.00, 100.00, 0.00, 2.25, 0, 0 
9, 77662, 655964574, 0.00, 100.00, 0.00, 2.25, 0, 0 
0, 77662, 658009740, 0.00, 100.00, 0.00, 2.25, 0, 0 
1, 77662, 660037881, 0.00, 100.00, 0.00, 2.25, 0, 0 
2, 77662, 662063840, 0.00, 100.00, 0.00, 2.25, 0, 0 
3, 77662, 664085291, 0.00, 100.00, 0.00, 2.25, 0, 0 
4, 77662, 666158324, 0.00, 100.00, 0.00, 2.25, 0, 0 
5, 77662, 668237621, 0.00, 100.00, 0.00, 2.25, 0, 0 
6, 77662, 670310467, 0.00, 100.00, 0.00, 2.25, 0, 0 
7, 77662, 672425576, 0.00, 100.00, 0.00, 2.25, 0, 0 
8, 77662, 674459179, 0.00, 100.00, 0.00, 2.25, 0, 0 
9, 77662, 676493007, 0.00, 100.00, 0.00, 2.25, 0, 0 
0, 77662, 678549597, 0.00, 100.00, 0.00, 2.25, 0, 0 
1, 77662, 680571883, 0.00, 100.00, 0.00, 2.25, 0, 0 
2, 77662, 682592666, 0.00, 100.00, 0.00, 2.25, 0, 0 
3, 77662, 684616295, 0.00, 100.00, 0.00, 2.25, 0, 0 
4, 77662, 686685664, 0.00, 100.00, 0.00, 2.25, 0, 0 
5, 77662, 688754812, 0.00, 100.00, 0.00, 2.25, 0, 0 
6, 77662, 690775997, 0.00, 100.00, 0.00, 2.25, 0, 0 
7, 77662, 692815024, 0.00, 100.00, 0.00, 2.25, 0, 0 
8, 77662, 694833142, 0.00, 100.00, 0.00, 2.25, 0, 0 
9, 77662, 696854170, 0.00, 100.00, 0.00, 2.25, 0, 0 
0, 77662, 698918128, 0.00, 100.00, 0.00, 2.25, 0, 0 
1, 77662, 700976601, 0.00, 100.00, 0.00, 2.25, 0, 0 
2, 77662, 702995809, 0.00, 100.00, 0.00, 2.25, 0, 0 
3, 77662, 705016894, 0.00, 100.00, 0.00, 2.25, 0, 0 
4, 77662, 707034680, 0.00, 100.00, 0.00, 2.25, 0, 0 
5, 77662, 709150276, 0.00, 100.00, 0.00, 2.25, 0, 0 
6, 77662, 711203779, 0.00, 100.00, 0.00, 2.25, 0, 0 
7, 77662, 713221991, 0.00, 100.00, 0.00, 2.25, 0, 0 
8, 77662, 715238736, 0.00, 100.00, 0.00, 2.25, 0, 0 
9, 77662, 717256450, 0.00, 100.00, 0.00, 2.25, 0, 0 
0, 77662, 719311634, 0.00, 100.00, 0.00, 2.25, 0, 0 
1, 77662, 721332607, 0.00, 100.00, 0.00, 2.25, 0, 0 
2, 77662, 723353832, 0.00, 100.00, 0.00, 2.25, 0, 0 
3, 77662, 725375847, 0.00, 100.00, 0.00, 2.25, 0, 0 
4, 77662, 727393000, 0.00, 100.00, 0.00, 2.25, 0, 0 
5, 77662, 729409655, 0.00, 100.00, 0.00, 2.25, 0, 0 
6, 77662, 731426071, 0.00, 100.00, 0.00, 2.25, 0, 0 
7, 77662, 733479940, 0.00, 100.00, 0.00, 2.25, 0, 0 
8, 77662, 735574645, 0.00, 100.00, 0.00, 2.25, 0, 0 
9, 77662, 737675040, 0.00, 100.00, 0.00, 2.25, 0, 0 
0, 77662, 739823062, 0.00, 100.00, 0.00, 2.25, 0, 0 
1, 77662, 741852780, 0.00, 100.00, 0.00, 2.25, 0, 0 
2, 77662, 743921005, 0.00, 100.00, 0.00, 2.25, 0, 0 
3, 77662, 745938749, 0.00, 100.00, 0.00, 2.25, 0, 0 
4, 77662, 747954217, 0.00, 100.00, 0.00, 2.25, 0, 0 
5, 77662, 749971403, 0.00, 100.00, 0.00, 2.25, 0, 0 
6, 77662, 751989633, 0.00, 100.00, 0.00, 2.25, 0, 0 
7, 77662, 754008214, 0.00, 100.00, 0.00, 2.25, 0, 0 
8, 77662, 756066492, 0.00, 100.00, 0.00, 2.25, 0, 0 
9, 77662, 758091362, 0.00, 100.00, 0.00, 2.25, 0, 0 
0, 77662, 760148885, 0.00, 100.00, 0.00, 2.25, 0, 0 
1, 77662, 762168177, 0.00, 100.00, 0.00, 2.25, 0, 0 
2, 77662, 764223921, 0.00, 100.00, 0.00, 2.25, 0, 0 
3, 77662, 766241870, 0.00, 100.00, 0.00, 2.25, 0, 0 
4, 77662, 768262112, 0.00, 100.00, 0.00, 2.25, 0, 0 
5, 77662, 770279451, 0.00, 100.00, 0.00, 2.25, 0, 0 
6, 77662, 772301227, 0.00, 100.00, 0.00, 2.25, 0, 0 
7, 77662, 774317477, 0.00, 100.00, 0.00, 2.25, 0, 0 
8, 77662, 776335938, 0.00, 100.00, 0.00, 2.25, 0, 0 
9, 77662, 778352154, 0.00, 100.00, 0.00, 2.25, 0, 0 
0, 77662, 780417993, 0.00, 100.00, 0.00, 2.25, 0, 0 
1, 77662, 782434296, 0.00, 100.00, 0.00, 2.25, 0, 0 
2, 77662, 784451648, 0.00, 100.00, 0.00, 2.25, 0, 0 
3, 77662, 786527361, 0.00, 100.00, 0.00, 2.25, 0, 0 
4, 77662, 788583448, 0.00, 100.00, 0.00, 2.25, 0, 0 
5, 77662, 790651779, 0.00, 100.00, 0.00, 2.25, 0, 0 
6, 77662, 792714636, 0.00, 100.00, 0.00, 2.25, 0, 0 
7, 77662, 794731861, 0.00, 100.00, 0.00, 2.25, 0, 0 
8, 77662, 796752401, 0.00, 100.00, 0.00, 2.25, 0, 0 
9, 77662, 798769168, 0.00, 100.00, 0.00, 2.25, 0, 0 
0, 77662, 800821059, 0.00, 100.00, 0.00, 2.25, 0, 0 
1, 77662, 802838428, 0.00, 100.00, 0.00, 2.25, 0, 0 
2, 77662, 804858032, 0.00, 100.00, 0.00, 2.25, 0, 0 
3, 77662, 806956228, 0.00, 100.00, 0.00, 2.25, 0, 0 
4, 77662, 808979405, 0.00, 100.00, 0.00, 2.25, 0, 0 
5, 77662, 810997607, 0.00, 100.00, 0.00, 2.25, 0, 0 
6, 77662, 813015714, 0.00, 100.00, 0.00, 2.25, 0, 0 
7, 77662, 815033141, 0.00, 100.00, 0.00, 2.25, 0, 0 
8, 77662, 817050453, 0.00, 100.00, 0.00, 2.25, 0, 0 
9, 77662, 819071677, 0.00, 100.00, 0.00, 2.25, 0, 0 
0, 77662, 821167655, 0.00, 100.00, 0.00, 2.25, 0, 0 
1, 77662, 823186980, 0.00, 100.00, 0.00, 2.25, 0, 0 
2, 77662, 825214572, 0.00, 100.00, 0.00, 2.25, 0, 0 
3, 77662, 827274385, 0.00, 100.00, 0.00, 2.25, 0, 0 
4, 77662, 829292423, 0.00, 100.00, 0.00, 2.25, 0, 0 
5, 77662, 831361485, 0.00, 100.00, 0.00, 2.25, 0, 0 
6, 77662, 833460539, 0.00, 100.00, 0.00, 2.25, 0, 0 
7, 77662, 835529973, 0.00, 100.00, 0.00, 2.25, 0, 0 
8, 77662, 837551969, 0.00, 100.00, 0.00, 2.25, 0, 0 
9, 77662, 839570387, 0.00, 100.00, 0.00, 2.25, 0, 0 
0, 77662, 841692802, 0.00, 100.00, 0.00, 2.25, 0, 0 
1, 77662, 843709292, 0.00, 100.00, 0.00, 2.25, 0, 0 
2, 77662, 845727524, 0.00, 100.00, 0.00, 2.25, 0, 0 
3, 77662, 847743834, 0.00, 100.00, 0.00, 2.25, 0, 0 
4, 77662, 849759203, 0.00, 100.00, 0.00, 2.25, 0, 0 
5, 77662, 851776001, 0.00, 100.00, 0.00, 2.25, 0, 0 
6, 77662, 853793594, 0.00, 100.00, 0.00, 2.25, 0, 0 
7, 77662, 855821112, 0.00, 100.00, 0.00, 2.25, 0, 0 
8, 77662, 857844096, 0.00, 100.00, 0.00, 2.25, 0, 0 
9, 77662, 859906545, 0.00, 100.00, 0.00, 2.25, 0, 0 
0, 77662, 862016450, 0.00, 100.00, 0.00, 2.25, 0, 0 
1, 77662, 864036643, 0.00, 100.00, 0.00, 2.25, 0, 0 
2, 77662, 866054403, 0.00, 100.00, 0.00, 2.25, 0, 0 
3, 77662, 868128850, 0.00, 100.00, 0.00, 2.25, 0, 0 
4, 77662, 870197559, 0.00, 100.00, 0.00, 2.25, 0, 0 
5, 77662, 872283127, 0.00, 100.00, 0.00, 2.25, 0, 0 
6, 77662, 874341188, 0.00, 100.00, 0.00, 2.25, 0, 0 
7, 77662, 876418835, 0.00, 100.00, 0.00, 2.25, 0, 0 
8, 77662, 878493938, 0.00, 100.00, 0.00, 2.25, 0, 0 
9, 77662, 880570188, 0.00, 100.00, 0.00, 2.25, 0, 0 
0, 77662, 882698132, 0.00, 100.00, 0.00, 2.25, 0, 0 
1, 77662, 884726659, 0.00, 100.00, 0.00, 2.25, 0, 0 
2, 77662, 886760762, 0.00, 100.00, 0.00, 2.25, 0, 0 
3, 77662, 888794657, 0.00, 100.00, 0.00, 2.25, 0, 0 
4, 77662, 890858897, 0.00, 100.00, 0.00, 2.25, 0, 0 
5, 77662, 892919532, 0.00, 100.00, 0.00, 2.25, 0, 0 
6, 77662, 894940788, 0.00, 100.00, 0.00, 2.25, 0, 0 
7, 77662, 897005595, 0.00, 100.00, 0.00, 2.25, 0, 0 
8, 77662, 899024835, 0.00, 100.00, 0.00, 2.25, 0, 0 
9, 77662, 901044009, 0.00, 100.00, 0.00, 2.25, 0, 0 
0, 77662, 903088189, 0.00, 100.00, 0.00, 2.25, 0, 0 
1, 77662, 905107674, 0.00, 100.00, 0.00, 2.25, 0, 0 
2, 77662, 907192540, 0.00, 100.00, 0.00, 2.25, 0, 0 
3, 77662, 909208800, 0.00, 100.00, 0.00, 2.25, 0, 0 
4, 77662, 911226366, 0.00, 100.00, 0.00, 2.25, 0, 0 
5, 77662, 913333758, 0.00, 100.00, 0.00, 2.25, 0, 0 
6, 77662, 915352976, 0.00, 100.00, 0.00, 2.25, 0, 0 
7, 77662, 917372431, 0.00, 100.00, 0.00, 2.25, 0, 0 
8, 77662, 919396346, 0.00, 100.00, 0.00, 2.25, 0, 0 
9, 77662, 921416538, 0.00, 100.00, 0.00, 2.25, 0, 0 
0, 77662, 923472140, 0.00, 100.00, 0.00, 2.25, 0, 0 
1, 77662, 925501487, 0.00, 100.00, 0.00, 2.25, 0, 0 
2, 77662, 927526913, 0.00, 100.00, 0.00, 2.25, 0, 0 
3, 77662, 929578353, 0.00, 100.00, 0.00, 2.25, 0, 0 
4, 77662, 931646325, 0.00, 100.00, 0.00, 2.25, 0, 0 
5, 77662, 933700045, 0.00, 100.00, 0.00, 2.25, 0, 0 
6, 77662, 935721551, 0.00, 100.00, 0.00, 2.25, 0, 0 
7, 77662, 937745301, 0.00, 100.00, 0.00, 2.25, 0, 0 
8, 77662, 939815087, 0.00, 100.00, 0.00, 2.25, 0, 0 
9, 77662, 941888770, 0.00, 100.00, 0.00, 2.25, 0, 0 
0, 77662, 944030801, 0.00, 100.00, 0.00, 2.25, 0, 0 
1, 77662, 946050033, 0.00, 100.00, 0.00, 2.25, 0, 0 
2, 77662, 948063594, 0.00, 100.00, 0.00, 2.25, 0, 0 
3, 77662, 950134771, 0.00, 100.00, 0.00, 2.25, 0, 0 
4, 77662, 952159789, 0.00, 100.00, 0.00, 2.25, 0, 0 
5, 77662, 954176807, 0.00, 100.00, 0.00, 2.25, 0, 0 
6, 77662, 956197135, 0.00, 100.00, 0.00, 2.25, 0, 0 
7, 77662, 958219228, 0.00, 100.00, 0.00, 2.25, 0, 0 
8, 77662, 960295014, 0.00, 100.00, 0.00, 2.25, 0, 0 
9, 77662, 962372065, 0.00, 100.00, 0.00, 2.25, 0, 0 
0, 77662, 964428224, 0.00, 100.00, 0.00, 2.25, 0, 0 
1, 77662, 966448155, 0.00, 100.00, 0.00, 2.25, 0, 0 
2, 77662, 968466331, 0.00, 100.00, 0.00, 2.25, 0, 0 
3, 77662, 970482019, 0.00, 100.00, 0.00, 2.25, 0, 0 
4, 77662, 972504117, 0.00, 100.00, 0.00, 2.25, 0, 0 
5, 77662, 974520192, 0.00, 100.00, 0.00, 2.25, 0, 0 
6, 77662, 976539154, 0.00, 100.00, 0.00, 2.25, 0, 0 
7, 77662, 978555399, 0.00, 100.00, 0.00, 2.25, 0, 0 
8, 77662, 980576754, 0.00, 100.00, 0.00, 2.25, 0, 0 
9, 77662, 982594348, 0.00, 100.00, 0.00, 2.25, 0, 0 
0, 77662, 984684084, 0.00, 100.00, 0.00, 2.25, 0, 0 
1, 77662, 986701426, 0.00, 100.00, 0.00, 2.25, 0, 0 
2, 77662, 988729693, 0.00, 100.00, 0.00, 2.25, 0, 0 
3, 77662, 990751016, 0.00, 100.00, 0.00, 2.25, 0, 0 
4, 77662, 992805399, 0.00, 100.00, 0.00, 2.25, 0, 0 
5, 77662, 994823173, 0.00, 100.00, 0.00, 2.25, 0, 0 
6, 77662, 996842409, 0.00, 100.00, 0.00, 2.25, 0, 0 
7, 77662, 998858541, 0.00, 100.00, 0.00, 2.25, 0, 0 
8, 77663, 880011, 0.00, 100.00, 0.00, 2.25, 0, 0 
9, 77663, 2979120, 0.00, 100.00, 0.00, 2.25, 0, 0 
0, 77663, 5092208, 0.00, 100.00, 0.00, 2.25, 0, 0 
1, 77663, 7109854, 0.00, 100.00, 0.00, 2.25, 0, 0 
2, 77663, 9129708, 0.00, 100.00, 0.00, 2.25, 0, 0 
3, 77663, 11146673, 0.00, 100.00, 0.00, 2.25, 0, 0 
4, 77663, 13167975, 0.00, 100.00, 0.00, 2.25, 0, 0 
5, 77663, 15192040, 0.00, 100.00, 0.00, 2.25, 0, 0 
6, 77663, 17243674, 0.00, 100.00, 0.00, 2.25, 0, 0 
7, 77663, 19260856, 0.00, 100.00, 0.00, 2.25, 0, 0 
8, 77663, 21279428, 0.00, 100.00, 0.00, 2.25, 0, 0 
9, 77663, 23295910, 0.00, 100.00, 0.00, 2.25, 0, 0 
0, 77663, 25365918, 0.00, 100.00, 0.00, 2.25, 0, 0 
1, 77663, 27386573, 0.00, 100.00, 0.00, 2.25, 0, 0 
2, 77663, 29406329, 0.00, 100.00, 0.00, 2.25, 0, 0 
3, 77663, 31421984, 0.00, 100.00, 0.00, 2.25, 0, 0 
4, 77663, 33439535, 0.00, 100.00, 0.00, 2.25, 0, 0 
5, 77663, 35509438, 0.00, 100.00, 0.00, 2.25, 0, 0 
6, 77663, 37532648, 0.00, 100.00, 0.00, 2.25, 0, 0 
7, 77663, 39552169, 0.00, 100.00, 0.00, 2.25, 0, 0 
8, 77663, 41616161, 0.00, 100.00, 0.00, 2.25, 0, 0 
9, 77663, 43674292, 0.00, 100.00, 0.00, 2.25, 0, 0 
0, 77663, 45739292, 0.00, 100.00, 0.00, 2.25, 0, 0 
1, 77663, 47764381, 0.00, 100.00, 0.00, 2.25, 0, 0 
2, 77663, 49785654, 0.00, 100.00, 0.00, 2.25, 0, 0 
3, 77663, 51807615, 0.00, 100.00, 0.00, 2.25, 0, 0 
4, 77663, 53828474, 0.00, 100.00, 0.00, 2.25, 0, 0 
5, 77663, 55856031, 0.00, 100.00, 0.00, 2.25, 0, 0 
6, 77663, 57876919, 0.00, 100.00, 0.00, 2.25, 0, 0 
7, 77663, 59945953, 0.00, 100.00, 0.00, 2.25, 0, 0 
8, 77663, 61991018, 0.00, 100.00, 0.00, 2.25, 0, 0 
9, 77663, 64018069, 0.00, 100.00, 0.00, 2.25, 0, 0 
0, 77663, 66071620, 0.00, 100.00, 0.00, 2.25, 0, 0 
1, 77663, 68090735, 0.00, 100.00, 0.00, 2.25, 0, 0 
2, 77663, 70107070, 0.00, 100.00, 0.00, 2.25, 0, 0 
3, 77663, 72128840, 0.00, 100.00, 0.00, 2.25, 0, 0 
4, 77663, 74145643, 0.00, 100.00, 0.00, 2.25, 0, 0 
5, 77663, 76161592, 0.00, 100.00, 0.00, 2.25, 0, 0 
6, 77663, 78206709, 0.00, 100.00, 0.00, 2.25, 0, 0 
7, 77663, 80229253, 0.00, 100.00, 0.00, 2.25, 0, 0 
8, 77663, 82247602, 0.00, 100.00, 0.00, 2.25, 0, 0 
9, 77663, 84269162, 0.00, 100.00, 0.00, 2.25, 0, 0 
0, 77663, 86323620, 0.00, 100.00, 0.00, 2.25, 0, 0 
1, 77663, 88427078, 0.00, 100.00, 0.00, 2.25, 0, 0 
2, 77663, 90447218, 0.00, 100.00, 0.00, 2.25, 0, 0 
3, 77663, 92476807, 0.00, 100.00, 0.00, 2.25, 0, 0 
4, 77663, 94551234, 0.00, 100.00, 0.00, 2.25, 0, 0 
5, 77663, 96621464, 0.00, 100.00, 0.00, 2.25, 0, 0 
6, 77663, 98677552, 0.00, 100.00, 0.00, 2.25, 0, 0 
7, 77663, 100701854, 0.00, 100.00, 0.00, 2.25, 0, 0 
8, 77663, 102719499, 0.00, 100.00, 0.00, 2.25, 0, 0 
9, 77663, 104739088, 0.00, 100.00, 0.00, 2.25, 0, 0 
0, 77663, 106810684, 0.00, 100.00, 0.00, 2.25, 0, 0 
1, 77663, 108830432, 0.00, 100.00, 0.00, 2.25, 0, 0 
2, 77663, 110856802, 0.00, 100.00, 0.00, 2.25, 0, 0 
3, 77663, 112880142, 0.00, 100.00, 0.00, 2.25, 0, 0 
4, 77663, 114896552, 0.00, 100.00, 0.00, 2.25, 0, 0 
5, 77663, 116916081, 0.00, 100.00, 0.00, 2.25, 0, 0 
6, 77663, 118935181, 0.00, 100.00, 0.00, 2.25, 0, 0 
7, 77663, 120953159, 0.00, 100.00, 0.00, 2.25, 0, 0 
8, 77663, 122969510, 0.00, 100.00, 0.00, 2.25, 0, 0 
9, 77663, 124987174, 0.00, 100.00, 0.00, 2.25, 0, 0 
0, 77663, 127111658, 0.00, 100.00, 0.00, 2.25, 0, 0 
1, 77663, 129193008, 0.00, 100.00, 0.00, 2.25, 0, 0 
2, 77663, 131262716, 0.00, 100.00, 0.00, 2.25, 0, 0 
3, 77663, 133373528, 0.00, 100.00, 0.00, 2.25, 0, 0 
4, 77663, 135477033, 0.00, 100.00, 0.00, 2.25, 0, 0 
5, 77663, 137599466, 0.00, 100.00, 0.00, 2.25, 0, 0 
6, 77663, 139624213, 0.00, 100.00, 0.00, 2.25, 0, 0 
7, 77663, 141644413, 0.00, 100.00, 0.00, 2.25, 0, 0 
8, 77663, 143667169, 0.00, 100.00, 0.00, 2.25, 0, 0 
9, 77663, 145683159, 0.00, 100.00, 0.00, 2.25, 0, 0 
0, 77663, 147734175, 0.00, 100.00, 0.00, 2.25, 0, 0 
1, 77663, 149750338, 0.00, 100.00, 0.00, 2.25, 0, 0 
2, 77663, 151767940, 0.00, 100.00, 0.00, 2.25, 0, 0 
3, 77663, 153784335, 0.00, 100.00, 0.00, 2.25, 0, 0 
4, 77663, 155800127, 0.00, 100.00, 0.00, 2.25, 0, 0 
5, 77663, 157828624, 0.00, 100.00, 0.00, 2.25, 0, 0 
6, 77663, 159866540, 0.00, 100.00, 0.00, 2.25, 0, 0 
7, 77663, 161883856, 0.00, 100.00, 0.00, 2.25, 0, 0 
8, 77663, 163900185, 0.00, 100.00, 0.00, 2.25, 0, 0 
9, 77663, 165919640, 0.00, 100.00, 0.00, 2.25, 0, 0 
0, 77663, 167974579, 0.00, 100.00, 0.00, 2.25, 0, 0 
1, 77663, 169993191, 0.00, 100.00, 0.00, 2.25, 0, 0 
2, 77663, 172022753, 0.00, 100.00, 0.00, 2.25, 0, 0 
3, 77663, 174053331, 0.00, 100.00, 0.00, 2.25, 0, 0 
4, 77663, 176080947, 0.00, 100.00, 0.00, 2.25, 0, 0 
5, 77663, 178155317, 0.00, 100.00, 0.00, 2.25, 0, 0 
6, 77663, 180174670, 0.00, 100.00, 0.00, 2.25, 0, 0 
7, 77663, 182191622, 0.00, 100.00, 0.00, 2.25, 0, 0 
8, 77663, 184209525, 0.00, 100.00, 0.00, 2.25, 0, 0 
9, 77663, 186225807, 0.00, 100.00, 0.00, 2.25, 0, 0 
0, 77663, 188284171, 0.00, 100.00, 0.00, 2.25, 0, 0 
1, 77663, 190302462, 0.00, 100.00, 0.00, 2.25, 0, 0 
2, 77663, 192323356, 0.00, 100.00, 0.00, 2.25, 0, 0 
3, 77663, 194348568, 0.00, 100.00, 0.00, 2.25, 0, 0 
4, 77663, 196418943, 0.00, 100.00, 0.00, 2.25, 0, 0 
5, 77663, 198518413, 0.00, 100.00, 0.00, 2.25, 0, 0 
6, 77663, 200592006, 0.00, 100.00, 0.00, 2.25, 0, 0 
7, 77663, 202647045, 0.00, 100.00, 0.00, 2.25, 0, 0 
8, 77663, 204671493, 0.00, 100.00, 0.00, 2.25, 0, 0 
9, 77663, 206693474, 0.00, 100.00, 0.00, 2.25, 0, 0 
0, 77663, 208761811, 0.00, 100.00, 0.00, 2.25, 0, 0 
1, 77663, 210823869, 0.00, 100.00, 0.00, 2.25, 0, 0 
2, 77663, 212845141, 0.00, 100.00, 0.00, 2.25, 0, 0 
3, 77663, 214861688, 0.00, 100.00, 0.00, 2.25, 0, 0 
4, 77663, 216880353, 0.00, 100.00, 0.00, 2.25, 0, 0 
5, 77663, 218896568, 0.00, 100.00, 0.00, 2.25, 0, 0 
6, 77663, 220915016, 0.00, 100.00, 0.00, 2.25, 0, 0 
7, 77663, 222931808, 0.00, 100.00, 0.00, 2.25, 0, 0 
8, 77663, 224951010, 0.00, 100.00, 0.00, 2.25, 0, 0 
9, 77663, 226978957, 0.00, 100.00, 0.00, 2.25, 0, 0 
0, 77663, 229054854, 0.00, 100.00, 0.00, 2.25, 0, 0 
1, 77663, 231073405, 0.00, 100.00, 0.00, 2.25, 0, 0 
2, 77663, 233092588, 0.00, 100.00, 0.00, 2.25, 0, 0 
3, 77663, 235108109, 0.00, 100.00, 0.00, 2.25, 0, 0 
4, 77663, 237134241, 0.00, 100.00, 0.00, 2.25, 0, 0 
5, 77663, 239158129, 0.00, 100.00, 0.00, 2.25, 0, 0 
6, 77663, 241207393, 0.00, 100.00, 0.00, 2.25, 0, 0 
7, 77663, 243298566, 0.00, 100.00, 0.00, 2.25, 0, 0 
8, 77663, 245395939, 0.00, 100.00, 0.00, 2.25, 0, 0 
9, 77663, 247415479, 0.00, 100.00, 0.00, 2.25, 0, 0 
0, 77663, 249482970, 0.00, 100.00, 0.00, 2.25, 0, 0 
1, 77663, 251499582, 0.00, 100.00, 0.00, 2.25, 0, 0 
2, 77663, 253516286, 0.00, 100.00, 0.00, 2.25, 0, 0 
3, 77663, 255535678, 0.00, 100.00, 0.00, 2.25, 0, 0 
4, 77663, 257552620, 0.00, 100.00, 0.00, 2.25, 0, 0 
5, 77663, 259568428, 0.00, 100.00, 0.00, 2.25, 0, 0 
6, 77663, 261583495, 0.00, 100.00, 0.00, 2.25, 0, 0 
7, 77663, 263598714, 0.00, 100.00, 0.00, 2.25, 0, 0 
8, 77663, 265617700, 0.00, 100.00, 0.00, 2.25, 0, 0 
9, 77663, 267637818, 0.00, 100.00, 0.00, 2.25, 0, 0 
0, 77663, 269708448, 0.00, 100.00, 0.00, 2.25, 0, 0 
1, 77663, 271730475, 0.00, 100.00, 0.00, 2.25, 0, 0 
2, 77663, 273747153, 0.00, 100.00, 0.00, 2.25, 0, 0 
3, 77663, 275771125, 0.00, 100.00, 0.00, 2.25, 0, 0 
4, 77663, 277794291, 0.00, 100.00, 0.00, 2.25, 0, 0 
5, 77663, 279813115, 0.00, 100.00, 0.00, 2.25, 0, 0 
6, 77663, 281829404, 0.00, 100.00, 0.00, 2.25, 0, 0 
7, 77663, 283847625, 0.00, 100.00, 0.00, 2.25, 0, 0 
8, 77663, 285864946, 0.00, 100.00, 0.00, 2.25, 0, 0 
9, 77663, 287890097, 0.00, 100.00, 0.00, 2.25, 0, 0 
0, 77663, 289949804, 0.00, 100.00, 0.00, 2.25, 0, 0 
1, 77663, 291966881, 0.00, 100.00, 0.00, 2.25, 0, 0 
2, 77663, 293983685, 0.00, 100.00, 0.00, 2.25, 0, 0 
3, 77663, 296015732, 0.00, 100.00, 0.00, 2.25, 0, 0 
4, 77663, 298032464, 0.00, 100.00, 0.00, 2.25, 0, 0 
5, 77663, 300054140, 0.00, 100.00, 0.00, 2.25, 0, 0 
6, 77663, 302075945, 0.00, 100.00, 0.00, 2.25, 0, 0 
7, 77663, 304133834, 0.00, 100.00, 0.00, 2.25, 0, 0 
8, 77663, 306247522, 0.00, 100.00, 0.00, 2.25, 0, 0 
9, 77663, 308321472, 0.00, 100.00, 0.00, 2.25, 0, 0 
0, 77663, 310397917, 0.00, 100.00, 0.00, 2.25, 0, 0 
1, 77663, 312470877, 0.00, 100.00, 0.00, 2.25, 0, 0 
2, 77663, 314489909, 0.00, 100.00, 0.00, 2.25, 0, 0 
3, 77663, 316509741, 0.00, 100.00, 0.00, 2.25, 0, 0 
4, 77663, 318526217, 0.00, 100.00, 0.00, 2.25, 0, 0 
5, 77663, 320544860, 0.00, 100.00, 0.00, 2.25, 0, 0 
6, 77663, 322563909, 0.00, 100.00, 0.00, 2.25, 0, 0 
7, 77663, 324582810, 0.00, 100.00, 0.00, 2.25, 0, 0 
8, 77663, 326599321, 0.00, 100.00, 0.00, 2.25, 0, 0 
9, 77663, 328617759, 0.00, 100.00, 0.00, 2.25, 0, 0 
0, 77663, 330679682, 0.00, 100.00, 0.00, 2.25, 0, 0 
1, 77663, 332745341, 0.00, 100.00, 0.00, 2.25, 0, 0 
2, 77663, 334769001, 0.00, 100.00, 0.00, 2.25, 0, 0 
3, 77663, 336788968, 0.00, 100.00, 0.00, 2.25, 0, 0 
4, 77663, 338806884, 0.00, 100.00, 0.00, 2.25, 0, 0 
5, 77663, 340825055, 0.00, 100.00, 0.00, 2.25, 0, 0 
6, 77663, 342847363, 0.00, 100.00, 0.00, 2.25, 0, 0 
7, 77663, 344869168, 0.00, 100.00, 0.00, 2.25, 0, 0 
8, 77663, 346888510, 0.00, 100.00, 0.00, 2.25, 0, 0 
9, 77663, 349000041, 0.00, 100.00, 0.00, 2.25, 0, 0 
0, 77663, 351075073, 0.00, 100.00, 0.00, 2.25, 0, 0 
1, 77663, 353094673, 0.00, 100.00, 0.00, 2.25, 0, 0 
2, 77663, 355117133, 0.00, 100.00, 0.00, 2.25, 0, 0 
3, 77663, 357199896, 0.00, 100.00, 0.00, 2.25, 0, 0 
4, 77663, 359222365, 0.00, 100.00, 0.00, 2.25, 0, 0 
5, 77663, 361244320, 0.00, 100.00, 0.00, 2.25, 0, 0 
6, 77663, 363263456, 0.00, 100.00, 0.00, 2.25, 0, 0 
7, 77663, 365294851, 0.00, 100.00, 0.00, 2.25, 0, 0 
8, 77663, 367315714, 0.00, 100.00, 0.00, 2.25, 0, 0 
9, 77663, 369366017, 0.00, 100.00, 0.00, 2.25, 0, 0 
0, 77663, 371431169, 0.00, 100.00, 0.00, 2.25, 0, 0 
1, 77663, 373453346, 0.00, 100.00, 0.00, 2.25, 0, 0 
2, 77663, 375481214, 0.00, 100.00, 0.00, 2.25, 0, 0 
3, 77663, 377542767, 0.00, 100.00, 0.00, 2.25, 0, 0 
4, 77663, 379563115, 0.00, 100.00, 0.00, 2.25, 0, 0 
5, 77663, 381583866, 0.00, 100.00, 0.00, 2.25, 0, 0 
6, 77663, 383602059, 0.00, 100.00, 0.00, 2.25, 0, 0 
7, 77663, 385620131, 0.00, 100.00, 0.00, 2.25, 0, 0 
8, 77663, 387638324, 0.00, 100.00, 0.00, 2.25, 0, 0 
9, 77663, 389661404, 0.00, 100.00, 0.00, 2.25, 0, 0 
0, 77663, 391734596, 0.00, 100.00, 0.00, 2.25, 0, 0 
1, 77663, 393753977, 0.00, 100.00, 0.00, 2.25, 0, 0 
2, 77663, 395787805, 0.00, 100.00, 0.00, 2.25, 0, 0 
3, 77663, 397813737, 0.00, 100.00, 0.00, 2.25, 0, 0 
4, 77663, 399837573, 0.00, 100.00, 0.00, 2.25, 0, 0 
5, 77663, 401950699, 0.00, 100.00, 0.00, 2.25, 0, 0 
6, 77663, 404072487, 0.00, 100.00, 0.00, 2.25, 0, 0 
7, 77663, 406184619, 0.00, 100.00, 0.00, 2.25, 0, 0 
8, 77663, 408211590, 0.00, 100.00, 0.00, 2.25, 0, 0 
9, 77663, 410264461, 0.00, 100.00, 0.00, 2.25, 0, 0 
0, 77663, 412319388, 0.00, 100.00, 0.00, 2.25, 0, 0 
1, 77663, 414337317, 0.00, 100.00, 0.00, 2.25, 0, 0 
2, 77663, 416394325, 0.00, 100.00, 0.00, 2.25, 0, 0 
3, 77663, 418411795, 0.00, 100.00, 0.00, 2.25, 0, 0 
4, 77663, 420431940, 0.00, 100.00, 0.00, 2.25, 0, 0 
5, 77663, 422454045, 0.00, 100.00, 0.00, 2.25, 0, 0 
6, 77663, 424475041, 0.00, 100.00, 0.00, 2.25, 0, 0 
7, 77663, 426493032, 0.00, 100.00, 0.00, 2.25, 0, 0 
8, 77663, 428517348, 0.00, 100.00, 0.00, 2.25, 0, 0 
9, 77663, 430544420, 0.00, 100.00, 0.00, 2.25, 0, 0 
0, 77663, 432606723, 0.00, 100.00, 0.00, 2.25, 0, 0 
1, 77663, 434627150, 0.00, 100.00, 0.00, 2.25, 0, 0 
2, 77663, 436650034, 0.00, 100.00, 0.00, 2.25, 0, 0 
3, 77663, 438668571, 0.00, 100.00, 0.00, 2.25, 0, 0 
4, 77663, 440689082, 0.00, 100.00, 0.00, 2.25, 0, 0 
5, 77663, 442717370, 0.00, 100.00, 0.00, 2.25, 0, 0 
6, 77663, 444853650, 0.00, 100.00, 0.00, 2.25, 0, 0 
7, 77663, 446966546, 0.00, 100.00, 0.00, 2.25, 0, 0 
8, 77663, 448987807, 0.00, 100.00, 0.00, 2.25, 0, 0 
9, 77663, 451004731, 0.00, 100.00, 0.00, 2.25, 0, 0 
0, 77663, 453054754, 0.00, 100.00, 0.00, 2.25, 0, 0 
1, 77663, 455077549, 0.00, 100.00, 0.00, 2.25, 0, 0 
2, 77663, 457102471, 0.00, 100.00, 0.00, 2.25, 0, 0 
3, 77663, 459130613, 0.00, 100.00, 0.00, 2.25, 0, 0 
4, 77663, 461152899, 0.00, 100.00, 0.00, 2.25, 0, 0 
5, 77663, 463176051, 0.00, 100.00, 0.00, 2.25, 0, 0 
6, 77663, 465194454, 0.00, 100.00, 0.00, 2.25, 0, 0 
7, 77663, 467212233, 0.00, 100.00, 0.00, 2.25, 0, 0 
8, 77663, 469230566, 0.00, 100.00, 0.00, 2.25, 0, 0 
9, 77663, 471247807, 0.00, 100.00, 0.00, 2.25, 0, 0 
0, 77663, 473305323, 0.00, 100.00, 0.00, 2.25, 0, 0 
1, 77663, 475327311, 0.00, 100.00, 0.00, 2.25, 0, 0 
2, 77663, 477373571, 0.00, 100.00, 0.00, 2.25, 0, 0 
3, 77663, 479450588, 0.00, 100.00, 0.00, 2.25, 0, 0 
4, 77663, 481517035, 0.00, 100.00, 0.00, 2.25, 0, 0 
5, 77663, 483590229, 0.00, 100.00, 0.00, 2.25, 0, 0 
6, 77663, 485663561, 0.00, 100.00, 0.00, 2.25, 0, 0 
7, 77663, 487773584, 0.00, 100.00, 0.00, 2.25, 0, 0 
8, 77663, 489851235, 0.00, 100.00, 0.00, 2.25, 0, 0 
9, 77663, 491875394, 0.00, 100.00, 0.00, 2.25, 0, 0 
0, 77663, 493932560, 0.00, 100.00, 0.00, 2.25, 0, 0 
1, 77663, 495960969, 0.00, 100.00, 0.00, 2.25, 0, 0 
2, 77663, 498035565, 0.00, 100.00, 0.00, 2.25, 0, 0 
3, 77663, 500159834, 0.00, 100.00, 0.00, 2.25, 0, 0 
4, 77663, 502269626, 0.00, 100.00, 0.00, 2.25, 0, 0 
5, 77663, 504383537, 0.00, 100.00, 0.00, 2.25, 0, 0 
6, 77663, 506454594, 0.00, 100.00, 0.00, 2.25, 0, 0 
7, 77663, 508487334, 0.00, 100.00, 0.00, 2.25, 0, 0 
8, 77663, 510512895, 0.00, 100.00, 0.00, 2.25, 0, 0 
9, 77663, 512531017, 0.00, 100.00, 0.00, 2.25, 0, 0 
0, 77663, 514672341, 0.00, 100.00, 0.00, 2.25, 0, 0 
1, 77663, 516747623, 0.00, 100.00, 0.00, 2.25, 0, 0 
2, 77663, 518816565, 0.00, 100.00, 0.00, 2.25, 0, 0 
3, 77663, 520898461, 0.00, 100.00, 0.00, 2.25, 0, 0 
4, 77663, 522920184, 0.00, 100.00, 0.00, 2.25, 0, 0 
5, 77663, 524966056, 0.00, 100.00, 0.00, 2.25, 0, 0 
6, 77663, 527036559, 0.00, 100.00, 0.00, 2.25, 0, 0 
7, 77663, 529057268, 0.00, 100.00, 0.00, 2.25, 0, 0 
8, 77663, 531073997, 0.00, 100.00, 0.00, 2.25, 0, 0 
9, 77663, 533092288, 0.00, 100.00, 0.00, 2.25, 0, 0 
0, 77663, 535144881, 0.00, 100.00, 0.00, 2.25, 0, 0 
1, 77663, 537162846, 0.00, 100.00, 0.00, 2.25, 0, 0 
2, 77663, 539182169, 0.00, 100.00, 0.00, 2.25, 0, 0 
3, 77663, 541208883, 0.00, 100.00, 0.00, 2.25, 0, 0 
4, 77663, 543230800, 0.00, 100.00, 0.00, 2.25, 0, 0 
5, 77663, 545247102, 0.00, 100.00, 0.00, 2.25, 0, 0 
6, 77663, 547317436, 0.00, 100.00, 0.00, 2.25, 0, 0 
7, 77663, 549387925, 0.00, 100.00, 0.00, 2.25, 0, 0 
8, 77663, 551489128, 0.00, 100.00, 0.00, 2.25, 0, 0 
9, 77663, 553559340, 0.00, 100.00, 0.00, 2.25, 0, 0 
0, 77663, 555644357, 0.00, 100.00, 0.00, 2.25, 0, 0 
1, 77663, 557688263, 0.00, 100.00, 0.00, 2.25, 0, 0 
2, 77663, 559762394, 0.00, 100.00, 0.00, 2.25, 0, 0 
3, 77663, 561836752, 0.00, 100.00, 0.00, 2.25, 0, 0 
4, 77663, 563912867, 0.00, 100.00, 0.00, 2.25, 0, 0 
5, 77663, 565989727, 0.00, 100.00, 0.00, 2.25, 0, 0 
6, 77663, 568105185, 0.00, 100.00, 0.00, 2.25, 0, 0 
7, 77663, 570182557, 0.00, 100.00, 0.00, 2.25, 0, 0 
8, 77663, 572207489, 0.00, 100.00, 0.00, 2.25, 0, 0 
9, 77663, 574230327, 0.00, 100.00, 0.00, 2.25, 0, 0 
0, 77663, 576313619, 0.00, 100.00, 0.00, 2.25, 0, 0 
1, 77663, 578333640, 0.00, 100.00, 0.00, 2.25, 0, 0 
2, 77663, 580355211, 0.00, 100.00, 0.00, 2.25, 0, 0 
3, 77663, 582372299, 0.00, 100.00, 0.00, 2.25, 0, 0 
4, 77663, 584391035, 0.00, 100.00, 0.00, 2.25, 0, 0 
5, 77663, 586409711, 0.00, 100.00, 0.00, 2.25, 0, 0 
6, 77663, 588430646, 0.00, 100.00, 0.00, 2.25, 0, 0 
7, 77663, 590453061, 0.00, 100.00, 0.00, 2.25, 0, 0 
8, 77663, 592479211, 0.00, 100.00, 0.00, 2.25, 0, 0 
9, 77663, 594501124, 0.00, 100.00, 0.00, 2.25, 0, 0 
0, 77663, 596558548, 0.00, 100.00, 0.00, 2.25, 0, 0 
1, 77663, 598575728, 0.00, 100.00, 0.00, 2.25, 0, 0 
2, 77663, 600596539, 0.00, 100.00, 0.00, 2.25, 0, 0 
3, 77663, 602613479, 0.00, 100.00, 0.00, 2.25, 0, 0 
4, 77663, 604633010, 0.00, 100.00, 0.00, 2.25, 0, 0 
5, 77663, 606653781, 0.00, 100.00, 0.00, 2.25, 0, 0 
6, 77663, 608674133, 0.00, 100.00, 0.00, 2.25, 0, 0 
7, 77663, 610690966, 0.00, 100.00, 0.00, 2.25, 0, 0 
8, 77663, 612710448, 0.00, 100.00, 0.00, 2.25, 0, 0 
9, 77663, 614727494, 0.00, 100.00, 0.00, 2.25, 0, 0 
0, 77663, 616778953, 0.00, 100.00, 0.00, 2.25, 0, 0 
1, 77663, 618800943, 0.00, 100.00, 0.00, 2.25, 0, 0 
2, 77663, 620820229, 0.00, 100.00, 0.00, 2.25, 0, 0 
3, 77663, 622913207, 0.00, 100.00, 0.00, 2.25, 0, 0 
4, 77663, 624981520, 0.00, 100.00, 0.00, 2.25, 0, 0 
5, 77663, 627066943, 0.00, 100.00, 0.00, 2.25, 0, 0 
6, 77663, 629085217, 0.00, 100.00, 0.00, 2.25, 0, 0 
7, 77663, 631102359, 0.00, 100.00, 0.00, 2.25, 0, 0 
8, 77663, 633121249, 0.00, 100.00, 0.00, 2.25, 0, 0 
9, 77663, 635140094, 0.00, 100.00, 0.00, 2.25, 0, 0 
0, 77663, 637191937, 0.00, 100.00, 0.00, 2.25, 0, 0 
1, 77663, 639212751, 0.00, 100.00, 0.00, 2.25, 0, 0 
2, 77663, 641231396, 0.00, 100.00, 0.00, 2.25, 0, 0 
3, 77663, 643247379, 0.00, 100.00, 0.00, 2.25, 0, 0 
4, 77663, 645263630, 0.00, 100.00, 0.00, 2.25, 0, 0 
5, 77663, 647279832, 0.00, 100.00, 0.00, 2.25, 0, 0 
6, 77663, 649296896, 0.00, 100.00, 0.00, 2.25, 0, 0 
7, 77663, 651314625, 0.00, 100.00, 0.00, 2.25, 0, 0 
8, 77663, 653333009, 0.00, 100.00, 0.00, 2.25, 0, 0 
9, 77663, 655420985, 0.00, 100.00, 0.00, 2.25, 0, 0 
0, 77663, 657575324, 0.00, 100.00, 0.00, 2.25, 0, 0 
1, 77663, 659596453, 0.00, 100.00, 0.00, 2.25, 0, 0 
2, 77663, 661618818, 0.00, 100.00, 0.00, 2.25, 0, 0 
3, 77663, 663634886, 0.00, 100.00, 0.00, 2.25, 0, 0 
4, 77663, 665650735, 0.00, 100.00, 0.00, 2.25, 0, 0 
5, 77663, 667667125, 0.00, 100.00, 0.00, 2.25, 0, 0 
6, 77663, 669682673, 0.00, 100.00, 0.00, 2.25, 0, 0 
7, 77663, 671700136, 0.00, 100.00, 0.00, 2.25, 0, 0 
8, 77663, 673718396, 0.00, 100.00, 0.00, 2.25, 0, 0 
9, 77663, 675734351, 0.00, 100.00, 0.00, 2.25, 0, 0 
0, 77663, 677789343, 0.00, 100.00, 0.00, 2.25, 0, 0 
1, 77663, 679806099, 0.00, 100.00, 0.00, 2.25, 0, 0 
2, 77663, 681823541, 0.00, 100.00, 0.00, 2.25, 0, 0 
3, 77663, 683841677, 0.00, 100.00, 0.00, 2.25, 0, 0 
4, 77663, 685922397, 0.00, 100.00, 0.00, 2.25, 0, 0 
5, 77663, 687999474, 0.00, 100.00, 0.00, 2.25, 0, 0 
6, 77663, 690114073, 0.00, 100.00, 0.00, 2.25, 0, 0 
7, 77663, 692182432, 0.00, 100.00, 0.00, 2.25, 0, 0 
8, 77663, 694226564, 0.00, 100.00, 0.00, 2.25, 0, 0 
9, 77663, 696248393, 0.00, 100.00, 0.00, 2.25, 0, 0 
0, 77663, 698301887, 0.00, 100.00, 0.00, 2.25, 0, 0 
1, 77663, 700321314, 0.00, 100.00, 0.00, 2.25, 0, 0 
2, 77663, 702337912, 0.00, 100.00, 0.00, 2.25, 0, 0 
3, 77663, 704360144, 0.00, 100.00, 0.00, 2.25, 0, 0 
4, 77663, 706431392, 0.00, 100.00, 0.00, 2.25, 0, 0 
5, 77663, 708526219, 0.00, 100.00, 0.00, 2.25, 0, 0 
6, 77663, 710543967, 0.00, 100.00, 0.00, 2.25, 0, 0 
7, 77663, 712559689, 0.00, 100.00, 0.00, 2.25, 0, 0 
8, 77663, 714577512, 0.00, 100.00, 0.00, 2.25, 0, 0 
9, 77663, 716644445, 0.00, 100.00, 0.00, 2.25, 0, 0 
0, 77663, 718713570, 0.00, 100.00, 0.00, 2.25, 0, 0 
1, 77663, 720777548, 0.00, 100.00, 0.00, 2.25, 0, 0 
2, 77663, 722793676, 0.00, 100.00, 0.00, 2.25, 0, 0 
3, 77663, 724811665, 0.00, 100.00, 0.00, 2.25, 0, 0 
4, 77663, 726870158, 0.00, 100.00, 0.00, 2.25, 0, 0 
5, 77663, 728930803, 0.00, 100.00, 0.00, 2.25, 0, 0 
6, 77663, 731030423, 0.00, 100.00, 0.00, 2.25, 0, 0 
7, 77663, 733050633, 0.00, 100.00, 0.00, 2.25, 0, 0 
8, 77663, 735070007, 0.00, 100.00, 0.00, 2.25, 0, 0 
9, 77663, 737087816, 0.00, 100.00, 0.00, 2.25, 0, 0 
0, 77663, 739152086, 0.00, 100.00, 0.00, 2.25, 0, 0 
1, 77663, 741168835, 0.00, 100.00, 0.00, 2.25, 0, 0 
2, 77663, 743185626, 0.00, 100.00, 0.00, 2.25, 0, 0 
3, 77663, 745204999, 0.00, 100.00, 0.00, 2.25, 0, 0 
4, 77663, 747223053, 0.00, 100.00, 0.00, 2.25, 0, 0 
5, 77663, 749241404, 0.00, 100.00, 0.00, 2.25, 0, 0 
6, 77663, 751264732, 0.00, 100.00, 0.00, 2.25, 0, 0 
7, 77663, 753282577, 0.00, 100.00, 0.00, 2.25, 0, 0 
8, 77663, 755300734, 0.00, 100.00, 0.00, 2.25, 0, 0 
9, 77663, 757317520, 0.00, 100.00, 0.00, 2.25, 0, 0 
0, 77663, 759386012, 0.00, 100.00, 0.00, 2.25, 0, 0 
1, 77663, 761413190, 0.00, 100.00, 0.00, 2.25, 0, 0 
2, 77663, 763429585, 0.00, 100.00, 0.00, 2.25, 0, 0 
3, 77663, 765445909, 0.00, 100.00, 0.00, 2.25, 0, 0 
4, 77663, 767522722, 0.00, 100.00, 0.00, 2.25, 0, 0 
5, 77663, 769538893, 0.00, 100.00, 0.00, 2.25, 0, 0 
6, 77663, 771554524, 0.00, 100.00, 0.00, 2.25, 0, 0 
7, 77663, 773570383, 0.00, 100.00, 0.00, 2.25, 0, 0 
8, 77663, 775585893, 0.00, 100.00, 0.00, 2.25, 0, 0 
9, 77663, 777601419, 0.00, 100.00, 0.00, 2.25, 0, 0 
0, 77663, 779662587, 0.00, 100.00, 0.00, 2.25, 0, 0 
1, 77663, 781691742, 0.00, 100.00, 0.00, 2.25, 0, 0 
2, 77663, 783714520, 0.00, 100.00, 0.00, 2.25, 0, 0 
3, 77663, 785819056, 0.00, 100.00, 0.00, 2.25, 0, 0 
4, 77663, 787837768, 0.00, 100.00, 0.00, 2.25, 0, 0 
5, 77663, 789854878, 0.00, 100.00, 0.00, 2.25, 0, 0 
6, 77663, 791877031, 0.00, 100.00, 0.00, 2.25, 0, 0 
7, 77663, 793909544, 0.00, 100.00, 0.00, 2.25, 0, 0 
8, 77663, 795926836, 0.00, 100.00, 0.00, 2.25, 0, 0 
9, 77663, 797944109, 0.00, 100.00, 0.00, 2.25, 0, 0 
0, 77663, 799996019, 0.00, 100.00, 0.00, 2.25, 0, 0 
1, 77663, 802012410, 0.00, 100.00, 0.00, 2.25, 0, 0 
2, 77663, 804031727, 0.00, 100.00, 0.00, 2.25, 0, 0 
3, 77663, 806052040, 0.00, 100.00, 0.00, 2.25, 0, 0 
4, 77663, 808150194, 0.00, 100.00, 0.00, 2.25, 0, 0 
5, 77663, 810168680, 0.00, 100.00, 0.00, 2.25, 0, 0 
6, 77663, 812188938, 0.00, 100.00, 0.00, 2.25, 0, 0 
7, 77663, 814214180, 0.00, 100.00, 0.00, 2.25, 0, 0 
8, 77663, 816239795, 0.00, 100.00, 0.00, 2.25, 0, 0 
9, 77663, 818258313, 0.00, 100.00, 0.00, 2.25, 0, 0 
0, 77663, 820302271, 0.00, 100.00, 0.00, 2.25, 0, 0 
1, 77663, 822358426, 0.00, 100.00, 0.00, 2.25, 0, 0 
2, 77663, 824378771, 0.00, 100.00, 0.00, 2.25, 0, 0 
3, 77663, 826398228, 0.00, 100.00, 0.00, 2.25, 0, 0 
4, 77663, 828420208, 0.00, 100.00, 0.00, 2.25, 0, 0 
5, 77663, 830489369, 0.00, 100.00, 0.00, 2.25, 0, 0 
6, 77663, 832594505, 0.00, 100.00, 0.00, 2.25, 0, 0 
7, 77663, 834718684, 0.00, 100.00, 0.00, 2.25, 0, 0 
8, 77663, 836831325, 0.00, 100.00, 0.00, 2.25, 0, 0 
9, 77663, 838855710, 0.00, 100.00, 0.00, 2.25, 0, 0 
0, 77663, 841004242, 0.00, 100.00, 0.00, 2.25, 0, 0 
1, 77663, 843022593, 0.00, 100.00, 0.00, 2.25, 0, 0 
2, 77663, 845049310, 0.00, 100.00, 0.00, 2.25, 0, 0 
3, 77663, 847072711, 0.00, 100.00, 0.00, 2.25, 0, 0 
4, 77663, 849092934, 0.00, 100.00, 0.00, 2.25, 0, 0 
5, 77663, 851110820, 0.00, 100.00, 0.00, 2.25, 0, 0 
6, 77663, 853132255, 0.00, 100.00, 0.00, 2.25, 0, 0 
7, 77663, 855151952, 0.00, 100.00, 0.00, 2.25, 0, 0 
8, 77663, 857168758, 0.00, 100.00, 0.00, 2.25, 0, 0 
9, 77663, 859194181, 0.00, 100.00, 0.00, 2.25, 0, 0 
0, 77663, 861294904, 0.00, 100.00, 0.00, 2.25, 0, 0 
1, 77663, 863315233, 0.00, 100.00, 0.00, 2.25, 0, 0 
2, 77663, 865334272, 0.00, 100.00, 0.00, 2.25, 0, 0 
3, 77663, 867352453, 0.00, 100.00, 0.00, 2.25, 0, 0 
4, 77663, 869442351, 0.00, 100.00, 0.00, 2.25, 0, 0 
5, 77663, 871463383, 0.00, 100.00, 0.00, 2.25, 0, 0 
6, 77663, 873486092, 0.00, 100.00, 0.00, 2.25, 0, 0 
7, 77663, 875515956, 0.00, 100.00, 0.00, 2.25, 0, 0 
8, 77663, 877539535, 0.00, 100.00, 0.00, 2.25, 0, 0 
9, 77663, 879559795, 0.00, 100.00, 0.00, 2.25, 0, 0 
0, 77663, 881618047, 0.00, 100.00, 0.00, 2.25, 0, 0 
1, 77663, 883636602, 0.00, 100.00, 0.00, 2.25, 0, 0 
2, 77663, 885654045, 0.00, 100.00, 0.00, 2.25, 0, 0 
3, 77663, 887671196, 0.00, 100.00, 0.00, 2.25, 0, 0 
4, 77663, 889689582, 0.00, 100.00, 0.00, 2.25, 0, 0 
5, 77663, 891708140, 0.00, 100.00, 0.00, 2.25, 0, 0 
6, 77663, 893729535, 0.00, 100.00, 0.00, 2.25, 0, 0 
7, 77663, 895749938, 0.00, 100.00, 0.00, 2.25, 0, 0 
8, 77663, 897768493, 0.00, 100.00, 0.00, 2.25, 0, 0 
9, 77663, 899785785, 0.00, 100.00, 0.00, 2.25, 0, 0 
0, 77663, 901832542, 0.00, 100.00, 0.00, 2.25, 0, 0 
1, 77663, 903853087, 0.00, 100.00, 0.00, 2.25, 0, 0 
2, 77663, 905884256, 0.00, 100.00, 0.00, 2.25, 0, 0 
3, 77663, 907957224, 0.00, 100.00, 0.00, 2.25, 0, 0 
4, 77663, 910011525, 0.00, 100.00, 0.00, 2.25, 0, 0 
5, 77663, 912037094, 0.00, 100.00, 0.00, 2.25, 0, 0 
6, 77663, 914055599, 0.00, 100.00, 0.00, 2.25, 0, 0 
7, 77663, 916075209, 0.00, 100.00, 0.00, 2.25, 0, 0 
8, 77663, 918093340, 0.00, 100.00, 0.00, 2.25, 0, 0 
9, 77663, 920117734, 0.00, 100.00, 0.00, 2.25, 0, 0 
0, 77663, 922166395, 0.00, 100.00, 0.00, 2.25, 0, 0 
1, 77663, 924191124, 0.00, 100.00, 0.00, 2.25, 0, 0 
2, 77663, 926220917, 0.00, 100.00, 0.00, 2.25, 0, 0 
3, 77663, 928251314, 0.00, 100.00, 0.00, 2.25, 0, 0 
4, 77663, 930329599, 0.00, 100.00, 0.00, 2.25, 0, 0 
5, 77663, 932432646, 0.00, 100.00, 0.00, 2.25, 0, 0 
6, 77663, 934536691, 0.00, 100.00, 0.00, 2.25, 0, 0 
7, 77663, 936614437, 0.00, 100.00, 0.00, 2.25, 0, 0 
8, 77663, 938640771, 0.00, 100.00, 0.00, 2.25, 0, 0 
9, 77663, 940682687, 0.00, 100.00, 0.00, 2.25, 0, 0 
0, 77663, 942757646, 0.00, 100.00, 0.00, 2.25, 0, 0 
1, 77663, 944782229, 0.00, 100.00, 0.00, 2.25, 0, 0 
2, 77663, 946801078, 0.00, 100.00, 0.00, 2.25, 0, 0 
3, 77663, 948822733, 0.00, 100.00, 0.00, 2.25, 0, 0 
4, 77663, 950857170, 0.00, 100.00, 0.00, 2.25, 0, 0 
5, 77663, 952894446, 0.00, 100.00, 0.00, 2.25, 0, 0 
6, 77663, 954943903, 0.00, 100.00, 0.00, 2.25, 0, 0 
7, 77663, 956966100, 0.00, 100.00, 0.00, 2.25, 0, 0 
8, 77663, 958990642, 0.00, 100.00, 0.00, 2.25, 0, 0 
9, 77663, 961014193, 0.00, 100.00, 0.00, 2.25, 0, 0 
0, 77663, 963075087, 0.00, 100.00, 0.00, 2.25, 0, 0 
1, 77663, 965093823, 0.00, 100.00, 0.00, 2.25, 0, 0 
2, 77663, 967112578, 0.00, 100.00, 0.00, 2.25, 0, 0 
3, 77663, 969131667, 0.00, 100.00, 0.00, 2.25, 0, 0 
4, 77663, 971161267, 0.00, 100.00, 0.00, 2.25, 0, 0 
5, 77663, 973186414, 0.00, 100.00, 0.00, 2.25, 0, 0 
6, 77663, 975267412, 0.00, 100.00, 0.00, 2.25, 0, 0 
7, 77663, 977295667, 0.00, 100.00, 0.00, 2.25, 0, 0 
8, 77663, 979322027, 0.00, 100.00, 0.00, 2.25, 0, 0 
9, 77663, 981392563, 0.00, 100.00, 0.00, 2.25, 0, 0 
0, 77663, 983455152, 0.00, 100.00, 0.00, 2.25, 0, 0 
1, 77663, 985529884, 0.00, 100.00, 0.00, 2.25, 0, 0 
2, 77663, 987603651, 0.00, 100.00, 0.00, 2.25, 0, 0 
3, 77663, 989671153, 0.00, 100.00, 0.00, 2.25, 0, 0 
4, 77663, 991690877, 0.00, 100.00, 0.00, 2.25, 0, 0 
5, 77663, 993711429, 0.00, 100.00, 0.00, 2.25, 0, 0 
6, 77663, 995730038, 0.00, 100.00, 0.00, 2.25, 0, 0 
7, 77663, 997745845, 0.00, 100.00, 0.00, 2.25, 0, 0 
8, 77663, 999762039, 0.00, 100.00, 0.00, 2.25, 0, 0 
9, 77664, 1784780, 0.00, 100.00, 0.00, 2.25, 0, 0 
0, 77664, 3847295, 0.00, 100.00, 0.00, 2.25, 0, 0 
1, 77664, 5867198, 0.00, 100.00, 0.00, 2.25, 0, 0 
2, 77664, 7883956, 0.00, 100.00, 0.00, 2.25, 0, 0 
3, 77664, 9916375, 0.00, 100.00, 0.00, 2.25, 0, 0 
4, 77664, 11983998, 0.00, 100.00, 0.00, 2.25, 0, 0 
5, 77664, 14084135, 0.00, 100.00, 0.00, 2.25, 0, 0 
6, 77664, 16104292, 0.00, 100.00, 0.00, 2.25, 0, 0 
7, 77664, 18122848, 0.00, 100.00, 0.00, 2.25, 0, 0 
8, 77664, 20145865, 0.00, 100.00, 0.00, 2.25, 0, 0 
9, 77664, 22165852, 0.00, 100.00, 0.00, 2.25, 0, 0 
0, 77664, 24222758, 0.00, 100.00, 0.00, 2.25, 0, 0 
1, 77664, 26294400, 0.00, 100.00, 0.00, 2.25, 0, 0 
2, 77664, 28313900, 0.00, 100.00, 0.00, 2.25, 0, 0 
3, 77664, 30387662, 0.00, 100.00, 0.00, 2.25, 0, 0 
4, 77664, 32459999, 0.00, 100.00, 0.00, 2.25, 0, 0 
5, 77664, 34480119, 0.00, 100.00, 0.00, 2.25, 0, 0 
6, 77664, 36502991, 0.00, 100.00, 0.00, 2.25, 0, 0 
7, 77664, 38521104, 0.00, 100.00, 0.00, 2.25, 0, 0 
8, 77664, 40536681, 0.00, 100.00, 0.00, 2.25, 0, 0 
9, 77664, 42588832, 0.00, 100.00, 0.00, 2.25, 0, 0 
0, 77664, 44655249, 0.00, 100.00, 0.00, 2.25, 0, 0 
1, 77664, 46675849, 0.00, 100.00, 0.00, 2.25, 0, 0 
2, 77664, 48691852, 0.00, 100.00, 0.00, 2.25, 0, 0 
3, 77664, 50778850, 0.00, 100.00, 0.00, 2.25, 0, 0 
4, 77664, 52870908, 0.00, 100.00, 0.00, 2.25, 0, 0 
5, 77664, 54931989, 0.00, 100.00, 0.00, 2.25, 0, 0 
6, 77664, 56947723, 0.00, 100.00, 0.00, 2.25, 0, 0 
7, 77664, 58963325, 0.00, 100.00, 0.00, 2.25, 0, 0 
8, 77664, 60981394, 0.00, 100.00, 0.00, 2.25, 0, 0 
9, 77664, 63092911, 0.00, 100.00, 0.00, 2.25, 0, 0 
0, 77664, 65150676, 0.00, 100.00, 0.00, 2.25, 0, 0 
1, 77664, 67180603, 0.00, 100.00, 0.00, 2.25, 0, 0 
2, 77664, 69259078, 0.00, 100.00, 0.00, 2.25, 0, 0 
3, 77664, 71314759, 0.00, 100.00, 0.00, 2.25, 0, 0 
4, 77664, 73387635, 0.00, 100.00, 0.00, 2.25, 0, 0 
5, 77664, 75404895, 0.00, 100.00, 0.00, 2.25, 0, 0 
6, 77664, 77431115, 0.00, 100.00, 0.00, 2.25, 0, 0 
7, 77664, 79453151, 0.00, 100.00, 0.00, 2.25, 0, 0 
8, 77664, 81505964, 0.00, 100.00, 0.00, 2.25, 0, 0 
9, 77664, 83524575, 0.00, 100.00, 0.00, 2.25, 0, 0 
