Wed Nov 28 14:32:48 2018
StepTime, x, v, f, xdes, vdes, fdes, cmd, IR, LSB, LSF
0, 77909, 755533849, 0.00, 100.00, 0.00, 2.25, 0, 0 
1, 77909, 757636698, 0.00, 100.00, 0.00, 2.25, 0, 0 
2, 77909, 759723740, 0.00, 100.00, 0.00, 2.25, 0, 0 
3, 77909, 761839731, 0.00, 100.00, 0.00, 2.25, 0, 0 
4, 77909, 763954389, 0.00, 100.00, 0.00, 2.25, 0, 0 
5, 77909, 765987603, 0.00, 100.00, 0.00, 2.25, 0, 0 
6, 77909, 768034615, 0.00, 100.00, 0.00, 2.25, 0, 0 
7, 77909, 770131715, 0.00, 100.00, 0.00, 2.25, 0, 0 
8, 77909, 772205278, 0.00, 100.00, 0.00, 2.25, 0, 0 
9, 77909, 774253583, 0.00, 100.00, 0.00, 2.25, 0, 0 
0, 77909, 776348235, 0.00, 100.00, 0.00, 2.25, 0, 0 
1, 77909, 778404449, 0.00, 100.00, 0.00, 2.25, 0, 0 
2, 77909, 780427242, 0.00, 100.00, 0.00, 2.25, 0, 0 
3, 77909, 782448907, 0.00, 100.00, 0.00, 2.25, 0, 0 
4, 77909, 784476641, 0.00, 100.00, 0.00, 2.25, 0, 0 
5, 77909, 786498293, 0.00, 100.00, 0.00, 2.25, 0, 0 
6, 77909, 788521250, 0.00, 100.00, 0.00, 2.25, 0, 0 
7, 77909, 790542784, 0.00, 100.00, 0.00, 2.25, 0, 0 
8, 77909, 792565529, 0.00, 100.00, 0.00, 2.25, 0, 0 
9, 77909, 794651672, 0.00, 100.00, 0.00, 2.25, 0, 0 
0, 77909, 796725529, 0.00, 100.00, 0.00, 2.25, 0, 0 
1, 77909, 798749144, 0.00, 100.00, 0.00, 2.25, 0, 0 
2, 77909, 800842926, 0.00, 100.00, 0.00, 2.25, 0, 0 
3, 77909, 802867544, 0.00, 100.00, 0.00, 2.25, 0, 0 
4, 77909, 804890976, 0.00, 100.00, 0.00, 2.25, 0, 0 
5, 77909, 806904781, 0.00, 100.00, 0.00, 2.25, 0, 0 
6, 77909, 808920348, 0.00, 100.00, 0.00, 2.25, 0, 0 
7, 77909, 810972407, 0.00, 100.00, 0.00, 2.25, 0, 0 
8, 77909, 813052966, 0.00, 100.00, 0.00, 2.25, 0, 0 
9, 77909, 815114472, 0.00, 100.00, 0.00, 2.25, 0, 0 
0, 77909, 817176039, 0.00, 100.00, 0.00, 2.25, 0, 0 
1, 77909, 819212539, 0.00, 100.00, 0.00, 2.25, 0, 0 
2, 77909, 821248750, 0.00, 100.00, 0.00, 2.25, 0, 0 
3, 77909, 823256480, 0.00, 100.00, 0.00, 2.25, 0, 0 
4, 77909, 825262894, 0.00, 100.00, 0.00, 2.25, 0, 0 
5, 77909, 827274918, 0.00, 100.00, 0.00, 2.25, 0, 0 
6, 77909, 829382655, 0.00, 100.00, 0.00, 2.25, 0, 0 
7, 77909, 831389747, 0.00, 100.00, 0.00, 2.25, 0, 0 
8, 77909, 833477656, 0.00, 100.00, 0.00, 2.25, 0, 0 
9, 77909, 835574015, 0.00, 100.00, 0.00, 2.25, 0, 0 
0, 77909, 837682128, 0.00, 100.00, 0.00, 2.25, 0, 0 
1, 77909, 839783563, 0.00, 100.00, 0.00, 2.25, 0, 0 
2, 77909, 841889286, 0.00, 100.00, 0.00, 2.25, 0, 0 
3, 77909, 843899266, 0.00, 100.00, 0.00, 2.25, 0, 0 
4, 77909, 846015964, 0.00, 100.00, 0.00, 2.25, 0, 0 
5, 77909, 848103800, 0.00, 100.00, 0.00, 2.25, 0, 0 
6, 77909, 850195228, 0.00, 100.00, 0.00, 2.25, 0, 0 
7, 77909, 852200418, 0.00, 100.00, 0.00, 2.25, 0, 0 
8, 77909, 854302020, 0.00, 100.00, 0.00, 2.25, 0, 0 
9, 77909, 856324383, 0.00, 100.00, 0.00, 2.25, 0, 0 
0, 77909, 858482687, 0.00, 100.00, 0.00, 2.25, 0, 0 
1, 77909, 860527442, 0.00, 100.00, 0.00, 2.25, 0, 0 
2, 77909, 862577431, 0.00, 100.00, 0.00, 2.25, 0, 0 
3, 77909, 864608703, 0.00, 100.00, 0.00, 2.25, 0, 0 
4, 77909, 866734766, 0.00, 100.00, 0.00, 2.25, 0, 0 
5, 77909, 868809338, 0.00, 100.00, 0.00, 2.25, 0, 0 
6, 77909, 870897938, 0.00, 100.00, 0.00, 2.25, 0, 0 
7, 77909, 872985978, 0.00, 100.00, 0.00, 2.25, 0, 0 
8, 77909, 875009764, 0.00, 100.00, 0.00, 2.25, 0, 0 
9, 77909, 877036064, 0.00, 100.00, 0.00, 2.25, 0, 0 
0, 77909, 879109281, 0.00, 100.00, 0.00, 2.25, 0, 0 
1, 77909, 881156565, 0.00, 100.00, 0.00, 2.25, 0, 0 
2, 77909, 883242989, 0.00, 100.00, 0.00, 2.25, 0, 0 
3, 77909, 885346292, 0.00, 100.00, 0.00, 2.25, 0, 0 
4, 77909, 887459996, 0.00, 100.00, 0.00, 2.25, 0, 0 
5, 77909, 889580124, 0.00, 100.00, 0.00, 2.25, 0, 0 
6, 77909, 891686410, 0.00, 100.00, 0.00, 2.25, 0, 0 
7, 77909, 893793925, 0.00, 100.00, 0.00, 2.25, 0, 0 
8, 77909, 895906886, 0.00, 100.00, 0.00, 2.25, 0, 0 
9, 77909, 897931760, 0.00, 100.00, 0.00, 2.25, 0, 0 
0, 77909, 900150990, 0.00, 100.00, 0.00, 2.25, 0, 0 
1, 77909, 902239666, 0.00, 100.00, 0.00, 2.25, 0, 0 
2, 77909, 904345427, 0.00, 100.00, 0.00, 2.25, 0, 0 
3, 77909, 906443470, 0.00, 100.00, 0.00, 2.25, 0, 0 
4, 77909, 908549274, 0.00, 100.00, 0.00, 2.25, 0, 0 
5, 77909, 910578756, 0.00, 100.00, 0.00, 2.25, 0, 0 
6, 77909, 912653917, 0.00, 100.00, 0.00, 2.25, 0, 0 
7, 77909, 914694065, 0.00, 100.00, 0.00, 2.25, 0, 0 
8, 77909, 916748865, 0.00, 100.00, 0.00, 2.25, 0, 0 
9, 77909, 918824058, 0.00, 100.00, 0.00, 2.25, 0, 0 
0, 77909, 920977412, 0.00, 100.00, 0.00, 2.25, 0, 0 
1, 77909, 923077944, 0.00, 100.00, 0.00, 2.25, 0, 0 
2, 77909, 925177198, 0.00, 100.00, 0.00, 2.25, 0, 0 
3, 77909, 927299778, 0.00, 100.00, 0.00, 2.25, 0, 0 
4, 77909, 929412093, 0.00, 100.00, 0.00, 2.25, 0, 0 
5, 77909, 931527131, 0.00, 100.00, 0.00, 2.25, 0, 0 
6, 77909, 933633278, 0.00, 100.00, 0.00, 2.25, 0, 0 
7, 77909, 935654459, 0.00, 100.00, 0.00, 2.25, 0, 0 
8, 77909, 937673620, 0.00, 100.00, 0.00, 2.25, 0, 0 
9, 77909, 939693012, 0.00, 100.00, 0.00, 2.25, 0, 0 
0, 77909, 941763778, 0.00, 100.00, 0.00, 2.25, 0, 0 
1, 77909, 943795274, 0.00, 100.00, 0.00, 2.25, 0, 0 
2, 77909, 945857319, 0.00, 100.00, 0.00, 2.25, 0, 0 
3, 77909, 947892344, 0.00, 100.00, 0.00, 2.25, 0, 0 
4, 77909, 949918908, 0.00, 100.00, 0.00, 2.25, 0, 0 
5, 77909, 952033344, 0.00, 100.00, 0.00, 2.25, 0, 0 
6, 77909, 954139371, 0.00, 100.00, 0.00, 2.25, 0, 0 
7, 77909, 956242215, 0.00, 100.00, 0.00, 2.25, 0, 0 
8, 77909, 958262866, 0.00, 100.00, 0.00, 2.25, 0, 0 
9, 77909, 960287004, 0.00, 100.00, 0.00, 2.25, 0, 0 
0, 77909, 962457552, 0.00, 100.00, 0.00, 2.25, 0, 0 
1, 77909, 964575939, 0.00, 100.00, 0.00, 2.25, 0, 0 
2, 77909, 966683980, 0.00, 100.00, 0.00, 2.25, 0, 0 
3, 77909, 968796027, 0.00, 100.00, 0.00, 2.25, 0, 0 
4, 77909, 970909638, 0.00, 100.00, 0.00, 2.25, 0, 0 
5, 77909, 972934571, 0.00, 100.00, 0.00, 2.25, 0, 0 
6, 77909, 974970175, 0.00, 100.00, 0.00, 2.25, 0, 0 
7, 77909, 977063470, 0.00, 100.00, 0.00, 2.25, 0, 0 
8, 77909, 979170713, 0.00, 100.00, 0.00, 2.25, 0, 0 
9, 77909, 981197612, 0.00, 100.00, 0.00, 2.25, 0, 0 
0, 77909, 983361054, 0.00, 100.00, 0.00, 2.25, 0, 0 
1, 77909, 985465716, 0.00, 100.00, 0.00, 2.25, 0, 0 
2, 77909, 987578387, 0.00, 100.00, 0.00, 2.25, 0, 0 
3, 77909, 989681011, 0.00, 100.00, 0.00, 2.25, 0, 0 
4, 77909, 991702080, 0.00, 100.00, 0.00, 2.25, 0, 0 
5, 77909, 993723875, 0.00, 100.00, 0.00, 2.25, 0, 0 
6, 77909, 995834617, 0.00, 100.00, 0.00, 2.25, 0, 0 
7, 77909, 997953563, 0.00, 100.00, 0.00, 2.25, 0, 0 
8, 77910, 71731, 0.00, 100.00, 0.00, 2.25, 0, 0 
9, 77910, 2091230, 0.00, 100.00, 0.00, 2.25, 0, 0 
0, 77910, 4161097, 0.00, 100.00, 0.00, 2.25, 0, 0 
1, 77910, 6197122, 0.00, 100.00, 0.00, 2.25, 0, 0 
2, 77910, 8290806, 0.00, 100.00, 0.00, 2.25, 0, 0 
3, 77910, 10414246, 0.00, 100.00, 0.00, 2.25, 0, 0 
4, 77910, 12529951, 0.00, 100.00, 0.00, 2.25, 0, 0 
5, 77910, 14560726, 0.00, 100.00, 0.00, 2.25, 0, 0 
6, 77910, 16583368, 0.00, 100.00, 0.00, 2.25, 0, 0 
7, 77910, 18676879, 0.00, 100.00, 0.00, 2.25, 0, 0 
8, 77910, 20768759, 0.00, 100.00, 0.00, 2.25, 0, 0 
9, 77910, 22855493, 0.00, 100.00, 0.00, 2.25, 0, 0 
0, 77910, 24985595, 0.00, 100.00, 0.00, 2.25, 0, 0 
1, 77910, 27086118, 0.00, 100.00, 0.00, 2.25, 0, 0 
2, 77910, 29152514, 0.00, 100.00, 0.00, 2.25, 0, 0 
3, 77910, 31265644, 0.00, 100.00, 0.00, 2.25, 0, 0 
4, 77910, 33380484, 0.00, 100.00, 0.00, 2.25, 0, 0 
5, 77910, 35406193, 0.00, 100.00, 0.00, 2.25, 0, 0 
6, 77910, 37477872, 0.00, 100.00, 0.00, 2.25, 0, 0 
7, 77910, 39571160, 0.00, 100.00, 0.00, 2.25, 0, 0 
8, 77910, 41679212, 0.00, 100.00, 0.00, 2.25, 0, 0 
9, 77910, 43790849, 0.00, 100.00, 0.00, 2.25, 0, 0 
0, 77910, 45955239, 0.00, 100.00, 0.00, 2.25, 0, 0 
1, 77910, 48041785, 0.00, 100.00, 0.00, 2.25, 0, 0 
2, 77910, 50063915, 0.00, 100.00, 0.00, 2.25, 0, 0 
3, 77910, 52142989, 0.00, 100.00, 0.00, 2.25, 0, 0 
4, 77910, 54246015, 0.00, 100.00, 0.00, 2.25, 0, 0 
5, 77910, 56349103, 0.00, 100.00, 0.00, 2.25, 0, 0 
6, 77910, 58444410, 0.00, 100.00, 0.00, 2.25, 0, 0 
7, 77910, 60547673, 0.00, 100.00, 0.00, 2.25, 0, 0 
8, 77910, 62658505, 0.00, 100.00, 0.00, 2.25, 0, 0 
9, 77910, 64755332, 0.00, 100.00, 0.00, 2.25, 0, 0 
0, 77910, 66814650, 0.00, 100.00, 0.00, 2.25, 0, 0 
1, 77910, 68883936, 0.00, 100.00, 0.00, 2.25, 0, 0 
2, 77910, 71010499, 0.00, 100.00, 0.00, 2.25, 0, 0 
3, 77910, 73127717, 0.00, 100.00, 0.00, 2.25, 0, 0 
4, 77910, 75148331, 0.00, 100.00, 0.00, 2.25, 0, 0 
5, 77910, 77261985, 0.00, 100.00, 0.00, 2.25, 0, 0 
6, 77910, 79375338, 0.00, 100.00, 0.00, 2.25, 0, 0 
7, 77910, 81405781, 0.00, 100.00, 0.00, 2.25, 0, 0 
8, 77910, 83449680, 0.00, 100.00, 0.00, 2.25, 0, 0 
9, 77910, 85479369, 0.00, 100.00, 0.00, 2.25, 0, 0 
0, 77910, 87561806, 0.00, 100.00, 0.00, 2.25, 0, 0 
1, 77910, 89587536, 0.00, 100.00, 0.00, 2.25, 0, 0 
2, 77910, 91612611, 0.00, 100.00, 0.00, 2.25, 0, 0 
3, 77910, 93636530, 0.00, 100.00, 0.00, 2.25, 0, 0 
4, 77910, 95662729, 0.00, 100.00, 0.00, 2.25, 0, 0 
5, 77910, 97684986, 0.00, 100.00, 0.00, 2.25, 0, 0 
6, 77910, 99702109, 0.00, 100.00, 0.00, 2.25, 0, 0 
7, 77910, 101731688, 0.00, 100.00, 0.00, 2.25, 0, 0 
8, 77910, 103743468, 0.00, 100.00, 0.00, 2.25, 0, 0 
9, 77910, 105772687, 0.00, 100.00, 0.00, 2.25, 0, 0 
0, 77910, 107810858, 0.00, 100.00, 0.00, 2.25, 0, 0 
1, 77910, 109824313, 0.00, 100.00, 0.00, 2.25, 0, 0 
2, 77910, 111838844, 0.00, 100.00, 0.00, 2.25, 0, 0 
3, 77910, 113946713, 0.00, 100.00, 0.00, 2.25, 0, 0 
4, 77910, 115967094, 0.00, 100.00, 0.00, 2.25, 0, 0 
5, 77910, 117982245, 0.00, 100.00, 0.00, 2.25, 0, 0 
6, 77910, 120080685, 0.00, 100.00, 0.00, 2.25, 0, 0 
7, 77910, 122171809, 0.00, 100.00, 0.00, 2.25, 0, 0 
8, 77910, 124184640, 0.00, 100.00, 0.00, 2.25, 0, 0 
9, 77910, 126277863, 0.00, 100.00, 0.00, 2.25, 0, 0 
0, 77910, 128391017, 0.00, 100.00, 0.00, 2.25, 0, 0 
1, 77910, 130407317, 0.00, 100.00, 0.00, 2.25, 0, 0 
2, 77910, 132466989, 0.00, 100.00, 0.00, 2.25, 0, 0 
3, 77910, 134546454, 0.00, 100.00, 0.00, 2.25, 0, 0 
4, 77910, 136647162, 0.00, 100.00, 0.00, 2.25, 0, 0 
5, 77910, 138724465, 0.00, 100.00, 0.00, 2.25, 0, 0 
6, 77910, 140830375, 0.00, 100.00, 0.00, 2.25, 0, 0 
7, 77910, 142934391, 0.00, 100.00, 0.00, 2.25, 0, 0 
8, 77910, 145039573, 0.00, 100.00, 0.00, 2.25, 0, 0 
9, 77910, 147054037, 0.00, 100.00, 0.00, 2.25, 0, 0 
0, 77910, 149167575, 0.00, 100.00, 0.00, 2.25, 0, 0 
1, 77910, 151261026, 0.00, 100.00, 0.00, 2.25, 0, 0 
2, 77910, 153352086, 0.00, 100.00, 0.00, 2.25, 0, 0 
3, 77910, 155440773, 0.00, 100.00, 0.00, 2.25, 0, 0 
4, 77910, 157531490, 0.00, 100.00, 0.00, 2.25, 0, 0 
5, 77910, 159620862, 0.00, 100.00, 0.00, 2.25, 0, 0 
6, 77910, 161643198, 0.00, 100.00, 0.00, 2.25, 0, 0 
7, 77910, 163660007, 0.00, 100.00, 0.00, 2.25, 0, 0 
8, 77910, 165689777, 0.00, 100.00, 0.00, 2.25, 0, 0 
9, 77910, 167788189, 0.00, 100.00, 0.00, 2.25, 0, 0 
0, 77910, 169934297, 0.00, 100.00, 0.00, 2.25, 0, 0 
1, 77910, 171983394, 0.00, 100.00, 0.00, 2.25, 0, 0 
2, 77910, 174087188, 0.00, 100.00, 0.00, 2.25, 0, 0 
3, 77910, 176110944, 0.00, 100.00, 0.00, 2.25, 0, 0 
4, 77910, 178218131, 0.00, 100.00, 0.00, 2.25, 0, 0 
5, 77910, 180234466, 0.00, 100.00, 0.00, 2.25, 0, 0 
6, 77910, 182329326, 0.00, 100.00, 0.00, 2.25, 0, 0 
7, 77910, 184383587, 0.00, 100.00, 0.00, 2.25, 0, 0 
8, 77910, 186433306, 0.00, 100.00, 0.00, 2.25, 0, 0 
9, 77910, 188484087, 0.00, 100.00, 0.00, 2.25, 0, 0 
0, 77910, 190573376, 0.00, 100.00, 0.00, 2.25, 0, 0 
1, 77910, 192596262, 0.00, 100.00, 0.00, 2.25, 0, 0 
2, 77910, 194617630, 0.00, 100.00, 0.00, 2.25, 0, 0 
3, 77910, 196675396, 0.00, 100.00, 0.00, 2.25, 0, 0 
4, 77910, 198698467, 0.00, 100.00, 0.00, 2.25, 0, 0 
5, 77910, 200789378, 0.00, 100.00, 0.00, 2.25, 0, 0 
6, 77910, 202890414, 0.00, 100.00, 0.00, 2.25, 0, 0 
7, 77910, 205002411, 0.00, 100.00, 0.00, 2.25, 0, 0 
8, 77910, 207115327, 0.00, 100.00, 0.00, 2.25, 0, 0 
9, 77910, 209233984, 0.00, 100.00, 0.00, 2.25, 0, 0 
0, 77910, 211376503, 0.00, 100.00, 0.00, 2.25, 0, 0 
1, 77910, 213487728, 0.00, 100.00, 0.00, 2.25, 0, 0 
2, 77910, 215508089, 0.00, 100.00, 0.00, 2.25, 0, 0 
3, 77910, 217578849, 0.00, 100.00, 0.00, 2.25, 0, 0 
4, 77910, 219674088, 0.00, 100.00, 0.00, 2.25, 0, 0 
5, 77910, 221765968, 0.00, 100.00, 0.00, 2.25, 0, 0 
6, 77910, 223841552, 0.00, 100.00, 0.00, 2.25, 0, 0 
7, 77910, 225867704, 0.00, 100.00, 0.00, 2.25, 0, 0 
8, 77910, 227904265, 0.00, 100.00, 0.00, 2.25, 0, 0 
9, 77910, 229995373, 0.00, 100.00, 0.00, 2.25, 0, 0 
0, 77910, 232082740, 0.00, 100.00, 0.00, 2.25, 0, 0 
1, 77910, 234153147, 0.00, 100.00, 0.00, 2.25, 0, 0 
2, 77910, 236200355, 0.00, 100.00, 0.00, 2.25, 0, 0 
3, 77910, 238299828, 0.00, 100.00, 0.00, 2.25, 0, 0 
4, 77910, 240401261, 0.00, 100.00, 0.00, 2.25, 0, 0 
5, 77910, 242498198, 0.00, 100.00, 0.00, 2.25, 0, 0 
6, 77910, 244523202, 0.00, 100.00, 0.00, 2.25, 0, 0 
7, 77910, 246625700, 0.00, 100.00, 0.00, 2.25, 0, 0 
8, 77910, 248714183, 0.00, 100.00, 0.00, 2.25, 0, 0 
9, 77910, 250821152, 0.00, 100.00, 0.00, 2.25, 0, 0 
0, 77910, 252972165, 0.00, 100.00, 0.00, 2.25, 0, 0 
1, 77910, 255089221, 0.00, 100.00, 0.00, 2.25, 0, 0 
2, 77910, 257120882, 0.00, 100.00, 0.00, 2.25, 0, 0 
3, 77910, 259211132, 0.00, 100.00, 0.00, 2.25, 0, 0 
4, 77910, 261297485, 0.00, 100.00, 0.00, 2.25, 0, 0 
5, 77910, 263366672, 0.00, 100.00, 0.00, 2.25, 0, 0 
6, 77910, 265437554, 0.00, 100.00, 0.00, 2.25, 0, 0 
7, 77910, 267508768, 0.00, 100.00, 0.00, 2.25, 0, 0 
8, 77910, 269587022, 0.00, 100.00, 0.00, 2.25, 0, 0 
9, 77910, 271658844, 0.00, 100.00, 0.00, 2.25, 0, 0 
0, 77910, 273779854, 0.00, 100.00, 0.00, 2.25, 0, 0 
1, 77910, 275879046, 0.00, 100.00, 0.00, 2.25, 0, 0 
2, 77910, 277899731, 0.00, 100.00, 0.00, 2.25, 0, 0 
3, 77910, 280024575, 0.00, 100.00, 0.00, 2.25, 0, 0 
4, 77910, 282137094, 0.00, 100.00, 0.00, 2.25, 0, 0 
5, 77910, 284255480, 0.00, 100.00, 0.00, 2.25, 0, 0 
6, 77910, 286334583, 0.00, 100.00, 0.00, 2.25, 0, 0 
7, 77910, 288399588, 0.00, 100.00, 0.00, 2.25, 0, 0 
8, 77910, 290468178, 0.00, 100.00, 0.00, 2.25, 0, 0 
9, 77910, 292559815, 0.00, 100.00, 0.00, 2.25, 0, 0 
0, 77910, 294661781, 0.00, 100.00, 0.00, 2.25, 0, 0 
1, 77910, 296788368, 0.00, 100.00, 0.00, 2.25, 0, 0 
2, 77910, 298814855, 0.00, 100.00, 0.00, 2.25, 0, 0 
3, 77910, 300893565, 0.00, 100.00, 0.00, 2.25, 0, 0 
4, 77910, 303002845, 0.00, 100.00, 0.00, 2.25, 0, 0 
5, 77910, 305100698, 0.00, 100.00, 0.00, 2.25, 0, 0 
6, 77910, 307196470, 0.00, 100.00, 0.00, 2.25, 0, 0 
7, 77910, 309294750, 0.00, 100.00, 0.00, 2.25, 0, 0 
8, 77910, 311320247, 0.00, 100.00, 0.00, 2.25, 0, 0 
9, 77910, 313436464, 0.00, 100.00, 0.00, 2.25, 0, 0 
0, 77910, 315588209, 0.00, 100.00, 0.00, 2.25, 0, 0 
1, 77910, 317684125, 0.00, 100.00, 0.00, 2.25, 0, 0 
2, 77910, 319708375, 0.00, 100.00, 0.00, 2.25, 0, 0 
3, 77910, 321752807, 0.00, 100.00, 0.00, 2.25, 0, 0 
4, 77910, 323853519, 0.00, 100.00, 0.00, 2.25, 0, 0 
5, 77910, 325948515, 0.00, 100.00, 0.00, 2.25, 0, 0 
6, 77910, 328043390, 0.00, 100.00, 0.00, 2.25, 0, 0 
7, 77910, 330134437, 0.00, 100.00, 0.00, 2.25, 0, 0 
8, 77910, 332154447, 0.00, 100.00, 0.00, 2.25, 0, 0 
9, 77910, 334206469, 0.00, 100.00, 0.00, 2.25, 0, 0 
0, 77910, 336345240, 0.00, 100.00, 0.00, 2.25, 0, 0 
1, 77910, 338367887, 0.00, 100.00, 0.00, 2.25, 0, 0 
2, 77910, 340433053, 0.00, 100.00, 0.00, 2.25, 0, 0 
3, 77910, 342516579, 0.00, 100.00, 0.00, 2.25, 0, 0 
4, 77910, 344540130, 0.00, 100.00, 0.00, 2.25, 0, 0 
5, 77910, 346626668, 0.00, 100.00, 0.00, 2.25, 0, 0 
6, 77910, 348717700, 0.00, 100.00, 0.00, 2.25, 0, 0 
7, 77910, 350749564, 0.00, 100.00, 0.00, 2.25, 0, 0 
8, 77910, 352781178, 0.00, 100.00, 0.00, 2.25, 0, 0 
9, 77910, 354848406, 0.00, 100.00, 0.00, 2.25, 0, 0 
0, 77910, 356978642, 0.00, 100.00, 0.00, 2.25, 0, 0 
1, 77910, 359072735, 0.00, 100.00, 0.00, 2.25, 0, 0 
2, 77910, 361103693, 0.00, 100.00, 0.00, 2.25, 0, 0 
3, 77910, 363193896, 0.00, 100.00, 0.00, 2.25, 0, 0 
4, 77910, 365243622, 0.00, 100.00, 0.00, 2.25, 0, 0 
5, 77910, 367331302, 0.00, 100.00, 0.00, 2.25, 0, 0 
6, 77910, 369414918, 0.00, 100.00, 0.00, 2.25, 0, 0 
7, 77910, 371503313, 0.00, 100.00, 0.00, 2.25, 0, 0 
8, 77910, 373586690, 0.00, 100.00, 0.00, 2.25, 0, 0 
9, 77910, 375677206, 0.00, 100.00, 0.00, 2.25, 0, 0 
0, 77910, 377825110, 0.00, 100.00, 0.00, 2.25, 0, 0 
1, 77910, 379916766, 0.00, 100.00, 0.00, 2.25, 0, 0 
2, 77910, 381940925, 0.00, 100.00, 0.00, 2.25, 0, 0 
3, 77910, 384065695, 0.00, 100.00, 0.00, 2.25, 0, 0 
4, 77910, 386161235, 0.00, 100.00, 0.00, 2.25, 0, 0 
5, 77910, 388256480, 0.00, 100.00, 0.00, 2.25, 0, 0 
6, 77910, 390348189, 0.00, 100.00, 0.00, 2.25, 0, 0 
7, 77910, 392442704, 0.00, 100.00, 0.00, 2.25, 0, 0 
8, 77910, 394477033, 0.00, 100.00, 0.00, 2.25, 0, 0 
9, 77910, 396570907, 0.00, 100.00, 0.00, 2.25, 0, 0 
0, 77910, 398665134, 0.00, 100.00, 0.00, 2.25, 0, 0 
1, 77910, 400725618, 0.00, 100.00, 0.00, 2.25, 0, 0 
2, 77910, 402791559, 0.00, 100.00, 0.00, 2.25, 0, 0 
3, 77910, 404883810, 0.00, 100.00, 0.00, 2.25, 0, 0 
4, 77910, 406904032, 0.00, 100.00, 0.00, 2.25, 0, 0 
5, 77910, 408925757, 0.00, 100.00, 0.00, 2.25, 0, 0 
6, 77910, 410943779, 0.00, 100.00, 0.00, 2.25, 0, 0 
7, 77910, 412969059, 0.00, 100.00, 0.00, 2.25, 0, 0 
8, 77910, 415003044, 0.00, 100.00, 0.00, 2.25, 0, 0 
9, 77910, 417096086, 0.00, 100.00, 0.00, 2.25, 0, 0 
0, 77910, 419241757, 0.00, 100.00, 0.00, 2.25, 0, 0 
1, 77910, 421332606, 0.00, 100.00, 0.00, 2.25, 0, 0 
2, 77910, 423423551, 0.00, 100.00, 0.00, 2.25, 0, 0 
3, 77910, 425512341, 0.00, 100.00, 0.00, 2.25, 0, 0 
4, 77910, 427626851, 0.00, 100.00, 0.00, 2.25, 0, 0 
5, 77910, 429717647, 0.00, 100.00, 0.00, 2.25, 0, 0 
6, 77910, 431793701, 0.00, 100.00, 0.00, 2.25, 0, 0 
7, 77910, 433885790, 0.00, 100.00, 0.00, 2.25, 0, 0 
8, 77910, 435975033, 0.00, 100.00, 0.00, 2.25, 0, 0 
9, 77910, 438064731, 0.00, 100.00, 0.00, 2.25, 0, 0 
0, 77910, 440209404, 0.00, 100.00, 0.00, 2.25, 0, 0 
1, 77910, 442299476, 0.00, 100.00, 0.00, 2.25, 0, 0 
2, 77910, 444370661, 0.00, 100.00, 0.00, 2.25, 0, 0 
3, 77910, 446424820, 0.00, 100.00, 0.00, 2.25, 0, 0 
4, 77910, 448456170, 0.00, 100.00, 0.00, 2.25, 0, 0 
5, 77910, 450481325, 0.00, 100.00, 0.00, 2.25, 0, 0 
6, 77910, 452573821, 0.00, 100.00, 0.00, 2.25, 0, 0 
7, 77910, 454661924, 0.00, 100.00, 0.00, 2.25, 0, 0 
8, 77910, 456748391, 0.00, 100.00, 0.00, 2.25, 0, 0 
9, 77910, 458833868, 0.00, 100.00, 0.00, 2.25, 0, 0 
0, 77910, 460902311, 0.00, 100.00, 0.00, 2.25, 0, 0 
1, 77910, 462993639, 0.00, 100.00, 0.00, 2.25, 0, 0 
2, 77910, 465016264, 0.00, 100.00, 0.00, 2.25, 0, 0 
3, 77910, 467033962, 0.00, 100.00, 0.00, 2.25, 0, 0 
4, 77910, 469053451, 0.00, 100.00, 0.00, 2.25, 0, 0 
5, 77910, 471145024, 0.00, 100.00, 0.00, 2.25, 0, 0 
6, 77910, 473174967, 0.00, 100.00, 0.00, 2.25, 0, 0 
7, 77910, 475210500, 0.00, 100.00, 0.00, 2.25, 0, 0 
8, 77910, 477239571, 0.00, 100.00, 0.00, 2.25, 0, 0 
9, 77910, 479277300, 0.00, 100.00, 0.00, 2.25, 0, 0 
0, 77910, 481356133, 0.00, 100.00, 0.00, 2.25, 0, 0 
1, 77910, 483381482, 0.00, 100.00, 0.00, 2.25, 0, 0 
2, 77910, 485407254, 0.00, 100.00, 0.00, 2.25, 0, 0 
3, 77910, 487432743, 0.00, 100.00, 0.00, 2.25, 0, 0 
4, 77910, 489456245, 0.00, 100.00, 0.00, 2.25, 0, 0 
5, 77910, 491481026, 0.00, 100.00, 0.00, 2.25, 0, 0 
6, 77910, 493498969, 0.00, 100.00, 0.00, 2.25, 0, 0 
7, 77910, 495516877, 0.00, 100.00, 0.00, 2.25, 0, 0 
8, 77910, 497533318, 0.00, 100.00, 0.00, 2.25, 0, 0 
9, 77910, 499550181, 0.00, 100.00, 0.00, 2.25, 0, 0 
0, 77910, 501590157, 0.00, 100.00, 0.00, 2.25, 0, 0 
1, 77910, 503600869, 0.00, 100.00, 0.00, 2.25, 0, 0 
2, 77910, 505610014, 0.00, 100.00, 0.00, 2.25, 0, 0 
3, 77910, 507618433, 0.00, 100.00, 0.00, 2.25, 0, 0 
4, 77910, 509628339, 0.00, 100.00, 0.00, 2.25, 0, 0 
5, 77910, 511663181, 0.00, 100.00, 0.00, 2.25, 0, 0 
6, 77910, 513673112, 0.00, 100.00, 0.00, 2.25, 0, 0 
7, 77910, 515687996, 0.00, 100.00, 0.00, 2.25, 0, 0 
8, 77910, 517753133, 0.00, 100.00, 0.00, 2.25, 0, 0 
9, 77910, 519819989, 0.00, 100.00, 0.00, 2.25, 0, 0 
0, 77910, 521897873, 0.00, 100.00, 0.00, 2.25, 0, 0 
1, 77910, 523965087, 0.00, 100.00, 0.00, 2.25, 0, 0 
2, 77910, 526035432, 0.00, 100.00, 0.00, 2.25, 0, 0 
3, 77910, 528040923, 0.00, 100.00, 0.00, 2.25, 0, 0 
4, 77910, 530114323, 0.00, 100.00, 0.00, 2.25, 0, 0 
5, 77910, 532122033, 0.00, 100.00, 0.00, 2.25, 0, 0 
6, 77910, 534199549, 0.00, 100.00, 0.00, 2.25, 0, 0 
7, 77910, 536206153, 0.00, 100.00, 0.00, 2.25, 0, 0 
8, 77910, 538273850, 0.00, 100.00, 0.00, 2.25, 0, 0 
9, 77910, 540284805, 0.00, 100.00, 0.00, 2.25, 0, 0 
0, 77910, 542362557, 0.00, 100.00, 0.00, 2.25, 0, 0 
1, 77910, 544368119, 0.00, 100.00, 0.00, 2.25, 0, 0 
2, 77910, 546436510, 0.00, 100.00, 0.00, 2.25, 0, 0 
3, 77910, 548444203, 0.00, 100.00, 0.00, 2.25, 0, 0 
4, 77910, 550515574, 0.00, 100.00, 0.00, 2.25, 0, 0 
5, 77910, 552587595, 0.00, 100.00, 0.00, 2.25, 0, 0 
6, 77910, 554666019, 0.00, 100.00, 0.00, 2.25, 0, 0 
7, 77910, 556744709, 0.00, 100.00, 0.00, 2.25, 0, 0 
8, 77910, 558813566, 0.00, 100.00, 0.00, 2.25, 0, 0 
9, 77910, 560890188, 0.00, 100.00, 0.00, 2.25, 0, 0 
0, 77910, 562982056, 0.00, 100.00, 0.00, 2.25, 0, 0 
1, 77910, 565058439, 0.00, 100.00, 0.00, 2.25, 0, 0 
2, 77910, 567128939, 0.00, 100.00, 0.00, 2.25, 0, 0 
3, 77910, 569200842, 0.00, 100.00, 0.00, 2.25, 0, 0 
4, 77910, 571219726, 0.00, 100.00, 0.00, 2.25, 0, 0 
5, 77910, 573279050, 0.00, 100.00, 0.00, 2.25, 0, 0 
6, 77910, 575287707, 0.00, 100.00, 0.00, 2.25, 0, 0 
7, 77910, 577296913, 0.00, 100.00, 0.00, 2.25, 0, 0 
8, 77910, 579305997, 0.00, 100.00, 0.00, 2.25, 0, 0 
9, 77910, 581318151, 0.00, 100.00, 0.00, 2.25, 0, 0 
0, 77910, 583461301, 0.00, 100.00, 0.00, 2.25, 0, 0 
1, 77910, 585507574, 0.00, 100.00, 0.00, 2.25, 0, 0 
2, 77910, 587553204, 0.00, 100.00, 0.00, 2.25, 0, 0 
3, 77910, 589619774, 0.00, 100.00, 0.00, 2.25, 0, 0 
4, 77910, 591678610, 0.00, 100.00, 0.00, 2.25, 0, 0 
5, 77910, 593754850, 0.00, 100.00, 0.00, 2.25, 0, 0 
6, 77910, 595832996, 0.00, 100.00, 0.00, 2.25, 0, 0 
7, 77910, 597933768, 0.00, 100.00, 0.00, 2.25, 0, 0 
8, 77910, 600023799, 0.00, 100.00, 0.00, 2.25, 0, 0 
9, 77910, 602049919, 0.00, 100.00, 0.00, 2.25, 0, 0 
0, 77910, 604143820, 0.00, 100.00, 0.00, 2.25, 0, 0 
1, 77910, 606218261, 0.00, 100.00, 0.00, 2.25, 0, 0 
2, 77910, 608242940, 0.00, 100.00, 0.00, 2.25, 0, 0 
3, 77910, 610319056, 0.00, 100.00, 0.00, 2.25, 0, 0 
4, 77910, 612398913, 0.00, 100.00, 0.00, 2.25, 0, 0 
5, 77910, 614459819, 0.00, 100.00, 0.00, 2.25, 0, 0 
6, 77910, 616506832, 0.00, 100.00, 0.00, 2.25, 0, 0 
7, 77910, 618577054, 0.00, 100.00, 0.00, 2.25, 0, 0 
8, 77910, 620647780, 0.00, 100.00, 0.00, 2.25, 0, 0 
9, 77910, 622720814, 0.00, 100.00, 0.00, 2.25, 0, 0 
0, 77910, 624845374, 0.00, 100.00, 0.00, 2.25, 0, 0 
1, 77910, 626916541, 0.00, 100.00, 0.00, 2.25, 0, 0 
2, 77910, 628993466, 0.00, 100.00, 0.00, 2.25, 0, 0 
3, 77910, 631069936, 0.00, 100.00, 0.00, 2.25, 0, 0 
4, 77910, 633089304, 0.00, 100.00, 0.00, 2.25, 0, 0 
5, 77910, 635111550, 0.00, 100.00, 0.00, 2.25, 0, 0 
6, 77910, 637129981, 0.00, 100.00, 0.00, 2.25, 0, 0 
7, 77910, 639207346, 0.00, 100.00, 0.00, 2.25, 0, 0 
8, 77910, 641225100, 0.00, 100.00, 0.00, 2.25, 0, 0 
9, 77910, 643240603, 0.00, 100.00, 0.00, 2.25, 0, 0 
0, 77910, 645357189, 0.00, 100.00, 0.00, 2.25, 0, 0 
1, 77910, 647437285, 0.00, 100.00, 0.00, 2.25, 0, 0 
2, 77910, 649460362, 0.00, 100.00, 0.00, 2.25, 0, 0 
3, 77910, 651483883, 0.00, 100.00, 0.00, 2.25, 0, 0 
4, 77910, 653501808, 0.00, 100.00, 0.00, 2.25, 0, 0 
5, 77910, 655531305, 0.00, 100.00, 0.00, 2.25, 0, 0 
6, 77910, 657551898, 0.00, 100.00, 0.00, 2.25, 0, 0 
7, 77910, 659570009, 0.00, 100.00, 0.00, 2.25, 0, 0 
8, 77910, 661594182, 0.00, 100.00, 0.00, 2.25, 0, 0 
9, 77910, 663613387, 0.00, 100.00, 0.00, 2.25, 0, 0 
0, 77910, 665736449, 0.00, 100.00, 0.00, 2.25, 0, 0 
1, 77910, 667796660, 0.00, 100.00, 0.00, 2.25, 0, 0 
2, 77910, 669868879, 0.00, 100.00, 0.00, 2.25, 0, 0 
3, 77910, 671941737, 0.00, 100.00, 0.00, 2.25, 0, 0 
4, 77910, 674014200, 0.00, 100.00, 0.00, 2.25, 0, 0 
5, 77910, 676079222, 0.00, 100.00, 0.00, 2.25, 0, 0 
6, 77910, 678128254, 0.00, 100.00, 0.00, 2.25, 0, 0 
7, 77910, 680167195, 0.00, 100.00, 0.00, 2.25, 0, 0 
8, 77910, 682191608, 0.00, 100.00, 0.00, 2.25, 0, 0 
9, 77910, 684302343, 0.00, 100.00, 0.00, 2.25, 0, 0 
0, 77910, 686404264, 0.00, 100.00, 0.00, 2.25, 0, 0 
1, 77910, 688480701, 0.00, 100.00, 0.00, 2.25, 0, 0 
2, 77910, 690554389, 0.00, 100.00, 0.00, 2.25, 0, 0 
3, 77910, 692630649, 0.00, 100.00, 0.00, 2.25, 0, 0 
4, 77910, 694705623, 0.00, 100.00, 0.00, 2.25, 0, 0 
5, 77910, 696728718, 0.00, 100.00, 0.00, 2.25, 0, 0 
6, 77910, 698759112, 0.00, 100.00, 0.00, 2.25, 0, 0 
7, 77910, 700793239, 0.00, 100.00, 0.00, 2.25, 0, 0 
8, 77910, 702869234, 0.00, 100.00, 0.00, 2.25, 0, 0 
9, 77910, 704949959, 0.00, 100.00, 0.00, 2.25, 0, 0 
0, 77910, 707067985, 0.00, 100.00, 0.00, 2.25, 0, 0 
1, 77910, 709146260, 0.00, 100.00, 0.00, 2.25, 0, 0 
2, 77910, 711222802, 0.00, 100.00, 0.00, 2.25, 0, 0 
3, 77910, 713303626, 0.00, 100.00, 0.00, 2.25, 0, 0 
4, 77910, 715327047, 0.00, 100.00, 0.00, 2.25, 0, 0 
5, 77910, 717376030, 0.00, 100.00, 0.00, 2.25, 0, 0 
6, 77910, 719424113, 0.00, 100.00, 0.00, 2.25, 0, 0 
7, 77910, 721444938, 0.00, 100.00, 0.00, 2.25, 0, 0 
8, 77910, 723463916, 0.00, 100.00, 0.00, 2.25, 0, 0 
9, 77910, 725484411, 0.00, 100.00, 0.00, 2.25, 0, 0 
0, 77910, 727538454, 0.00, 100.00, 0.00, 2.25, 0, 0 
1, 77910, 729604528, 0.00, 100.00, 0.00, 2.25, 0, 0 
2, 77910, 731639501, 0.00, 100.00, 0.00, 2.25, 0, 0 
3, 77910, 733716439, 0.00, 100.00, 0.00, 2.25, 0, 0 
4, 77910, 735778814, 0.00, 100.00, 0.00, 2.25, 0, 0 
5, 77910, 737852929, 0.00, 100.00, 0.00, 2.25, 0, 0 
6, 77910, 739930907, 0.00, 100.00, 0.00, 2.25, 0, 0 
7, 77910, 741950076, 0.00, 100.00, 0.00, 2.25, 0, 0 
8, 77910, 744034554, 0.00, 100.00, 0.00, 2.25, 0, 0 
9, 77910, 746120085, 0.00, 100.00, 0.00, 2.25, 0, 0 
0, 77910, 748180465, 0.00, 100.00, 0.00, 2.25, 0, 0 
1, 77910, 750268376, 0.00, 100.00, 0.00, 2.25, 0, 0 
2, 77910, 752357793, 0.00, 100.00, 0.00, 2.25, 0, 0 
3, 77910, 754445545, 0.00, 100.00, 0.00, 2.25, 0, 0 
4, 77910, 756538900, 0.00, 100.00, 0.00, 2.25, 0, 0 
5, 77910, 758626908, 0.00, 100.00, 0.00, 2.25, 0, 0 
6, 77910, 760656085, 0.00, 100.00, 0.00, 2.25, 0, 0 
7, 77910, 762764007, 0.00, 100.00, 0.00, 2.25, 0, 0 
8, 77910, 764785684, 0.00, 100.00, 0.00, 2.25, 0, 0 
9, 77910, 766813358, 0.00, 100.00, 0.00, 2.25, 0, 0 
0, 77910, 768874934, 0.00, 100.00, 0.00, 2.25, 0, 0 
1, 77910, 770959803, 0.00, 100.00, 0.00, 2.25, 0, 0 
2, 77910, 773045137, 0.00, 100.00, 0.00, 2.25, 0, 0 
3, 77910, 775129684, 0.00, 100.00, 0.00, 2.25, 0, 0 
4, 77910, 777220928, 0.00, 100.00, 0.00, 2.25, 0, 0 
5, 77910, 779311408, 0.00, 100.00, 0.00, 2.25, 0, 0 
6, 77910, 781371045, 0.00, 100.00, 0.00, 2.25, 0, 0 
7, 77910, 783459135, 0.00, 100.00, 0.00, 2.25, 0, 0 
8, 77910, 785477937, 0.00, 100.00, 0.00, 2.25, 0, 0 
9, 77910, 787494595, 0.00, 100.00, 0.00, 2.25, 0, 0 
0, 77910, 789616154, 0.00, 100.00, 0.00, 2.25, 0, 0 
1, 77910, 791694460, 0.00, 100.00, 0.00, 2.25, 0, 0 
2, 77910, 793786092, 0.00, 100.00, 0.00, 2.25, 0, 0 
3, 77910, 795820762, 0.00, 100.00, 0.00, 2.25, 0, 0 
4, 77910, 797899749, 0.00, 100.00, 0.00, 2.25, 0, 0 
5, 77910, 799954639, 0.00, 100.00, 0.00, 2.25, 0, 0 
6, 77910, 802042232, 0.00, 100.00, 0.00, 2.25, 0, 0 
7, 77910, 804128312, 0.00, 100.00, 0.00, 2.25, 0, 0 
8, 77910, 806209841, 0.00, 100.00, 0.00, 2.25, 0, 0 
9, 77910, 808294019, 0.00, 100.00, 0.00, 2.25, 0, 0 
0, 77910, 810346810, 0.00, 100.00, 0.00, 2.25, 0, 0 
1, 77910, 812367253, 0.00, 100.00, 0.00, 2.25, 0, 0 
2, 77910, 814432374, 0.00, 100.00, 0.00, 2.25, 0, 0 
3, 77910, 816462685, 0.00, 100.00, 0.00, 2.25, 0, 0 
4, 77910, 818553971, 0.00, 100.00, 0.00, 2.25, 0, 0 
5, 77910, 820640794, 0.00, 100.00, 0.00, 2.25, 0, 0 
6, 77910, 822727260, 0.00, 100.00, 0.00, 2.25, 0, 0 
7, 77910, 824794859, 0.00, 100.00, 0.00, 2.25, 0, 0 
8, 77910, 826821563, 0.00, 100.00, 0.00, 2.25, 0, 0 
9, 77910, 828908378, 0.00, 100.00, 0.00, 2.25, 0, 0 
0, 77910, 831040858, 0.00, 100.00, 0.00, 2.25, 0, 0 
1, 77910, 833068947, 0.00, 100.00, 0.00, 2.25, 0, 0 
2, 77910, 835151076, 0.00, 100.00, 0.00, 2.25, 0, 0 
3, 77910, 837232894, 0.00, 100.00, 0.00, 2.25, 0, 0 
4, 77910, 839299791, 0.00, 100.00, 0.00, 2.25, 0, 0 
5, 77910, 841382327, 0.00, 100.00, 0.00, 2.25, 0, 0 
6, 77910, 843464727, 0.00, 100.00, 0.00, 2.25, 0, 0 
7, 77910, 845485452, 0.00, 100.00, 0.00, 2.25, 0, 0 
8, 77910, 847574645, 0.00, 100.00, 0.00, 2.25, 0, 0 
9, 77910, 849672160, 0.00, 100.00, 0.00, 2.25, 0, 0 
0, 77910, 851782777, 0.00, 100.00, 0.00, 2.25, 0, 0 
1, 77910, 853833595, 0.00, 100.00, 0.00, 2.25, 0, 0 
2, 77910, 855907807, 0.00, 100.00, 0.00, 2.25, 0, 0 
3, 77910, 857998129, 0.00, 100.00, 0.00, 2.25, 0, 0 
4, 77910, 860020716, 0.00, 100.00, 0.00, 2.25, 0, 0 
5, 77910, 862108371, 0.00, 100.00, 0.00, 2.25, 0, 0 
6, 77910, 864197537, 0.00, 100.00, 0.00, 2.25, 0, 0 
7, 77910, 866225567, 0.00, 100.00, 0.00, 2.25, 0, 0 
8, 77910, 868250037, 0.00, 100.00, 0.00, 2.25, 0, 0 
9, 77910, 870336327, 0.00, 100.00, 0.00, 2.25, 0, 0 
0, 77910, 872462119, 0.00, 100.00, 0.00, 2.25, 0, 0 
1, 77910, 874480770, 0.00, 100.00, 0.00, 2.25, 0, 0 
2, 77910, 876565161, 0.00, 100.00, 0.00, 2.25, 0, 0 
3, 77910, 878585619, 0.00, 100.00, 0.00, 2.25, 0, 0 
4, 77910, 880675195, 0.00, 100.00, 0.00, 2.25, 0, 0 
5, 77910, 882761526, 0.00, 100.00, 0.00, 2.25, 0, 0 
6, 77910, 884779389, 0.00, 100.00, 0.00, 2.25, 0, 0 
7, 77910, 886800627, 0.00, 100.00, 0.00, 2.25, 0, 0 
8, 77910, 888818443, 0.00, 100.00, 0.00, 2.25, 0, 0 
9, 77910, 890836953, 0.00, 100.00, 0.00, 2.25, 0, 0 
0, 77910, 892969417, 0.00, 100.00, 0.00, 2.25, 0, 0 
1, 77910, 895025631, 0.00, 100.00, 0.00, 2.25, 0, 0 
2, 77910, 897113318, 0.00, 100.00, 0.00, 2.25, 0, 0 
3, 77910, 899134886, 0.00, 100.00, 0.00, 2.25, 0, 0 
4, 77910, 901211604, 0.00, 100.00, 0.00, 2.25, 0, 0 
5, 77910, 903290133, 0.00, 100.00, 0.00, 2.25, 0, 0 
6, 77910, 905371626, 0.00, 100.00, 0.00, 2.25, 0, 0 
7, 77910, 907452622, 0.00, 100.00, 0.00, 2.25, 0, 0 
8, 77910, 909537723, 0.00, 100.00, 0.00, 2.25, 0, 0 
9, 77910, 911625620, 0.00, 100.00, 0.00, 2.25, 0, 0 
0, 77910, 913752174, 0.00, 100.00, 0.00, 2.25, 0, 0 
1, 77910, 915820001, 0.00, 100.00, 0.00, 2.25, 0, 0 
2, 77910, 917843824, 0.00, 100.00, 0.00, 2.25, 0, 0 
3, 77910, 919930569, 0.00, 100.00, 0.00, 2.25, 0, 0 
4, 77910, 922018099, 0.00, 100.00, 0.00, 2.25, 0, 0 
5, 77910, 924107422, 0.00, 100.00, 0.00, 2.25, 0, 0 
6, 77910, 926194287, 0.00, 100.00, 0.00, 2.25, 0, 0 
7, 77910, 928284069, 0.00, 100.00, 0.00, 2.25, 0, 0 
8, 77910, 930370724, 0.00, 100.00, 0.00, 2.25, 0, 0 
9, 77910, 932394876, 0.00, 100.00, 0.00, 2.25, 0, 0 
0, 77910, 934493059, 0.00, 100.00, 0.00, 2.25, 0, 0 
1, 77910, 936580257, 0.00, 100.00, 0.00, 2.25, 0, 0 
2, 77910, 938658930, 0.00, 100.00, 0.00, 2.25, 0, 0 
3, 77910, 940743256, 0.00, 100.00, 0.00, 2.25, 0, 0 
4, 77910, 942761884, 0.00, 100.00, 0.00, 2.25, 0, 0 
5, 77910, 944781362, 0.00, 100.00, 0.00, 2.25, 0, 0 
6, 77910, 946806933, 0.00, 100.00, 0.00, 2.25, 0, 0 
7, 77910, 948832022, 0.00, 100.00, 0.00, 2.25, 0, 0 
8, 77910, 950920626, 0.00, 100.00, 0.00, 2.25, 0, 0 
9, 77910, 953013143, 0.00, 100.00, 0.00, 2.25, 0, 0 
0, 77910, 955139022, 0.00, 100.00, 0.00, 2.25, 0, 0 
1, 77910, 957227633, 0.00, 100.00, 0.00, 2.25, 0, 0 
2, 77910, 959297633, 0.00, 100.00, 0.00, 2.25, 0, 0 
3, 77910, 961362909, 0.00, 100.00, 0.00, 2.25, 0, 0 
4, 77910, 963450850, 0.00, 100.00, 0.00, 2.25, 0, 0 
5, 77910, 965516725, 0.00, 100.00, 0.00, 2.25, 0, 0 
6, 77910, 967538117, 0.00, 100.00, 0.00, 2.25, 0, 0 
7, 77910, 969625153, 0.00, 100.00, 0.00, 2.25, 0, 0 
8, 77910, 971706337, 0.00, 100.00, 0.00, 2.25, 0, 0 
9, 77910, 973788253, 0.00, 100.00, 0.00, 2.25, 0, 0 
0, 77910, 975899640, 0.00, 100.00, 0.00, 2.25, 0, 0 
1, 77910, 977931778, 0.00, 100.00, 0.00, 2.25, 0, 0 
2, 77910, 979957080, 0.00, 100.00, 0.00, 2.25, 0, 0 
3, 77910, 981977582, 0.00, 100.00, 0.00, 2.25, 0, 0 
4, 77910, 983999439, 0.00, 100.00, 0.00, 2.25, 0, 0 
5, 77910, 986017830, 0.00, 100.00, 0.00, 2.25, 0, 0 
6, 77910, 988041452, 0.00, 100.00, 0.00, 2.25, 0, 0 
7, 77910, 990058237, 0.00, 100.00, 0.00, 2.25, 0, 0 
8, 77910, 992072606, 0.00, 100.00, 0.00, 2.25, 0, 0 
9, 77910, 994088648, 0.00, 100.00, 0.00, 2.25, 0, 0 
0, 77910, 996158482, 0.00, 100.00, 0.00, 2.25, 0, 0 
1, 77910, 998243484, 0.00, 100.00, 0.00, 2.25, 0, 0 
2, 77911, 268940, 0.00, 100.00, 0.00, 2.25, 0, 0 
3, 77911, 2286609, 0.00, 100.00, 0.00, 2.25, 0, 0 
4, 77911, 4305952, 0.00, 100.00, 0.00, 2.25, 0, 0 
5, 77911, 6391632, 0.00, 100.00, 0.00, 2.25, 0, 0 
6, 77911, 8423936, 0.00, 100.00, 0.00, 2.25, 0, 0 
7, 77911, 10480182, 0.00, 100.00, 0.00, 2.25, 0, 0 
8, 77911, 12570523, 0.00, 100.00, 0.00, 2.25, 0, 0 
9, 77911, 14614556, 0.00, 100.00, 0.00, 2.25, 0, 0 
0, 77911, 16778879, 0.00, 100.00, 0.00, 2.25, 0, 0 
1, 77911, 18823498, 0.00, 100.00, 0.00, 2.25, 0, 0 
2, 77911, 20908071, 0.00, 100.00, 0.00, 2.25, 0, 0 
3, 77911, 22929821, 0.00, 100.00, 0.00, 2.25, 0, 0 
4, 77911, 25012926, 0.00, 100.00, 0.00, 2.25, 0, 0 
5, 77911, 27114212, 0.00, 100.00, 0.00, 2.25, 0, 0 
6, 77911, 29134566, 0.00, 100.00, 0.00, 2.25, 0, 0 
7, 77911, 31224571, 0.00, 100.00, 0.00, 2.25, 0, 0 
8, 77911, 33312341, 0.00, 100.00, 0.00, 2.25, 0, 0 
9, 77911, 35398407, 0.00, 100.00, 0.00, 2.25, 0, 0 
0, 77911, 37454030, 0.00, 100.00, 0.00, 2.25, 0, 0 
1, 77911, 39471274, 0.00, 100.00, 0.00, 2.25, 0, 0 
2, 77911, 41495802, 0.00, 100.00, 0.00, 2.25, 0, 0 
3, 77911, 43578498, 0.00, 100.00, 0.00, 2.25, 0, 0 
4, 77911, 45644431, 0.00, 100.00, 0.00, 2.25, 0, 0 
5, 77911, 47730838, 0.00, 100.00, 0.00, 2.25, 0, 0 
6, 77911, 49758268, 0.00, 100.00, 0.00, 2.25, 0, 0 
7, 77911, 51843459, 0.00, 100.00, 0.00, 2.25, 0, 0 
8, 77911, 53925884, 0.00, 100.00, 0.00, 2.25, 0, 0 
9, 77911, 56041824, 0.00, 100.00, 0.00, 2.25, 0, 0 
0, 77911, 58157431, 0.00, 100.00, 0.00, 2.25, 0, 0 
1, 77911, 60223316, 0.00, 100.00, 0.00, 2.25, 0, 0 
2, 77911, 62245957, 0.00, 100.00, 0.00, 2.25, 0, 0 
3, 77911, 64265541, 0.00, 100.00, 0.00, 2.25, 0, 0 
4, 77911, 66352852, 0.00, 100.00, 0.00, 2.25, 0, 0 
5, 77911, 68443166, 0.00, 100.00, 0.00, 2.25, 0, 0 
6, 77911, 70532556, 0.00, 100.00, 0.00, 2.25, 0, 0 
7, 77911, 72555812, 0.00, 100.00, 0.00, 2.25, 0, 0 
8, 77911, 74585866, 0.00, 100.00, 0.00, 2.25, 0, 0 
9, 77911, 76608736, 0.00, 100.00, 0.00, 2.25, 0, 0 
0, 77911, 78662602, 0.00, 100.00, 0.00, 2.25, 0, 0 
1, 77911, 80682287, 0.00, 100.00, 0.00, 2.25, 0, 0 
2, 77911, 82748271, 0.00, 100.00, 0.00, 2.25, 0, 0 
3, 77911, 84807673, 0.00, 100.00, 0.00, 2.25, 0, 0 
4, 77911, 86920376, 0.00, 100.00, 0.00, 2.25, 0, 0 
5, 77911, 89005061, 0.00, 100.00, 0.00, 2.25, 0, 0 
6, 77911, 91086923, 0.00, 100.00, 0.00, 2.25, 0, 0 
7, 77911, 93168670, 0.00, 100.00, 0.00, 2.25, 0, 0 
8, 77911, 95239968, 0.00, 100.00, 0.00, 2.25, 0, 0 
9, 77911, 97327693, 0.00, 100.00, 0.00, 2.25, 0, 0 
0, 77911, 99462005, 0.00, 100.00, 0.00, 2.25, 0, 0 
1, 77911, 101548820, 0.00, 100.00, 0.00, 2.25, 0, 0 
2, 77911, 103613551, 0.00, 100.00, 0.00, 2.25, 0, 0 
3, 77911, 105638609, 0.00, 100.00, 0.00, 2.25, 0, 0 
4, 77911, 107739583, 0.00, 100.00, 0.00, 2.25, 0, 0 
5, 77911, 109828927, 0.00, 100.00, 0.00, 2.25, 0, 0 
6, 77911, 111904976, 0.00, 100.00, 0.00, 2.25, 0, 0 
7, 77911, 113997176, 0.00, 100.00, 0.00, 2.25, 0, 0 
8, 77911, 116036208, 0.00, 100.00, 0.00, 2.25, 0, 0 
9, 77911, 118076430, 0.00, 100.00, 0.00, 2.25, 0, 0 
0, 77911, 120151978, 0.00, 100.00, 0.00, 2.25, 0, 0 
1, 77911, 122238750, 0.00, 100.00, 0.00, 2.25, 0, 0 
2, 77911, 124266551, 0.00, 100.00, 0.00, 2.25, 0, 0 
3, 77911, 126285577, 0.00, 100.00, 0.00, 2.25, 0, 0 
4, 77911, 128356620, 0.00, 100.00, 0.00, 2.25, 0, 0 
5, 77911, 130379020, 0.00, 100.00, 0.00, 2.25, 0, 0 
6, 77911, 132473206, 0.00, 100.00, 0.00, 2.25, 0, 0 
7, 77911, 134562751, 0.00, 100.00, 0.00, 2.25, 0, 0 
8, 77911, 136584544, 0.00, 100.00, 0.00, 2.25, 0, 0 
9, 77911, 138610094, 0.00, 100.00, 0.00, 2.25, 0, 0 
0, 77911, 140676391, 0.00, 100.00, 0.00, 2.25, 0, 0 
1, 77911, 142763106, 0.00, 100.00, 0.00, 2.25, 0, 0 
2, 77911, 144849824, 0.00, 100.00, 0.00, 2.25, 0, 0 
3, 77911, 146936633, 0.00, 100.00, 0.00, 2.25, 0, 0 
4, 77911, 148956205, 0.00, 100.00, 0.00, 2.25, 0, 0 
5, 77911, 151048819, 0.00, 100.00, 0.00, 2.25, 0, 0 
6, 77911, 153128544, 0.00, 100.00, 0.00, 2.25, 0, 0 
7, 77911, 155146160, 0.00, 100.00, 0.00, 2.25, 0, 0 
8, 77911, 157163459, 0.00, 100.00, 0.00, 2.25, 0, 0 
9, 77911, 159245221, 0.00, 100.00, 0.00, 2.25, 0, 0 
0, 77911, 161319893, 0.00, 100.00, 0.00, 2.25, 0, 0 
1, 77911, 163340611, 0.00, 100.00, 0.00, 2.25, 0, 0 
2, 77911, 165358378, 0.00, 100.00, 0.00, 2.25, 0, 0 
3, 77911, 167380299, 0.00, 100.00, 0.00, 2.25, 0, 0 
4, 77911, 169407730, 0.00, 100.00, 0.00, 2.25, 0, 0 
5, 77911, 171433063, 0.00, 100.00, 0.00, 2.25, 0, 0 
6, 77911, 173450545, 0.00, 100.00, 0.00, 2.25, 0, 0 
7, 77911, 175519637, 0.00, 100.00, 0.00, 2.25, 0, 0 
8, 77911, 177541835, 0.00, 100.00, 0.00, 2.25, 0, 0 
9, 77911, 179628117, 0.00, 100.00, 0.00, 2.25, 0, 0 
0, 77911, 181735273, 0.00, 100.00, 0.00, 2.25, 0, 0 
1, 77911, 183761070, 0.00, 100.00, 0.00, 2.25, 0, 0 
2, 77911, 185843210, 0.00, 100.00, 0.00, 2.25, 0, 0 
3, 77911, 187926837, 0.00, 100.00, 0.00, 2.25, 0, 0 
4, 77911, 190008497, 0.00, 100.00, 0.00, 2.25, 0, 0 
5, 77911, 192092381, 0.00, 100.00, 0.00, 2.25, 0, 0 
6, 77911, 194173304, 0.00, 100.00, 0.00, 2.25, 0, 0 
7, 77911, 196245494, 0.00, 100.00, 0.00, 2.25, 0, 0 
8, 77911, 198329754, 0.00, 100.00, 0.00, 2.25, 0, 0 
9, 77911, 200352944, 0.00, 100.00, 0.00, 2.25, 0, 0 
0, 77911, 202424481, 0.00, 100.00, 0.00, 2.25, 0, 0 
1, 77911, 204511903, 0.00, 100.00, 0.00, 2.25, 0, 0 
2, 77911, 206600669, 0.00, 100.00, 0.00, 2.25, 0, 0 
3, 77911, 208622756, 0.00, 100.00, 0.00, 2.25, 0, 0 
4, 77911, 210638522, 0.00, 100.00, 0.00, 2.25, 0, 0 
5, 77911, 212727800, 0.00, 100.00, 0.00, 2.25, 0, 0 
6, 77911, 214818326, 0.00, 100.00, 0.00, 2.25, 0, 0 
7, 77911, 216840704, 0.00, 100.00, 0.00, 2.25, 0, 0 
8, 77911, 218861837, 0.00, 100.00, 0.00, 2.25, 0, 0 
9, 77911, 220946768, 0.00, 100.00, 0.00, 2.25, 0, 0 
0, 77911, 223009231, 0.00, 100.00, 0.00, 2.25, 0, 0 
1, 77911, 225095458, 0.00, 100.00, 0.00, 2.25, 0, 0 
2, 77911, 227199208, 0.00, 100.00, 0.00, 2.25, 0, 0 
3, 77911, 229221120, 0.00, 100.00, 0.00, 2.25, 0, 0 
4, 77911, 231287430, 0.00, 100.00, 0.00, 2.25, 0, 0 
5, 77911, 233308477, 0.00, 100.00, 0.00, 2.25, 0, 0 
6, 77911, 235330620, 0.00, 100.00, 0.00, 2.25, 0, 0 
7, 77911, 237420978, 0.00, 100.00, 0.00, 2.25, 0, 0 
8, 77911, 239510458, 0.00, 100.00, 0.00, 2.25, 0, 0 
9, 77911, 241594118, 0.00, 100.00, 0.00, 2.25, 0, 0 
0, 77911, 243637750, 0.00, 100.00, 0.00, 2.25, 0, 0 
1, 77911, 245707759, 0.00, 100.00, 0.00, 2.25, 0, 0 
2, 77911, 247799821, 0.00, 100.00, 0.00, 2.25, 0, 0 
3, 77911, 249822011, 0.00, 100.00, 0.00, 2.25, 0, 0 
4, 77911, 251928003, 0.00, 100.00, 0.00, 2.25, 0, 0 
5, 77911, 254010525, 0.00, 100.00, 0.00, 2.25, 0, 0 
6, 77911, 256117640, 0.00, 100.00, 0.00, 2.25, 0, 0 
7, 77911, 258201431, 0.00, 100.00, 0.00, 2.25, 0, 0 
8, 77911, 260284097, 0.00, 100.00, 0.00, 2.25, 0, 0 
9, 77911, 262305452, 0.00, 100.00, 0.00, 2.25, 0, 0 
0, 77911, 264410847, 0.00, 100.00, 0.00, 2.25, 0, 0 
1, 77911, 266442968, 0.00, 100.00, 0.00, 2.25, 0, 0 
2, 77911, 268528327, 0.00, 100.00, 0.00, 2.25, 0, 0 
3, 77911, 270607176, 0.00, 100.00, 0.00, 2.25, 0, 0 
4, 77911, 272691228, 0.00, 100.00, 0.00, 2.25, 0, 0 
5, 77911, 274709488, 0.00, 100.00, 0.00, 2.25, 0, 0 
6, 77911, 276794288, 0.00, 100.00, 0.00, 2.25, 0, 0 
7, 77911, 278822806, 0.00, 100.00, 0.00, 2.25, 0, 0 
8, 77911, 280910776, 0.00, 100.00, 0.00, 2.25, 0, 0 
9, 77911, 282928786, 0.00, 100.00, 0.00, 2.25, 0, 0 
0, 77911, 285054270, 0.00, 100.00, 0.00, 2.25, 0, 0 
1, 77911, 287140538, 0.00, 100.00, 0.00, 2.25, 0, 0 
2, 77911, 289229863, 0.00, 100.00, 0.00, 2.25, 0, 0 
3, 77911, 291319937, 0.00, 100.00, 0.00, 2.25, 0, 0 
4, 77911, 293341355, 0.00, 100.00, 0.00, 2.25, 0, 0 
5, 77911, 295363969, 0.00, 100.00, 0.00, 2.25, 0, 0 
6, 77911, 297386441, 0.00, 100.00, 0.00, 2.25, 0, 0 
7, 77911, 299407705, 0.00, 100.00, 0.00, 2.25, 0, 0 
8, 77911, 301429322, 0.00, 100.00, 0.00, 2.25, 0, 0 
9, 77911, 303511495, 0.00, 100.00, 0.00, 2.25, 0, 0 
0, 77911, 305667940, 0.00, 100.00, 0.00, 2.25, 0, 0 
1, 77911, 307734566, 0.00, 100.00, 0.00, 2.25, 0, 0 
2, 77911, 309813640, 0.00, 100.00, 0.00, 2.25, 0, 0 
3, 77911, 311831235, 0.00, 100.00, 0.00, 2.25, 0, 0 
4, 77911, 313904358, 0.00, 100.00, 0.00, 2.25, 0, 0 
5, 77911, 316035261, 0.00, 100.00, 0.00, 2.25, 0, 0 
6, 77911, 318122075, 0.00, 100.00, 0.00, 2.25, 0, 0 
7, 77911, 320213755, 0.00, 100.00, 0.00, 2.25, 0, 0 
8, 77911, 322301162, 0.00, 100.00, 0.00, 2.25, 0, 0 
9, 77911, 324325589, 0.00, 100.00, 0.00, 2.25, 0, 0 
0, 77911, 326449900, 0.00, 100.00, 0.00, 2.25, 0, 0 
1, 77911, 328541015, 0.00, 100.00, 0.00, 2.25, 0, 0 
2, 77911, 330558082, 0.00, 100.00, 0.00, 2.25, 0, 0 
3, 77911, 332618605, 0.00, 100.00, 0.00, 2.25, 0, 0 
4, 77911, 334678299, 0.00, 100.00, 0.00, 2.25, 0, 0 
5, 77911, 336760026, 0.00, 100.00, 0.00, 2.25, 0, 0 
6, 77911, 338843998, 0.00, 100.00, 0.00, 2.25, 0, 0 
7, 77911, 340930902, 0.00, 100.00, 0.00, 2.25, 0, 0 
8, 77911, 343013074, 0.00, 100.00, 0.00, 2.25, 0, 0 
9, 77911, 345070859, 0.00, 100.00, 0.00, 2.25, 0, 0 
0, 77911, 347207919, 0.00, 100.00, 0.00, 2.25, 0, 0 
1, 77911, 349297886, 0.00, 100.00, 0.00, 2.25, 0, 0 
2, 77911, 351316434, 0.00, 100.00, 0.00, 2.25, 0, 0 
3, 77911, 353403621, 0.00, 100.00, 0.00, 2.25, 0, 0 
4, 77911, 355433734, 0.00, 100.00, 0.00, 2.25, 0, 0 
5, 77911, 357464050, 0.00, 100.00, 0.00, 2.25, 0, 0 
6, 77911, 359551081, 0.00, 100.00, 0.00, 2.25, 0, 0 
7, 77911, 361638199, 0.00, 100.00, 0.00, 2.25, 0, 0 
8, 77911, 363727891, 0.00, 100.00, 0.00, 2.25, 0, 0 
9, 77911, 365794772, 0.00, 100.00, 0.00, 2.25, 0, 0 
0, 77911, 367972137, 0.00, 100.00, 0.00, 2.25, 0, 0 
1, 77911, 370038544, 0.00, 100.00, 0.00, 2.25, 0, 0 
2, 77911, 372059420, 0.00, 100.00, 0.00, 2.25, 0, 0 
3, 77911, 374144872, 0.00, 100.00, 0.00, 2.25, 0, 0 
4, 77911, 376229533, 0.00, 100.00, 0.00, 2.25, 0, 0 
5, 77911, 378317163, 0.00, 100.00, 0.00, 2.25, 0, 0 
6, 77911, 380405916, 0.00, 100.00, 0.00, 2.25, 0, 0 
7, 77911, 382493592, 0.00, 100.00, 0.00, 2.25, 0, 0 
8, 77911, 384586538, 0.00, 100.00, 0.00, 2.25, 0, 0 
9, 77911, 386609241, 0.00, 100.00, 0.00, 2.25, 0, 0 
0, 77911, 388736852, 0.00, 100.00, 0.00, 2.25, 0, 0 
1, 77911, 390832013, 0.00, 100.00, 0.00, 2.25, 0, 0 
2, 77911, 392923924, 0.00, 100.00, 0.00, 2.25, 0, 0 
3, 77911, 395011493, 0.00, 100.00, 0.00, 2.25, 0, 0 
4, 77911, 397102869, 0.00, 100.00, 0.00, 2.25, 0, 0 
5, 77911, 399126869, 0.00, 100.00, 0.00, 2.25, 0, 0 
6, 77911, 401163366, 0.00, 100.00, 0.00, 2.25, 0, 0 
7, 77911, 403186027, 0.00, 100.00, 0.00, 2.25, 0, 0 
8, 77911, 405269824, 0.00, 100.00, 0.00, 2.25, 0, 0 
9, 77911, 407351467, 0.00, 100.00, 0.00, 2.25, 0, 0 
0, 77911, 409481117, 0.00, 100.00, 0.00, 2.25, 0, 0 
1, 77911, 411562894, 0.00, 100.00, 0.00, 2.25, 0, 0 
2, 77911, 413584986, 0.00, 100.00, 0.00, 2.25, 0, 0 
3, 77911, 415601295, 0.00, 100.00, 0.00, 2.25, 0, 0 
4, 77911, 417617966, 0.00, 100.00, 0.00, 2.25, 0, 0 
5, 77911, 419648075, 0.00, 100.00, 0.00, 2.25, 0, 0 
6, 77911, 421671565, 0.00, 100.00, 0.00, 2.25, 0, 0 
7, 77911, 423757385, 0.00, 100.00, 0.00, 2.25, 0, 0 
8, 77911, 425847992, 0.00, 100.00, 0.00, 2.25, 0, 0 
9, 77911, 427938675, 0.00, 100.00, 0.00, 2.25, 0, 0 
0, 77911, 430062670, 0.00, 100.00, 0.00, 2.25, 0, 0 
1, 77911, 432086393, 0.00, 100.00, 0.00, 2.25, 0, 0 
2, 77911, 434170165, 0.00, 100.00, 0.00, 2.25, 0, 0 
3, 77911, 436238486, 0.00, 100.00, 0.00, 2.25, 0, 0 
4, 77911, 438351630, 0.00, 100.00, 0.00, 2.25, 0, 0 
5, 77911, 440441809, 0.00, 100.00, 0.00, 2.25, 0, 0 
6, 77911, 442462220, 0.00, 100.00, 0.00, 2.25, 0, 0 
7, 77911, 444481582, 0.00, 100.00, 0.00, 2.25, 0, 0 
8, 77911, 446575882, 0.00, 100.00, 0.00, 2.25, 0, 0 
9, 77911, 448596743, 0.00, 100.00, 0.00, 2.25, 0, 0 
0, 77911, 450680777, 0.00, 100.00, 0.00, 2.25, 0, 0 
1, 77911, 452705035, 0.00, 100.00, 0.00, 2.25, 0, 0 
2, 77911, 454727978, 0.00, 100.00, 0.00, 2.25, 0, 0 
3, 77911, 456761433, 0.00, 100.00, 0.00, 2.25, 0, 0 
4, 77911, 458853285, 0.00, 100.00, 0.00, 2.25, 0, 0 
5, 77911, 460945097, 0.00, 100.00, 0.00, 2.25, 0, 0 
6, 77911, 463037815, 0.00, 100.00, 0.00, 2.25, 0, 0 
7, 77911, 465060214, 0.00, 100.00, 0.00, 2.25, 0, 0 
8, 77911, 467128991, 0.00, 100.00, 0.00, 2.25, 0, 0 
9, 77911, 469217778, 0.00, 100.00, 0.00, 2.25, 0, 0 
0, 77911, 471352696, 0.00, 100.00, 0.00, 2.25, 0, 0 
1, 77911, 473372559, 0.00, 100.00, 0.00, 2.25, 0, 0 
2, 77911, 475390877, 0.00, 100.00, 0.00, 2.25, 0, 0 
3, 77911, 477479196, 0.00, 100.00, 0.00, 2.25, 0, 0 
4, 77911, 479512044, 0.00, 100.00, 0.00, 2.25, 0, 0 
5, 77911, 481533048, 0.00, 100.00, 0.00, 2.25, 0, 0 
6, 77911, 483557382, 0.00, 100.00, 0.00, 2.25, 0, 0 
7, 77911, 485594207, 0.00, 100.00, 0.00, 2.25, 0, 0 
8, 77911, 487684718, 0.00, 100.00, 0.00, 2.25, 0, 0 
9, 77911, 489705701, 0.00, 100.00, 0.00, 2.25, 0, 0 
0, 77911, 491820107, 0.00, 100.00, 0.00, 2.25, 0, 0 
1, 77911, 493912488, 0.00, 100.00, 0.00, 2.25, 0, 0 
2, 77911, 495942441, 0.00, 100.00, 0.00, 2.25, 0, 0 
3, 77911, 498031758, 0.00, 100.00, 0.00, 2.25, 0, 0 
4, 77911, 500104044, 0.00, 100.00, 0.00, 2.25, 0, 0 
5, 77911, 502197483, 0.00, 100.00, 0.00, 2.25, 0, 0 
6, 77911, 504309493, 0.00, 100.00, 0.00, 2.25, 0, 0 
7, 77911, 506393664, 0.00, 100.00, 0.00, 2.25, 0, 0 
8, 77911, 508480494, 0.00, 100.00, 0.00, 2.25, 0, 0 
9, 77911, 510566036, 0.00, 100.00, 0.00, 2.25, 0, 0 
0, 77911, 512658935, 0.00, 100.00, 0.00, 2.25, 0, 0 
1, 77911, 514692518, 0.00, 100.00, 0.00, 2.25, 0, 0 
2, 77911, 516718169, 0.00, 100.00, 0.00, 2.25, 0, 0 
3, 77911, 518777447, 0.00, 100.00, 0.00, 2.25, 0, 0 
4, 77911, 520870822, 0.00, 100.00, 0.00, 2.25, 0, 0 
5, 77911, 522955729, 0.00, 100.00, 0.00, 2.25, 0, 0 
6, 77911, 525042415, 0.00, 100.00, 0.00, 2.25, 0, 0 
7, 77911, 527130306, 0.00, 100.00, 0.00, 2.25, 0, 0 
8, 77911, 529154722, 0.00, 100.00, 0.00, 2.25, 0, 0 
9, 77911, 531245549, 0.00, 100.00, 0.00, 2.25, 0, 0 
0, 77911, 533373191, 0.00, 100.00, 0.00, 2.25, 0, 0 
1, 77911, 535463455, 0.00, 100.00, 0.00, 2.25, 0, 0 
2, 77911, 537542332, 0.00, 100.00, 0.00, 2.25, 0, 0 
3, 77911, 539631230, 0.00, 100.00, 0.00, 2.25, 0, 0 
4, 77911, 541724484, 0.00, 100.00, 0.00, 2.25, 0, 0 
5, 77911, 543755493, 0.00, 100.00, 0.00, 2.25, 0, 0 
6, 77911, 545785322, 0.00, 100.00, 0.00, 2.25, 0, 0 
7, 77911, 547877660, 0.00, 100.00, 0.00, 2.25, 0, 0 
8, 77911, 549930072, 0.00, 100.00, 0.00, 2.25, 0, 0 
9, 77911, 551954166, 0.00, 100.00, 0.00, 2.25, 0, 0 
0, 77911, 554088439, 0.00, 100.00, 0.00, 2.25, 0, 0 
1, 77911, 556198948, 0.00, 100.00, 0.00, 2.25, 0, 0 
2, 77911, 558217690, 0.00, 100.00, 0.00, 2.25, 0, 0 
3, 77911, 560238678, 0.00, 100.00, 0.00, 2.25, 0, 0 
4, 77911, 562331639, 0.00, 100.00, 0.00, 2.25, 0, 0 
5, 77911, 564428691, 0.00, 100.00, 0.00, 2.25, 0, 0 
6, 77911, 566524337, 0.00, 100.00, 0.00, 2.25, 0, 0 
7, 77911, 568618822, 0.00, 100.00, 0.00, 2.25, 0, 0 
8, 77911, 570712818, 0.00, 100.00, 0.00, 2.25, 0, 0 
9, 77911, 572809807, 0.00, 100.00, 0.00, 2.25, 0, 0 
0, 77911, 574887797, 0.00, 100.00, 0.00, 2.25, 0, 0 
1, 77911, 576960134, 0.00, 100.00, 0.00, 2.25, 0, 0 
2, 77911, 579101880, 0.00, 100.00, 0.00, 2.25, 0, 0 
3, 77911, 581190384, 0.00, 100.00, 0.00, 2.25, 0, 0 
4, 77911, 583216119, 0.00, 100.00, 0.00, 2.25, 0, 0 
5, 77911, 585241240, 0.00, 100.00, 0.00, 2.25, 0, 0 
6, 77911, 587324813, 0.00, 100.00, 0.00, 2.25, 0, 0 
7, 77911, 589410465, 0.00, 100.00, 0.00, 2.25, 0, 0 
8, 77911, 591496328, 0.00, 100.00, 0.00, 2.25, 0, 0 
9, 77911, 593583845, 0.00, 100.00, 0.00, 2.25, 0, 0 
0, 77911, 595712266, 0.00, 100.00, 0.00, 2.25, 0, 0 
1, 77911, 597792460, 0.00, 100.00, 0.00, 2.25, 0, 0 
2, 77911, 599884631, 0.00, 100.00, 0.00, 2.25, 0, 0 
3, 77911, 601975574, 0.00, 100.00, 0.00, 2.25, 0, 0 
4, 77911, 604074210, 0.00, 100.00, 0.00, 2.25, 0, 0 
5, 77911, 606165292, 0.00, 100.00, 0.00, 2.25, 0, 0 
6, 77911, 608197907, 0.00, 100.00, 0.00, 2.25, 0, 0 
7, 77911, 610229353, 0.00, 100.00, 0.00, 2.25, 0, 0 
8, 77911, 612323282, 0.00, 100.00, 0.00, 2.25, 0, 0 
9, 77911, 614437453, 0.00, 100.00, 0.00, 2.25, 0, 0 
0, 77911, 616555370, 0.00, 100.00, 0.00, 2.25, 0, 0 
1, 77911, 618577969, 0.00, 100.00, 0.00, 2.25, 0, 0 
2, 77911, 620668632, 0.00, 100.00, 0.00, 2.25, 0, 0 
3, 77911, 622689938, 0.00, 100.00, 0.00, 2.25, 0, 0 
4, 77911, 624713622, 0.00, 100.00, 0.00, 2.25, 0, 0 
5, 77911, 626734824, 0.00, 100.00, 0.00, 2.25, 0, 0 
6, 77911, 628754527, 0.00, 100.00, 0.00, 2.25, 0, 0 
7, 77911, 630810882, 0.00, 100.00, 0.00, 2.25, 0, 0 
8, 77911, 632902135, 0.00, 100.00, 0.00, 2.25, 0, 0 
9, 77911, 634995808, 0.00, 100.00, 0.00, 2.25, 0, 0 
0, 77911, 637133461, 0.00, 100.00, 0.00, 2.25, 0, 0 
1, 77911, 639156928, 0.00, 100.00, 0.00, 2.25, 0, 0 
2, 77911, 641191288, 0.00, 100.00, 0.00, 2.25, 0, 0 
3, 77911, 643271147, 0.00, 100.00, 0.00, 2.25, 0, 0 
4, 77911, 645362605, 0.00, 100.00, 0.00, 2.25, 0, 0 
5, 77911, 647443325, 0.00, 100.00, 0.00, 2.25, 0, 0 
6, 77911, 649479204, 0.00, 100.00, 0.00, 2.25, 0, 0 
7, 77911, 651571213, 0.00, 100.00, 0.00, 2.25, 0, 0 
8, 77911, 653679585, 0.00, 100.00, 0.00, 2.25, 0, 0 
9, 77911, 655746127, 0.00, 100.00, 0.00, 2.25, 0, 0 
0, 77911, 657880256, 0.00, 100.00, 0.00, 2.25, 0, 0 
1, 77911, 659966191, 0.00, 100.00, 0.00, 2.25, 0, 0 
2, 77911, 662054611, 0.00, 100.00, 0.00, 2.25, 0, 0 
3, 77911, 664149616, 0.00, 100.00, 0.00, 2.25, 0, 0 
4, 77911, 666241359, 0.00, 100.00, 0.00, 2.25, 0, 0 
5, 77911, 668336132, 0.00, 100.00, 0.00, 2.25, 0, 0 
6, 77911, 670358813, 0.00, 100.00, 0.00, 2.25, 0, 0 
7, 77911, 672386174, 0.00, 100.00, 0.00, 2.25, 0, 0 
8, 77911, 674477817, 0.00, 100.00, 0.00, 2.25, 0, 0 
9, 77911, 676502651, 0.00, 100.00, 0.00, 2.25, 0, 0 
0, 77911, 678555100, 0.00, 100.00, 0.00, 2.25, 0, 0 
1, 77911, 680652159, 0.00, 100.00, 0.00, 2.25, 0, 0 
2, 77911, 682674321, 0.00, 100.00, 0.00, 2.25, 0, 0 
3, 77911, 684712348, 0.00, 100.00, 0.00, 2.25, 0, 0 
4, 77911, 686801481, 0.00, 100.00, 0.00, 2.25, 0, 0 
5, 77911, 688918451, 0.00, 100.00, 0.00, 2.25, 0, 0 
6, 77911, 690939647, 0.00, 100.00, 0.00, 2.25, 0, 0 
7, 77911, 692962348, 0.00, 100.00, 0.00, 2.25, 0, 0 
8, 77911, 694980113, 0.00, 100.00, 0.00, 2.25, 0, 0 
9, 77911, 697074892, 0.00, 100.00, 0.00, 2.25, 0, 0 
0, 77911, 699205992, 0.00, 100.00, 0.00, 2.25, 0, 0 
1, 77911, 701230064, 0.00, 100.00, 0.00, 2.25, 0, 0 
2, 77911, 703254232, 0.00, 100.00, 0.00, 2.25, 0, 0 
3, 77911, 705344430, 0.00, 100.00, 0.00, 2.25, 0, 0 
4, 77911, 707424041, 0.00, 100.00, 0.00, 2.25, 0, 0 
5, 77911, 709514748, 0.00, 100.00, 0.00, 2.25, 0, 0 
6, 77911, 711607545, 0.00, 100.00, 0.00, 2.25, 0, 0 
7, 77911, 713628518, 0.00, 100.00, 0.00, 2.25, 0, 0 
8, 77911, 715645774, 0.00, 100.00, 0.00, 2.25, 0, 0 
9, 77911, 717672140, 0.00, 100.00, 0.00, 2.25, 0, 0 
0, 77911, 719778440, 0.00, 100.00, 0.00, 2.25, 0, 0 
1, 77911, 721859169, 0.00, 100.00, 0.00, 2.25, 0, 0 
2, 77911, 723945695, 0.00, 100.00, 0.00, 2.25, 0, 0 
3, 77911, 726032597, 0.00, 100.00, 0.00, 2.25, 0, 0 
4, 77911, 728123652, 0.00, 100.00, 0.00, 2.25, 0, 0 
5, 77911, 730253099, 0.00, 100.00, 0.00, 2.25, 0, 0 
6, 77911, 732281342, 0.00, 100.00, 0.00, 2.25, 0, 0 
7, 77911, 734315847, 0.00, 100.00, 0.00, 2.25, 0, 0 
8, 77911, 736410399, 0.00, 100.00, 0.00, 2.25, 0, 0 
9, 77911, 738502016, 0.00, 100.00, 0.00, 2.25, 0, 0 
0, 77911, 740565055, 0.00, 100.00, 0.00, 2.25, 0, 0 
1, 77911, 742656713, 0.00, 100.00, 0.00, 2.25, 0, 0 
2, 77911, 744754209, 0.00, 100.00, 0.00, 2.25, 0, 0 
3, 77911, 746845014, 0.00, 100.00, 0.00, 2.25, 0, 0 
4, 77911, 748871923, 0.00, 100.00, 0.00, 2.25, 0, 0 
5, 77911, 750946097, 0.00, 100.00, 0.00, 2.25, 0, 0 
6, 77911, 753018417, 0.00, 100.00, 0.00, 2.25, 0, 0 
7, 77911, 755093308, 0.00, 100.00, 0.00, 2.25, 0, 0 
8, 77911, 757179717, 0.00, 100.00, 0.00, 2.25, 0, 0 
9, 77911, 759265192, 0.00, 100.00, 0.00, 2.25, 0, 0 
0, 77911, 761388099, 0.00, 100.00, 0.00, 2.25, 0, 0 
1, 77911, 763420540, 0.00, 100.00, 0.00, 2.25, 0, 0 
2, 77911, 765445441, 0.00, 100.00, 0.00, 2.25, 0, 0 
3, 77911, 767540495, 0.00, 100.00, 0.00, 2.25, 0, 0 
4, 77911, 769631967, 0.00, 100.00, 0.00, 2.25, 0, 0 
5, 77911, 771722900, 0.00, 100.00, 0.00, 2.25, 0, 0 
6, 77911, 773815786, 0.00, 100.00, 0.00, 2.25, 0, 0 
7, 77911, 775840129, 0.00, 100.00, 0.00, 2.25, 0, 0 
8, 77911, 777960370, 0.00, 100.00, 0.00, 2.25, 0, 0 
9, 77911, 780060098, 0.00, 100.00, 0.00, 2.25, 0, 0 
0, 77911, 782234000, 0.00, 100.00, 0.00, 2.25, 0, 0 
1, 77911, 784266872, 0.00, 100.00, 0.00, 2.25, 0, 0 
2, 77911, 786327690, 0.00, 100.00, 0.00, 2.25, 0, 0 
3, 77911, 788393065, 0.00, 100.00, 0.00, 2.25, 0, 0 
4, 77911, 790411537, 0.00, 100.00, 0.00, 2.25, 0, 0 
5, 77911, 792428585, 0.00, 100.00, 0.00, 2.25, 0, 0 
6, 77911, 794446659, 0.00, 100.00, 0.00, 2.25, 0, 0 
7, 77911, 796474662, 0.00, 100.00, 0.00, 2.25, 0, 0 
8, 77911, 798539597, 0.00, 100.00, 0.00, 2.25, 0, 0 
9, 77911, 800605771, 0.00, 100.00, 0.00, 2.25, 0, 0 
0, 77911, 802720237, 0.00, 100.00, 0.00, 2.25, 0, 0 
1, 77911, 804748889, 0.00, 100.00, 0.00, 2.25, 0, 0 
2, 77911, 806836842, 0.00, 100.00, 0.00, 2.25, 0, 0 
3, 77911, 808927670, 0.00, 100.00, 0.00, 2.25, 0, 0 
4, 77911, 811016570, 0.00, 100.00, 0.00, 2.25, 0, 0 
5, 77911, 813103992, 0.00, 100.00, 0.00, 2.25, 0, 0 
6, 77911, 815199024, 0.00, 100.00, 0.00, 2.25, 0, 0 
7, 77911, 817229400, 0.00, 100.00, 0.00, 2.25, 0, 0 
8, 77911, 819293623, 0.00, 100.00, 0.00, 2.25, 0, 0 
9, 77911, 821378746, 0.00, 100.00, 0.00, 2.25, 0, 0 
0, 77911, 823493643, 0.00, 100.00, 0.00, 2.25, 0, 0 
1, 77911, 825560861, 0.00, 100.00, 0.00, 2.25, 0, 0 
2, 77911, 827584379, 0.00, 100.00, 0.00, 2.25, 0, 0 
3, 77911, 829607421, 0.00, 100.00, 0.00, 2.25, 0, 0 
4, 77911, 831699098, 0.00, 100.00, 0.00, 2.25, 0, 0 
5, 77911, 833740873, 0.00, 100.00, 0.00, 2.25, 0, 0 
6, 77911, 835816913, 0.00, 100.00, 0.00, 2.25, 0, 0 
7, 77911, 837882794, 0.00, 100.00, 0.00, 2.25, 0, 0 
8, 77911, 839943996, 0.00, 100.00, 0.00, 2.25, 0, 0 
9, 77911, 842026686, 0.00, 100.00, 0.00, 2.25, 0, 0 
