Wed Nov 28 16:03:12 2018
Controller Frequency: 1.00 kHz
Time(s), Time(ns), x, v, f, xdes, vdes, cmd, LSB, LSF
83333, 604640874, 0.000, 0.000, -454.981, 250.000, 0.000, 2.350, 0, 0 
83333, 606339240, 0.000, 0.000, -454.981, 250.000, 0.000, 2.350, 0, 0 
83333, 607447213, 0.000, 0.000, -454.967, 250.000, 0.000, 2.350, 0, 0 
83333, 608639937, 0.000, 0.000, -454.994, 250.000, 0.000, 2.350, 0, 0 
83333, 610035756, 0.000, 0.000, -454.967, 250.000, 0.000, 2.350, 0, 0 
83333, 611242389, 0.000, 0.000, -454.981, 250.000, 0.000, 2.350, 0, 0 
83333, 612313630, 0.000, 0.000, -454.981, 250.000, 0.000, 2.350, 0, 0 
83333, 613333534, 0.000, 0.000, -454.981, 250.000, 0.000, 2.350, 0, 0 
83333, 614353063, 0.000, 0.000, -454.981, 250.000, 0.000, 2.350, 0, 0 
83333, 615372602, 0.000, 0.000, -454.981, 250.000, 0.000, 2.350, 0, 0 
83333, 616443814, 0.000, 0.000, -454.981, 250.000, 0.000, 2.350, 0, 0 
83333, 617463583, 0.000, 0.000, -454.994, 250.000, 0.000, 2.350, 0, 0 
83333, 618488072, 0.000, 0.000, -454.981, 250.000, 0.000, 2.350, 0, 0 
83333, 619598331, 0.000, 0.000, -454.981, 250.000, 0.000, 2.350, 0, 0 
83333, 620713358, 0.000, 0.000, -454.967, 250.000, 0.000, 2.350, 0, 0 
83333, 621889436, 0.000, 0.000, -454.981, 250.000, 0.000, 2.350, 0, 0 
83333, 623145133, 0.000, 0.000, -454.981, 250.000, 0.000, 2.350, 0, 0 
83333, 624689157, 0.000, 0.000, -454.981, 250.000, 0.000, 2.350, 0, 0 
83333, 625901086, 0.000, 0.000, -454.981, 250.000, 0.000, 2.350, 0, 0 
83333, 627094728, 0.000, 0.000, -454.994, 250.000, 0.000, 2.350, 0, 0 
83333, 628301749, 0.000, 0.000, -454.981, 250.000, 0.000, 2.350, 0, 0 
83333, 629410369, 0.000, 0.000, -454.981, 250.000, 0.000, 2.350, 0, 0 
83333, 630524249, 0.000, 0.000, -454.981, 250.000, 0.000, 2.350, 0, 0 
83333, 631544784, 0.000, 0.000, -454.994, 250.000, 0.000, 2.350, 0, 0 
83333, 632566176, 0.000, 0.000, -454.953, 250.000, 0.000, 2.350, 0, 0 
83333, 633587558, 0.000, 0.000, -454.981, 250.000, 0.000, 2.350, 0, 0 
83333, 634608478, 0.000, 0.000, -454.981, 250.000, 0.000, 2.350, 0, 0 
83333, 635635478, 0.000, 0.000, -454.981, 250.000, 0.000, 2.350, 0, 0 
83333, 636653108, 0.000, 0.000, -454.967, 250.000, 0.000, 2.350, 0, 0 
83333, 637672078, 0.000, 0.000, -454.967, 250.000, 0.000, 2.350, 0, 0 
83333, 638735614, 0.000, 0.000, -454.981, 250.000, 0.000, 2.350, 0, 0 
83333, 639756798, 0.000, 0.000, -454.981, 250.000, 0.000, 2.350, 0, 0 
83333, 640780224, 0.000, 0.000, -454.981, 250.000, 0.000, 2.350, 0, 0 
83333, 641803898, 0.000, 0.000, -454.994, 250.000, 0.000, 2.350, 0, 0 
83333, 642822523, 0.000, 0.000, -454.981, 250.000, 0.000, 2.350, 0, 0 
83333, 643841225, 0.000, 0.000, -454.994, 250.000, 0.000, 2.350, 0, 0 
83333, 644858427, 0.000, 0.000, -454.967, 250.000, 0.000, 2.350, 0, 0 
83333, 645882035, 0.000, 0.000, -454.981, 250.000, 0.000, 2.350, 0, 0 
83333, 646898937, 0.000, 0.000, -454.994, 250.000, 0.000, 2.350, 0, 0 
83333, 647973243, 0.000, 0.000, -454.967, 250.000, 0.000, 2.350, 0, 0 
83333, 649035168, 0.000, 0.000, -454.981, 250.000, 0.000, 2.350, 0, 0 
83333, 650057683, 0.000, 0.000, -454.981, 250.000, 0.000, 2.350, 0, 0 
83333, 651109339, 0.000, 0.000, -454.981, 250.000, 0.000, 2.350, 0, 0 
83333, 652130766, 0.000, 0.000, -454.981, 250.000, 0.000, 2.350, 0, 0 
83333, 653149833, 0.000, 0.000, -454.994, 250.000, 0.000, 2.350, 0, 0 
83333, 654166455, 0.000, 0.000, -454.967, 250.000, 0.000, 2.350, 0, 0 
83333, 655183766, 0.000, 0.000, -454.981, 250.000, 0.000, 2.350, 0, 0 
83333, 656201298, 0.000, 0.000, -454.967, 250.000, 0.000, 2.350, 0, 0 
83333, 657216316, 0.000, 0.000, -454.981, 250.000, 0.000, 2.350, 0, 0 
83333, 658233678, 0.000, 0.000, -454.981, 250.000, 0.000, 2.350, 0, 0 
83333, 659349517, 0.000, 0.000, -454.967, 250.000, 0.000, 2.350, 0, 0 
83333, 660364679, 0.000, 0.000, -454.967, 250.000, 0.000, 2.350, 0, 0 
83333, 661382111, 0.000, 0.000, -454.994, 250.000, 0.000, 2.350, 0, 0 
83333, 662400610, 0.000, 0.000, -454.981, 250.000, 0.000, 2.350, 0, 0 
83333, 663415256, 0.000, 0.000, -454.981, 250.000, 0.000, 2.350, 0, 0 
83333, 664432413, 0.000, 0.000, -454.994, 250.000, 0.000, 2.350, 0, 0 
83333, 665449376, 0.000, 0.000, -454.994, 250.000, 0.000, 2.350, 0, 0 
83333, 666468933, 0.000, 0.000, -454.967, 250.000, 0.000, 2.350, 0, 0 
83333, 667487783, 0.000, 0.000, -454.981, 250.000, 0.000, 2.350, 0, 0 
83333, 668506952, 0.000, 0.000, -454.967, 250.000, 0.000, 2.350, 0, 0 
83333, 669550869, 0.000, 0.000, -454.981, 250.000, 0.000, 2.350, 0, 0 
83333, 670568350, 0.000, 0.000, -454.967, 250.000, 0.000, 2.350, 0, 0 
83333, 671585704, 0.000, 0.000, -454.981, 250.000, 0.000, 2.350, 0, 0 
83333, 672681569, 0.000, 0.000, -454.994, 250.000, 0.000, 2.350, 0, 0 
83333, 673698163, 0.000, 0.000, -454.994, 250.000, 0.000, 2.350, 0, 0 
83333, 674717230, 0.000, 0.000, -454.967, 250.000, 0.000, 2.350, 0, 0 
83333, 675734141, 0.000, 0.000, -454.981, 250.000, 0.000, 2.350, 0, 0 
83333, 676753036, 0.000, 0.000, -454.981, 250.000, 0.000, 2.350, 0, 0 
83333, 677770517, 0.000, 0.000, -454.967, 250.000, 0.000, 2.350, 0, 0 
83333, 678787236, 0.000, 0.000, -454.967, 250.000, 0.000, 2.350, 0, 0 
83333, 679841604, 0.000, 0.000, -454.967, 250.000, 0.000, 2.350, 0, 0 
83333, 680861329, 0.000, 0.000, -454.981, 250.000, 0.000, 2.350, 0, 0 
83333, 681878772, 0.000, 0.000, -454.994, 250.000, 0.000, 2.350, 0, 0 
83333, 682896324, 0.000, 0.000, -454.967, 250.000, 0.000, 2.350, 0, 0 
83333, 683915203, 0.000, 0.000, -454.967, 250.000, 0.000, 2.350, 0, 0 
83333, 684933697, 0.000, 0.000, -454.967, 250.000, 0.000, 2.350, 0, 0 
83333, 685950412, 0.000, 0.000, -454.981, 250.000, 0.000, 2.350, 0, 0 
83333, 686967162, 0.000, 0.000, -454.981, 250.000, 0.000, 2.350, 0, 0 
83333, 687984012, 0.000, 0.000, -454.981, 250.000, 0.000, 2.350, 0, 0 
83333, 689001286, 0.000, 0.000, -454.967, 250.000, 0.000, 2.350, 0, 0 
83333, 690044649, 0.000, 0.000, -454.967, 250.000, 0.000, 2.350, 0, 0 
83333, 691062184, 0.000, 0.000, -454.994, 250.000, 0.000, 2.350, 0, 0 
83333, 692080399, 0.000, 0.000, -454.967, 250.000, 0.000, 2.350, 0, 0 
83333, 693097381, 0.000, 0.000, -454.994, 250.000, 0.000, 2.350, 0, 0 
83333, 694114434, 0.000, 0.000, -454.981, 250.000, 0.000, 2.350, 0, 0 
83333, 695187479, 0.000, 0.000, -454.981, 250.000, 0.000, 2.350, 0, 0 
83333, 696205500, 0.000, 0.000, -454.967, 250.000, 0.000, 2.350, 0, 0 
83333, 697222921, 0.000, 0.000, -454.981, 250.000, 0.000, 2.350, 0, 0 
83333, 698242370, 0.000, 0.000, -454.981, 250.000, 0.000, 2.350, 0, 0 
83333, 699257682, 0.000, 0.000, -454.967, 250.000, 0.000, 2.350, 0, 0 
83333, 700309476, 0.000, 0.000, -454.994, 250.000, 0.000, 2.350, 0, 0 
83333, 701326579, 0.000, 0.000, -454.994, 250.000, 0.000, 2.350, 0, 0 
83333, 702343684, 0.000, 0.000, -454.967, 250.000, 0.000, 2.350, 0, 0 
83333, 703360961, 0.000, 0.000, -454.967, 250.000, 0.000, 2.350, 0, 0 
83333, 704453063, 0.000, 0.000, -454.981, 250.000, 0.000, 2.350, 0, 0 
83333, 705472168, 0.000, 0.000, -454.981, 250.000, 0.000, 2.350, 0, 0 
83333, 706509050, 0.000, 0.000, -454.967, 250.000, 0.000, 2.350, 0, 0 
83333, 707527568, 0.000, 0.000, -454.967, 250.000, 0.000, 2.350, 0, 0 
83333, 708548441, 0.000, 0.000, -454.981, 250.000, 0.000, 2.350, 0, 0 
83333, 709607893, 0.000, 0.000, -454.981, 250.000, 0.000, 2.350, 0, 0 
83333, 710667634, 0.000, 0.000, -454.981, 250.000, 0.000, 2.350, 0, 0 
83333, 711685489, 0.000, 0.000, -454.981, 250.000, 0.000, 2.350, 0, 0 
83333, 712702757, 0.000, 0.000, -454.981, 250.000, 0.000, 2.350, 0, 0 
83333, 713720480, 0.000, 0.000, -454.981, 250.000, 0.000, 2.350, 0, 0 
83333, 714740726, 0.000, 0.000, -454.994, 250.000, 0.000, 2.350, 0, 0 
83333, 715795343, 0.000, 0.000, -454.981, 250.000, 0.000, 2.350, 0, 0 
83333, 716811128, 0.000, 0.000, -454.981, 250.000, 0.000, 2.350, 0, 0 
83333, 717829804, 0.000, 0.000, -454.981, 250.000, 0.000, 2.350, 0, 0 
83333, 718857889, 0.000, 0.000, -454.967, 250.000, 0.000, 2.350, 0, 0 
83333, 719873587, 0.000, 0.000, -454.981, 250.000, 0.000, 2.350, 0, 0 
83333, 720920956, 0.000, 0.000, -454.967, 250.000, 0.000, 2.350, 0, 0 
83333, 721938485, 0.000, 0.000, -454.981, 250.000, 0.000, 2.350, 0, 0 
83333, 722954524, 0.000, 0.000, -454.981, 250.000, 0.000, 2.350, 0, 0 
83333, 723994440, 0.000, 0.000, -454.994, 250.000, 0.000, 2.350, 0, 0 
83333, 725011899, 0.000, 0.000, -454.994, 250.000, 0.000, 2.350, 0, 0 
83333, 726028818, 0.000, 0.000, -454.981, 250.000, 0.000, 2.350, 0, 0 
83333, 727045287, 0.000, 0.000, -454.981, 250.000, 0.000, 2.350, 0, 0 
83333, 728066430, 0.000, 0.000, -454.981, 250.000, 0.000, 2.350, 0, 0 
83333, 729116893, 0.000, 0.000, -454.994, 250.000, 0.000, 2.350, 0, 0 
83333, 730133139, 0.000, 0.000, -454.953, 250.000, 0.000, 2.350, 0, 0 
83333, 731259209, 0.000, 0.000, -454.967, 250.000, 0.000, 2.350, 0, 0 
83333, 732276630, 0.000, 0.000, -454.981, 250.000, 0.000, 2.350, 0, 0 
83333, 733293358, 0.000, 0.000, -454.967, 250.000, 0.000, 2.350, 0, 0 
83333, 734309227, 0.000, 0.000, -454.981, 250.000, 0.000, 2.350, 0, 0 
83333, 735324816, 0.000, 0.000, -454.994, 250.000, 0.000, 2.350, 0, 0 
83333, 736422198, 0.000, 0.000, -454.994, 250.000, 0.000, 2.350, 0, 0 
83333, 737436921, 0.000, 0.000, -454.967, 250.000, 0.000, 2.350, 0, 0 
83333, 738460213, 0.000, 0.000, -454.994, 250.000, 0.000, 2.350, 0, 0 
83333, 739477573, 0.000, 0.000, -454.981, 250.000, 0.000, 2.350, 0, 0 
83333, 740494894, 0.000, 0.000, -454.981, 250.000, 0.000, 2.350, 0, 0 
83333, 741545650, 0.000, 0.000, -454.981, 250.000, 0.000, 2.350, 0, 0 
83333, 742562031, 0.000, 0.000, -454.967, 250.000, 0.000, 2.350, 0, 0 
83333, 743581759, 0.000, 0.000, -454.967, 250.000, 0.000, 2.350, 0, 0 
83333, 744600911, 0.000, 0.000, -454.981, 250.000, 0.000, 2.350, 0, 0 
83333, 745619557, 0.000, 0.000, -454.981, 250.000, 0.000, 2.350, 0, 0 
83333, 746637687, 0.000, 0.000, -454.981, 250.000, 0.000, 2.350, 0, 0 
83333, 747700233, 0.000, 0.000, -454.981, 250.000, 0.000, 2.350, 0, 0 
83333, 748716624, 0.000, 0.000, -454.981, 250.000, 0.000, 2.350, 0, 0 
83333, 749766876, 0.000, 0.000, -454.981, 250.000, 0.000, 2.350, 0, 0 
83333, 750787246, 0.000, 0.000, -454.981, 250.000, 0.000, 2.350, 0, 0 
83333, 751834297, 0.000, 0.000, -454.967, 250.000, 0.000, 2.350, 0, 0 
83333, 752850699, 0.000, 0.000, -454.981, 250.000, 0.000, 2.350, 0, 0 
83333, 753869098, 0.000, 0.000, -454.981, 250.000, 0.000, 2.350, 0, 0 
83333, 754888334, 0.000, 0.000, -454.967, 250.000, 0.000, 2.350, 0, 0 
83333, 755909352, 0.000, 0.000, -454.981, 250.000, 0.000, 2.350, 0, 0 
83333, 756926374, 0.000, 0.000, -454.981, 250.000, 0.000, 2.350, 0, 0 
83333, 757943957, 0.000, 0.000, -454.981, 250.000, 0.000, 2.350, 0, 0 
83333, 758961130, 0.000, 0.000, -454.967, 250.000, 0.000, 2.350, 0, 0 
83333, 759978255, 0.000, 0.000, -454.981, 250.000, 0.000, 2.350, 0, 0 
83333, 760993043, 0.000, 0.000, -454.981, 250.000, 0.000, 2.350, 0, 0 
83333, 762045876, 0.000, 0.000, -454.981, 250.000, 0.000, 2.350, 0, 0 
83333, 763062319, 0.000, 0.000, -454.981, 250.000, 0.000, 2.350, 0, 0 
83333, 764080323, 0.000, 0.000, -454.994, 250.000, 0.000, 2.350, 0, 0 
83333, 765148793, 0.000, 0.000, -454.967, 250.000, 0.000, 2.350, 0, 0 
83333, 766196066, 0.000, 0.000, -454.981, 250.000, 0.000, 2.350, 0, 0 
83333, 767213249, 0.000, 0.000, -454.981, 250.000, 0.000, 2.350, 0, 0 
83333, 768240343, 0.000, 0.000, -454.967, 250.000, 0.000, 2.350, 0, 0 
83333, 769267777, 0.000, 0.000, -454.981, 250.000, 0.000, 2.350, 0, 0 
83333, 770285394, 0.000, 0.000, -454.981, 250.000, 0.000, 2.350, 0, 0 
83333, 771300859, 0.000, 0.000, -454.981, 250.000, 0.000, 2.350, 0, 0 
83333, 772349691, 0.000, 0.000, -454.994, 250.000, 0.000, 2.350, 0, 0 
83333, 773395251, 0.000, 0.000, -454.981, 250.000, 0.000, 2.350, 0, 0 
83333, 774471426, 0.000, 0.000, -454.981, 250.000, 0.000, 2.350, 0, 0 
83333, 775487223, 0.000, 0.000, -454.981, 250.000, 0.000, 2.350, 0, 0 
83333, 776502588, 0.000, 0.000, -454.981, 250.000, 0.000, 2.350, 0, 0 
83333, 777566781, 0.000, 0.000, -454.981, 250.000, 0.000, 2.350, 0, 0 
83333, 778583608, 0.000, 0.000, -454.967, 250.000, 0.000, 2.350, 0, 0 
83333, 779598053, 0.000, 0.000, -454.981, 250.000, 0.000, 2.350, 0, 0 
83333, 780611978, 0.000, 0.000, -454.981, 250.000, 0.000, 2.350, 0, 0 
83333, 781627651, 0.000, 0.000, -454.967, 250.000, 0.000, 2.350, 0, 0 
83333, 782682771, 0.000, 0.000, -454.994, 250.000, 0.000, 2.350, 0, 0 
83333, 783698663, 0.000, 0.000, -454.967, 250.000, 0.000, 2.350, 0, 0 
83333, 784743423, 0.000, 0.000, -454.981, 250.000, 0.000, 2.350, 0, 0 
83333, 785766224, 0.000, 0.000, -454.981, 250.000, 0.000, 2.350, 0, 0 
83333, 786784877, 0.000, 0.000, -454.967, 250.000, 0.000, 2.350, 0, 0 
83333, 787805051, 0.000, 0.000, -454.967, 250.000, 0.000, 2.350, 0, 0 
83333, 788821928, 0.000, 0.000, -454.981, 250.000, 0.000, 2.350, 0, 0 
83333, 789839765, 0.000, 0.000, -454.981, 250.000, 0.000, 2.350, 0, 0 
83333, 790857700, 0.000, 0.000, -454.981, 250.000, 0.000, 2.350, 0, 0 
83333, 791877630, 0.000, 0.000, -454.994, 250.000, 0.000, 2.350, 0, 0 
83333, 792940131, 0.000, 0.000, -454.994, 250.000, 0.000, 2.350, 0, 0 
83333, 793957302, 0.000, 0.000, -454.981, 250.000, 0.000, 2.350, 0, 0 
83333, 794976427, 0.000, 0.000, -454.981, 250.000, 0.000, 2.350, 0, 0 
83333, 795993589, 0.000, 0.000, -454.981, 250.000, 0.000, 2.350, 0, 0 
83333, 797012299, 0.000, 0.000, -454.967, 250.000, 0.000, 2.350, 0, 0 
83333, 798034770, 0.000, 0.000, -454.981, 250.000, 0.000, 2.350, 0, 0 
83333, 799052037, 0.000, 0.000, -454.981, 250.000, 0.000, 2.350, 0, 0 
83333, 800067084, 0.000, 0.000, -454.967, 250.000, 0.000, 2.350, 0, 0 
83333, 801115067, 0.000, 0.000, -454.967, 250.000, 0.000, 2.350, 0, 0 
83333, 802131454, 0.000, 0.000, -454.981, 250.000, 0.000, 2.350, 0, 0 
83333, 803183562, 0.000, 0.000, -454.967, 250.000, 0.000, 2.350, 0, 0 
83333, 804197516, 0.000, 0.000, -454.967, 250.000, 0.000, 2.350, 0, 0 
83333, 805217750, 0.000, 0.000, -454.981, 250.000, 0.000, 2.350, 0, 0 
83333, 806234662, 0.000, 0.000, -454.981, 250.000, 0.000, 2.350, 0, 0 
83333, 807252204, 0.000, 0.000, -454.967, 250.000, 0.000, 2.350, 0, 0 
83333, 808266997, 0.000, 0.000, -454.981, 250.000, 0.000, 2.350, 0, 0 
83333, 809287667, 0.000, 0.000, -454.967, 250.000, 0.000, 2.350, 0, 0 
83333, 810307418, 0.000, 0.000, -454.981, 250.000, 0.000, 2.350, 0, 0 
83333, 811327729, 0.000, 0.000, -454.967, 250.000, 0.000, 2.350, 0, 0 
83333, 812345247, 0.000, 0.000, -454.981, 250.000, 0.000, 2.350, 0, 0 
83333, 813403469, 0.000, 0.000, -454.967, 250.000, 0.000, 2.350, 0, 0 
83333, 814415099, 0.000, 0.000, -454.981, 250.000, 0.000, 2.350, 0, 0 
83333, 815426715, 0.000, 0.000, -454.967, 250.000, 0.000, 2.350, 0, 0 
83333, 816436955, 0.000, 0.000, -454.981, 250.000, 0.000, 2.350, 0, 0 
83333, 817447344, 0.000, 0.000, -454.981, 250.000, 0.000, 2.350, 0, 0 
83333, 818457943, 0.000, 0.000, -454.994, 250.000, 0.000, 2.350, 0, 0 
83333, 819468506, 0.000, 0.000, -454.967, 250.000, 0.000, 2.350, 0, 0 
83333, 820478830, 0.000, 0.000, -454.967, 250.000, 0.000, 2.350, 0, 0 
83333, 821490136, 0.000, 0.000, -454.967, 250.000, 0.000, 2.350, 0, 0 
83333, 822501011, 0.000, 0.000, -454.994, 250.000, 0.000, 2.350, 0, 0 
83333, 823545766, 0.000, 0.000, -454.981, 250.000, 0.000, 2.350, 0, 0 
83333, 824553839, 0.000, 0.000, -454.967, 250.000, 0.000, 2.350, 0, 0 
83333, 825561476, 0.000, 0.000, -454.967, 250.000, 0.000, 2.350, 0, 0 
83333, 826568844, 0.000, 0.000, -454.981, 250.000, 0.000, 2.350, 0, 0 
83333, 827576120, 0.000, 0.000, -454.981, 250.000, 0.000, 2.350, 0, 0 
83333, 828583498, 0.000, 0.000, -454.981, 250.000, 0.000, 2.350, 0, 0 
83333, 829589191, 0.000, 0.000, -454.994, 250.000, 0.000, 2.350, 0, 0 
83333, 830594847, 0.000, 0.000, -454.981, 250.000, 0.000, 2.350, 0, 0 
83333, 831600483, 0.000, 0.000, -454.967, 250.000, 0.000, 2.350, 0, 0 
83333, 832607725, 0.000, 0.000, -454.967, 250.000, 0.000, 2.350, 0, 0 
83333, 833627049, 0.000, 0.000, -454.994, 250.000, 0.000, 2.350, 0, 0 
83333, 834632758, 0.000, 0.000, -454.981, 250.000, 0.000, 2.350, 0, 0 
83333, 835636004, 0.000, 0.000, -454.981, 250.000, 0.000, 2.350, 0, 0 
83333, 836639604, 0.000, 0.000, -454.981, 250.000, 0.000, 2.350, 0, 0 
83333, 837642934, 0.000, 0.000, -454.967, 250.000, 0.000, 2.350, 0, 0 
83333, 838646222, 0.000, 0.000, -454.981, 250.000, 0.000, 2.350, 0, 0 
83333, 839651671, 0.000, 0.000, -454.967, 250.000, 0.000, 2.350, 0, 0 
83333, 840690488, 0.000, 0.000, -454.981, 250.000, 0.000, 2.350, 0, 0 
83333, 841696477, 0.000, 0.000, -454.967, 250.000, 0.000, 2.350, 0, 0 
83333, 842700988, 0.000, 0.000, -454.981, 250.000, 0.000, 2.350, 0, 0 
83333, 843714441, 0.000, 0.000, -454.981, 250.000, 0.000, 2.350, 0, 0 
83333, 844718835, 0.000, 0.000, -454.981, 250.000, 0.000, 2.350, 0, 0 
83333, 845723415, 0.000, 0.000, -454.981, 250.000, 0.000, 2.350, 0, 0 
83333, 846760956, 0.000, 0.000, -454.981, 250.000, 0.000, 2.350, 0, 0 
83333, 847765361, 0.000, 0.000, -454.967, 250.000, 0.000, 2.350, 0, 0 
83333, 848799271, 0.000, 0.000, -454.967, 250.000, 0.000, 2.350, 0, 0 
83333, 849803725, 0.000, 0.000, -454.981, 250.000, 0.000, 2.350, 0, 0 
83333, 850808244, 0.000, 0.000, -454.967, 250.000, 0.000, 2.350, 0, 0 
83333, 851812488, 0.000, 0.000, -454.994, 250.000, 0.000, 2.350, 0, 0 
83333, 852816587, 0.000, 0.000, -454.981, 250.000, 0.000, 2.350, 0, 0 
83333, 853829970, 0.000, 0.000, -454.981, 250.000, 0.000, 2.350, 0, 0 
83333, 854834474, 0.000, 0.000, -454.994, 250.000, 0.000, 2.350, 0, 0 
83333, 855889632, 0.000, 0.000, -454.981, 250.000, 0.000, 2.350, 0, 0 
83333, 856919215, 0.000, 0.000, -454.967, 250.000, 0.000, 2.350, 0, 0 
83333, 857923774, 0.000, 0.000, -454.967, 250.000, 0.000, 2.350, 0, 0 
83333, 858928095, 0.000, 0.000, -454.981, 250.000, 0.000, 2.350, 0, 0 
83333, 859932320, 0.000, 0.000, -454.981, 250.000, 0.000, 2.350, 0, 0 
83333, 860936617, 0.000, 0.000, -454.981, 250.000, 0.000, 2.350, 0, 0 
83333, 861999612, 0.000, 0.000, -454.981, 250.000, 0.000, 2.350, 0, 0 
83333, 863038338, 0.000, 0.000, -454.967, 250.000, 0.000, 2.350, 0, 0 
83333, 864051771, 0.000, 0.000, -454.994, 250.000, 0.000, 2.350, 0, 0 
83333, 865056801, 0.000, 0.000, -454.967, 250.000, 0.000, 2.350, 0, 0 
83333, 866062068, 0.000, 0.000, -454.967, 250.000, 0.000, 2.350, 0, 0 
83333, 867066640, 0.000, 0.000, -454.981, 250.000, 0.000, 2.350, 0, 0 
83333, 868071455, 0.000, 0.000, -454.981, 250.000, 0.000, 2.350, 0, 0 
83333, 869076245, 0.000, 0.000, -454.967, 250.000, 0.000, 2.350, 0, 0 
83333, 870114259, 0.000, 0.000, -454.967, 250.000, 0.000, 2.350, 0, 0 
83333, 871165571, 0.000, 0.000, -454.994, 250.000, 0.000, 2.350, 0, 0 
83333, 872170758, 0.000, 0.000, -454.981, 250.000, 0.000, 2.350, 0, 0 
83333, 873175280, 0.000, 0.000, -454.994, 250.000, 0.000, 2.350, 0, 0 
83333, 874217855, 0.000, 0.000, -454.981, 250.000, 0.000, 2.350, 0, 0 
83333, 875252739, 0.000, 0.000, -454.981, 250.000, 0.000, 2.350, 0, 0 
83333, 876258200, 0.000, 0.000, -454.981, 250.000, 0.000, 2.350, 0, 0 
83333, 877324263, 0.000, 0.000, -454.994, 250.000, 0.000, 2.350, 0, 0 
83333, 878328872, 0.000, 0.000, -454.994, 250.000, 0.000, 2.350, 0, 0 
83333, 879364479, 0.000, 0.000, -454.967, 250.000, 0.000, 2.350, 0, 0 
83333, 880418680, 0.000, 0.000, -454.981, 250.000, 0.000, 2.350, 0, 0 
83333, 881423466, 0.000, 0.000, -454.967, 250.000, 0.000, 2.350, 0, 0 
83333, 882428015, 0.000, 0.000, -454.981, 250.000, 0.000, 2.350, 0, 0 
83333, 883493850, 0.000, 0.000, -454.994, 250.000, 0.000, 2.350, 0, 0 
83333, 884536923, 0.000, 0.000, -454.967, 250.000, 0.000, 2.350, 0, 0 
83333, 885541990, 0.000, 0.000, -454.994, 250.000, 0.000, 2.350, 0, 0 
83333, 886549189, 0.000, 0.000, -454.981, 250.000, 0.000, 2.350, 0, 0 
83333, 887586640, 0.000, 0.000, -454.981, 250.000, 0.000, 2.350, 0, 0 
83333, 888623933, 0.000, 0.000, -454.981, 250.000, 0.000, 2.350, 0, 0 
83333, 889661226, 0.000, 0.000, -454.967, 250.000, 0.000, 2.350, 0, 0 
83333, 890689221, 0.000, 0.000, -454.967, 250.000, 0.000, 2.350, 0, 0 
83333, 891695981, 0.000, 0.000, -454.994, 250.000, 0.000, 2.350, 0, 0 
83333, 892733489, 0.000, 0.000, -454.981, 250.000, 0.000, 2.350, 0, 0 
83333, 893740037, 0.000, 0.000, -454.981, 250.000, 0.000, 2.350, 0, 0 
83333, 894785447, 0.000, 0.000, -454.981, 250.000, 0.000, 2.350, 0, 0 
83333, 895790131, 0.000, 0.000, -454.981, 250.000, 0.000, 2.350, 0, 0 
83333, 896819887, 0.000, 0.000, -454.967, 250.000, 0.000, 2.350, 0, 0 
83333, 897866368, 0.000, 0.000, -454.967, 250.000, 0.000, 2.350, 0, 0 
83333, 898871043, 0.000, 0.000, -454.967, 250.000, 0.000, 2.350, 0, 0 
83333, 899912158, 0.000, 0.000, -454.981, 250.000, 0.000, 2.350, 0, 0 
83333, 900956296, 0.000, 0.000, -454.981, 250.000, 0.000, 2.350, 0, 0 
83333, 901992258, 0.000, 0.000, -454.981, 250.000, 0.000, 2.350, 0, 0 
83333, 902997127, 0.000, 0.000, -454.967, 250.000, 0.000, 2.350, 0, 0 
83333, 904007504, 0.000, 0.000, -454.981, 250.000, 0.000, 2.350, 0, 0 
83333, 905117847, 0.000, 0.000, -454.994, 250.000, 0.000, 2.350, 0, 0 
83333, 906122851, 0.000, 0.000, -454.994, 250.000, 0.000, 2.350, 0, 0 
83333, 907127679, 0.000, 0.000, -454.981, 250.000, 0.000, 2.350, 0, 0 
83333, 908132875, 0.000, 0.000, -454.981, 250.000, 0.000, 2.350, 0, 0 
83333, 909208628, 0.000, 0.000, -454.981, 250.000, 0.000, 2.350, 0, 0 
83333, 910275030, 0.000, 0.000, -454.981, 250.000, 0.000, 2.350, 0, 0 
83333, 911340677, 0.000, 0.000, -454.967, 250.000, 0.000, 2.350, 0, 0 
83333, 912407190, 0.000, 0.000, -454.981, 250.000, 0.000, 2.350, 0, 0 
83333, 913478958, 0.000, 0.000, -454.967, 250.000, 0.000, 2.350, 0, 0 
83333, 914512908, 0.000, 0.000, -454.981, 250.000, 0.000, 2.350, 0, 0 
83333, 915621053, 0.000, 0.000, -454.981, 250.000, 0.000, 2.350, 0, 0 
83333, 916625761, 0.000, 0.000, -454.967, 250.000, 0.000, 2.350, 0, 0 
83333, 917663143, 0.000, 0.000, -454.981, 250.000, 0.000, 2.350, 0, 0 
83333, 918696122, 0.000, 0.000, -454.967, 250.000, 0.000, 2.350, 0, 0 
83333, 919765461, 0.000, 0.000, -454.981, 250.000, 0.000, 2.350, 0, 0 
83333, 920770274, 0.000, 0.000, -454.967, 250.000, 0.000, 2.350, 0, 0 
83333, 921804131, 0.000, 0.000, -454.967, 250.000, 0.000, 2.350, 0, 0 
83333, 922809096, 0.000, 0.000, -454.994, 250.000, 0.000, 2.350, 0, 0 
83333, 923876472, 0.000, 0.000, -454.981, 250.000, 0.000, 2.350, 0, 0 
83333, 924942065, 0.000, 0.000, -454.981, 250.000, 0.000, 2.350, 0, 0 
83333, 926061130, 0.000, 0.000, -454.994, 250.000, 0.000, 2.350, 0, 0 
83333, 927066089, 0.000, 0.000, -454.981, 250.000, 0.000, 2.350, 0, 0 
83333, 928071682, 0.000, 0.000, -454.981, 250.000, 0.000, 2.350, 0, 0 
83333, 929076453, 0.000, 0.000, -454.981, 250.000, 0.000, 2.350, 0, 0 
83333, 930081641, 0.000, 0.000, -454.981, 250.000, 0.000, 2.350, 0, 0 
83333, 931115618, 0.000, 0.000, -454.981, 250.000, 0.000, 2.350, 0, 0 
83333, 932164239, 0.000, 0.000, -454.981, 250.000, 0.000, 2.350, 0, 0 
83333, 933168782, 0.000, 0.000, -454.967, 250.000, 0.000, 2.350, 0, 0 
83333, 934206604, 0.000, 0.000, -454.981, 250.000, 0.000, 2.350, 0, 0 
83333, 935242090, 0.000, 0.000, -454.994, 250.000, 0.000, 2.350, 0, 0 
83333, 936286449, 0.000, 0.000, -454.967, 250.000, 0.000, 2.350, 0, 0 
83333, 937291073, 0.000, 0.000, -454.981, 250.000, 0.000, 2.350, 0, 0 
83333, 938295662, 0.000, 0.000, -454.967, 250.000, 0.000, 2.350, 0, 0 
83333, 939300247, 0.000, 0.000, -454.981, 250.000, 0.000, 2.350, 0, 0 
83333, 940304946, 0.000, 0.000, -454.981, 250.000, 0.000, 2.350, 0, 0 
83333, 941338520, 0.000, 0.000, -454.967, 250.000, 0.000, 2.350, 0, 0 
83333, 942343335, 0.000, 0.000, -454.981, 250.000, 0.000, 2.350, 0, 0 
83333, 943381190, 0.000, 0.000, -454.981, 250.000, 0.000, 2.350, 0, 0 
83333, 944451690, 0.000, 0.000, -454.994, 250.000, 0.000, 2.350, 0, 0 
83333, 945456167, 0.000, 0.000, -454.967, 250.000, 0.000, 2.350, 0, 0 
83333, 946554853, 0.000, 0.000, -454.981, 250.000, 0.000, 2.350, 0, 0 
83333, 947561314, 0.000, 0.000, -454.967, 250.000, 0.000, 2.350, 0, 0 
83333, 948566286, 0.000, 0.000, -454.981, 250.000, 0.000, 2.350, 0, 0 
83333, 949599578, 0.000, 0.000, -454.981, 250.000, 0.000, 2.350, 0, 0 
83333, 950604064, 0.000, 0.000, -454.981, 250.000, 0.000, 2.350, 0, 0 
83333, 951608633, 0.000, 0.000, -454.981, 250.000, 0.000, 2.350, 0, 0 
83333, 952613254, 0.000, 0.000, -454.967, 250.000, 0.000, 2.350, 0, 0 
83333, 953675735, 0.000, 0.000, -454.981, 250.000, 0.000, 2.350, 0, 0 
83333, 954715566, 0.000, 0.000, -454.981, 250.000, 0.000, 2.350, 0, 0 
83333, 955722286, 0.000, 0.000, -454.981, 250.000, 0.000, 2.350, 0, 0 
83333, 956816104, 0.000, 0.000, -454.967, 250.000, 0.000, 2.350, 0, 0 
83333, 957887459, 0.000, 0.000, -454.981, 250.000, 0.000, 2.350, 0, 0 
83333, 958922181, 0.000, 0.000, -454.981, 250.000, 0.000, 2.350, 0, 0 
83333, 959926715, 0.000, 0.000, -454.967, 250.000, 0.000, 2.350, 0, 0 
83333, 960931393, 0.000, 0.000, -454.981, 250.000, 0.000, 2.350, 0, 0 
83333, 961935989, 0.000, 0.000, -454.981, 250.000, 0.000, 2.350, 0, 0 
83333, 962940642, 0.000, 0.000, -454.994, 250.000, 0.000, 2.350, 0, 0 
83333, 963962706, 0.000, 0.000, -454.967, 250.000, 0.000, 2.350, 0, 0 
83333, 964967632, 0.000, 0.000, -454.981, 250.000, 0.000, 2.350, 0, 0 
83333, 966005116, 0.000, 0.000, -454.994, 250.000, 0.000, 2.350, 0, 0 
83333, 967021221, 0.000, 0.000, -454.967, 250.000, 0.000, 2.350, 0, 0 
83333, 968026646, 0.000, 0.000, -454.981, 250.000, 0.000, 2.350, 0, 0 
83333, 969032293, 0.000, 0.000, -454.981, 250.000, 0.000, 2.350, 0, 0 
83333, 970067986, 0.000, 0.000, -454.981, 250.000, 0.000, 2.350, 0, 0 
83333, 971102457, 0.000, 0.000, -454.981, 250.000, 0.000, 2.350, 0, 0 
83333, 972140156, 0.000, 0.000, -454.981, 250.000, 0.000, 2.350, 0, 0 
83333, 973182684, 0.000, 0.000, -454.981, 250.000, 0.000, 2.350, 0, 0 
83333, 974224986, 0.000, 0.000, -454.967, 250.000, 0.000, 2.350, 0, 0 
83333, 975361920, 0.000, 0.000, -454.967, 250.000, 0.000, 2.350, 0, 0 
83333, 976405162, 0.000, 0.000, -454.981, 250.000, 0.000, 2.350, 0, 0 
83333, 977455221, 0.000, 0.000, -454.981, 250.000, 0.000, 2.350, 0, 0 
83333, 978495085, 0.000, 0.000, -454.981, 250.000, 0.000, 2.350, 0, 0 
83333, 979499986, 0.000, 0.000, -454.994, 250.000, 0.000, 2.350, 0, 0 
83333, 980533467, 0.000, 0.000, -454.981, 250.000, 0.000, 2.350, 0, 0 
83333, 981569409, 0.000, 0.000, -454.967, 250.000, 0.000, 2.350, 0, 0 
83333, 982603175, 0.000, 0.000, -454.981, 250.000, 0.000, 2.350, 0, 0 
83333, 983636477, 0.000, 0.000, -454.981, 250.000, 0.000, 2.350, 0, 0 
83333, 984681157, 0.000, 0.000, -454.967, 250.000, 0.000, 2.350, 0, 0 
83333, 985685955, 0.000, 0.000, -454.981, 250.000, 0.000, 2.350, 0, 0 
83333, 986691150, 0.000, 0.000, -454.981, 250.000, 0.000, 2.350, 0, 0 
83333, 987705053, 0.000, 0.000, -454.994, 250.000, 0.000, 2.350, 0, 0 
83333, 988709739, 0.000, 0.000, -454.967, 250.000, 0.000, 2.350, 0, 0 
83333, 989715301, 0.000, 0.000, -454.967, 250.000, 0.000, 2.350, 0, 0 
83333, 990762037, 0.000, 0.000, -454.994, 250.000, 0.000, 2.350, 0, 0 
83333, 991837611, 0.000, 0.000, -454.967, 250.000, 0.000, 2.350, 0, 0 
83333, 992844057, 0.000, 0.000, -454.967, 250.000, 0.000, 2.350, 0, 0 
83333, 993878894, 0.000, 0.000, -454.994, 250.000, 0.000, 2.350, 0, 0 
83333, 994914563, 0.000, 0.000, -454.994, 250.000, 0.000, 2.350, 0, 0 
83333, 995920116, 0.000, 0.000, -454.967, 250.000, 0.000, 2.350, 0, 0 
83333, 996955648, 0.000, 0.000, -454.967, 250.000, 0.000, 2.350, 0, 0 
83333, 997974358, 0.000, 0.000, -454.981, 250.000, 0.000, 2.350, 0, 0 
83333, 998979198, 0.000, 0.000, -454.981, 250.000, 0.000, 2.350, 0, 0 
83334, 61018, 0.000, 0.000, -454.967, 250.000, 0.000, 2.350, 0, 0 
83334, 1103955, 0.000, 0.000, -454.981, 250.000, 0.000, 2.350, 0, 0 
83334, 2170692, 0.000, 0.000, -454.967, 250.000, 0.000, 2.350, 0, 0 
83334, 3176079, 0.000, 0.000, -454.967, 250.000, 0.000, 2.350, 0, 0 
83334, 4182064, 0.000, 0.000, -454.967, 250.000, 0.000, 2.350, 0, 0 
83334, 5186927, 0.000, 0.000, -454.967, 250.000, 0.000, 2.350, 0, 0 
83334, 6225067, 0.000, 0.000, -454.967, 250.000, 0.000, 2.350, 0, 0 
83334, 7229738, 0.000, 0.000, -454.981, 250.000, 0.000, 2.350, 0, 0 
83334, 8271631, 0.000, 0.000, -454.981, 250.000, 0.000, 2.350, 0, 0 
83334, 9339641, 0.000, 0.000, -454.967, 250.000, 0.000, 2.350, 0, 0 
83334, 10366683, 0.000, 0.000, -454.967, 250.000, 0.000, 2.350, 0, 0 
83334, 11396775, 0.000, 0.000, -454.994, 250.000, 0.000, 2.350, 0, 0 
83334, 12454210, 0.000, 0.000, -454.981, 250.000, 0.000, 2.350, 0, 0 
83334, 13488535, 0.000, 0.000, -454.981, 250.000, 0.000, 2.350, 0, 0 
83334, 14493495, 0.000, 0.000, -454.981, 250.000, 0.000, 2.350, 0, 0 
83334, 15564179, 0.000, 0.000, -454.967, 250.000, 0.000, 2.350, 0, 0 
83334, 16602044, 0.000, 0.000, -454.981, 250.000, 0.000, 2.350, 0, 0 
83334, 17664074, 0.000, 0.000, -454.994, 250.000, 0.000, 2.350, 0, 0 
83334, 18679812, 0.000, 0.000, -454.967, 250.000, 0.000, 2.350, 0, 0 
83334, 19684548, 0.000, 0.000, -454.981, 250.000, 0.000, 2.350, 0, 0 
83334, 20726032, 0.000, 0.000, -454.981, 250.000, 0.000, 2.350, 0, 0 
83334, 21732074, 0.000, 0.000, -454.981, 250.000, 0.000, 2.350, 0, 0 
83334, 22736601, 0.000, 0.000, -454.967, 250.000, 0.000, 2.350, 0, 0 
83334, 23801276, 0.000, 0.000, -454.967, 250.000, 0.000, 2.350, 0, 0 
83334, 24863658, 0.000, 0.000, -454.967, 250.000, 0.000, 2.350, 0, 0 
83334, 25900422, 0.000, 0.000, -454.994, 250.000, 0.000, 2.350, 0, 0 
83334, 26937125, 0.000, 0.000, -454.981, 250.000, 0.000, 2.350, 0, 0 
83334, 27941495, 0.000, 0.000, -454.981, 250.000, 0.000, 2.350, 0, 0 
83334, 29097378, 0.000, 0.000, -454.981, 250.000, 0.000, 2.350, 0, 0 
83334, 30140223, 0.000, 0.000, -454.981, 250.000, 0.000, 2.350, 0, 0 
83334, 31145117, 0.000, 0.000, -454.981, 250.000, 0.000, 2.350, 0, 0 
83334, 32149145, 0.000, 0.000, -454.981, 250.000, 0.000, 2.350, 0, 0 
83334, 33184533, 0.000, 0.000, -454.967, 250.000, 0.000, 2.350, 0, 0 
83334, 34188954, 0.000, 0.000, -454.994, 250.000, 0.000, 2.350, 0, 0 
83334, 35193802, 0.000, 0.000, -454.981, 250.000, 0.000, 2.350, 0, 0 
83334, 36197999, 0.000, 0.000, -454.967, 250.000, 0.000, 2.350, 0, 0 
83334, 37203872, 0.000, 0.000, -454.967, 250.000, 0.000, 2.350, 0, 0 
83334, 38208886, 0.000, 0.000, -454.981, 250.000, 0.000, 2.350, 0, 0 
83334, 39317325, 0.000, 0.000, -454.981, 250.000, 0.000, 2.350, 0, 0 
83334, 40382222, 0.000, 0.000, -454.967, 250.000, 0.000, 2.350, 0, 0 
83334, 41386618, 0.000, 0.000, -454.967, 250.000, 0.000, 2.350, 0, 0 
83334, 42449568, 0.000, 0.000, -454.981, 250.000, 0.000, 2.350, 0, 0 
83334, 43514680, 0.000, 0.000, -454.981, 250.000, 0.000, 2.350, 0, 0 
83334, 44576048, 0.000, 0.000, -454.967, 250.000, 0.000, 2.350, 0, 0 
83334, 45580382, 0.000, 0.000, -454.981, 250.000, 0.000, 2.350, 0, 0 
83334, 46645013, 0.000, 0.000, -454.981, 250.000, 0.000, 2.350, 0, 0 
83334, 47649868, 0.000, 0.000, -454.994, 250.000, 0.000, 2.350, 0, 0 
83334, 48654447, 0.000, 0.000, -454.981, 250.000, 0.000, 2.350, 0, 0 
83334, 49673715, 0.000, 0.000, -454.981, 250.000, 0.000, 2.350, 0, 0 
83334, 50710537, 0.000, 0.000, -454.981, 250.000, 0.000, 2.350, 0, 0 
83334, 51749764, 0.000, 0.000, -454.994, 250.000, 0.000, 2.350, 0, 0 
83334, 52754024, 0.000, 0.000, -454.981, 250.000, 0.000, 2.350, 0, 0 
83334, 53815805, 0.000, 0.000, -454.967, 250.000, 0.000, 2.350, 0, 0 
83334, 54850201, 0.000, 0.000, -454.981, 250.000, 0.000, 2.350, 0, 0 
83334, 55884285, 0.000, 0.000, -454.981, 250.000, 0.000, 2.350, 0, 0 
83334, 56888622, 0.000, 0.000, -454.981, 250.000, 0.000, 2.350, 0, 0 
83334, 57925068, 0.000, 0.000, -454.994, 250.000, 0.000, 2.350, 0, 0 
83334, 58962577, 0.000, 0.000, -454.981, 250.000, 0.000, 2.350, 0, 0 
83334, 59977519, 0.000, 0.000, -454.981, 250.000, 0.000, 2.350, 0, 0 
83334, 60983572, 0.000, 0.000, -454.981, 250.000, 0.000, 2.350, 0, 0 
83334, 61989690, 0.000, 0.000, -454.981, 250.000, 0.000, 2.350, 0, 0 
83334, 63026601, 0.000, 0.000, -454.981, 250.000, 0.000, 2.350, 0, 0 
83334, 64061590, 0.000, 0.000, -454.967, 250.000, 0.000, 2.350, 0, 0 
83334, 65065971, 0.000, 0.000, -454.994, 250.000, 0.000, 2.350, 0, 0 
83334, 66070422, 0.000, 0.000, -454.967, 250.000, 0.000, 2.350, 0, 0 
83334, 67106610, 0.000, 0.000, -454.994, 250.000, 0.000, 2.350, 0, 0 
83334, 68111271, 0.000, 0.000, -454.967, 250.000, 0.000, 2.350, 0, 0 
83334, 69145673, 0.000, 0.000, -454.981, 250.000, 0.000, 2.350, 0, 0 
83334, 70233537, 0.000, 0.000, -454.967, 250.000, 0.000, 2.350, 0, 0 
83334, 71238060, 0.000, 0.000, -454.981, 250.000, 0.000, 2.350, 0, 0 
83334, 72275453, 0.000, 0.000, -454.981, 250.000, 0.000, 2.350, 0, 0 
83334, 73280919, 0.000, 0.000, -454.967, 250.000, 0.000, 2.350, 0, 0 
83334, 74286010, 0.000, 0.000, -454.967, 250.000, 0.000, 2.350, 0, 0 
83334, 75341177, 0.000, 0.000, -454.981, 250.000, 0.000, 2.350, 0, 0 
83334, 76345940, 0.000, 0.000, -454.981, 250.000, 0.000, 2.350, 0, 0 
83334, 77350754, 0.000, 0.000, -454.981, 250.000, 0.000, 2.350, 0, 0 
83334, 78480174, 0.000, 0.000, -454.981, 250.000, 0.000, 2.350, 0, 0 
83334, 79521822, 0.000, 0.000, -454.967, 250.000, 0.000, 2.350, 0, 0 
83334, 80638446, 0.000, 0.000, -454.981, 250.000, 0.000, 2.350, 0, 0 
83334, 81643113, 0.000, 0.000, -454.981, 250.000, 0.000, 2.350, 0, 0 
83334, 82682962, 0.000, 0.000, -454.967, 250.000, 0.000, 2.350, 0, 0 
83334, 83687306, 0.000, 0.000, -454.967, 250.000, 0.000, 2.350, 0, 0 
83334, 84691993, 0.000, 0.000, -454.967, 250.000, 0.000, 2.350, 0, 0 
83334, 85735822, 0.000, 0.000, -454.994, 250.000, 0.000, 2.350, 0, 0 
83334, 86778951, 0.000, 0.000, -454.981, 250.000, 0.000, 2.350, 0, 0 
83334, 87819306, 0.000, 0.000, -454.994, 250.000, 0.000, 2.350, 0, 0 
83334, 88824414, 0.000, 0.000, -454.967, 250.000, 0.000, 2.350, 0, 0 
83334, 89899819, 0.000, 0.000, -454.981, 250.000, 0.000, 2.350, 0, 0 
83334, 90984718, 0.000, 0.000, -454.981, 250.000, 0.000, 2.350, 0, 0 
83334, 91989660, 0.000, 0.000, -454.981, 250.000, 0.000, 2.350, 0, 0 
83334, 92994343, 0.000, 0.000, -454.994, 250.000, 0.000, 2.350, 0, 0 
83334, 94068386, 0.000, 0.000, -454.967, 250.000, 0.000, 2.350, 0, 0 
83334, 95175223, 0.000, 0.000, -454.981, 250.000, 0.000, 2.350, 0, 0 
83334, 96255277, 0.000, 0.000, -454.994, 250.000, 0.000, 2.350, 0, 0 
83334, 97328556, 0.000, 0.000, -454.967, 250.000, 0.000, 2.350, 0, 0 
83334, 98333377, 0.000, 0.000, -454.967, 250.000, 0.000, 2.350, 0, 0 
83334, 99337986, 0.000, 0.000, -454.981, 250.000, 0.000, 2.350, 0, 0 
83334, 100413560, 0.000, 0.000, -454.981, 250.000, 0.000, 2.350, 0, 0 
83334, 101428347, 0.000, 0.000, -454.994, 250.000, 0.000, 2.350, 0, 0 
83334, 102432946, 0.000, 0.000, -454.981, 250.000, 0.000, 2.350, 0, 0 
83334, 103437914, 0.000, 0.000, -454.981, 250.000, 0.000, 2.350, 0, 0 
83334, 104493183, 0.000, 0.000, -454.994, 250.000, 0.000, 2.350, 0, 0 
83334, 105560216, 0.000, 0.000, -454.981, 250.000, 0.000, 2.350, 0, 0 
83334, 106594867, 0.000, 0.000, -454.981, 250.000, 0.000, 2.350, 0, 0 
83334, 107600026, 0.000, 0.000, -454.981, 250.000, 0.000, 2.350, 0, 0 
83334, 108634532, 0.000, 0.000, -454.981, 250.000, 0.000, 2.350, 0, 0 
83334, 109707254, 0.000, 0.000, -454.981, 250.000, 0.000, 2.350, 0, 0 
83334, 110712032, 0.000, 0.000, -454.981, 250.000, 0.000, 2.350, 0, 0 
83334, 111726625, 0.000, 0.000, -454.981, 250.000, 0.000, 2.350, 0, 0 
83334, 112731241, 0.000, 0.000, -454.967, 250.000, 0.000, 2.350, 0, 0 
83334, 113735905, 0.000, 0.000, -454.967, 250.000, 0.000, 2.350, 0, 0 
83334, 114740664, 0.000, 0.000, -454.967, 250.000, 0.000, 2.350, 0, 0 
83334, 115805921, 0.000, 0.000, -454.981, 250.000, 0.000, 2.350, 0, 0 
83334, 116839407, 0.000, 0.000, -454.994, 250.000, 0.000, 2.350, 0, 0 
83334, 117873306, 0.000, 0.000, -454.967, 250.000, 0.000, 2.350, 0, 0 
83334, 118952414, 0.000, 0.000, -454.981, 250.000, 0.000, 2.350, 0, 0 
83334, 120055488, 0.000, 0.000, -454.981, 250.000, 0.000, 2.350, 0, 0 
83334, 121087754, 0.000, 0.000, -454.981, 250.000, 0.000, 2.350, 0, 0 
83334, 122232103, 0.000, 0.000, -454.967, 250.000, 0.000, 2.350, 0, 0 
83334, 123238654, 0.000, 0.000, -454.967, 250.000, 0.000, 2.350, 0, 0 
83334, 124274901, 0.000, 0.000, -454.981, 250.000, 0.000, 2.350, 0, 0 
83334, 125311439, 0.000, 0.000, -454.981, 250.000, 0.000, 2.350, 0, 0 
83334, 126317051, 0.000, 0.000, -454.981, 250.000, 0.000, 2.350, 0, 0 
83334, 127351153, 0.000, 0.000, -454.981, 250.000, 0.000, 2.350, 0, 0 
83334, 128356742, 0.000, 0.000, -454.967, 250.000, 0.000, 2.350, 0, 0 
83334, 129390699, 0.000, 0.000, -454.981, 250.000, 0.000, 2.350, 0, 0 
83334, 130396016, 0.000, 0.000, -454.967, 250.000, 0.000, 2.350, 0, 0 
83334, 131430783, 0.000, 0.000, -454.967, 250.000, 0.000, 2.350, 0, 0 
83334, 132486489, 0.000, 0.000, -454.967, 250.000, 0.000, 2.350, 0, 0 
83334, 133520872, 0.000, 0.000, -454.967, 250.000, 0.000, 2.350, 0, 0 
83334, 134526167, 0.000, 0.000, -454.994, 250.000, 0.000, 2.350, 0, 0 
83334, 135563043, 0.000, 0.000, -454.967, 250.000, 0.000, 2.350, 0, 0 
83334, 136568750, 0.000, 0.000, -454.981, 250.000, 0.000, 2.350, 0, 0 
83334, 137574836, 0.000, 0.000, -454.967, 250.000, 0.000, 2.350, 0, 0 
83334, 138580693, 0.000, 0.000, -454.981, 250.000, 0.000, 2.350, 0, 0 
83334, 139587501, 0.000, 0.000, -454.981, 250.000, 0.000, 2.350, 0, 0 
83334, 140627683, 0.000, 0.000, -454.967, 250.000, 0.000, 2.350, 0, 0 
83334, 141701755, 0.000, 0.000, -454.981, 250.000, 0.000, 2.350, 0, 0 
83334, 142749923, 0.000, 0.000, -454.981, 250.000, 0.000, 2.350, 0, 0 
83334, 143786499, 0.000, 0.000, -454.981, 250.000, 0.000, 2.350, 0, 0 
83334, 144820903, 0.000, 0.000, -454.981, 250.000, 0.000, 2.350, 0, 0 
83334, 145855005, 0.000, 0.000, -454.994, 250.000, 0.000, 2.350, 0, 0 
83334, 146890721, 0.000, 0.000, -454.981, 250.000, 0.000, 2.350, 0, 0 
83334, 147926828, 0.000, 0.000, -454.981, 250.000, 0.000, 2.350, 0, 0 
83334, 148962935, 0.000, 0.000, -454.981, 250.000, 0.000, 2.350, 0, 0 
83334, 149968462, 0.000, 0.000, -454.981, 250.000, 0.000, 2.350, 0, 0 
83334, 151003281, 0.000, 0.000, -454.994, 250.000, 0.000, 2.350, 0, 0 
83334, 152041089, 0.000, 0.000, -454.981, 250.000, 0.000, 2.350, 0, 0 
83334, 153085910, 0.000, 0.000, -454.981, 250.000, 0.000, 2.350, 0, 0 
83334, 154091354, 0.000, 0.000, -454.981, 250.000, 0.000, 2.350, 0, 0 
83334, 155127549, 0.000, 0.000, -454.967, 250.000, 0.000, 2.350, 0, 0 
83334, 156132994, 0.000, 0.000, -454.967, 250.000, 0.000, 2.350, 0, 0 
83334, 157137656, 0.000, 0.000, -454.981, 250.000, 0.000, 2.350, 0, 0 
83334, 158142298, 0.000, 0.000, -454.981, 250.000, 0.000, 2.350, 0, 0 
83334, 159146943, 0.000, 0.000, -454.967, 250.000, 0.000, 2.350, 0, 0 
83334, 160152196, 0.000, 0.000, -454.981, 250.000, 0.000, 2.350, 0, 0 
83334, 161157631, 0.000, 0.000, -454.981, 250.000, 0.000, 2.350, 0, 0 
83334, 162165227, 0.000, 0.000, -454.981, 250.000, 0.000, 2.350, 0, 0 
83334, 163186397, 0.000, 0.000, -454.981, 250.000, 0.000, 2.350, 0, 0 
83334, 164192192, 0.000, 0.000, -454.967, 250.000, 0.000, 2.350, 0, 0 
83334, 165206329, 0.000, 0.000, -454.981, 250.000, 0.000, 2.350, 0, 0 
83334, 166245218, 0.000, 0.000, -454.967, 250.000, 0.000, 2.350, 0, 0 
83334, 167250031, 0.000, 0.000, -454.981, 250.000, 0.000, 2.350, 0, 0 
83334, 168256147, 0.000, 0.000, -454.981, 250.000, 0.000, 2.350, 0, 0 
83334, 169295437, 0.000, 0.000, -454.981, 250.000, 0.000, 2.350, 0, 0 
83334, 170300397, 0.000, 0.000, -454.981, 250.000, 0.000, 2.350, 0, 0 
83334, 171334684, 0.000, 0.000, -454.981, 250.000, 0.000, 2.350, 0, 0 
83334, 172351779, 0.000, 0.000, -454.994, 250.000, 0.000, 2.350, 0, 0 
83334, 173368205, 0.000, 0.000, -454.967, 250.000, 0.000, 2.350, 0, 0 
83334, 174372951, 0.000, 0.000, -454.967, 250.000, 0.000, 2.350, 0, 0 
83334, 175377701, 0.000, 0.000, -454.981, 250.000, 0.000, 2.350, 0, 0 
83334, 176382787, 0.000, 0.000, -454.994, 250.000, 0.000, 2.350, 0, 0 
83334, 177393498, 0.000, 0.000, -454.981, 250.000, 0.000, 2.350, 0, 0 
83334, 178429143, 0.000, 0.000, -454.981, 250.000, 0.000, 2.350, 0, 0 
83334, 179466249, 0.000, 0.000, -454.994, 250.000, 0.000, 2.350, 0, 0 
83334, 180472229, 0.000, 0.000, -454.981, 250.000, 0.000, 2.350, 0, 0 
83334, 181477169, 0.000, 0.000, -454.967, 250.000, 0.000, 2.350, 0, 0 
83334, 182516059, 0.000, 0.000, -454.981, 250.000, 0.000, 2.350, 0, 0 
83334, 183529829, 0.000, 0.000, -454.967, 250.000, 0.000, 2.350, 0, 0 
83334, 184534754, 0.000, 0.000, -454.981, 250.000, 0.000, 2.350, 0, 0 
83334, 185569306, 0.000, 0.000, -454.967, 250.000, 0.000, 2.350, 0, 0 
83334, 186574020, 0.000, 0.000, -454.994, 250.000, 0.000, 2.350, 0, 0 
83334, 187578647, 0.000, 0.000, -454.994, 250.000, 0.000, 2.350, 0, 0 
83334, 188585278, 0.000, 0.000, -454.994, 250.000, 0.000, 2.350, 0, 0 
83334, 189622123, 0.000, 0.000, -454.981, 250.000, 0.000, 2.350, 0, 0 
83334, 190627387, 0.000, 0.000, -454.967, 250.000, 0.000, 2.350, 0, 0 
83334, 191632134, 0.000, 0.000, -454.981, 250.000, 0.000, 2.350, 0, 0 
83334, 192638985, 0.000, 0.000, -454.981, 250.000, 0.000, 2.350, 0, 0 
83334, 193655763, 0.000, 0.000, -454.967, 250.000, 0.000, 2.350, 0, 0 
83334, 194719754, 0.000, 0.000, -454.981, 250.000, 0.000, 2.350, 0, 0 
83334, 195759298, 0.000, 0.000, -454.981, 250.000, 0.000, 2.350, 0, 0 
83334, 196798412, 0.000, 0.000, -454.967, 250.000, 0.000, 2.350, 0, 0 
83334, 197804223, 0.000, 0.000, -454.981, 250.000, 0.000, 2.350, 0, 0 
83334, 198886526, 0.000, 0.000, -454.994, 250.000, 0.000, 2.350, 0, 0 
83334, 199928534, 0.000, 0.000, -454.967, 250.000, 0.000, 2.350, 0, 0 
83334, 200934208, 0.000, 0.000, -454.994, 250.000, 0.000, 2.350, 0, 0 
83334, 201969346, 0.000, 0.000, -454.981, 250.000, 0.000, 2.350, 0, 0 
83334, 202976971, 0.000, 0.000, -454.967, 250.000, 0.000, 2.350, 0, 0 
83334, 204023532, 0.000, 0.000, -454.981, 250.000, 0.000, 2.350, 0, 0 
83334, 205056395, 0.000, 0.000, -454.981, 250.000, 0.000, 2.350, 0, 0 
83334, 206092411, 0.000, 0.000, -454.967, 250.000, 0.000, 2.350, 0, 0 
83334, 207126042, 0.000, 0.000, -454.967, 250.000, 0.000, 2.350, 0, 0 
83334, 208160231, 0.000, 0.000, -454.994, 250.000, 0.000, 2.350, 0, 0 
83334, 209226351, 0.000, 0.000, -454.967, 250.000, 0.000, 2.350, 0, 0 
83334, 210293021, 0.000, 0.000, -454.994, 250.000, 0.000, 2.350, 0, 0 
83334, 211359726, 0.000, 0.000, -454.981, 250.000, 0.000, 2.350, 0, 0 
83334, 212434123, 0.000, 0.000, -454.967, 250.000, 0.000, 2.350, 0, 0 
83334, 213500155, 0.000, 0.000, -454.994, 250.000, 0.000, 2.350, 0, 0 
83334, 214608241, 0.000, 0.000, -454.981, 250.000, 0.000, 2.350, 0, 0 
83334, 215642618, 0.000, 0.000, -454.981, 250.000, 0.000, 2.350, 0, 0 
83334, 216650493, 0.000, 0.000, -454.994, 250.000, 0.000, 2.350, 0, 0 
83334, 217655427, 0.000, 0.000, -454.981, 250.000, 0.000, 2.350, 0, 0 
83334, 218727090, 0.000, 0.000, -454.981, 250.000, 0.000, 2.350, 0, 0 
83334, 219800143, 0.000, 0.000, -454.981, 250.000, 0.000, 2.350, 0, 0 
83334, 220872322, 0.000, 0.000, -454.981, 250.000, 0.000, 2.350, 0, 0 
83334, 221877322, 0.000, 0.000, -454.981, 250.000, 0.000, 2.350, 0, 0 
83334, 222881993, 0.000, 0.000, -454.981, 250.000, 0.000, 2.350, 0, 0 
83334, 223962281, 0.000, 0.000, -454.981, 250.000, 0.000, 2.350, 0, 0 
83334, 224976737, 0.000, 0.000, -454.981, 250.000, 0.000, 2.350, 0, 0 
83334, 225981451, 0.000, 0.000, -454.967, 250.000, 0.000, 2.350, 0, 0 
83334, 226986080, 0.000, 0.000, -454.981, 250.000, 0.000, 2.350, 0, 0 
83334, 228026394, 0.000, 0.000, -454.981, 250.000, 0.000, 2.350, 0, 0 
83334, 229060688, 0.000, 0.000, -454.981, 250.000, 0.000, 2.350, 0, 0 
83334, 230065775, 0.000, 0.000, -454.981, 250.000, 0.000, 2.350, 0, 0 
83334, 231070730, 0.000, 0.000, -454.967, 250.000, 0.000, 2.350, 0, 0 
83334, 232108343, 0.000, 0.000, -454.967, 250.000, 0.000, 2.350, 0, 0 
83334, 233133049, 0.000, 0.000, -454.981, 250.000, 0.000, 2.350, 0, 0 
83334, 234167009, 0.000, 0.000, -454.994, 250.000, 0.000, 2.350, 0, 0 
83334, 235279023, 0.000, 0.000, -454.981, 250.000, 0.000, 2.350, 0, 0 
83334, 236283745, 0.000, 0.000, -454.981, 250.000, 0.000, 2.350, 0, 0 
83334, 237288404, 0.000, 0.000, -454.967, 250.000, 0.000, 2.350, 0, 0 
83334, 238322692, 0.000, 0.000, -454.994, 250.000, 0.000, 2.350, 0, 0 
83334, 239327579, 0.000, 0.000, -454.981, 250.000, 0.000, 2.350, 0, 0 
83334, 240381507, 0.000, 0.000, -454.967, 250.000, 0.000, 2.350, 0, 0 
83334, 241418107, 0.000, 0.000, -454.981, 250.000, 0.000, 2.350, 0, 0 
83334, 242423007, 0.000, 0.000, -454.967, 250.000, 0.000, 2.350, 0, 0 
83334, 243429193, 0.000, 0.000, -454.967, 250.000, 0.000, 2.350, 0, 0 
83334, 244434769, 0.000, 0.000, -454.981, 250.000, 0.000, 2.350, 0, 0 
83334, 245474055, 0.000, 0.000, -454.994, 250.000, 0.000, 2.350, 0, 0 
83334, 246511547, 0.000, 0.000, -454.981, 250.000, 0.000, 2.350, 0, 0 
83334, 247532801, 0.000, 0.000, -454.981, 250.000, 0.000, 2.350, 0, 0 
83334, 248537490, 0.000, 0.000, -454.994, 250.000, 0.000, 2.350, 0, 0 
83334, 249541821, 0.000, 0.000, -454.967, 250.000, 0.000, 2.350, 0, 0 
83334, 250545982, 0.000, 0.000, -454.981, 250.000, 0.000, 2.350, 0, 0 
83334, 251550168, 0.000, 0.000, -454.967, 250.000, 0.000, 2.350, 0, 0 
83334, 252554806, 0.000, 0.000, -454.981, 250.000, 0.000, 2.350, 0, 0 
83334, 253647887, 0.000, 0.000, -454.981, 250.000, 0.000, 2.350, 0, 0 
83334, 254653102, 0.000, 0.000, -454.967, 250.000, 0.000, 2.350, 0, 0 
83334, 255668594, 0.000, 0.000, -454.981, 250.000, 0.000, 2.350, 0, 0 
83334, 256673594, 0.000, 0.000, -454.967, 250.000, 0.000, 2.350, 0, 0 
83334, 257678511, 0.000, 0.000, -454.967, 250.000, 0.000, 2.350, 0, 0 
83334, 258683594, 0.000, 0.000, -454.981, 250.000, 0.000, 2.350, 0, 0 
83334, 259689017, 0.000, 0.000, -454.981, 250.000, 0.000, 2.350, 0, 0 
83334, 260694316, 0.000, 0.000, -454.981, 250.000, 0.000, 2.350, 0, 0 
83334, 261736184, 0.000, 0.000, -454.981, 250.000, 0.000, 2.350, 0, 0 
83334, 262741823, 0.000, 0.000, -454.981, 250.000, 0.000, 2.350, 0, 0 
83334, 263776413, 0.000, 0.000, -454.981, 250.000, 0.000, 2.350, 0, 0 
83334, 264907459, 0.000, 0.000, -454.981, 250.000, 0.000, 2.350, 0, 0 
83334, 265955223, 0.000, 0.000, -454.981, 250.000, 0.000, 2.350, 0, 0 
83334, 266991379, 0.000, 0.000, -454.981, 250.000, 0.000, 2.350, 0, 0 
83334, 267996841, 0.000, 0.000, -454.981, 250.000, 0.000, 2.350, 0, 0 
83334, 269127081, 0.000, 0.000, -454.994, 250.000, 0.000, 2.350, 0, 0 
83334, 270132541, 0.000, 0.000, -454.981, 250.000, 0.000, 2.350, 0, 0 
83334, 271211247, 0.000, 0.000, -454.994, 250.000, 0.000, 2.350, 0, 0 
83334, 272216671, 0.000, 0.000, -454.994, 250.000, 0.000, 2.350, 0, 0 
83334, 273251371, 0.000, 0.000, -454.981, 250.000, 0.000, 2.350, 0, 0 
83334, 274256814, 0.000, 0.000, -454.981, 250.000, 0.000, 2.350, 0, 0 
83334, 275330914, 0.000, 0.000, -454.981, 250.000, 0.000, 2.350, 0, 0 
83334, 276379673, 0.000, 0.000, -454.981, 250.000, 0.000, 2.350, 0, 0 
83334, 277419322, 0.000, 0.000, -454.967, 250.000, 0.000, 2.350, 0, 0 
83334, 278424310, 0.000, 0.000, -454.967, 250.000, 0.000, 2.350, 0, 0 
83334, 279430264, 0.000, 0.000, -454.981, 250.000, 0.000, 2.350, 0, 0 
83334, 280464836, 0.000, 0.000, -454.994, 250.000, 0.000, 2.350, 0, 0 
83334, 281469597, 0.000, 0.000, -454.967, 250.000, 0.000, 2.350, 0, 0 
83334, 282474310, 0.000, 0.000, -454.967, 250.000, 0.000, 2.350, 0, 0 
83334, 283507815, 0.000, 0.000, -454.967, 250.000, 0.000, 2.350, 0, 0 
83334, 284543661, 0.000, 0.000, -454.994, 250.000, 0.000, 2.350, 0, 0 
83334, 285549265, 0.000, 0.000, -454.994, 250.000, 0.000, 2.350, 0, 0 
83334, 286597005, 0.000, 0.000, -454.967, 250.000, 0.000, 2.350, 0, 0 
83334, 287632048, 0.000, 0.000, -454.994, 250.000, 0.000, 2.350, 0, 0 
83334, 288665647, 0.000, 0.000, -454.994, 250.000, 0.000, 2.350, 0, 0 
83334, 289699412, 0.000, 0.000, -454.994, 250.000, 0.000, 2.350, 0, 0 
83334, 290730741, 0.000, 0.000, -454.967, 250.000, 0.000, 2.350, 0, 0 
83334, 291735451, 0.000, 0.000, -454.981, 250.000, 0.000, 2.350, 0, 0 
83334, 292761233, 0.000, 0.000, -454.994, 250.000, 0.000, 2.350, 0, 0 
83334, 293796470, 0.000, 0.000, -454.981, 250.000, 0.000, 2.350, 0, 0 
83334, 294831949, 0.000, 0.000, -454.981, 250.000, 0.000, 2.350, 0, 0 
83334, 295866421, 0.000, 0.000, -454.994, 250.000, 0.000, 2.350, 0, 0 
83334, 296911167, 0.000, 0.000, -454.994, 250.000, 0.000, 2.350, 0, 0 
83334, 297915857, 0.000, 0.000, -454.994, 250.000, 0.000, 2.350, 0, 0 
83334, 298950150, 0.000, 0.000, -454.967, 250.000, 0.000, 2.350, 0, 0 
83334, 299983701, 0.000, 0.000, -454.994, 250.000, 0.000, 2.350, 0, 0 
83334, 301018577, 0.000, 0.000, -454.994, 250.000, 0.000, 2.350, 0, 0 
83334, 302053223, 0.000, 0.000, -454.981, 250.000, 0.000, 2.350, 0, 0 
83334, 303086812, 0.000, 0.000, -454.967, 250.000, 0.000, 2.350, 0, 0 
83334, 304122211, 0.000, 0.000, -454.967, 250.000, 0.000, 2.350, 0, 0 
83334, 305157149, 0.000, 0.000, -454.981, 250.000, 0.000, 2.350, 0, 0 
83334, 306192093, 0.000, 0.000, -454.981, 250.000, 0.000, 2.350, 0, 0 
83334, 307237521, 0.000, 0.000, -454.967, 250.000, 0.000, 2.350, 0, 0 
83334, 308272642, 0.000, 0.000, -454.967, 250.000, 0.000, 2.350, 0, 0 
83334, 309278150, 0.000, 0.000, -454.981, 250.000, 0.000, 2.350, 0, 0 
83334, 310314601, 0.000, 0.000, -454.981, 250.000, 0.000, 2.350, 0, 0 
83334, 311348825, 0.000, 0.000, -454.994, 250.000, 0.000, 2.350, 0, 0 
83334, 312383785, 0.000, 0.000, -454.981, 250.000, 0.000, 2.350, 0, 0 
83334, 313420124, 0.000, 0.000, -454.994, 250.000, 0.000, 2.350, 0, 0 
83334, 314458827, 0.000, 0.000, -454.981, 250.000, 0.000, 2.350, 0, 0 
83334, 315468228, 0.000, 0.000, -454.994, 250.000, 0.000, 2.350, 0, 0 
83334, 316509402, 0.000, 0.000, -454.981, 250.000, 0.000, 2.350, 0, 0 
83334, 317583325, 0.000, 0.000, -454.981, 250.000, 0.000, 2.350, 0, 0 
83334, 318656419, 0.000, 0.000, -454.967, 250.000, 0.000, 2.350, 0, 0 
83334, 319661446, 0.000, 0.000, -454.967, 250.000, 0.000, 2.350, 0, 0 
83334, 320735145, 0.000, 0.000, -454.967, 250.000, 0.000, 2.350, 0, 0 
83334, 321740488, 0.000, 0.000, -454.967, 250.000, 0.000, 2.350, 0, 0 
83334, 322772587, 0.000, 0.000, -454.981, 250.000, 0.000, 2.350, 0, 0 
83334, 323808243, 0.000, 0.000, -454.967, 250.000, 0.000, 2.350, 0, 0 
83334, 324813761, 0.000, 0.000, -454.967, 250.000, 0.000, 2.350, 0, 0 
83334, 325845297, 0.000, 0.000, -454.981, 250.000, 0.000, 2.350, 0, 0 
83334, 326880487, 0.000, 0.000, -454.981, 250.000, 0.000, 2.350, 0, 0 
83334, 327898516, 0.000, 0.000, -454.967, 250.000, 0.000, 2.350, 0, 0 
83334, 328904347, 0.000, 0.000, -454.994, 250.000, 0.000, 2.350, 0, 0 
83334, 329941633, 0.000, 0.000, -454.981, 250.000, 0.000, 2.350, 0, 0 
83334, 330959974, 0.000, 0.000, -454.981, 250.000, 0.000, 2.350, 0, 0 
83334, 331964901, 0.000, 0.000, -454.981, 250.000, 0.000, 2.350, 0, 0 
83334, 333035158, 0.000, 0.000, -454.994, 250.000, 0.000, 2.350, 0, 0 
83334, 334107142, 0.000, 0.000, -454.981, 250.000, 0.000, 2.350, 0, 0 
83334, 335112054, 0.000, 0.000, -454.981, 250.000, 0.000, 2.350, 0, 0 
83334, 336117323, 0.000, 0.000, -454.981, 250.000, 0.000, 2.350, 0, 0 
83334, 337122045, 0.000, 0.000, -454.981, 250.000, 0.000, 2.350, 0, 0 
83334, 338136093, 0.000, 0.000, -454.967, 250.000, 0.000, 2.350, 0, 0 
83334, 339140924, 0.000, 0.000, -454.981, 250.000, 0.000, 2.350, 0, 0 
83334, 340175911, 0.000, 0.000, -454.981, 250.000, 0.000, 2.350, 0, 0 
83334, 341180770, 0.000, 0.000, -454.967, 250.000, 0.000, 2.350, 0, 0 
83334, 342185354, 0.000, 0.000, -454.967, 250.000, 0.000, 2.350, 0, 0 
83334, 343251149, 0.000, 0.000, -454.981, 250.000, 0.000, 2.350, 0, 0 
83334, 344321024, 0.000, 0.000, -454.981, 250.000, 0.000, 2.350, 0, 0 
83334, 345387135, 0.000, 0.000, -454.981, 250.000, 0.000, 2.350, 0, 0 
83334, 346391909, 0.000, 0.000, -454.981, 250.000, 0.000, 2.350, 0, 0 
83334, 347425818, 0.000, 0.000, -454.981, 250.000, 0.000, 2.350, 0, 0 
83334, 348533803, 0.000, 0.000, -454.981, 250.000, 0.000, 2.350, 0, 0 
83334, 349538247, 0.000, 0.000, -454.967, 250.000, 0.000, 2.350, 0, 0 
83334, 350603010, 0.000, 0.000, -454.981, 250.000, 0.000, 2.350, 0, 0 
83334, 351667316, 0.000, 0.000, -454.981, 250.000, 0.000, 2.350, 0, 0 
83334, 352732608, 0.000, 0.000, -454.994, 250.000, 0.000, 2.350, 0, 0 
83334, 353807878, 0.000, 0.000, -454.981, 250.000, 0.000, 2.350, 0, 0 
83334, 354812721, 0.000, 0.000, -454.981, 250.000, 0.000, 2.350, 0, 0 
83334, 355817982, 0.000, 0.000, -454.981, 250.000, 0.000, 2.350, 0, 0 
83334, 356893646, 0.000, 0.000, -454.981, 250.000, 0.000, 2.350, 0, 0 
83334, 357962874, 0.000, 0.000, -454.994, 250.000, 0.000, 2.350, 0, 0 
83334, 359076900, 0.000, 0.000, -454.981, 250.000, 0.000, 2.350, 0, 0 
83334, 360082794, 0.000, 0.000, -454.981, 250.000, 0.000, 2.350, 0, 0 
83334, 361087603, 0.000, 0.000, -454.994, 250.000, 0.000, 2.350, 0, 0 
83334, 362093036, 0.000, 0.000, -454.994, 250.000, 0.000, 2.350, 0, 0 
83334, 363127618, 0.000, 0.000, -454.981, 250.000, 0.000, 2.350, 0, 0 
83334, 364132785, 0.000, 0.000, -454.967, 250.000, 0.000, 2.350, 0, 0 
83334, 365195389, 0.000, 0.000, -454.981, 250.000, 0.000, 2.350, 0, 0 
83334, 366225132, 0.000, 0.000, -454.967, 250.000, 0.000, 2.350, 0, 0 
83334, 367254540, 0.000, 0.000, -454.981, 250.000, 0.000, 2.350, 0, 0 
83334, 368259382, 0.000, 0.000, -454.967, 250.000, 0.000, 2.350, 0, 0 
83334, 369339353, 0.000, 0.000, -454.981, 250.000, 0.000, 2.350, 0, 0 
83334, 370368855, 0.000, 0.000, -454.967, 250.000, 0.000, 2.350, 0, 0 
83334, 371373224, 0.000, 0.000, -454.981, 250.000, 0.000, 2.350, 0, 0 
83334, 372377885, 0.000, 0.000, -454.981, 250.000, 0.000, 2.350, 0, 0 
83334, 373412896, 0.000, 0.000, -454.967, 250.000, 0.000, 2.350, 0, 0 
83334, 374479181, 0.000, 0.000, -454.994, 250.000, 0.000, 2.350, 0, 0 
83334, 375484061, 0.000, 0.000, -454.967, 250.000, 0.000, 2.350, 0, 0 
83334, 376489358, 0.000, 0.000, -454.994, 250.000, 0.000, 2.350, 0, 0 
83334, 377494273, 0.000, 0.000, -454.953, 250.000, 0.000, 2.350, 0, 0 
83334, 378498880, 0.000, 0.000, -454.967, 250.000, 0.000, 2.350, 0, 0 
83334, 379513389, 0.000, 0.000, -454.981, 250.000, 0.000, 2.350, 0, 0 
83334, 380519939, 0.000, 0.000, -454.967, 250.000, 0.000, 2.350, 0, 0 
83334, 381656022, 0.000, 0.000, -454.967, 250.000, 0.000, 2.350, 0, 0 
83334, 382690358, 0.000, 0.000, -454.981, 250.000, 0.000, 2.350, 0, 0 
83334, 383724944, 0.000, 0.000, -454.981, 250.000, 0.000, 2.350, 0, 0 
83334, 384765076, 0.000, 0.000, -454.981, 250.000, 0.000, 2.350, 0, 0 
83334, 385803285, 0.000, 0.000, -454.967, 250.000, 0.000, 2.350, 0, 0 
83334, 386853529, 0.000, 0.000, -454.994, 250.000, 0.000, 2.350, 0, 0 
83334, 387927000, 0.000, 0.000, -454.967, 250.000, 0.000, 2.350, 0, 0 
83334, 388931941, 0.000, 0.000, -454.981, 250.000, 0.000, 2.350, 0, 0 
83334, 389946690, 0.000, 0.000, -454.994, 250.000, 0.000, 2.350, 0, 0 
83334, 390951405, 0.000, 0.000, -454.981, 250.000, 0.000, 2.350, 0, 0 
83334, 391957148, 0.000, 0.000, -454.981, 250.000, 0.000, 2.350, 0, 0 
83334, 392997201, 0.000, 0.000, -454.994, 250.000, 0.000, 2.350, 0, 0 
83334, 394002199, 0.000, 0.000, -454.994, 250.000, 0.000, 2.350, 0, 0 
83334, 395101147, 0.000, 0.000, -454.981, 250.000, 0.000, 2.350, 0, 0 
83334, 396106903, 0.000, 0.000, -454.981, 250.000, 0.000, 2.350, 0, 0 
83334, 397111900, 0.000, 0.000, -454.981, 250.000, 0.000, 2.350, 0, 0 
83334, 398185890, 0.000, 0.000, -454.981, 250.000, 0.000, 2.350, 0, 0 
83334, 399190561, 0.000, 0.000, -454.967, 250.000, 0.000, 2.350, 0, 0 
83334, 400206732, 0.000, 0.000, -454.967, 250.000, 0.000, 2.350, 0, 0 
83334, 401341226, 0.000, 0.000, -454.981, 250.000, 0.000, 2.350, 0, 0 
83334, 402346995, 0.000, 0.000, -454.967, 250.000, 0.000, 2.350, 0, 0 
83334, 403387459, 0.000, 0.000, -454.994, 250.000, 0.000, 2.350, 0, 0 
83334, 404512660, 0.000, 0.000, -454.981, 250.000, 0.000, 2.350, 0, 0 
83334, 405588327, 0.000, 0.000, -454.981, 250.000, 0.000, 2.350, 0, 0 
83334, 406657405, 0.000, 0.000, -454.967, 250.000, 0.000, 2.350, 0, 0 
83334, 407697260, 0.000, 0.000, -454.967, 250.000, 0.000, 2.350, 0, 0 
83334, 408702079, 0.000, 0.000, -454.967, 250.000, 0.000, 2.350, 0, 0 
83334, 409746554, 0.000, 0.000, -454.981, 250.000, 0.000, 2.350, 0, 0 
83334, 410858292, 0.000, 0.000, -454.981, 250.000, 0.000, 2.350, 0, 0 
83334, 411943119, 0.000, 0.000, -454.981, 250.000, 0.000, 2.350, 0, 0 
83334, 412949209, 0.000, 0.000, -454.967, 250.000, 0.000, 2.350, 0, 0 
83334, 413993027, 0.000, 0.000, -454.981, 250.000, 0.000, 2.350, 0, 0 
83334, 415029633, 0.000, 0.000, -454.967, 250.000, 0.000, 2.350, 0, 0 
83334, 416044555, 0.000, 0.000, -454.981, 250.000, 0.000, 2.350, 0, 0 
83334, 417084470, 0.000, 0.000, -454.981, 250.000, 0.000, 2.350, 0, 0 
83334, 418089194, 0.000, 0.000, -454.981, 250.000, 0.000, 2.350, 0, 0 
83334, 419128671, 0.000, 0.000, -454.967, 250.000, 0.000, 2.350, 0, 0 
83334, 420133656, 0.000, 0.000, -454.981, 250.000, 0.000, 2.350, 0, 0 
83334, 421149275, 0.000, 0.000, -454.981, 250.000, 0.000, 2.350, 0, 0 
83334, 422154865, 0.000, 0.000, -454.967, 250.000, 0.000, 2.350, 0, 0 
83334, 423159997, 0.000, 0.000, -454.967, 250.000, 0.000, 2.350, 0, 0 
83334, 424165629, 0.000, 0.000, -454.981, 250.000, 0.000, 2.350, 0, 0 
83334, 425172367, 0.000, 0.000, -454.967, 250.000, 0.000, 2.350, 0, 0 
83334, 426248661, 0.000, 0.000, -454.981, 250.000, 0.000, 2.350, 0, 0 
83334, 427253762, 0.000, 0.000, -454.967, 250.000, 0.000, 2.350, 0, 0 
83334, 428258889, 0.000, 0.000, -454.981, 250.000, 0.000, 2.350, 0, 0 
83334, 429347994, 0.000, 0.000, -454.981, 250.000, 0.000, 2.350, 0, 0 
83334, 430363915, 0.000, 0.000, -454.981, 250.000, 0.000, 2.350, 0, 0 
83334, 431413187, 0.000, 0.000, -454.981, 250.000, 0.000, 2.350, 0, 0 
83334, 432418215, 0.000, 0.000, -454.981, 250.000, 0.000, 2.350, 0, 0 
83334, 433458221, 0.000, 0.000, -454.981, 250.000, 0.000, 2.350, 0, 0 
83334, 434493476, 0.000, 0.000, -454.981, 250.000, 0.000, 2.350, 0, 0 
83334, 435528176, 0.000, 0.000, -454.981, 250.000, 0.000, 2.350, 0, 0 
83334, 436609578, 0.000, 0.000, -454.981, 250.000, 0.000, 2.350, 0, 0 
83334, 437614614, 0.000, 0.000, -454.967, 250.000, 0.000, 2.350, 0, 0 
83334, 438705536, 0.000, 0.000, -454.981, 250.000, 0.000, 2.350, 0, 0 
83334, 439710638, 0.000, 0.000, -454.981, 250.000, 0.000, 2.350, 0, 0 
83334, 440754488, 0.000, 0.000, -454.981, 250.000, 0.000, 2.350, 0, 0 
83334, 441869921, 0.000, 0.000, -454.994, 250.000, 0.000, 2.350, 0, 0 
83334, 442915119, 0.000, 0.000, -454.967, 250.000, 0.000, 2.350, 0, 0 
83334, 443954148, 0.000, 0.000, -454.981, 250.000, 0.000, 2.350, 0, 0 
83334, 444992877, 0.000, 0.000, -454.981, 250.000, 0.000, 2.350, 0, 0 
83334, 446031565, 0.000, 0.000, -454.981, 250.000, 0.000, 2.350, 0, 0 
83334, 447036345, 0.000, 0.000, -454.981, 250.000, 0.000, 2.350, 0, 0 
83334, 448081473, 0.000, 0.000, -454.981, 250.000, 0.000, 2.350, 0, 0 
83334, 449179569, 0.000, 0.000, -454.981, 250.000, 0.000, 2.350, 0, 0 
83334, 450278578, 0.000, 0.000, -454.981, 250.000, 0.000, 2.350, 0, 0 
83334, 451351460, 0.000, 0.000, -454.981, 250.000, 0.000, 2.350, 0, 0 
83334, 452466425, 0.000, 0.000, -454.967, 250.000, 0.000, 2.350, 0, 0 
83334, 453471082, 0.000, 0.000, -454.967, 250.000, 0.000, 2.350, 0, 0 
83334, 454475768, 0.000, 0.000, -454.967, 250.000, 0.000, 2.350, 0, 0 
83334, 455506776, 0.000, 0.000, -454.967, 250.000, 0.000, 2.350, 0, 0 
83334, 456511470, 0.000, 0.000, -454.967, 250.000, 0.000, 2.350, 0, 0 
83334, 457516026, 0.000, 0.000, -454.981, 250.000, 0.000, 2.350, 0, 0 
83334, 458588261, 0.000, 0.000, -454.994, 250.000, 0.000, 2.350, 0, 0 
83334, 459721828, 0.000, 0.000, -454.994, 250.000, 0.000, 2.350, 0, 0 
83334, 460728273, 0.000, 0.000, -454.967, 250.000, 0.000, 2.350, 0, 0 
83334, 461733101, 0.000, 0.000, -454.967, 250.000, 0.000, 2.350, 0, 0 
83334, 462777479, 0.000, 0.000, -454.967, 250.000, 0.000, 2.350, 0, 0 
83334, 463782245, 0.000, 0.000, -454.994, 250.000, 0.000, 2.350, 0, 0 
83334, 464820430, 0.000, 0.000, -454.981, 250.000, 0.000, 2.350, 0, 0 
83334, 465825043, 0.000, 0.000, -454.967, 250.000, 0.000, 2.350, 0, 0 
83334, 466829743, 0.000, 0.000, -454.981, 250.000, 0.000, 2.350, 0, 0 
83334, 467864083, 0.000, 0.000, -454.981, 250.000, 0.000, 2.350, 0, 0 
83334, 468905769, 0.000, 0.000, -454.967, 250.000, 0.000, 2.350, 0, 0 
83334, 470048216, 0.000, 0.000, -454.967, 250.000, 0.000, 2.350, 0, 0 
83334, 471054875, 0.000, 0.000, -454.981, 250.000, 0.000, 2.350, 0, 0 
83334, 472060869, 0.000, 0.000, -454.981, 250.000, 0.000, 2.350, 0, 0 
83334, 473117949, 0.000, 0.000, -454.967, 250.000, 0.000, 2.350, 0, 0 
83334, 474123633, 0.000, 0.000, -454.981, 250.000, 0.000, 2.350, 0, 0 
83334, 475130433, 0.000, 0.000, -454.994, 250.000, 0.000, 2.350, 0, 0 
83334, 476214533, 0.000, 0.000, -454.994, 250.000, 0.000, 2.350, 0, 0 
83334, 477221218, 0.000, 0.000, -454.994, 250.000, 0.000, 2.350, 0, 0 
83334, 478349007, 0.000, 0.000, -454.981, 250.000, 0.000, 2.350, 0, 0 
83334, 479354666, 0.000, 0.000, -454.994, 250.000, 0.000, 2.350, 0, 0 
83334, 480363531, 0.000, 0.000, -454.981, 250.000, 0.000, 2.350, 0, 0 
83334, 481452236, 0.000, 0.000, -454.967, 250.000, 0.000, 2.350, 0, 0 
83334, 482457892, 0.000, 0.000, -454.981, 250.000, 0.000, 2.350, 0, 0 
83334, 483500914, 0.000, 0.000, -454.967, 250.000, 0.000, 2.350, 0, 0 
83334, 484536686, 0.000, 0.000, -454.981, 250.000, 0.000, 2.350, 0, 0 
83334, 485623878, 0.000, 0.000, -454.994, 250.000, 0.000, 2.350, 0, 0 
83334, 486655200, 0.000, 0.000, -454.967, 250.000, 0.000, 2.350, 0, 0 
83334, 487768631, 0.000, 0.000, -454.981, 250.000, 0.000, 2.350, 0, 0 
83334, 488803177, 0.000, 0.000, -454.981, 250.000, 0.000, 2.350, 0, 0 
83334, 489878070, 0.000, 0.000, -454.981, 250.000, 0.000, 2.350, 0, 0 
83334, 490883784, 0.000, 0.000, -454.967, 250.000, 0.000, 2.350, 0, 0 
83334, 491907988, 0.000, 0.000, -454.967, 250.000, 0.000, 2.350, 0, 0 
83334, 492913227, 0.000, 0.000, -454.967, 250.000, 0.000, 2.350, 0, 0 
83334, 493958891, 0.000, 0.000, -454.994, 250.000, 0.000, 2.350, 0, 0 
83334, 494963842, 0.000, 0.000, -454.994, 250.000, 0.000, 2.350, 0, 0 
83334, 495968885, 0.000, 0.000, -454.994, 250.000, 0.000, 2.350, 0, 0 
83334, 496973686, 0.000, 0.000, -454.981, 250.000, 0.000, 2.350, 0, 0 
83334, 498013851, 0.000, 0.000, -454.994, 250.000, 0.000, 2.350, 0, 0 
83334, 499048117, 0.000, 0.000, -454.981, 250.000, 0.000, 2.350, 0, 0 
83334, 500054222, 0.000, 0.000, -454.981, 250.000, 0.000, 2.350, 0, 0 
83334, 501094153, 0.000, 0.000, -454.967, 250.000, 0.000, 2.350, 0, 0 
83334, 502147518, 0.000, 0.000, -454.994, 250.000, 0.000, 2.350, 0, 0 
83334, 503152529, 0.000, 0.000, -454.981, 250.000, 0.000, 2.350, 0, 0 
83334, 504167746, 0.000, 0.000, -454.981, 250.000, 0.000, 2.350, 0, 0 
83334, 505201605, 0.000, 0.000, -454.981, 250.000, 0.000, 2.350, 0, 0 
83334, 506242121, 0.000, 0.000, -454.981, 250.000, 0.000, 2.350, 0, 0 
83334, 507314679, 0.000, 0.000, -454.981, 250.000, 0.000, 2.350, 0, 0 
83334, 508393733, 0.000, 0.000, -454.981, 250.000, 0.000, 2.350, 0, 0 
83334, 509461639, 0.000, 0.000, -454.967, 250.000, 0.000, 2.350, 0, 0 
83334, 510528987, 0.000, 0.000, -454.981, 250.000, 0.000, 2.350, 0, 0 
83334, 511595358, 0.000, 0.000, -454.981, 250.000, 0.000, 2.350, 0, 0 
83334, 512626590, 0.000, 0.000, -454.981, 250.000, 0.000, 2.350, 0, 0 
83334, 513662957, 0.000, 0.000, -454.981, 250.000, 0.000, 2.350, 0, 0 
83334, 514771675, 0.000, 0.000, -454.994, 250.000, 0.000, 2.350, 0, 0 
83334, 515809329, 0.000, 0.000, -454.967, 250.000, 0.000, 2.350, 0, 0 
83334, 516814056, 0.000, 0.000, -454.967, 250.000, 0.000, 2.350, 0, 0 
83334, 517895445, 0.000, 0.000, -454.967, 250.000, 0.000, 2.350, 0, 0 
83334, 518966174, 0.000, 0.000, -454.981, 250.000, 0.000, 2.350, 0, 0 
83334, 519971042, 0.000, 0.000, -454.994, 250.000, 0.000, 2.350, 0, 0 
83334, 521016081, 0.000, 0.000, -454.967, 250.000, 0.000, 2.350, 0, 0 
83334, 522151556, 0.000, 0.000, -454.981, 250.000, 0.000, 2.350, 0, 0 
83334, 523189440, 0.000, 0.000, -454.994, 250.000, 0.000, 2.350, 0, 0 
83334, 524223672, 0.000, 0.000, -454.981, 250.000, 0.000, 2.350, 0, 0 
83334, 525300078, 0.000, 0.000, -454.981, 250.000, 0.000, 2.350, 0, 0 
83334, 526304707, 0.000, 0.000, -454.967, 250.000, 0.000, 2.350, 0, 0 
83334, 527309383, 0.000, 0.000, -454.981, 250.000, 0.000, 2.350, 0, 0 
83334, 528314908, 0.000, 0.000, -454.981, 250.000, 0.000, 2.350, 0, 0 
83334, 529370723, 0.000, 0.000, -454.981, 250.000, 0.000, 2.350, 0, 0 
83334, 530375717, 0.000, 0.000, -455.008, 250.000, 0.000, 2.350, 0, 0 
83334, 531506407, 0.000, 0.000, -454.981, 250.000, 0.000, 2.350, 0, 0 
83334, 532512895, 0.000, 0.000, -454.981, 250.000, 0.000, 2.350, 0, 0 
83334, 533545861, 0.000, 0.000, -454.981, 250.000, 0.000, 2.350, 0, 0 
83334, 534580773, 0.000, 0.000, -454.981, 250.000, 0.000, 2.350, 0, 0 
83334, 535689650, 0.000, 0.000, -454.981, 250.000, 0.000, 2.350, 0, 0 
83334, 536796337, 0.000, 0.000, -454.981, 250.000, 0.000, 2.350, 0, 0 
83334, 537800922, 0.000, 0.000, -454.994, 250.000, 0.000, 2.350, 0, 0 
83334, 538805499, 0.000, 0.000, -454.981, 250.000, 0.000, 2.350, 0, 0 
83334, 539838706, 0.000, 0.000, -454.981, 250.000, 0.000, 2.350, 0, 0 
83334, 540843555, 0.000, 0.000, -454.994, 250.000, 0.000, 2.350, 0, 0 
83334, 541848060, 0.000, 0.000, -454.994, 250.000, 0.000, 2.350, 0, 0 
83334, 542912622, 0.000, 0.000, -454.981, 250.000, 0.000, 2.350, 0, 0 
83334, 543949069, 0.000, 0.000, -454.967, 250.000, 0.000, 2.350, 0, 0 
83334, 545023008, 0.000, 0.000, -454.967, 250.000, 0.000, 2.350, 0, 0 
83334, 546138051, 0.000, 0.000, -454.981, 250.000, 0.000, 2.350, 0, 0 
83334, 547203337, 0.000, 0.000, -454.994, 250.000, 0.000, 2.350, 0, 0 
83334, 548208092, 0.000, 0.000, -454.994, 250.000, 0.000, 2.350, 0, 0 
83334, 549308205, 0.000, 0.000, -454.981, 250.000, 0.000, 2.350, 0, 0 
83334, 550373977, 0.000, 0.000, -454.981, 250.000, 0.000, 2.350, 0, 0 
83334, 551447205, 0.000, 0.000, -454.994, 250.000, 0.000, 2.350, 0, 0 
83334, 552520818, 0.000, 0.000, -454.981, 250.000, 0.000, 2.350, 0, 0 
83334, 553592631, 0.000, 0.000, -454.967, 250.000, 0.000, 2.350, 0, 0 
83334, 554666716, 0.000, 0.000, -454.981, 250.000, 0.000, 2.350, 0, 0 
83334, 555738758, 0.000, 0.000, -454.967, 250.000, 0.000, 2.350, 0, 0 
83334, 556856533, 0.000, 0.000, -454.994, 250.000, 0.000, 2.350, 0, 0 
83334, 557861211, 0.000, 0.000, -454.981, 250.000, 0.000, 2.350, 0, 0 
83334, 558865846, 0.000, 0.000, -454.981, 250.000, 0.000, 2.350, 0, 0 
83334, 559904039, 0.000, 0.000, -454.994, 250.000, 0.000, 2.350, 0, 0 
83334, 560909091, 0.000, 0.000, -454.967, 250.000, 0.000, 2.350, 0, 0 
83334, 561913928, 0.000, 0.000, -454.967, 250.000, 0.000, 2.350, 0, 0 
83334, 562987026, 0.000, 0.000, -454.994, 250.000, 0.000, 2.350, 0, 0 
83334, 564069497, 0.000, 0.000, -454.981, 250.000, 0.000, 2.350, 0, 0 
83334, 565074507, 0.000, 0.000, -454.994, 250.000, 0.000, 2.350, 0, 0 
83334, 566079129, 0.000, 0.000, -454.994, 250.000, 0.000, 2.350, 0, 0 
83334, 567122631, 0.000, 0.000, -454.981, 250.000, 0.000, 2.350, 0, 0 
83334, 568160347, 0.000, 0.000, -454.994, 250.000, 0.000, 2.350, 0, 0 
83334, 569195092, 0.000, 0.000, -454.981, 250.000, 0.000, 2.350, 0, 0 
83334, 570229523, 0.000, 0.000, -454.981, 250.000, 0.000, 2.350, 0, 0 
83334, 571304305, 0.000, 0.000, -454.981, 250.000, 0.000, 2.350, 0, 0 
83334, 572387141, 0.000, 0.000, -454.994, 250.000, 0.000, 2.350, 0, 0 
83334, 573391640, 0.000, 0.000, -454.981, 250.000, 0.000, 2.350, 0, 0 
83334, 574426544, 0.000, 0.000, -454.981, 250.000, 0.000, 2.350, 0, 0 
83334, 575498123, 0.000, 0.000, -454.994, 250.000, 0.000, 2.350, 0, 0 
83334, 576502701, 0.000, 0.000, -454.981, 250.000, 0.000, 2.350, 0, 0 
83334, 577635929, 0.000, 0.000, -454.994, 250.000, 0.000, 2.350, 0, 0 
83334, 578670133, 0.000, 0.000, -454.994, 250.000, 0.000, 2.350, 0, 0 
83334, 579676038, 0.000, 0.000, -454.967, 250.000, 0.000, 2.350, 0, 0 
83334, 580712343, 0.000, 0.000, -454.967, 250.000, 0.000, 2.350, 0, 0 
83334, 581746750, 0.000, 0.000, -454.981, 250.000, 0.000, 2.350, 0, 0 
83334, 582782664, 0.000, 0.000, -454.981, 250.000, 0.000, 2.350, 0, 0 
83334, 583818270, 0.000, 0.000, -454.981, 250.000, 0.000, 2.350, 0, 0 
83334, 584891498, 0.000, 0.000, -454.967, 250.000, 0.000, 2.350, 0, 0 
83334, 585896510, 0.000, 0.000, -454.994, 250.000, 0.000, 2.350, 0, 0 
83334, 586901215, 0.000, 0.000, -454.994, 250.000, 0.000, 2.350, 0, 0 
83334, 588026662, 0.000, 0.000, -454.967, 250.000, 0.000, 2.350, 0, 0 
83334, 589032254, 0.000, 0.000, -454.981, 250.000, 0.000, 2.350, 0, 0 
83334, 590065885, 0.000, 0.000, -454.981, 250.000, 0.000, 2.350, 0, 0 
83334, 591103499, 0.000, 0.000, -454.967, 250.000, 0.000, 2.350, 0, 0 
83334, 592140091, 0.000, 0.000, -454.981, 250.000, 0.000, 2.350, 0, 0 
83334, 593177399, 0.000, 0.000, -454.967, 250.000, 0.000, 2.350, 0, 0 
83334, 594183921, 0.000, 0.000, -454.967, 250.000, 0.000, 2.350, 0, 0 
83334, 595218704, 0.000, 0.000, -454.981, 250.000, 0.000, 2.350, 0, 0 
83334, 596254024, 0.000, 0.000, -454.981, 250.000, 0.000, 2.350, 0, 0 
83334, 597299010, 0.000, 0.000, -454.981, 250.000, 0.000, 2.350, 0, 0 
83334, 598357373, 0.000, 0.000, -454.994, 250.000, 0.000, 2.350, 0, 0 
83334, 599362928, 0.000, 0.000, -454.981, 250.000, 0.000, 2.350, 0, 0 
83334, 600368300, 0.000, 0.000, -454.994, 250.000, 0.000, 2.350, 0, 0 
83334, 601376429, 0.000, 0.000, -454.967, 250.000, 0.000, 2.350, 0, 0 
83334, 602381949, 0.000, 0.000, -454.981, 250.000, 0.000, 2.350, 0, 0 
83334, 603411749, 0.000, 0.000, -454.981, 250.000, 0.000, 2.350, 0, 0 
83334, 604481839, 0.000, 0.000, -454.994, 250.000, 0.000, 2.350, 0, 0 
83334, 605486952, 0.000, 0.000, -454.981, 250.000, 0.000, 2.350, 0, 0 
83334, 606491818, 0.000, 0.000, -454.967, 250.000, 0.000, 2.350, 0, 0 
83334, 607501606, 0.000, 0.000, -454.981, 250.000, 0.000, 2.350, 0, 0 
83334, 608516036, 0.000, 0.000, -454.981, 250.000, 0.000, 2.350, 0, 0 
83334, 609520576, 0.000, 0.000, -454.967, 250.000, 0.000, 2.350, 0, 0 
83334, 610526563, 0.000, 0.000, -454.967, 250.000, 0.000, 2.350, 0, 0 
83334, 611556761, 0.000, 0.000, -454.967, 250.000, 0.000, 2.350, 0, 0 
83334, 612591166, 0.000, 0.000, -454.967, 250.000, 0.000, 2.350, 0, 0 
83334, 613631105, 0.000, 0.000, -454.967, 250.000, 0.000, 2.350, 0, 0 
83334, 614636747, 0.000, 0.000, -454.981, 250.000, 0.000, 2.350, 0, 0 
83334, 615670846, 0.000, 0.000, -454.981, 250.000, 0.000, 2.350, 0, 0 
83334, 616709636, 0.000, 0.000, -454.981, 250.000, 0.000, 2.350, 0, 0 
83334, 617751672, 0.000, 0.000, -454.981, 250.000, 0.000, 2.350, 0, 0 
83334, 618770877, 0.000, 0.000, -454.981, 250.000, 0.000, 2.350, 0, 0 
83334, 619808698, 0.000, 0.000, -454.994, 250.000, 0.000, 2.350, 0, 0 
83334, 620815245, 0.000, 0.000, -454.994, 250.000, 0.000, 2.350, 0, 0 
83334, 621890656, 0.000, 0.000, -454.981, 250.000, 0.000, 2.350, 0, 0 
83334, 622961809, 0.000, 0.000, -454.981, 250.000, 0.000, 2.350, 0, 0 
83334, 623966752, 0.000, 0.000, -454.981, 250.000, 0.000, 2.350, 0, 0 
83334, 624971461, 0.000, 0.000, -454.981, 250.000, 0.000, 2.350, 0, 0 
83334, 625976128, 0.000, 0.000, -454.981, 250.000, 0.000, 2.350, 0, 0 
83334, 626980810, 0.000, 0.000, -454.994, 250.000, 0.000, 2.350, 0, 0 
83334, 627985809, 0.000, 0.000, -454.994, 250.000, 0.000, 2.350, 0, 0 
83334, 628999599, 0.000, 0.000, -454.967, 250.000, 0.000, 2.350, 0, 0 
83334, 630004322, 0.000, 0.000, -454.981, 250.000, 0.000, 2.350, 0, 0 
83334, 631009819, 0.000, 0.000, -454.994, 250.000, 0.000, 2.350, 0, 0 
83334, 632046334, 0.000, 0.000, -454.981, 250.000, 0.000, 2.350, 0, 0 
83334, 633081067, 0.000, 0.000, -454.967, 250.000, 0.000, 2.350, 0, 0 
83334, 634112940, 0.000, 0.000, -454.994, 250.000, 0.000, 2.350, 0, 0 
83334, 635118279, 0.000, 0.000, -454.994, 250.000, 0.000, 2.350, 0, 0 
83334, 636123577, 0.000, 0.000, -454.967, 250.000, 0.000, 2.350, 0, 0 
83334, 637159476, 0.000, 0.000, -454.981, 250.000, 0.000, 2.350, 0, 0 
83334, 638165321, 0.000, 0.000, -454.981, 250.000, 0.000, 2.350, 0, 0 
83334, 639213499, 0.000, 0.000, -454.981, 250.000, 0.000, 2.350, 0, 0 
83334, 640218700, 0.000, 0.000, -454.981, 250.000, 0.000, 2.350, 0, 0 
83334, 641254766, 0.000, 0.000, -454.981, 250.000, 0.000, 2.350, 0, 0 
83334, 642301790, 0.000, 0.000, -454.967, 250.000, 0.000, 2.350, 0, 0 
83334, 643346469, 0.000, 0.000, -454.981, 250.000, 0.000, 2.350, 0, 0 
83334, 644390676, 0.000, 0.000, -454.994, 250.000, 0.000, 2.350, 0, 0 
83334, 645397174, 0.000, 0.000, -454.981, 250.000, 0.000, 2.350, 0, 0 
83334, 646402941, 0.000, 0.000, -454.981, 250.000, 0.000, 2.350, 0, 0 
83334, 647438543, 0.000, 0.000, -454.994, 250.000, 0.000, 2.350, 0, 0 
83334, 648473423, 0.000, 0.000, -454.981, 250.000, 0.000, 2.350, 0, 0 
