Wed Nov 28 14:22:12 2018
StepTime, x, v, f, xdes, vdes, fdes, cmd, IR, LSB, LSF
0, 77273, 690682682, 0.00, 100.00, 0.00, 2.25, 0, 0 
1, 77273, 692106727, 0.00, 100.00, 0.00, 2.25, 0, 0 
2, 77273, 693239776, 0.00, 100.00, 0.00, 2.25, 0, 0 
3, 77273, 693949844, 0.00, 100.00, 0.00, 2.25, 0, 0 
4, 77273, 694399285, 0.00, 100.00, 0.00, 2.25, 0, 0 
5, 77273, 694937626, 0.00, 100.00, 0.00, 2.25, 0, 0 
6, 77273, 695468134, 0.00, 100.00, 0.00, 2.25, 0, 0 
7, 77273, 695985816, 0.00, 100.00, 0.00, 2.25, 0, 0 
8, 77273, 696506460, 0.00, 100.00, 0.00, 2.25, 0, 0 
9, 77273, 697028483, 0.00, 100.00, 0.00, 2.25, 0, 0 
0, 77273, 697566980, 0.00, 100.00, 0.00, 2.25, 0, 0 
1, 77273, 698084215, 0.00, 100.00, 0.00, 2.25, 0, 0 
2, 77273, 698597785, 0.00, 100.00, 0.00, 2.25, 0, 0 
3, 77273, 699123201, 0.00, 100.00, 0.00, 2.25, 0, 0 
4, 77273, 699644290, 0.00, 100.00, 0.00, 2.25, 0, 0 
5, 77273, 700183398, 0.00, 100.00, 0.00, 2.25, 0, 0 
6, 77273, 700713252, 0.00, 100.00, 0.00, 2.25, 0, 0 
7, 77273, 701232071, 0.00, 100.00, 0.00, 2.25, 0, 0 
8, 77273, 701770287, 0.00, 100.00, 0.00, 2.25, 0, 0 
9, 77273, 702298124, 0.00, 100.00, 0.00, 2.25, 0, 0 
0, 77273, 702859383, 0.00, 100.00, 0.00, 2.25, 0, 0 
1, 77273, 703372800, 0.00, 100.00, 0.00, 2.25, 0, 0 
2, 77273, 704079701, 0.00, 100.00, 0.00, 2.25, 0, 0 
3, 77273, 704721375, 0.00, 100.00, 0.00, 2.25, 0, 0 
4, 77273, 705254041, 0.00, 100.00, 0.00, 2.25, 0, 0 
5, 77273, 705777608, 0.00, 100.00, 0.00, 2.25, 0, 0 
6, 77273, 706349625, 0.00, 100.00, 0.00, 2.25, 0, 0 
7, 77273, 706881452, 0.00, 100.00, 0.00, 2.25, 0, 0 
8, 77273, 707418823, 0.00, 100.00, 0.00, 2.25, 0, 0 
9, 77273, 707999733, 0.00, 100.00, 0.00, 2.25, 0, 0 
0, 77273, 708650835, 0.00, 100.00, 0.00, 2.25, 0, 0 
1, 77273, 709262420, 0.00, 100.00, 0.00, 2.25, 0, 0 
2, 77273, 709819049, 0.00, 100.00, 0.00, 2.25, 0, 0 
3, 77273, 710387479, 0.00, 100.00, 0.00, 2.25, 0, 0 
4, 77273, 710938493, 0.00, 100.00, 0.00, 2.25, 0, 0 
5, 77273, 711529356, 0.00, 100.00, 0.00, 2.25, 0, 0 
6, 77273, 712157636, 0.00, 100.00, 0.00, 2.25, 0, 0 
7, 77273, 712791460, 0.00, 100.00, 0.00, 2.25, 0, 0 
8, 77273, 713424090, 0.00, 100.00, 0.00, 2.25, 0, 0 
9, 77273, 714054662, 0.00, 100.00, 0.00, 2.25, 0, 0 
0, 77273, 714727940, 0.00, 100.00, 0.00, 2.25, 0, 0 
1, 77273, 715436489, 0.00, 100.00, 0.00, 2.25, 0, 0 
2, 77273, 716128531, 0.00, 100.00, 0.00, 2.25, 0, 0 
3, 77273, 716753493, 0.00, 100.00, 0.00, 2.25, 0, 0 
4, 77273, 717377341, 0.00, 100.00, 0.00, 2.25, 0, 0 
5, 77273, 717966596, 0.00, 100.00, 0.00, 2.25, 0, 0 
6, 77273, 718644103, 0.00, 100.00, 0.00, 2.25, 0, 0 
7, 77273, 719211940, 0.00, 100.00, 0.00, 2.25, 0, 0 
8, 77273, 719767700, 0.00, 100.00, 0.00, 2.25, 0, 0 
9, 77273, 720307130, 0.00, 100.00, 0.00, 2.25, 0, 0 
0, 77273, 720883175, 0.00, 100.00, 0.00, 2.25, 0, 0 
1, 77273, 721449004, 0.00, 100.00, 0.00, 2.25, 0, 0 
2, 77273, 722081227, 0.00, 100.00, 0.00, 2.25, 0, 0 
3, 77273, 722614707, 0.00, 100.00, 0.00, 2.25, 0, 0 
4, 77273, 723196068, 0.00, 100.00, 0.00, 2.25, 0, 0 
5, 77273, 723750070, 0.00, 100.00, 0.00, 2.25, 0, 0 
6, 77273, 724315383, 0.00, 100.00, 0.00, 2.25, 0, 0 
7, 77273, 724874678, 0.00, 100.00, 0.00, 2.25, 0, 0 
8, 77273, 725432360, 0.00, 100.00, 0.00, 2.25, 0, 0 
9, 77273, 725983878, 0.00, 100.00, 0.00, 2.25, 0, 0 
0, 77273, 726580993, 0.00, 100.00, 0.00, 2.25, 0, 0 
1, 77273, 727199406, 0.00, 100.00, 0.00, 2.25, 0, 0 
2, 77273, 727831054, 0.00, 100.00, 0.00, 2.25, 0, 0 
3, 77273, 728398399, 0.00, 100.00, 0.00, 2.25, 0, 0 
4, 77273, 728955779, 0.00, 100.00, 0.00, 2.25, 0, 0 
5, 77273, 729573031, 0.00, 100.00, 0.00, 2.25, 0, 0 
6, 77273, 730127899, 0.00, 100.00, 0.00, 2.25, 0, 0 
7, 77273, 730669513, 0.00, 100.00, 0.00, 2.25, 0, 0 
8, 77273, 731222660, 0.00, 100.00, 0.00, 2.25, 0, 0 
9, 77273, 731806802, 0.00, 100.00, 0.00, 2.25, 0, 0 
0, 77273, 732370381, 0.00, 100.00, 0.00, 2.25, 0, 0 
1, 77273, 732973349, 0.00, 100.00, 0.00, 2.25, 0, 0 
2, 77273, 733553943, 0.00, 100.00, 0.00, 2.25, 0, 0 
3, 77273, 734099305, 0.00, 100.00, 0.00, 2.25, 0, 0 
4, 77273, 734656410, 0.00, 100.00, 0.00, 2.25, 0, 0 
5, 77273, 735184761, 0.00, 100.00, 0.00, 2.25, 0, 0 
6, 77273, 735774037, 0.00, 100.00, 0.00, 2.25, 0, 0 
7, 77273, 736320921, 0.00, 100.00, 0.00, 2.25, 0, 0 
8, 77273, 736898684, 0.00, 100.00, 0.00, 2.25, 0, 0 
9, 77273, 737439153, 0.00, 100.00, 0.00, 2.25, 0, 0 
0, 77273, 738076674, 0.00, 100.00, 0.00, 2.25, 0, 0 
1, 77273, 738715201, 0.00, 100.00, 0.00, 2.25, 0, 0 
2, 77273, 739310732, 0.00, 100.00, 0.00, 2.25, 0, 0 
3, 77273, 739934352, 0.00, 100.00, 0.00, 2.25, 0, 0 
4, 77273, 740597647, 0.00, 100.00, 0.00, 2.25, 0, 0 
5, 77273, 741224647, 0.00, 100.00, 0.00, 2.25, 0, 0 
6, 77273, 741863042, 0.00, 100.00, 0.00, 2.25, 0, 0 
7, 77273, 742486599, 0.00, 100.00, 0.00, 2.25, 0, 0 
8, 77273, 743093462, 0.00, 100.00, 0.00, 2.25, 0, 0 
9, 77273, 743713191, 0.00, 100.00, 0.00, 2.25, 0, 0 
0, 77273, 744367633, 0.00, 100.00, 0.00, 2.25, 0, 0 
1, 77273, 745040716, 0.00, 100.00, 0.00, 2.25, 0, 0 
2, 77273, 745739964, 0.00, 100.00, 0.00, 2.25, 0, 0 
3, 77273, 746413208, 0.00, 100.00, 0.00, 2.25, 0, 0 
4, 77273, 747055548, 0.00, 100.00, 0.00, 2.25, 0, 0 
5, 77273, 747668579, 0.00, 100.00, 0.00, 2.25, 0, 0 
6, 77273, 748295117, 0.00, 100.00, 0.00, 2.25, 0, 0 
7, 77273, 748930915, 0.00, 100.00, 0.00, 2.25, 0, 0 
8, 77273, 749560396, 0.00, 100.00, 0.00, 2.25, 0, 0 
9, 77273, 750155217, 0.00, 100.00, 0.00, 2.25, 0, 0 
0, 77273, 750789852, 0.00, 100.00, 0.00, 2.25, 0, 0 
1, 77273, 751486392, 0.00, 100.00, 0.00, 2.25, 0, 0 
2, 77273, 752092121, 0.00, 100.00, 0.00, 2.25, 0, 0 
3, 77273, 752712066, 0.00, 100.00, 0.00, 2.25, 0, 0 
4, 77273, 753343550, 0.00, 100.00, 0.00, 2.25, 0, 0 
5, 77273, 753972285, 0.00, 100.00, 0.00, 2.25, 0, 0 
6, 77273, 754595207, 0.00, 100.00, 0.00, 2.25, 0, 0 
7, 77273, 755224769, 0.00, 100.00, 0.00, 2.25, 0, 0 
8, 77273, 755890458, 0.00, 100.00, 0.00, 2.25, 0, 0 
9, 77273, 756492360, 0.00, 100.00, 0.00, 2.25, 0, 0 
0, 77273, 757154744, 0.00, 100.00, 0.00, 2.25, 0, 0 
1, 77273, 757784536, 0.00, 100.00, 0.00, 2.25, 0, 0 
2, 77273, 758382332, 0.00, 100.00, 0.00, 2.25, 0, 0 
3, 77273, 759000024, 0.00, 100.00, 0.00, 2.25, 0, 0 
4, 77273, 759632127, 0.00, 100.00, 0.00, 2.25, 0, 0 
5, 77273, 760275399, 0.00, 100.00, 0.00, 2.25, 0, 0 
6, 77273, 760892861, 0.00, 100.00, 0.00, 2.25, 0, 0 
7, 77273, 761524666, 0.00, 100.00, 0.00, 2.25, 0, 0 
8, 77273, 762154722, 0.00, 100.00, 0.00, 2.25, 0, 0 
9, 77273, 762787681, 0.00, 100.00, 0.00, 2.25, 0, 0 
0, 77273, 763406536, 0.00, 100.00, 0.00, 2.25, 0, 0 
1, 77273, 764035943, 0.00, 100.00, 0.00, 2.25, 0, 0 
2, 77273, 764706432, 0.00, 100.00, 0.00, 2.25, 0, 0 
3, 77273, 765289863, 0.00, 100.00, 0.00, 2.25, 0, 0 
4, 77273, 765949254, 0.00, 100.00, 0.00, 2.25, 0, 0 
5, 77273, 766441048, 0.00, 100.00, 0.00, 2.25, 0, 0 
6, 77273, 766970758, 0.00, 100.00, 0.00, 2.25, 0, 0 
7, 77273, 767499314, 0.00, 100.00, 0.00, 2.25, 0, 0 
8, 77273, 768036446, 0.00, 100.00, 0.00, 2.25, 0, 0 
9, 77273, 768552324, 0.00, 100.00, 0.00, 2.25, 0, 0 
0, 77273, 769082747, 0.00, 100.00, 0.00, 2.25, 0, 0 
1, 77273, 769624019, 0.00, 100.00, 0.00, 2.25, 0, 0 
2, 77273, 770139485, 0.00, 100.00, 0.00, 2.25, 0, 0 
3, 77273, 770662784, 0.00, 100.00, 0.00, 2.25, 0, 0 
4, 77273, 771218185, 0.00, 100.00, 0.00, 2.25, 0, 0 
5, 77273, 771742395, 0.00, 100.00, 0.00, 2.25, 0, 0 
6, 77273, 772268398, 0.00, 100.00, 0.00, 2.25, 0, 0 
7, 77273, 772790057, 0.00, 100.00, 0.00, 2.25, 0, 0 
8, 77273, 773327084, 0.00, 100.00, 0.00, 2.25, 0, 0 
9, 77273, 773846543, 0.00, 100.00, 0.00, 2.25, 0, 0 
0, 77273, 774388483, 0.00, 100.00, 0.00, 2.25, 0, 0 
1, 77273, 774952737, 0.00, 100.00, 0.00, 2.25, 0, 0 
2, 77273, 775464704, 0.00, 100.00, 0.00, 2.25, 0, 0 
3, 77273, 775989502, 0.00, 100.00, 0.00, 2.25, 0, 0 
4, 77273, 776577310, 0.00, 100.00, 0.00, 2.25, 0, 0 
5, 77273, 777099240, 0.00, 100.00, 0.00, 2.25, 0, 0 
6, 77273, 777633512, 0.00, 100.00, 0.00, 2.25, 0, 0 
7, 77273, 778276036, 0.00, 100.00, 0.00, 2.25, 0, 0 
8, 77273, 778812926, 0.00, 100.00, 0.00, 2.25, 0, 0 
9, 77273, 779320833, 0.00, 100.00, 0.00, 2.25, 0, 0 
0, 77273, 779864770, 0.00, 100.00, 0.00, 2.25, 0, 0 
1, 77273, 780429081, 0.00, 100.00, 0.00, 2.25, 0, 0 
2, 77273, 780953573, 0.00, 100.00, 0.00, 2.25, 0, 0 
3, 77273, 781479339, 0.00, 100.00, 0.00, 2.25, 0, 0 
4, 77273, 782038184, 0.00, 100.00, 0.00, 2.25, 0, 0 
5, 77273, 782578527, 0.00, 100.00, 0.00, 2.25, 0, 0 
6, 77273, 783095298, 0.00, 100.00, 0.00, 2.25, 0, 0 
7, 77273, 783680972, 0.00, 100.00, 0.00, 2.25, 0, 0 
8, 77273, 784222956, 0.00, 100.00, 0.00, 2.25, 0, 0 
9, 77273, 784791597, 0.00, 100.00, 0.00, 2.25, 0, 0 
0, 77273, 785345731, 0.00, 100.00, 0.00, 2.25, 0, 0 
1, 77273, 785908055, 0.00, 100.00, 0.00, 2.25, 0, 0 
2, 77273, 786413290, 0.00, 100.00, 0.00, 2.25, 0, 0 
3, 77273, 786935803, 0.00, 100.00, 0.00, 2.25, 0, 0 
4, 77273, 787494012, 0.00, 100.00, 0.00, 2.25, 0, 0 
5, 77273, 788017092, 0.00, 100.00, 0.00, 2.25, 0, 0 
6, 77273, 788541494, 0.00, 100.00, 0.00, 2.25, 0, 0 
7, 77273, 789060342, 0.00, 100.00, 0.00, 2.25, 0, 0 
8, 77273, 789595304, 0.00, 100.00, 0.00, 2.25, 0, 0 
9, 77273, 790121522, 0.00, 100.00, 0.00, 2.25, 0, 0 
0, 77273, 790662955, 0.00, 100.00, 0.00, 2.25, 0, 0 
1, 77273, 791232677, 0.00, 100.00, 0.00, 2.25, 0, 0 
2, 77273, 791739521, 0.00, 100.00, 0.00, 2.25, 0, 0 
3, 77273, 792263914, 0.00, 100.00, 0.00, 2.25, 0, 0 
4, 77273, 792819275, 0.00, 100.00, 0.00, 2.25, 0, 0 
5, 77273, 793334306, 0.00, 100.00, 0.00, 2.25, 0, 0 
6, 77273, 793890931, 0.00, 100.00, 0.00, 2.25, 0, 0 
7, 77273, 794456396, 0.00, 100.00, 0.00, 2.25, 0, 0 
8, 77273, 795124016, 0.00, 100.00, 0.00, 2.25, 0, 0 
9, 77273, 795717455, 0.00, 100.00, 0.00, 2.25, 0, 0 
0, 77273, 796263684, 0.00, 100.00, 0.00, 2.25, 0, 0 
1, 77273, 796875493, 0.00, 100.00, 0.00, 2.25, 0, 0 
2, 77273, 797483736, 0.00, 100.00, 0.00, 2.25, 0, 0 
3, 77273, 798020784, 0.00, 100.00, 0.00, 2.25, 0, 0 
4, 77273, 798600029, 0.00, 100.00, 0.00, 2.25, 0, 0 
5, 77273, 799136699, 0.00, 100.00, 0.00, 2.25, 0, 0 
6, 77273, 799722162, 0.00, 100.00, 0.00, 2.25, 0, 0 
7, 77273, 800263166, 0.00, 100.00, 0.00, 2.25, 0, 0 
8, 77273, 800847976, 0.00, 100.00, 0.00, 2.25, 0, 0 
9, 77273, 801408612, 0.00, 100.00, 0.00, 2.25, 0, 0 
0, 77273, 802002271, 0.00, 100.00, 0.00, 2.25, 0, 0 
1, 77273, 802638440, 0.00, 100.00, 0.00, 2.25, 0, 0 
2, 77273, 803254820, 0.00, 100.00, 0.00, 2.25, 0, 0 
3, 77273, 803884507, 0.00, 100.00, 0.00, 2.25, 0, 0 
4, 77273, 804511007, 0.00, 100.00, 0.00, 2.25, 0, 0 
5, 77273, 805141815, 0.00, 100.00, 0.00, 2.25, 0, 0 
6, 77273, 805827180, 0.00, 100.00, 0.00, 2.25, 0, 0 
7, 77273, 806345197, 0.00, 100.00, 0.00, 2.25, 0, 0 
8, 77273, 806868674, 0.00, 100.00, 0.00, 2.25, 0, 0 
9, 77273, 807395274, 0.00, 100.00, 0.00, 2.25, 0, 0 
0, 77273, 807969893, 0.00, 100.00, 0.00, 2.25, 0, 0 
1, 77273, 808501693, 0.00, 100.00, 0.00, 2.25, 0, 0 
2, 77273, 809010418, 0.00, 100.00, 0.00, 2.25, 0, 0 
3, 77273, 809535832, 0.00, 100.00, 0.00, 2.25, 0, 0 
4, 77273, 810057781, 0.00, 100.00, 0.00, 2.25, 0, 0 
5, 77273, 810582789, 0.00, 100.00, 0.00, 2.25, 0, 0 
6, 77273, 811116776, 0.00, 100.00, 0.00, 2.25, 0, 0 
7, 77273, 811635913, 0.00, 100.00, 0.00, 2.25, 0, 0 
8, 77273, 812174050, 0.00, 100.00, 0.00, 2.25, 0, 0 
9, 77273, 812714175, 0.00, 100.00, 0.00, 2.25, 0, 0 
0, 77273, 813256563, 0.00, 100.00, 0.00, 2.25, 0, 0 
1, 77273, 813817219, 0.00, 100.00, 0.00, 2.25, 0, 0 
2, 77273, 814324451, 0.00, 100.00, 0.00, 2.25, 0, 0 
3, 77273, 814845423, 0.00, 100.00, 0.00, 2.25, 0, 0 
4, 77273, 815427589, 0.00, 100.00, 0.00, 2.25, 0, 0 
5, 77273, 815945423, 0.00, 100.00, 0.00, 2.25, 0, 0 
6, 77273, 816553370, 0.00, 100.00, 0.00, 2.25, 0, 0 
7, 77273, 817172049, 0.00, 100.00, 0.00, 2.25, 0, 0 
8, 77273, 817720111, 0.00, 100.00, 0.00, 2.25, 0, 0 
9, 77273, 818288109, 0.00, 100.00, 0.00, 2.25, 0, 0 
0, 77273, 818823439, 0.00, 100.00, 0.00, 2.25, 0, 0 
1, 77273, 819388571, 0.00, 100.00, 0.00, 2.25, 0, 0 
2, 77273, 819952001, 0.00, 100.00, 0.00, 2.25, 0, 0 
3, 77273, 820793451, 0.00, 100.00, 0.00, 2.25, 0, 0 
4, 77273, 821336319, 0.00, 100.00, 0.00, 2.25, 0, 0 
5, 77273, 821956020, 0.00, 100.00, 0.00, 2.25, 0, 0 
6, 77273, 822494148, 0.00, 100.00, 0.00, 2.25, 0, 0 
7, 77273, 823069254, 0.00, 100.00, 0.00, 2.25, 0, 0 
8, 77273, 823630865, 0.00, 100.00, 0.00, 2.25, 0, 0 
9, 77273, 824218790, 0.00, 100.00, 0.00, 2.25, 0, 0 
0, 77273, 824858854, 0.00, 100.00, 0.00, 2.25, 0, 0 
1, 77273, 825496820, 0.00, 100.00, 0.00, 2.25, 0, 0 
2, 77273, 826103811, 0.00, 100.00, 0.00, 2.25, 0, 0 
3, 77273, 826730515, 0.00, 100.00, 0.00, 2.25, 0, 0 
4, 77273, 827337580, 0.00, 100.00, 0.00, 2.25, 0, 0 
5, 77273, 827889479, 0.00, 100.00, 0.00, 2.25, 0, 0 
6, 77273, 828447330, 0.00, 100.00, 0.00, 2.25, 0, 0 
7, 77273, 829179379, 0.00, 100.00, 0.00, 2.25, 0, 0 
8, 77273, 829699182, 0.00, 100.00, 0.00, 2.25, 0, 0 
9, 77273, 830223477, 0.00, 100.00, 0.00, 2.25, 0, 0 
0, 77273, 830761214, 0.00, 100.00, 0.00, 2.25, 0, 0 
1, 77273, 831298150, 0.00, 100.00, 0.00, 2.25, 0, 0 
2, 77273, 831803902, 0.00, 100.00, 0.00, 2.25, 0, 0 
3, 77273, 832326550, 0.00, 100.00, 0.00, 2.25, 0, 0 
4, 77273, 832855627, 0.00, 100.00, 0.00, 2.25, 0, 0 
5, 77273, 833377361, 0.00, 100.00, 0.00, 2.25, 0, 0 
6, 77273, 833910661, 0.00, 100.00, 0.00, 2.25, 0, 0 
7, 77273, 834434536, 0.00, 100.00, 0.00, 2.25, 0, 0 
8, 77273, 834954072, 0.00, 100.00, 0.00, 2.25, 0, 0 
9, 77273, 835493226, 0.00, 100.00, 0.00, 2.25, 0, 0 
0, 77273, 836097700, 0.00, 100.00, 0.00, 2.25, 0, 0 
1, 77273, 836650531, 0.00, 100.00, 0.00, 2.25, 0, 0 
2, 77273, 837191063, 0.00, 100.00, 0.00, 2.25, 0, 0 
3, 77273, 837748402, 0.00, 100.00, 0.00, 2.25, 0, 0 
4, 77273, 838273163, 0.00, 100.00, 0.00, 2.25, 0, 0 
5, 77273, 838794537, 0.00, 100.00, 0.00, 2.25, 0, 0 
6, 77273, 839356113, 0.00, 100.00, 0.00, 2.25, 0, 0 
7, 77273, 839916651, 0.00, 100.00, 0.00, 2.25, 0, 0 
8, 77273, 840525738, 0.00, 100.00, 0.00, 2.25, 0, 0 
9, 77273, 841117706, 0.00, 100.00, 0.00, 2.25, 0, 0 
0, 77273, 841640963, 0.00, 100.00, 0.00, 2.25, 0, 0 
1, 77273, 842165752, 0.00, 100.00, 0.00, 2.25, 0, 0 
2, 77273, 842703504, 0.00, 100.00, 0.00, 2.25, 0, 0 
3, 77273, 843234006, 0.00, 100.00, 0.00, 2.25, 0, 0 
4, 77273, 843766046, 0.00, 100.00, 0.00, 2.25, 0, 0 
5, 77273, 844342674, 0.00, 100.00, 0.00, 2.25, 0, 0 
6, 77273, 844870911, 0.00, 100.00, 0.00, 2.25, 0, 0 
7, 77273, 845394203, 0.00, 100.00, 0.00, 2.25, 0, 0 
8, 77273, 845929316, 0.00, 100.00, 0.00, 2.25, 0, 0 
9, 77273, 846452709, 0.00, 100.00, 0.00, 2.25, 0, 0 
0, 77273, 847000459, 0.00, 100.00, 0.00, 2.25, 0, 0 
1, 77273, 847605895, 0.00, 100.00, 0.00, 2.25, 0, 0 
2, 77273, 848204474, 0.00, 100.00, 0.00, 2.25, 0, 0 
3, 77273, 848739233, 0.00, 100.00, 0.00, 2.25, 0, 0 
4, 77273, 849306857, 0.00, 100.00, 0.00, 2.25, 0, 0 
5, 77273, 849839446, 0.00, 100.00, 0.00, 2.25, 0, 0 
6, 77273, 850353351, 0.00, 100.00, 0.00, 2.25, 0, 0 
7, 77273, 850877673, 0.00, 100.00, 0.00, 2.25, 0, 0 
8, 77273, 851401394, 0.00, 100.00, 0.00, 2.25, 0, 0 
9, 77273, 851940081, 0.00, 100.00, 0.00, 2.25, 0, 0 
0, 77273, 852488763, 0.00, 100.00, 0.00, 2.25, 0, 0 
1, 77273, 853033339, 0.00, 100.00, 0.00, 2.25, 0, 0 
2, 77273, 853544404, 0.00, 100.00, 0.00, 2.25, 0, 0 
3, 77273, 854069209, 0.00, 100.00, 0.00, 2.25, 0, 0 
4, 77273, 854639146, 0.00, 100.00, 0.00, 2.25, 0, 0 
5, 77273, 855156607, 0.00, 100.00, 0.00, 2.25, 0, 0 
6, 77273, 855677361, 0.00, 100.00, 0.00, 2.25, 0, 0 
7, 77273, 856212481, 0.00, 100.00, 0.00, 2.25, 0, 0 
8, 77273, 856736935, 0.00, 100.00, 0.00, 2.25, 0, 0 
9, 77273, 857263095, 0.00, 100.00, 0.00, 2.25, 0, 0 
0, 77273, 857797511, 0.00, 100.00, 0.00, 2.25, 0, 0 
1, 77273, 858320763, 0.00, 100.00, 0.00, 2.25, 0, 0 
2, 77273, 858882700, 0.00, 100.00, 0.00, 2.25, 0, 0 
3, 77273, 859402733, 0.00, 100.00, 0.00, 2.25, 0, 0 
4, 77273, 859940377, 0.00, 100.00, 0.00, 2.25, 0, 0 
5, 77273, 860511782, 0.00, 100.00, 0.00, 2.25, 0, 0 
6, 77273, 861027889, 0.00, 100.00, 0.00, 2.25, 0, 0 
7, 77273, 861555686, 0.00, 100.00, 0.00, 2.25, 0, 0 
8, 77273, 862242436, 0.00, 100.00, 0.00, 2.25, 0, 0 
9, 77273, 862777194, 0.00, 100.00, 0.00, 2.25, 0, 0 
0, 77273, 863314043, 0.00, 100.00, 0.00, 2.25, 0, 0 
1, 77273, 863874302, 0.00, 100.00, 0.00, 2.25, 0, 0 
2, 77273, 864395840, 0.00, 100.00, 0.00, 2.25, 0, 0 
3, 77273, 864906073, 0.00, 100.00, 0.00, 2.25, 0, 0 
4, 77273, 865441825, 0.00, 100.00, 0.00, 2.25, 0, 0 
5, 77273, 865971909, 0.00, 100.00, 0.00, 2.25, 0, 0 
6, 77273, 866493318, 0.00, 100.00, 0.00, 2.25, 0, 0 
7, 77273, 867015769, 0.00, 100.00, 0.00, 2.25, 0, 0 
8, 77273, 867536557, 0.00, 100.00, 0.00, 2.25, 0, 0 
9, 77273, 868093706, 0.00, 100.00, 0.00, 2.25, 0, 0 
0, 77273, 868651270, 0.00, 100.00, 0.00, 2.25, 0, 0 
1, 77273, 869231045, 0.00, 100.00, 0.00, 2.25, 0, 0 
2, 77273, 869799168, 0.00, 100.00, 0.00, 2.25, 0, 0 
3, 77273, 870373623, 0.00, 100.00, 0.00, 2.25, 0, 0 
4, 77273, 870999865, 0.00, 100.00, 0.00, 2.25, 0, 0 
5, 77273, 871635488, 0.00, 100.00, 0.00, 2.25, 0, 0 
6, 77273, 872270449, 0.00, 100.00, 0.00, 2.25, 0, 0 
7, 77273, 872934372, 0.00, 100.00, 0.00, 2.25, 0, 0 
8, 77273, 873533671, 0.00, 100.00, 0.00, 2.25, 0, 0 
9, 77273, 874159923, 0.00, 100.00, 0.00, 2.25, 0, 0 
0, 77273, 874754275, 0.00, 100.00, 0.00, 2.25, 0, 0 
1, 77273, 875273923, 0.00, 100.00, 0.00, 2.25, 0, 0 
2, 77273, 875803074, 0.00, 100.00, 0.00, 2.25, 0, 0 
3, 77273, 876362057, 0.00, 100.00, 0.00, 2.25, 0, 0 
4, 77273, 876878059, 0.00, 100.00, 0.00, 2.25, 0, 0 
5, 77273, 877411516, 0.00, 100.00, 0.00, 2.25, 0, 0 
6, 77273, 877970287, 0.00, 100.00, 0.00, 2.25, 0, 0 
7, 77273, 878492132, 0.00, 100.00, 0.00, 2.25, 0, 0 
8, 77273, 879018900, 0.00, 100.00, 0.00, 2.25, 0, 0 
9, 77273, 879612789, 0.00, 100.00, 0.00, 2.25, 0, 0 
0, 77273, 880195179, 0.00, 100.00, 0.00, 2.25, 0, 0 
1, 77273, 880751498, 0.00, 100.00, 0.00, 2.25, 0, 0 
2, 77273, 881339907, 0.00, 100.00, 0.00, 2.25, 0, 0 
3, 77273, 881862352, 0.00, 100.00, 0.00, 2.25, 0, 0 
4, 77273, 882386992, 0.00, 100.00, 0.00, 2.25, 0, 0 
5, 77273, 882951140, 0.00, 100.00, 0.00, 2.25, 0, 0 
6, 77273, 883501937, 0.00, 100.00, 0.00, 2.25, 0, 0 
7, 77273, 884084008, 0.00, 100.00, 0.00, 2.25, 0, 0 
8, 77273, 884602333, 0.00, 100.00, 0.00, 2.25, 0, 0 
9, 77273, 885114055, 0.00, 100.00, 0.00, 2.25, 0, 0 
0, 77273, 885686105, 0.00, 100.00, 0.00, 2.25, 0, 0 
1, 77273, 886203158, 0.00, 100.00, 0.00, 2.25, 0, 0 
2, 77273, 886716667, 0.00, 100.00, 0.00, 2.25, 0, 0 
3, 77273, 887238095, 0.00, 100.00, 0.00, 2.25, 0, 0 
4, 77273, 887764750, 0.00, 100.00, 0.00, 2.25, 0, 0 
5, 77273, 888290995, 0.00, 100.00, 0.00, 2.25, 0, 0 
6, 77273, 888826333, 0.00, 100.00, 0.00, 2.25, 0, 0 
7, 77273, 889387124, 0.00, 100.00, 0.00, 2.25, 0, 0 
8, 77273, 889919285, 0.00, 100.00, 0.00, 2.25, 0, 0 
9, 77273, 890441057, 0.00, 100.00, 0.00, 2.25, 0, 0 
0, 77273, 891040902, 0.00, 100.00, 0.00, 2.25, 0, 0 
1, 77273, 891580893, 0.00, 100.00, 0.00, 2.25, 0, 0 
2, 77273, 892154987, 0.00, 100.00, 0.00, 2.25, 0, 0 
3, 77273, 892703804, 0.00, 100.00, 0.00, 2.25, 0, 0 
4, 77273, 893273129, 0.00, 100.00, 0.00, 2.25, 0, 0 
5, 77273, 893807300, 0.00, 100.00, 0.00, 2.25, 0, 0 
6, 77273, 894423694, 0.00, 100.00, 0.00, 2.25, 0, 0 
7, 77273, 895126179, 0.00, 100.00, 0.00, 2.25, 0, 0 
8, 77273, 895690133, 0.00, 100.00, 0.00, 2.25, 0, 0 
9, 77273, 896285510, 0.00, 100.00, 0.00, 2.25, 0, 0 
0, 77273, 896822241, 0.00, 100.00, 0.00, 2.25, 0, 0 
1, 77273, 897492856, 0.00, 100.00, 0.00, 2.25, 0, 0 
2, 77273, 898024055, 0.00, 100.00, 0.00, 2.25, 0, 0 
3, 77273, 898546051, 0.00, 100.00, 0.00, 2.25, 0, 0 
4, 77273, 899055083, 0.00, 100.00, 0.00, 2.25, 0, 0 
5, 77273, 899588229, 0.00, 100.00, 0.00, 2.25, 0, 0 
6, 77273, 900124736, 0.00, 100.00, 0.00, 2.25, 0, 0 
7, 77273, 900642328, 0.00, 100.00, 0.00, 2.25, 0, 0 
8, 77273, 901158926, 0.00, 100.00, 0.00, 2.25, 0, 0 
9, 77273, 901675478, 0.00, 100.00, 0.00, 2.25, 0, 0 
0, 77273, 902229003, 0.00, 100.00, 0.00, 2.25, 0, 0 
1, 77273, 902747571, 0.00, 100.00, 0.00, 2.25, 0, 0 
2, 77273, 903255528, 0.00, 100.00, 0.00, 2.25, 0, 0 
3, 77273, 903773275, 0.00, 100.00, 0.00, 2.25, 0, 0 
4, 77273, 904314059, 0.00, 100.00, 0.00, 2.25, 0, 0 
5, 77273, 904876120, 0.00, 100.00, 0.00, 2.25, 0, 0 
6, 77273, 905432312, 0.00, 100.00, 0.00, 2.25, 0, 0 
7, 77273, 905973074, 0.00, 100.00, 0.00, 2.25, 0, 0 
8, 77273, 906486591, 0.00, 100.00, 0.00, 2.25, 0, 0 
9, 77273, 907052223, 0.00, 100.00, 0.00, 2.25, 0, 0 
0, 77273, 907613415, 0.00, 100.00, 0.00, 2.25, 0, 0 
1, 77273, 908209284, 0.00, 100.00, 0.00, 2.25, 0, 0 
2, 77273, 908750574, 0.00, 100.00, 0.00, 2.25, 0, 0 
3, 77273, 909321533, 0.00, 100.00, 0.00, 2.25, 0, 0 
4, 77273, 909856567, 0.00, 100.00, 0.00, 2.25, 0, 0 
5, 77273, 910419639, 0.00, 100.00, 0.00, 2.25, 0, 0 
6, 77273, 911008064, 0.00, 100.00, 0.00, 2.25, 0, 0 
7, 77273, 911542330, 0.00, 100.00, 0.00, 2.25, 0, 0 
8, 77273, 912082180, 0.00, 100.00, 0.00, 2.25, 0, 0 
9, 77273, 912586195, 0.00, 100.00, 0.00, 2.25, 0, 0 
0, 77273, 913155497, 0.00, 100.00, 0.00, 2.25, 0, 0 
1, 77273, 913678460, 0.00, 100.00, 0.00, 2.25, 0, 0 
2, 77273, 914195829, 0.00, 100.00, 0.00, 2.25, 0, 0 
3, 77273, 914754414, 0.00, 100.00, 0.00, 2.25, 0, 0 
4, 77273, 915279332, 0.00, 100.00, 0.00, 2.25, 0, 0 
5, 77273, 915802084, 0.00, 100.00, 0.00, 2.25, 0, 0 
6, 77273, 916324384, 0.00, 100.00, 0.00, 2.25, 0, 0 
7, 77273, 916870137, 0.00, 100.00, 0.00, 2.25, 0, 0 
8, 77273, 917379840, 0.00, 100.00, 0.00, 2.25, 0, 0 
9, 77273, 917902554, 0.00, 100.00, 0.00, 2.25, 0, 0 
0, 77273, 918451277, 0.00, 100.00, 0.00, 2.25, 0, 0 
1, 77273, 918977172, 0.00, 100.00, 0.00, 2.25, 0, 0 
2, 77273, 919486615, 0.00, 100.00, 0.00, 2.25, 0, 0 
3, 77273, 920020455, 0.00, 100.00, 0.00, 2.25, 0, 0 
4, 77273, 920580735, 0.00, 100.00, 0.00, 2.25, 0, 0 
5, 77273, 921098730, 0.00, 100.00, 0.00, 2.25, 0, 0 
6, 77273, 921621018, 0.00, 100.00, 0.00, 2.25, 0, 0 
7, 77273, 922199561, 0.00, 100.00, 0.00, 2.25, 0, 0 
8, 77273, 922721004, 0.00, 100.00, 0.00, 2.25, 0, 0 
9, 77273, 923242560, 0.00, 100.00, 0.00, 2.25, 0, 0 
0, 77273, 923785026, 0.00, 100.00, 0.00, 2.25, 0, 0 
1, 77273, 924322317, 0.00, 100.00, 0.00, 2.25, 0, 0 
2, 77273, 924814213, 0.00, 100.00, 0.00, 2.25, 0, 0 
3, 77273, 925348071, 0.00, 100.00, 0.00, 2.25, 0, 0 
4, 77273, 925866916, 0.00, 100.00, 0.00, 2.25, 0, 0 
5, 77273, 926414030, 0.00, 100.00, 0.00, 2.25, 0, 0 
6, 77273, 926936064, 0.00, 100.00, 0.00, 2.25, 0, 0 
7, 77273, 927482154, 0.00, 100.00, 0.00, 2.25, 0, 0 
8, 77273, 928078767, 0.00, 100.00, 0.00, 2.25, 0, 0 
9, 77273, 928707425, 0.00, 100.00, 0.00, 2.25, 0, 0 
0, 77273, 929288496, 0.00, 100.00, 0.00, 2.25, 0, 0 
1, 77273, 929843487, 0.00, 100.00, 0.00, 2.25, 0, 0 
2, 77273, 930401872, 0.00, 100.00, 0.00, 2.25, 0, 0 
3, 77273, 930919878, 0.00, 100.00, 0.00, 2.25, 0, 0 
4, 77273, 931454218, 0.00, 100.00, 0.00, 2.25, 0, 0 
5, 77273, 932015460, 0.00, 100.00, 0.00, 2.25, 0, 0 
6, 77273, 932531589, 0.00, 100.00, 0.00, 2.25, 0, 0 
7, 77273, 933053694, 0.00, 100.00, 0.00, 2.25, 0, 0 
8, 77273, 933581941, 0.00, 100.00, 0.00, 2.25, 0, 0 
9, 77273, 934114527, 0.00, 100.00, 0.00, 2.25, 0, 0 
0, 77273, 934649176, 0.00, 100.00, 0.00, 2.25, 0, 0 
1, 77273, 935180058, 0.00, 100.00, 0.00, 2.25, 0, 0 
2, 77273, 935731659, 0.00, 100.00, 0.00, 2.25, 0, 0 
3, 77273, 936255016, 0.00, 100.00, 0.00, 2.25, 0, 0 
4, 77273, 936774858, 0.00, 100.00, 0.00, 2.25, 0, 0 
5, 77273, 937301526, 0.00, 100.00, 0.00, 2.25, 0, 0 
6, 77273, 937857713, 0.00, 100.00, 0.00, 2.25, 0, 0 
7, 77273, 938373368, 0.00, 100.00, 0.00, 2.25, 0, 0 
8, 77273, 938913890, 0.00, 100.00, 0.00, 2.25, 0, 0 
9, 77273, 939443355, 0.00, 100.00, 0.00, 2.25, 0, 0 
0, 77273, 939983245, 0.00, 100.00, 0.00, 2.25, 0, 0 
1, 77273, 940526195, 0.00, 100.00, 0.00, 2.25, 0, 0 
2, 77273, 941074757, 0.00, 100.00, 0.00, 2.25, 0, 0 
3, 77273, 941592378, 0.00, 100.00, 0.00, 2.25, 0, 0 
4, 77273, 942145551, 0.00, 100.00, 0.00, 2.25, 0, 0 
5, 77273, 942713976, 0.00, 100.00, 0.00, 2.25, 0, 0 
6, 77273, 943226621, 0.00, 100.00, 0.00, 2.25, 0, 0 
7, 77273, 943814296, 0.00, 100.00, 0.00, 2.25, 0, 0 
8, 77273, 944325414, 0.00, 100.00, 0.00, 2.25, 0, 0 
9, 77273, 945122939, 0.00, 100.00, 0.00, 2.25, 0, 0 
0, 77273, 945697859, 0.00, 100.00, 0.00, 2.25, 0, 0 
1, 77273, 946261438, 0.00, 100.00, 0.00, 2.25, 0, 0 
2, 77273, 946805088, 0.00, 100.00, 0.00, 2.25, 0, 0 
3, 77273, 947319919, 0.00, 100.00, 0.00, 2.25, 0, 0 
4, 77273, 947842964, 0.00, 100.00, 0.00, 2.25, 0, 0 
5, 77273, 948362574, 0.00, 100.00, 0.00, 2.25, 0, 0 
6, 77273, 948895633, 0.00, 100.00, 0.00, 2.25, 0, 0 
7, 77273, 949419148, 0.00, 100.00, 0.00, 2.25, 0, 0 
8, 77273, 949954801, 0.00, 100.00, 0.00, 2.25, 0, 0 
9, 77273, 950467087, 0.00, 100.00, 0.00, 2.25, 0, 0 
0, 77273, 951026466, 0.00, 100.00, 0.00, 2.25, 0, 0 
1, 77273, 951545639, 0.00, 100.00, 0.00, 2.25, 0, 0 
2, 77273, 952093019, 0.00, 100.00, 0.00, 2.25, 0, 0 
3, 77273, 952615501, 0.00, 100.00, 0.00, 2.25, 0, 0 
4, 77273, 953156566, 0.00, 100.00, 0.00, 2.25, 0, 0 
5, 77273, 953662607, 0.00, 100.00, 0.00, 2.25, 0, 0 
6, 77273, 954188628, 0.00, 100.00, 0.00, 2.25, 0, 0 
7, 77273, 954709894, 0.00, 100.00, 0.00, 2.25, 0, 0 
8, 77273, 955248965, 0.00, 100.00, 0.00, 2.25, 0, 0 
9, 77273, 955806950, 0.00, 100.00, 0.00, 2.25, 0, 0 
0, 77273, 956312721, 0.00, 100.00, 0.00, 2.25, 0, 0 
1, 77273, 956880227, 0.00, 100.00, 0.00, 2.25, 0, 0 
2, 77273, 957371778, 0.00, 100.00, 0.00, 2.25, 0, 0 
3, 77273, 957914870, 0.00, 100.00, 0.00, 2.25, 0, 0 
4, 77273, 958435935, 0.00, 100.00, 0.00, 2.25, 0, 0 
5, 77273, 958968653, 0.00, 100.00, 0.00, 2.25, 0, 0 
6, 77273, 959486952, 0.00, 100.00, 0.00, 2.25, 0, 0 
7, 77273, 960022327, 0.00, 100.00, 0.00, 2.25, 0, 0 
8, 77273, 960582838, 0.00, 100.00, 0.00, 2.25, 0, 0 
9, 77273, 961100243, 0.00, 100.00, 0.00, 2.25, 0, 0 
0, 77273, 961641486, 0.00, 100.00, 0.00, 2.25, 0, 0 
1, 77273, 962217062, 0.00, 100.00, 0.00, 2.25, 0, 0 
2, 77273, 962718860, 0.00, 100.00, 0.00, 2.25, 0, 0 
3, 77273, 963249888, 0.00, 100.00, 0.00, 2.25, 0, 0 
4, 77273, 963768798, 0.00, 100.00, 0.00, 2.25, 0, 0 
5, 77273, 964303452, 0.00, 100.00, 0.00, 2.25, 0, 0 
6, 77273, 964823569, 0.00, 100.00, 0.00, 2.25, 0, 0 
7, 77273, 965353072, 0.00, 100.00, 0.00, 2.25, 0, 0 
8, 77273, 965879852, 0.00, 100.00, 0.00, 2.25, 0, 0 
9, 77273, 966406112, 0.00, 100.00, 0.00, 2.25, 0, 0 
0, 77273, 966947623, 0.00, 100.00, 0.00, 2.25, 0, 0 
1, 77273, 967467345, 0.00, 100.00, 0.00, 2.25, 0, 0 
2, 77273, 968044989, 0.00, 100.00, 0.00, 2.25, 0, 0 
3, 77273, 968554857, 0.00, 100.00, 0.00, 2.25, 0, 0 
4, 77273, 969074751, 0.00, 100.00, 0.00, 2.25, 0, 0 
5, 77273, 969589468, 0.00, 100.00, 0.00, 2.25, 0, 0 
6, 77273, 970128659, 0.00, 100.00, 0.00, 2.25, 0, 0 
7, 77273, 970656837, 0.00, 100.00, 0.00, 2.25, 0, 0 
8, 77273, 971173155, 0.00, 100.00, 0.00, 2.25, 0, 0 
9, 77273, 971704592, 0.00, 100.00, 0.00, 2.25, 0, 0 
0, 77273, 972258034, 0.00, 100.00, 0.00, 2.25, 0, 0 
1, 77273, 972780633, 0.00, 100.00, 0.00, 2.25, 0, 0 
2, 77273, 973361813, 0.00, 100.00, 0.00, 2.25, 0, 0 
3, 77273, 973892983, 0.00, 100.00, 0.00, 2.25, 0, 0 
4, 77273, 974413871, 0.00, 100.00, 0.00, 2.25, 0, 0 
5, 77273, 974974819, 0.00, 100.00, 0.00, 2.25, 0, 0 
6, 77273, 975474652, 0.00, 100.00, 0.00, 2.25, 0, 0 
7, 77273, 976114312, 0.00, 100.00, 0.00, 2.25, 0, 0 
8, 77273, 976643489, 0.00, 100.00, 0.00, 2.25, 0, 0 
9, 77273, 977248870, 0.00, 100.00, 0.00, 2.25, 0, 0 
0, 77273, 977778954, 0.00, 100.00, 0.00, 2.25, 0, 0 
1, 77273, 978367172, 0.00, 100.00, 0.00, 2.25, 0, 0 
2, 77273, 978859790, 0.00, 100.00, 0.00, 2.25, 0, 0 
3, 77273, 979520645, 0.00, 100.00, 0.00, 2.25, 0, 0 
4, 77273, 980111257, 0.00, 100.00, 0.00, 2.25, 0, 0 
5, 77273, 980656483, 0.00, 100.00, 0.00, 2.25, 0, 0 
6, 77273, 981243736, 0.00, 100.00, 0.00, 2.25, 0, 0 
7, 77273, 981788270, 0.00, 100.00, 0.00, 2.25, 0, 0 
8, 77273, 982361466, 0.00, 100.00, 0.00, 2.25, 0, 0 
9, 77273, 982885535, 0.00, 100.00, 0.00, 2.25, 0, 0 
0, 77273, 983457517, 0.00, 100.00, 0.00, 2.25, 0, 0 
1, 77273, 983990996, 0.00, 100.00, 0.00, 2.25, 0, 0 
2, 77273, 984574390, 0.00, 100.00, 0.00, 2.25, 0, 0 
3, 77273, 985096988, 0.00, 100.00, 0.00, 2.25, 0, 0 
4, 77273, 985615157, 0.00, 100.00, 0.00, 2.25, 0, 0 
5, 77273, 986136211, 0.00, 100.00, 0.00, 2.25, 0, 0 
6, 77273, 986674446, 0.00, 100.00, 0.00, 2.25, 0, 0 
7, 77273, 987189312, 0.00, 100.00, 0.00, 2.25, 0, 0 
8, 77273, 987711543, 0.00, 100.00, 0.00, 2.25, 0, 0 
9, 77273, 988235036, 0.00, 100.00, 0.00, 2.25, 0, 0 
0, 77273, 988785070, 0.00, 100.00, 0.00, 2.25, 0, 0 
1, 77273, 989306722, 0.00, 100.00, 0.00, 2.25, 0, 0 
2, 77273, 989857053, 0.00, 100.00, 0.00, 2.25, 0, 0 
3, 77273, 990380700, 0.00, 100.00, 0.00, 2.25, 0, 0 
4, 77273, 990918017, 0.00, 100.00, 0.00, 2.25, 0, 0 
5, 77273, 991434532, 0.00, 100.00, 0.00, 2.25, 0, 0 
6, 77273, 991976647, 0.00, 100.00, 0.00, 2.25, 0, 0 
7, 77273, 992493350, 0.00, 100.00, 0.00, 2.25, 0, 0 
8, 77273, 993007936, 0.00, 100.00, 0.00, 2.25, 0, 0 
9, 77273, 993539773, 0.00, 100.00, 0.00, 2.25, 0, 0 
0, 77273, 994111571, 0.00, 100.00, 0.00, 2.25, 0, 0 
1, 77273, 994643946, 0.00, 100.00, 0.00, 2.25, 0, 0 
2, 77273, 995224739, 0.00, 100.00, 0.00, 2.25, 0, 0 
3, 77273, 995745756, 0.00, 100.00, 0.00, 2.25, 0, 0 
4, 77273, 996278734, 0.00, 100.00, 0.00, 2.25, 0, 0 
5, 77273, 996840841, 0.00, 100.00, 0.00, 2.25, 0, 0 
6, 77273, 997358424, 0.00, 100.00, 0.00, 2.25, 0, 0 
7, 77273, 997878712, 0.00, 100.00, 0.00, 2.25, 0, 0 
8, 77273, 998406294, 0.00, 100.00, 0.00, 2.25, 0, 0 
9, 77273, 998933772, 0.00, 100.00, 0.00, 2.25, 0, 0 
0, 77273, 999473201, 0.00, 100.00, 0.00, 2.25, 0, 0 
1, 77274, 32779, 0.00, 100.00, 0.00, 2.25, 0, 0 
2, 77274, 2269665, 0.00, 100.00, 0.00, 2.25, 0, 0 
3, 77274, 20254270, 0.00, 100.00, 0.00, 2.25, 0, 0 
4, 77274, 164093226, 0.00, 100.00, 0.00, 2.25, 0, 0 
5, 77274, 165481120, 0.00, 100.00, 0.00, 2.25, 0, 0 
6, 77274, 166763236, 0.00, 100.00, 0.00, 2.25, 0, 0 
7, 77274, 168057105, 0.00, 100.00, 0.00, 2.25, 0, 0 
8, 77274, 169305772, 0.00, 100.00, 0.00, 2.25, 0, 0 
9, 77274, 170421381, 0.00, 100.00, 0.00, 2.25, 0, 0 
0, 77274, 171647877, 0.00, 100.00, 0.00, 2.25, 0, 0 
1, 77274, 172773647, 0.00, 100.00, 0.00, 2.25, 0, 0 
2, 77274, 173748662, 0.00, 100.00, 0.00, 2.25, 0, 0 
3, 77274, 174657247, 0.00, 100.00, 0.00, 2.25, 0, 0 
4, 77274, 175616754, 0.00, 100.00, 0.00, 2.25, 0, 0 
5, 77274, 176566543, 0.00, 100.00, 0.00, 2.25, 0, 0 
6, 77274, 177523861, 0.00, 100.00, 0.00, 2.25, 0, 0 
7, 77274, 178555100, 0.00, 100.00, 0.00, 2.25, 0, 0 
8, 77274, 179592163, 0.00, 100.00, 0.00, 2.25, 0, 0 
9, 77274, 180512763, 0.00, 100.00, 0.00, 2.25, 0, 0 
0, 77274, 181537490, 0.00, 100.00, 0.00, 2.25, 0, 0 
1, 77274, 182560060, 0.00, 100.00, 0.00, 2.25, 0, 0 
2, 77274, 183589357, 0.00, 100.00, 0.00, 2.25, 0, 0 
3, 77274, 184554586, 0.00, 100.00, 0.00, 2.25, 0, 0 
4, 77274, 185546664, 0.00, 100.00, 0.00, 2.25, 0, 0 
5, 77274, 186593727, 0.00, 100.00, 0.00, 2.25, 0, 0 
6, 77274, 187634299, 0.00, 100.00, 0.00, 2.25, 0, 0 
7, 77274, 188633009, 0.00, 100.00, 0.00, 2.25, 0, 0 
8, 77274, 189624120, 0.00, 100.00, 0.00, 2.25, 0, 0 
9, 77274, 190662945, 0.00, 100.00, 0.00, 2.25, 0, 0 
0, 77274, 191809644, 0.00, 100.00, 0.00, 2.25, 0, 0 
1, 77274, 192935513, 0.00, 100.00, 0.00, 2.25, 0, 0 
2, 77274, 193985918, 0.00, 100.00, 0.00, 2.25, 0, 0 
3, 77274, 195141004, 0.00, 100.00, 0.00, 2.25, 0, 0 
4, 77274, 196205814, 0.00, 100.00, 0.00, 2.25, 0, 0 
5, 77274, 197528216, 0.00, 100.00, 0.00, 2.25, 0, 0 
6, 77274, 198604443, 0.00, 100.00, 0.00, 2.25, 0, 0 
7, 77274, 199507733, 0.00, 100.00, 0.00, 2.25, 0, 0 
8, 77274, 200505210, 0.00, 100.00, 0.00, 2.25, 0, 0 
9, 77274, 201341086, 0.00, 100.00, 0.00, 2.25, 0, 0 
0, 77274, 202412443, 0.00, 100.00, 0.00, 2.25, 0, 0 
1, 77274, 203439009, 0.00, 100.00, 0.00, 2.25, 0, 0 
2, 77274, 204437041, 0.00, 100.00, 0.00, 2.25, 0, 0 
3, 77274, 205409204, 0.00, 100.00, 0.00, 2.25, 0, 0 
4, 77274, 206327759, 0.00, 100.00, 0.00, 2.25, 0, 0 
5, 77274, 207250051, 0.00, 100.00, 0.00, 2.25, 0, 0 
6, 77274, 208197447, 0.00, 100.00, 0.00, 2.25, 0, 0 
7, 77274, 209200246, 0.00, 100.00, 0.00, 2.25, 0, 0 
8, 77274, 210286767, 0.00, 100.00, 0.00, 2.25, 0, 0 
9, 77274, 211347746, 0.00, 100.00, 0.00, 2.25, 0, 0 
0, 77274, 212399324, 0.00, 100.00, 0.00, 2.25, 0, 0 
1, 77274, 213389853, 0.00, 100.00, 0.00, 2.25, 0, 0 
2, 77274, 214681565, 0.00, 100.00, 0.00, 2.25, 0, 0 
3, 77274, 215627317, 0.00, 100.00, 0.00, 2.25, 0, 0 
4, 77274, 216605530, 0.00, 100.00, 0.00, 2.25, 0, 0 
5, 77274, 217564701, 0.00, 100.00, 0.00, 2.25, 0, 0 
6, 77274, 218447643, 0.00, 100.00, 0.00, 2.25, 0, 0 
7, 77274, 219346467, 0.00, 100.00, 0.00, 2.25, 0, 0 
8, 77274, 220274020, 0.00, 100.00, 0.00, 2.25, 0, 0 
9, 77274, 221161963, 0.00, 100.00, 0.00, 2.25, 0, 0 
0, 77274, 222095005, 0.00, 100.00, 0.00, 2.25, 0, 0 
1, 77274, 223000263, 0.00, 100.00, 0.00, 2.25, 0, 0 
2, 77274, 223980515, 0.00, 100.00, 0.00, 2.25, 0, 0 
3, 77274, 225047706, 0.00, 100.00, 0.00, 2.25, 0, 0 
4, 77274, 225968086, 0.00, 100.00, 0.00, 2.25, 0, 0 
5, 77274, 226928398, 0.00, 100.00, 0.00, 2.25, 0, 0 
6, 77274, 227799463, 0.00, 100.00, 0.00, 2.25, 0, 0 
7, 77274, 228655849, 0.00, 100.00, 0.00, 2.25, 0, 0 
8, 77274, 229559386, 0.00, 100.00, 0.00, 2.25, 0, 0 
9, 77274, 230536569, 0.00, 100.00, 0.00, 2.25, 0, 0 
0, 77274, 231680755, 0.00, 100.00, 0.00, 2.25, 0, 0 
1, 77274, 232762556, 0.00, 100.00, 0.00, 2.25, 0, 0 
2, 77274, 233792301, 0.00, 100.00, 0.00, 2.25, 0, 0 
3, 77274, 234786167, 0.00, 100.00, 0.00, 2.25, 0, 0 
4, 77274, 235736812, 0.00, 100.00, 0.00, 2.25, 0, 0 
5, 77274, 236680717, 0.00, 100.00, 0.00, 2.25, 0, 0 
6, 77274, 237586178, 0.00, 100.00, 0.00, 2.25, 0, 0 
7, 77274, 238482432, 0.00, 100.00, 0.00, 2.25, 0, 0 
8, 77274, 239412332, 0.00, 100.00, 0.00, 2.25, 0, 0 
9, 77274, 240396895, 0.00, 100.00, 0.00, 2.25, 0, 0 
0, 77274, 241405901, 0.00, 100.00, 0.00, 2.25, 0, 0 
1, 77274, 242370812, 0.00, 100.00, 0.00, 2.25, 0, 0 
2, 77274, 243366783, 0.00, 100.00, 0.00, 2.25, 0, 0 
3, 77274, 244393137, 0.00, 100.00, 0.00, 2.25, 0, 0 
4, 77274, 245361494, 0.00, 100.00, 0.00, 2.25, 0, 0 
5, 77274, 246403899, 0.00, 100.00, 0.00, 2.25, 0, 0 
6, 77274, 247404119, 0.00, 100.00, 0.00, 2.25, 0, 0 
7, 77274, 248371571, 0.00, 100.00, 0.00, 2.25, 0, 0 
8, 77274, 249306974, 0.00, 100.00, 0.00, 2.25, 0, 0 
9, 77274, 250298604, 0.00, 100.00, 0.00, 2.25, 0, 0 
0, 77274, 251262588, 0.00, 100.00, 0.00, 2.25, 0, 0 
1, 77274, 252288035, 0.00, 100.00, 0.00, 2.25, 0, 0 
2, 77274, 253309857, 0.00, 100.00, 0.00, 2.25, 0, 0 
3, 77274, 254346426, 0.00, 100.00, 0.00, 2.25, 0, 0 
4, 77274, 255316058, 0.00, 100.00, 0.00, 2.25, 0, 0 
5, 77274, 256255749, 0.00, 100.00, 0.00, 2.25, 0, 0 
6, 77274, 257258400, 0.00, 100.00, 0.00, 2.25, 0, 0 
7, 77274, 258251334, 0.00, 100.00, 0.00, 2.25, 0, 0 
8, 77274, 259220307, 0.00, 100.00, 0.00, 2.25, 0, 0 
9, 77274, 260166672, 0.00, 100.00, 0.00, 2.25, 0, 0 
0, 77274, 261104245, 0.00, 100.00, 0.00, 2.25, 0, 0 
1, 77274, 262166150, 0.00, 100.00, 0.00, 2.25, 0, 0 
2, 77274, 263109834, 0.00, 100.00, 0.00, 2.25, 0, 0 
3, 77274, 264071624, 0.00, 100.00, 0.00, 2.25, 0, 0 
4, 77274, 264990134, 0.00, 100.00, 0.00, 2.25, 0, 0 
5, 77274, 265876870, 0.00, 100.00, 0.00, 2.25, 0, 0 
6, 77274, 266662999, 0.00, 100.00, 0.00, 2.25, 0, 0 
7, 77274, 267518162, 0.00, 100.00, 0.00, 2.25, 0, 0 
8, 77274, 268349524, 0.00, 100.00, 0.00, 2.25, 0, 0 
9, 77274, 269198952, 0.00, 100.00, 0.00, 2.25, 0, 0 
0, 77274, 270036662, 0.00, 100.00, 0.00, 2.25, 0, 0 
1, 77274, 270905265, 0.00, 100.00, 0.00, 2.25, 0, 0 
2, 77274, 271809950, 0.00, 100.00, 0.00, 2.25, 0, 0 
3, 77274, 272748115, 0.00, 100.00, 0.00, 2.25, 0, 0 
4, 77274, 273670957, 0.00, 100.00, 0.00, 2.25, 0, 0 
5, 77274, 274584234, 0.00, 100.00, 0.00, 2.25, 0, 0 
6, 77274, 275480703, 0.00, 100.00, 0.00, 2.25, 0, 0 
7, 77274, 276412958, 0.00, 100.00, 0.00, 2.25, 0, 0 
8, 77274, 277362755, 0.00, 100.00, 0.00, 2.25, 0, 0 
9, 77274, 278318384, 0.00, 100.00, 0.00, 2.25, 0, 0 
0, 77274, 279162214, 0.00, 100.00, 0.00, 2.25, 0, 0 
1, 77274, 280065291, 0.00, 100.00, 0.00, 2.25, 0, 0 
2, 77274, 281241600, 0.00, 100.00, 0.00, 2.25, 0, 0 
3, 77274, 282120317, 0.00, 100.00, 0.00, 2.25, 0, 0 
4, 77274, 283005354, 0.00, 100.00, 0.00, 2.25, 0, 0 
5, 77274, 283828471, 0.00, 100.00, 0.00, 2.25, 0, 0 
6, 77274, 284711619, 0.00, 100.00, 0.00, 2.25, 0, 0 
7, 77274, 285582334, 0.00, 100.00, 0.00, 2.25, 0, 0 
8, 77274, 286516203, 0.00, 100.00, 0.00, 2.25, 0, 0 
9, 77274, 287347442, 0.00, 100.00, 0.00, 2.25, 0, 0 
0, 77274, 288209688, 0.00, 100.00, 0.00, 2.25, 0, 0 
1, 77274, 289049392, 0.00, 100.00, 0.00, 2.25, 0, 0 
2, 77274, 289941784, 0.00, 100.00, 0.00, 2.25, 0, 0 
3, 77274, 290774308, 0.00, 100.00, 0.00, 2.25, 0, 0 
4, 77274, 291629665, 0.00, 100.00, 0.00, 2.25, 0, 0 
5, 77274, 292497999, 0.00, 100.00, 0.00, 2.25, 0, 0 
6, 77274, 293315246, 0.00, 100.00, 0.00, 2.25, 0, 0 
7, 77274, 294204608, 0.00, 100.00, 0.00, 2.25, 0, 0 
8, 77274, 295078210, 0.00, 100.00, 0.00, 2.25, 0, 0 
9, 77274, 295957252, 0.00, 100.00, 0.00, 2.25, 0, 0 
0, 77274, 296991286, 0.00, 100.00, 0.00, 2.25, 0, 0 
1, 77274, 297959217, 0.00, 100.00, 0.00, 2.25, 0, 0 
2, 77274, 298903550, 0.00, 100.00, 0.00, 2.25, 0, 0 
3, 77274, 299820500, 0.00, 100.00, 0.00, 2.25, 0, 0 
4, 77274, 300724411, 0.00, 100.00, 0.00, 2.25, 0, 0 
5, 77274, 301587365, 0.00, 100.00, 0.00, 2.25, 0, 0 
6, 77274, 302624593, 0.00, 100.00, 0.00, 2.25, 0, 0 
7, 77274, 303532558, 0.00, 100.00, 0.00, 2.25, 0, 0 
8, 77274, 304468948, 0.00, 100.00, 0.00, 2.25, 0, 0 
9, 77274, 305401829, 0.00, 100.00, 0.00, 2.25, 0, 0 
0, 77274, 306375238, 0.00, 100.00, 0.00, 2.25, 0, 0 
1, 77274, 307309006, 0.00, 100.00, 0.00, 2.25, 0, 0 
2, 77274, 308319267, 0.00, 100.00, 0.00, 2.25, 0, 0 
3, 77274, 309221590, 0.00, 100.00, 0.00, 2.25, 0, 0 
4, 77274, 310044234, 0.00, 100.00, 0.00, 2.25, 0, 0 
5, 77274, 310970235, 0.00, 100.00, 0.00, 2.25, 0, 0 
6, 77274, 311832579, 0.00, 100.00, 0.00, 2.25, 0, 0 
7, 77274, 312728314, 0.00, 100.00, 0.00, 2.25, 0, 0 
8, 77274, 313735864, 0.00, 100.00, 0.00, 2.25, 0, 0 
9, 77274, 314694843, 0.00, 100.00, 0.00, 2.25, 0, 0 
0, 77274, 315647468, 0.00, 100.00, 0.00, 2.25, 0, 0 
1, 77274, 316600384, 0.00, 100.00, 0.00, 2.25, 0, 0 
2, 77274, 317553172, 0.00, 100.00, 0.00, 2.25, 0, 0 
3, 77274, 318488277, 0.00, 100.00, 0.00, 2.25, 0, 0 
4, 77274, 319360892, 0.00, 100.00, 0.00, 2.25, 0, 0 
5, 77274, 320212459, 0.00, 100.00, 0.00, 2.25, 0, 0 
6, 77274, 321094101, 0.00, 100.00, 0.00, 2.25, 0, 0 
7, 77274, 321897922, 0.00, 100.00, 0.00, 2.25, 0, 0 
8, 77274, 322737335, 0.00, 100.00, 0.00, 2.25, 0, 0 
9, 77274, 323570882, 0.00, 100.00, 0.00, 2.25, 0, 0 
0, 77274, 324476064, 0.00, 100.00, 0.00, 2.25, 0, 0 
1, 77274, 325418719, 0.00, 100.00, 0.00, 2.25, 0, 0 
2, 77274, 326302827, 0.00, 100.00, 0.00, 2.25, 0, 0 
3, 77274, 327227939, 0.00, 100.00, 0.00, 2.25, 0, 0 
4, 77274, 328137714, 0.00, 100.00, 0.00, 2.25, 0, 0 
5, 77274, 329009058, 0.00, 100.00, 0.00, 2.25, 0, 0 
6, 77274, 329967029, 0.00, 100.00, 0.00, 2.25, 0, 0 
7, 77274, 330881002, 0.00, 100.00, 0.00, 2.25, 0, 0 
8, 77274, 331758160, 0.00, 100.00, 0.00, 2.25, 0, 0 
9, 77274, 332562798, 0.00, 100.00, 0.00, 2.25, 0, 0 
0, 77274, 333446320, 0.00, 100.00, 0.00, 2.25, 0, 0 
1, 77274, 334288053, 0.00, 100.00, 0.00, 2.25, 0, 0 
2, 77274, 335210230, 0.00, 100.00, 0.00, 2.25, 0, 0 
3, 77274, 336202173, 0.00, 100.00, 0.00, 2.25, 0, 0 
4, 77274, 337154969, 0.00, 100.00, 0.00, 2.25, 0, 0 
5, 77274, 338059537, 0.00, 100.00, 0.00, 2.25, 0, 0 
6, 77274, 338951223, 0.00, 100.00, 0.00, 2.25, 0, 0 
7, 77274, 339854654, 0.00, 100.00, 0.00, 2.25, 0, 0 
8, 77274, 340662302, 0.00, 100.00, 0.00, 2.25, 0, 0 
9, 77274, 341534875, 0.00, 100.00, 0.00, 2.25, 0, 0 
0, 77274, 342436139, 0.00, 100.00, 0.00, 2.25, 0, 0 
1, 77274, 343350737, 0.00, 100.00, 0.00, 2.25, 0, 0 
2, 77274, 344240001, 0.00, 100.00, 0.00, 2.25, 0, 0 
3, 77274, 345121428, 0.00, 100.00, 0.00, 2.25, 0, 0 
4, 77274, 346006889, 0.00, 100.00, 0.00, 2.25, 0, 0 
5, 77274, 346970502, 0.00, 100.00, 0.00, 2.25, 0, 0 
6, 77274, 348088131, 0.00, 100.00, 0.00, 2.25, 0, 0 
7, 77274, 348995568, 0.00, 100.00, 0.00, 2.25, 0, 0 
8, 77274, 349895163, 0.00, 100.00, 0.00, 2.25, 0, 0 
9, 77274, 350794560, 0.00, 100.00, 0.00, 2.25, 0, 0 
0, 77274, 351737220, 0.00, 100.00, 0.00, 2.25, 0, 0 
1, 77274, 352741887, 0.00, 100.00, 0.00, 2.25, 0, 0 
2, 77274, 353741600, 0.00, 100.00, 0.00, 2.25, 0, 0 
3, 77274, 354635689, 0.00, 100.00, 0.00, 2.25, 0, 0 
4, 77274, 355536464, 0.00, 100.00, 0.00, 2.25, 0, 0 
5, 77274, 356430965, 0.00, 100.00, 0.00, 2.25, 0, 0 
6, 77274, 357203527, 0.00, 100.00, 0.00, 2.25, 0, 0 
7, 77274, 358086523, 0.00, 100.00, 0.00, 2.25, 0, 0 
8, 77274, 358924110, 0.00, 100.00, 0.00, 2.25, 0, 0 
9, 77274, 359730106, 0.00, 100.00, 0.00, 2.25, 0, 0 
0, 77274, 360629579, 0.00, 100.00, 0.00, 2.25, 0, 0 
1, 77274, 361539735, 0.00, 100.00, 0.00, 2.25, 0, 0 
2, 77274, 362417315, 0.00, 100.00, 0.00, 2.25, 0, 0 
3, 77274, 363242962, 0.00, 100.00, 0.00, 2.25, 0, 0 
4, 77274, 364120803, 0.00, 100.00, 0.00, 2.25, 0, 0 
5, 77274, 365009330, 0.00, 100.00, 0.00, 2.25, 0, 0 
6, 77274, 365896626, 0.00, 100.00, 0.00, 2.25, 0, 0 
7, 77274, 366840431, 0.00, 100.00, 0.00, 2.25, 0, 0 
8, 77274, 367699232, 0.00, 100.00, 0.00, 2.25, 0, 0 
9, 77274, 368559848, 0.00, 100.00, 0.00, 2.25, 0, 0 
0, 77274, 369548232, 0.00, 100.00, 0.00, 2.25, 0, 0 
1, 77274, 370499966, 0.00, 100.00, 0.00, 2.25, 0, 0 
2, 77274, 371469294, 0.00, 100.00, 0.00, 2.25, 0, 0 
3, 77274, 372394820, 0.00, 100.00, 0.00, 2.25, 0, 0 
4, 77274, 373333085, 0.00, 100.00, 0.00, 2.25, 0, 0 
5, 77274, 374223887, 0.00, 100.00, 0.00, 2.25, 0, 0 
6, 77274, 375122860, 0.00, 100.00, 0.00, 2.25, 0, 0 
7, 77274, 376060126, 0.00, 100.00, 0.00, 2.25, 0, 0 
8, 77274, 377017627, 0.00, 100.00, 0.00, 2.25, 0, 0 
9, 77274, 377924710, 0.00, 100.00, 0.00, 2.25, 0, 0 
0, 77274, 378888220, 0.00, 100.00, 0.00, 2.25, 0, 0 
1, 77274, 379905064, 0.00, 100.00, 0.00, 2.25, 0, 0 
2, 77274, 381054361, 0.00, 100.00, 0.00, 2.25, 0, 0 
3, 77274, 382008986, 0.00, 100.00, 0.00, 2.25, 0, 0 
4, 77274, 382909111, 0.00, 100.00, 0.00, 2.25, 0, 0 
5, 77274, 383744627, 0.00, 100.00, 0.00, 2.25, 0, 0 
6, 77274, 384571084, 0.00, 100.00, 0.00, 2.25, 0, 0 
7, 77274, 385382931, 0.00, 100.00, 0.00, 2.25, 0, 0 
8, 77274, 386236955, 0.00, 100.00, 0.00, 2.25, 0, 0 
9, 77274, 387043867, 0.00, 100.00, 0.00, 2.25, 0, 0 
0, 77274, 387940758, 0.00, 100.00, 0.00, 2.25, 0, 0 
1, 77274, 388906132, 0.00, 100.00, 0.00, 2.25, 0, 0 
2, 77274, 389705951, 0.00, 100.00, 0.00, 2.25, 0, 0 
3, 77274, 390513242, 0.00, 100.00, 0.00, 2.25, 0, 0 
4, 77274, 391447546, 0.00, 100.00, 0.00, 2.25, 0, 0 
5, 77274, 392352408, 0.00, 100.00, 0.00, 2.25, 0, 0 
6, 77274, 393178164, 0.00, 100.00, 0.00, 2.25, 0, 0 
7, 77274, 394045723, 0.00, 100.00, 0.00, 2.25, 0, 0 
8, 77274, 394835273, 0.00, 100.00, 0.00, 2.25, 0, 0 
9, 77274, 395667716, 0.00, 100.00, 0.00, 2.25, 0, 0 
0, 77274, 396620697, 0.00, 100.00, 0.00, 2.25, 0, 0 
1, 77274, 397507254, 0.00, 100.00, 0.00, 2.25, 0, 0 
2, 77274, 398299513, 0.00, 100.00, 0.00, 2.25, 0, 0 
3, 77274, 399079337, 0.00, 100.00, 0.00, 2.25, 0, 0 
4, 77274, 399910326, 0.00, 100.00, 0.00, 2.25, 0, 0 
5, 77274, 400684383, 0.00, 100.00, 0.00, 2.25, 0, 0 
6, 77274, 401551982, 0.00, 100.00, 0.00, 2.25, 0, 0 
7, 77274, 402593452, 0.00, 100.00, 0.00, 2.25, 0, 0 
8, 77274, 403549903, 0.00, 100.00, 0.00, 2.25, 0, 0 
9, 77274, 404644585, 0.00, 100.00, 0.00, 2.25, 0, 0 
0, 77274, 405683012, 0.00, 100.00, 0.00, 2.25, 0, 0 
1, 77274, 406658492, 0.00, 100.00, 0.00, 2.25, 0, 0 
2, 77274, 407656935, 0.00, 100.00, 0.00, 2.25, 0, 0 
3, 77274, 408649341, 0.00, 100.00, 0.00, 2.25, 0, 0 
4, 77274, 409616628, 0.00, 100.00, 0.00, 2.25, 0, 0 
5, 77274, 410544191, 0.00, 100.00, 0.00, 2.25, 0, 0 
6, 77274, 411460258, 0.00, 100.00, 0.00, 2.25, 0, 0 
7, 77274, 412375227, 0.00, 100.00, 0.00, 2.25, 0, 0 
8, 77274, 413422898, 0.00, 100.00, 0.00, 2.25, 0, 0 
9, 77274, 414383352, 0.00, 100.00, 0.00, 2.25, 0, 0 
0, 77274, 415225921, 0.00, 100.00, 0.00, 2.25, 0, 0 
1, 77274, 416123966, 0.00, 100.00, 0.00, 2.25, 0, 0 
2, 77274, 416992989, 0.00, 100.00, 0.00, 2.25, 0, 0 
3, 77274, 417893409, 0.00, 100.00, 0.00, 2.25, 0, 0 
4, 77274, 418889406, 0.00, 100.00, 0.00, 2.25, 0, 0 
5, 77274, 419740622, 0.00, 100.00, 0.00, 2.25, 0, 0 
6, 77274, 420556736, 0.00, 100.00, 0.00, 2.25, 0, 0 
7, 77274, 421467967, 0.00, 100.00, 0.00, 2.25, 0, 0 
8, 77274, 422386040, 0.00, 100.00, 0.00, 2.25, 0, 0 
9, 77274, 423204971, 0.00, 100.00, 0.00, 2.25, 0, 0 
0, 77274, 424149096, 0.00, 100.00, 0.00, 2.25, 0, 0 
1, 77274, 424957695, 0.00, 100.00, 0.00, 2.25, 0, 0 
2, 77274, 425889420, 0.00, 100.00, 0.00, 2.25, 0, 0 
3, 77274, 426803676, 0.00, 100.00, 0.00, 2.25, 0, 0 
4, 77274, 427631487, 0.00, 100.00, 0.00, 2.25, 0, 0 
5, 77274, 428439391, 0.00, 100.00, 0.00, 2.25, 0, 0 
6, 77274, 429242498, 0.00, 100.00, 0.00, 2.25, 0, 0 
7, 77274, 430109041, 0.00, 100.00, 0.00, 2.25, 0, 0 
8, 77274, 430915888, 0.00, 100.00, 0.00, 2.25, 0, 0 
9, 77274, 431806892, 0.00, 100.00, 0.00, 2.25, 0, 0 
0, 77274, 432680305, 0.00, 100.00, 0.00, 2.25, 0, 0 
1, 77274, 433542216, 0.00, 100.00, 0.00, 2.25, 0, 0 
2, 77274, 434444608, 0.00, 100.00, 0.00, 2.25, 0, 0 
3, 77274, 435277201, 0.00, 100.00, 0.00, 2.25, 0, 0 
4, 77274, 436136638, 0.00, 100.00, 0.00, 2.25, 0, 0 
5, 77274, 436986992, 0.00, 100.00, 0.00, 2.25, 0, 0 
6, 77274, 437878664, 0.00, 100.00, 0.00, 2.25, 0, 0 
7, 77274, 438770740, 0.00, 100.00, 0.00, 2.25, 0, 0 
8, 77274, 439686650, 0.00, 100.00, 0.00, 2.25, 0, 0 
9, 77274, 440577623, 0.00, 100.00, 0.00, 2.25, 0, 0 
0, 77274, 441547873, 0.00, 100.00, 0.00, 2.25, 0, 0 
1, 77274, 442568297, 0.00, 100.00, 0.00, 2.25, 0, 0 
2, 77274, 443531696, 0.00, 100.00, 0.00, 2.25, 0, 0 
3, 77274, 444471473, 0.00, 100.00, 0.00, 2.25, 0, 0 
4, 77274, 445370628, 0.00, 100.00, 0.00, 2.25, 0, 0 
5, 77274, 446281742, 0.00, 100.00, 0.00, 2.25, 0, 0 
6, 77274, 447370567, 0.00, 100.00, 0.00, 2.25, 0, 0 
7, 77274, 448395571, 0.00, 100.00, 0.00, 2.25, 0, 0 
8, 77274, 449280214, 0.00, 100.00, 0.00, 2.25, 0, 0 
9, 77274, 450119155, 0.00, 100.00, 0.00, 2.25, 0, 0 
0, 77274, 451024254, 0.00, 100.00, 0.00, 2.25, 0, 0 
1, 77274, 451885679, 0.00, 100.00, 0.00, 2.25, 0, 0 
2, 77274, 452782514, 0.00, 100.00, 0.00, 2.25, 0, 0 
3, 77274, 453642150, 0.00, 100.00, 0.00, 2.25, 0, 0 
4, 77274, 454460869, 0.00, 100.00, 0.00, 2.25, 0, 0 
5, 77274, 455300972, 0.00, 100.00, 0.00, 2.25, 0, 0 
6, 77274, 456130521, 0.00, 100.00, 0.00, 2.25, 0, 0 
7, 77274, 456961404, 0.00, 100.00, 0.00, 2.25, 0, 0 
8, 77274, 457907227, 0.00, 100.00, 0.00, 2.25, 0, 0 
9, 77274, 458789225, 0.00, 100.00, 0.00, 2.25, 0, 0 
0, 77274, 459661725, 0.00, 100.00, 0.00, 2.25, 0, 0 
1, 77274, 460527413, 0.00, 100.00, 0.00, 2.25, 0, 0 
2, 77274, 461391734, 0.00, 100.00, 0.00, 2.25, 0, 0 
3, 77274, 462222321, 0.00, 100.00, 0.00, 2.25, 0, 0 
4, 77274, 463050177, 0.00, 100.00, 0.00, 2.25, 0, 0 
5, 77274, 463884259, 0.00, 100.00, 0.00, 2.25, 0, 0 
6, 77274, 464756207, 0.00, 100.00, 0.00, 2.25, 0, 0 
7, 77274, 465615905, 0.00, 100.00, 0.00, 2.25, 0, 0 
8, 77274, 466532071, 0.00, 100.00, 0.00, 2.25, 0, 0 
9, 77274, 467465287, 0.00, 100.00, 0.00, 2.25, 0, 0 
0, 77274, 468520655, 0.00, 100.00, 0.00, 2.25, 0, 0 
1, 77274, 469521665, 0.00, 100.00, 0.00, 2.25, 0, 0 
2, 77274, 470465004, 0.00, 100.00, 0.00, 2.25, 0, 0 
3, 77274, 471388847, 0.00, 100.00, 0.00, 2.25, 0, 0 
4, 77274, 472246062, 0.00, 100.00, 0.00, 2.25, 0, 0 
5, 77274, 473089104, 0.00, 100.00, 0.00, 2.25, 0, 0 
6, 77274, 474018197, 0.00, 100.00, 0.00, 2.25, 0, 0 
7, 77274, 474922905, 0.00, 100.00, 0.00, 2.25, 0, 0 
8, 77274, 475822670, 0.00, 100.00, 0.00, 2.25, 0, 0 
9, 77274, 476739139, 0.00, 100.00, 0.00, 2.25, 0, 0 
0, 77274, 477685353, 0.00, 100.00, 0.00, 2.25, 0, 0 
1, 77274, 478711672, 0.00, 100.00, 0.00, 2.25, 0, 0 
2, 77274, 479723534, 0.00, 100.00, 0.00, 2.25, 0, 0 
3, 77274, 480741074, 0.00, 100.00, 0.00, 2.25, 0, 0 
4, 77274, 481820598, 0.00, 100.00, 0.00, 2.25, 0, 0 
5, 77274, 482769927, 0.00, 100.00, 0.00, 2.25, 0, 0 
6, 77274, 483651923, 0.00, 100.00, 0.00, 2.25, 0, 0 
7, 77274, 484498772, 0.00, 100.00, 0.00, 2.25, 0, 0 
8, 77274, 485319151, 0.00, 100.00, 0.00, 2.25, 0, 0 
9, 77274, 486116342, 0.00, 100.00, 0.00, 2.25, 0, 0 
0, 77274, 486992796, 0.00, 100.00, 0.00, 2.25, 0, 0 
1, 77274, 487849254, 0.00, 100.00, 0.00, 2.25, 0, 0 
2, 77274, 488700578, 0.00, 100.00, 0.00, 2.25, 0, 0 
3, 77274, 489532978, 0.00, 100.00, 0.00, 2.25, 0, 0 
4, 77274, 490326039, 0.00, 100.00, 0.00, 2.25, 0, 0 
5, 77274, 491219730, 0.00, 100.00, 0.00, 2.25, 0, 0 
6, 77274, 492193787, 0.00, 100.00, 0.00, 2.25, 0, 0 
7, 77274, 493080803, 0.00, 100.00, 0.00, 2.25, 0, 0 
8, 77274, 493888671, 0.00, 100.00, 0.00, 2.25, 0, 0 
9, 77274, 494689026, 0.00, 100.00, 0.00, 2.25, 0, 0 
0, 77274, 495587927, 0.00, 100.00, 0.00, 2.25, 0, 0 
1, 77274, 496442621, 0.00, 100.00, 0.00, 2.25, 0, 0 
2, 77274, 497271254, 0.00, 100.00, 0.00, 2.25, 0, 0 
3, 77274, 498126143, 0.00, 100.00, 0.00, 2.25, 0, 0 
4, 77274, 498938001, 0.00, 100.00, 0.00, 2.25, 0, 0 
5, 77274, 499790713, 0.00, 100.00, 0.00, 2.25, 0, 0 
6, 77274, 500607664, 0.00, 100.00, 0.00, 2.25, 0, 0 
7, 77274, 501505605, 0.00, 100.00, 0.00, 2.25, 0, 0 
8, 77274, 502436171, 0.00, 100.00, 0.00, 2.25, 0, 0 
9, 77274, 503373891, 0.00, 100.00, 0.00, 2.25, 0, 0 
0, 77274, 504319953, 0.00, 100.00, 0.00, 2.25, 0, 0 
1, 77274, 505262244, 0.00, 100.00, 0.00, 2.25, 0, 0 
2, 77274, 506105583, 0.00, 100.00, 0.00, 2.25, 0, 0 
3, 77274, 506930526, 0.00, 100.00, 0.00, 2.25, 0, 0 
4, 77274, 507755962, 0.00, 100.00, 0.00, 2.25, 0, 0 
5, 77274, 508553064, 0.00, 100.00, 0.00, 2.25, 0, 0 
6, 77274, 509474110, 0.00, 100.00, 0.00, 2.25, 0, 0 
7, 77274, 510466136, 0.00, 100.00, 0.00, 2.25, 0, 0 
8, 77274, 511440839, 0.00, 100.00, 0.00, 2.25, 0, 0 
9, 77274, 512357962, 0.00, 100.00, 0.00, 2.25, 0, 0 
0, 77274, 513298636, 0.00, 100.00, 0.00, 2.25, 0, 0 
1, 77274, 514244595, 0.00, 100.00, 0.00, 2.25, 0, 0 
2, 77274, 515125921, 0.00, 100.00, 0.00, 2.25, 0, 0 
3, 77274, 516054788, 0.00, 100.00, 0.00, 2.25, 0, 0 
4, 77274, 517144704, 0.00, 100.00, 0.00, 2.25, 0, 0 
5, 77274, 517994176, 0.00, 100.00, 0.00, 2.25, 0, 0 
6, 77274, 518884584, 0.00, 100.00, 0.00, 2.25, 0, 0 
7, 77274, 519786345, 0.00, 100.00, 0.00, 2.25, 0, 0 
8, 77274, 520678038, 0.00, 100.00, 0.00, 2.25, 0, 0 
9, 77274, 521553953, 0.00, 100.00, 0.00, 2.25, 0, 0 
0, 77274, 522456276, 0.00, 100.00, 0.00, 2.25, 0, 0 
1, 77274, 523288891, 0.00, 100.00, 0.00, 2.25, 0, 0 
2, 77274, 524155615, 0.00, 100.00, 0.00, 2.25, 0, 0 
3, 77274, 524984261, 0.00, 100.00, 0.00, 2.25, 0, 0 
4, 77274, 525844162, 0.00, 100.00, 0.00, 2.25, 0, 0 
5, 77274, 526725194, 0.00, 100.00, 0.00, 2.25, 0, 0 
6, 77274, 527608370, 0.00, 100.00, 0.00, 2.25, 0, 0 
7, 77274, 528448841, 0.00, 100.00, 0.00, 2.25, 0, 0 
8, 77274, 529287361, 0.00, 100.00, 0.00, 2.25, 0, 0 
9, 77274, 530121427, 0.00, 100.00, 0.00, 2.25, 0, 0 
0, 77274, 530982803, 0.00, 100.00, 0.00, 2.25, 0, 0 
1, 77274, 531933819, 0.00, 100.00, 0.00, 2.25, 0, 0 
2, 77274, 532867657, 0.00, 100.00, 0.00, 2.25, 0, 0 
3, 77274, 533727560, 0.00, 100.00, 0.00, 2.25, 0, 0 
4, 77274, 534582231, 0.00, 100.00, 0.00, 2.25, 0, 0 
5, 77274, 535549489, 0.00, 100.00, 0.00, 2.25, 0, 0 
6, 77274, 536466200, 0.00, 100.00, 0.00, 2.25, 0, 0 
7, 77274, 537449255, 0.00, 100.00, 0.00, 2.25, 0, 0 
8, 77274, 538370040, 0.00, 100.00, 0.00, 2.25, 0, 0 
9, 77274, 539331631, 0.00, 100.00, 0.00, 2.25, 0, 0 
0, 77274, 540426673, 0.00, 100.00, 0.00, 2.25, 0, 0 
1, 77274, 541455802, 0.00, 100.00, 0.00, 2.25, 0, 0 
2, 77274, 542425605, 0.00, 100.00, 0.00, 2.25, 0, 0 
3, 77274, 543387451, 0.00, 100.00, 0.00, 2.25, 0, 0 
4, 77274, 544388469, 0.00, 100.00, 0.00, 2.25, 0, 0 
5, 77274, 545377349, 0.00, 100.00, 0.00, 2.25, 0, 0 
6, 77274, 546321636, 0.00, 100.00, 0.00, 2.25, 0, 0 
7, 77274, 547427886, 0.00, 100.00, 0.00, 2.25, 0, 0 
8, 77274, 548405407, 0.00, 100.00, 0.00, 2.25, 0, 0 
9, 77274, 549281032, 0.00, 100.00, 0.00, 2.25, 0, 0 
0, 77274, 550163933, 0.00, 100.00, 0.00, 2.25, 0, 0 
1, 77274, 551037538, 0.00, 100.00, 0.00, 2.25, 0, 0 
2, 77274, 551939278, 0.00, 100.00, 0.00, 2.25, 0, 0 
3, 77274, 552813236, 0.00, 100.00, 0.00, 2.25, 0, 0 
4, 77274, 553669626, 0.00, 100.00, 0.00, 2.25, 0, 0 
5, 77274, 554571637, 0.00, 100.00, 0.00, 2.25, 0, 0 
6, 77274, 555440455, 0.00, 100.00, 0.00, 2.25, 0, 0 
7, 77274, 556348808, 0.00, 100.00, 0.00, 2.25, 0, 0 
8, 77274, 557163403, 0.00, 100.00, 0.00, 2.25, 0, 0 
9, 77274, 558069661, 0.00, 100.00, 0.00, 2.25, 0, 0 
0, 77274, 558977523, 0.00, 100.00, 0.00, 2.25, 0, 0 
1, 77274, 559887506, 0.00, 100.00, 0.00, 2.25, 0, 0 
2, 77274, 560785533, 0.00, 100.00, 0.00, 2.25, 0, 0 
3, 77274, 561645053, 0.00, 100.00, 0.00, 2.25, 0, 0 
4, 77274, 562559725, 0.00, 100.00, 0.00, 2.25, 0, 0 
5, 77274, 563426939, 0.00, 100.00, 0.00, 2.25, 0, 0 
6, 77274, 564270225, 0.00, 100.00, 0.00, 2.25, 0, 0 
7, 77274, 565130986, 0.00, 100.00, 0.00, 2.25, 0, 0 
8, 77274, 566026679, 0.00, 100.00, 0.00, 2.25, 0, 0 
9, 77274, 566936459, 0.00, 100.00, 0.00, 2.25, 0, 0 
0, 77274, 567846934, 0.00, 100.00, 0.00, 2.25, 0, 0 
1, 77274, 568846381, 0.00, 100.00, 0.00, 2.25, 0, 0 
2, 77274, 569847668, 0.00, 100.00, 0.00, 2.25, 0, 0 
3, 77274, 570813975, 0.00, 100.00, 0.00, 2.25, 0, 0 
4, 77274, 571791668, 0.00, 100.00, 0.00, 2.25, 0, 0 
5, 77274, 572797601, 0.00, 100.00, 0.00, 2.25, 0, 0 
6, 77274, 573746048, 0.00, 100.00, 0.00, 2.25, 0, 0 
7, 77274, 574727804, 0.00, 100.00, 0.00, 2.25, 0, 0 
8, 77274, 575669954, 0.00, 100.00, 0.00, 2.25, 0, 0 
9, 77274, 576600768, 0.00, 100.00, 0.00, 2.25, 0, 0 
0, 77274, 577619501, 0.00, 100.00, 0.00, 2.25, 0, 0 
1, 77274, 578606537, 0.00, 100.00, 0.00, 2.25, 0, 0 
2, 77274, 579572070, 0.00, 100.00, 0.00, 2.25, 0, 0 
3, 77274, 580592211, 0.00, 100.00, 0.00, 2.25, 0, 0 
4, 77274, 581541717, 0.00, 100.00, 0.00, 2.25, 0, 0 
5, 77274, 582476294, 0.00, 100.00, 0.00, 2.25, 0, 0 
6, 77274, 583330251, 0.00, 100.00, 0.00, 2.25, 0, 0 
7, 77274, 584179622, 0.00, 100.00, 0.00, 2.25, 0, 0 
8, 77274, 585039304, 0.00, 100.00, 0.00, 2.25, 0, 0 
9, 77274, 585994162, 0.00, 100.00, 0.00, 2.25, 0, 0 
