Wed Nov 28 13:51:04 2018
StepTime, x, v, f, xdes, vdes, fdes, cmd, IR, LSB, LSF
0, 75405, 644904888, 0.00, 100.00, 0.00, 2.25, 0, 0 
1, 75405, 645303684, 0.00, 100.00, 0.00, 2.25, 0, 0 
2, 75405, 645616167, 0.00, 100.00, 0.00, 2.25, 0, 0 
3, 75405, 646008528, 0.00, 100.00, 0.00, 2.25, 0, 0 
4, 75405, 646267062, 0.00, 100.00, 0.00, 2.25, 0, 0 
5, 75405, 646470021, 0.00, 100.00, 0.00, 2.25, 0, 0 
6, 75405, 646684220, 0.00, 100.00, 0.00, 2.25, 0, 0 
7, 75405, 646951854, 0.00, 100.00, 0.00, 2.25, 0, 0 
8, 75405, 647200617, 0.00, 100.00, 0.00, 2.25, 0, 0 
9, 75405, 647451216, 0.00, 100.00, 0.00, 2.25, 0, 0 
0, 75405, 647758171, 0.00, 100.00, 0.00, 2.25, 0, 0 
1, 75405, 648117441, 0.00, 100.00, 0.00, 2.25, 0, 0 
2, 75405, 648459012, 0.00, 100.00, 0.00, 2.25, 0, 0 
3, 75405, 648903570, 0.00, 100.00, 0.00, 2.25, 0, 0 
4, 75405, 649275195, 0.00, 100.00, 0.00, 2.25, 0, 0 
5, 75405, 649572858, 0.00, 100.00, 0.00, 2.25, 0, 0 
6, 75405, 649800471, 0.00, 100.00, 0.00, 2.25, 0, 0 
7, 75405, 649855076, 0.00, 100.00, 0.00, 2.25, 0, 0 
8, 75405, 649908177, 0.00, 100.00, 0.00, 2.25, 0, 0 
9, 75405, 649963617, 0.00, 100.00, 0.00, 2.25, 0, 0 
0, 75405, 650031417, 0.00, 100.00, 0.00, 2.25, 0, 0 
1, 75405, 650098714, 0.00, 100.00, 0.00, 2.25, 0, 0 
2, 75405, 650157927, 0.00, 100.00, 0.00, 2.25, 0, 0 
3, 75405, 650230360, 0.00, 100.00, 0.00, 2.25, 0, 0 
4, 75405, 650295398, 0.00, 100.00, 0.00, 2.25, 0, 0 
5, 75405, 650349186, 0.00, 100.00, 0.00, 2.25, 0, 0 
6, 75405, 650402477, 0.00, 100.00, 0.00, 2.25, 0, 0 
7, 75405, 650455211, 0.00, 100.00, 0.00, 2.25, 0, 0 
8, 75405, 650501631, 0.00, 100.00, 0.00, 2.25, 0, 0 
9, 75405, 650550187, 0.00, 100.00, 0.00, 2.25, 0, 0 
0, 75405, 650607006, 0.00, 100.00, 0.00, 2.25, 0, 0 
1, 75405, 650643506, 0.00, 100.00, 0.00, 2.25, 0, 0 
2, 75405, 650677108, 0.00, 100.00, 0.00, 2.25, 0, 0 
3, 75405, 650744660, 0.00, 100.00, 0.00, 2.25, 0, 0 
4, 75405, 650810625, 0.00, 100.00, 0.00, 2.25, 0, 0 
5, 75405, 650864991, 0.00, 100.00, 0.00, 2.25, 0, 0 
6, 75405, 650918437, 0.00, 100.00, 0.00, 2.25, 0, 0 
7, 75405, 650971480, 0.00, 100.00, 0.00, 2.25, 0, 0 
8, 75405, 651025293, 0.00, 100.00, 0.00, 2.25, 0, 0 
9, 75405, 651078846, 0.00, 100.00, 0.00, 2.25, 0, 0 
0, 75405, 651144734, 0.00, 100.00, 0.00, 2.25, 0, 0 
1, 75405, 651210058, 0.00, 100.00, 0.00, 2.25, 0, 0 
2, 75405, 651269109, 0.00, 100.00, 0.00, 2.25, 0, 0 
3, 75405, 651342071, 0.00, 100.00, 0.00, 2.25, 0, 0 
4, 75405, 651408505, 0.00, 100.00, 0.00, 2.25, 0, 0 
5, 75405, 651463581, 0.00, 100.00, 0.00, 2.25, 0, 0 
6, 75405, 651517197, 0.00, 100.00, 0.00, 2.25, 0, 0 
7, 75405, 651572522, 0.00, 100.00, 0.00, 2.25, 0, 0 
8, 75405, 651626393, 0.00, 100.00, 0.00, 2.25, 0, 0 
9, 75405, 651680029, 0.00, 100.00, 0.00, 2.25, 0, 0 
0, 75405, 651746425, 0.00, 100.00, 0.00, 2.25, 0, 0 
1, 75405, 651812667, 0.00, 100.00, 0.00, 2.25, 0, 0 
2, 75405, 651871321, 0.00, 100.00, 0.00, 2.25, 0, 0 
3, 75405, 651945042, 0.00, 100.00, 0.00, 2.25, 0, 0 
4, 75405, 652019804, 0.00, 100.00, 0.00, 2.25, 0, 0 
5, 75405, 652067451, 0.00, 100.00, 0.00, 2.25, 0, 0 
6, 75405, 652103156, 0.00, 100.00, 0.00, 2.25, 0, 0 
7, 75405, 652151212, 0.00, 100.00, 0.00, 2.25, 0, 0 
8, 75405, 652197869, 0.00, 100.00, 0.00, 2.25, 0, 0 
9, 75405, 652244521, 0.00, 100.00, 0.00, 2.25, 0, 0 
0, 75405, 652301401, 0.00, 100.00, 0.00, 2.25, 0, 0 
1, 75405, 652359166, 0.00, 100.00, 0.00, 2.25, 0, 0 
2, 75405, 652409557, 0.00, 100.00, 0.00, 2.25, 0, 0 
3, 75405, 652471901, 0.00, 100.00, 0.00, 2.25, 0, 0 
4, 75405, 652540040, 0.00, 100.00, 0.00, 2.25, 0, 0 
5, 75405, 652586483, 0.00, 100.00, 0.00, 2.25, 0, 0 
6, 75405, 652632802, 0.00, 100.00, 0.00, 2.25, 0, 0 
7, 75405, 652679433, 0.00, 100.00, 0.00, 2.25, 0, 0 
8, 75405, 652725681, 0.00, 100.00, 0.00, 2.25, 0, 0 
9, 75405, 652771985, 0.00, 100.00, 0.00, 2.25, 0, 0 
0, 75405, 652828596, 0.00, 100.00, 0.00, 2.25, 0, 0 
1, 75405, 652885976, 0.00, 100.00, 0.00, 2.25, 0, 0 
2, 75405, 652935812, 0.00, 100.00, 0.00, 2.25, 0, 0 
3, 75405, 652998762, 0.00, 100.00, 0.00, 2.25, 0, 0 
4, 75405, 653063574, 0.00, 100.00, 0.00, 2.25, 0, 0 
5, 75405, 653110462, 0.00, 100.00, 0.00, 2.25, 0, 0 
6, 75405, 653157080, 0.00, 100.00, 0.00, 2.25, 0, 0 
7, 75405, 653203748, 0.00, 100.00, 0.00, 2.25, 0, 0 
8, 75405, 653250579, 0.00, 100.00, 0.00, 2.25, 0, 0 
9, 75405, 653297191, 0.00, 100.00, 0.00, 2.25, 0, 0 
0, 75405, 653353914, 0.00, 100.00, 0.00, 2.25, 0, 0 
1, 75405, 653411491, 0.00, 100.00, 0.00, 2.25, 0, 0 
2, 75405, 653461388, 0.00, 100.00, 0.00, 2.25, 0, 0 
3, 75405, 653530304, 0.00, 100.00, 0.00, 2.25, 0, 0 
4, 75405, 653588864, 0.00, 100.00, 0.00, 2.25, 0, 0 
5, 75405, 653635760, 0.00, 100.00, 0.00, 2.25, 0, 0 
6, 75405, 653682536, 0.00, 100.00, 0.00, 2.25, 0, 0 
7, 75405, 653729073, 0.00, 100.00, 0.00, 2.25, 0, 0 
8, 75405, 653775485, 0.00, 100.00, 0.00, 2.25, 0, 0 
9, 75405, 653822029, 0.00, 100.00, 0.00, 2.25, 0, 0 
0, 75405, 653878916, 0.00, 100.00, 0.00, 2.25, 0, 0 
1, 75405, 653936386, 0.00, 100.00, 0.00, 2.25, 0, 0 
2, 75405, 653986608, 0.00, 100.00, 0.00, 2.25, 0, 0 
3, 75405, 654048069, 0.00, 100.00, 0.00, 2.25, 0, 0 
4, 75405, 654106879, 0.00, 100.00, 0.00, 2.25, 0, 0 
5, 75405, 654153297, 0.00, 100.00, 0.00, 2.25, 0, 0 
6, 75405, 654199423, 0.00, 100.00, 0.00, 2.25, 0, 0 
7, 75405, 654245715, 0.00, 100.00, 0.00, 2.25, 0, 0 
8, 75405, 654292199, 0.00, 100.00, 0.00, 2.25, 0, 0 
9, 75405, 654338834, 0.00, 100.00, 0.00, 2.25, 0, 0 
0, 75405, 654395507, 0.00, 100.00, 0.00, 2.25, 0, 0 
1, 75405, 654453356, 0.00, 100.00, 0.00, 2.25, 0, 0 
2, 75405, 654503286, 0.00, 100.00, 0.00, 2.25, 0, 0 
3, 75405, 654566741, 0.00, 100.00, 0.00, 2.25, 0, 0 
4, 75405, 654631915, 0.00, 100.00, 0.00, 2.25, 0, 0 
5, 75405, 654678521, 0.00, 100.00, 0.00, 2.25, 0, 0 
6, 75405, 654724982, 0.00, 100.00, 0.00, 2.25, 0, 0 
7, 75405, 654771254, 0.00, 100.00, 0.00, 2.25, 0, 0 
8, 75405, 654817981, 0.00, 100.00, 0.00, 2.25, 0, 0 
9, 75405, 654864351, 0.00, 100.00, 0.00, 2.25, 0, 0 
0, 75405, 654921226, 0.00, 100.00, 0.00, 2.25, 0, 0 
1, 75405, 654979225, 0.00, 100.00, 0.00, 2.25, 0, 0 
2, 75405, 655029758, 0.00, 100.00, 0.00, 2.25, 0, 0 
3, 75405, 655091874, 0.00, 100.00, 0.00, 2.25, 0, 0 
4, 75405, 655150110, 0.00, 100.00, 0.00, 2.25, 0, 0 
5, 75405, 655196539, 0.00, 100.00, 0.00, 2.25, 0, 0 
6, 75405, 655243188, 0.00, 100.00, 0.00, 2.25, 0, 0 
7, 75405, 655289634, 0.00, 100.00, 0.00, 2.25, 0, 0 
8, 75405, 655336293, 0.00, 100.00, 0.00, 2.25, 0, 0 
9, 75405, 655382977, 0.00, 100.00, 0.00, 2.25, 0, 0 
0, 75405, 655439756, 0.00, 100.00, 0.00, 2.25, 0, 0 
1, 75405, 655497105, 0.00, 100.00, 0.00, 2.25, 0, 0 
2, 75405, 655547231, 0.00, 100.00, 0.00, 2.25, 0, 0 
3, 75405, 655610437, 0.00, 100.00, 0.00, 2.25, 0, 0 
4, 75405, 655669443, 0.00, 100.00, 0.00, 2.25, 0, 0 
5, 75405, 655716160, 0.00, 100.00, 0.00, 2.25, 0, 0 
6, 75405, 655774785, 0.00, 100.00, 0.00, 2.25, 0, 0 
7, 75405, 655819938, 0.00, 100.00, 0.00, 2.25, 0, 0 
8, 75405, 655865216, 0.00, 100.00, 0.00, 2.25, 0, 0 
9, 75405, 655910547, 0.00, 100.00, 0.00, 2.25, 0, 0 
0, 75405, 655965377, 0.00, 100.00, 0.00, 2.25, 0, 0 
1, 75405, 656027736, 0.00, 100.00, 0.00, 2.25, 0, 0 
2, 75405, 656087111, 0.00, 100.00, 0.00, 2.25, 0, 0 
3, 75405, 656152134, 0.00, 100.00, 0.00, 2.25, 0, 0 
4, 75405, 656217370, 0.00, 100.00, 0.00, 2.25, 0, 0 
5, 75405, 656272784, 0.00, 100.00, 0.00, 2.25, 0, 0 
6, 75405, 656328396, 0.00, 100.00, 0.00, 2.25, 0, 0 
7, 75405, 656384097, 0.00, 100.00, 0.00, 2.25, 0, 0 
8, 75405, 656439475, 0.00, 100.00, 0.00, 2.25, 0, 0 
9, 75405, 656494977, 0.00, 100.00, 0.00, 2.25, 0, 0 
0, 75405, 656564430, 0.00, 100.00, 0.00, 2.25, 0, 0 
1, 75405, 656631679, 0.00, 100.00, 0.00, 2.25, 0, 0 
2, 75405, 656690453, 0.00, 100.00, 0.00, 2.25, 0, 0 
3, 75405, 656764106, 0.00, 100.00, 0.00, 2.25, 0, 0 
4, 75405, 656824986, 0.00, 100.00, 0.00, 2.25, 0, 0 
5, 75405, 656878496, 0.00, 100.00, 0.00, 2.25, 0, 0 
6, 75405, 656930509, 0.00, 100.00, 0.00, 2.25, 0, 0 
7, 75405, 656982724, 0.00, 100.00, 0.00, 2.25, 0, 0 
8, 75405, 657034422, 0.00, 100.00, 0.00, 2.25, 0, 0 
9, 75405, 657086674, 0.00, 100.00, 0.00, 2.25, 0, 0 
0, 75405, 657151398, 0.00, 100.00, 0.00, 2.25, 0, 0 
1, 75405, 657212500, 0.00, 100.00, 0.00, 2.25, 0, 0 
2, 75405, 657270098, 0.00, 100.00, 0.00, 2.25, 0, 0 
3, 75405, 657344665, 0.00, 100.00, 0.00, 2.25, 0, 0 
4, 75405, 657409292, 0.00, 100.00, 0.00, 2.25, 0, 0 
5, 75405, 657467046, 0.00, 100.00, 0.00, 2.25, 0, 0 
6, 75405, 657517586, 0.00, 100.00, 0.00, 2.25, 0, 0 
7, 75405, 657573820, 0.00, 100.00, 0.00, 2.25, 0, 0 
8, 75405, 657629140, 0.00, 100.00, 0.00, 2.25, 0, 0 
9, 75405, 657684719, 0.00, 100.00, 0.00, 2.25, 0, 0 
0, 75405, 657754026, 0.00, 100.00, 0.00, 2.25, 0, 0 
1, 75405, 657821308, 0.00, 100.00, 0.00, 2.25, 0, 0 
2, 75405, 657880303, 0.00, 100.00, 0.00, 2.25, 0, 0 
3, 75405, 657950990, 0.00, 100.00, 0.00, 2.25, 0, 0 
4, 75405, 658018290, 0.00, 100.00, 0.00, 2.25, 0, 0 
5, 75405, 658074463, 0.00, 100.00, 0.00, 2.25, 0, 0 
6, 75405, 658129991, 0.00, 100.00, 0.00, 2.25, 0, 0 
7, 75405, 658185177, 0.00, 100.00, 0.00, 2.25, 0, 0 
8, 75405, 658230316, 0.00, 100.00, 0.00, 2.25, 0, 0 
9, 75405, 658284343, 0.00, 100.00, 0.00, 2.25, 0, 0 
0, 75405, 658349173, 0.00, 100.00, 0.00, 2.25, 0, 0 
1, 75405, 658405486, 0.00, 100.00, 0.00, 2.25, 0, 0 
2, 75405, 658452170, 0.00, 100.00, 0.00, 2.25, 0, 0 
3, 75405, 658518319, 0.00, 100.00, 0.00, 2.25, 0, 0 
4, 75405, 658580688, 0.00, 100.00, 0.00, 2.25, 0, 0 
5, 75405, 658632765, 0.00, 100.00, 0.00, 2.25, 0, 0 
6, 75405, 658688661, 0.00, 100.00, 0.00, 2.25, 0, 0 
7, 75405, 658743163, 0.00, 100.00, 0.00, 2.25, 0, 0 
8, 75405, 658798084, 0.00, 100.00, 0.00, 2.25, 0, 0 
9, 75405, 658851818, 0.00, 100.00, 0.00, 2.25, 0, 0 
0, 75405, 658920608, 0.00, 100.00, 0.00, 2.25, 0, 0 
1, 75405, 658988218, 0.00, 100.00, 0.00, 2.25, 0, 0 
2, 75405, 659047004, 0.00, 100.00, 0.00, 2.25, 0, 0 
3, 75405, 659119448, 0.00, 100.00, 0.00, 2.25, 0, 0 
4, 75405, 659181776, 0.00, 100.00, 0.00, 2.25, 0, 0 
5, 75405, 659236758, 0.00, 100.00, 0.00, 2.25, 0, 0 
6, 75405, 659291717, 0.00, 100.00, 0.00, 2.25, 0, 0 
7, 75405, 659345368, 0.00, 100.00, 0.00, 2.25, 0, 0 
8, 75405, 659403345, 0.00, 100.00, 0.00, 2.25, 0, 0 
9, 75405, 659457264, 0.00, 100.00, 0.00, 2.25, 0, 0 
0, 75405, 659526072, 0.00, 100.00, 0.00, 2.25, 0, 0 
1, 75405, 659591265, 0.00, 100.00, 0.00, 2.25, 0, 0 
2, 75405, 659654439, 0.00, 100.00, 0.00, 2.25, 0, 0 
3, 75405, 659727261, 0.00, 100.00, 0.00, 2.25, 0, 0 
4, 75405, 659798413, 0.00, 100.00, 0.00, 2.25, 0, 0 
5, 75405, 659846604, 0.00, 100.00, 0.00, 2.25, 0, 0 
6, 75405, 659895083, 0.00, 100.00, 0.00, 2.25, 0, 0 
7, 75405, 659948964, 0.00, 100.00, 0.00, 2.25, 0, 0 
8, 75405, 660008967, 0.00, 100.00, 0.00, 2.25, 0, 0 
9, 75405, 660067054, 0.00, 100.00, 0.00, 2.25, 0, 0 
0, 75405, 660127488, 0.00, 100.00, 0.00, 2.25, 0, 0 
1, 75405, 660184090, 0.00, 100.00, 0.00, 2.25, 0, 0 
2, 75405, 660232982, 0.00, 100.00, 0.00, 2.25, 0, 0 
3, 75405, 660299644, 0.00, 100.00, 0.00, 2.25, 0, 0 
4, 75405, 660361195, 0.00, 100.00, 0.00, 2.25, 0, 0 
5, 75405, 660407207, 0.00, 100.00, 0.00, 2.25, 0, 0 
6, 75405, 660450715, 0.00, 100.00, 0.00, 2.25, 0, 0 
7, 75405, 660486491, 0.00, 100.00, 0.00, 2.25, 0, 0 
8, 75405, 660522365, 0.00, 100.00, 0.00, 2.25, 0, 0 
9, 75405, 660557974, 0.00, 100.00, 0.00, 2.25, 0, 0 
0, 75405, 660599911, 0.00, 100.00, 0.00, 2.25, 0, 0 
1, 75405, 660644870, 0.00, 100.00, 0.00, 2.25, 0, 0 
2, 75405, 660688108, 0.00, 100.00, 0.00, 2.25, 0, 0 
3, 75405, 660755171, 0.00, 100.00, 0.00, 2.25, 0, 0 
4, 75405, 660823689, 0.00, 100.00, 0.00, 2.25, 0, 0 
5, 75405, 660880313, 0.00, 100.00, 0.00, 2.25, 0, 0 
6, 75405, 660934222, 0.00, 100.00, 0.00, 2.25, 0, 0 
7, 75405, 660987768, 0.00, 100.00, 0.00, 2.25, 0, 0 
8, 75405, 661042664, 0.00, 100.00, 0.00, 2.25, 0, 0 
9, 75405, 661094297, 0.00, 100.00, 0.00, 2.25, 0, 0 
0, 75405, 661161403, 0.00, 100.00, 0.00, 2.25, 0, 0 
1, 75405, 661225563, 0.00, 100.00, 0.00, 2.25, 0, 0 
2, 75405, 661284401, 0.00, 100.00, 0.00, 2.25, 0, 0 
3, 75405, 661358823, 0.00, 100.00, 0.00, 2.25, 0, 0 
4, 75405, 661412198, 0.00, 100.00, 0.00, 2.25, 0, 0 
5, 75405, 661441106, 0.00, 100.00, 0.00, 2.25, 0, 0 
6, 75405, 661477342, 0.00, 100.00, 0.00, 2.25, 0, 0 
7, 75405, 661516540, 0.00, 100.00, 0.00, 2.25, 0, 0 
8, 75405, 661549401, 0.00, 100.00, 0.00, 2.25, 0, 0 
9, 75405, 661590634, 0.00, 100.00, 0.00, 2.25, 0, 0 
0, 75405, 661651867, 0.00, 100.00, 0.00, 2.25, 0, 0 
1, 75405, 661720990, 0.00, 100.00, 0.00, 2.25, 0, 0 
2, 75405, 661791084, 0.00, 100.00, 0.00, 2.25, 0, 0 
3, 75405, 661915874, 0.00, 100.00, 0.00, 2.25, 0, 0 
4, 75405, 662028969, 0.00, 100.00, 0.00, 2.25, 0, 0 
5, 75405, 662101159, 0.00, 100.00, 0.00, 2.25, 0, 0 
6, 75405, 662166178, 0.00, 100.00, 0.00, 2.25, 0, 0 
7, 75405, 662208336, 0.00, 100.00, 0.00, 2.25, 0, 0 
8, 75405, 662249915, 0.00, 100.00, 0.00, 2.25, 0, 0 
9, 75405, 662280943, 0.00, 100.00, 0.00, 2.25, 0, 0 
0, 75405, 662316401, 0.00, 100.00, 0.00, 2.25, 0, 0 
1, 75405, 662351865, 0.00, 100.00, 0.00, 2.25, 0, 0 
2, 75405, 662384307, 0.00, 100.00, 0.00, 2.25, 0, 0 
3, 75405, 662455264, 0.00, 100.00, 0.00, 2.25, 0, 0 
4, 75405, 662525369, 0.00, 100.00, 0.00, 2.25, 0, 0 
5, 75405, 662579375, 0.00, 100.00, 0.00, 2.25, 0, 0 
6, 75405, 662633517, 0.00, 100.00, 0.00, 2.25, 0, 0 
7, 75405, 662671396, 0.00, 100.00, 0.00, 2.25, 0, 0 
8, 75405, 662700055, 0.00, 100.00, 0.00, 2.25, 0, 0 
9, 75405, 662728872, 0.00, 100.00, 0.00, 2.25, 0, 0 
0, 75405, 662765520, 0.00, 100.00, 0.00, 2.25, 0, 0 
1, 75405, 662800431, 0.00, 100.00, 0.00, 2.25, 0, 0 
2, 75405, 662832923, 0.00, 100.00, 0.00, 2.25, 0, 0 
3, 75405, 662901898, 0.00, 100.00, 0.00, 2.25, 0, 0 
4, 75405, 662963325, 0.00, 100.00, 0.00, 2.25, 0, 0 
5, 75405, 663016729, 0.00, 100.00, 0.00, 2.25, 0, 0 
6, 75405, 663070888, 0.00, 100.00, 0.00, 2.25, 0, 0 
7, 75405, 663125589, 0.00, 100.00, 0.00, 2.25, 0, 0 
8, 75405, 663180574, 0.00, 100.00, 0.00, 2.25, 0, 0 
9, 75405, 663234400, 0.00, 100.00, 0.00, 2.25, 0, 0 
0, 75405, 663277651, 0.00, 100.00, 0.00, 2.25, 0, 0 
1, 75405, 663312900, 0.00, 100.00, 0.00, 2.25, 0, 0 
2, 75405, 663345641, 0.00, 100.00, 0.00, 2.25, 0, 0 
3, 75405, 663420333, 0.00, 100.00, 0.00, 2.25, 0, 0 
4, 75405, 663485209, 0.00, 100.00, 0.00, 2.25, 0, 0 
5, 75405, 663540449, 0.00, 100.00, 0.00, 2.25, 0, 0 
6, 75405, 663593988, 0.00, 100.00, 0.00, 2.25, 0, 0 
7, 75405, 663648040, 0.00, 100.00, 0.00, 2.25, 0, 0 
8, 75405, 663701940, 0.00, 100.00, 0.00, 2.25, 0, 0 
9, 75405, 663755452, 0.00, 100.00, 0.00, 2.25, 0, 0 
0, 75405, 663822937, 0.00, 100.00, 0.00, 2.25, 0, 0 
1, 75405, 663887073, 0.00, 100.00, 0.00, 2.25, 0, 0 
2, 75405, 663944632, 0.00, 100.00, 0.00, 2.25, 0, 0 
3, 75405, 664034421, 0.00, 100.00, 0.00, 2.25, 0, 0 
4, 75405, 664083298, 0.00, 100.00, 0.00, 2.25, 0, 0 
5, 75405, 664129356, 0.00, 100.00, 0.00, 2.25, 0, 0 
6, 75405, 664174329, 0.00, 100.00, 0.00, 2.25, 0, 0 
7, 75405, 664218853, 0.00, 100.00, 0.00, 2.25, 0, 0 
8, 75405, 664266541, 0.00, 100.00, 0.00, 2.25, 0, 0 
9, 75405, 664302777, 0.00, 100.00, 0.00, 2.25, 0, 0 
0, 75405, 664338471, 0.00, 100.00, 0.00, 2.25, 0, 0 
1, 75405, 664373768, 0.00, 100.00, 0.00, 2.25, 0, 0 
2, 75405, 664406099, 0.00, 100.00, 0.00, 2.25, 0, 0 
3, 75405, 664472740, 0.00, 100.00, 0.00, 2.25, 0, 0 
4, 75405, 664537537, 0.00, 100.00, 0.00, 2.25, 0, 0 
5, 75405, 664592448, 0.00, 100.00, 0.00, 2.25, 0, 0 
6, 75405, 664646630, 0.00, 100.00, 0.00, 2.25, 0, 0 
7, 75405, 664701558, 0.00, 100.00, 0.00, 2.25, 0, 0 
8, 75405, 664755420, 0.00, 100.00, 0.00, 2.25, 0, 0 
9, 75405, 664810434, 0.00, 100.00, 0.00, 2.25, 0, 0 
0, 75405, 664877195, 0.00, 100.00, 0.00, 2.25, 0, 0 
1, 75405, 664942178, 0.00, 100.00, 0.00, 2.25, 0, 0 
2, 75405, 664999973, 0.00, 100.00, 0.00, 2.25, 0, 0 
3, 75405, 665071440, 0.00, 100.00, 0.00, 2.25, 0, 0 
4, 75405, 665135346, 0.00, 100.00, 0.00, 2.25, 0, 0 
5, 75405, 665189271, 0.00, 100.00, 0.00, 2.25, 0, 0 
6, 75405, 665243617, 0.00, 100.00, 0.00, 2.25, 0, 0 
7, 75405, 665297813, 0.00, 100.00, 0.00, 2.25, 0, 0 
8, 75405, 665352503, 0.00, 100.00, 0.00, 2.25, 0, 0 
9, 75405, 665406671, 0.00, 100.00, 0.00, 2.25, 0, 0 
0, 75405, 665475012, 0.00, 100.00, 0.00, 2.25, 0, 0 
1, 75405, 665540224, 0.00, 100.00, 0.00, 2.25, 0, 0 
2, 75405, 665596932, 0.00, 100.00, 0.00, 2.25, 0, 0 
3, 75405, 665667710, 0.00, 100.00, 0.00, 2.25, 0, 0 
4, 75405, 665727960, 0.00, 100.00, 0.00, 2.25, 0, 0 
5, 75405, 665764705, 0.00, 100.00, 0.00, 2.25, 0, 0 
6, 75405, 665793218, 0.00, 100.00, 0.00, 2.25, 0, 0 
7, 75405, 665821737, 0.00, 100.00, 0.00, 2.25, 0, 0 
8, 75405, 665857981, 0.00, 100.00, 0.00, 2.25, 0, 0 
9, 75405, 665886535, 0.00, 100.00, 0.00, 2.25, 0, 0 
0, 75405, 665921617, 0.00, 100.00, 0.00, 2.25, 0, 0 
1, 75405, 665956583, 0.00, 100.00, 0.00, 2.25, 0, 0 
2, 75405, 665988730, 0.00, 100.00, 0.00, 2.25, 0, 0 
3, 75405, 666061402, 0.00, 100.00, 0.00, 2.25, 0, 0 
4, 75405, 666121894, 0.00, 100.00, 0.00, 2.25, 0, 0 
5, 75405, 666176268, 0.00, 100.00, 0.00, 2.25, 0, 0 
6, 75405, 666232748, 0.00, 100.00, 0.00, 2.25, 0, 0 
7, 75405, 666287165, 0.00, 100.00, 0.00, 2.25, 0, 0 
8, 75405, 666342343, 0.00, 100.00, 0.00, 2.25, 0, 0 
9, 75405, 666395554, 0.00, 100.00, 0.00, 2.25, 0, 0 
0, 75405, 666463675, 0.00, 100.00, 0.00, 2.25, 0, 0 
1, 75405, 666528550, 0.00, 100.00, 0.00, 2.25, 0, 0 
2, 75405, 666586306, 0.00, 100.00, 0.00, 2.25, 0, 0 
3, 75405, 666656216, 0.00, 100.00, 0.00, 2.25, 0, 0 
4, 75405, 666716434, 0.00, 100.00, 0.00, 2.25, 0, 0 
5, 75405, 666771056, 0.00, 100.00, 0.00, 2.25, 0, 0 
6, 75405, 666824896, 0.00, 100.00, 0.00, 2.25, 0, 0 
7, 75405, 666878710, 0.00, 100.00, 0.00, 2.25, 0, 0 
8, 75405, 666932175, 0.00, 100.00, 0.00, 2.25, 0, 0 
9, 75405, 666989566, 0.00, 100.00, 0.00, 2.25, 0, 0 
0, 75405, 667057557, 0.00, 100.00, 0.00, 2.25, 0, 0 
1, 75405, 667123125, 0.00, 100.00, 0.00, 2.25, 0, 0 
2, 75405, 667180686, 0.00, 100.00, 0.00, 2.25, 0, 0 
3, 75405, 667254936, 0.00, 100.00, 0.00, 2.25, 0, 0 
4, 75405, 667317141, 0.00, 100.00, 0.00, 2.25, 0, 0 
5, 75405, 667371815, 0.00, 100.00, 0.00, 2.25, 0, 0 
6, 75405, 667426989, 0.00, 100.00, 0.00, 2.25, 0, 0 
7, 75405, 667480700, 0.00, 100.00, 0.00, 2.25, 0, 0 
8, 75405, 667535454, 0.00, 100.00, 0.00, 2.25, 0, 0 
9, 75405, 667589356, 0.00, 100.00, 0.00, 2.25, 0, 0 
0, 75405, 667657021, 0.00, 100.00, 0.00, 2.25, 0, 0 
1, 75405, 667722432, 0.00, 100.00, 0.00, 2.25, 0, 0 
2, 75405, 667780258, 0.00, 100.00, 0.00, 2.25, 0, 0 
3, 75405, 667848916, 0.00, 100.00, 0.00, 2.25, 0, 0 
4, 75405, 667908878, 0.00, 100.00, 0.00, 2.25, 0, 0 
5, 75405, 667966265, 0.00, 100.00, 0.00, 2.25, 0, 0 
6, 75405, 668029515, 0.00, 100.00, 0.00, 2.25, 0, 0 
7, 75405, 668072376, 0.00, 100.00, 0.00, 2.25, 0, 0 
8, 75405, 668118437, 0.00, 100.00, 0.00, 2.25, 0, 0 
9, 75405, 668163469, 0.00, 100.00, 0.00, 2.25, 0, 0 
0, 75405, 668218100, 0.00, 100.00, 0.00, 2.25, 0, 0 
1, 75405, 668273749, 0.00, 100.00, 0.00, 2.25, 0, 0 
2, 75405, 668322028, 0.00, 100.00, 0.00, 2.25, 0, 0 
3, 75405, 668372002, 0.00, 100.00, 0.00, 2.25, 0, 0 
4, 75405, 668434152, 0.00, 100.00, 0.00, 2.25, 0, 0 
5, 75405, 668477348, 0.00, 100.00, 0.00, 2.25, 0, 0 
6, 75405, 668523102, 0.00, 100.00, 0.00, 2.25, 0, 0 
7, 75405, 668568731, 0.00, 100.00, 0.00, 2.25, 0, 0 
8, 75405, 668611709, 0.00, 100.00, 0.00, 2.25, 0, 0 
9, 75405, 668672390, 0.00, 100.00, 0.00, 2.25, 0, 0 
0, 75405, 668727299, 0.00, 100.00, 0.00, 2.25, 0, 0 
1, 75405, 668779953, 0.00, 100.00, 0.00, 2.25, 0, 0 
2, 75405, 668828722, 0.00, 100.00, 0.00, 2.25, 0, 0 
3, 75405, 668877769, 0.00, 100.00, 0.00, 2.25, 0, 0 
4, 75405, 668928956, 0.00, 100.00, 0.00, 2.25, 0, 0 
5, 75405, 668969217, 0.00, 100.00, 0.00, 2.25, 0, 0 
6, 75405, 669010958, 0.00, 100.00, 0.00, 2.25, 0, 0 
7, 75405, 669052997, 0.00, 100.00, 0.00, 2.25, 0, 0 
8, 75405, 669096960, 0.00, 100.00, 0.00, 2.25, 0, 0 
9, 75405, 669143985, 0.00, 100.00, 0.00, 2.25, 0, 0 
0, 75405, 669197989, 0.00, 100.00, 0.00, 2.25, 0, 0 
1, 75405, 669251962, 0.00, 100.00, 0.00, 2.25, 0, 0 
2, 75405, 669300378, 0.00, 100.00, 0.00, 2.25, 0, 0 
3, 75405, 669359543, 0.00, 100.00, 0.00, 2.25, 0, 0 
4, 75405, 669416472, 0.00, 100.00, 0.00, 2.25, 0, 0 
5, 75405, 669457781, 0.00, 100.00, 0.00, 2.25, 0, 0 
6, 75405, 669502589, 0.00, 100.00, 0.00, 2.25, 0, 0 
7, 75405, 669545518, 0.00, 100.00, 0.00, 2.25, 0, 0 
8, 75405, 669592930, 0.00, 100.00, 0.00, 2.25, 0, 0 
9, 75405, 669638609, 0.00, 100.00, 0.00, 2.25, 0, 0 
0, 75405, 669686470, 0.00, 100.00, 0.00, 2.25, 0, 0 
1, 75405, 669740222, 0.00, 100.00, 0.00, 2.25, 0, 0 
2, 75405, 669788388, 0.00, 100.00, 0.00, 2.25, 0, 0 
3, 75405, 669843769, 0.00, 100.00, 0.00, 2.25, 0, 0 
4, 75405, 669900856, 0.00, 100.00, 0.00, 2.25, 0, 0 
5, 75405, 669945699, 0.00, 100.00, 0.00, 2.25, 0, 0 
6, 75405, 669975089, 0.00, 100.00, 0.00, 2.25, 0, 0 
7, 75405, 670008989, 0.00, 100.00, 0.00, 2.25, 0, 0 
8, 75405, 670060114, 0.00, 100.00, 0.00, 2.25, 0, 0 
9, 75405, 670113238, 0.00, 100.00, 0.00, 2.25, 0, 0 
0, 75405, 670178228, 0.00, 100.00, 0.00, 2.25, 0, 0 
1, 75405, 670241141, 0.00, 100.00, 0.00, 2.25, 0, 0 
2, 75405, 670297786, 0.00, 100.00, 0.00, 2.25, 0, 0 
3, 75405, 670371344, 0.00, 100.00, 0.00, 2.25, 0, 0 
4, 75405, 670431277, 0.00, 100.00, 0.00, 2.25, 0, 0 
5, 75405, 670483575, 0.00, 100.00, 0.00, 2.25, 0, 0 
6, 75405, 670537003, 0.00, 100.00, 0.00, 2.25, 0, 0 
7, 75405, 670589364, 0.00, 100.00, 0.00, 2.25, 0, 0 
8, 75405, 670641751, 0.00, 100.00, 0.00, 2.25, 0, 0 
9, 75405, 670694339, 0.00, 100.00, 0.00, 2.25, 0, 0 
0, 75405, 670761531, 0.00, 100.00, 0.00, 2.25, 0, 0 
1, 75405, 670824281, 0.00, 100.00, 0.00, 2.25, 0, 0 
2, 75405, 670880205, 0.00, 100.00, 0.00, 2.25, 0, 0 
3, 75405, 670952922, 0.00, 100.00, 0.00, 2.25, 0, 0 
4, 75405, 671010576, 0.00, 100.00, 0.00, 2.25, 0, 0 
5, 75405, 671063052, 0.00, 100.00, 0.00, 2.25, 0, 0 
6, 75405, 671115610, 0.00, 100.00, 0.00, 2.25, 0, 0 
7, 75405, 671166736, 0.00, 100.00, 0.00, 2.25, 0, 0 
8, 75405, 671217835, 0.00, 100.00, 0.00, 2.25, 0, 0 
9, 75405, 671266172, 0.00, 100.00, 0.00, 2.25, 0, 0 
0, 75405, 671326556, 0.00, 100.00, 0.00, 2.25, 0, 0 
1, 75405, 671382730, 0.00, 100.00, 0.00, 2.25, 0, 0 
2, 75405, 671440051, 0.00, 100.00, 0.00, 2.25, 0, 0 
3, 75405, 671511337, 0.00, 100.00, 0.00, 2.25, 0, 0 
4, 75405, 671575256, 0.00, 100.00, 0.00, 2.25, 0, 0 
5, 75405, 671629615, 0.00, 100.00, 0.00, 2.25, 0, 0 
6, 75405, 671683480, 0.00, 100.00, 0.00, 2.25, 0, 0 
7, 75405, 671737681, 0.00, 100.00, 0.00, 2.25, 0, 0 
8, 75405, 671791644, 0.00, 100.00, 0.00, 2.25, 0, 0 
9, 75405, 671845741, 0.00, 100.00, 0.00, 2.25, 0, 0 
0, 75405, 671912894, 0.00, 100.00, 0.00, 2.25, 0, 0 
1, 75405, 671978232, 0.00, 100.00, 0.00, 2.25, 0, 0 
2, 75405, 672042810, 0.00, 100.00, 0.00, 2.25, 0, 0 
3, 75405, 672113164, 0.00, 100.00, 0.00, 2.25, 0, 0 
4, 75405, 672177805, 0.00, 100.00, 0.00, 2.25, 0, 0 
5, 75405, 672231797, 0.00, 100.00, 0.00, 2.25, 0, 0 
6, 75405, 672285548, 0.00, 100.00, 0.00, 2.25, 0, 0 
7, 75405, 672339779, 0.00, 100.00, 0.00, 2.25, 0, 0 
8, 75405, 672393883, 0.00, 100.00, 0.00, 2.25, 0, 0 
9, 75405, 672448012, 0.00, 100.00, 0.00, 2.25, 0, 0 
0, 75405, 672515339, 0.00, 100.00, 0.00, 2.25, 0, 0 
1, 75405, 672580426, 0.00, 100.00, 0.00, 2.25, 0, 0 
2, 75405, 672637548, 0.00, 100.00, 0.00, 2.25, 0, 0 
3, 75405, 672757127, 0.00, 100.00, 0.00, 2.25, 0, 0 
4, 75405, 672821172, 0.00, 100.00, 0.00, 2.25, 0, 0 
5, 75405, 672875612, 0.00, 100.00, 0.00, 2.25, 0, 0 
6, 75405, 672929583, 0.00, 100.00, 0.00, 2.25, 0, 0 
7, 75405, 672983552, 0.00, 100.00, 0.00, 2.25, 0, 0 
8, 75405, 673037606, 0.00, 100.00, 0.00, 2.25, 0, 0 
9, 75405, 673091686, 0.00, 100.00, 0.00, 2.25, 0, 0 
0, 75405, 673159278, 0.00, 100.00, 0.00, 2.25, 0, 0 
1, 75405, 673224719, 0.00, 100.00, 0.00, 2.25, 0, 0 
2, 75405, 673282731, 0.00, 100.00, 0.00, 2.25, 0, 0 
3, 75405, 673353143, 0.00, 100.00, 0.00, 2.25, 0, 0 
4, 75405, 673417269, 0.00, 100.00, 0.00, 2.25, 0, 0 
5, 75405, 673471692, 0.00, 100.00, 0.00, 2.25, 0, 0 
6, 75405, 673525750, 0.00, 100.00, 0.00, 2.25, 0, 0 
7, 75405, 673579856, 0.00, 100.00, 0.00, 2.25, 0, 0 
8, 75405, 673633753, 0.00, 100.00, 0.00, 2.25, 0, 0 
9, 75405, 673687740, 0.00, 100.00, 0.00, 2.25, 0, 0 
0, 75405, 673754983, 0.00, 100.00, 0.00, 2.25, 0, 0 
1, 75405, 673820261, 0.00, 100.00, 0.00, 2.25, 0, 0 
2, 75405, 673877912, 0.00, 100.00, 0.00, 2.25, 0, 0 
3, 75405, 673948356, 0.00, 100.00, 0.00, 2.25, 0, 0 
4, 75405, 674014100, 0.00, 100.00, 0.00, 2.25, 0, 0 
5, 75405, 674074923, 0.00, 100.00, 0.00, 2.25, 0, 0 
6, 75405, 674122584, 0.00, 100.00, 0.00, 2.25, 0, 0 
7, 75405, 674158404, 0.00, 100.00, 0.00, 2.25, 0, 0 
8, 75405, 674192301, 0.00, 100.00, 0.00, 2.25, 0, 0 
9, 75405, 674226738, 0.00, 100.00, 0.00, 2.25, 0, 0 
0, 75405, 674275123, 0.00, 100.00, 0.00, 2.25, 0, 0 
1, 75405, 674315370, 0.00, 100.00, 0.00, 2.25, 0, 0 
2, 75405, 674352601, 0.00, 100.00, 0.00, 2.25, 0, 0 
3, 75405, 674415115, 0.00, 100.00, 0.00, 2.25, 0, 0 
4, 75405, 674470133, 0.00, 100.00, 0.00, 2.25, 0, 0 
5, 75405, 674514375, 0.00, 100.00, 0.00, 2.25, 0, 0 
6, 75405, 674558544, 0.00, 100.00, 0.00, 2.25, 0, 0 
7, 75405, 674602633, 0.00, 100.00, 0.00, 2.25, 0, 0 
8, 75405, 674646954, 0.00, 100.00, 0.00, 2.25, 0, 0 
9, 75405, 674691210, 0.00, 100.00, 0.00, 2.25, 0, 0 
0, 75405, 674745361, 0.00, 100.00, 0.00, 2.25, 0, 0 
1, 75405, 674800200, 0.00, 100.00, 0.00, 2.25, 0, 0 
2, 75405, 674847717, 0.00, 100.00, 0.00, 2.25, 0, 0 
3, 75405, 674907632, 0.00, 100.00, 0.00, 2.25, 0, 0 
4, 75405, 674962214, 0.00, 100.00, 0.00, 2.25, 0, 0 
5, 75405, 675006504, 0.00, 100.00, 0.00, 2.25, 0, 0 
6, 75405, 675050972, 0.00, 100.00, 0.00, 2.25, 0, 0 
7, 75405, 675095222, 0.00, 100.00, 0.00, 2.25, 0, 0 
8, 75405, 675139162, 0.00, 100.00, 0.00, 2.25, 0, 0 
9, 75405, 675183602, 0.00, 100.00, 0.00, 2.25, 0, 0 
0, 75405, 675237550, 0.00, 100.00, 0.00, 2.25, 0, 0 
1, 75405, 675292176, 0.00, 100.00, 0.00, 2.25, 0, 0 
2, 75405, 675339866, 0.00, 100.00, 0.00, 2.25, 0, 0 
3, 75405, 675387130, 0.00, 100.00, 0.00, 2.25, 0, 0 
4, 75405, 675442103, 0.00, 100.00, 0.00, 2.25, 0, 0 
5, 75405, 675486766, 0.00, 100.00, 0.00, 2.25, 0, 0 
6, 75405, 675531046, 0.00, 100.00, 0.00, 2.25, 0, 0 
7, 75405, 675574855, 0.00, 100.00, 0.00, 2.25, 0, 0 
8, 75405, 675619068, 0.00, 100.00, 0.00, 2.25, 0, 0 
9, 75405, 675663231, 0.00, 100.00, 0.00, 2.25, 0, 0 
0, 75405, 675717145, 0.00, 100.00, 0.00, 2.25, 0, 0 
1, 75405, 675771732, 0.00, 100.00, 0.00, 2.25, 0, 0 
2, 75405, 675819467, 0.00, 100.00, 0.00, 2.25, 0, 0 
3, 75405, 675879353, 0.00, 100.00, 0.00, 2.25, 0, 0 
4, 75405, 675933076, 0.00, 100.00, 0.00, 2.25, 0, 0 
5, 75405, 675977239, 0.00, 100.00, 0.00, 2.25, 0, 0 
6, 75405, 676026063, 0.00, 100.00, 0.00, 2.25, 0, 0 
7, 75405, 676075086, 0.00, 100.00, 0.00, 2.25, 0, 0 
8, 75405, 676122510, 0.00, 100.00, 0.00, 2.25, 0, 0 
9, 75405, 676169913, 0.00, 100.00, 0.00, 2.25, 0, 0 
0, 75405, 676226135, 0.00, 100.00, 0.00, 2.25, 0, 0 
1, 75405, 676267726, 0.00, 100.00, 0.00, 2.25, 0, 0 
2, 75405, 676310734, 0.00, 100.00, 0.00, 2.25, 0, 0 
3, 75405, 676378675, 0.00, 100.00, 0.00, 2.25, 0, 0 
4, 75405, 676432107, 0.00, 100.00, 0.00, 2.25, 0, 0 
5, 75405, 676476933, 0.00, 100.00, 0.00, 2.25, 0, 0 
6, 75405, 676520664, 0.00, 100.00, 0.00, 2.25, 0, 0 
7, 75405, 676564171, 0.00, 100.00, 0.00, 2.25, 0, 0 
8, 75405, 676612308, 0.00, 100.00, 0.00, 2.25, 0, 0 
9, 75405, 676663506, 0.00, 100.00, 0.00, 2.25, 0, 0 
0, 75405, 676721523, 0.00, 100.00, 0.00, 2.25, 0, 0 
1, 75405, 676783917, 0.00, 100.00, 0.00, 2.25, 0, 0 
2, 75405, 676838174, 0.00, 100.00, 0.00, 2.25, 0, 0 
3, 75405, 676892275, 0.00, 100.00, 0.00, 2.25, 0, 0 
4, 75405, 676938421, 0.00, 100.00, 0.00, 2.25, 0, 0 
5, 75405, 676966308, 0.00, 100.00, 0.00, 2.25, 0, 0 
6, 75405, 676995328, 0.00, 100.00, 0.00, 2.25, 0, 0 
7, 75405, 677023145, 0.00, 100.00, 0.00, 2.25, 0, 0 
8, 75405, 677050929, 0.00, 100.00, 0.00, 2.25, 0, 0 
9, 75405, 677078914, 0.00, 100.00, 0.00, 2.25, 0, 0 
0, 75405, 677112863, 0.00, 100.00, 0.00, 2.25, 0, 0 
1, 75405, 677147312, 0.00, 100.00, 0.00, 2.25, 0, 0 
2, 75405, 677179103, 0.00, 100.00, 0.00, 2.25, 0, 0 
3, 75405, 677223576, 0.00, 100.00, 0.00, 2.25, 0, 0 
4, 75405, 677267906, 0.00, 100.00, 0.00, 2.25, 0, 0 
5, 75405, 677295883, 0.00, 100.00, 0.00, 2.25, 0, 0 
6, 75405, 677324663, 0.00, 100.00, 0.00, 2.25, 0, 0 
7, 75405, 677352390, 0.00, 100.00, 0.00, 2.25, 0, 0 
8, 75405, 677380310, 0.00, 100.00, 0.00, 2.25, 0, 0 
9, 75405, 677408071, 0.00, 100.00, 0.00, 2.25, 0, 0 
0, 75405, 677441972, 0.00, 100.00, 0.00, 2.25, 0, 0 
1, 75405, 677475837, 0.00, 100.00, 0.00, 2.25, 0, 0 
2, 75405, 677507542, 0.00, 100.00, 0.00, 2.25, 0, 0 
3, 75405, 677574990, 0.00, 100.00, 0.00, 2.25, 0, 0 
4, 75405, 677633438, 0.00, 100.00, 0.00, 2.25, 0, 0 
5, 75405, 677674565, 0.00, 100.00, 0.00, 2.25, 0, 0 
6, 75405, 677702558, 0.00, 100.00, 0.00, 2.25, 0, 0 
7, 75405, 677731148, 0.00, 100.00, 0.00, 2.25, 0, 0 
8, 75405, 677759089, 0.00, 100.00, 0.00, 2.25, 0, 0 
9, 75405, 677787005, 0.00, 100.00, 0.00, 2.25, 0, 0 
0, 75405, 677821018, 0.00, 100.00, 0.00, 2.25, 0, 0 
1, 75405, 677854963, 0.00, 100.00, 0.00, 2.25, 0, 0 
2, 75405, 677894105, 0.00, 100.00, 0.00, 2.25, 0, 0 
3, 75405, 677934726, 0.00, 100.00, 0.00, 2.25, 0, 0 
4, 75405, 677994946, 0.00, 100.00, 0.00, 2.25, 0, 0 
5, 75405, 678038433, 0.00, 100.00, 0.00, 2.25, 0, 0 
6, 75405, 678082507, 0.00, 100.00, 0.00, 2.25, 0, 0 
7, 75405, 678127347, 0.00, 100.00, 0.00, 2.25, 0, 0 
8, 75405, 678160642, 0.00, 100.00, 0.00, 2.25, 0, 0 
9, 75405, 678188559, 0.00, 100.00, 0.00, 2.25, 0, 0 
0, 75405, 678224814, 0.00, 100.00, 0.00, 2.25, 0, 0 
1, 75405, 678259170, 0.00, 100.00, 0.00, 2.25, 0, 0 
2, 75405, 678290706, 0.00, 100.00, 0.00, 2.25, 0, 0 
3, 75405, 678352551, 0.00, 100.00, 0.00, 2.25, 0, 0 
4, 75405, 678414260, 0.00, 100.00, 0.00, 2.25, 0, 0 
5, 75405, 678459990, 0.00, 100.00, 0.00, 2.25, 0, 0 
6, 75405, 678507687, 0.00, 100.00, 0.00, 2.25, 0, 0 
7, 75405, 678552540, 0.00, 100.00, 0.00, 2.25, 0, 0 
8, 75405, 678598984, 0.00, 100.00, 0.00, 2.25, 0, 0 
9, 75405, 678645824, 0.00, 100.00, 0.00, 2.25, 0, 0 
0, 75405, 678700727, 0.00, 100.00, 0.00, 2.25, 0, 0 
1, 75405, 678756201, 0.00, 100.00, 0.00, 2.25, 0, 0 
2, 75405, 678808174, 0.00, 100.00, 0.00, 2.25, 0, 0 
3, 75405, 678876367, 0.00, 100.00, 0.00, 2.25, 0, 0 
4, 75405, 678936020, 0.00, 100.00, 0.00, 2.25, 0, 0 
5, 75405, 678983652, 0.00, 100.00, 0.00, 2.25, 0, 0 
6, 75405, 679030771, 0.00, 100.00, 0.00, 2.25, 0, 0 
7, 75405, 679074798, 0.00, 100.00, 0.00, 2.25, 0, 0 
8, 75405, 679119813, 0.00, 100.00, 0.00, 2.25, 0, 0 
9, 75405, 679166736, 0.00, 100.00, 0.00, 2.25, 0, 0 
0, 75405, 679222200, 0.00, 100.00, 0.00, 2.25, 0, 0 
1, 75405, 679277552, 0.00, 100.00, 0.00, 2.25, 0, 0 
2, 75405, 679326387, 0.00, 100.00, 0.00, 2.25, 0, 0 
3, 75405, 679389712, 0.00, 100.00, 0.00, 2.25, 0, 0 
4, 75405, 679449780, 0.00, 100.00, 0.00, 2.25, 0, 0 
5, 75405, 679495009, 0.00, 100.00, 0.00, 2.25, 0, 0 
6, 75405, 679540228, 0.00, 100.00, 0.00, 2.25, 0, 0 
7, 75405, 679585730, 0.00, 100.00, 0.00, 2.25, 0, 0 
8, 75405, 679633418, 0.00, 100.00, 0.00, 2.25, 0, 0 
9, 75405, 679680956, 0.00, 100.00, 0.00, 2.25, 0, 0 
0, 75405, 679737530, 0.00, 100.00, 0.00, 2.25, 0, 0 
1, 75405, 679793409, 0.00, 100.00, 0.00, 2.25, 0, 0 
2, 75405, 679841550, 0.00, 100.00, 0.00, 2.25, 0, 0 
3, 75405, 679903763, 0.00, 100.00, 0.00, 2.25, 0, 0 
4, 75405, 679962022, 0.00, 100.00, 0.00, 2.25, 0, 0 
5, 75405, 680013325, 0.00, 100.00, 0.00, 2.25, 0, 0 
6, 75405, 680067709, 0.00, 100.00, 0.00, 2.25, 0, 0 
7, 75405, 680105766, 0.00, 100.00, 0.00, 2.25, 0, 0 
8, 75405, 680133607, 0.00, 100.00, 0.00, 2.25, 0, 0 
9, 75405, 680161535, 0.00, 100.00, 0.00, 2.25, 0, 0 
0, 75405, 680196801, 0.00, 100.00, 0.00, 2.25, 0, 0 
1, 75405, 680231232, 0.00, 100.00, 0.00, 2.25, 0, 0 
2, 75405, 680263044, 0.00, 100.00, 0.00, 2.25, 0, 0 
3, 75405, 680324418, 0.00, 100.00, 0.00, 2.25, 0, 0 
4, 75405, 680382946, 0.00, 100.00, 0.00, 2.25, 0, 0 
5, 75405, 680426722, 0.00, 100.00, 0.00, 2.25, 0, 0 
6, 75405, 680470877, 0.00, 100.00, 0.00, 2.25, 0, 0 
7, 75405, 680514647, 0.00, 100.00, 0.00, 2.25, 0, 0 
8, 75405, 680558851, 0.00, 100.00, 0.00, 2.25, 0, 0 
9, 75405, 680602766, 0.00, 100.00, 0.00, 2.25, 0, 0 
0, 75405, 680659128, 0.00, 100.00, 0.00, 2.25, 0, 0 
1, 75405, 680703079, 0.00, 100.00, 0.00, 2.25, 0, 0 
2, 75405, 680750988, 0.00, 100.00, 0.00, 2.25, 0, 0 
3, 75405, 680814646, 0.00, 100.00, 0.00, 2.25, 0, 0 
4, 75405, 680873040, 0.00, 100.00, 0.00, 2.25, 0, 0 
5, 75405, 680920238, 0.00, 100.00, 0.00, 2.25, 0, 0 
6, 75405, 680966162, 0.00, 100.00, 0.00, 2.25, 0, 0 
7, 75405, 681012218, 0.00, 100.00, 0.00, 2.25, 0, 0 
8, 75405, 681045034, 0.00, 100.00, 0.00, 2.25, 0, 0 
9, 75405, 681072974, 0.00, 100.00, 0.00, 2.25, 0, 0 
0, 75405, 681109501, 0.00, 100.00, 0.00, 2.25, 0, 0 
1, 75405, 681143784, 0.00, 100.00, 0.00, 2.25, 0, 0 
2, 75405, 681175591, 0.00, 100.00, 0.00, 2.25, 0, 0 
3, 75405, 681236442, 0.00, 100.00, 0.00, 2.25, 0, 0 
4, 75405, 681294763, 0.00, 100.00, 0.00, 2.25, 0, 0 
5, 75405, 681341013, 0.00, 100.00, 0.00, 2.25, 0, 0 
6, 75405, 681388629, 0.00, 100.00, 0.00, 2.25, 0, 0 
7, 75405, 681433377, 0.00, 100.00, 0.00, 2.25, 0, 0 
8, 75405, 681477910, 0.00, 100.00, 0.00, 2.25, 0, 0 
9, 75405, 681521640, 0.00, 100.00, 0.00, 2.25, 0, 0 
0, 75405, 681576510, 0.00, 100.00, 0.00, 2.25, 0, 0 
1, 75405, 681632314, 0.00, 100.00, 0.00, 2.25, 0, 0 
2, 75405, 681683669, 0.00, 100.00, 0.00, 2.25, 0, 0 
3, 75405, 681749451, 0.00, 100.00, 0.00, 2.25, 0, 0 
4, 75405, 681809144, 0.00, 100.00, 0.00, 2.25, 0, 0 
5, 75405, 681856357, 0.00, 100.00, 0.00, 2.25, 0, 0 
6, 75405, 681904694, 0.00, 100.00, 0.00, 2.25, 0, 0 
7, 75405, 681953451, 0.00, 100.00, 0.00, 2.25, 0, 0 
8, 75405, 682000319, 0.00, 100.00, 0.00, 2.25, 0, 0 
9, 75405, 682048392, 0.00, 100.00, 0.00, 2.25, 0, 0 
0, 75405, 682107645, 0.00, 100.00, 0.00, 2.25, 0, 0 
1, 75405, 682163728, 0.00, 100.00, 0.00, 2.25, 0, 0 
2, 75405, 682220156, 0.00, 100.00, 0.00, 2.25, 0, 0 
3, 75405, 682284927, 0.00, 100.00, 0.00, 2.25, 0, 0 
4, 75405, 682345012, 0.00, 100.00, 0.00, 2.25, 0, 0 
5, 75405, 682392209, 0.00, 100.00, 0.00, 2.25, 0, 0 
6, 75405, 682423124, 0.00, 100.00, 0.00, 2.25, 0, 0 
7, 75405, 682453641, 0.00, 100.00, 0.00, 2.25, 0, 0 
8, 75405, 682484045, 0.00, 100.00, 0.00, 2.25, 0, 0 
9, 75405, 682515645, 0.00, 100.00, 0.00, 2.25, 0, 0 
0, 75405, 682554787, 0.00, 100.00, 0.00, 2.25, 0, 0 
1, 75405, 682588758, 0.00, 100.00, 0.00, 2.25, 0, 0 
2, 75405, 682626717, 0.00, 100.00, 0.00, 2.25, 0, 0 
3, 75405, 682690882, 0.00, 100.00, 0.00, 2.25, 0, 0 
4, 75405, 682751416, 0.00, 100.00, 0.00, 2.25, 0, 0 
5, 75405, 682799403, 0.00, 100.00, 0.00, 2.25, 0, 0 
6, 75405, 682848151, 0.00, 100.00, 0.00, 2.25, 0, 0 
7, 75405, 682893880, 0.00, 100.00, 0.00, 2.25, 0, 0 
8, 75405, 682924808, 0.00, 100.00, 0.00, 2.25, 0, 0 
9, 75405, 682955284, 0.00, 100.00, 0.00, 2.25, 0, 0 
0, 75405, 682995909, 0.00, 100.00, 0.00, 2.25, 0, 0 
1, 75405, 683029629, 0.00, 100.00, 0.00, 2.25, 0, 0 
2, 75405, 683067399, 0.00, 100.00, 0.00, 2.25, 0, 0 
3, 75405, 683130869, 0.00, 100.00, 0.00, 2.25, 0, 0 
4, 75405, 683191166, 0.00, 100.00, 0.00, 2.25, 0, 0 
5, 75405, 683239585, 0.00, 100.00, 0.00, 2.25, 0, 0 
6, 75405, 683289076, 0.00, 100.00, 0.00, 2.25, 0, 0 
7, 75405, 683336257, 0.00, 100.00, 0.00, 2.25, 0, 0 
8, 75405, 683384163, 0.00, 100.00, 0.00, 2.25, 0, 0 
9, 75405, 683430829, 0.00, 100.00, 0.00, 2.25, 0, 0 
0, 75405, 683489811, 0.00, 100.00, 0.00, 2.25, 0, 0 
1, 75405, 683545317, 0.00, 100.00, 0.00, 2.25, 0, 0 
2, 75405, 683600180, 0.00, 100.00, 0.00, 2.25, 0, 0 
3, 75405, 683664650, 0.00, 100.00, 0.00, 2.25, 0, 0 
4, 75405, 683725327, 0.00, 100.00, 0.00, 2.25, 0, 0 
5, 75405, 683773293, 0.00, 100.00, 0.00, 2.25, 0, 0 
6, 75405, 683820044, 0.00, 100.00, 0.00, 2.25, 0, 0 
7, 75405, 683868573, 0.00, 100.00, 0.00, 2.25, 0, 0 
8, 75405, 683914675, 0.00, 100.00, 0.00, 2.25, 0, 0 
9, 75405, 683961732, 0.00, 100.00, 0.00, 2.25, 0, 0 
0, 75405, 684030347, 0.00, 100.00, 0.00, 2.25, 0, 0 
1, 75405, 684087934, 0.00, 100.00, 0.00, 2.25, 0, 0 
2, 75405, 684139353, 0.00, 100.00, 0.00, 2.25, 0, 0 
3, 75405, 684203228, 0.00, 100.00, 0.00, 2.25, 0, 0 
4, 75405, 684260579, 0.00, 100.00, 0.00, 2.25, 0, 0 
5, 75405, 684304305, 0.00, 100.00, 0.00, 2.25, 0, 0 
6, 75405, 684347967, 0.00, 100.00, 0.00, 2.25, 0, 0 
7, 75405, 684391582, 0.00, 100.00, 0.00, 2.25, 0, 0 
8, 75405, 684435125, 0.00, 100.00, 0.00, 2.25, 0, 0 
9, 75405, 684479134, 0.00, 100.00, 0.00, 2.25, 0, 0 
0, 75405, 684533300, 0.00, 100.00, 0.00, 2.25, 0, 0 
1, 75405, 684590029, 0.00, 100.00, 0.00, 2.25, 0, 0 
2, 75405, 684637798, 0.00, 100.00, 0.00, 2.25, 0, 0 
3, 75405, 684711233, 0.00, 100.00, 0.00, 2.25, 0, 0 
4, 75405, 684769990, 0.00, 100.00, 0.00, 2.25, 0, 0 
5, 75405, 684817058, 0.00, 100.00, 0.00, 2.25, 0, 0 
6, 75405, 684862751, 0.00, 100.00, 0.00, 2.25, 0, 0 
7, 75405, 684908772, 0.00, 100.00, 0.00, 2.25, 0, 0 
8, 75405, 684954505, 0.00, 100.00, 0.00, 2.25, 0, 0 
9, 75405, 685003615, 0.00, 100.00, 0.00, 2.25, 0, 0 
0, 75405, 685057464, 0.00, 100.00, 0.00, 2.25, 0, 0 
1, 75405, 685114588, 0.00, 100.00, 0.00, 2.25, 0, 0 
2, 75405, 685166664, 0.00, 100.00, 0.00, 2.25, 0, 0 
3, 75405, 685230402, 0.00, 100.00, 0.00, 2.25, 0, 0 
4, 75405, 685287259, 0.00, 100.00, 0.00, 2.25, 0, 0 
5, 75405, 685334955, 0.00, 100.00, 0.00, 2.25, 0, 0 
6, 75405, 685382497, 0.00, 100.00, 0.00, 2.25, 0, 0 
7, 75405, 685429220, 0.00, 100.00, 0.00, 2.25, 0, 0 
8, 75405, 685475242, 0.00, 100.00, 0.00, 2.25, 0, 0 
9, 75405, 685520861, 0.00, 100.00, 0.00, 2.25, 0, 0 
0, 75405, 685577534, 0.00, 100.00, 0.00, 2.25, 0, 0 
1, 75405, 685634486, 0.00, 100.00, 0.00, 2.25, 0, 0 
2, 75405, 685682734, 0.00, 100.00, 0.00, 2.25, 0, 0 
3, 75405, 685746377, 0.00, 100.00, 0.00, 2.25, 0, 0 
4, 75405, 685803359, 0.00, 100.00, 0.00, 2.25, 0, 0 
5, 75405, 685849657, 0.00, 100.00, 0.00, 2.25, 0, 0 
6, 75405, 685894940, 0.00, 100.00, 0.00, 2.25, 0, 0 
7, 75405, 685940677, 0.00, 100.00, 0.00, 2.25, 0, 0 
8, 75405, 685984976, 0.00, 100.00, 0.00, 2.25, 0, 0 
9, 75405, 686029726, 0.00, 100.00, 0.00, 2.25, 0, 0 
0, 75405, 686084878, 0.00, 100.00, 0.00, 2.25, 0, 0 
1, 75405, 686142661, 0.00, 100.00, 0.00, 2.25, 0, 0 
2, 75405, 686192348, 0.00, 100.00, 0.00, 2.25, 0, 0 
3, 75405, 686260012, 0.00, 100.00, 0.00, 2.25, 0, 0 
4, 75405, 686317796, 0.00, 100.00, 0.00, 2.25, 0, 0 
5, 75405, 686363937, 0.00, 100.00, 0.00, 2.25, 0, 0 
6, 75405, 686409872, 0.00, 100.00, 0.00, 2.25, 0, 0 
7, 75405, 686458071, 0.00, 100.00, 0.00, 2.25, 0, 0 
8, 75405, 686505573, 0.00, 100.00, 0.00, 2.25, 0, 0 
9, 75405, 686551998, 0.00, 100.00, 0.00, 2.25, 0, 0 
0, 75405, 686606682, 0.00, 100.00, 0.00, 2.25, 0, 0 
1, 75405, 686663930, 0.00, 100.00, 0.00, 2.25, 0, 0 
2, 75405, 686716433, 0.00, 100.00, 0.00, 2.25, 0, 0 
3, 75405, 686780695, 0.00, 100.00, 0.00, 2.25, 0, 0 
4, 75405, 686838738, 0.00, 100.00, 0.00, 2.25, 0, 0 
5, 75405, 686886329, 0.00, 100.00, 0.00, 2.25, 0, 0 
6, 75405, 686930951, 0.00, 100.00, 0.00, 2.25, 0, 0 
7, 75405, 686976833, 0.00, 100.00, 0.00, 2.25, 0, 0 
8, 75405, 687023660, 0.00, 100.00, 0.00, 2.25, 0, 0 
9, 75405, 687067605, 0.00, 100.00, 0.00, 2.25, 0, 0 
0, 75405, 687122893, 0.00, 100.00, 0.00, 2.25, 0, 0 
1, 75405, 687181254, 0.00, 100.00, 0.00, 2.25, 0, 0 
2, 75405, 687232661, 0.00, 100.00, 0.00, 2.25, 0, 0 
3, 75405, 687296395, 0.00, 100.00, 0.00, 2.25, 0, 0 
4, 75405, 687353798, 0.00, 100.00, 0.00, 2.25, 0, 0 
5, 75405, 687399254, 0.00, 100.00, 0.00, 2.25, 0, 0 
6, 75405, 687445928, 0.00, 100.00, 0.00, 2.25, 0, 0 
7, 75405, 687491518, 0.00, 100.00, 0.00, 2.25, 0, 0 
8, 75405, 687546371, 0.00, 100.00, 0.00, 2.25, 0, 0 
9, 75405, 687593745, 0.00, 100.00, 0.00, 2.25, 0, 0 
0, 75405, 687650085, 0.00, 100.00, 0.00, 2.25, 0, 0 
1, 75405, 687714590, 0.00, 100.00, 0.00, 2.25, 0, 0 
2, 75405, 687771153, 0.00, 100.00, 0.00, 2.25, 0, 0 
3, 75405, 687852046, 0.00, 100.00, 0.00, 2.25, 0, 0 
4, 75405, 687899984, 0.00, 100.00, 0.00, 2.25, 0, 0 
5, 75405, 687949615, 0.00, 100.00, 0.00, 2.25, 0, 0 
6, 75405, 687994783, 0.00, 100.00, 0.00, 2.25, 0, 0 
7, 75405, 688053420, 0.00, 100.00, 0.00, 2.25, 0, 0 
8, 75405, 688095143, 0.00, 100.00, 0.00, 2.25, 0, 0 
9, 75405, 688123058, 0.00, 100.00, 0.00, 2.25, 0, 0 
0, 75405, 688160574, 0.00, 100.00, 0.00, 2.25, 0, 0 
1, 75405, 688194621, 0.00, 100.00, 0.00, 2.25, 0, 0 
2, 75405, 688226350, 0.00, 100.00, 0.00, 2.25, 0, 0 
3, 75405, 688283773, 0.00, 100.00, 0.00, 2.25, 0, 0 
4, 75405, 688337196, 0.00, 100.00, 0.00, 2.25, 0, 0 
5, 75405, 688385335, 0.00, 100.00, 0.00, 2.25, 0, 0 
6, 75405, 688432625, 0.00, 100.00, 0.00, 2.25, 0, 0 
7, 75405, 688476215, 0.00, 100.00, 0.00, 2.25, 0, 0 
8, 75405, 688522378, 0.00, 100.00, 0.00, 2.25, 0, 0 
9, 75405, 688565141, 0.00, 100.00, 0.00, 2.25, 0, 0 
0, 75405, 688621242, 0.00, 100.00, 0.00, 2.25, 0, 0 
1, 75405, 688675801, 0.00, 100.00, 0.00, 2.25, 0, 0 
2, 75405, 688722706, 0.00, 100.00, 0.00, 2.25, 0, 0 
3, 75405, 688782832, 0.00, 100.00, 0.00, 2.25, 0, 0 
4, 75405, 688843750, 0.00, 100.00, 0.00, 2.25, 0, 0 
5, 75405, 688884139, 0.00, 100.00, 0.00, 2.25, 0, 0 
6, 75405, 688926658, 0.00, 100.00, 0.00, 2.25, 0, 0 
7, 75405, 688970944, 0.00, 100.00, 0.00, 2.25, 0, 0 
8, 75405, 689013443, 0.00, 100.00, 0.00, 2.25, 0, 0 
9, 75405, 689058051, 0.00, 100.00, 0.00, 2.25, 0, 0 
0, 75405, 689110725, 0.00, 100.00, 0.00, 2.25, 0, 0 
1, 75405, 689163411, 0.00, 100.00, 0.00, 2.25, 0, 0 
2, 75405, 689211812, 0.00, 100.00, 0.00, 2.25, 0, 0 
3, 75405, 689265018, 0.00, 100.00, 0.00, 2.25, 0, 0 
4, 75405, 689323056, 0.00, 100.00, 0.00, 2.25, 0, 0 
5, 75405, 689365169, 0.00, 100.00, 0.00, 2.25, 0, 0 
6, 75405, 689409477, 0.00, 100.00, 0.00, 2.25, 0, 0 
7, 75405, 689454335, 0.00, 100.00, 0.00, 2.25, 0, 0 
8, 75405, 689499164, 0.00, 100.00, 0.00, 2.25, 0, 0 
9, 75405, 689541719, 0.00, 100.00, 0.00, 2.25, 0, 0 
0, 75405, 689590449, 0.00, 100.00, 0.00, 2.25, 0, 0 
1, 75405, 689647218, 0.00, 100.00, 0.00, 2.25, 0, 0 
2, 75405, 689697696, 0.00, 100.00, 0.00, 2.25, 0, 0 
3, 75405, 689748631, 0.00, 100.00, 0.00, 2.25, 0, 0 
4, 75405, 689806896, 0.00, 100.00, 0.00, 2.25, 0, 0 
5, 75405, 689848003, 0.00, 100.00, 0.00, 2.25, 0, 0 
6, 75405, 689889184, 0.00, 100.00, 0.00, 2.25, 0, 0 
7, 75405, 689928800, 0.00, 100.00, 0.00, 2.25, 0, 0 
8, 75405, 689973653, 0.00, 100.00, 0.00, 2.25, 0, 0 
9, 75405, 690016680, 0.00, 100.00, 0.00, 2.25, 0, 0 
0, 75405, 690070221, 0.00, 100.00, 0.00, 2.25, 0, 0 
1, 75405, 690125922, 0.00, 100.00, 0.00, 2.25, 0, 0 
2, 75405, 690174108, 0.00, 100.00, 0.00, 2.25, 0, 0 
3, 75405, 690233524, 0.00, 100.00, 0.00, 2.25, 0, 0 
4, 75405, 690290057, 0.00, 100.00, 0.00, 2.25, 0, 0 
5, 75405, 690330650, 0.00, 100.00, 0.00, 2.25, 0, 0 
6, 75405, 690371917, 0.00, 100.00, 0.00, 2.25, 0, 0 
7, 75405, 690414506, 0.00, 100.00, 0.00, 2.25, 0, 0 
8, 75405, 690452721, 0.00, 100.00, 0.00, 2.25, 0, 0 
9, 75405, 690496841, 0.00, 100.00, 0.00, 2.25, 0, 0 
0, 75405, 690554546, 0.00, 100.00, 0.00, 2.25, 0, 0 
1, 75405, 690609002, 0.00, 100.00, 0.00, 2.25, 0, 0 
2, 75405, 690658816, 0.00, 100.00, 0.00, 2.25, 0, 0 
3, 75405, 690721440, 0.00, 100.00, 0.00, 2.25, 0, 0 
4, 75405, 690761778, 0.00, 100.00, 0.00, 2.25, 0, 0 
5, 75405, 690794947, 0.00, 100.00, 0.00, 2.25, 0, 0 
6, 75405, 690831135, 0.00, 100.00, 0.00, 2.25, 0, 0 
7, 75405, 690859353, 0.00, 100.00, 0.00, 2.25, 0, 0 
8, 75405, 690887090, 0.00, 100.00, 0.00, 2.25, 0, 0 
9, 75405, 690914770, 0.00, 100.00, 0.00, 2.25, 0, 0 
0, 75405, 690949290, 0.00, 100.00, 0.00, 2.25, 0, 0 
1, 75405, 690983241, 0.00, 100.00, 0.00, 2.25, 0, 0 
2, 75405, 691014653, 0.00, 100.00, 0.00, 2.25, 0, 0 
3, 75405, 691078757, 0.00, 100.00, 0.00, 2.25, 0, 0 
4, 75405, 691133102, 0.00, 100.00, 0.00, 2.25, 0, 0 
5, 75405, 691177447, 0.00, 100.00, 0.00, 2.25, 0, 0 
6, 75405, 691221764, 0.00, 100.00, 0.00, 2.25, 0, 0 
7, 75405, 691265393, 0.00, 100.00, 0.00, 2.25, 0, 0 
8, 75405, 691309888, 0.00, 100.00, 0.00, 2.25, 0, 0 
9, 75405, 691355258, 0.00, 100.00, 0.00, 2.25, 0, 0 
0, 75405, 691408098, 0.00, 100.00, 0.00, 2.25, 0, 0 
1, 75405, 691463617, 0.00, 100.00, 0.00, 2.25, 0, 0 
2, 75405, 691505671, 0.00, 100.00, 0.00, 2.25, 0, 0 
3, 75405, 691569024, 0.00, 100.00, 0.00, 2.25, 0, 0 
4, 75405, 691624618, 0.00, 100.00, 0.00, 2.25, 0, 0 
5, 75405, 691656947, 0.00, 100.00, 0.00, 2.25, 0, 0 
6, 75405, 691684736, 0.00, 100.00, 0.00, 2.25, 0, 0 
7, 75405, 691712444, 0.00, 100.00, 0.00, 2.25, 0, 0 
8, 75405, 691742957, 0.00, 100.00, 0.00, 2.25, 0, 0 
9, 75405, 691770719, 0.00, 100.00, 0.00, 2.25, 0, 0 
0, 75405, 691804639, 0.00, 100.00, 0.00, 2.25, 0, 0 
1, 75405, 691838720, 0.00, 100.00, 0.00, 2.25, 0, 0 
2, 75405, 691870093, 0.00, 100.00, 0.00, 2.25, 0, 0 
3, 75405, 691931519, 0.00, 100.00, 0.00, 2.25, 0, 0 
4, 75405, 691988249, 0.00, 100.00, 0.00, 2.25, 0, 0 
5, 75405, 692044215, 0.00, 100.00, 0.00, 2.25, 0, 0 
6, 75405, 692085815, 0.00, 100.00, 0.00, 2.25, 0, 0 
7, 75405, 692116982, 0.00, 100.00, 0.00, 2.25, 0, 0 
8, 75405, 692149292, 0.00, 100.00, 0.00, 2.25, 0, 0 
9, 75405, 692179969, 0.00, 100.00, 0.00, 2.25, 0, 0 
0, 75405, 692219764, 0.00, 100.00, 0.00, 2.25, 0, 0 
1, 75405, 692264098, 0.00, 100.00, 0.00, 2.25, 0, 0 
2, 75405, 692301584, 0.00, 100.00, 0.00, 2.25, 0, 0 
3, 75405, 692368255, 0.00, 100.00, 0.00, 2.25, 0, 0 
4, 75405, 692426409, 0.00, 100.00, 0.00, 2.25, 0, 0 
5, 75405, 692464730, 0.00, 100.00, 0.00, 2.25, 0, 0 
6, 75405, 692508131, 0.00, 100.00, 0.00, 2.25, 0, 0 
7, 75405, 692551304, 0.00, 100.00, 0.00, 2.25, 0, 0 
8, 75405, 692593991, 0.00, 100.00, 0.00, 2.25, 0, 0 
9, 75405, 692641670, 0.00, 100.00, 0.00, 2.25, 0, 0 
0, 75405, 692677475, 0.00, 100.00, 0.00, 2.25, 0, 0 
1, 75405, 692730495, 0.00, 100.00, 0.00, 2.25, 0, 0 
2, 75405, 692779870, 0.00, 100.00, 0.00, 2.25, 0, 0 
3, 75405, 692841527, 0.00, 100.00, 0.00, 2.25, 0, 0 
4, 75405, 692898347, 0.00, 100.00, 0.00, 2.25, 0, 0 
5, 75405, 692945088, 0.00, 100.00, 0.00, 2.25, 0, 0 
6, 75405, 692986509, 0.00, 100.00, 0.00, 2.25, 0, 0 
7, 75405, 693031470, 0.00, 100.00, 0.00, 2.25, 0, 0 
8, 75405, 693075744, 0.00, 100.00, 0.00, 2.25, 0, 0 
9, 75405, 693116385, 0.00, 100.00, 0.00, 2.25, 0, 0 
0, 75405, 693161772, 0.00, 100.00, 0.00, 2.25, 0, 0 
1, 75405, 693213145, 0.00, 100.00, 0.00, 2.25, 0, 0 
2, 75405, 693259919, 0.00, 100.00, 0.00, 2.25, 0, 0 
3, 75405, 693312037, 0.00, 100.00, 0.00, 2.25, 0, 0 
4, 75405, 693368120, 0.00, 100.00, 0.00, 2.25, 0, 0 
5, 75405, 693409054, 0.00, 100.00, 0.00, 2.25, 0, 0 
6, 75405, 693453246, 0.00, 100.00, 0.00, 2.25, 0, 0 
7, 75405, 693498162, 0.00, 100.00, 0.00, 2.25, 0, 0 
8, 75405, 693536519, 0.00, 100.00, 0.00, 2.25, 0, 0 
9, 75405, 693582218, 0.00, 100.00, 0.00, 2.25, 0, 0 
0, 75405, 693636234, 0.00, 100.00, 0.00, 2.25, 0, 0 
1, 75405, 693692623, 0.00, 100.00, 0.00, 2.25, 0, 0 
2, 75405, 693742157, 0.00, 100.00, 0.00, 2.25, 0, 0 
3, 75405, 693800255, 0.00, 100.00, 0.00, 2.25, 0, 0 
4, 75405, 693870607, 0.00, 100.00, 0.00, 2.25, 0, 0 
5, 75405, 693921353, 0.00, 100.00, 0.00, 2.25, 0, 0 
6, 75405, 693972818, 0.00, 100.00, 0.00, 2.25, 0, 0 
7, 75405, 694023815, 0.00, 100.00, 0.00, 2.25, 0, 0 
8, 75405, 694074647, 0.00, 100.00, 0.00, 2.25, 0, 0 
9, 75405, 694125670, 0.00, 100.00, 0.00, 2.25, 0, 0 
0, 75405, 694187391, 0.00, 100.00, 0.00, 2.25, 0, 0 
1, 75405, 694249680, 0.00, 100.00, 0.00, 2.25, 0, 0 
2, 75405, 694289321, 0.00, 100.00, 0.00, 2.25, 0, 0 
3, 75405, 694363252, 0.00, 100.00, 0.00, 2.25, 0, 0 
4, 75405, 694420411, 0.00, 100.00, 0.00, 2.25, 0, 0 
5, 75405, 694464337, 0.00, 100.00, 0.00, 2.25, 0, 0 
6, 75405, 694508028, 0.00, 100.00, 0.00, 2.25, 0, 0 
7, 75405, 694551899, 0.00, 100.00, 0.00, 2.25, 0, 0 
8, 75405, 694595481, 0.00, 100.00, 0.00, 2.25, 0, 0 
9, 75405, 694639065, 0.00, 100.00, 0.00, 2.25, 0, 0 
0, 75405, 694692659, 0.00, 100.00, 0.00, 2.25, 0, 0 
1, 75405, 694746924, 0.00, 100.00, 0.00, 2.25, 0, 0 
2, 75405, 694803263, 0.00, 100.00, 0.00, 2.25, 0, 0 
3, 75405, 694867807, 0.00, 100.00, 0.00, 2.25, 0, 0 
4, 75405, 694925275, 0.00, 100.00, 0.00, 2.25, 0, 0 
5, 75405, 694982635, 0.00, 100.00, 0.00, 2.25, 0, 0 
6, 75405, 695074264, 0.00, 100.00, 0.00, 2.25, 0, 0 
7, 75405, 695103692, 0.00, 100.00, 0.00, 2.25, 0, 0 
8, 75405, 695133260, 0.00, 100.00, 0.00, 2.25, 0, 0 
9, 75405, 695164140, 0.00, 100.00, 0.00, 2.25, 0, 0 
0, 75405, 695207883, 0.00, 100.00, 0.00, 2.25, 0, 0 
1, 75405, 695258504, 0.00, 100.00, 0.00, 2.25, 0, 0 
2, 75405, 695302753, 0.00, 100.00, 0.00, 2.25, 0, 0 
3, 75405, 695364376, 0.00, 100.00, 0.00, 2.25, 0, 0 
4, 75405, 695466912, 0.00, 100.00, 0.00, 2.25, 0, 0 
5, 75405, 695541760, 0.00, 100.00, 0.00, 2.25, 0, 0 
6, 75405, 695621977, 0.00, 100.00, 0.00, 2.25, 0, 0 
7, 75405, 695670717, 0.00, 100.00, 0.00, 2.25, 0, 0 
8, 75405, 695717273, 0.00, 100.00, 0.00, 2.25, 0, 0 
9, 75405, 695761256, 0.00, 100.00, 0.00, 2.25, 0, 0 
0, 75405, 695814746, 0.00, 100.00, 0.00, 2.25, 0, 0 
1, 75405, 695870526, 0.00, 100.00, 0.00, 2.25, 0, 0 
2, 75405, 695919942, 0.00, 100.00, 0.00, 2.25, 0, 0 
3, 75405, 695984785, 0.00, 100.00, 0.00, 2.25, 0, 0 
4, 75405, 696059439, 0.00, 100.00, 0.00, 2.25, 0, 0 
5, 75405, 696106738, 0.00, 100.00, 0.00, 2.25, 0, 0 
6, 75405, 696139019, 0.00, 100.00, 0.00, 2.25, 0, 0 
7, 75405, 696166990, 0.00, 100.00, 0.00, 2.25, 0, 0 
8, 75405, 696194856, 0.00, 100.00, 0.00, 2.25, 0, 0 
9, 75405, 696225001, 0.00, 100.00, 0.00, 2.25, 0, 0 
0, 75405, 696258945, 0.00, 100.00, 0.00, 2.25, 0, 0 
1, 75405, 696293092, 0.00, 100.00, 0.00, 2.25, 0, 0 
2, 75405, 696324733, 0.00, 100.00, 0.00, 2.25, 0, 0 
3, 75405, 696389172, 0.00, 100.00, 0.00, 2.25, 0, 0 
4, 75405, 696450355, 0.00, 100.00, 0.00, 2.25, 0, 0 
5, 75405, 696503381, 0.00, 100.00, 0.00, 2.25, 0, 0 
6, 75405, 696556072, 0.00, 100.00, 0.00, 2.25, 0, 0 
7, 75405, 696611133, 0.00, 100.00, 0.00, 2.25, 0, 0 
8, 75405, 696659215, 0.00, 100.00, 0.00, 2.25, 0, 0 
9, 75405, 696711487, 0.00, 100.00, 0.00, 2.25, 0, 0 
0, 75405, 696778285, 0.00, 100.00, 0.00, 2.25, 0, 0 
1, 75405, 696841804, 0.00, 100.00, 0.00, 2.25, 0, 0 
2, 75405, 696897633, 0.00, 100.00, 0.00, 2.25, 0, 0 
3, 75405, 696969534, 0.00, 100.00, 0.00, 2.25, 0, 0 
4, 75405, 697029538, 0.00, 100.00, 0.00, 2.25, 0, 0 
5, 75405, 697082086, 0.00, 100.00, 0.00, 2.25, 0, 0 
6, 75405, 697134024, 0.00, 100.00, 0.00, 2.25, 0, 0 
7, 75405, 697185823, 0.00, 100.00, 0.00, 2.25, 0, 0 
8, 75405, 697238705, 0.00, 100.00, 0.00, 2.25, 0, 0 
9, 75405, 697291935, 0.00, 100.00, 0.00, 2.25, 0, 0 
0, 75405, 697358062, 0.00, 100.00, 0.00, 2.25, 0, 0 
1, 75405, 697420670, 0.00, 100.00, 0.00, 2.25, 0, 0 
2, 75405, 697476541, 0.00, 100.00, 0.00, 2.25, 0, 0 
3, 75405, 697544272, 0.00, 100.00, 0.00, 2.25, 0, 0 
4, 75405, 697602259, 0.00, 100.00, 0.00, 2.25, 0, 0 
5, 75405, 697654179, 0.00, 100.00, 0.00, 2.25, 0, 0 
6, 75405, 697706545, 0.00, 100.00, 0.00, 2.25, 0, 0 
7, 75405, 697759336, 0.00, 100.00, 0.00, 2.25, 0, 0 
8, 75405, 697811621, 0.00, 100.00, 0.00, 2.25, 0, 0 
9, 75405, 697864746, 0.00, 100.00, 0.00, 2.25, 0, 0 
0, 75405, 697930662, 0.00, 100.00, 0.00, 2.25, 0, 0 
1, 75405, 697993042, 0.00, 100.00, 0.00, 2.25, 0, 0 
2, 75405, 698048343, 0.00, 100.00, 0.00, 2.25, 0, 0 
3, 75405, 698116730, 0.00, 100.00, 0.00, 2.25, 0, 0 
4, 75405, 698176522, 0.00, 100.00, 0.00, 2.25, 0, 0 
5, 75405, 698227500, 0.00, 100.00, 0.00, 2.25, 0, 0 
6, 75405, 698279294, 0.00, 100.00, 0.00, 2.25, 0, 0 
7, 75405, 698331508, 0.00, 100.00, 0.00, 2.25, 0, 0 
8, 75405, 698387962, 0.00, 100.00, 0.00, 2.25, 0, 0 
9, 75405, 698440721, 0.00, 100.00, 0.00, 2.25, 0, 0 
0, 75405, 698506846, 0.00, 100.00, 0.00, 2.25, 0, 0 
1, 75405, 698572701, 0.00, 100.00, 0.00, 2.25, 0, 0 
2, 75405, 698628399, 0.00, 100.00, 0.00, 2.25, 0, 0 
3, 75405, 698700420, 0.00, 100.00, 0.00, 2.25, 0, 0 
4, 75405, 698758766, 0.00, 100.00, 0.00, 2.25, 0, 0 
5, 75405, 698810847, 0.00, 100.00, 0.00, 2.25, 0, 0 
6, 75405, 698865591, 0.00, 100.00, 0.00, 2.25, 0, 0 
7, 75405, 698918687, 0.00, 100.00, 0.00, 2.25, 0, 0 
8, 75405, 698970282, 0.00, 100.00, 0.00, 2.25, 0, 0 
9, 75405, 699022699, 0.00, 100.00, 0.00, 2.25, 0, 0 
0, 75405, 699090247, 0.00, 100.00, 0.00, 2.25, 0, 0 
1, 75405, 699151941, 0.00, 100.00, 0.00, 2.25, 0, 0 
2, 75405, 699207503, 0.00, 100.00, 0.00, 2.25, 0, 0 
3, 75405, 699276074, 0.00, 100.00, 0.00, 2.25, 0, 0 
4, 75405, 699337796, 0.00, 100.00, 0.00, 2.25, 0, 0 
5, 75405, 699388728, 0.00, 100.00, 0.00, 2.25, 0, 0 
6, 75405, 699441008, 0.00, 100.00, 0.00, 2.25, 0, 0 
7, 75405, 699493799, 0.00, 100.00, 0.00, 2.25, 0, 0 
8, 75405, 699545179, 0.00, 100.00, 0.00, 2.25, 0, 0 
9, 75405, 699598860, 0.00, 100.00, 0.00, 2.25, 0, 0 
0, 75405, 699663188, 0.00, 100.00, 0.00, 2.25, 0, 0 
1, 75405, 699725316, 0.00, 100.00, 0.00, 2.25, 0, 0 
2, 75405, 699781038, 0.00, 100.00, 0.00, 2.25, 0, 0 
3, 75405, 699849715, 0.00, 100.00, 0.00, 2.25, 0, 0 
4, 75405, 699908189, 0.00, 100.00, 0.00, 2.25, 0, 0 
5, 75405, 699961319, 0.00, 100.00, 0.00, 2.25, 0, 0 
6, 75405, 700020233, 0.00, 100.00, 0.00, 2.25, 0, 0 
7, 75405, 700069391, 0.00, 100.00, 0.00, 2.25, 0, 0 
8, 75405, 700112772, 0.00, 100.00, 0.00, 2.25, 0, 0 
9, 75405, 700156024, 0.00, 100.00, 0.00, 2.25, 0, 0 
0, 75405, 700208905, 0.00, 100.00, 0.00, 2.25, 0, 0 
1, 75405, 700263102, 0.00, 100.00, 0.00, 2.25, 0, 0 
2, 75405, 700309685, 0.00, 100.00, 0.00, 2.25, 0, 0 
3, 75405, 700368900, 0.00, 100.00, 0.00, 2.25, 0, 0 
4, 75405, 700424303, 0.00, 100.00, 0.00, 2.25, 0, 0 
5, 75405, 700467554, 0.00, 100.00, 0.00, 2.25, 0, 0 
6, 75405, 700510982, 0.00, 100.00, 0.00, 2.25, 0, 0 
7, 75405, 700554473, 0.00, 100.00, 0.00, 2.25, 0, 0 
8, 75405, 700597991, 0.00, 100.00, 0.00, 2.25, 0, 0 
9, 75405, 700641536, 0.00, 100.00, 0.00, 2.25, 0, 0 
0, 75405, 700694670, 0.00, 100.00, 0.00, 2.25, 0, 0 
1, 75405, 700748174, 0.00, 100.00, 0.00, 2.25, 0, 0 
2, 75405, 700795118, 0.00, 100.00, 0.00, 2.25, 0, 0 
3, 75405, 700857201, 0.00, 100.00, 0.00, 2.25, 0, 0 
4, 75405, 700910158, 0.00, 100.00, 0.00, 2.25, 0, 0 
5, 75405, 700954590, 0.00, 100.00, 0.00, 2.25, 0, 0 
6, 75405, 700998132, 0.00, 100.00, 0.00, 2.25, 0, 0 
7, 75405, 701041334, 0.00, 100.00, 0.00, 2.25, 0, 0 
8, 75405, 701084749, 0.00, 100.00, 0.00, 2.25, 0, 0 
9, 75405, 701128247, 0.00, 100.00, 0.00, 2.25, 0, 0 
