Wed Nov 28 14:11:58 2018
StepTime, x, v, f, xdes, vdes, fdes, cmd, IR, LSB, LSF
0, 76659, 467865787, 0.00, 100.00, 0.00, 2.25, 0, 0 
1, 76659, 469317784, 0.00, 100.00, 0.00, 2.25, 0, 0 
2, 76659, 470328490, 0.00, 100.00, 0.00, 2.25, 0, 0 
3, 76659, 471477479, 0.00, 100.00, 0.00, 2.25, 0, 0 
4, 76659, 472503179, 0.00, 100.00, 0.00, 2.25, 0, 0 
5, 76659, 473540712, 0.00, 100.00, 0.00, 2.25, 0, 0 
6, 76659, 474547515, 0.00, 100.00, 0.00, 2.25, 0, 0 
7, 76659, 475594367, 0.00, 100.00, 0.00, 2.25, 0, 0 
8, 76659, 476505259, 0.00, 100.00, 0.00, 2.25, 0, 0 
9, 76659, 477465429, 0.00, 100.00, 0.00, 2.25, 0, 0 
0, 76659, 478564271, 0.00, 100.00, 0.00, 2.25, 0, 0 
1, 76659, 479563818, 0.00, 100.00, 0.00, 2.25, 0, 0 
2, 76659, 480521767, 0.00, 100.00, 0.00, 2.25, 0, 0 
3, 76659, 481515742, 0.00, 100.00, 0.00, 2.25, 0, 0 
4, 76659, 482504939, 0.00, 100.00, 0.00, 2.25, 0, 0 
5, 76659, 483477206, 0.00, 100.00, 0.00, 2.25, 0, 0 
6, 76659, 484351213, 0.00, 100.00, 0.00, 2.25, 0, 0 
7, 76659, 485257062, 0.00, 100.00, 0.00, 2.25, 0, 0 
8, 76659, 486112896, 0.00, 100.00, 0.00, 2.25, 0, 0 
9, 76659, 487087006, 0.00, 100.00, 0.00, 2.25, 0, 0 
0, 76659, 487989381, 0.00, 100.00, 0.00, 2.25, 0, 0 
1, 76659, 489013739, 0.00, 100.00, 0.00, 2.25, 0, 0 
2, 76659, 489910741, 0.00, 100.00, 0.00, 2.25, 0, 0 
3, 76659, 490845621, 0.00, 100.00, 0.00, 2.25, 0, 0 
4, 76659, 491706025, 0.00, 100.00, 0.00, 2.25, 0, 0 
5, 76659, 492536784, 0.00, 100.00, 0.00, 2.25, 0, 0 
6, 76659, 493346350, 0.00, 100.00, 0.00, 2.25, 0, 0 
7, 76659, 494187045, 0.00, 100.00, 0.00, 2.25, 0, 0 
8, 76659, 495018746, 0.00, 100.00, 0.00, 2.25, 0, 0 
9, 76659, 495899326, 0.00, 100.00, 0.00, 2.25, 0, 0 
0, 76659, 496856913, 0.00, 100.00, 0.00, 2.25, 0, 0 
1, 76659, 497784255, 0.00, 100.00, 0.00, 2.25, 0, 0 
2, 76659, 498784442, 0.00, 100.00, 0.00, 2.25, 0, 0 
3, 76659, 499777659, 0.00, 100.00, 0.00, 2.25, 0, 0 
4, 76659, 500796156, 0.00, 100.00, 0.00, 2.25, 0, 0 
5, 76659, 501759226, 0.00, 100.00, 0.00, 2.25, 0, 0 
6, 76659, 502938114, 0.00, 100.00, 0.00, 2.25, 0, 0 
7, 76659, 504538714, 0.00, 100.00, 0.00, 2.25, 0, 0 
8, 76659, 505500673, 0.00, 100.00, 0.00, 2.25, 0, 0 
9, 76659, 506189046, 0.00, 100.00, 0.00, 2.25, 0, 0 
0, 76659, 506967019, 0.00, 100.00, 0.00, 2.25, 0, 0 
1, 76659, 507671163, 0.00, 100.00, 0.00, 2.25, 0, 0 
2, 76659, 508420129, 0.00, 100.00, 0.00, 2.25, 0, 0 
3, 76659, 509044991, 0.00, 100.00, 0.00, 2.25, 0, 0 
4, 76659, 509689793, 0.00, 100.00, 0.00, 2.25, 0, 0 
5, 76659, 510318938, 0.00, 100.00, 0.00, 2.25, 0, 0 
6, 76659, 510880071, 0.00, 100.00, 0.00, 2.25, 0, 0 
7, 76659, 511504274, 0.00, 100.00, 0.00, 2.25, 0, 0 
8, 76659, 512083268, 0.00, 100.00, 0.00, 2.25, 0, 0 
9, 76659, 512649696, 0.00, 100.00, 0.00, 2.25, 0, 0 
0, 76659, 513274451, 0.00, 100.00, 0.00, 2.25, 0, 0 
1, 76659, 513945916, 0.00, 100.00, 0.00, 2.25, 0, 0 
2, 76659, 514592250, 0.00, 100.00, 0.00, 2.25, 0, 0 
3, 76659, 515181958, 0.00, 100.00, 0.00, 2.25, 0, 0 
4, 76659, 515733269, 0.00, 100.00, 0.00, 2.25, 0, 0 
5, 76659, 516336286, 0.00, 100.00, 0.00, 2.25, 0, 0 
6, 76659, 517426049, 0.00, 100.00, 0.00, 2.25, 0, 0 
7, 76659, 518063421, 0.00, 100.00, 0.00, 2.25, 0, 0 
8, 76659, 518673531, 0.00, 100.00, 0.00, 2.25, 0, 0 
9, 76659, 519372159, 0.00, 100.00, 0.00, 2.25, 0, 0 
0, 76659, 519981319, 0.00, 100.00, 0.00, 2.25, 0, 0 
1, 76659, 520613173, 0.00, 100.00, 0.00, 2.25, 0, 0 
2, 76659, 521317348, 0.00, 100.00, 0.00, 2.25, 0, 0 
3, 76659, 521983170, 0.00, 100.00, 0.00, 2.25, 0, 0 
4, 76659, 522645658, 0.00, 100.00, 0.00, 2.25, 0, 0 
5, 76659, 523286184, 0.00, 100.00, 0.00, 2.25, 0, 0 
6, 76659, 524084655, 0.00, 100.00, 0.00, 2.25, 0, 0 
7, 76659, 524696970, 0.00, 100.00, 0.00, 2.25, 0, 0 
8, 76659, 525255262, 0.00, 100.00, 0.00, 2.25, 0, 0 
9, 76659, 525917256, 0.00, 100.00, 0.00, 2.25, 0, 0 
0, 76659, 526703159, 0.00, 100.00, 0.00, 2.25, 0, 0 
1, 76659, 527395642, 0.00, 100.00, 0.00, 2.25, 0, 0 
2, 76659, 528034200, 0.00, 100.00, 0.00, 2.25, 0, 0 
3, 76659, 528630299, 0.00, 100.00, 0.00, 2.25, 0, 0 
4, 76659, 529206508, 0.00, 100.00, 0.00, 2.25, 0, 0 
5, 76659, 529787649, 0.00, 100.00, 0.00, 2.25, 0, 0 
6, 76659, 530350161, 0.00, 100.00, 0.00, 2.25, 0, 0 
7, 76659, 530942684, 0.00, 100.00, 0.00, 2.25, 0, 0 
8, 76659, 531588474, 0.00, 100.00, 0.00, 2.25, 0, 0 
9, 76659, 532235966, 0.00, 100.00, 0.00, 2.25, 0, 0 
0, 76659, 532813969, 0.00, 100.00, 0.00, 2.25, 0, 0 
1, 76659, 533406499, 0.00, 100.00, 0.00, 2.25, 0, 0 
2, 76659, 534082200, 0.00, 100.00, 0.00, 2.25, 0, 0 
3, 76659, 534791580, 0.00, 100.00, 0.00, 2.25, 0, 0 
4, 76659, 535354142, 0.00, 100.00, 0.00, 2.25, 0, 0 
5, 76659, 536023673, 0.00, 100.00, 0.00, 2.25, 0, 0 
6, 76659, 536571003, 0.00, 100.00, 0.00, 2.25, 0, 0 
7, 76659, 537191344, 0.00, 100.00, 0.00, 2.25, 0, 0 
8, 76659, 537897357, 0.00, 100.00, 0.00, 2.25, 0, 0 
9, 76659, 538445981, 0.00, 100.00, 0.00, 2.25, 0, 0 
0, 76659, 539055095, 0.00, 100.00, 0.00, 2.25, 0, 0 
1, 76659, 539624304, 0.00, 100.00, 0.00, 2.25, 0, 0 
2, 76659, 540287378, 0.00, 100.00, 0.00, 2.25, 0, 0 
3, 76659, 540836054, 0.00, 100.00, 0.00, 2.25, 0, 0 
4, 76659, 541469134, 0.00, 100.00, 0.00, 2.25, 0, 0 
5, 76659, 542158005, 0.00, 100.00, 0.00, 2.25, 0, 0 
6, 76659, 542890753, 0.00, 100.00, 0.00, 2.25, 0, 0 
7, 76659, 543631329, 0.00, 100.00, 0.00, 2.25, 0, 0 
8, 76659, 544264497, 0.00, 100.00, 0.00, 2.25, 0, 0 
9, 76659, 544999979, 0.00, 100.00, 0.00, 2.25, 0, 0 
0, 76659, 545696511, 0.00, 100.00, 0.00, 2.25, 0, 0 
1, 76659, 546257822, 0.00, 100.00, 0.00, 2.25, 0, 0 
2, 76659, 546937170, 0.00, 100.00, 0.00, 2.25, 0, 0 
3, 76659, 547612038, 0.00, 100.00, 0.00, 2.25, 0, 0 
4, 76659, 548186574, 0.00, 100.00, 0.00, 2.25, 0, 0 
5, 76659, 548769269, 0.00, 100.00, 0.00, 2.25, 0, 0 
6, 76659, 549647374, 0.00, 100.00, 0.00, 2.25, 0, 0 
7, 76659, 550272855, 0.00, 100.00, 0.00, 2.25, 0, 0 
8, 76659, 550853341, 0.00, 100.00, 0.00, 2.25, 0, 0 
9, 76659, 551552229, 0.00, 100.00, 0.00, 2.25, 0, 0 
0, 76659, 552146074, 0.00, 100.00, 0.00, 2.25, 0, 0 
1, 76659, 552756484, 0.00, 100.00, 0.00, 2.25, 0, 0 
2, 76659, 553360228, 0.00, 100.00, 0.00, 2.25, 0, 0 
3, 76659, 554011425, 0.00, 100.00, 0.00, 2.25, 0, 0 
4, 76659, 554672216, 0.00, 100.00, 0.00, 2.25, 0, 0 
5, 76659, 555239299, 0.00, 100.00, 0.00, 2.25, 0, 0 
6, 76659, 555885837, 0.00, 100.00, 0.00, 2.25, 0, 0 
7, 76659, 556569080, 0.00, 100.00, 0.00, 2.25, 0, 0 
8, 76659, 557139184, 0.00, 100.00, 0.00, 2.25, 0, 0 
9, 76659, 557812768, 0.00, 100.00, 0.00, 2.25, 0, 0 
0, 76659, 558412859, 0.00, 100.00, 0.00, 2.25, 0, 0 
1, 76659, 559034250, 0.00, 100.00, 0.00, 2.25, 0, 0 
2, 76659, 559650453, 0.00, 100.00, 0.00, 2.25, 0, 0 
3, 76659, 560220879, 0.00, 100.00, 0.00, 2.25, 0, 0 
4, 76659, 560789485, 0.00, 100.00, 0.00, 2.25, 0, 0 
5, 76659, 561349281, 0.00, 100.00, 0.00, 2.25, 0, 0 
6, 76659, 561934609, 0.00, 100.00, 0.00, 2.25, 0, 0 
7, 76659, 562514686, 0.00, 100.00, 0.00, 2.25, 0, 0 
8, 76659, 563107916, 0.00, 100.00, 0.00, 2.25, 0, 0 
9, 76659, 563686336, 0.00, 100.00, 0.00, 2.25, 0, 0 
0, 76659, 564285537, 0.00, 100.00, 0.00, 2.25, 0, 0 
1, 76659, 564910425, 0.00, 100.00, 0.00, 2.25, 0, 0 
2, 76659, 565555928, 0.00, 100.00, 0.00, 2.25, 0, 0 
3, 76659, 566287337, 0.00, 100.00, 0.00, 2.25, 0, 0 
4, 76659, 566847928, 0.00, 100.00, 0.00, 2.25, 0, 0 
5, 76659, 567462174, 0.00, 100.00, 0.00, 2.25, 0, 0 
6, 76659, 568047634, 0.00, 100.00, 0.00, 2.25, 0, 0 
7, 76659, 568685353, 0.00, 100.00, 0.00, 2.25, 0, 0 
8, 76659, 569451600, 0.00, 100.00, 0.00, 2.25, 0, 0 
9, 76659, 570015360, 0.00, 100.00, 0.00, 2.25, 0, 0 
0, 76659, 570694670, 0.00, 100.00, 0.00, 2.25, 0, 0 
1, 76659, 571361628, 0.00, 100.00, 0.00, 2.25, 0, 0 
2, 76659, 571935217, 0.00, 100.00, 0.00, 2.25, 0, 0 
3, 76659, 572587296, 0.00, 100.00, 0.00, 2.25, 0, 0 
4, 76659, 573259659, 0.00, 100.00, 0.00, 2.25, 0, 0 
5, 76659, 573815869, 0.00, 100.00, 0.00, 2.25, 0, 0 
6, 76659, 574383775, 0.00, 100.00, 0.00, 2.25, 0, 0 
7, 76659, 574985046, 0.00, 100.00, 0.00, 2.25, 0, 0 
8, 76659, 575585200, 0.00, 100.00, 0.00, 2.25, 0, 0 
9, 76659, 576176438, 0.00, 100.00, 0.00, 2.25, 0, 0 
0, 76659, 576801692, 0.00, 100.00, 0.00, 2.25, 0, 0 
1, 76659, 577394536, 0.00, 100.00, 0.00, 2.25, 0, 0 
2, 76659, 577985349, 0.00, 100.00, 0.00, 2.25, 0, 0 
3, 76659, 578695822, 0.00, 100.00, 0.00, 2.25, 0, 0 
4, 76659, 579391314, 0.00, 100.00, 0.00, 2.25, 0, 0 
5, 76659, 579974339, 0.00, 100.00, 0.00, 2.25, 0, 0 
6, 76659, 580685477, 0.00, 100.00, 0.00, 2.25, 0, 0 
7, 76659, 581286123, 0.00, 100.00, 0.00, 2.25, 0, 0 
8, 76659, 582028537, 0.00, 100.00, 0.00, 2.25, 0, 0 
9, 76659, 582669346, 0.00, 100.00, 0.00, 2.25, 0, 0 
0, 76659, 583446341, 0.00, 100.00, 0.00, 2.25, 0, 0 
1, 76659, 584052384, 0.00, 100.00, 0.00, 2.25, 0, 0 
2, 76659, 584726523, 0.00, 100.00, 0.00, 2.25, 0, 0 
3, 76659, 585337529, 0.00, 100.00, 0.00, 2.25, 0, 0 
4, 76659, 585884359, 0.00, 100.00, 0.00, 2.25, 0, 0 
5, 76659, 586519519, 0.00, 100.00, 0.00, 2.25, 0, 0 
6, 76659, 587260391, 0.00, 100.00, 0.00, 2.25, 0, 0 
7, 76659, 587827328, 0.00, 100.00, 0.00, 2.25, 0, 0 
8, 76659, 588388355, 0.00, 100.00, 0.00, 2.25, 0, 0 
9, 76659, 589004094, 0.00, 100.00, 0.00, 2.25, 0, 0 
0, 76659, 589655035, 0.00, 100.00, 0.00, 2.25, 0, 0 
1, 76659, 590290814, 0.00, 100.00, 0.00, 2.25, 0, 0 
2, 76659, 591010153, 0.00, 100.00, 0.00, 2.25, 0, 0 
3, 76659, 591574957, 0.00, 100.00, 0.00, 2.25, 0, 0 
4, 76659, 592144214, 0.00, 100.00, 0.00, 2.25, 0, 0 
5, 76659, 592692946, 0.00, 100.00, 0.00, 2.25, 0, 0 
6, 76659, 593319179, 0.00, 100.00, 0.00, 2.25, 0, 0 
7, 76659, 593896477, 0.00, 100.00, 0.00, 2.25, 0, 0 
8, 76659, 594509238, 0.00, 100.00, 0.00, 2.25, 0, 0 
9, 76659, 595069217, 0.00, 100.00, 0.00, 2.25, 0, 0 
0, 76659, 595680526, 0.00, 100.00, 0.00, 2.25, 0, 0 
1, 76659, 596237139, 0.00, 100.00, 0.00, 2.25, 0, 0 
2, 76659, 596947895, 0.00, 100.00, 0.00, 2.25, 0, 0 
3, 76659, 597659521, 0.00, 100.00, 0.00, 2.25, 0, 0 
4, 76659, 598242825, 0.00, 100.00, 0.00, 2.25, 0, 0 
5, 76659, 598942417, 0.00, 100.00, 0.00, 2.25, 0, 0 
6, 76659, 599534865, 0.00, 100.00, 0.00, 2.25, 0, 0 
7, 76659, 600091296, 0.00, 100.00, 0.00, 2.25, 0, 0 
8, 76659, 600750293, 0.00, 100.00, 0.00, 2.25, 0, 0 
9, 76659, 601511292, 0.00, 100.00, 0.00, 2.25, 0, 0 
0, 76659, 602318114, 0.00, 100.00, 0.00, 2.25, 0, 0 
1, 76659, 602883956, 0.00, 100.00, 0.00, 2.25, 0, 0 
2, 76659, 603577696, 0.00, 100.00, 0.00, 2.25, 0, 0 
3, 76659, 604140760, 0.00, 100.00, 0.00, 2.25, 0, 0 
4, 76659, 604808519, 0.00, 100.00, 0.00, 2.25, 0, 0 
5, 76659, 605577943, 0.00, 100.00, 0.00, 2.25, 0, 0 
6, 76659, 606156599, 0.00, 100.00, 0.00, 2.25, 0, 0 
7, 76659, 606807333, 0.00, 100.00, 0.00, 2.25, 0, 0 
8, 76659, 607564181, 0.00, 100.00, 0.00, 2.25, 0, 0 
9, 76659, 608323017, 0.00, 100.00, 0.00, 2.25, 0, 0 
0, 76659, 609070672, 0.00, 100.00, 0.00, 2.25, 0, 0 
1, 76659, 609745544, 0.00, 100.00, 0.00, 2.25, 0, 0 
2, 76659, 610453288, 0.00, 100.00, 0.00, 2.25, 0, 0 
3, 76659, 611164019, 0.00, 100.00, 0.00, 2.25, 0, 0 
4, 76659, 611727463, 0.00, 100.00, 0.00, 2.25, 0, 0 
5, 76659, 612362689, 0.00, 100.00, 0.00, 2.25, 0, 0 
6, 76659, 613110511, 0.00, 100.00, 0.00, 2.25, 0, 0 
7, 76659, 613687980, 0.00, 100.00, 0.00, 2.25, 0, 0 
8, 76659, 614258225, 0.00, 100.00, 0.00, 2.25, 0, 0 
9, 76659, 614864376, 0.00, 100.00, 0.00, 2.25, 0, 0 
0, 76659, 615598357, 0.00, 100.00, 0.00, 2.25, 0, 0 
1, 76659, 616198506, 0.00, 100.00, 0.00, 2.25, 0, 0 
2, 76659, 616916198, 0.00, 100.00, 0.00, 2.25, 0, 0 
3, 76659, 617520594, 0.00, 100.00, 0.00, 2.25, 0, 0 
4, 76659, 618105042, 0.00, 100.00, 0.00, 2.25, 0, 0 
5, 76659, 618719896, 0.00, 100.00, 0.00, 2.25, 0, 0 
6, 76659, 619354467, 0.00, 100.00, 0.00, 2.25, 0, 0 
7, 76659, 620068499, 0.00, 100.00, 0.00, 2.25, 0, 0 
8, 76659, 620779062, 0.00, 100.00, 0.00, 2.25, 0, 0 
9, 76659, 621348777, 0.00, 100.00, 0.00, 2.25, 0, 0 
0, 76659, 622007797, 0.00, 100.00, 0.00, 2.25, 0, 0 
1, 76659, 622621028, 0.00, 100.00, 0.00, 2.25, 0, 0 
2, 76659, 623241830, 0.00, 100.00, 0.00, 2.25, 0, 0 
3, 76659, 623846086, 0.00, 100.00, 0.00, 2.25, 0, 0 
4, 76659, 624454855, 0.00, 100.00, 0.00, 2.25, 0, 0 
5, 76659, 625098230, 0.00, 100.00, 0.00, 2.25, 0, 0 
6, 76659, 625700822, 0.00, 100.00, 0.00, 2.25, 0, 0 
7, 76659, 626351609, 0.00, 100.00, 0.00, 2.25, 0, 0 
8, 76659, 627052042, 0.00, 100.00, 0.00, 2.25, 0, 0 
9, 76659, 627803140, 0.00, 100.00, 0.00, 2.25, 0, 0 
0, 76659, 628607996, 0.00, 100.00, 0.00, 2.25, 0, 0 
1, 76659, 629240153, 0.00, 100.00, 0.00, 2.25, 0, 0 
2, 76659, 629814642, 0.00, 100.00, 0.00, 2.25, 0, 0 
3, 76659, 630471517, 0.00, 100.00, 0.00, 2.25, 0, 0 
4, 76659, 631052994, 0.00, 100.00, 0.00, 2.25, 0, 0 
5, 76659, 631629447, 0.00, 100.00, 0.00, 2.25, 0, 0 
6, 76659, 632295511, 0.00, 100.00, 0.00, 2.25, 0, 0 
7, 76659, 632993182, 0.00, 100.00, 0.00, 2.25, 0, 0 
8, 76659, 633549579, 0.00, 100.00, 0.00, 2.25, 0, 0 
9, 76659, 634193975, 0.00, 100.00, 0.00, 2.25, 0, 0 
0, 76659, 634941010, 0.00, 100.00, 0.00, 2.25, 0, 0 
1, 76659, 635538611, 0.00, 100.00, 0.00, 2.25, 0, 0 
2, 76659, 636211324, 0.00, 100.00, 0.00, 2.25, 0, 0 
3, 76659, 636945989, 0.00, 100.00, 0.00, 2.25, 0, 0 
4, 76659, 637672337, 0.00, 100.00, 0.00, 2.25, 0, 0 
5, 76659, 638242603, 0.00, 100.00, 0.00, 2.25, 0, 0 
6, 76659, 638967057, 0.00, 100.00, 0.00, 2.25, 0, 0 
7, 76659, 639681594, 0.00, 100.00, 0.00, 2.25, 0, 0 
8, 76659, 640233803, 0.00, 100.00, 0.00, 2.25, 0, 0 
9, 76659, 640877538, 0.00, 100.00, 0.00, 2.25, 0, 0 
0, 76659, 641650259, 0.00, 100.00, 0.00, 2.25, 0, 0 
1, 76659, 642199170, 0.00, 100.00, 0.00, 2.25, 0, 0 
2, 76659, 642755031, 0.00, 100.00, 0.00, 2.25, 0, 0 
3, 76659, 643383706, 0.00, 100.00, 0.00, 2.25, 0, 0 
4, 76659, 643981399, 0.00, 100.00, 0.00, 2.25, 0, 0 
5, 76659, 644577353, 0.00, 100.00, 0.00, 2.25, 0, 0 
6, 76659, 645148624, 0.00, 100.00, 0.00, 2.25, 0, 0 
7, 76659, 645813206, 0.00, 100.00, 0.00, 2.25, 0, 0 
8, 76659, 646474877, 0.00, 100.00, 0.00, 2.25, 0, 0 
9, 76659, 647051541, 0.00, 100.00, 0.00, 2.25, 0, 0 
0, 76659, 647656270, 0.00, 100.00, 0.00, 2.25, 0, 0 
1, 76659, 648254814, 0.00, 100.00, 0.00, 2.25, 0, 0 
2, 76659, 648996902, 0.00, 100.00, 0.00, 2.25, 0, 0 
3, 76659, 649900615, 0.00, 100.00, 0.00, 2.25, 0, 0 
4, 76659, 650482064, 0.00, 100.00, 0.00, 2.25, 0, 0 
5, 76659, 651226064, 0.00, 100.00, 0.00, 2.25, 0, 0 
6, 76659, 651954257, 0.00, 100.00, 0.00, 2.25, 0, 0 
7, 76659, 652608368, 0.00, 100.00, 0.00, 2.25, 0, 0 
8, 76659, 653363222, 0.00, 100.00, 0.00, 2.25, 0, 0 
9, 76659, 653957435, 0.00, 100.00, 0.00, 2.25, 0, 0 
0, 76659, 654555906, 0.00, 100.00, 0.00, 2.25, 0, 0 
1, 76659, 655136752, 0.00, 100.00, 0.00, 2.25, 0, 0 
2, 76659, 655769748, 0.00, 100.00, 0.00, 2.25, 0, 0 
3, 76659, 656473949, 0.00, 100.00, 0.00, 2.25, 0, 0 
4, 76659, 657022316, 0.00, 100.00, 0.00, 2.25, 0, 0 
5, 76659, 657598553, 0.00, 100.00, 0.00, 2.25, 0, 0 
6, 76659, 658171999, 0.00, 100.00, 0.00, 2.25, 0, 0 
7, 76659, 658789624, 0.00, 100.00, 0.00, 2.25, 0, 0 
8, 76659, 659517297, 0.00, 100.00, 0.00, 2.25, 0, 0 
9, 76659, 660150736, 0.00, 100.00, 0.00, 2.25, 0, 0 
0, 76659, 660871663, 0.00, 100.00, 0.00, 2.25, 0, 0 
1, 76659, 661436166, 0.00, 100.00, 0.00, 2.25, 0, 0 
2, 76659, 662143051, 0.00, 100.00, 0.00, 2.25, 0, 0 
3, 76659, 662859465, 0.00, 100.00, 0.00, 2.25, 0, 0 
4, 76659, 663413847, 0.00, 100.00, 0.00, 2.25, 0, 0 
5, 76659, 664052656, 0.00, 100.00, 0.00, 2.25, 0, 0 
6, 76659, 664753700, 0.00, 100.00, 0.00, 2.25, 0, 0 
7, 76659, 665299810, 0.00, 100.00, 0.00, 2.25, 0, 0 
8, 76659, 665947125, 0.00, 100.00, 0.00, 2.25, 0, 0 
9, 76659, 666578768, 0.00, 100.00, 0.00, 2.25, 0, 0 
0, 76659, 667239723, 0.00, 100.00, 0.00, 2.25, 0, 0 
1, 76659, 667864637, 0.00, 100.00, 0.00, 2.25, 0, 0 
2, 76659, 668453381, 0.00, 100.00, 0.00, 2.25, 0, 0 
3, 76659, 669087908, 0.00, 100.00, 0.00, 2.25, 0, 0 
4, 76659, 669821971, 0.00, 100.00, 0.00, 2.25, 0, 0 
5, 76659, 670503168, 0.00, 100.00, 0.00, 2.25, 0, 0 
6, 76659, 671260360, 0.00, 100.00, 0.00, 2.25, 0, 0 
7, 76659, 671932656, 0.00, 100.00, 0.00, 2.25, 0, 0 
8, 76659, 672673788, 0.00, 100.00, 0.00, 2.25, 0, 0 
9, 76659, 673417785, 0.00, 100.00, 0.00, 2.25, 0, 0 
0, 76659, 674023271, 0.00, 100.00, 0.00, 2.25, 0, 0 
1, 76659, 674751844, 0.00, 100.00, 0.00, 2.25, 0, 0 
2, 76659, 675407671, 0.00, 100.00, 0.00, 2.25, 0, 0 
3, 76659, 676064443, 0.00, 100.00, 0.00, 2.25, 0, 0 
4, 76659, 676764456, 0.00, 100.00, 0.00, 2.25, 0, 0 
5, 76659, 677377657, 0.00, 100.00, 0.00, 2.25, 0, 0 
6, 76659, 677952378, 0.00, 100.00, 0.00, 2.25, 0, 0 
7, 76659, 678600581, 0.00, 100.00, 0.00, 2.25, 0, 0 
8, 76659, 679355370, 0.00, 100.00, 0.00, 2.25, 0, 0 
9, 76659, 680092571, 0.00, 100.00, 0.00, 2.25, 0, 0 
0, 76659, 680843366, 0.00, 100.00, 0.00, 2.25, 0, 0 
1, 76659, 681386207, 0.00, 100.00, 0.00, 2.25, 0, 0 
2, 76659, 681940126, 0.00, 100.00, 0.00, 2.25, 0, 0 
3, 76659, 682589929, 0.00, 100.00, 0.00, 2.25, 0, 0 
4, 76659, 683304447, 0.00, 100.00, 0.00, 2.25, 0, 0 
5, 76659, 683870815, 0.00, 100.00, 0.00, 2.25, 0, 0 
6, 76659, 684563533, 0.00, 100.00, 0.00, 2.25, 0, 0 
7, 76659, 685111086, 0.00, 100.00, 0.00, 2.25, 0, 0 
8, 76659, 685720519, 0.00, 100.00, 0.00, 2.25, 0, 0 
9, 76659, 686373490, 0.00, 100.00, 0.00, 2.25, 0, 0 
0, 76659, 687097402, 0.00, 100.00, 0.00, 2.25, 0, 0 
1, 76659, 687663823, 0.00, 100.00, 0.00, 2.25, 0, 0 
2, 76659, 688347557, 0.00, 100.00, 0.00, 2.25, 0, 0 
3, 76659, 688910510, 0.00, 100.00, 0.00, 2.25, 0, 0 
4, 76659, 689484221, 0.00, 100.00, 0.00, 2.25, 0, 0 
5, 76659, 690043640, 0.00, 100.00, 0.00, 2.25, 0, 0 
6, 76659, 690644173, 0.00, 100.00, 0.00, 2.25, 0, 0 
7, 76659, 691311748, 0.00, 100.00, 0.00, 2.25, 0, 0 
8, 76659, 691982298, 0.00, 100.00, 0.00, 2.25, 0, 0 
9, 76659, 692557449, 0.00, 100.00, 0.00, 2.25, 0, 0 
0, 76659, 693298728, 0.00, 100.00, 0.00, 2.25, 0, 0 
1, 76659, 693988937, 0.00, 100.00, 0.00, 2.25, 0, 0 
2, 76659, 694545577, 0.00, 100.00, 0.00, 2.25, 0, 0 
3, 76659, 695169674, 0.00, 100.00, 0.00, 2.25, 0, 0 
4, 76659, 695869330, 0.00, 100.00, 0.00, 2.25, 0, 0 
5, 76659, 696617072, 0.00, 100.00, 0.00, 2.25, 0, 0 
6, 76659, 697371627, 0.00, 100.00, 0.00, 2.25, 0, 0 
7, 76659, 697946584, 0.00, 100.00, 0.00, 2.25, 0, 0 
8, 76659, 698506199, 0.00, 100.00, 0.00, 2.25, 0, 0 
9, 76659, 699285458, 0.00, 100.00, 0.00, 2.25, 0, 0 
0, 76659, 699866340, 0.00, 100.00, 0.00, 2.25, 0, 0 
1, 76659, 700415818, 0.00, 100.00, 0.00, 2.25, 0, 0 
2, 76659, 700968875, 0.00, 100.00, 0.00, 2.25, 0, 0 
3, 76659, 701551816, 0.00, 100.00, 0.00, 2.25, 0, 0 
4, 76659, 702106419, 0.00, 100.00, 0.00, 2.25, 0, 0 
5, 76659, 702745928, 0.00, 100.00, 0.00, 2.25, 0, 0 
6, 76659, 703511338, 0.00, 100.00, 0.00, 2.25, 0, 0 
7, 76659, 704273344, 0.00, 100.00, 0.00, 2.25, 0, 0 
8, 76659, 705025674, 0.00, 100.00, 0.00, 2.25, 0, 0 
9, 76659, 705799407, 0.00, 100.00, 0.00, 2.25, 0, 0 
0, 76659, 706585127, 0.00, 100.00, 0.00, 2.25, 0, 0 
1, 76659, 707279762, 0.00, 100.00, 0.00, 2.25, 0, 0 
2, 76659, 707884236, 0.00, 100.00, 0.00, 2.25, 0, 0 
3, 76659, 708440628, 0.00, 100.00, 0.00, 2.25, 0, 0 
4, 76659, 709100995, 0.00, 100.00, 0.00, 2.25, 0, 0 
5, 76659, 709761242, 0.00, 100.00, 0.00, 2.25, 0, 0 
6, 76659, 710351211, 0.00, 100.00, 0.00, 2.25, 0, 0 
7, 76659, 710995954, 0.00, 100.00, 0.00, 2.25, 0, 0 
8, 76659, 711564215, 0.00, 100.00, 0.00, 2.25, 0, 0 
9, 76659, 712121199, 0.00, 100.00, 0.00, 2.25, 0, 0 
0, 76659, 712708321, 0.00, 100.00, 0.00, 2.25, 0, 0 
1, 76659, 713342554, 0.00, 100.00, 0.00, 2.25, 0, 0 
2, 76659, 714020691, 0.00, 100.00, 0.00, 2.25, 0, 0 
3, 76659, 714771763, 0.00, 100.00, 0.00, 2.25, 0, 0 
4, 76659, 715531668, 0.00, 100.00, 0.00, 2.25, 0, 0 
5, 76659, 716191235, 0.00, 100.00, 0.00, 2.25, 0, 0 
6, 76659, 716896755, 0.00, 100.00, 0.00, 2.25, 0, 0 
7, 76659, 717508776, 0.00, 100.00, 0.00, 2.25, 0, 0 
8, 76659, 718160471, 0.00, 100.00, 0.00, 2.25, 0, 0 
9, 76659, 718883390, 0.00, 100.00, 0.00, 2.25, 0, 0 
0, 76659, 719489326, 0.00, 100.00, 0.00, 2.25, 0, 0 
1, 76659, 720136336, 0.00, 100.00, 0.00, 2.25, 0, 0 
2, 76659, 720701895, 0.00, 100.00, 0.00, 2.25, 0, 0 
3, 76659, 721295447, 0.00, 100.00, 0.00, 2.25, 0, 0 
4, 76659, 721943411, 0.00, 100.00, 0.00, 2.25, 0, 0 
5, 76659, 722523315, 0.00, 100.00, 0.00, 2.25, 0, 0 
6, 76659, 723116997, 0.00, 100.00, 0.00, 2.25, 0, 0 
7, 76659, 723737375, 0.00, 100.00, 0.00, 2.25, 0, 0 
8, 76659, 724387623, 0.00, 100.00, 0.00, 2.25, 0, 0 
9, 76659, 724958300, 0.00, 100.00, 0.00, 2.25, 0, 0 
0, 76659, 725604185, 0.00, 100.00, 0.00, 2.25, 0, 0 
1, 76659, 726176083, 0.00, 100.00, 0.00, 2.25, 0, 0 
2, 76659, 726794975, 0.00, 100.00, 0.00, 2.25, 0, 0 
3, 76659, 727449160, 0.00, 100.00, 0.00, 2.25, 0, 0 
4, 76659, 728186982, 0.00, 100.00, 0.00, 2.25, 0, 0 
5, 76659, 728836525, 0.00, 100.00, 0.00, 2.25, 0, 0 
6, 76659, 729406224, 0.00, 100.00, 0.00, 2.25, 0, 0 
7, 76659, 729964057, 0.00, 100.00, 0.00, 2.25, 0, 0 
8, 76659, 730533475, 0.00, 100.00, 0.00, 2.25, 0, 0 
9, 76659, 731115012, 0.00, 100.00, 0.00, 2.25, 0, 0 
0, 76659, 731696122, 0.00, 100.00, 0.00, 2.25, 0, 0 
1, 76659, 732267304, 0.00, 100.00, 0.00, 2.25, 0, 0 
2, 76659, 732932120, 0.00, 100.00, 0.00, 2.25, 0, 0 
3, 76659, 733614517, 0.00, 100.00, 0.00, 2.25, 0, 0 
4, 76659, 734196803, 0.00, 100.00, 0.00, 2.25, 0, 0 
5, 76659, 734818385, 0.00, 100.00, 0.00, 2.25, 0, 0 
6, 76659, 735368263, 0.00, 100.00, 0.00, 2.25, 0, 0 
7, 76659, 735954226, 0.00, 100.00, 0.00, 2.25, 0, 0 
8, 76659, 736545766, 0.00, 100.00, 0.00, 2.25, 0, 0 
9, 76659, 737306591, 0.00, 100.00, 0.00, 2.25, 0, 0 
0, 76659, 738084979, 0.00, 100.00, 0.00, 2.25, 0, 0 
1, 76659, 738650751, 0.00, 100.00, 0.00, 2.25, 0, 0 
2, 76659, 739337522, 0.00, 100.00, 0.00, 2.25, 0, 0 
3, 76659, 740096715, 0.00, 100.00, 0.00, 2.25, 0, 0 
4, 76659, 740852192, 0.00, 100.00, 0.00, 2.25, 0, 0 
5, 76659, 741583367, 0.00, 100.00, 0.00, 2.25, 0, 0 
6, 76659, 742154381, 0.00, 100.00, 0.00, 2.25, 0, 0 
7, 76659, 742723926, 0.00, 100.00, 0.00, 2.25, 0, 0 
8, 76659, 743453785, 0.00, 100.00, 0.00, 2.25, 0, 0 
9, 76659, 744080566, 0.00, 100.00, 0.00, 2.25, 0, 0 
0, 76659, 744815923, 0.00, 100.00, 0.00, 2.25, 0, 0 
1, 76659, 745392233, 0.00, 100.00, 0.00, 2.25, 0, 0 
2, 76659, 745949859, 0.00, 100.00, 0.00, 2.25, 0, 0 
3, 76659, 746563336, 0.00, 100.00, 0.00, 2.25, 0, 0 
4, 76659, 747236194, 0.00, 100.00, 0.00, 2.25, 0, 0 
5, 76659, 747982152, 0.00, 100.00, 0.00, 2.25, 0, 0 
6, 76659, 748705347, 0.00, 100.00, 0.00, 2.25, 0, 0 
7, 76659, 749336516, 0.00, 100.00, 0.00, 2.25, 0, 0 
8, 76659, 749971837, 0.00, 100.00, 0.00, 2.25, 0, 0 
9, 76659, 750530893, 0.00, 100.00, 0.00, 2.25, 0, 0 
0, 76659, 751196299, 0.00, 100.00, 0.00, 2.25, 0, 0 
1, 76659, 751767165, 0.00, 100.00, 0.00, 2.25, 0, 0 
2, 76659, 752404966, 0.00, 100.00, 0.00, 2.25, 0, 0 
3, 76659, 753126392, 0.00, 100.00, 0.00, 2.25, 0, 0 
4, 76659, 753764149, 0.00, 100.00, 0.00, 2.25, 0, 0 
5, 76659, 754347228, 0.00, 100.00, 0.00, 2.25, 0, 0 
6, 76659, 754910842, 0.00, 100.00, 0.00, 2.25, 0, 0 
7, 76659, 755613393, 0.00, 100.00, 0.00, 2.25, 0, 0 
8, 76659, 756167923, 0.00, 100.00, 0.00, 2.25, 0, 0 
9, 76659, 756857762, 0.00, 100.00, 0.00, 2.25, 0, 0 
0, 76659, 757422035, 0.00, 100.00, 0.00, 2.25, 0, 0 
1, 76659, 758033316, 0.00, 100.00, 0.00, 2.25, 0, 0 
2, 76659, 758726034, 0.00, 100.00, 0.00, 2.25, 0, 0 
3, 76659, 759394596, 0.00, 100.00, 0.00, 2.25, 0, 0 
4, 76659, 759996347, 0.00, 100.00, 0.00, 2.25, 0, 0 
5, 76659, 760558060, 0.00, 100.00, 0.00, 2.25, 0, 0 
6, 76659, 761172667, 0.00, 100.00, 0.00, 2.25, 0, 0 
7, 76659, 761803649, 0.00, 100.00, 0.00, 2.25, 0, 0 
8, 76659, 762463748, 0.00, 100.00, 0.00, 2.25, 0, 0 
9, 76659, 763193417, 0.00, 100.00, 0.00, 2.25, 0, 0 
0, 76659, 763865042, 0.00, 100.00, 0.00, 2.25, 0, 0 
1, 76659, 764520214, 0.00, 100.00, 0.00, 2.25, 0, 0 
2, 76659, 765182231, 0.00, 100.00, 0.00, 2.25, 0, 0 
3, 76659, 765750683, 0.00, 100.00, 0.00, 2.25, 0, 0 
4, 76659, 766368944, 0.00, 100.00, 0.00, 2.25, 0, 0 
5, 76659, 767063144, 0.00, 100.00, 0.00, 2.25, 0, 0 
6, 76659, 767667605, 0.00, 100.00, 0.00, 2.25, 0, 0 
7, 76659, 768293114, 0.00, 100.00, 0.00, 2.25, 0, 0 
8, 76659, 769042698, 0.00, 100.00, 0.00, 2.25, 0, 0 
9, 76659, 769803538, 0.00, 100.00, 0.00, 2.25, 0, 0 
0, 76659, 770440523, 0.00, 100.00, 0.00, 2.25, 0, 0 
1, 76659, 771045992, 0.00, 100.00, 0.00, 2.25, 0, 0 
2, 76659, 771652801, 0.00, 100.00, 0.00, 2.25, 0, 0 
3, 76659, 772349437, 0.00, 100.00, 0.00, 2.25, 0, 0 
4, 76659, 773130297, 0.00, 100.00, 0.00, 2.25, 0, 0 
5, 76659, 773724239, 0.00, 100.00, 0.00, 2.25, 0, 0 
6, 76659, 774333036, 0.00, 100.00, 0.00, 2.25, 0, 0 
7, 76659, 774936424, 0.00, 100.00, 0.00, 2.25, 0, 0 
8, 76659, 775683427, 0.00, 100.00, 0.00, 2.25, 0, 0 
9, 76659, 776310644, 0.00, 100.00, 0.00, 2.25, 0, 0 
0, 76659, 776896223, 0.00, 100.00, 0.00, 2.25, 0, 0 
1, 76659, 777502752, 0.00, 100.00, 0.00, 2.25, 0, 0 
2, 76659, 778098759, 0.00, 100.00, 0.00, 2.25, 0, 0 
3, 76659, 778794511, 0.00, 100.00, 0.00, 2.25, 0, 0 
4, 76659, 779383955, 0.00, 100.00, 0.00, 2.25, 0, 0 
5, 76659, 780115409, 0.00, 100.00, 0.00, 2.25, 0, 0 
6, 76659, 780839822, 0.00, 100.00, 0.00, 2.25, 0, 0 
7, 76659, 781510990, 0.00, 100.00, 0.00, 2.25, 0, 0 
8, 76659, 782124701, 0.00, 100.00, 0.00, 2.25, 0, 0 
9, 76659, 782758859, 0.00, 100.00, 0.00, 2.25, 0, 0 
0, 76659, 783468923, 0.00, 100.00, 0.00, 2.25, 0, 0 
1, 76659, 784045000, 0.00, 100.00, 0.00, 2.25, 0, 0 
2, 76659, 784677559, 0.00, 100.00, 0.00, 2.25, 0, 0 
3, 76659, 785334857, 0.00, 100.00, 0.00, 2.25, 0, 0 
4, 76659, 785884353, 0.00, 100.00, 0.00, 2.25, 0, 0 
5, 76659, 786504142, 0.00, 100.00, 0.00, 2.25, 0, 0 
6, 76659, 787074061, 0.00, 100.00, 0.00, 2.25, 0, 0 
7, 76659, 787802272, 0.00, 100.00, 0.00, 2.25, 0, 0 
8, 76659, 788554390, 0.00, 100.00, 0.00, 2.25, 0, 0 
9, 76659, 789322019, 0.00, 100.00, 0.00, 2.25, 0, 0 
0, 76659, 790098748, 0.00, 100.00, 0.00, 2.25, 0, 0 
1, 76659, 790808156, 0.00, 100.00, 0.00, 2.25, 0, 0 
2, 76659, 791538880, 0.00, 100.00, 0.00, 2.25, 0, 0 
3, 76659, 792093615, 0.00, 100.00, 0.00, 2.25, 0, 0 
4, 76659, 792754230, 0.00, 100.00, 0.00, 2.25, 0, 0 
5, 76659, 793456982, 0.00, 100.00, 0.00, 2.25, 0, 0 
6, 76659, 794015772, 0.00, 100.00, 0.00, 2.25, 0, 0 
7, 76659, 794714055, 0.00, 100.00, 0.00, 2.25, 0, 0 
8, 76659, 795452343, 0.00, 100.00, 0.00, 2.25, 0, 0 
9, 76659, 796085841, 0.00, 100.00, 0.00, 2.25, 0, 0 
0, 76659, 796681785, 0.00, 100.00, 0.00, 2.25, 0, 0 
1, 76659, 797250709, 0.00, 100.00, 0.00, 2.25, 0, 0 
2, 76659, 797926122, 0.00, 100.00, 0.00, 2.25, 0, 0 
3, 76659, 798603488, 0.00, 100.00, 0.00, 2.25, 0, 0 
4, 76659, 799207076, 0.00, 100.00, 0.00, 2.25, 0, 0 
5, 76659, 799746773, 0.00, 100.00, 0.00, 2.25, 0, 0 
6, 76659, 800469422, 0.00, 100.00, 0.00, 2.25, 0, 0 
7, 76659, 801046003, 0.00, 100.00, 0.00, 2.25, 0, 0 
8, 76659, 801784631, 0.00, 100.00, 0.00, 2.25, 0, 0 
9, 76659, 802525010, 0.00, 100.00, 0.00, 2.25, 0, 0 
0, 76659, 803093335, 0.00, 100.00, 0.00, 2.25, 0, 0 
1, 76659, 803784471, 0.00, 100.00, 0.00, 2.25, 0, 0 
2, 76659, 804461674, 0.00, 100.00, 0.00, 2.25, 0, 0 
3, 76659, 805159323, 0.00, 100.00, 0.00, 2.25, 0, 0 
4, 76659, 805750224, 0.00, 100.00, 0.00, 2.25, 0, 0 
5, 76659, 806310242, 0.00, 100.00, 0.00, 2.25, 0, 0 
6, 76659, 806928378, 0.00, 100.00, 0.00, 2.25, 0, 0 
7, 76659, 807620986, 0.00, 100.00, 0.00, 2.25, 0, 0 
8, 76659, 808213337, 0.00, 100.00, 0.00, 2.25, 0, 0 
9, 76659, 808872408, 0.00, 100.00, 0.00, 2.25, 0, 0 
0, 76659, 809635194, 0.00, 100.00, 0.00, 2.25, 0, 0 
1, 76659, 810335786, 0.00, 100.00, 0.00, 2.25, 0, 0 
2, 76659, 810948957, 0.00, 100.00, 0.00, 2.25, 0, 0 
3, 76659, 811537772, 0.00, 100.00, 0.00, 2.25, 0, 0 
4, 76659, 812266040, 0.00, 100.00, 0.00, 2.25, 0, 0 
5, 76659, 812943328, 0.00, 100.00, 0.00, 2.25, 0, 0 
6, 76659, 813620352, 0.00, 100.00, 0.00, 2.25, 0, 0 
7, 76659, 814184186, 0.00, 100.00, 0.00, 2.25, 0, 0 
8, 76659, 814866271, 0.00, 100.00, 0.00, 2.25, 0, 0 
9, 76659, 815590781, 0.00, 100.00, 0.00, 2.25, 0, 0 
0, 76659, 816227527, 0.00, 100.00, 0.00, 2.25, 0, 0 
1, 76659, 816784688, 0.00, 100.00, 0.00, 2.25, 0, 0 
2, 76659, 817481157, 0.00, 100.00, 0.00, 2.25, 0, 0 
3, 76659, 818101997, 0.00, 100.00, 0.00, 2.25, 0, 0 
4, 76659, 818785145, 0.00, 100.00, 0.00, 2.25, 0, 0 
5, 76659, 819383040, 0.00, 100.00, 0.00, 2.25, 0, 0 
6, 76659, 820142007, 0.00, 100.00, 0.00, 2.25, 0, 0 
7, 76659, 820825795, 0.00, 100.00, 0.00, 2.25, 0, 0 
8, 76659, 821496487, 0.00, 100.00, 0.00, 2.25, 0, 0 
9, 76659, 822278305, 0.00, 100.00, 0.00, 2.25, 0, 0 
0, 76659, 823044606, 0.00, 100.00, 0.00, 2.25, 0, 0 
1, 76659, 823698478, 0.00, 100.00, 0.00, 2.25, 0, 0 
2, 76659, 824278441, 0.00, 100.00, 0.00, 2.25, 0, 0 
3, 76659, 824884006, 0.00, 100.00, 0.00, 2.25, 0, 0 
4, 76659, 825579112, 0.00, 100.00, 0.00, 2.25, 0, 0 
5, 76659, 826330058, 0.00, 100.00, 0.00, 2.25, 0, 0 
6, 76659, 826900998, 0.00, 100.00, 0.00, 2.25, 0, 0 
7, 76659, 827498571, 0.00, 100.00, 0.00, 2.25, 0, 0 
8, 76659, 828108802, 0.00, 100.00, 0.00, 2.25, 0, 0 
9, 76659, 828668704, 0.00, 100.00, 0.00, 2.25, 0, 0 
0, 76659, 829342914, 0.00, 100.00, 0.00, 2.25, 0, 0 
1, 76659, 829950252, 0.00, 100.00, 0.00, 2.25, 0, 0 
2, 76659, 830625310, 0.00, 100.00, 0.00, 2.25, 0, 0 
3, 76659, 831183173, 0.00, 100.00, 0.00, 2.25, 0, 0 
4, 76659, 831771169, 0.00, 100.00, 0.00, 2.25, 0, 0 
5, 76659, 832337258, 0.00, 100.00, 0.00, 2.25, 0, 0 
6, 76659, 832897557, 0.00, 100.00, 0.00, 2.25, 0, 0 
7, 76659, 833720360, 0.00, 100.00, 0.00, 2.25, 0, 0 
8, 76659, 834324297, 0.00, 100.00, 0.00, 2.25, 0, 0 
9, 76659, 834955343, 0.00, 100.00, 0.00, 2.25, 0, 0 
0, 76659, 835712644, 0.00, 100.00, 0.00, 2.25, 0, 0 
1, 76659, 836372033, 0.00, 100.00, 0.00, 2.25, 0, 0 
2, 76659, 836999150, 0.00, 100.00, 0.00, 2.25, 0, 0 
3, 76659, 837601123, 0.00, 100.00, 0.00, 2.25, 0, 0 
4, 76659, 838337134, 0.00, 100.00, 0.00, 2.25, 0, 0 
5, 76659, 838979633, 0.00, 100.00, 0.00, 2.25, 0, 0 
6, 76659, 839656727, 0.00, 100.00, 0.00, 2.25, 0, 0 
7, 76659, 840287627, 0.00, 100.00, 0.00, 2.25, 0, 0 
8, 76659, 841021235, 0.00, 100.00, 0.00, 2.25, 0, 0 
9, 76659, 841651654, 0.00, 100.00, 0.00, 2.25, 0, 0 
0, 76659, 842350878, 0.00, 100.00, 0.00, 2.25, 0, 0 
1, 76659, 842946840, 0.00, 100.00, 0.00, 2.25, 0, 0 
2, 76659, 843529245, 0.00, 100.00, 0.00, 2.25, 0, 0 
3, 76659, 844178022, 0.00, 100.00, 0.00, 2.25, 0, 0 
4, 76659, 844769918, 0.00, 100.00, 0.00, 2.25, 0, 0 
5, 76659, 845414128, 0.00, 100.00, 0.00, 2.25, 0, 0 
6, 76659, 846019819, 0.00, 100.00, 0.00, 2.25, 0, 0 
7, 76659, 846694727, 0.00, 100.00, 0.00, 2.25, 0, 0 
8, 76659, 847339387, 0.00, 100.00, 0.00, 2.25, 0, 0 
9, 76659, 847992500, 0.00, 100.00, 0.00, 2.25, 0, 0 
0, 76659, 848680663, 0.00, 100.00, 0.00, 2.25, 0, 0 
1, 76659, 849253786, 0.00, 100.00, 0.00, 2.25, 0, 0 
2, 76659, 849828948, 0.00, 100.00, 0.00, 2.25, 0, 0 
3, 76659, 850488216, 0.00, 100.00, 0.00, 2.25, 0, 0 
4, 76659, 851236041, 0.00, 100.00, 0.00, 2.25, 0, 0 
5, 76659, 851979272, 0.00, 100.00, 0.00, 2.25, 0, 0 
6, 76659, 852609099, 0.00, 100.00, 0.00, 2.25, 0, 0 
7, 76659, 853257375, 0.00, 100.00, 0.00, 2.25, 0, 0 
8, 76659, 853909051, 0.00, 100.00, 0.00, 2.25, 0, 0 
9, 76659, 854549944, 0.00, 100.00, 0.00, 2.25, 0, 0 
0, 76659, 855115715, 0.00, 100.00, 0.00, 2.25, 0, 0 
1, 76659, 855718328, 0.00, 100.00, 0.00, 2.25, 0, 0 
2, 76659, 856378312, 0.00, 100.00, 0.00, 2.25, 0, 0 
3, 76659, 857007939, 0.00, 100.00, 0.00, 2.25, 0, 0 
4, 76659, 857742294, 0.00, 100.00, 0.00, 2.25, 0, 0 
5, 76659, 858431465, 0.00, 100.00, 0.00, 2.25, 0, 0 
6, 76659, 859175420, 0.00, 100.00, 0.00, 2.25, 0, 0 
7, 76659, 859920051, 0.00, 100.00, 0.00, 2.25, 0, 0 
8, 76659, 860653495, 0.00, 100.00, 0.00, 2.25, 0, 0 
9, 76659, 861306038, 0.00, 100.00, 0.00, 2.25, 0, 0 
0, 76659, 861887109, 0.00, 100.00, 0.00, 2.25, 0, 0 
1, 76659, 862495836, 0.00, 100.00, 0.00, 2.25, 0, 0 
2, 76659, 863059846, 0.00, 100.00, 0.00, 2.25, 0, 0 
3, 76659, 863666225, 0.00, 100.00, 0.00, 2.25, 0, 0 
4, 76659, 864276176, 0.00, 100.00, 0.00, 2.25, 0, 0 
5, 76659, 864875066, 0.00, 100.00, 0.00, 2.25, 0, 0 
6, 76659, 865457936, 0.00, 100.00, 0.00, 2.25, 0, 0 
7, 76659, 866040357, 0.00, 100.00, 0.00, 2.25, 0, 0 
8, 76659, 866634232, 0.00, 100.00, 0.00, 2.25, 0, 0 
9, 76659, 867204882, 0.00, 100.00, 0.00, 2.25, 0, 0 
0, 76659, 867793251, 0.00, 100.00, 0.00, 2.25, 0, 0 
1, 76659, 868343689, 0.00, 100.00, 0.00, 2.25, 0, 0 
2, 76659, 869030044, 0.00, 100.00, 0.00, 2.25, 0, 0 
3, 76659, 869593181, 0.00, 100.00, 0.00, 2.25, 0, 0 
4, 76659, 870205186, 0.00, 100.00, 0.00, 2.25, 0, 0 
5, 76659, 870912709, 0.00, 100.00, 0.00, 2.25, 0, 0 
6, 76659, 871463478, 0.00, 100.00, 0.00, 2.25, 0, 0 
7, 76659, 872087100, 0.00, 100.00, 0.00, 2.25, 0, 0 
8, 76659, 872782741, 0.00, 100.00, 0.00, 2.25, 0, 0 
9, 76659, 873539220, 0.00, 100.00, 0.00, 2.25, 0, 0 
0, 76659, 874226917, 0.00, 100.00, 0.00, 2.25, 0, 0 
1, 76659, 874812345, 0.00, 100.00, 0.00, 2.25, 0, 0 
2, 76659, 875420479, 0.00, 100.00, 0.00, 2.25, 0, 0 
3, 76659, 876139479, 0.00, 100.00, 0.00, 2.25, 0, 0 
4, 76659, 876847353, 0.00, 100.00, 0.00, 2.25, 0, 0 
5, 76659, 877555971, 0.00, 100.00, 0.00, 2.25, 0, 0 
6, 76659, 878192413, 0.00, 100.00, 0.00, 2.25, 0, 0 
7, 76659, 878845570, 0.00, 100.00, 0.00, 2.25, 0, 0 
8, 76659, 879477657, 0.00, 100.00, 0.00, 2.25, 0, 0 
9, 76659, 880105406, 0.00, 100.00, 0.00, 2.25, 0, 0 
0, 76659, 880741261, 0.00, 100.00, 0.00, 2.25, 0, 0 
1, 76659, 881356907, 0.00, 100.00, 0.00, 2.25, 0, 0 
2, 76659, 881978849, 0.00, 100.00, 0.00, 2.25, 0, 0 
3, 76659, 882541549, 0.00, 100.00, 0.00, 2.25, 0, 0 
4, 76659, 883210892, 0.00, 100.00, 0.00, 2.25, 0, 0 
5, 76659, 883846611, 0.00, 100.00, 0.00, 2.25, 0, 0 
6, 76659, 884552214, 0.00, 100.00, 0.00, 2.25, 0, 0 
7, 76659, 885161564, 0.00, 100.00, 0.00, 2.25, 0, 0 
8, 76659, 885731765, 0.00, 100.00, 0.00, 2.25, 0, 0 
9, 76659, 886307316, 0.00, 100.00, 0.00, 2.25, 0, 0 
0, 76659, 886899625, 0.00, 100.00, 0.00, 2.25, 0, 0 
1, 76659, 887547951, 0.00, 100.00, 0.00, 2.25, 0, 0 
2, 76659, 888112922, 0.00, 100.00, 0.00, 2.25, 0, 0 
3, 76659, 888768503, 0.00, 100.00, 0.00, 2.25, 0, 0 
4, 76659, 889445526, 0.00, 100.00, 0.00, 2.25, 0, 0 
5, 76659, 890007488, 0.00, 100.00, 0.00, 2.25, 0, 0 
6, 76659, 890640070, 0.00, 100.00, 0.00, 2.25, 0, 0 
7, 76659, 891322237, 0.00, 100.00, 0.00, 2.25, 0, 0 
8, 76659, 891896310, 0.00, 100.00, 0.00, 2.25, 0, 0 
9, 76659, 892536434, 0.00, 100.00, 0.00, 2.25, 0, 0 
0, 76659, 893232596, 0.00, 100.00, 0.00, 2.25, 0, 0 
1, 76659, 893802919, 0.00, 100.00, 0.00, 2.25, 0, 0 
2, 76659, 894416597, 0.00, 100.00, 0.00, 2.25, 0, 0 
3, 76659, 895107330, 0.00, 100.00, 0.00, 2.25, 0, 0 
4, 76659, 895717100, 0.00, 100.00, 0.00, 2.25, 0, 0 
5, 76659, 896263879, 0.00, 100.00, 0.00, 2.25, 0, 0 
6, 76659, 896873079, 0.00, 100.00, 0.00, 2.25, 0, 0 
7, 76659, 897515015, 0.00, 100.00, 0.00, 2.25, 0, 0 
8, 76659, 898189579, 0.00, 100.00, 0.00, 2.25, 0, 0 
9, 76659, 898765646, 0.00, 100.00, 0.00, 2.25, 0, 0 
0, 76659, 899436945, 0.00, 100.00, 0.00, 2.25, 0, 0 
1, 76659, 900125868, 0.00, 100.00, 0.00, 2.25, 0, 0 
2, 76659, 900673882, 0.00, 100.00, 0.00, 2.25, 0, 0 
3, 76659, 901280246, 0.00, 100.00, 0.00, 2.25, 0, 0 
4, 76659, 901838774, 0.00, 100.00, 0.00, 2.25, 0, 0 
5, 76659, 902540990, 0.00, 100.00, 0.00, 2.25, 0, 0 
6, 76659, 903155330, 0.00, 100.00, 0.00, 2.25, 0, 0 
7, 76659, 903736141, 0.00, 100.00, 0.00, 2.25, 0, 0 
8, 76659, 904371679, 0.00, 100.00, 0.00, 2.25, 0, 0 
9, 76659, 905118347, 0.00, 100.00, 0.00, 2.25, 0, 0 
0, 76659, 905830243, 0.00, 100.00, 0.00, 2.25, 0, 0 
1, 76659, 906528491, 0.00, 100.00, 0.00, 2.25, 0, 0 
2, 76659, 907229528, 0.00, 100.00, 0.00, 2.25, 0, 0 
3, 76659, 907783412, 0.00, 100.00, 0.00, 2.25, 0, 0 
4, 76659, 908446488, 0.00, 100.00, 0.00, 2.25, 0, 0 
5, 76659, 909203658, 0.00, 100.00, 0.00, 2.25, 0, 0 
6, 76659, 909914888, 0.00, 100.00, 0.00, 2.25, 0, 0 
7, 76659, 910518321, 0.00, 100.00, 0.00, 2.25, 0, 0 
8, 76659, 911080486, 0.00, 100.00, 0.00, 2.25, 0, 0 
9, 76659, 911643682, 0.00, 100.00, 0.00, 2.25, 0, 0 
0, 76659, 912224797, 0.00, 100.00, 0.00, 2.25, 0, 0 
1, 76659, 912839691, 0.00, 100.00, 0.00, 2.25, 0, 0 
2, 76659, 913579256, 0.00, 100.00, 0.00, 2.25, 0, 0 
3, 76659, 914140163, 0.00, 100.00, 0.00, 2.25, 0, 0 
4, 76659, 914810247, 0.00, 100.00, 0.00, 2.25, 0, 0 
5, 76659, 915392111, 0.00, 100.00, 0.00, 2.25, 0, 0 
6, 76659, 916111805, 0.00, 100.00, 0.00, 2.25, 0, 0 
7, 76659, 916727043, 0.00, 100.00, 0.00, 2.25, 0, 0 
8, 76659, 917347146, 0.00, 100.00, 0.00, 2.25, 0, 0 
9, 76659, 918087669, 0.00, 100.00, 0.00, 2.25, 0, 0 
0, 76659, 918713596, 0.00, 100.00, 0.00, 2.25, 0, 0 
1, 76659, 919260145, 0.00, 100.00, 0.00, 2.25, 0, 0 
2, 76659, 919963139, 0.00, 100.00, 0.00, 2.25, 0, 0 
3, 76659, 920623808, 0.00, 100.00, 0.00, 2.25, 0, 0 
4, 76659, 921360251, 0.00, 100.00, 0.00, 2.25, 0, 0 
5, 76659, 922022617, 0.00, 100.00, 0.00, 2.25, 0, 0 
6, 76659, 922763958, 0.00, 100.00, 0.00, 2.25, 0, 0 
7, 76659, 923382705, 0.00, 100.00, 0.00, 2.25, 0, 0 
8, 76659, 923982175, 0.00, 100.00, 0.00, 2.25, 0, 0 
9, 76659, 924574045, 0.00, 100.00, 0.00, 2.25, 0, 0 
0, 76659, 925319479, 0.00, 100.00, 0.00, 2.25, 0, 0 
1, 76659, 926010629, 0.00, 100.00, 0.00, 2.25, 0, 0 
2, 76659, 926566371, 0.00, 100.00, 0.00, 2.25, 0, 0 
3, 76659, 927176939, 0.00, 100.00, 0.00, 2.25, 0, 0 
4, 76659, 927892721, 0.00, 100.00, 0.00, 2.25, 0, 0 
5, 76659, 928445371, 0.00, 100.00, 0.00, 2.25, 0, 0 
6, 76659, 929067099, 0.00, 100.00, 0.00, 2.25, 0, 0 
7, 76659, 929790835, 0.00, 100.00, 0.00, 2.25, 0, 0 
8, 76659, 930357054, 0.00, 100.00, 0.00, 2.25, 0, 0 
9, 76659, 930944456, 0.00, 100.00, 0.00, 2.25, 0, 0 
0, 76659, 931530562, 0.00, 100.00, 0.00, 2.25, 0, 0 
1, 76659, 932115028, 0.00, 100.00, 0.00, 2.25, 0, 0 
2, 76659, 932692888, 0.00, 100.00, 0.00, 2.25, 0, 0 
3, 76659, 933315331, 0.00, 100.00, 0.00, 2.25, 0, 0 
4, 76659, 933997351, 0.00, 100.00, 0.00, 2.25, 0, 0 
5, 76659, 934742035, 0.00, 100.00, 0.00, 2.25, 0, 0 
6, 76659, 935467784, 0.00, 100.00, 0.00, 2.25, 0, 0 
7, 76659, 936127602, 0.00, 100.00, 0.00, 2.25, 0, 0 
8, 76659, 936693202, 0.00, 100.00, 0.00, 2.25, 0, 0 
9, 76659, 937257346, 0.00, 100.00, 0.00, 2.25, 0, 0 
0, 76659, 937962998, 0.00, 100.00, 0.00, 2.25, 0, 0 
1, 76659, 938508891, 0.00, 100.00, 0.00, 2.25, 0, 0 
2, 76659, 939184713, 0.00, 100.00, 0.00, 2.25, 0, 0 
3, 76659, 939933609, 0.00, 100.00, 0.00, 2.25, 0, 0 
4, 76659, 940667036, 0.00, 100.00, 0.00, 2.25, 0, 0 
5, 76659, 941355852, 0.00, 100.00, 0.00, 2.25, 0, 0 
6, 76659, 941944548, 0.00, 100.00, 0.00, 2.25, 0, 0 
7, 76659, 942479711, 0.00, 100.00, 0.00, 2.25, 0, 0 
8, 76659, 943037898, 0.00, 100.00, 0.00, 2.25, 0, 0 
9, 76659, 943668064, 0.00, 100.00, 0.00, 2.25, 0, 0 
0, 76659, 944323263, 0.00, 100.00, 0.00, 2.25, 0, 0 
1, 76659, 944944843, 0.00, 100.00, 0.00, 2.25, 0, 0 
2, 76659, 945615627, 0.00, 100.00, 0.00, 2.25, 0, 0 
3, 76659, 946168142, 0.00, 100.00, 0.00, 2.25, 0, 0 
4, 76659, 946786527, 0.00, 100.00, 0.00, 2.25, 0, 0 
5, 76659, 947474295, 0.00, 100.00, 0.00, 2.25, 0, 0 
6, 76659, 948174080, 0.00, 100.00, 0.00, 2.25, 0, 0 
7, 76659, 948765689, 0.00, 100.00, 0.00, 2.25, 0, 0 
8, 76659, 949341906, 0.00, 100.00, 0.00, 2.25, 0, 0 
9, 76659, 950042106, 0.00, 100.00, 0.00, 2.25, 0, 0 
0, 76659, 950731098, 0.00, 100.00, 0.00, 2.25, 0, 0 
1, 76659, 951363619, 0.00, 100.00, 0.00, 2.25, 0, 0 
2, 76659, 952077536, 0.00, 100.00, 0.00, 2.25, 0, 0 
3, 76659, 952787193, 0.00, 100.00, 0.00, 2.25, 0, 0 
4, 76659, 953389988, 0.00, 100.00, 0.00, 2.25, 0, 0 
5, 76659, 954062920, 0.00, 100.00, 0.00, 2.25, 0, 0 
6, 76659, 954623914, 0.00, 100.00, 0.00, 2.25, 0, 0 
7, 76659, 955288678, 0.00, 100.00, 0.00, 2.25, 0, 0 
8, 76659, 956013446, 0.00, 100.00, 0.00, 2.25, 0, 0 
9, 76659, 956726938, 0.00, 100.00, 0.00, 2.25, 0, 0 
0, 76659, 957325167, 0.00, 100.00, 0.00, 2.25, 0, 0 
1, 76659, 957904392, 0.00, 100.00, 0.00, 2.25, 0, 0 
2, 76659, 958536350, 0.00, 100.00, 0.00, 2.25, 0, 0 
3, 76659, 959275478, 0.00, 100.00, 0.00, 2.25, 0, 0 
4, 76659, 959954194, 0.00, 100.00, 0.00, 2.25, 0, 0 
5, 76659, 960520423, 0.00, 100.00, 0.00, 2.25, 0, 0 
6, 76659, 961176299, 0.00, 100.00, 0.00, 2.25, 0, 0 
7, 76659, 961826900, 0.00, 100.00, 0.00, 2.25, 0, 0 
8, 76659, 962495731, 0.00, 100.00, 0.00, 2.25, 0, 0 
9, 76659, 963056498, 0.00, 100.00, 0.00, 2.25, 0, 0 
0, 76659, 963685909, 0.00, 100.00, 0.00, 2.25, 0, 0 
1, 76659, 964315128, 0.00, 100.00, 0.00, 2.25, 0, 0 
2, 76659, 965011272, 0.00, 100.00, 0.00, 2.25, 0, 0 
3, 76659, 965744570, 0.00, 100.00, 0.00, 2.25, 0, 0 
4, 76659, 966406321, 0.00, 100.00, 0.00, 2.25, 0, 0 
5, 76659, 966961456, 0.00, 100.00, 0.00, 2.25, 0, 0 
6, 76659, 967570779, 0.00, 100.00, 0.00, 2.25, 0, 0 
7, 76659, 968166502, 0.00, 100.00, 0.00, 2.25, 0, 0 
8, 76659, 968712478, 0.00, 100.00, 0.00, 2.25, 0, 0 
9, 76659, 969318879, 0.00, 100.00, 0.00, 2.25, 0, 0 
0, 76659, 969957374, 0.00, 100.00, 0.00, 2.25, 0, 0 
1, 76659, 970754368, 0.00, 100.00, 0.00, 2.25, 0, 0 
2, 76659, 971579497, 0.00, 100.00, 0.00, 2.25, 0, 0 
3, 76659, 972364670, 0.00, 100.00, 0.00, 2.25, 0, 0 
4, 76659, 973154611, 0.00, 100.00, 0.00, 2.25, 0, 0 
5, 76659, 973939001, 0.00, 100.00, 0.00, 2.25, 0, 0 
6, 76659, 974709824, 0.00, 100.00, 0.00, 2.25, 0, 0 
7, 76659, 975441141, 0.00, 100.00, 0.00, 2.25, 0, 0 
8, 76659, 976267835, 0.00, 100.00, 0.00, 2.25, 0, 0 
9, 76659, 977101820, 0.00, 100.00, 0.00, 2.25, 0, 0 
0, 76659, 977930777, 0.00, 100.00, 0.00, 2.25, 0, 0 
1, 76659, 978788905, 0.00, 100.00, 0.00, 2.25, 0, 0 
2, 76659, 979590361, 0.00, 100.00, 0.00, 2.25, 0, 0 
3, 76659, 980426164, 0.00, 100.00, 0.00, 2.25, 0, 0 
4, 76659, 981204956, 0.00, 100.00, 0.00, 2.25, 0, 0 
5, 76659, 982065576, 0.00, 100.00, 0.00, 2.25, 0, 0 
6, 76659, 982863805, 0.00, 100.00, 0.00, 2.25, 0, 0 
7, 76659, 983719258, 0.00, 100.00, 0.00, 2.25, 0, 0 
8, 76659, 985007672, 0.00, 100.00, 0.00, 2.25, 0, 0 
9, 76659, 985831410, 0.00, 100.00, 0.00, 2.25, 0, 0 
0, 76659, 986759498, 0.00, 100.00, 0.00, 2.25, 0, 0 
1, 76659, 987673212, 0.00, 100.00, 0.00, 2.25, 0, 0 
2, 76659, 988536877, 0.00, 100.00, 0.00, 2.25, 0, 0 
3, 76659, 989364638, 0.00, 100.00, 0.00, 2.25, 0, 0 
4, 76659, 990183846, 0.00, 100.00, 0.00, 2.25, 0, 0 
5, 76659, 991046752, 0.00, 100.00, 0.00, 2.25, 0, 0 
6, 76659, 991946377, 0.00, 100.00, 0.00, 2.25, 0, 0 
7, 76659, 992942020, 0.00, 100.00, 0.00, 2.25, 0, 0 
8, 76659, 993843618, 0.00, 100.00, 0.00, 2.25, 0, 0 
9, 76659, 994781284, 0.00, 100.00, 0.00, 2.25, 0, 0 
0, 76659, 995789284, 0.00, 100.00, 0.00, 2.25, 0, 0 
1, 76659, 996634992, 0.00, 100.00, 0.00, 2.25, 0, 0 
2, 76659, 997403915, 0.00, 100.00, 0.00, 2.25, 0, 0 
3, 76659, 998172733, 0.00, 100.00, 0.00, 2.25, 0, 0 
4, 76659, 998918835, 0.00, 100.00, 0.00, 2.25, 0, 0 
5, 76659, 999696886, 0.00, 100.00, 0.00, 2.25, 0, 0 
6, 76660, 437851, 0.00, 100.00, 0.00, 2.25, 0, 0 
7, 76660, 1281841, 0.00, 100.00, 0.00, 2.25, 0, 0 
8, 76660, 2105373, 0.00, 100.00, 0.00, 2.25, 0, 0 
9, 76660, 2868094, 0.00, 100.00, 0.00, 2.25, 0, 0 
0, 76660, 3639982, 0.00, 100.00, 0.00, 2.25, 0, 0 
1, 76660, 4490101, 0.00, 100.00, 0.00, 2.25, 0, 0 
2, 76660, 5367799, 0.00, 100.00, 0.00, 2.25, 0, 0 
3, 76660, 6258713, 0.00, 100.00, 0.00, 2.25, 0, 0 
4, 76660, 7175267, 0.00, 100.00, 0.00, 2.25, 0, 0 
5, 76660, 7983899, 0.00, 100.00, 0.00, 2.25, 0, 0 
6, 76660, 8769351, 0.00, 100.00, 0.00, 2.25, 0, 0 
7, 76660, 9610315, 0.00, 100.00, 0.00, 2.25, 0, 0 
8, 76660, 10428465, 0.00, 100.00, 0.00, 2.25, 0, 0 
9, 76660, 11268838, 0.00, 100.00, 0.00, 2.25, 0, 0 
0, 76660, 12388088, 0.00, 100.00, 0.00, 2.25, 0, 0 
1, 76660, 13434531, 0.00, 100.00, 0.00, 2.25, 0, 0 
2, 76660, 14372707, 0.00, 100.00, 0.00, 2.25, 0, 0 
3, 76660, 15316045, 0.00, 100.00, 0.00, 2.25, 0, 0 
4, 76660, 16279128, 0.00, 100.00, 0.00, 2.25, 0, 0 
5, 76660, 17083956, 0.00, 100.00, 0.00, 2.25, 0, 0 
6, 76660, 17972503, 0.00, 100.00, 0.00, 2.25, 0, 0 
7, 76660, 18860790, 0.00, 100.00, 0.00, 2.25, 0, 0 
8, 76660, 19681364, 0.00, 100.00, 0.00, 2.25, 0, 0 
9, 76660, 20741077, 0.00, 100.00, 0.00, 2.25, 0, 0 
0, 76660, 21652768, 0.00, 100.00, 0.00, 2.25, 0, 0 
1, 76660, 22447228, 0.00, 100.00, 0.00, 2.25, 0, 0 
2, 76660, 23238941, 0.00, 100.00, 0.00, 2.25, 0, 0 
3, 76660, 23998420, 0.00, 100.00, 0.00, 2.25, 0, 0 
4, 76660, 24831310, 0.00, 100.00, 0.00, 2.25, 0, 0 
5, 76660, 25603301, 0.00, 100.00, 0.00, 2.25, 0, 0 
6, 76660, 26359393, 0.00, 100.00, 0.00, 2.25, 0, 0 
7, 76660, 27134615, 0.00, 100.00, 0.00, 2.25, 0, 0 
8, 76660, 27893628, 0.00, 100.00, 0.00, 2.25, 0, 0 
9, 76660, 28646978, 0.00, 100.00, 0.00, 2.25, 0, 0 
0, 76660, 29500712, 0.00, 100.00, 0.00, 2.25, 0, 0 
1, 76660, 30298925, 0.00, 100.00, 0.00, 2.25, 0, 0 
2, 76660, 31162305, 0.00, 100.00, 0.00, 2.25, 0, 0 
3, 76660, 31906264, 0.00, 100.00, 0.00, 2.25, 0, 0 
4, 76660, 32736342, 0.00, 100.00, 0.00, 2.25, 0, 0 
5, 76660, 33522270, 0.00, 100.00, 0.00, 2.25, 0, 0 
6, 76660, 34288508, 0.00, 100.00, 0.00, 2.25, 0, 0 
7, 76660, 35070229, 0.00, 100.00, 0.00, 2.25, 0, 0 
8, 76660, 35821249, 0.00, 100.00, 0.00, 2.25, 0, 0 
9, 76660, 36589733, 0.00, 100.00, 0.00, 2.25, 0, 0 
0, 76660, 37378930, 0.00, 100.00, 0.00, 2.25, 0, 0 
1, 76660, 38189291, 0.00, 100.00, 0.00, 2.25, 0, 0 
2, 76660, 38985294, 0.00, 100.00, 0.00, 2.25, 0, 0 
3, 76660, 39802957, 0.00, 100.00, 0.00, 2.25, 0, 0 
4, 76660, 40567307, 0.00, 100.00, 0.00, 2.25, 0, 0 
5, 76660, 41369342, 0.00, 100.00, 0.00, 2.25, 0, 0 
6, 76660, 42212702, 0.00, 100.00, 0.00, 2.25, 0, 0 
7, 76660, 43022303, 0.00, 100.00, 0.00, 2.25, 0, 0 
8, 76660, 43759024, 0.00, 100.00, 0.00, 2.25, 0, 0 
9, 76660, 44573801, 0.00, 100.00, 0.00, 2.25, 0, 0 
0, 76660, 45432582, 0.00, 100.00, 0.00, 2.25, 0, 0 
1, 76660, 46321062, 0.00, 100.00, 0.00, 2.25, 0, 0 
2, 76660, 47099680, 0.00, 100.00, 0.00, 2.25, 0, 0 
3, 76660, 47856827, 0.00, 100.00, 0.00, 2.25, 0, 0 
4, 76660, 48636775, 0.00, 100.00, 0.00, 2.25, 0, 0 
5, 76660, 49424192, 0.00, 100.00, 0.00, 2.25, 0, 0 
6, 76660, 50206936, 0.00, 100.00, 0.00, 2.25, 0, 0 
7, 76660, 51072979, 0.00, 100.00, 0.00, 2.25, 0, 0 
8, 76660, 52076833, 0.00, 100.00, 0.00, 2.25, 0, 0 
9, 76660, 53095282, 0.00, 100.00, 0.00, 2.25, 0, 0 
0, 76660, 53947166, 0.00, 100.00, 0.00, 2.25, 0, 0 
1, 76660, 54769430, 0.00, 100.00, 0.00, 2.25, 0, 0 
2, 76660, 55592884, 0.00, 100.00, 0.00, 2.25, 0, 0 
3, 76660, 56382945, 0.00, 100.00, 0.00, 2.25, 0, 0 
4, 76660, 57208566, 0.00, 100.00, 0.00, 2.25, 0, 0 
5, 76660, 57975839, 0.00, 100.00, 0.00, 2.25, 0, 0 
6, 76660, 58726696, 0.00, 100.00, 0.00, 2.25, 0, 0 
7, 76660, 59502572, 0.00, 100.00, 0.00, 2.25, 0, 0 
8, 76660, 60401768, 0.00, 100.00, 0.00, 2.25, 0, 0 
9, 76660, 61250770, 0.00, 100.00, 0.00, 2.25, 0, 0 
0, 76660, 62102000, 0.00, 100.00, 0.00, 2.25, 0, 0 
1, 76660, 62935685, 0.00, 100.00, 0.00, 2.25, 0, 0 
2, 76660, 63768385, 0.00, 100.00, 0.00, 2.25, 0, 0 
3, 76660, 64608824, 0.00, 100.00, 0.00, 2.25, 0, 0 
4, 76660, 65464646, 0.00, 100.00, 0.00, 2.25, 0, 0 
5, 76660, 66264400, 0.00, 100.00, 0.00, 2.25, 0, 0 
6, 76660, 67094185, 0.00, 100.00, 0.00, 2.25, 0, 0 
7, 76660, 67853395, 0.00, 100.00, 0.00, 2.25, 0, 0 
8, 76660, 68642791, 0.00, 100.00, 0.00, 2.25, 0, 0 
9, 76660, 69430045, 0.00, 100.00, 0.00, 2.25, 0, 0 
0, 76660, 70229291, 0.00, 100.00, 0.00, 2.25, 0, 0 
1, 76660, 71077921, 0.00, 100.00, 0.00, 2.25, 0, 0 
2, 76660, 71862879, 0.00, 100.00, 0.00, 2.25, 0, 0 
3, 76660, 72617983, 0.00, 100.00, 0.00, 2.25, 0, 0 
4, 76660, 73367454, 0.00, 100.00, 0.00, 2.25, 0, 0 
5, 76660, 74133933, 0.00, 100.00, 0.00, 2.25, 0, 0 
6, 76660, 74890125, 0.00, 100.00, 0.00, 2.25, 0, 0 
7, 76660, 75590142, 0.00, 100.00, 0.00, 2.25, 0, 0 
8, 76660, 76302463, 0.00, 100.00, 0.00, 2.25, 0, 0 
9, 76660, 76905522, 0.00, 100.00, 0.00, 2.25, 0, 0 
0, 76660, 77617191, 0.00, 100.00, 0.00, 2.25, 0, 0 
1, 76660, 78353636, 0.00, 100.00, 0.00, 2.25, 0, 0 
2, 76660, 78981656, 0.00, 100.00, 0.00, 2.25, 0, 0 
3, 76660, 79593321, 0.00, 100.00, 0.00, 2.25, 0, 0 
4, 76660, 80250023, 0.00, 100.00, 0.00, 2.25, 0, 0 
5, 76660, 80962056, 0.00, 100.00, 0.00, 2.25, 0, 0 
6, 76660, 81634806, 0.00, 100.00, 0.00, 2.25, 0, 0 
7, 76660, 82268360, 0.00, 100.00, 0.00, 2.25, 0, 0 
8, 76660, 82886167, 0.00, 100.00, 0.00, 2.25, 0, 0 
9, 76660, 83514434, 0.00, 100.00, 0.00, 2.25, 0, 0 
0, 76660, 84227188, 0.00, 100.00, 0.00, 2.25, 0, 0 
1, 76660, 84810249, 0.00, 100.00, 0.00, 2.25, 0, 0 
2, 76660, 85402021, 0.00, 100.00, 0.00, 2.25, 0, 0 
3, 76660, 85956460, 0.00, 100.00, 0.00, 2.25, 0, 0 
4, 76660, 86700167, 0.00, 100.00, 0.00, 2.25, 0, 0 
5, 76660, 87489024, 0.00, 100.00, 0.00, 2.25, 0, 0 
6, 76660, 88131997, 0.00, 100.00, 0.00, 2.25, 0, 0 
7, 76660, 88728322, 0.00, 100.00, 0.00, 2.25, 0, 0 
8, 76660, 89355692, 0.00, 100.00, 0.00, 2.25, 0, 0 
9, 76660, 89988245, 0.00, 100.00, 0.00, 2.25, 0, 0 
0, 76660, 90633604, 0.00, 100.00, 0.00, 2.25, 0, 0 
1, 76660, 91263036, 0.00, 100.00, 0.00, 2.25, 0, 0 
2, 76660, 91875262, 0.00, 100.00, 0.00, 2.25, 0, 0 
3, 76660, 92458503, 0.00, 100.00, 0.00, 2.25, 0, 0 
4, 76660, 93027097, 0.00, 100.00, 0.00, 2.25, 0, 0 
5, 76660, 93583161, 0.00, 100.00, 0.00, 2.25, 0, 0 
6, 76660, 94137858, 0.00, 100.00, 0.00, 2.25, 0, 0 
7, 76660, 94695615, 0.00, 100.00, 0.00, 2.25, 0, 0 
8, 76660, 95281320, 0.00, 100.00, 0.00, 2.25, 0, 0 
9, 76660, 95967555, 0.00, 100.00, 0.00, 2.25, 0, 0 
0, 76660, 96580055, 0.00, 100.00, 0.00, 2.25, 0, 0 
1, 76660, 97142740, 0.00, 100.00, 0.00, 2.25, 0, 0 
2, 76660, 97820339, 0.00, 100.00, 0.00, 2.25, 0, 0 
3, 76660, 98426059, 0.00, 100.00, 0.00, 2.25, 0, 0 
4, 76660, 99129370, 0.00, 100.00, 0.00, 2.25, 0, 0 
5, 76660, 99836683, 0.00, 100.00, 0.00, 2.25, 0, 0 
6, 76660, 100461507, 0.00, 100.00, 0.00, 2.25, 0, 0 
7, 76660, 101066808, 0.00, 100.00, 0.00, 2.25, 0, 0 
8, 76660, 101649173, 0.00, 100.00, 0.00, 2.25, 0, 0 
9, 76660, 102207785, 0.00, 100.00, 0.00, 2.25, 0, 0 
0, 76660, 102903201, 0.00, 100.00, 0.00, 2.25, 0, 0 
1, 76660, 103593652, 0.00, 100.00, 0.00, 2.25, 0, 0 
2, 76660, 104345732, 0.00, 100.00, 0.00, 2.25, 0, 0 
3, 76660, 105048048, 0.00, 100.00, 0.00, 2.25, 0, 0 
4, 76660, 105734046, 0.00, 100.00, 0.00, 2.25, 0, 0 
5, 76660, 106444992, 0.00, 100.00, 0.00, 2.25, 0, 0 
6, 76660, 106988756, 0.00, 100.00, 0.00, 2.25, 0, 0 
7, 76660, 107564443, 0.00, 100.00, 0.00, 2.25, 0, 0 
8, 76660, 108130940, 0.00, 100.00, 0.00, 2.25, 0, 0 
9, 76660, 108685564, 0.00, 100.00, 0.00, 2.25, 0, 0 
0, 76660, 109289736, 0.00, 100.00, 0.00, 2.25, 0, 0 
1, 76660, 109866964, 0.00, 100.00, 0.00, 2.25, 0, 0 
2, 76660, 110539364, 0.00, 100.00, 0.00, 2.25, 0, 0 
3, 76660, 111154686, 0.00, 100.00, 0.00, 2.25, 0, 0 
4, 76660, 111918573, 0.00, 100.00, 0.00, 2.25, 0, 0 
5, 76660, 112733691, 0.00, 100.00, 0.00, 2.25, 0, 0 
6, 76660, 113386600, 0.00, 100.00, 0.00, 2.25, 0, 0 
7, 76660, 114042087, 0.00, 100.00, 0.00, 2.25, 0, 0 
8, 76660, 114685195, 0.00, 100.00, 0.00, 2.25, 0, 0 
9, 76660, 115555091, 0.00, 100.00, 0.00, 2.25, 0, 0 
0, 76660, 116188573, 0.00, 100.00, 0.00, 2.25, 0, 0 
1, 76660, 116816636, 0.00, 100.00, 0.00, 2.25, 0, 0 
2, 76660, 117625251, 0.00, 100.00, 0.00, 2.25, 0, 0 
3, 76660, 118159812, 0.00, 100.00, 0.00, 2.25, 0, 0 
4, 76660, 118944702, 0.00, 100.00, 0.00, 2.25, 0, 0 
5, 76660, 119523870, 0.00, 100.00, 0.00, 2.25, 0, 0 
6, 76660, 120229167, 0.00, 100.00, 0.00, 2.25, 0, 0 
7, 76660, 120920343, 0.00, 100.00, 0.00, 2.25, 0, 0 
8, 76660, 121588249, 0.00, 100.00, 0.00, 2.25, 0, 0 
9, 76660, 122376069, 0.00, 100.00, 0.00, 2.25, 0, 0 
0, 76660, 123175039, 0.00, 100.00, 0.00, 2.25, 0, 0 
1, 76660, 123941661, 0.00, 100.00, 0.00, 2.25, 0, 0 
2, 76660, 124788090, 0.00, 100.00, 0.00, 2.25, 0, 0 
3, 76660, 125584673, 0.00, 100.00, 0.00, 2.25, 0, 0 
4, 76660, 126467055, 0.00, 100.00, 0.00, 2.25, 0, 0 
5, 76660, 127183339, 0.00, 100.00, 0.00, 2.25, 0, 0 
6, 76660, 127788863, 0.00, 100.00, 0.00, 2.25, 0, 0 
7, 76660, 128509873, 0.00, 100.00, 0.00, 2.25, 0, 0 
8, 76660, 129163192, 0.00, 100.00, 0.00, 2.25, 0, 0 
9, 76660, 130010535, 0.00, 100.00, 0.00, 2.25, 0, 0 
0, 76660, 130801576, 0.00, 100.00, 0.00, 2.25, 0, 0 
1, 76660, 131635987, 0.00, 100.00, 0.00, 2.25, 0, 0 
2, 76660, 132178892, 0.00, 100.00, 0.00, 2.25, 0, 0 
3, 76660, 132899076, 0.00, 100.00, 0.00, 2.25, 0, 0 
4, 76660, 133578429, 0.00, 100.00, 0.00, 2.25, 0, 0 
5, 76660, 134329048, 0.00, 100.00, 0.00, 2.25, 0, 0 
6, 76660, 135085167, 0.00, 100.00, 0.00, 2.25, 0, 0 
7, 76660, 135744613, 0.00, 100.00, 0.00, 2.25, 0, 0 
8, 76660, 136326039, 0.00, 100.00, 0.00, 2.25, 0, 0 
9, 76660, 137058932, 0.00, 100.00, 0.00, 2.25, 0, 0 
0, 76660, 137666193, 0.00, 100.00, 0.00, 2.25, 0, 0 
1, 76660, 138248299, 0.00, 100.00, 0.00, 2.25, 0, 0 
2, 76660, 139056530, 0.00, 100.00, 0.00, 2.25, 0, 0 
3, 76660, 139925069, 0.00, 100.00, 0.00, 2.25, 0, 0 
4, 76660, 140836675, 0.00, 100.00, 0.00, 2.25, 0, 0 
5, 76660, 141382763, 0.00, 100.00, 0.00, 2.25, 0, 0 
6, 76660, 141923345, 0.00, 100.00, 0.00, 2.25, 0, 0 
7, 76660, 142555215, 0.00, 100.00, 0.00, 2.25, 0, 0 
8, 76660, 143437899, 0.00, 100.00, 0.00, 2.25, 0, 0 
9, 76660, 144058797, 0.00, 100.00, 0.00, 2.25, 0, 0 
0, 76660, 144739334, 0.00, 100.00, 0.00, 2.25, 0, 0 
1, 76660, 145519639, 0.00, 100.00, 0.00, 2.25, 0, 0 
2, 76660, 146383468, 0.00, 100.00, 0.00, 2.25, 0, 0 
3, 76660, 147154898, 0.00, 100.00, 0.00, 2.25, 0, 0 
4, 76660, 147948521, 0.00, 100.00, 0.00, 2.25, 0, 0 
5, 76660, 148667224, 0.00, 100.00, 0.00, 2.25, 0, 0 
6, 76660, 149321475, 0.00, 100.00, 0.00, 2.25, 0, 0 
7, 76660, 149929336, 0.00, 100.00, 0.00, 2.25, 0, 0 
8, 76660, 150509214, 0.00, 100.00, 0.00, 2.25, 0, 0 
9, 76660, 151207377, 0.00, 100.00, 0.00, 2.25, 0, 0 
0, 76660, 152032621, 0.00, 100.00, 0.00, 2.25, 0, 0 
1, 76660, 152648554, 0.00, 100.00, 0.00, 2.25, 0, 0 
2, 76660, 153360317, 0.00, 100.00, 0.00, 2.25, 0, 0 
3, 76660, 153994993, 0.00, 100.00, 0.00, 2.25, 0, 0 
4, 76660, 154536554, 0.00, 100.00, 0.00, 2.25, 0, 0 
5, 76660, 155565225, 0.00, 100.00, 0.00, 2.25, 0, 0 
6, 76660, 156230499, 0.00, 100.00, 0.00, 2.25, 0, 0 
7, 76660, 156846611, 0.00, 100.00, 0.00, 2.25, 0, 0 
8, 76660, 157467515, 0.00, 100.00, 0.00, 2.25, 0, 0 
9, 76660, 158057928, 0.00, 100.00, 0.00, 2.25, 0, 0 
