Wed Nov 28 13:10:50 2018
StepTime, x, v, f, xdes, vdes, fdes, cmd, IR, LSB, LSF
0, 72991, 608621330, 0.00, 100.00, 0.00, 2.25, 0, 0 
1, 72991, 629064053, 0.00, 100.00, 0.00, 2.25, 0, 0 
2, 72991, 629220258, 0.00, 100.00, 0.00, 2.25, 0, 0 
3, 72991, 629313544, 0.00, 100.00, 0.00, 2.25, 0, 0 
4, 72991, 629399904, 0.00, 100.00, 0.00, 2.25, 0, 0 
5, 72991, 629473171, 0.00, 100.00, 0.00, 2.25, 0, 0 
6, 72991, 629551606, 0.00, 100.00, 0.00, 2.25, 0, 0 
7, 72991, 629622700, 0.00, 100.00, 0.00, 2.25, 0, 0 
8, 72991, 629699296, 0.00, 100.00, 0.00, 2.25, 0, 0 
9, 72991, 629770183, 0.00, 100.00, 0.00, 2.25, 0, 0 
0, 72991, 629913529, 0.00, 100.00, 0.00, 2.25, 0, 0 
1, 72991, 630031053, 0.00, 100.00, 0.00, 2.25, 0, 0 
2, 72991, 630112199, 0.00, 100.00, 0.00, 2.25, 0, 0 
3, 72991, 630193141, 0.00, 100.00, 0.00, 2.25, 0, 0 
4, 72991, 630275819, 0.00, 100.00, 0.00, 2.25, 0, 0 
5, 72991, 630354546, 0.00, 100.00, 0.00, 2.25, 0, 0 
6, 72991, 630432108, 0.00, 100.00, 0.00, 2.25, 0, 0 
7, 72991, 630509355, 0.00, 100.00, 0.00, 2.25, 0, 0 
8, 72991, 630586657, 0.00, 100.00, 0.00, 2.25, 0, 0 
9, 72991, 630663142, 0.00, 100.00, 0.00, 2.25, 0, 0 
0, 72991, 630808227, 0.00, 100.00, 0.00, 2.25, 0, 0 
1, 72991, 630949446, 0.00, 100.00, 0.00, 2.25, 0, 0 
2, 72991, 631043779, 0.00, 100.00, 0.00, 2.25, 0, 0 
3, 72991, 631146941, 0.00, 100.00, 0.00, 2.25, 0, 0 
4, 72991, 631250821, 0.00, 100.00, 0.00, 2.25, 0, 0 
5, 72991, 631332824, 0.00, 100.00, 0.00, 2.25, 0, 0 
6, 72991, 631409762, 0.00, 100.00, 0.00, 2.25, 0, 0 
7, 72991, 631478887, 0.00, 100.00, 0.00, 2.25, 0, 0 
8, 72991, 631554741, 0.00, 100.00, 0.00, 2.25, 0, 0 
9, 72991, 631630830, 0.00, 100.00, 0.00, 2.25, 0, 0 
0, 72991, 631775925, 0.00, 100.00, 0.00, 2.25, 0, 0 
1, 72991, 631923459, 0.00, 100.00, 0.00, 2.25, 0, 0 
2, 72991, 632042265, 0.00, 100.00, 0.00, 2.25, 0, 0 
3, 72991, 632159352, 0.00, 100.00, 0.00, 2.25, 0, 0 
4, 72991, 632247258, 0.00, 100.00, 0.00, 2.25, 0, 0 
5, 72991, 632313523, 0.00, 100.00, 0.00, 2.25, 0, 0 
6, 72991, 632375747, 0.00, 100.00, 0.00, 2.25, 0, 0 
7, 72991, 632438211, 0.00, 100.00, 0.00, 2.25, 0, 0 
8, 72991, 632500595, 0.00, 100.00, 0.00, 2.25, 0, 0 
9, 72991, 632562691, 0.00, 100.00, 0.00, 2.25, 0, 0 
0, 72991, 632692966, 0.00, 100.00, 0.00, 2.25, 0, 0 
1, 72991, 632796751, 0.00, 100.00, 0.00, 2.25, 0, 0 
2, 72991, 632853816, 0.00, 100.00, 0.00, 2.25, 0, 0 
3, 72991, 632931001, 0.00, 100.00, 0.00, 2.25, 0, 0 
4, 72991, 633003829, 0.00, 100.00, 0.00, 2.25, 0, 0 
5, 72991, 633066872, 0.00, 100.00, 0.00, 2.25, 0, 0 
6, 72991, 633128662, 0.00, 100.00, 0.00, 2.25, 0, 0 
7, 72991, 633189966, 0.00, 100.00, 0.00, 2.25, 0, 0 
8, 72991, 633252138, 0.00, 100.00, 0.00, 2.25, 0, 0 
9, 72991, 633314039, 0.00, 100.00, 0.00, 2.25, 0, 0 
0, 72991, 633438709, 0.00, 100.00, 0.00, 2.25, 0, 0 
1, 72991, 633547608, 0.00, 100.00, 0.00, 2.25, 0, 0 
2, 72991, 633625897, 0.00, 100.00, 0.00, 2.25, 0, 0 
3, 72991, 633706626, 0.00, 100.00, 0.00, 2.25, 0, 0 
4, 72991, 633771741, 0.00, 100.00, 0.00, 2.25, 0, 0 
5, 72991, 633834383, 0.00, 100.00, 0.00, 2.25, 0, 0 
6, 72991, 633896892, 0.00, 100.00, 0.00, 2.25, 0, 0 
7, 72991, 633959445, 0.00, 100.00, 0.00, 2.25, 0, 0 
8, 72991, 634021673, 0.00, 100.00, 0.00, 2.25, 0, 0 
9, 72991, 634083890, 0.00, 100.00, 0.00, 2.25, 0, 0 
0, 72991, 634203794, 0.00, 100.00, 0.00, 2.25, 0, 0 
1, 72991, 634335059, 0.00, 100.00, 0.00, 2.25, 0, 0 
2, 72991, 634410211, 0.00, 100.00, 0.00, 2.25, 0, 0 
3, 72991, 634470427, 0.00, 100.00, 0.00, 2.25, 0, 0 
4, 72991, 634533760, 0.00, 100.00, 0.00, 2.25, 0, 0 
5, 72991, 634596175, 0.00, 100.00, 0.00, 2.25, 0, 0 
6, 72991, 634657983, 0.00, 100.00, 0.00, 2.25, 0, 0 
7, 72991, 634720209, 0.00, 100.00, 0.00, 2.25, 0, 0 
8, 72991, 634782715, 0.00, 100.00, 0.00, 2.25, 0, 0 
9, 72991, 634845236, 0.00, 100.00, 0.00, 2.25, 0, 0 
0, 72991, 634963862, 0.00, 100.00, 0.00, 2.25, 0, 0 
1, 72991, 635069237, 0.00, 100.00, 0.00, 2.25, 0, 0 
2, 72991, 635137050, 0.00, 100.00, 0.00, 2.25, 0, 0 
3, 72991, 635212787, 0.00, 100.00, 0.00, 2.25, 0, 0 
4, 72991, 635308349, 0.00, 100.00, 0.00, 2.25, 0, 0 
5, 72991, 635387111, 0.00, 100.00, 0.00, 2.25, 0, 0 
6, 72991, 635465718, 0.00, 100.00, 0.00, 2.25, 0, 0 
7, 72991, 635537669, 0.00, 100.00, 0.00, 2.25, 0, 0 
8, 72991, 635630928, 0.00, 100.00, 0.00, 2.25, 0, 0 
9, 72991, 635720324, 0.00, 100.00, 0.00, 2.25, 0, 0 
0, 72991, 635875737, 0.00, 100.00, 0.00, 2.25, 0, 0 
1, 72991, 636027858, 0.00, 100.00, 0.00, 2.25, 0, 0 
2, 72991, 636145081, 0.00, 100.00, 0.00, 2.25, 0, 0 
3, 72991, 636256294, 0.00, 100.00, 0.00, 2.25, 0, 0 
4, 72991, 636354321, 0.00, 100.00, 0.00, 2.25, 0, 0 
5, 72991, 636435028, 0.00, 100.00, 0.00, 2.25, 0, 0 
6, 72991, 636511909, 0.00, 100.00, 0.00, 2.25, 0, 0 
7, 72991, 636588262, 0.00, 100.00, 0.00, 2.25, 0, 0 
8, 72991, 636664745, 0.00, 100.00, 0.00, 2.25, 0, 0 
9, 72991, 636741570, 0.00, 100.00, 0.00, 2.25, 0, 0 
0, 72991, 636875591, 0.00, 100.00, 0.00, 2.25, 0, 0 
1, 72991, 636998887, 0.00, 100.00, 0.00, 2.25, 0, 0 
2, 72991, 637080649, 0.00, 100.00, 0.00, 2.25, 0, 0 
3, 72991, 637173868, 0.00, 100.00, 0.00, 2.25, 0, 0 
4, 72991, 637274741, 0.00, 100.00, 0.00, 2.25, 0, 0 
5, 72991, 637381659, 0.00, 100.00, 0.00, 2.25, 0, 0 
6, 72991, 637482783, 0.00, 100.00, 0.00, 2.25, 0, 0 
7, 72991, 637583084, 0.00, 100.00, 0.00, 2.25, 0, 0 
8, 72991, 637682237, 0.00, 100.00, 0.00, 2.25, 0, 0 
9, 72991, 637782247, 0.00, 100.00, 0.00, 2.25, 0, 0 
0, 72991, 637954366, 0.00, 100.00, 0.00, 2.25, 0, 0 
1, 72991, 638146178, 0.00, 100.00, 0.00, 2.25, 0, 0 
2, 72991, 638239436, 0.00, 100.00, 0.00, 2.25, 0, 0 
3, 72991, 638340711, 0.00, 100.00, 0.00, 2.25, 0, 0 
4, 72991, 638440445, 0.00, 100.00, 0.00, 2.25, 0, 0 
5, 72991, 638539789, 0.00, 100.00, 0.00, 2.25, 0, 0 
6, 72991, 638638885, 0.00, 100.00, 0.00, 2.25, 0, 0 
7, 72991, 638738106, 0.00, 100.00, 0.00, 2.25, 0, 0 
8, 72991, 638837809, 0.00, 100.00, 0.00, 2.25, 0, 0 
9, 72991, 638935361, 0.00, 100.00, 0.00, 2.25, 0, 0 
0, 72991, 639084054, 0.00, 100.00, 0.00, 2.25, 0, 0 
1, 72991, 639242919, 0.00, 100.00, 0.00, 2.25, 0, 0 
2, 72991, 639337677, 0.00, 100.00, 0.00, 2.25, 0, 0 
3, 72991, 639439275, 0.00, 100.00, 0.00, 2.25, 0, 0 
4, 72991, 639538838, 0.00, 100.00, 0.00, 2.25, 0, 0 
5, 72991, 639637804, 0.00, 100.00, 0.00, 2.25, 0, 0 
6, 72991, 639737224, 0.00, 100.00, 0.00, 2.25, 0, 0 
7, 72991, 639837539, 0.00, 100.00, 0.00, 2.25, 0, 0 
8, 72991, 639936733, 0.00, 100.00, 0.00, 2.25, 0, 0 
9, 72991, 640054293, 0.00, 100.00, 0.00, 2.25, 0, 0 
0, 72991, 640233737, 0.00, 100.00, 0.00, 2.25, 0, 0 
1, 72991, 640377961, 0.00, 100.00, 0.00, 2.25, 0, 0 
2, 72991, 640473092, 0.00, 100.00, 0.00, 2.25, 0, 0 
3, 72991, 640574147, 0.00, 100.00, 0.00, 2.25, 0, 0 
4, 72991, 640674404, 0.00, 100.00, 0.00, 2.25, 0, 0 
5, 72991, 640772449, 0.00, 100.00, 0.00, 2.25, 0, 0 
6, 72991, 640872236, 0.00, 100.00, 0.00, 2.25, 0, 0 
7, 72991, 640971419, 0.00, 100.00, 0.00, 2.25, 0, 0 
8, 72991, 641069554, 0.00, 100.00, 0.00, 2.25, 0, 0 
9, 72991, 641168602, 0.00, 100.00, 0.00, 2.25, 0, 0 
0, 72991, 641334403, 0.00, 100.00, 0.00, 2.25, 0, 0 
1, 72991, 641478340, 0.00, 100.00, 0.00, 2.25, 0, 0 
2, 72991, 641572622, 0.00, 100.00, 0.00, 2.25, 0, 0 
3, 72991, 641674343, 0.00, 100.00, 0.00, 2.25, 0, 0 
4, 72991, 641773682, 0.00, 100.00, 0.00, 2.25, 0, 0 
5, 72991, 641873391, 0.00, 100.00, 0.00, 2.25, 0, 0 
6, 72991, 641972592, 0.00, 100.00, 0.00, 2.25, 0, 0 
7, 72991, 642075093, 0.00, 100.00, 0.00, 2.25, 0, 0 
8, 72991, 642176218, 0.00, 100.00, 0.00, 2.25, 0, 0 
9, 72991, 642275959, 0.00, 100.00, 0.00, 2.25, 0, 0 
0, 72991, 642456618, 0.00, 100.00, 0.00, 2.25, 0, 0 
1, 72991, 642598862, 0.00, 100.00, 0.00, 2.25, 0, 0 
2, 72991, 642693709, 0.00, 100.00, 0.00, 2.25, 0, 0 
3, 72991, 642794876, 0.00, 100.00, 0.00, 2.25, 0, 0 
4, 72991, 642894251, 0.00, 100.00, 0.00, 2.25, 0, 0 
5, 72991, 642993836, 0.00, 100.00, 0.00, 2.25, 0, 0 
6, 72991, 643093074, 0.00, 100.00, 0.00, 2.25, 0, 0 
7, 72991, 643185134, 0.00, 100.00, 0.00, 2.25, 0, 0 
8, 72991, 643251484, 0.00, 100.00, 0.00, 2.25, 0, 0 
9, 72991, 643318142, 0.00, 100.00, 0.00, 2.25, 0, 0 
0, 72991, 643434691, 0.00, 100.00, 0.00, 2.25, 0, 0 
1, 72991, 643529339, 0.00, 100.00, 0.00, 2.25, 0, 0 
2, 72991, 643592797, 0.00, 100.00, 0.00, 2.25, 0, 0 
3, 72991, 643658478, 0.00, 100.00, 0.00, 2.25, 0, 0 
4, 72991, 643724160, 0.00, 100.00, 0.00, 2.25, 0, 0 
5, 72991, 643784316, 0.00, 100.00, 0.00, 2.25, 0, 0 
6, 72991, 643844209, 0.00, 100.00, 0.00, 2.25, 0, 0 
7, 72991, 643910618, 0.00, 100.00, 0.00, 2.25, 0, 0 
8, 72991, 643976192, 0.00, 100.00, 0.00, 2.25, 0, 0 
9, 72991, 644063049, 0.00, 100.00, 0.00, 2.25, 0, 0 
0, 72991, 644183404, 0.00, 100.00, 0.00, 2.25, 0, 0 
1, 72991, 644278430, 0.00, 100.00, 0.00, 2.25, 0, 0 
2, 72991, 644340686, 0.00, 100.00, 0.00, 2.25, 0, 0 
3, 72991, 644406944, 0.00, 100.00, 0.00, 2.25, 0, 0 
4, 72991, 644472767, 0.00, 100.00, 0.00, 2.25, 0, 0 
5, 72991, 644538656, 0.00, 100.00, 0.00, 2.25, 0, 0 
6, 72991, 644604181, 0.00, 100.00, 0.00, 2.25, 0, 0 
7, 72991, 644670140, 0.00, 100.00, 0.00, 2.25, 0, 0 
8, 72991, 644736257, 0.00, 100.00, 0.00, 2.25, 0, 0 
9, 72991, 644802461, 0.00, 100.00, 0.00, 2.25, 0, 0 
0, 72991, 644914126, 0.00, 100.00, 0.00, 2.25, 0, 0 
1, 72991, 645007513, 0.00, 100.00, 0.00, 2.25, 0, 0 
2, 72991, 645070319, 0.00, 100.00, 0.00, 2.25, 0, 0 
3, 72991, 645136646, 0.00, 100.00, 0.00, 2.25, 0, 0 
4, 72991, 645202671, 0.00, 100.00, 0.00, 2.25, 0, 0 
5, 72991, 645268823, 0.00, 100.00, 0.00, 2.25, 0, 0 
6, 72991, 645335046, 0.00, 100.00, 0.00, 2.25, 0, 0 
7, 72991, 645400796, 0.00, 100.00, 0.00, 2.25, 0, 0 
8, 72991, 645466824, 0.00, 100.00, 0.00, 2.25, 0, 0 
9, 72991, 645532914, 0.00, 100.00, 0.00, 2.25, 0, 0 
0, 72991, 645643763, 0.00, 100.00, 0.00, 2.25, 0, 0 
1, 72991, 645736025, 0.00, 100.00, 0.00, 2.25, 0, 0 
2, 72991, 645797926, 0.00, 100.00, 0.00, 2.25, 0, 0 
3, 72991, 645863556, 0.00, 100.00, 0.00, 2.25, 0, 0 
4, 72991, 645929113, 0.00, 100.00, 0.00, 2.25, 0, 0 
5, 72991, 645995136, 0.00, 100.00, 0.00, 2.25, 0, 0 
6, 72991, 646060741, 0.00, 100.00, 0.00, 2.25, 0, 0 
7, 72991, 646126581, 0.00, 100.00, 0.00, 2.25, 0, 0 
8, 72991, 646192573, 0.00, 100.00, 0.00, 2.25, 0, 0 
9, 72991, 646258873, 0.00, 100.00, 0.00, 2.25, 0, 0 
0, 72991, 646369786, 0.00, 100.00, 0.00, 2.25, 0, 0 
1, 72991, 646461361, 0.00, 100.00, 0.00, 2.25, 0, 0 
2, 72991, 646523378, 0.00, 100.00, 0.00, 2.25, 0, 0 
3, 72991, 646589414, 0.00, 100.00, 0.00, 2.25, 0, 0 
4, 72991, 646655150, 0.00, 100.00, 0.00, 2.25, 0, 0 
5, 72991, 646720779, 0.00, 100.00, 0.00, 2.25, 0, 0 
6, 72991, 646786988, 0.00, 100.00, 0.00, 2.25, 0, 0 
7, 72991, 646853021, 0.00, 100.00, 0.00, 2.25, 0, 0 
8, 72991, 646918566, 0.00, 100.00, 0.00, 2.25, 0, 0 
9, 72991, 646984414, 0.00, 100.00, 0.00, 2.25, 0, 0 
0, 72991, 647099959, 0.00, 100.00, 0.00, 2.25, 0, 0 
1, 72991, 647194381, 0.00, 100.00, 0.00, 2.25, 0, 0 
2, 72991, 647255960, 0.00, 100.00, 0.00, 2.25, 0, 0 
3, 72991, 647322172, 0.00, 100.00, 0.00, 2.25, 0, 0 
4, 72991, 647388170, 0.00, 100.00, 0.00, 2.25, 0, 0 
5, 72991, 647454291, 0.00, 100.00, 0.00, 2.25, 0, 0 
6, 72991, 647520143, 0.00, 100.00, 0.00, 2.25, 0, 0 
7, 72991, 647586182, 0.00, 100.00, 0.00, 2.25, 0, 0 
8, 72991, 647652283, 0.00, 100.00, 0.00, 2.25, 0, 0 
9, 72991, 647718173, 0.00, 100.00, 0.00, 2.25, 0, 0 
0, 72991, 647832660, 0.00, 100.00, 0.00, 2.25, 0, 0 
1, 72991, 647924856, 0.00, 100.00, 0.00, 2.25, 0, 0 
2, 72991, 647986599, 0.00, 100.00, 0.00, 2.25, 0, 0 
3, 72991, 648064196, 0.00, 100.00, 0.00, 2.25, 0, 0 
4, 72991, 648130648, 0.00, 100.00, 0.00, 2.25, 0, 0 
5, 72991, 648198504, 0.00, 100.00, 0.00, 2.25, 0, 0 
6, 72991, 648247494, 0.00, 100.00, 0.00, 2.25, 0, 0 
7, 72991, 648296989, 0.00, 100.00, 0.00, 2.25, 0, 0 
8, 72991, 648346572, 0.00, 100.00, 0.00, 2.25, 0, 0 
9, 72991, 648395507, 0.00, 100.00, 0.00, 2.25, 0, 0 
0, 72991, 648479155, 0.00, 100.00, 0.00, 2.25, 0, 0 
1, 72991, 648548568, 0.00, 100.00, 0.00, 2.25, 0, 0 
2, 72991, 648594976, 0.00, 100.00, 0.00, 2.25, 0, 0 
3, 72991, 648644441, 0.00, 100.00, 0.00, 2.25, 0, 0 
4, 72991, 648693624, 0.00, 100.00, 0.00, 2.25, 0, 0 
5, 72991, 648742914, 0.00, 100.00, 0.00, 2.25, 0, 0 
6, 72991, 648792131, 0.00, 100.00, 0.00, 2.25, 0, 0 
7, 72991, 648841197, 0.00, 100.00, 0.00, 2.25, 0, 0 
8, 72991, 648890646, 0.00, 100.00, 0.00, 2.25, 0, 0 
9, 72991, 648940074, 0.00, 100.00, 0.00, 2.25, 0, 0 
0, 72991, 649023217, 0.00, 100.00, 0.00, 2.25, 0, 0 
1, 72991, 649092624, 0.00, 100.00, 0.00, 2.25, 0, 0 
2, 72991, 649139429, 0.00, 100.00, 0.00, 2.25, 0, 0 
3, 72991, 649184473, 0.00, 100.00, 0.00, 2.25, 0, 0 
4, 72991, 649229576, 0.00, 100.00, 0.00, 2.25, 0, 0 
5, 72991, 649278938, 0.00, 100.00, 0.00, 2.25, 0, 0 
6, 72991, 649328035, 0.00, 100.00, 0.00, 2.25, 0, 0 
7, 72991, 649377085, 0.00, 100.00, 0.00, 2.25, 0, 0 
8, 72991, 649426015, 0.00, 100.00, 0.00, 2.25, 0, 0 
9, 72991, 649475796, 0.00, 100.00, 0.00, 2.25, 0, 0 
0, 72991, 649559625, 0.00, 100.00, 0.00, 2.25, 0, 0 
1, 72991, 649629072, 0.00, 100.00, 0.00, 2.25, 0, 0 
2, 72991, 649676363, 0.00, 100.00, 0.00, 2.25, 0, 0 
3, 72991, 649725958, 0.00, 100.00, 0.00, 2.25, 0, 0 
4, 72991, 649775334, 0.00, 100.00, 0.00, 2.25, 0, 0 
5, 72991, 649824738, 0.00, 100.00, 0.00, 2.25, 0, 0 
6, 72991, 649874265, 0.00, 100.00, 0.00, 2.25, 0, 0 
7, 72991, 649923724, 0.00, 100.00, 0.00, 2.25, 0, 0 
8, 72991, 649973160, 0.00, 100.00, 0.00, 2.25, 0, 0 
9, 72991, 650022633, 0.00, 100.00, 0.00, 2.25, 0, 0 
0, 72991, 650106394, 0.00, 100.00, 0.00, 2.25, 0, 0 
1, 72991, 650175745, 0.00, 100.00, 0.00, 2.25, 0, 0 
2, 72991, 650221813, 0.00, 100.00, 0.00, 2.25, 0, 0 
3, 72991, 650271570, 0.00, 100.00, 0.00, 2.25, 0, 0 
4, 72991, 650320952, 0.00, 100.00, 0.00, 2.25, 0, 0 
5, 72991, 650370471, 0.00, 100.00, 0.00, 2.25, 0, 0 
6, 72991, 650419874, 0.00, 100.00, 0.00, 2.25, 0, 0 
7, 72991, 650469112, 0.00, 100.00, 0.00, 2.25, 0, 0 
8, 72991, 650518449, 0.00, 100.00, 0.00, 2.25, 0, 0 
9, 72991, 650567382, 0.00, 100.00, 0.00, 2.25, 0, 0 
0, 72991, 650650824, 0.00, 100.00, 0.00, 2.25, 0, 0 
1, 72991, 650720679, 0.00, 100.00, 0.00, 2.25, 0, 0 
2, 72991, 650767321, 0.00, 100.00, 0.00, 2.25, 0, 0 
3, 72991, 650816735, 0.00, 100.00, 0.00, 2.25, 0, 0 
4, 72991, 650865979, 0.00, 100.00, 0.00, 2.25, 0, 0 
5, 72991, 650915789, 0.00, 100.00, 0.00, 2.25, 0, 0 
6, 72991, 650964990, 0.00, 100.00, 0.00, 2.25, 0, 0 
7, 72991, 651014359, 0.00, 100.00, 0.00, 2.25, 0, 0 
8, 72991, 651063655, 0.00, 100.00, 0.00, 2.25, 0, 0 
9, 72991, 651112767, 0.00, 100.00, 0.00, 2.25, 0, 0 
0, 72991, 651198241, 0.00, 100.00, 0.00, 2.25, 0, 0 
1, 72991, 651267364, 0.00, 100.00, 0.00, 2.25, 0, 0 
2, 72991, 651314134, 0.00, 100.00, 0.00, 2.25, 0, 0 
3, 72991, 651363542, 0.00, 100.00, 0.00, 2.25, 0, 0 
4, 72991, 651412762, 0.00, 100.00, 0.00, 2.25, 0, 0 
5, 72991, 651462006, 0.00, 100.00, 0.00, 2.25, 0, 0 
6, 72991, 651511020, 0.00, 100.00, 0.00, 2.25, 0, 0 
7, 72991, 651560107, 0.00, 100.00, 0.00, 2.25, 0, 0 
8, 72991, 651609311, 0.00, 100.00, 0.00, 2.25, 0, 0 
9, 72991, 651658487, 0.00, 100.00, 0.00, 2.25, 0, 0 
0, 72991, 651741609, 0.00, 100.00, 0.00, 2.25, 0, 0 
1, 72991, 651811095, 0.00, 100.00, 0.00, 2.25, 0, 0 
2, 72991, 651857331, 0.00, 100.00, 0.00, 2.25, 0, 0 
3, 72991, 651906499, 0.00, 100.00, 0.00, 2.25, 0, 0 
4, 72991, 651955959, 0.00, 100.00, 0.00, 2.25, 0, 0 
5, 72991, 652012066, 0.00, 100.00, 0.00, 2.25, 0, 0 
6, 72991, 652065766, 0.00, 100.00, 0.00, 2.25, 0, 0 
7, 72991, 652115553, 0.00, 100.00, 0.00, 2.25, 0, 0 
8, 72991, 652165228, 0.00, 100.00, 0.00, 2.25, 0, 0 
9, 72991, 652214670, 0.00, 100.00, 0.00, 2.25, 0, 0 
0, 72991, 652299033, 0.00, 100.00, 0.00, 2.25, 0, 0 
1, 72991, 652369101, 0.00, 100.00, 0.00, 2.25, 0, 0 
2, 72991, 652415581, 0.00, 100.00, 0.00, 2.25, 0, 0 
3, 72991, 652465129, 0.00, 100.00, 0.00, 2.25, 0, 0 
4, 72991, 652514236, 0.00, 100.00, 0.00, 2.25, 0, 0 
5, 72991, 652563671, 0.00, 100.00, 0.00, 2.25, 0, 0 
6, 72991, 652612971, 0.00, 100.00, 0.00, 2.25, 0, 0 
7, 72991, 652662678, 0.00, 100.00, 0.00, 2.25, 0, 0 
8, 72991, 652712153, 0.00, 100.00, 0.00, 2.25, 0, 0 
9, 72991, 652761657, 0.00, 100.00, 0.00, 2.25, 0, 0 
0, 72991, 652845697, 0.00, 100.00, 0.00, 2.25, 0, 0 
1, 72991, 652914243, 0.00, 100.00, 0.00, 2.25, 0, 0 
2, 72991, 652960348, 0.00, 100.00, 0.00, 2.25, 0, 0 
3, 72991, 653009876, 0.00, 100.00, 0.00, 2.25, 0, 0 
4, 72991, 653058892, 0.00, 100.00, 0.00, 2.25, 0, 0 
5, 72991, 653108011, 0.00, 100.00, 0.00, 2.25, 0, 0 
6, 72991, 653157450, 0.00, 100.00, 0.00, 2.25, 0, 0 
7, 72991, 653214027, 0.00, 100.00, 0.00, 2.25, 0, 0 
8, 72991, 653253733, 0.00, 100.00, 0.00, 2.25, 0, 0 
9, 72991, 653289587, 0.00, 100.00, 0.00, 2.25, 0, 0 
0, 72991, 653353053, 0.00, 100.00, 0.00, 2.25, 0, 0 
1, 72991, 653409096, 0.00, 100.00, 0.00, 2.25, 0, 0 
2, 72991, 653446837, 0.00, 100.00, 0.00, 2.25, 0, 0 
3, 72991, 653486342, 0.00, 100.00, 0.00, 2.25, 0, 0 
4, 72991, 653525766, 0.00, 100.00, 0.00, 2.25, 0, 0 
5, 72991, 653565206, 0.00, 100.00, 0.00, 2.25, 0, 0 
6, 72991, 653604697, 0.00, 100.00, 0.00, 2.25, 0, 0 
7, 72991, 653644309, 0.00, 100.00, 0.00, 2.25, 0, 0 
8, 72991, 653683779, 0.00, 100.00, 0.00, 2.25, 0, 0 
9, 72991, 653723199, 0.00, 100.00, 0.00, 2.25, 0, 0 
0, 72991, 653789672, 0.00, 100.00, 0.00, 2.25, 0, 0 
1, 72991, 653845586, 0.00, 100.00, 0.00, 2.25, 0, 0 
2, 72991, 653882460, 0.00, 100.00, 0.00, 2.25, 0, 0 
3, 72991, 653921737, 0.00, 100.00, 0.00, 2.25, 0, 0 
4, 72991, 653961620, 0.00, 100.00, 0.00, 2.25, 0, 0 
5, 72991, 654004577, 0.00, 100.00, 0.00, 2.25, 0, 0 
6, 72991, 654043923, 0.00, 100.00, 0.00, 2.25, 0, 0 
7, 72991, 654083339, 0.00, 100.00, 0.00, 2.25, 0, 0 
8, 72991, 654122711, 0.00, 100.00, 0.00, 2.25, 0, 0 
9, 72991, 654162362, 0.00, 100.00, 0.00, 2.25, 0, 0 
0, 72991, 654231013, 0.00, 100.00, 0.00, 2.25, 0, 0 
1, 72991, 654285408, 0.00, 100.00, 0.00, 2.25, 0, 0 
2, 72991, 654322559, 0.00, 100.00, 0.00, 2.25, 0, 0 
3, 72991, 654362287, 0.00, 100.00, 0.00, 2.25, 0, 0 
4, 72991, 654401760, 0.00, 100.00, 0.00, 2.25, 0, 0 
5, 72991, 654441222, 0.00, 100.00, 0.00, 2.25, 0, 0 
6, 72991, 654480601, 0.00, 100.00, 0.00, 2.25, 0, 0 
7, 72991, 654520260, 0.00, 100.00, 0.00, 2.25, 0, 0 
8, 72991, 654559592, 0.00, 100.00, 0.00, 2.25, 0, 0 
9, 72991, 654599077, 0.00, 100.00, 0.00, 2.25, 0, 0 
0, 72991, 654665950, 0.00, 100.00, 0.00, 2.25, 0, 0 
1, 72991, 654720049, 0.00, 100.00, 0.00, 2.25, 0, 0 
2, 72991, 654756802, 0.00, 100.00, 0.00, 2.25, 0, 0 
3, 72991, 654796536, 0.00, 100.00, 0.00, 2.25, 0, 0 
4, 72991, 654836026, 0.00, 100.00, 0.00, 2.25, 0, 0 
5, 72991, 654875507, 0.00, 100.00, 0.00, 2.25, 0, 0 
6, 72991, 654914719, 0.00, 100.00, 0.00, 2.25, 0, 0 
7, 72991, 654954731, 0.00, 100.00, 0.00, 2.25, 0, 0 
8, 72991, 654994370, 0.00, 100.00, 0.00, 2.25, 0, 0 
9, 72991, 655033827, 0.00, 100.00, 0.00, 2.25, 0, 0 
0, 72991, 655101805, 0.00, 100.00, 0.00, 2.25, 0, 0 
1, 72991, 655156537, 0.00, 100.00, 0.00, 2.25, 0, 0 
2, 72991, 655193365, 0.00, 100.00, 0.00, 2.25, 0, 0 
3, 72991, 655232837, 0.00, 100.00, 0.00, 2.25, 0, 0 
4, 72991, 655271931, 0.00, 100.00, 0.00, 2.25, 0, 0 
5, 72991, 655311322, 0.00, 100.00, 0.00, 2.25, 0, 0 
6, 72991, 655350731, 0.00, 100.00, 0.00, 2.25, 0, 0 
7, 72991, 655390364, 0.00, 100.00, 0.00, 2.25, 0, 0 
8, 72991, 655429897, 0.00, 100.00, 0.00, 2.25, 0, 0 
9, 72991, 655469189, 0.00, 100.00, 0.00, 2.25, 0, 0 
0, 72991, 655538543, 0.00, 100.00, 0.00, 2.25, 0, 0 
1, 72991, 655594815, 0.00, 100.00, 0.00, 2.25, 0, 0 
2, 72991, 655631681, 0.00, 100.00, 0.00, 2.25, 0, 0 
3, 72991, 655671133, 0.00, 100.00, 0.00, 2.25, 0, 0 
4, 72991, 655710564, 0.00, 100.00, 0.00, 2.25, 0, 0 
5, 72991, 655749770, 0.00, 100.00, 0.00, 2.25, 0, 0 
6, 72991, 655789348, 0.00, 100.00, 0.00, 2.25, 0, 0 
7, 72991, 655828615, 0.00, 100.00, 0.00, 2.25, 0, 0 
8, 72991, 655868284, 0.00, 100.00, 0.00, 2.25, 0, 0 
9, 72991, 655907780, 0.00, 100.00, 0.00, 2.25, 0, 0 
0, 72991, 655973789, 0.00, 100.00, 0.00, 2.25, 0, 0 
1, 72991, 656041728, 0.00, 100.00, 0.00, 2.25, 0, 0 
2, 72991, 656080745, 0.00, 100.00, 0.00, 2.25, 0, 0 
3, 72991, 656120378, 0.00, 100.00, 0.00, 2.25, 0, 0 
4, 72991, 656160197, 0.00, 100.00, 0.00, 2.25, 0, 0 
5, 72991, 656200191, 0.00, 100.00, 0.00, 2.25, 0, 0 
6, 72991, 656239711, 0.00, 100.00, 0.00, 2.25, 0, 0 
7, 72991, 656278780, 0.00, 100.00, 0.00, 2.25, 0, 0 
8, 72991, 656317870, 0.00, 100.00, 0.00, 2.25, 0, 0 
9, 72991, 656357323, 0.00, 100.00, 0.00, 2.25, 0, 0 
0, 72991, 656422526, 0.00, 100.00, 0.00, 2.25, 0, 0 
1, 72991, 656479420, 0.00, 100.00, 0.00, 2.25, 0, 0 
2, 72991, 656516748, 0.00, 100.00, 0.00, 2.25, 0, 0 
3, 72991, 656557003, 0.00, 100.00, 0.00, 2.25, 0, 0 
4, 72991, 656596577, 0.00, 100.00, 0.00, 2.25, 0, 0 
5, 72991, 656636398, 0.00, 100.00, 0.00, 2.25, 0, 0 
6, 72991, 656672999, 0.00, 100.00, 0.00, 2.25, 0, 0 
7, 72991, 656710037, 0.00, 100.00, 0.00, 2.25, 0, 0 
8, 72991, 656748544, 0.00, 100.00, 0.00, 2.25, 0, 0 
9, 72991, 656789110, 0.00, 100.00, 0.00, 2.25, 0, 0 
0, 72991, 656854998, 0.00, 100.00, 0.00, 2.25, 0, 0 
1, 72991, 656913024, 0.00, 100.00, 0.00, 2.25, 0, 0 
2, 72991, 656950241, 0.00, 100.00, 0.00, 2.25, 0, 0 
3, 72991, 656990560, 0.00, 100.00, 0.00, 2.25, 0, 0 
4, 72991, 657030191, 0.00, 100.00, 0.00, 2.25, 0, 0 
5, 72991, 657069431, 0.00, 100.00, 0.00, 2.25, 0, 0 
6, 72991, 657109284, 0.00, 100.00, 0.00, 2.25, 0, 0 
7, 72991, 657149148, 0.00, 100.00, 0.00, 2.25, 0, 0 
8, 72991, 657188337, 0.00, 100.00, 0.00, 2.25, 0, 0 
9, 72991, 657228056, 0.00, 100.00, 0.00, 2.25, 0, 0 
0, 72991, 657293098, 0.00, 100.00, 0.00, 2.25, 0, 0 
1, 72991, 657350466, 0.00, 100.00, 0.00, 2.25, 0, 0 
2, 72991, 657387326, 0.00, 100.00, 0.00, 2.25, 0, 0 
3, 72991, 657427402, 0.00, 100.00, 0.00, 2.25, 0, 0 
4, 72991, 657466456, 0.00, 100.00, 0.00, 2.25, 0, 0 
5, 72991, 657505822, 0.00, 100.00, 0.00, 2.25, 0, 0 
6, 72991, 657544752, 0.00, 100.00, 0.00, 2.25, 0, 0 
7, 72991, 657584161, 0.00, 100.00, 0.00, 2.25, 0, 0 
8, 72991, 657623340, 0.00, 100.00, 0.00, 2.25, 0, 0 
9, 72991, 657662698, 0.00, 100.00, 0.00, 2.25, 0, 0 
0, 72991, 657728387, 0.00, 100.00, 0.00, 2.25, 0, 0 
1, 72991, 657784799, 0.00, 100.00, 0.00, 2.25, 0, 0 
2, 72991, 657821857, 0.00, 100.00, 0.00, 2.25, 0, 0 
3, 72991, 657861806, 0.00, 100.00, 0.00, 2.25, 0, 0 
4, 72991, 657901508, 0.00, 100.00, 0.00, 2.25, 0, 0 
5, 72991, 657940370, 0.00, 100.00, 0.00, 2.25, 0, 0 
6, 72991, 657979790, 0.00, 100.00, 0.00, 2.25, 0, 0 
7, 72991, 658019375, 0.00, 100.00, 0.00, 2.25, 0, 0 
8, 72991, 658058530, 0.00, 100.00, 0.00, 2.25, 0, 0 
9, 72991, 658097846, 0.00, 100.00, 0.00, 2.25, 0, 0 
0, 72991, 658168745, 0.00, 100.00, 0.00, 2.25, 0, 0 
1, 72991, 658215905, 0.00, 100.00, 0.00, 2.25, 0, 0 
2, 72991, 658247028, 0.00, 100.00, 0.00, 2.25, 0, 0 
3, 72991, 658280587, 0.00, 100.00, 0.00, 2.25, 0, 0 
4, 72991, 658313893, 0.00, 100.00, 0.00, 2.25, 0, 0 
5, 72991, 658346992, 0.00, 100.00, 0.00, 2.25, 0, 0 
6, 72991, 658379693, 0.00, 100.00, 0.00, 2.25, 0, 0 
7, 72991, 658412712, 0.00, 100.00, 0.00, 2.25, 0, 0 
8, 72991, 658445448, 0.00, 100.00, 0.00, 2.25, 0, 0 
9, 72991, 658478427, 0.00, 100.00, 0.00, 2.25, 0, 0 
0, 72991, 658532789, 0.00, 100.00, 0.00, 2.25, 0, 0 
1, 72991, 658579961, 0.00, 100.00, 0.00, 2.25, 0, 0 
2, 72991, 658610787, 0.00, 100.00, 0.00, 2.25, 0, 0 
3, 72991, 658643781, 0.00, 100.00, 0.00, 2.25, 0, 0 
4, 72991, 658676741, 0.00, 100.00, 0.00, 2.25, 0, 0 
5, 72991, 658709191, 0.00, 100.00, 0.00, 2.25, 0, 0 
6, 72991, 658742100, 0.00, 100.00, 0.00, 2.25, 0, 0 
7, 72991, 658774948, 0.00, 100.00, 0.00, 2.25, 0, 0 
8, 72991, 658807647, 0.00, 100.00, 0.00, 2.25, 0, 0 
9, 72991, 658840520, 0.00, 100.00, 0.00, 2.25, 0, 0 
0, 72991, 658894850, 0.00, 100.00, 0.00, 2.25, 0, 0 
1, 72991, 658942253, 0.00, 100.00, 0.00, 2.25, 0, 0 
2, 72991, 658972715, 0.00, 100.00, 0.00, 2.25, 0, 0 
3, 72991, 659006016, 0.00, 100.00, 0.00, 2.25, 0, 0 
4, 72991, 659038853, 0.00, 100.00, 0.00, 2.25, 0, 0 
5, 72991, 659071527, 0.00, 100.00, 0.00, 2.25, 0, 0 
6, 72991, 659104251, 0.00, 100.00, 0.00, 2.25, 0, 0 
7, 72991, 659137244, 0.00, 100.00, 0.00, 2.25, 0, 0 
8, 72991, 659170023, 0.00, 100.00, 0.00, 2.25, 0, 0 
9, 72991, 659203115, 0.00, 100.00, 0.00, 2.25, 0, 0 
0, 72991, 659257683, 0.00, 100.00, 0.00, 2.25, 0, 0 
1, 72991, 659305572, 0.00, 100.00, 0.00, 2.25, 0, 0 
2, 72991, 659336411, 0.00, 100.00, 0.00, 2.25, 0, 0 
3, 72991, 659369742, 0.00, 100.00, 0.00, 2.25, 0, 0 
4, 72991, 659402457, 0.00, 100.00, 0.00, 2.25, 0, 0 
5, 72991, 659435488, 0.00, 100.00, 0.00, 2.25, 0, 0 
6, 72991, 659468370, 0.00, 100.00, 0.00, 2.25, 0, 0 
7, 72991, 659501022, 0.00, 100.00, 0.00, 2.25, 0, 0 
8, 72991, 659533986, 0.00, 100.00, 0.00, 2.25, 0, 0 
9, 72991, 659566458, 0.00, 100.00, 0.00, 2.25, 0, 0 
0, 72991, 659620819, 0.00, 100.00, 0.00, 2.25, 0, 0 
1, 72991, 659668176, 0.00, 100.00, 0.00, 2.25, 0, 0 
2, 72991, 659699401, 0.00, 100.00, 0.00, 2.25, 0, 0 
3, 72991, 659732678, 0.00, 100.00, 0.00, 2.25, 0, 0 
4, 72991, 659763214, 0.00, 100.00, 0.00, 2.25, 0, 0 
5, 72991, 659793323, 0.00, 100.00, 0.00, 2.25, 0, 0 
6, 72991, 659826647, 0.00, 100.00, 0.00, 2.25, 0, 0 
7, 72991, 659859777, 0.00, 100.00, 0.00, 2.25, 0, 0 
8, 72991, 659892873, 0.00, 100.00, 0.00, 2.25, 0, 0 
9, 72991, 659925683, 0.00, 100.00, 0.00, 2.25, 0, 0 
0, 72991, 659980448, 0.00, 100.00, 0.00, 2.25, 0, 0 
1, 72991, 660038339, 0.00, 100.00, 0.00, 2.25, 0, 0 
2, 72991, 660071345, 0.00, 100.00, 0.00, 2.25, 0, 0 
3, 72991, 660104361, 0.00, 100.00, 0.00, 2.25, 0, 0 
4, 72991, 660137407, 0.00, 100.00, 0.00, 2.25, 0, 0 
5, 72991, 660170725, 0.00, 100.00, 0.00, 2.25, 0, 0 
6, 72991, 660203437, 0.00, 100.00, 0.00, 2.25, 0, 0 
7, 72991, 660236229, 0.00, 100.00, 0.00, 2.25, 0, 0 
8, 72991, 660268958, 0.00, 100.00, 0.00, 2.25, 0, 0 
9, 72991, 660301868, 0.00, 100.00, 0.00, 2.25, 0, 0 
0, 72991, 660356115, 0.00, 100.00, 0.00, 2.25, 0, 0 
1, 72991, 660404078, 0.00, 100.00, 0.00, 2.25, 0, 0 
2, 72991, 660434986, 0.00, 100.00, 0.00, 2.25, 0, 0 
3, 72991, 660468134, 0.00, 100.00, 0.00, 2.25, 0, 0 
4, 72991, 660501130, 0.00, 100.00, 0.00, 2.25, 0, 0 
5, 72991, 660534076, 0.00, 100.00, 0.00, 2.25, 0, 0 
6, 72991, 660567085, 0.00, 100.00, 0.00, 2.25, 0, 0 
7, 72991, 660599973, 0.00, 100.00, 0.00, 2.25, 0, 0 
8, 72991, 660632925, 0.00, 100.00, 0.00, 2.25, 0, 0 
9, 72991, 660665841, 0.00, 100.00, 0.00, 2.25, 0, 0 
0, 72991, 660720037, 0.00, 100.00, 0.00, 2.25, 0, 0 
1, 72991, 660767342, 0.00, 100.00, 0.00, 2.25, 0, 0 
2, 72991, 660798323, 0.00, 100.00, 0.00, 2.25, 0, 0 
3, 72991, 660831558, 0.00, 100.00, 0.00, 2.25, 0, 0 
4, 72991, 660864234, 0.00, 100.00, 0.00, 2.25, 0, 0 
5, 72991, 660897252, 0.00, 100.00, 0.00, 2.25, 0, 0 
6, 72991, 660930491, 0.00, 100.00, 0.00, 2.25, 0, 0 
7, 72991, 660963277, 0.00, 100.00, 0.00, 2.25, 0, 0 
8, 72991, 660996097, 0.00, 100.00, 0.00, 2.25, 0, 0 
9, 72991, 661028925, 0.00, 100.00, 0.00, 2.25, 0, 0 
0, 72991, 661083407, 0.00, 100.00, 0.00, 2.25, 0, 0 
1, 72991, 661131180, 0.00, 100.00, 0.00, 2.25, 0, 0 
2, 72991, 661162145, 0.00, 100.00, 0.00, 2.25, 0, 0 
3, 72991, 661195551, 0.00, 100.00, 0.00, 2.25, 0, 0 
4, 72991, 661228318, 0.00, 100.00, 0.00, 2.25, 0, 0 
5, 72991, 661261049, 0.00, 100.00, 0.00, 2.25, 0, 0 
6, 72991, 661294002, 0.00, 100.00, 0.00, 2.25, 0, 0 
7, 72991, 661326992, 0.00, 100.00, 0.00, 2.25, 0, 0 
8, 72991, 661359991, 0.00, 100.00, 0.00, 2.25, 0, 0 
9, 72991, 661392758, 0.00, 100.00, 0.00, 2.25, 0, 0 
0, 72991, 661447290, 0.00, 100.00, 0.00, 2.25, 0, 0 
1, 72991, 661494924, 0.00, 100.00, 0.00, 2.25, 0, 0 
2, 72991, 661525822, 0.00, 100.00, 0.00, 2.25, 0, 0 
3, 72991, 661559222, 0.00, 100.00, 0.00, 2.25, 0, 0 
4, 72991, 661591981, 0.00, 100.00, 0.00, 2.25, 0, 0 
5, 72991, 661624880, 0.00, 100.00, 0.00, 2.25, 0, 0 
6, 72991, 661657402, 0.00, 100.00, 0.00, 2.25, 0, 0 
7, 72991, 661690139, 0.00, 100.00, 0.00, 2.25, 0, 0 
8, 72991, 661723489, 0.00, 100.00, 0.00, 2.25, 0, 0 
9, 72991, 661756341, 0.00, 100.00, 0.00, 2.25, 0, 0 
0, 72991, 661810994, 0.00, 100.00, 0.00, 2.25, 0, 0 
1, 72991, 661858737, 0.00, 100.00, 0.00, 2.25, 0, 0 
2, 72991, 661889756, 0.00, 100.00, 0.00, 2.25, 0, 0 
3, 72991, 661922760, 0.00, 100.00, 0.00, 2.25, 0, 0 
4, 72991, 661955886, 0.00, 100.00, 0.00, 2.25, 0, 0 
5, 72991, 661988884, 0.00, 100.00, 0.00, 2.25, 0, 0 
6, 72991, 662021827, 0.00, 100.00, 0.00, 2.25, 0, 0 
7, 72991, 662054412, 0.00, 100.00, 0.00, 2.25, 0, 0 
8, 72991, 662087619, 0.00, 100.00, 0.00, 2.25, 0, 0 
9, 72991, 662120367, 0.00, 100.00, 0.00, 2.25, 0, 0 
0, 72991, 662174506, 0.00, 100.00, 0.00, 2.25, 0, 0 
1, 72991, 662222111, 0.00, 100.00, 0.00, 2.25, 0, 0 
2, 72991, 662253185, 0.00, 100.00, 0.00, 2.25, 0, 0 
3, 72991, 662286126, 0.00, 100.00, 0.00, 2.25, 0, 0 
4, 72991, 662318464, 0.00, 100.00, 0.00, 2.25, 0, 0 
5, 72991, 662348742, 0.00, 100.00, 0.00, 2.25, 0, 0 
6, 72991, 662381077, 0.00, 100.00, 0.00, 2.25, 0, 0 
7, 72991, 662409777, 0.00, 100.00, 0.00, 2.25, 0, 0 
8, 72991, 662439658, 0.00, 100.00, 0.00, 2.25, 0, 0 
9, 72991, 662470502, 0.00, 100.00, 0.00, 2.25, 0, 0 
0, 72991, 662522134, 0.00, 100.00, 0.00, 2.25, 0, 0 
1, 72991, 662568970, 0.00, 100.00, 0.00, 2.25, 0, 0 
2, 72991, 662602059, 0.00, 100.00, 0.00, 2.25, 0, 0 
3, 72991, 662632458, 0.00, 100.00, 0.00, 2.25, 0, 0 
4, 72991, 662661754, 0.00, 100.00, 0.00, 2.25, 0, 0 
5, 72991, 662691956, 0.00, 100.00, 0.00, 2.25, 0, 0 
6, 72991, 662723310, 0.00, 100.00, 0.00, 2.25, 0, 0 
7, 72991, 662756045, 0.00, 100.00, 0.00, 2.25, 0, 0 
8, 72991, 662789674, 0.00, 100.00, 0.00, 2.25, 0, 0 
9, 72991, 662821534, 0.00, 100.00, 0.00, 2.25, 0, 0 
0, 72991, 662876319, 0.00, 100.00, 0.00, 2.25, 0, 0 
1, 72991, 662927912, 0.00, 100.00, 0.00, 2.25, 0, 0 
2, 72991, 662962345, 0.00, 100.00, 0.00, 2.25, 0, 0 
3, 72991, 662996143, 0.00, 100.00, 0.00, 2.25, 0, 0 
4, 72991, 663030745, 0.00, 100.00, 0.00, 2.25, 0, 0 
5, 72991, 663063809, 0.00, 100.00, 0.00, 2.25, 0, 0 
6, 72991, 663096044, 0.00, 100.00, 0.00, 2.25, 0, 0 
7, 72991, 663142229, 0.00, 100.00, 0.00, 2.25, 0, 0 
8, 72991, 663170788, 0.00, 100.00, 0.00, 2.25, 0, 0 
9, 72991, 663197657, 0.00, 100.00, 0.00, 2.25, 0, 0 
0, 72991, 663252642, 0.00, 100.00, 0.00, 2.25, 0, 0 
1, 72991, 663296011, 0.00, 100.00, 0.00, 2.25, 0, 0 
2, 72991, 663321732, 0.00, 100.00, 0.00, 2.25, 0, 0 
3, 72991, 663349496, 0.00, 100.00, 0.00, 2.25, 0, 0 
4, 72991, 663377178, 0.00, 100.00, 0.00, 2.25, 0, 0 
5, 72991, 663401007, 0.00, 100.00, 0.00, 2.25, 0, 0 
6, 72991, 663423928, 0.00, 100.00, 0.00, 2.25, 0, 0 
7, 72991, 663447295, 0.00, 100.00, 0.00, 2.25, 0, 0 
8, 72991, 663470167, 0.00, 100.00, 0.00, 2.25, 0, 0 
9, 72991, 663493071, 0.00, 100.00, 0.00, 2.25, 0, 0 
0, 72991, 663536028, 0.00, 100.00, 0.00, 2.25, 0, 0 
1, 72991, 663586560, 0.00, 100.00, 0.00, 2.25, 0, 0 
2, 72991, 663618858, 0.00, 100.00, 0.00, 2.25, 0, 0 
3, 72991, 663646123, 0.00, 100.00, 0.00, 2.25, 0, 0 
4, 72991, 663672387, 0.00, 100.00, 0.00, 2.25, 0, 0 
5, 72991, 663697681, 0.00, 100.00, 0.00, 2.25, 0, 0 
6, 72991, 663719932, 0.00, 100.00, 0.00, 2.25, 0, 0 
7, 72991, 663743610, 0.00, 100.00, 0.00, 2.25, 0, 0 
8, 72991, 663765728, 0.00, 100.00, 0.00, 2.25, 0, 0 
9, 72991, 663787542, 0.00, 100.00, 0.00, 2.25, 0, 0 
0, 72991, 663825941, 0.00, 100.00, 0.00, 2.25, 0, 0 
1, 72991, 663854059, 0.00, 100.00, 0.00, 2.25, 0, 0 
2, 72991, 663867137, 0.00, 100.00, 0.00, 2.25, 0, 0 
3, 72991, 663889515, 0.00, 100.00, 0.00, 2.25, 0, 0 
4, 72991, 663920320, 0.00, 100.00, 0.00, 2.25, 0, 0 
5, 72991, 663952485, 0.00, 100.00, 0.00, 2.25, 0, 0 
6, 72991, 663978023, 0.00, 100.00, 0.00, 2.25, 0, 0 
7, 72991, 663999780, 0.00, 100.00, 0.00, 2.25, 0, 0 
8, 72991, 664030180, 0.00, 100.00, 0.00, 2.25, 0, 0 
9, 72991, 664051454, 0.00, 100.00, 0.00, 2.25, 0, 0 
0, 72991, 664088942, 0.00, 100.00, 0.00, 2.25, 0, 0 
1, 72991, 664118617, 0.00, 100.00, 0.00, 2.25, 0, 0 
2, 72991, 664137038, 0.00, 100.00, 0.00, 2.25, 0, 0 
3, 72991, 664159065, 0.00, 100.00, 0.00, 2.25, 0, 0 
4, 72991, 664182214, 0.00, 100.00, 0.00, 2.25, 0, 0 
5, 72991, 664203287, 0.00, 100.00, 0.00, 2.25, 0, 0 
6, 72991, 664224589, 0.00, 100.00, 0.00, 2.25, 0, 0 
7, 72991, 664245926, 0.00, 100.00, 0.00, 2.25, 0, 0 
8, 72991, 664267377, 0.00, 100.00, 0.00, 2.25, 0, 0 
9, 72991, 664288507, 0.00, 100.00, 0.00, 2.25, 0, 0 
0, 72991, 664325879, 0.00, 100.00, 0.00, 2.25, 0, 0 
1, 72991, 664352778, 0.00, 100.00, 0.00, 2.25, 0, 0 
2, 72991, 664375633, 0.00, 100.00, 0.00, 2.25, 0, 0 
3, 72991, 664401211, 0.00, 100.00, 0.00, 2.25, 0, 0 
4, 72991, 664422953, 0.00, 100.00, 0.00, 2.25, 0, 0 
5, 72991, 664444220, 0.00, 100.00, 0.00, 2.25, 0, 0 
6, 72991, 664465562, 0.00, 100.00, 0.00, 2.25, 0, 0 
7, 72991, 664486778, 0.00, 100.00, 0.00, 2.25, 0, 0 
8, 72991, 664507996, 0.00, 100.00, 0.00, 2.25, 0, 0 
9, 72991, 664529282, 0.00, 100.00, 0.00, 2.25, 0, 0 
0, 72991, 664566733, 0.00, 100.00, 0.00, 2.25, 0, 0 
1, 72991, 664595060, 0.00, 100.00, 0.00, 2.25, 0, 0 
2, 72991, 664618237, 0.00, 100.00, 0.00, 2.25, 0, 0 
3, 72991, 664643542, 0.00, 100.00, 0.00, 2.25, 0, 0 
4, 72991, 664664938, 0.00, 100.00, 0.00, 2.25, 0, 0 
5, 72991, 664686050, 0.00, 100.00, 0.00, 2.25, 0, 0 
6, 72991, 664707322, 0.00, 100.00, 0.00, 2.25, 0, 0 
7, 72991, 664728627, 0.00, 100.00, 0.00, 2.25, 0, 0 
8, 72991, 664750779, 0.00, 100.00, 0.00, 2.25, 0, 0 
9, 72991, 664776824, 0.00, 100.00, 0.00, 2.25, 0, 0 
0, 72991, 664822921, 0.00, 100.00, 0.00, 2.25, 0, 0 
1, 72991, 664855137, 0.00, 100.00, 0.00, 2.25, 0, 0 
2, 72991, 664877012, 0.00, 100.00, 0.00, 2.25, 0, 0 
3, 72991, 664903781, 0.00, 100.00, 0.00, 2.25, 0, 0 
4, 72991, 664925238, 0.00, 100.00, 0.00, 2.25, 0, 0 
5, 72991, 664946383, 0.00, 100.00, 0.00, 2.25, 0, 0 
6, 72991, 664967725, 0.00, 100.00, 0.00, 2.25, 0, 0 
7, 72991, 664988935, 0.00, 100.00, 0.00, 2.25, 0, 0 
8, 72991, 665010022, 0.00, 100.00, 0.00, 2.25, 0, 0 
9, 72991, 665033541, 0.00, 100.00, 0.00, 2.25, 0, 0 
0, 72991, 665071589, 0.00, 100.00, 0.00, 2.25, 0, 0 
1, 72991, 665098439, 0.00, 100.00, 0.00, 2.25, 0, 0 
2, 72991, 665121180, 0.00, 100.00, 0.00, 2.25, 0, 0 
3, 72991, 665147672, 0.00, 100.00, 0.00, 2.25, 0, 0 
4, 72991, 665169031, 0.00, 100.00, 0.00, 2.25, 0, 0 
5, 72991, 665190185, 0.00, 100.00, 0.00, 2.25, 0, 0 
6, 72991, 665211201, 0.00, 100.00, 0.00, 2.25, 0, 0 
7, 72991, 665232400, 0.00, 100.00, 0.00, 2.25, 0, 0 
8, 72991, 665253564, 0.00, 100.00, 0.00, 2.25, 0, 0 
9, 72991, 665274660, 0.00, 100.00, 0.00, 2.25, 0, 0 
0, 72991, 665312022, 0.00, 100.00, 0.00, 2.25, 0, 0 
1, 72991, 665347192, 0.00, 100.00, 0.00, 2.25, 0, 0 
2, 72991, 665362007, 0.00, 100.00, 0.00, 2.25, 0, 0 
3, 72991, 665385484, 0.00, 100.00, 0.00, 2.25, 0, 0 
4, 72991, 665410866, 0.00, 100.00, 0.00, 2.25, 0, 0 
5, 72991, 665432112, 0.00, 100.00, 0.00, 2.25, 0, 0 
6, 72991, 665453328, 0.00, 100.00, 0.00, 2.25, 0, 0 
7, 72991, 665474601, 0.00, 100.00, 0.00, 2.25, 0, 0 
8, 72991, 665495782, 0.00, 100.00, 0.00, 2.25, 0, 0 
9, 72991, 665516923, 0.00, 100.00, 0.00, 2.25, 0, 0 
0, 72991, 665554838, 0.00, 100.00, 0.00, 2.25, 0, 0 
1, 72991, 665583315, 0.00, 100.00, 0.00, 2.25, 0, 0 
2, 72991, 665605870, 0.00, 100.00, 0.00, 2.25, 0, 0 
3, 72991, 665637344, 0.00, 100.00, 0.00, 2.25, 0, 0 
4, 72991, 665663108, 0.00, 100.00, 0.00, 2.25, 0, 0 
5, 72991, 665685024, 0.00, 100.00, 0.00, 2.25, 0, 0 
6, 72991, 665706716, 0.00, 100.00, 0.00, 2.25, 0, 0 
7, 72991, 665728490, 0.00, 100.00, 0.00, 2.25, 0, 0 
8, 72991, 665750012, 0.00, 100.00, 0.00, 2.25, 0, 0 
9, 72991, 665771714, 0.00, 100.00, 0.00, 2.25, 0, 0 
0, 72991, 665808975, 0.00, 100.00, 0.00, 2.25, 0, 0 
1, 72991, 665835873, 0.00, 100.00, 0.00, 2.25, 0, 0 
2, 72991, 665859224, 0.00, 100.00, 0.00, 2.25, 0, 0 
3, 72991, 665883885, 0.00, 100.00, 0.00, 2.25, 0, 0 
4, 72991, 665905514, 0.00, 100.00, 0.00, 2.25, 0, 0 
5, 72991, 665926957, 0.00, 100.00, 0.00, 2.25, 0, 0 
6, 72991, 665948490, 0.00, 100.00, 0.00, 2.25, 0, 0 
7, 72991, 665970151, 0.00, 100.00, 0.00, 2.25, 0, 0 
8, 72991, 665991897, 0.00, 100.00, 0.00, 2.25, 0, 0 
9, 72991, 666013597, 0.00, 100.00, 0.00, 2.25, 0, 0 
0, 72991, 666050899, 0.00, 100.00, 0.00, 2.25, 0, 0 
1, 72991, 666077505, 0.00, 100.00, 0.00, 2.25, 0, 0 
2, 72991, 666101493, 0.00, 100.00, 0.00, 2.25, 0, 0 
3, 72991, 666126138, 0.00, 100.00, 0.00, 2.25, 0, 0 
4, 72991, 666148137, 0.00, 100.00, 0.00, 2.25, 0, 0 
5, 72991, 666169734, 0.00, 100.00, 0.00, 2.25, 0, 0 
6, 72991, 666191380, 0.00, 100.00, 0.00, 2.25, 0, 0 
7, 72991, 666212863, 0.00, 100.00, 0.00, 2.25, 0, 0 
8, 72991, 666234210, 0.00, 100.00, 0.00, 2.25, 0, 0 
9, 72991, 666255812, 0.00, 100.00, 0.00, 2.25, 0, 0 
0, 72991, 666292791, 0.00, 100.00, 0.00, 2.25, 0, 0 
1, 72991, 666319484, 0.00, 100.00, 0.00, 2.25, 0, 0 
2, 72991, 666342931, 0.00, 100.00, 0.00, 2.25, 0, 0 
3, 72991, 666367944, 0.00, 100.00, 0.00, 2.25, 0, 0 
4, 72991, 666389690, 0.00, 100.00, 0.00, 2.25, 0, 0 
5, 72991, 666411413, 0.00, 100.00, 0.00, 2.25, 0, 0 
6, 72991, 666432873, 0.00, 100.00, 0.00, 2.25, 0, 0 
7, 72991, 666454413, 0.00, 100.00, 0.00, 2.25, 0, 0 
8, 72991, 666476154, 0.00, 100.00, 0.00, 2.25, 0, 0 
9, 72991, 666497818, 0.00, 100.00, 0.00, 2.25, 0, 0 
0, 72991, 666535149, 0.00, 100.00, 0.00, 2.25, 0, 0 
1, 72991, 666561501, 0.00, 100.00, 0.00, 2.25, 0, 0 
2, 72991, 666584962, 0.00, 100.00, 0.00, 2.25, 0, 0 
3, 72991, 666609665, 0.00, 100.00, 0.00, 2.25, 0, 0 
4, 72991, 666631416, 0.00, 100.00, 0.00, 2.25, 0, 0 
5, 72991, 666653165, 0.00, 100.00, 0.00, 2.25, 0, 0 
6, 72991, 666677794, 0.00, 100.00, 0.00, 2.25, 0, 0 
7, 72991, 666703599, 0.00, 100.00, 0.00, 2.25, 0, 0 
8, 72991, 666730839, 0.00, 100.00, 0.00, 2.25, 0, 0 
9, 72991, 666752730, 0.00, 100.00, 0.00, 2.25, 0, 0 
0, 72991, 666790170, 0.00, 100.00, 0.00, 2.25, 0, 0 
1, 72991, 666823991, 0.00, 100.00, 0.00, 2.25, 0, 0 
2, 72991, 666847339, 0.00, 100.00, 0.00, 2.25, 0, 0 
3, 72991, 666873011, 0.00, 100.00, 0.00, 2.25, 0, 0 
4, 72991, 666894803, 0.00, 100.00, 0.00, 2.25, 0, 0 
5, 72991, 666916605, 0.00, 100.00, 0.00, 2.25, 0, 0 
6, 72991, 666938154, 0.00, 100.00, 0.00, 2.25, 0, 0 
7, 72991, 666959907, 0.00, 100.00, 0.00, 2.25, 0, 0 
8, 72991, 666981542, 0.00, 100.00, 0.00, 2.25, 0, 0 
9, 72991, 667003283, 0.00, 100.00, 0.00, 2.25, 0, 0 
0, 72991, 667040359, 0.00, 100.00, 0.00, 2.25, 0, 0 
1, 72991, 667067081, 0.00, 100.00, 0.00, 2.25, 0, 0 
2, 72991, 667090952, 0.00, 100.00, 0.00, 2.25, 0, 0 
3, 72991, 667115411, 0.00, 100.00, 0.00, 2.25, 0, 0 
4, 72991, 667137160, 0.00, 100.00, 0.00, 2.25, 0, 0 
5, 72991, 667158897, 0.00, 100.00, 0.00, 2.25, 0, 0 
6, 72991, 667180491, 0.00, 100.00, 0.00, 2.25, 0, 0 
7, 72991, 667202188, 0.00, 100.00, 0.00, 2.25, 0, 0 
8, 72991, 667223824, 0.00, 100.00, 0.00, 2.25, 0, 0 
9, 72991, 667245409, 0.00, 100.00, 0.00, 2.25, 0, 0 
0, 72991, 667282381, 0.00, 100.00, 0.00, 2.25, 0, 0 
1, 72991, 667309018, 0.00, 100.00, 0.00, 2.25, 0, 0 
2, 72991, 667333251, 0.00, 100.00, 0.00, 2.25, 0, 0 
3, 72991, 667357485, 0.00, 100.00, 0.00, 2.25, 0, 0 
4, 72991, 667379334, 0.00, 100.00, 0.00, 2.25, 0, 0 
5, 72991, 667400923, 0.00, 100.00, 0.00, 2.25, 0, 0 
6, 72991, 667422692, 0.00, 100.00, 0.00, 2.25, 0, 0 
7, 72991, 667444356, 0.00, 100.00, 0.00, 2.25, 0, 0 
8, 72991, 667465878, 0.00, 100.00, 0.00, 2.25, 0, 0 
9, 72991, 667489484, 0.00, 100.00, 0.00, 2.25, 0, 0 
0, 72991, 667533118, 0.00, 100.00, 0.00, 2.25, 0, 0 
1, 72991, 667564531, 0.00, 100.00, 0.00, 2.25, 0, 0 
2, 72991, 667588185, 0.00, 100.00, 0.00, 2.25, 0, 0 
3, 72991, 667613564, 0.00, 100.00, 0.00, 2.25, 0, 0 
4, 72991, 667635249, 0.00, 100.00, 0.00, 2.25, 0, 0 
5, 72991, 667657049, 0.00, 100.00, 0.00, 2.25, 0, 0 
6, 72991, 667678773, 0.00, 100.00, 0.00, 2.25, 0, 0 
7, 72991, 667700468, 0.00, 100.00, 0.00, 2.25, 0, 0 
8, 72991, 667722123, 0.00, 100.00, 0.00, 2.25, 0, 0 
9, 72991, 667743742, 0.00, 100.00, 0.00, 2.25, 0, 0 
0, 72991, 667781387, 0.00, 100.00, 0.00, 2.25, 0, 0 
1, 72991, 667809474, 0.00, 100.00, 0.00, 2.25, 0, 0 
2, 72991, 667832379, 0.00, 100.00, 0.00, 2.25, 0, 0 
3, 72991, 667858223, 0.00, 100.00, 0.00, 2.25, 0, 0 
4, 72991, 667879893, 0.00, 100.00, 0.00, 2.25, 0, 0 
5, 72991, 667901446, 0.00, 100.00, 0.00, 2.25, 0, 0 
6, 72991, 667922925, 0.00, 100.00, 0.00, 2.25, 0, 0 
7, 72991, 667944350, 0.00, 100.00, 0.00, 2.25, 0, 0 
8, 72991, 667966076, 0.00, 100.00, 0.00, 2.25, 0, 0 
9, 72991, 667987483, 0.00, 100.00, 0.00, 2.25, 0, 0 
0, 72991, 668035253, 0.00, 100.00, 0.00, 2.25, 0, 0 
1, 72991, 668076695, 0.00, 100.00, 0.00, 2.25, 0, 0 
2, 72991, 668100957, 0.00, 100.00, 0.00, 2.25, 0, 0 
3, 72991, 668130095, 0.00, 100.00, 0.00, 2.25, 0, 0 
4, 72991, 668165192, 0.00, 100.00, 0.00, 2.25, 0, 0 
5, 72991, 668184071, 0.00, 100.00, 0.00, 2.25, 0, 0 
6, 72991, 668202716, 0.00, 100.00, 0.00, 2.25, 0, 0 
7, 72991, 668221305, 0.00, 100.00, 0.00, 2.25, 0, 0 
8, 72991, 668240056, 0.00, 100.00, 0.00, 2.25, 0, 0 
9, 72991, 668258755, 0.00, 100.00, 0.00, 2.25, 0, 0 
0, 72991, 668292929, 0.00, 100.00, 0.00, 2.25, 0, 0 
1, 72991, 668323621, 0.00, 100.00, 0.00, 2.25, 0, 0 
2, 72991, 668336347, 0.00, 100.00, 0.00, 2.25, 0, 0 
3, 72991, 668356394, 0.00, 100.00, 0.00, 2.25, 0, 0 
4, 72991, 668375927, 0.00, 100.00, 0.00, 2.25, 0, 0 
5, 72991, 668394335, 0.00, 100.00, 0.00, 2.25, 0, 0 
6, 72991, 668413054, 0.00, 100.00, 0.00, 2.25, 0, 0 
7, 72991, 668431933, 0.00, 100.00, 0.00, 2.25, 0, 0 
8, 72991, 668450803, 0.00, 100.00, 0.00, 2.25, 0, 0 
9, 72991, 668469390, 0.00, 100.00, 0.00, 2.25, 0, 0 
0, 72991, 668501683, 0.00, 100.00, 0.00, 2.25, 0, 0 
1, 72991, 668524876, 0.00, 100.00, 0.00, 2.25, 0, 0 
2, 72991, 668545374, 0.00, 100.00, 0.00, 2.25, 0, 0 
3, 72991, 668568644, 0.00, 100.00, 0.00, 2.25, 0, 0 
4, 72991, 668591362, 0.00, 100.00, 0.00, 2.25, 0, 0 
5, 72991, 668613906, 0.00, 100.00, 0.00, 2.25, 0, 0 
6, 72991, 668637985, 0.00, 100.00, 0.00, 2.25, 0, 0 
7, 72991, 668656922, 0.00, 100.00, 0.00, 2.25, 0, 0 
8, 72991, 668675788, 0.00, 100.00, 0.00, 2.25, 0, 0 
9, 72991, 668694502, 0.00, 100.00, 0.00, 2.25, 0, 0 
0, 72991, 668730806, 0.00, 100.00, 0.00, 2.25, 0, 0 
1, 72991, 668765530, 0.00, 100.00, 0.00, 2.25, 0, 0 
2, 72991, 668791180, 0.00, 100.00, 0.00, 2.25, 0, 0 
3, 72991, 668816075, 0.00, 100.00, 0.00, 2.25, 0, 0 
4, 72991, 668841859, 0.00, 100.00, 0.00, 2.25, 0, 0 
5, 72991, 668862798, 0.00, 100.00, 0.00, 2.25, 0, 0 
6, 72991, 668881502, 0.00, 100.00, 0.00, 2.25, 0, 0 
7, 72991, 668900279, 0.00, 100.00, 0.00, 2.25, 0, 0 
8, 72991, 668919016, 0.00, 100.00, 0.00, 2.25, 0, 0 
9, 72991, 668937852, 0.00, 100.00, 0.00, 2.25, 0, 0 
0, 72991, 668970995, 0.00, 100.00, 0.00, 2.25, 0, 0 
1, 72991, 668995994, 0.00, 100.00, 0.00, 2.25, 0, 0 
2, 72991, 669016150, 0.00, 100.00, 0.00, 2.25, 0, 0 
3, 72991, 669040600, 0.00, 100.00, 0.00, 2.25, 0, 0 
4, 72991, 669059766, 0.00, 100.00, 0.00, 2.25, 0, 0 
5, 72991, 669078495, 0.00, 100.00, 0.00, 2.25, 0, 0 
6, 72991, 669097117, 0.00, 100.00, 0.00, 2.25, 0, 0 
7, 72991, 669115745, 0.00, 100.00, 0.00, 2.25, 0, 0 
8, 72991, 669134408, 0.00, 100.00, 0.00, 2.25, 0, 0 
9, 72991, 669153025, 0.00, 100.00, 0.00, 2.25, 0, 0 
0, 72991, 669186391, 0.00, 100.00, 0.00, 2.25, 0, 0 
1, 72991, 669210432, 0.00, 100.00, 0.00, 2.25, 0, 0 
2, 72991, 669230561, 0.00, 100.00, 0.00, 2.25, 0, 0 
3, 72991, 669252791, 0.00, 100.00, 0.00, 2.25, 0, 0 
4, 72991, 669271438, 0.00, 100.00, 0.00, 2.25, 0, 0 
5, 72991, 669290115, 0.00, 100.00, 0.00, 2.25, 0, 0 
6, 72991, 669308881, 0.00, 100.00, 0.00, 2.25, 0, 0 
7, 72991, 669327821, 0.00, 100.00, 0.00, 2.25, 0, 0 
8, 72991, 669346438, 0.00, 100.00, 0.00, 2.25, 0, 0 
9, 72991, 669365047, 0.00, 100.00, 0.00, 2.25, 0, 0 
0, 72991, 669397367, 0.00, 100.00, 0.00, 2.25, 0, 0 
1, 72991, 669420579, 0.00, 100.00, 0.00, 2.25, 0, 0 
2, 72991, 669440811, 0.00, 100.00, 0.00, 2.25, 0, 0 
3, 72991, 669463357, 0.00, 100.00, 0.00, 2.25, 0, 0 
4, 72991, 669482356, 0.00, 100.00, 0.00, 2.25, 0, 0 
5, 72991, 669501029, 0.00, 100.00, 0.00, 2.25, 0, 0 
6, 72991, 669519766, 0.00, 100.00, 0.00, 2.25, 0, 0 
7, 72991, 669538405, 0.00, 100.00, 0.00, 2.25, 0, 0 
8, 72991, 669556974, 0.00, 100.00, 0.00, 2.25, 0, 0 
9, 72991, 669575712, 0.00, 100.00, 0.00, 2.25, 0, 0 
0, 72991, 669607707, 0.00, 100.00, 0.00, 2.25, 0, 0 
1, 72991, 669631690, 0.00, 100.00, 0.00, 2.25, 0, 0 
2, 72991, 669651581, 0.00, 100.00, 0.00, 2.25, 0, 0 
3, 72991, 669673984, 0.00, 100.00, 0.00, 2.25, 0, 0 
4, 72991, 669692695, 0.00, 100.00, 0.00, 2.25, 0, 0 
5, 72991, 669711326, 0.00, 100.00, 0.00, 2.25, 0, 0 
6, 72991, 669729863, 0.00, 100.00, 0.00, 2.25, 0, 0 
7, 72991, 669748643, 0.00, 100.00, 0.00, 2.25, 0, 0 
8, 72991, 669767485, 0.00, 100.00, 0.00, 2.25, 0, 0 
9, 72991, 669786033, 0.00, 100.00, 0.00, 2.25, 0, 0 
0, 72991, 669818573, 0.00, 100.00, 0.00, 2.25, 0, 0 
1, 72991, 669842495, 0.00, 100.00, 0.00, 2.25, 0, 0 
2, 72991, 669862907, 0.00, 100.00, 0.00, 2.25, 0, 0 
3, 72991, 669885524, 0.00, 100.00, 0.00, 2.25, 0, 0 
4, 72991, 669904274, 0.00, 100.00, 0.00, 2.25, 0, 0 
5, 72991, 669922947, 0.00, 100.00, 0.00, 2.25, 0, 0 
6, 72991, 669941804, 0.00, 100.00, 0.00, 2.25, 0, 0 
7, 72991, 669960509, 0.00, 100.00, 0.00, 2.25, 0, 0 
8, 72991, 669979067, 0.00, 100.00, 0.00, 2.25, 0, 0 
9, 72991, 669997782, 0.00, 100.00, 0.00, 2.25, 0, 0 
0, 72991, 670030798, 0.00, 100.00, 0.00, 2.25, 0, 0 
1, 72991, 670054288, 0.00, 100.00, 0.00, 2.25, 0, 0 
2, 72991, 670074327, 0.00, 100.00, 0.00, 2.25, 0, 0 
3, 72991, 670096257, 0.00, 100.00, 0.00, 2.25, 0, 0 
4, 72991, 670115169, 0.00, 100.00, 0.00, 2.25, 0, 0 
5, 72991, 670133784, 0.00, 100.00, 0.00, 2.25, 0, 0 
6, 72991, 670152498, 0.00, 100.00, 0.00, 2.25, 0, 0 
7, 72991, 670171176, 0.00, 100.00, 0.00, 2.25, 0, 0 
8, 72991, 670189809, 0.00, 100.00, 0.00, 2.25, 0, 0 
9, 72991, 670208445, 0.00, 100.00, 0.00, 2.25, 0, 0 
0, 72991, 670245200, 0.00, 100.00, 0.00, 2.25, 0, 0 
1, 72991, 670281231, 0.00, 100.00, 0.00, 2.25, 0, 0 
2, 72991, 670302429, 0.00, 100.00, 0.00, 2.25, 0, 0 
3, 72991, 670327600, 0.00, 100.00, 0.00, 2.25, 0, 0 
4, 72991, 670346961, 0.00, 100.00, 0.00, 2.25, 0, 0 
5, 72991, 670365600, 0.00, 100.00, 0.00, 2.25, 0, 0 
6, 72991, 670384210, 0.00, 100.00, 0.00, 2.25, 0, 0 
7, 72991, 670402723, 0.00, 100.00, 0.00, 2.25, 0, 0 
8, 72991, 670421547, 0.00, 100.00, 0.00, 2.25, 0, 0 
9, 72991, 670440327, 0.00, 100.00, 0.00, 2.25, 0, 0 
0, 72991, 670475273, 0.00, 100.00, 0.00, 2.25, 0, 0 
1, 72991, 670499885, 0.00, 100.00, 0.00, 2.25, 0, 0 
2, 72991, 670520178, 0.00, 100.00, 0.00, 2.25, 0, 0 
3, 72991, 670543110, 0.00, 100.00, 0.00, 2.25, 0, 0 
4, 72991, 670561892, 0.00, 100.00, 0.00, 2.25, 0, 0 
5, 72991, 670580588, 0.00, 100.00, 0.00, 2.25, 0, 0 
6, 72991, 670599309, 0.00, 100.00, 0.00, 2.25, 0, 0 
7, 72991, 670618257, 0.00, 100.00, 0.00, 2.25, 0, 0 
8, 72991, 670636877, 0.00, 100.00, 0.00, 2.25, 0, 0 
9, 72991, 670656166, 0.00, 100.00, 0.00, 2.25, 0, 0 
0, 72991, 670691234, 0.00, 100.00, 0.00, 2.25, 0, 0 
1, 72991, 670714807, 0.00, 100.00, 0.00, 2.25, 0, 0 
2, 72991, 670733748, 0.00, 100.00, 0.00, 2.25, 0, 0 
3, 72991, 670757154, 0.00, 100.00, 0.00, 2.25, 0, 0 
4, 72991, 670776032, 0.00, 100.00, 0.00, 2.25, 0, 0 
5, 72991, 670794716, 0.00, 100.00, 0.00, 2.25, 0, 0 
6, 72991, 670813603, 0.00, 100.00, 0.00, 2.25, 0, 0 
7, 72991, 670832186, 0.00, 100.00, 0.00, 2.25, 0, 0 
8, 72991, 670850985, 0.00, 100.00, 0.00, 2.25, 0, 0 
9, 72991, 670869738, 0.00, 100.00, 0.00, 2.25, 0, 0 
0, 72991, 670902404, 0.00, 100.00, 0.00, 2.25, 0, 0 
1, 72991, 670927390, 0.00, 100.00, 0.00, 2.25, 0, 0 
2, 72991, 670939675, 0.00, 100.00, 0.00, 2.25, 0, 0 
3, 72991, 670959956, 0.00, 100.00, 0.00, 2.25, 0, 0 
4, 72991, 670979362, 0.00, 100.00, 0.00, 2.25, 0, 0 
5, 72991, 670997744, 0.00, 100.00, 0.00, 2.25, 0, 0 
6, 72991, 671016475, 0.00, 100.00, 0.00, 2.25, 0, 0 
7, 72991, 671035078, 0.00, 100.00, 0.00, 2.25, 0, 0 
8, 72991, 671053795, 0.00, 100.00, 0.00, 2.25, 0, 0 
9, 72991, 671072565, 0.00, 100.00, 0.00, 2.25, 0, 0 
0, 72991, 671104877, 0.00, 100.00, 0.00, 2.25, 0, 0 
1, 72991, 671128837, 0.00, 100.00, 0.00, 2.25, 0, 0 
2, 72991, 671149008, 0.00, 100.00, 0.00, 2.25, 0, 0 
3, 72991, 671171346, 0.00, 100.00, 0.00, 2.25, 0, 0 
4, 72991, 671190167, 0.00, 100.00, 0.00, 2.25, 0, 0 
5, 72991, 671209010, 0.00, 100.00, 0.00, 2.25, 0, 0 
6, 72991, 671227715, 0.00, 100.00, 0.00, 2.25, 0, 0 
7, 72991, 671246686, 0.00, 100.00, 0.00, 2.25, 0, 0 
8, 72991, 671265401, 0.00, 100.00, 0.00, 2.25, 0, 0 
9, 72991, 671284161, 0.00, 100.00, 0.00, 2.25, 0, 0 
0, 72991, 671316356, 0.00, 100.00, 0.00, 2.25, 0, 0 
1, 72991, 671341840, 0.00, 100.00, 0.00, 2.25, 0, 0 
2, 72991, 671361736, 0.00, 100.00, 0.00, 2.25, 0, 0 
3, 72991, 671383956, 0.00, 100.00, 0.00, 2.25, 0, 0 
4, 72991, 671402890, 0.00, 100.00, 0.00, 2.25, 0, 0 
5, 72991, 671421464, 0.00, 100.00, 0.00, 2.25, 0, 0 
6, 72991, 671440143, 0.00, 100.00, 0.00, 2.25, 0, 0 
7, 72991, 671458989, 0.00, 100.00, 0.00, 2.25, 0, 0 
8, 72991, 671477817, 0.00, 100.00, 0.00, 2.25, 0, 0 
9, 72991, 671496644, 0.00, 100.00, 0.00, 2.25, 0, 0 
0, 72991, 671529035, 0.00, 100.00, 0.00, 2.25, 0, 0 
1, 72991, 671552958, 0.00, 100.00, 0.00, 2.25, 0, 0 
2, 72991, 671573004, 0.00, 100.00, 0.00, 2.25, 0, 0 
3, 72991, 671595802, 0.00, 100.00, 0.00, 2.25, 0, 0 
4, 72991, 671614565, 0.00, 100.00, 0.00, 2.25, 0, 0 
5, 72991, 671633591, 0.00, 100.00, 0.00, 2.25, 0, 0 
6, 72991, 671652320, 0.00, 100.00, 0.00, 2.25, 0, 0 
7, 72991, 671671056, 0.00, 100.00, 0.00, 2.25, 0, 0 
8, 72991, 671689795, 0.00, 100.00, 0.00, 2.25, 0, 0 
9, 72991, 671708575, 0.00, 100.00, 0.00, 2.25, 0, 0 
0, 72991, 671740863, 0.00, 100.00, 0.00, 2.25, 0, 0 
1, 72991, 671764264, 0.00, 100.00, 0.00, 2.25, 0, 0 
2, 72991, 671784362, 0.00, 100.00, 0.00, 2.25, 0, 0 
3, 72991, 671806484, 0.00, 100.00, 0.00, 2.25, 0, 0 
4, 72991, 671825406, 0.00, 100.00, 0.00, 2.25, 0, 0 
5, 72991, 671844189, 0.00, 100.00, 0.00, 2.25, 0, 0 
6, 72991, 671863002, 0.00, 100.00, 0.00, 2.25, 0, 0 
7, 72991, 671884394, 0.00, 100.00, 0.00, 2.25, 0, 0 
8, 72991, 671906936, 0.00, 100.00, 0.00, 2.25, 0, 0 
9, 72991, 671929476, 0.00, 100.00, 0.00, 2.25, 0, 0 
0, 72991, 671962307, 0.00, 100.00, 0.00, 2.25, 0, 0 
1, 72991, 671992780, 0.00, 100.00, 0.00, 2.25, 0, 0 
2, 72991, 672009388, 0.00, 100.00, 0.00, 2.25, 0, 0 
3, 72991, 672037212, 0.00, 100.00, 0.00, 2.25, 0, 0 
4, 72991, 672056488, 0.00, 100.00, 0.00, 2.25, 0, 0 
5, 72991, 672075377, 0.00, 100.00, 0.00, 2.25, 0, 0 
6, 72991, 672094189, 0.00, 100.00, 0.00, 2.25, 0, 0 
7, 72991, 672113023, 0.00, 100.00, 0.00, 2.25, 0, 0 
8, 72991, 672131836, 0.00, 100.00, 0.00, 2.25, 0, 0 
9, 72991, 672150517, 0.00, 100.00, 0.00, 2.25, 0, 0 
0, 72991, 672183189, 0.00, 100.00, 0.00, 2.25, 0, 0 
1, 72991, 672206446, 0.00, 100.00, 0.00, 2.25, 0, 0 
2, 72991, 672226966, 0.00, 100.00, 0.00, 2.25, 0, 0 
3, 72991, 672249747, 0.00, 100.00, 0.00, 2.25, 0, 0 
4, 72991, 672268678, 0.00, 100.00, 0.00, 2.25, 0, 0 
5, 72991, 672287393, 0.00, 100.00, 0.00, 2.25, 0, 0 
6, 72991, 672306297, 0.00, 100.00, 0.00, 2.25, 0, 0 
7, 72991, 672325127, 0.00, 100.00, 0.00, 2.25, 0, 0 
8, 72991, 672343662, 0.00, 100.00, 0.00, 2.25, 0, 0 
9, 72991, 672362629, 0.00, 100.00, 0.00, 2.25, 0, 0 
0, 72991, 672395515, 0.00, 100.00, 0.00, 2.25, 0, 0 
1, 72991, 672421396, 0.00, 100.00, 0.00, 2.25, 0, 0 
2, 72991, 672433852, 0.00, 100.00, 0.00, 2.25, 0, 0 
3, 72991, 672456072, 0.00, 100.00, 0.00, 2.25, 0, 0 
4, 72991, 672476157, 0.00, 100.00, 0.00, 2.25, 0, 0 
5, 72991, 672494610, 0.00, 100.00, 0.00, 2.25, 0, 0 
6, 72991, 672513653, 0.00, 100.00, 0.00, 2.25, 0, 0 
7, 72991, 672532539, 0.00, 100.00, 0.00, 2.25, 0, 0 
8, 72991, 672551493, 0.00, 100.00, 0.00, 2.25, 0, 0 
9, 72991, 672570204, 0.00, 100.00, 0.00, 2.25, 0, 0 
0, 72991, 672603728, 0.00, 100.00, 0.00, 2.25, 0, 0 
1, 72991, 672629649, 0.00, 100.00, 0.00, 2.25, 0, 0 
2, 72991, 672649938, 0.00, 100.00, 0.00, 2.25, 0, 0 
3, 72991, 672672127, 0.00, 100.00, 0.00, 2.25, 0, 0 
4, 72991, 672691208, 0.00, 100.00, 0.00, 2.25, 0, 0 
5, 72991, 672709923, 0.00, 100.00, 0.00, 2.25, 0, 0 
6, 72991, 672728674, 0.00, 100.00, 0.00, 2.25, 0, 0 
7, 72991, 672747485, 0.00, 100.00, 0.00, 2.25, 0, 0 
8, 72991, 672766188, 0.00, 100.00, 0.00, 2.25, 0, 0 
9, 72991, 672784894, 0.00, 100.00, 0.00, 2.25, 0, 0 
0, 72991, 672817338, 0.00, 100.00, 0.00, 2.25, 0, 0 
1, 72991, 672840665, 0.00, 100.00, 0.00, 2.25, 0, 0 
2, 72991, 672860614, 0.00, 100.00, 0.00, 2.25, 0, 0 
3, 72991, 672883950, 0.00, 100.00, 0.00, 2.25, 0, 0 
4, 72991, 672902847, 0.00, 100.00, 0.00, 2.25, 0, 0 
5, 72991, 672921657, 0.00, 100.00, 0.00, 2.25, 0, 0 
6, 72991, 672940577, 0.00, 100.00, 0.00, 2.25, 0, 0 
7, 72991, 672959238, 0.00, 100.00, 0.00, 2.25, 0, 0 
8, 72991, 672977907, 0.00, 100.00, 0.00, 2.25, 0, 0 
9, 72991, 672996625, 0.00, 100.00, 0.00, 2.25, 0, 0 
0, 72991, 673028910, 0.00, 100.00, 0.00, 2.25, 0, 0 
1, 72991, 673052120, 0.00, 100.00, 0.00, 2.25, 0, 0 
2, 72991, 673072819, 0.00, 100.00, 0.00, 2.25, 0, 0 
3, 72991, 673095770, 0.00, 100.00, 0.00, 2.25, 0, 0 
4, 72991, 673114676, 0.00, 100.00, 0.00, 2.25, 0, 0 
5, 72991, 673146542, 0.00, 100.00, 0.00, 2.25, 0, 0 
6, 72991, 673164159, 0.00, 100.00, 0.00, 2.25, 0, 0 
7, 72991, 673181909, 0.00, 100.00, 0.00, 2.25, 0, 0 
8, 72991, 673199623, 0.00, 100.00, 0.00, 2.25, 0, 0 
9, 72991, 673217203, 0.00, 100.00, 0.00, 2.25, 0, 0 
0, 72991, 673247850, 0.00, 100.00, 0.00, 2.25, 0, 0 
1, 72991, 673271630, 0.00, 100.00, 0.00, 2.25, 0, 0 
2, 72991, 673290650, 0.00, 100.00, 0.00, 2.25, 0, 0 
3, 72991, 673311522, 0.00, 100.00, 0.00, 2.25, 0, 0 
4, 72991, 673329360, 0.00, 100.00, 0.00, 2.25, 0, 0 
5, 72991, 673346984, 0.00, 100.00, 0.00, 2.25, 0, 0 
6, 72991, 673364719, 0.00, 100.00, 0.00, 2.25, 0, 0 
7, 72991, 673382459, 0.00, 100.00, 0.00, 2.25, 0, 0 
8, 72991, 673399983, 0.00, 100.00, 0.00, 2.25, 0, 0 
9, 72991, 673421099, 0.00, 100.00, 0.00, 2.25, 0, 0 
0, 72991, 673457454, 0.00, 100.00, 0.00, 2.25, 0, 0 
1, 72991, 673485446, 0.00, 100.00, 0.00, 2.25, 0, 0 
2, 72991, 673505760, 0.00, 100.00, 0.00, 2.25, 0, 0 
3, 72991, 673528714, 0.00, 100.00, 0.00, 2.25, 0, 0 
4, 72991, 673549151, 0.00, 100.00, 0.00, 2.25, 0, 0 
5, 72991, 673568829, 0.00, 100.00, 0.00, 2.25, 0, 0 
6, 72991, 673590725, 0.00, 100.00, 0.00, 2.25, 0, 0 
7, 72991, 673613937, 0.00, 100.00, 0.00, 2.25, 0, 0 
8, 72991, 673632226, 0.00, 100.00, 0.00, 2.25, 0, 0 
9, 72991, 673650044, 0.00, 100.00, 0.00, 2.25, 0, 0 
