Wed Nov 28 13:17:05 2018
StepTime, x, v, f, xdes, vdes, fdes, cmd, IR, LSB, LSF
0, 73366, 327754074, 0.00, 100.00, 0.00, 2.25, 0, 0 
1, 73366, 335729732, 0.00, 100.00, 0.00, 2.25, 0, 0 
2, 73366, 335806914, 0.00, 100.00, 0.00, 2.25, 0, 0 
3, 73366, 335856178, 0.00, 100.00, 0.00, 2.25, 0, 0 
4, 73366, 335883670, 0.00, 100.00, 0.00, 2.25, 0, 0 
5, 73366, 335909802, 0.00, 100.00, 0.00, 2.25, 0, 0 
6, 73366, 335946998, 0.00, 100.00, 0.00, 2.25, 0, 0 
7, 73366, 335991323, 0.00, 100.00, 0.00, 2.25, 0, 0 
8, 73366, 336048986, 0.00, 100.00, 0.00, 2.25, 0, 0 
9, 73366, 336097482, 0.00, 100.00, 0.00, 2.25, 0, 0 
0, 73366, 336163340, 0.00, 100.00, 0.00, 2.25, 0, 0 
1, 73366, 336222963, 0.00, 100.00, 0.00, 2.25, 0, 0 
2, 73366, 336287273, 0.00, 100.00, 0.00, 2.25, 0, 0 
3, 73366, 336324742, 0.00, 100.00, 0.00, 2.25, 0, 0 
4, 73366, 336354107, 0.00, 100.00, 0.00, 2.25, 0, 0 
5, 73366, 336396102, 0.00, 100.00, 0.00, 2.25, 0, 0 
6, 73366, 336424564, 0.00, 100.00, 0.00, 2.25, 0, 0 
7, 73366, 336460555, 0.00, 100.00, 0.00, 2.25, 0, 0 
8, 73366, 336497907, 0.00, 100.00, 0.00, 2.25, 0, 0 
9, 73366, 336531667, 0.00, 100.00, 0.00, 2.25, 0, 0 
0, 73366, 336574500, 0.00, 100.00, 0.00, 2.25, 0, 0 
1, 73366, 336618154, 0.00, 100.00, 0.00, 2.25, 0, 0 
2, 73366, 336653818, 0.00, 100.00, 0.00, 2.25, 0, 0 
3, 73366, 336690806, 0.00, 100.00, 0.00, 2.25, 0, 0 
4, 73366, 336724071, 0.00, 100.00, 0.00, 2.25, 0, 0 
5, 73366, 336757227, 0.00, 100.00, 0.00, 2.25, 0, 0 
6, 73366, 336790147, 0.00, 100.00, 0.00, 2.25, 0, 0 
7, 73366, 336822977, 0.00, 100.00, 0.00, 2.25, 0, 0 
8, 73366, 336855900, 0.00, 100.00, 0.00, 2.25, 0, 0 
9, 73366, 336888722, 0.00, 100.00, 0.00, 2.25, 0, 0 
0, 73366, 336931129, 0.00, 100.00, 0.00, 2.25, 0, 0 
1, 73366, 336974369, 0.00, 100.00, 0.00, 2.25, 0, 0 
2, 73366, 337008759, 0.00, 100.00, 0.00, 2.25, 0, 0 
3, 73366, 337045941, 0.00, 100.00, 0.00, 2.25, 0, 0 
4, 73366, 337079425, 0.00, 100.00, 0.00, 2.25, 0, 0 
5, 73366, 337112437, 0.00, 100.00, 0.00, 2.25, 0, 0 
6, 73366, 337145379, 0.00, 100.00, 0.00, 2.25, 0, 0 
7, 73366, 337178232, 0.00, 100.00, 0.00, 2.25, 0, 0 
8, 73366, 337210972, 0.00, 100.00, 0.00, 2.25, 0, 0 
9, 73366, 337243818, 0.00, 100.00, 0.00, 2.25, 0, 0 
0, 73366, 337285703, 0.00, 100.00, 0.00, 2.25, 0, 0 
1, 73366, 337329095, 0.00, 100.00, 0.00, 2.25, 0, 0 
2, 73366, 337363341, 0.00, 100.00, 0.00, 2.25, 0, 0 
3, 73366, 337398602, 0.00, 100.00, 0.00, 2.25, 0, 0 
4, 73366, 337431013, 0.00, 100.00, 0.00, 2.25, 0, 0 
5, 73366, 337464158, 0.00, 100.00, 0.00, 2.25, 0, 0 
6, 73366, 337497251, 0.00, 100.00, 0.00, 2.25, 0, 0 
7, 73366, 337530250, 0.00, 100.00, 0.00, 2.25, 0, 0 
8, 73366, 337562926, 0.00, 100.00, 0.00, 2.25, 0, 0 
9, 73366, 337595498, 0.00, 100.00, 0.00, 2.25, 0, 0 
0, 73366, 337637725, 0.00, 100.00, 0.00, 2.25, 0, 0 
1, 73366, 337681124, 0.00, 100.00, 0.00, 2.25, 0, 0 
2, 73366, 337715593, 0.00, 100.00, 0.00, 2.25, 0, 0 
3, 73366, 337752383, 0.00, 100.00, 0.00, 2.25, 0, 0 
4, 73366, 337785644, 0.00, 100.00, 0.00, 2.25, 0, 0 
5, 73366, 337818553, 0.00, 100.00, 0.00, 2.25, 0, 0 
6, 73366, 337851443, 0.00, 100.00, 0.00, 2.25, 0, 0 
7, 73366, 337884365, 0.00, 100.00, 0.00, 2.25, 0, 0 
8, 73366, 337917269, 0.00, 100.00, 0.00, 2.25, 0, 0 
9, 73366, 337950163, 0.00, 100.00, 0.00, 2.25, 0, 0 
0, 73366, 337992225, 0.00, 100.00, 0.00, 2.25, 0, 0 
1, 73366, 338035328, 0.00, 100.00, 0.00, 2.25, 0, 0 
2, 73366, 338069487, 0.00, 100.00, 0.00, 2.25, 0, 0 
3, 73366, 338105795, 0.00, 100.00, 0.00, 2.25, 0, 0 
4, 73366, 338138760, 0.00, 100.00, 0.00, 2.25, 0, 0 
5, 73366, 338171669, 0.00, 100.00, 0.00, 2.25, 0, 0 
6, 73366, 338204317, 0.00, 100.00, 0.00, 2.25, 0, 0 
7, 73366, 338237107, 0.00, 100.00, 0.00, 2.25, 0, 0 
8, 73366, 338269843, 0.00, 100.00, 0.00, 2.25, 0, 0 
9, 73366, 338302607, 0.00, 100.00, 0.00, 2.25, 0, 0 
0, 73366, 338344998, 0.00, 100.00, 0.00, 2.25, 0, 0 
1, 73366, 338388181, 0.00, 100.00, 0.00, 2.25, 0, 0 
2, 73366, 338422096, 0.00, 100.00, 0.00, 2.25, 0, 0 
3, 73366, 338457940, 0.00, 100.00, 0.00, 2.25, 0, 0 
4, 73366, 338491069, 0.00, 100.00, 0.00, 2.25, 0, 0 
5, 73366, 338523998, 0.00, 100.00, 0.00, 2.25, 0, 0 
6, 73366, 338556747, 0.00, 100.00, 0.00, 2.25, 0, 0 
7, 73366, 338589305, 0.00, 100.00, 0.00, 2.25, 0, 0 
8, 73366, 338622239, 0.00, 100.00, 0.00, 2.25, 0, 0 
9, 73366, 338655292, 0.00, 100.00, 0.00, 2.25, 0, 0 
0, 73366, 338695898, 0.00, 100.00, 0.00, 2.25, 0, 0 
1, 73366, 338743843, 0.00, 100.00, 0.00, 2.25, 0, 0 
2, 73366, 338781004, 0.00, 100.00, 0.00, 2.25, 0, 0 
3, 73366, 338817882, 0.00, 100.00, 0.00, 2.25, 0, 0 
4, 73366, 338851224, 0.00, 100.00, 0.00, 2.25, 0, 0 
5, 73366, 338884231, 0.00, 100.00, 0.00, 2.25, 0, 0 
6, 73366, 338916665, 0.00, 100.00, 0.00, 2.25, 0, 0 
7, 73366, 338949178, 0.00, 100.00, 0.00, 2.25, 0, 0 
8, 73366, 338981842, 0.00, 100.00, 0.00, 2.25, 0, 0 
9, 73366, 339014488, 0.00, 100.00, 0.00, 2.25, 0, 0 
0, 73366, 339056903, 0.00, 100.00, 0.00, 2.25, 0, 0 
1, 73366, 339100417, 0.00, 100.00, 0.00, 2.25, 0, 0 
2, 73366, 339134214, 0.00, 100.00, 0.00, 2.25, 0, 0 
3, 73366, 339169276, 0.00, 100.00, 0.00, 2.25, 0, 0 
4, 73366, 339197873, 0.00, 100.00, 0.00, 2.25, 0, 0 
5, 73366, 339226172, 0.00, 100.00, 0.00, 2.25, 0, 0 
6, 73366, 339257141, 0.00, 100.00, 0.00, 2.25, 0, 0 
7, 73366, 339290064, 0.00, 100.00, 0.00, 2.25, 0, 0 
8, 73366, 339322972, 0.00, 100.00, 0.00, 2.25, 0, 0 
9, 73366, 339355372, 0.00, 100.00, 0.00, 2.25, 0, 0 
0, 73366, 339397661, 0.00, 100.00, 0.00, 2.25, 0, 0 
1, 73366, 339440977, 0.00, 100.00, 0.00, 2.25, 0, 0 
2, 73366, 339475016, 0.00, 100.00, 0.00, 2.25, 0, 0 
3, 73366, 339511381, 0.00, 100.00, 0.00, 2.25, 0, 0 
4, 73366, 339544162, 0.00, 100.00, 0.00, 2.25, 0, 0 
5, 73366, 339576478, 0.00, 100.00, 0.00, 2.25, 0, 0 
6, 73366, 339608734, 0.00, 100.00, 0.00, 2.25, 0, 0 
7, 73366, 339640997, 0.00, 100.00, 0.00, 2.25, 0, 0 
8, 73366, 339673213, 0.00, 100.00, 0.00, 2.25, 0, 0 
9, 73366, 339705756, 0.00, 100.00, 0.00, 2.25, 0, 0 
0, 73366, 339747373, 0.00, 100.00, 0.00, 2.25, 0, 0 
1, 73366, 339790109, 0.00, 100.00, 0.00, 2.25, 0, 0 
2, 73366, 339836334, 0.00, 100.00, 0.00, 2.25, 0, 0 
3, 73366, 339869888, 0.00, 100.00, 0.00, 2.25, 0, 0 
4, 73366, 339903177, 0.00, 100.00, 0.00, 2.25, 0, 0 
5, 73366, 339935762, 0.00, 100.00, 0.00, 2.25, 0, 0 
6, 73366, 339968690, 0.00, 100.00, 0.00, 2.25, 0, 0 
7, 73366, 340006567, 0.00, 100.00, 0.00, 2.25, 0, 0 
8, 73366, 340053608, 0.00, 100.00, 0.00, 2.25, 0, 0 
9, 73366, 340090901, 0.00, 100.00, 0.00, 2.25, 0, 0 
0, 73366, 340139078, 0.00, 100.00, 0.00, 2.25, 0, 0 
1, 73366, 340182750, 0.00, 100.00, 0.00, 2.25, 0, 0 
2, 73366, 340222541, 0.00, 100.00, 0.00, 2.25, 0, 0 
3, 73366, 340254330, 0.00, 100.00, 0.00, 2.25, 0, 0 
4, 73366, 340285421, 0.00, 100.00, 0.00, 2.25, 0, 0 
5, 73366, 340316102, 0.00, 100.00, 0.00, 2.25, 0, 0 
6, 73366, 340346899, 0.00, 100.00, 0.00, 2.25, 0, 0 
7, 73366, 340377509, 0.00, 100.00, 0.00, 2.25, 0, 0 
8, 73366, 340408171, 0.00, 100.00, 0.00, 2.25, 0, 0 
9, 73366, 340438906, 0.00, 100.00, 0.00, 2.25, 0, 0 
0, 73366, 340482503, 0.00, 100.00, 0.00, 2.25, 0, 0 
1, 73366, 340526556, 0.00, 100.00, 0.00, 2.25, 0, 0 
2, 73366, 340566440, 0.00, 100.00, 0.00, 2.25, 0, 0 
3, 73366, 340597735, 0.00, 100.00, 0.00, 2.25, 0, 0 
4, 73366, 340628671, 0.00, 100.00, 0.00, 2.25, 0, 0 
5, 73366, 340659414, 0.00, 100.00, 0.00, 2.25, 0, 0 
6, 73366, 340689951, 0.00, 100.00, 0.00, 2.25, 0, 0 
7, 73366, 340720573, 0.00, 100.00, 0.00, 2.25, 0, 0 
8, 73366, 340751338, 0.00, 100.00, 0.00, 2.25, 0, 0 
9, 73366, 340781745, 0.00, 100.00, 0.00, 2.25, 0, 0 
0, 73366, 340825227, 0.00, 100.00, 0.00, 2.25, 0, 0 
1, 73366, 340868986, 0.00, 100.00, 0.00, 2.25, 0, 0 
2, 73366, 340908720, 0.00, 100.00, 0.00, 2.25, 0, 0 
3, 73366, 340939833, 0.00, 100.00, 0.00, 2.25, 0, 0 
4, 73366, 340970592, 0.00, 100.00, 0.00, 2.25, 0, 0 
5, 73366, 341001036, 0.00, 100.00, 0.00, 2.25, 0, 0 
6, 73366, 341031633, 0.00, 100.00, 0.00, 2.25, 0, 0 
7, 73366, 341062132, 0.00, 100.00, 0.00, 2.25, 0, 0 
8, 73366, 341092589, 0.00, 100.00, 0.00, 2.25, 0, 0 
9, 73366, 341123253, 0.00, 100.00, 0.00, 2.25, 0, 0 
0, 73366, 341167080, 0.00, 100.00, 0.00, 2.25, 0, 0 
1, 73366, 341211029, 0.00, 100.00, 0.00, 2.25, 0, 0 
2, 73366, 341251007, 0.00, 100.00, 0.00, 2.25, 0, 0 
3, 73366, 341282103, 0.00, 100.00, 0.00, 2.25, 0, 0 
4, 73366, 341312566, 0.00, 100.00, 0.00, 2.25, 0, 0 
5, 73366, 341345277, 0.00, 100.00, 0.00, 2.25, 0, 0 
6, 73366, 341381463, 0.00, 100.00, 0.00, 2.25, 0, 0 
7, 73366, 341417742, 0.00, 100.00, 0.00, 2.25, 0, 0 
8, 73366, 341454297, 0.00, 100.00, 0.00, 2.25, 0, 0 
9, 73366, 341490661, 0.00, 100.00, 0.00, 2.25, 0, 0 
0, 73366, 341538634, 0.00, 100.00, 0.00, 2.25, 0, 0 
1, 73366, 341582247, 0.00, 100.00, 0.00, 2.25, 0, 0 
2, 73366, 341623046, 0.00, 100.00, 0.00, 2.25, 0, 0 
3, 73366, 341654555, 0.00, 100.00, 0.00, 2.25, 0, 0 
4, 73366, 341685448, 0.00, 100.00, 0.00, 2.25, 0, 0 
5, 73366, 341716036, 0.00, 100.00, 0.00, 2.25, 0, 0 
6, 73366, 341746602, 0.00, 100.00, 0.00, 2.25, 0, 0 
7, 73366, 341776974, 0.00, 100.00, 0.00, 2.25, 0, 0 
8, 73366, 341807431, 0.00, 100.00, 0.00, 2.25, 0, 0 
9, 73366, 341837955, 0.00, 100.00, 0.00, 2.25, 0, 0 
0, 73366, 341881234, 0.00, 100.00, 0.00, 2.25, 0, 0 
1, 73366, 341925016, 0.00, 100.00, 0.00, 2.25, 0, 0 
2, 73366, 341964654, 0.00, 100.00, 0.00, 2.25, 0, 0 
3, 73366, 341995979, 0.00, 100.00, 0.00, 2.25, 0, 0 
4, 73366, 342026506, 0.00, 100.00, 0.00, 2.25, 0, 0 
5, 73366, 342057140, 0.00, 100.00, 0.00, 2.25, 0, 0 
6, 73366, 342087708, 0.00, 100.00, 0.00, 2.25, 0, 0 
7, 73366, 342118376, 0.00, 100.00, 0.00, 2.25, 0, 0 
8, 73366, 342148935, 0.00, 100.00, 0.00, 2.25, 0, 0 
9, 73366, 342179593, 0.00, 100.00, 0.00, 2.25, 0, 0 
0, 73366, 342222796, 0.00, 100.00, 0.00, 2.25, 0, 0 
1, 73366, 342266700, 0.00, 100.00, 0.00, 2.25, 0, 0 
2, 73366, 342306089, 0.00, 100.00, 0.00, 2.25, 0, 0 
3, 73366, 342337337, 0.00, 100.00, 0.00, 2.25, 0, 0 
4, 73366, 342367848, 0.00, 100.00, 0.00, 2.25, 0, 0 
5, 73366, 342398636, 0.00, 100.00, 0.00, 2.25, 0, 0 
6, 73366, 342429240, 0.00, 100.00, 0.00, 2.25, 0, 0 
7, 73366, 342459748, 0.00, 100.00, 0.00, 2.25, 0, 0 
8, 73366, 342490174, 0.00, 100.00, 0.00, 2.25, 0, 0 
9, 73366, 342520676, 0.00, 100.00, 0.00, 2.25, 0, 0 
0, 73366, 342564038, 0.00, 100.00, 0.00, 2.25, 0, 0 
1, 73366, 342607944, 0.00, 100.00, 0.00, 2.25, 0, 0 
2, 73366, 342648027, 0.00, 100.00, 0.00, 2.25, 0, 0 
3, 73366, 342679056, 0.00, 100.00, 0.00, 2.25, 0, 0 
4, 73366, 342709818, 0.00, 100.00, 0.00, 2.25, 0, 0 
5, 73366, 342740229, 0.00, 100.00, 0.00, 2.25, 0, 0 
6, 73366, 342770790, 0.00, 100.00, 0.00, 2.25, 0, 0 
7, 73366, 342801133, 0.00, 100.00, 0.00, 2.25, 0, 0 
8, 73366, 342831480, 0.00, 100.00, 0.00, 2.25, 0, 0 
9, 73366, 342861866, 0.00, 100.00, 0.00, 2.25, 0, 0 
0, 73366, 342905075, 0.00, 100.00, 0.00, 2.25, 0, 0 
1, 73366, 342948118, 0.00, 100.00, 0.00, 2.25, 0, 0 
2, 73366, 343001973, 0.00, 100.00, 0.00, 2.25, 0, 0 
3, 73366, 343046975, 0.00, 100.00, 0.00, 2.25, 0, 0 
4, 73366, 343087511, 0.00, 100.00, 0.00, 2.25, 0, 0 
5, 73366, 343131654, 0.00, 100.00, 0.00, 2.25, 0, 0 
6, 73366, 343177325, 0.00, 100.00, 0.00, 2.25, 0, 0 
7, 73366, 343223185, 0.00, 100.00, 0.00, 2.25, 0, 0 
8, 73366, 343269148, 0.00, 100.00, 0.00, 2.25, 0, 0 
9, 73366, 343315029, 0.00, 100.00, 0.00, 2.25, 0, 0 
0, 73366, 343375156, 0.00, 100.00, 0.00, 2.25, 0, 0 
1, 73366, 343434171, 0.00, 100.00, 0.00, 2.25, 0, 0 
2, 73366, 343491328, 0.00, 100.00, 0.00, 2.25, 0, 0 
3, 73366, 343537945, 0.00, 100.00, 0.00, 2.25, 0, 0 
4, 73366, 343583626, 0.00, 100.00, 0.00, 2.25, 0, 0 
5, 73366, 343629445, 0.00, 100.00, 0.00, 2.25, 0, 0 
6, 73366, 343675171, 0.00, 100.00, 0.00, 2.25, 0, 0 
7, 73366, 343721035, 0.00, 100.00, 0.00, 2.25, 0, 0 
8, 73366, 343767283, 0.00, 100.00, 0.00, 2.25, 0, 0 
9, 73366, 343813265, 0.00, 100.00, 0.00, 2.25, 0, 0 
0, 73366, 343871779, 0.00, 100.00, 0.00, 2.25, 0, 0 
1, 73366, 343930503, 0.00, 100.00, 0.00, 2.25, 0, 0 
2, 73366, 343987302, 0.00, 100.00, 0.00, 2.25, 0, 0 
3, 73366, 344043489, 0.00, 100.00, 0.00, 2.25, 0, 0 
4, 73366, 344095383, 0.00, 100.00, 0.00, 2.25, 0, 0 
5, 73366, 344139436, 0.00, 100.00, 0.00, 2.25, 0, 0 
6, 73366, 344181850, 0.00, 100.00, 0.00, 2.25, 0, 0 
7, 73366, 344231365, 0.00, 100.00, 0.00, 2.25, 0, 0 
8, 73366, 344283446, 0.00, 100.00, 0.00, 2.25, 0, 0 
9, 73366, 344329771, 0.00, 100.00, 0.00, 2.25, 0, 0 
0, 73366, 344391646, 0.00, 100.00, 0.00, 2.25, 0, 0 
1, 73366, 344441365, 0.00, 100.00, 0.00, 2.25, 0, 0 
2, 73366, 344500085, 0.00, 100.00, 0.00, 2.25, 0, 0 
3, 73366, 344547672, 0.00, 100.00, 0.00, 2.25, 0, 0 
4, 73366, 344577694, 0.00, 100.00, 0.00, 2.25, 0, 0 
5, 73366, 344605806, 0.00, 100.00, 0.00, 2.25, 0, 0 
6, 73366, 344633717, 0.00, 100.00, 0.00, 2.25, 0, 0 
7, 73366, 344661566, 0.00, 100.00, 0.00, 2.25, 0, 0 
8, 73366, 344689400, 0.00, 100.00, 0.00, 2.25, 0, 0 
9, 73366, 344717113, 0.00, 100.00, 0.00, 2.25, 0, 0 
0, 73366, 344751966, 0.00, 100.00, 0.00, 2.25, 0, 0 
1, 73366, 344787864, 0.00, 100.00, 0.00, 2.25, 0, 0 
2, 73366, 344824195, 0.00, 100.00, 0.00, 2.25, 0, 0 
3, 73366, 344862419, 0.00, 100.00, 0.00, 2.25, 0, 0 
4, 73366, 344896533, 0.00, 100.00, 0.00, 2.25, 0, 0 
5, 73366, 344929635, 0.00, 100.00, 0.00, 2.25, 0, 0 
6, 73366, 344962424, 0.00, 100.00, 0.00, 2.25, 0, 0 
7, 73366, 344995094, 0.00, 100.00, 0.00, 2.25, 0, 0 
8, 73366, 345027775, 0.00, 100.00, 0.00, 2.25, 0, 0 
9, 73366, 345060653, 0.00, 100.00, 0.00, 2.25, 0, 0 
0, 73366, 345102948, 0.00, 100.00, 0.00, 2.25, 0, 0 
1, 73366, 345146495, 0.00, 100.00, 0.00, 2.25, 0, 0 
2, 73366, 345181125, 0.00, 100.00, 0.00, 2.25, 0, 0 
3, 73366, 345217032, 0.00, 100.00, 0.00, 2.25, 0, 0 
4, 73366, 345250245, 0.00, 100.00, 0.00, 2.25, 0, 0 
5, 73366, 345282818, 0.00, 100.00, 0.00, 2.25, 0, 0 
6, 73366, 345315305, 0.00, 100.00, 0.00, 2.25, 0, 0 
7, 73366, 345348216, 0.00, 100.00, 0.00, 2.25, 0, 0 
8, 73366, 345381049, 0.00, 100.00, 0.00, 2.25, 0, 0 
9, 73366, 345413865, 0.00, 100.00, 0.00, 2.25, 0, 0 
0, 73366, 345455630, 0.00, 100.00, 0.00, 2.25, 0, 0 
1, 73366, 345498712, 0.00, 100.00, 0.00, 2.25, 0, 0 
2, 73366, 345533008, 0.00, 100.00, 0.00, 2.25, 0, 0 
3, 73366, 345569224, 0.00, 100.00, 0.00, 2.25, 0, 0 
4, 73366, 345601393, 0.00, 100.00, 0.00, 2.25, 0, 0 
5, 73366, 345634372, 0.00, 100.00, 0.00, 2.25, 0, 0 
6, 73366, 345667124, 0.00, 100.00, 0.00, 2.25, 0, 0 
7, 73366, 345700033, 0.00, 100.00, 0.00, 2.25, 0, 0 
8, 73366, 345732835, 0.00, 100.00, 0.00, 2.25, 0, 0 
9, 73366, 345765442, 0.00, 100.00, 0.00, 2.25, 0, 0 
0, 73366, 345807508, 0.00, 100.00, 0.00, 2.25, 0, 0 
1, 73366, 345850542, 0.00, 100.00, 0.00, 2.25, 0, 0 
2, 73366, 345884653, 0.00, 100.00, 0.00, 2.25, 0, 0 
3, 73366, 345917475, 0.00, 100.00, 0.00, 2.25, 0, 0 
4, 73366, 345950479, 0.00, 100.00, 0.00, 2.25, 0, 0 
5, 73366, 345983206, 0.00, 100.00, 0.00, 2.25, 0, 0 
6, 73366, 346016180, 0.00, 100.00, 0.00, 2.25, 0, 0 
7, 73366, 346049142, 0.00, 100.00, 0.00, 2.25, 0, 0 
8, 73366, 346081794, 0.00, 100.00, 0.00, 2.25, 0, 0 
9, 73366, 346114514, 0.00, 100.00, 0.00, 2.25, 0, 0 
0, 73366, 346156875, 0.00, 100.00, 0.00, 2.25, 0, 0 
1, 73366, 346200115, 0.00, 100.00, 0.00, 2.25, 0, 0 
2, 73366, 346234376, 0.00, 100.00, 0.00, 2.25, 0, 0 
3, 73366, 346271180, 0.00, 100.00, 0.00, 2.25, 0, 0 
4, 73366, 346304383, 0.00, 100.00, 0.00, 2.25, 0, 0 
5, 73366, 346337066, 0.00, 100.00, 0.00, 2.25, 0, 0 
6, 73366, 346369721, 0.00, 100.00, 0.00, 2.25, 0, 0 
7, 73366, 346402326, 0.00, 100.00, 0.00, 2.25, 0, 0 
8, 73366, 346434654, 0.00, 100.00, 0.00, 2.25, 0, 0 
9, 73366, 346467161, 0.00, 100.00, 0.00, 2.25, 0, 0 
0, 73366, 346509055, 0.00, 100.00, 0.00, 2.25, 0, 0 
1, 73366, 346552011, 0.00, 100.00, 0.00, 2.25, 0, 0 
2, 73366, 346586290, 0.00, 100.00, 0.00, 2.25, 0, 0 
3, 73366, 346623304, 0.00, 100.00, 0.00, 2.25, 0, 0 
4, 73366, 346656622, 0.00, 100.00, 0.00, 2.25, 0, 0 
5, 73366, 346689359, 0.00, 100.00, 0.00, 2.25, 0, 0 
6, 73366, 346721657, 0.00, 100.00, 0.00, 2.25, 0, 0 
7, 73366, 346753782, 0.00, 100.00, 0.00, 2.25, 0, 0 
8, 73366, 346786325, 0.00, 100.00, 0.00, 2.25, 0, 0 
9, 73366, 346818778, 0.00, 100.00, 0.00, 2.25, 0, 0 
0, 73366, 346860346, 0.00, 100.00, 0.00, 2.25, 0, 0 
1, 73366, 346903042, 0.00, 100.00, 0.00, 2.25, 0, 0 
2, 73366, 346949674, 0.00, 100.00, 0.00, 2.25, 0, 0 
3, 73366, 346983116, 0.00, 100.00, 0.00, 2.25, 0, 0 
4, 73366, 347015662, 0.00, 100.00, 0.00, 2.25, 0, 0 
5, 73366, 347048229, 0.00, 100.00, 0.00, 2.25, 0, 0 
6, 73366, 347080564, 0.00, 100.00, 0.00, 2.25, 0, 0 
7, 73366, 347112835, 0.00, 100.00, 0.00, 2.25, 0, 0 
8, 73366, 347145230, 0.00, 100.00, 0.00, 2.25, 0, 0 
9, 73366, 347177495, 0.00, 100.00, 0.00, 2.25, 0, 0 
0, 73366, 347224220, 0.00, 100.00, 0.00, 2.25, 0, 0 
1, 73366, 347260533, 0.00, 100.00, 0.00, 2.25, 0, 0 
2, 73366, 347296203, 0.00, 100.00, 0.00, 2.25, 0, 0 
3, 73366, 347325059, 0.00, 100.00, 0.00, 2.25, 0, 0 
4, 73366, 347352127, 0.00, 100.00, 0.00, 2.25, 0, 0 
5, 73366, 347379282, 0.00, 100.00, 0.00, 2.25, 0, 0 
6, 73366, 347406552, 0.00, 100.00, 0.00, 2.25, 0, 0 
7, 73366, 347433664, 0.00, 100.00, 0.00, 2.25, 0, 0 
8, 73366, 347460778, 0.00, 100.00, 0.00, 2.25, 0, 0 
9, 73366, 347488004, 0.00, 100.00, 0.00, 2.25, 0, 0 
0, 73366, 347525752, 0.00, 100.00, 0.00, 2.25, 0, 0 
1, 73366, 347568471, 0.00, 100.00, 0.00, 2.25, 0, 0 
2, 73366, 347614731, 0.00, 100.00, 0.00, 2.25, 0, 0 
3, 73366, 347648312, 0.00, 100.00, 0.00, 2.25, 0, 0 
4, 73366, 347680638, 0.00, 100.00, 0.00, 2.25, 0, 0 
5, 73366, 347713212, 0.00, 100.00, 0.00, 2.25, 0, 0 
6, 73366, 347745662, 0.00, 100.00, 0.00, 2.25, 0, 0 
7, 73366, 347777865, 0.00, 100.00, 0.00, 2.25, 0, 0 
8, 73366, 347810273, 0.00, 100.00, 0.00, 2.25, 0, 0 
9, 73366, 347842863, 0.00, 100.00, 0.00, 2.25, 0, 0 
0, 73366, 347884411, 0.00, 100.00, 0.00, 2.25, 0, 0 
1, 73366, 347927164, 0.00, 100.00, 0.00, 2.25, 0, 0 
2, 73366, 347974047, 0.00, 100.00, 0.00, 2.25, 0, 0 
3, 73366, 348012973, 0.00, 100.00, 0.00, 2.25, 0, 0 
4, 73366, 348055105, 0.00, 100.00, 0.00, 2.25, 0, 0 
5, 73366, 348089273, 0.00, 100.00, 0.00, 2.25, 0, 0 
6, 73366, 348123059, 0.00, 100.00, 0.00, 2.25, 0, 0 
7, 73366, 348156692, 0.00, 100.00, 0.00, 2.25, 0, 0 
8, 73366, 348190426, 0.00, 100.00, 0.00, 2.25, 0, 0 
9, 73366, 348224204, 0.00, 100.00, 0.00, 2.25, 0, 0 
0, 73366, 348267518, 0.00, 100.00, 0.00, 2.25, 0, 0 
1, 73366, 348312516, 0.00, 100.00, 0.00, 2.25, 0, 0 
2, 73366, 348363110, 0.00, 100.00, 0.00, 2.25, 0, 0 
3, 73366, 348409962, 0.00, 100.00, 0.00, 2.25, 0, 0 
4, 73366, 348442595, 0.00, 100.00, 0.00, 2.25, 0, 0 
5, 73366, 348475125, 0.00, 100.00, 0.00, 2.25, 0, 0 
6, 73366, 348507733, 0.00, 100.00, 0.00, 2.25, 0, 0 
7, 73366, 348540476, 0.00, 100.00, 0.00, 2.25, 0, 0 
8, 73366, 348573068, 0.00, 100.00, 0.00, 2.25, 0, 0 
9, 73366, 348605811, 0.00, 100.00, 0.00, 2.25, 0, 0 
0, 73366, 348647413, 0.00, 100.00, 0.00, 2.25, 0, 0 
1, 73366, 348690787, 0.00, 100.00, 0.00, 2.25, 0, 0 
2, 73366, 348724733, 0.00, 100.00, 0.00, 2.25, 0, 0 
3, 73366, 348753741, 0.00, 100.00, 0.00, 2.25, 0, 0 
4, 73366, 348780146, 0.00, 100.00, 0.00, 2.25, 0, 0 
5, 73366, 348806057, 0.00, 100.00, 0.00, 2.25, 0, 0 
6, 73366, 348831894, 0.00, 100.00, 0.00, 2.25, 0, 0 
7, 73366, 348857845, 0.00, 100.00, 0.00, 2.25, 0, 0 
8, 73366, 348883769, 0.00, 100.00, 0.00, 2.25, 0, 0 
9, 73366, 348909755, 0.00, 100.00, 0.00, 2.25, 0, 0 
0, 73366, 348945918, 0.00, 100.00, 0.00, 2.25, 0, 0 
1, 73366, 348988972, 0.00, 100.00, 0.00, 2.25, 0, 0 
2, 73366, 349034067, 0.00, 100.00, 0.00, 2.25, 0, 0 
3, 73366, 349063495, 0.00, 100.00, 0.00, 2.25, 0, 0 
4, 73366, 349089615, 0.00, 100.00, 0.00, 2.25, 0, 0 
5, 73366, 349115478, 0.00, 100.00, 0.00, 2.25, 0, 0 
6, 73366, 349141688, 0.00, 100.00, 0.00, 2.25, 0, 0 
7, 73366, 349167538, 0.00, 100.00, 0.00, 2.25, 0, 0 
8, 73366, 349193472, 0.00, 100.00, 0.00, 2.25, 0, 0 
9, 73366, 349219474, 0.00, 100.00, 0.00, 2.25, 0, 0 
0, 73366, 349255791, 0.00, 100.00, 0.00, 2.25, 0, 0 
1, 73366, 349298985, 0.00, 100.00, 0.00, 2.25, 0, 0 
2, 73366, 349343555, 0.00, 100.00, 0.00, 2.25, 0, 0 
3, 73366, 349371999, 0.00, 100.00, 0.00, 2.25, 0, 0 
4, 73366, 349397994, 0.00, 100.00, 0.00, 2.25, 0, 0 
5, 73366, 349423920, 0.00, 100.00, 0.00, 2.25, 0, 0 
6, 73366, 349449832, 0.00, 100.00, 0.00, 2.25, 0, 0 
7, 73366, 349475692, 0.00, 100.00, 0.00, 2.25, 0, 0 
8, 73366, 349501805, 0.00, 100.00, 0.00, 2.25, 0, 0 
9, 73366, 349527797, 0.00, 100.00, 0.00, 2.25, 0, 0 
0, 73366, 349564137, 0.00, 100.00, 0.00, 2.25, 0, 0 
1, 73366, 349607467, 0.00, 100.00, 0.00, 2.25, 0, 0 
2, 73366, 349651813, 0.00, 100.00, 0.00, 2.25, 0, 0 
3, 73366, 349680336, 0.00, 100.00, 0.00, 2.25, 0, 0 
4, 73366, 349706344, 0.00, 100.00, 0.00, 2.25, 0, 0 
5, 73366, 349732248, 0.00, 100.00, 0.00, 2.25, 0, 0 
6, 73366, 349759014, 0.00, 100.00, 0.00, 2.25, 0, 0 
7, 73366, 349791697, 0.00, 100.00, 0.00, 2.25, 0, 0 
8, 73366, 349823960, 0.00, 100.00, 0.00, 2.25, 0, 0 
9, 73366, 349850836, 0.00, 100.00, 0.00, 2.25, 0, 0 
0, 73366, 349887387, 0.00, 100.00, 0.00, 2.25, 0, 0 
1, 73366, 349930642, 0.00, 100.00, 0.00, 2.25, 0, 0 
2, 73366, 349964524, 0.00, 100.00, 0.00, 2.25, 0, 0 
3, 73366, 349993566, 0.00, 100.00, 0.00, 2.25, 0, 0 
4, 73366, 350019759, 0.00, 100.00, 0.00, 2.25, 0, 0 
5, 73366, 350045816, 0.00, 100.00, 0.00, 2.25, 0, 0 
6, 73366, 350071798, 0.00, 100.00, 0.00, 2.25, 0, 0 
7, 73366, 350097742, 0.00, 100.00, 0.00, 2.25, 0, 0 
8, 73366, 350123665, 0.00, 100.00, 0.00, 2.25, 0, 0 
9, 73366, 350149593, 0.00, 100.00, 0.00, 2.25, 0, 0 
0, 73366, 350185914, 0.00, 100.00, 0.00, 2.25, 0, 0 
1, 73366, 350228698, 0.00, 100.00, 0.00, 2.25, 0, 0 
2, 73366, 350262562, 0.00, 100.00, 0.00, 2.25, 0, 0 
3, 73366, 350291152, 0.00, 100.00, 0.00, 2.25, 0, 0 
4, 73366, 350317256, 0.00, 100.00, 0.00, 2.25, 0, 0 
5, 73366, 350343245, 0.00, 100.00, 0.00, 2.25, 0, 0 
6, 73366, 350369122, 0.00, 100.00, 0.00, 2.25, 0, 0 
7, 73366, 350395212, 0.00, 100.00, 0.00, 2.25, 0, 0 
8, 73366, 350421077, 0.00, 100.00, 0.00, 2.25, 0, 0 
9, 73366, 350446880, 0.00, 100.00, 0.00, 2.25, 0, 0 
0, 73366, 350483119, 0.00, 100.00, 0.00, 2.25, 0, 0 
1, 73366, 350526095, 0.00, 100.00, 0.00, 2.25, 0, 0 
2, 73366, 350570540, 0.00, 100.00, 0.00, 2.25, 0, 0 
3, 73366, 350598085, 0.00, 100.00, 0.00, 2.25, 0, 0 
4, 73366, 350624136, 0.00, 100.00, 0.00, 2.25, 0, 0 
5, 73366, 350650133, 0.00, 100.00, 0.00, 2.25, 0, 0 
6, 73366, 350676021, 0.00, 100.00, 0.00, 2.25, 0, 0 
7, 73366, 350702032, 0.00, 100.00, 0.00, 2.25, 0, 0 
8, 73366, 350728039, 0.00, 100.00, 0.00, 2.25, 0, 0 
9, 73366, 350753955, 0.00, 100.00, 0.00, 2.25, 0, 0 
0, 73366, 350790183, 0.00, 100.00, 0.00, 2.25, 0, 0 
1, 73366, 350833355, 0.00, 100.00, 0.00, 2.25, 0, 0 
2, 73366, 350877951, 0.00, 100.00, 0.00, 2.25, 0, 0 
3, 73366, 350906449, 0.00, 100.00, 0.00, 2.25, 0, 0 
4, 73366, 350932455, 0.00, 100.00, 0.00, 2.25, 0, 0 
5, 73366, 350958415, 0.00, 100.00, 0.00, 2.25, 0, 0 
6, 73366, 350984386, 0.00, 100.00, 0.00, 2.25, 0, 0 
7, 73366, 351010410, 0.00, 100.00, 0.00, 2.25, 0, 0 
8, 73366, 351036412, 0.00, 100.00, 0.00, 2.25, 0, 0 
9, 73366, 351062305, 0.00, 100.00, 0.00, 2.25, 0, 0 
0, 73366, 351098921, 0.00, 100.00, 0.00, 2.25, 0, 0 
1, 73366, 351142048, 0.00, 100.00, 0.00, 2.25, 0, 0 
2, 73366, 351186462, 0.00, 100.00, 0.00, 2.25, 0, 0 
3, 73366, 351214747, 0.00, 100.00, 0.00, 2.25, 0, 0 
4, 73366, 351241303, 0.00, 100.00, 0.00, 2.25, 0, 0 
5, 73366, 351267243, 0.00, 100.00, 0.00, 2.25, 0, 0 
6, 73366, 351293212, 0.00, 100.00, 0.00, 2.25, 0, 0 
7, 73366, 351319070, 0.00, 100.00, 0.00, 2.25, 0, 0 
8, 73366, 351344906, 0.00, 100.00, 0.00, 2.25, 0, 0 
9, 73366, 351370669, 0.00, 100.00, 0.00, 2.25, 0, 0 
0, 73366, 351406853, 0.00, 100.00, 0.00, 2.25, 0, 0 
1, 73366, 351449858, 0.00, 100.00, 0.00, 2.25, 0, 0 
2, 73366, 351494307, 0.00, 100.00, 0.00, 2.25, 0, 0 
3, 73366, 351522621, 0.00, 100.00, 0.00, 2.25, 0, 0 
4, 73366, 351548597, 0.00, 100.00, 0.00, 2.25, 0, 0 
5, 73366, 351574387, 0.00, 100.00, 0.00, 2.25, 0, 0 
6, 73366, 351600457, 0.00, 100.00, 0.00, 2.25, 0, 0 
7, 73366, 351626451, 0.00, 100.00, 0.00, 2.25, 0, 0 
8, 73366, 351652270, 0.00, 100.00, 0.00, 2.25, 0, 0 
9, 73366, 351678370, 0.00, 100.00, 0.00, 2.25, 0, 0 
0, 73366, 351714895, 0.00, 100.00, 0.00, 2.25, 0, 0 
1, 73366, 351758490, 0.00, 100.00, 0.00, 2.25, 0, 0 
2, 73366, 351803551, 0.00, 100.00, 0.00, 2.25, 0, 0 
3, 73366, 351831213, 0.00, 100.00, 0.00, 2.25, 0, 0 
4, 73366, 351857267, 0.00, 100.00, 0.00, 2.25, 0, 0 
5, 73366, 351883271, 0.00, 100.00, 0.00, 2.25, 0, 0 
6, 73366, 351909230, 0.00, 100.00, 0.00, 2.25, 0, 0 
7, 73366, 351935069, 0.00, 100.00, 0.00, 2.25, 0, 0 
8, 73366, 351961103, 0.00, 100.00, 0.00, 2.25, 0, 0 
9, 73366, 351987099, 0.00, 100.00, 0.00, 2.25, 0, 0 
0, 73366, 352023687, 0.00, 100.00, 0.00, 2.25, 0, 0 
1, 73366, 352059539, 0.00, 100.00, 0.00, 2.25, 0, 0 
2, 73366, 352103747, 0.00, 100.00, 0.00, 2.25, 0, 0 
3, 73366, 352151241, 0.00, 100.00, 0.00, 2.25, 0, 0 
4, 73366, 352191009, 0.00, 100.00, 0.00, 2.25, 0, 0 
5, 73366, 352227126, 0.00, 100.00, 0.00, 2.25, 0, 0 
6, 73366, 352271890, 0.00, 100.00, 0.00, 2.25, 0, 0 
7, 73366, 352313018, 0.00, 100.00, 0.00, 2.25, 0, 0 
8, 73366, 352353545, 0.00, 100.00, 0.00, 2.25, 0, 0 
9, 73366, 352393896, 0.00, 100.00, 0.00, 2.25, 0, 0 
0, 73366, 352445483, 0.00, 100.00, 0.00, 2.25, 0, 0 
1, 73366, 352502861, 0.00, 100.00, 0.00, 2.25, 0, 0 
2, 73366, 352559725, 0.00, 100.00, 0.00, 2.25, 0, 0 
3, 73366, 352603228, 0.00, 100.00, 0.00, 2.25, 0, 0 
4, 73366, 352645164, 0.00, 100.00, 0.00, 2.25, 0, 0 
5, 73366, 352686832, 0.00, 100.00, 0.00, 2.25, 0, 0 
6, 73366, 352727980, 0.00, 100.00, 0.00, 2.25, 0, 0 
7, 73366, 352769175, 0.00, 100.00, 0.00, 2.25, 0, 0 
8, 73366, 352811165, 0.00, 100.00, 0.00, 2.25, 0, 0 
9, 73366, 352852587, 0.00, 100.00, 0.00, 2.25, 0, 0 
0, 73366, 352905550, 0.00, 100.00, 0.00, 2.25, 0, 0 
1, 73366, 352962785, 0.00, 100.00, 0.00, 2.25, 0, 0 
2, 73366, 353026674, 0.00, 100.00, 0.00, 2.25, 0, 0 
3, 73366, 353067674, 0.00, 100.00, 0.00, 2.25, 0, 0 
4, 73366, 353108148, 0.00, 100.00, 0.00, 2.25, 0, 0 
5, 73366, 353148247, 0.00, 100.00, 0.00, 2.25, 0, 0 
6, 73366, 353188298, 0.00, 100.00, 0.00, 2.25, 0, 0 
7, 73366, 353228457, 0.00, 100.00, 0.00, 2.25, 0, 0 
8, 73366, 353272353, 0.00, 100.00, 0.00, 2.25, 0, 0 
9, 73366, 353314165, 0.00, 100.00, 0.00, 2.25, 0, 0 
0, 73366, 353368161, 0.00, 100.00, 0.00, 2.25, 0, 0 
1, 73366, 353426876, 0.00, 100.00, 0.00, 2.25, 0, 0 
2, 73366, 353480380, 0.00, 100.00, 0.00, 2.25, 0, 0 
3, 73366, 353507167, 0.00, 100.00, 0.00, 2.25, 0, 0 
4, 73366, 353537294, 0.00, 100.00, 0.00, 2.25, 0, 0 
5, 73366, 353561355, 0.00, 100.00, 0.00, 2.25, 0, 0 
6, 73366, 353585170, 0.00, 100.00, 0.00, 2.25, 0, 0 
7, 73366, 353608959, 0.00, 100.00, 0.00, 2.25, 0, 0 
8, 73366, 353632741, 0.00, 100.00, 0.00, 2.25, 0, 0 
9, 73366, 353656601, 0.00, 100.00, 0.00, 2.25, 0, 0 
0, 73366, 353687484, 0.00, 100.00, 0.00, 2.25, 0, 0 
1, 73366, 353717857, 0.00, 100.00, 0.00, 2.25, 0, 0 
2, 73366, 353744668, 0.00, 100.00, 0.00, 2.25, 0, 0 
3, 73366, 353768677, 0.00, 100.00, 0.00, 2.25, 0, 0 
4, 73366, 353792638, 0.00, 100.00, 0.00, 2.25, 0, 0 
5, 73366, 353816461, 0.00, 100.00, 0.00, 2.25, 0, 0 
6, 73366, 353840211, 0.00, 100.00, 0.00, 2.25, 0, 0 
7, 73366, 353863931, 0.00, 100.00, 0.00, 2.25, 0, 0 
8, 73366, 353887667, 0.00, 100.00, 0.00, 2.25, 0, 0 
9, 73366, 353911437, 0.00, 100.00, 0.00, 2.25, 0, 0 
0, 73366, 353941309, 0.00, 100.00, 0.00, 2.25, 0, 0 
1, 73366, 353971432, 0.00, 100.00, 0.00, 2.25, 0, 0 
2, 73366, 353997675, 0.00, 100.00, 0.00, 2.25, 0, 0 
3, 73366, 354022757, 0.00, 100.00, 0.00, 2.25, 0, 0 
4, 73366, 354046739, 0.00, 100.00, 0.00, 2.25, 0, 0 
5, 73366, 354070580, 0.00, 100.00, 0.00, 2.25, 0, 0 
6, 73366, 354094574, 0.00, 100.00, 0.00, 2.25, 0, 0 
7, 73366, 354118132, 0.00, 100.00, 0.00, 2.25, 0, 0 
8, 73366, 354141951, 0.00, 100.00, 0.00, 2.25, 0, 0 
9, 73366, 354165639, 0.00, 100.00, 0.00, 2.25, 0, 0 
0, 73366, 354195953, 0.00, 100.00, 0.00, 2.25, 0, 0 
1, 73366, 354225626, 0.00, 100.00, 0.00, 2.25, 0, 0 
2, 73366, 354254339, 0.00, 100.00, 0.00, 2.25, 0, 0 
3, 73366, 354287494, 0.00, 100.00, 0.00, 2.25, 0, 0 
4, 73366, 354312903, 0.00, 100.00, 0.00, 2.25, 0, 0 
5, 73366, 354336885, 0.00, 100.00, 0.00, 2.25, 0, 0 
6, 73366, 354361067, 0.00, 100.00, 0.00, 2.25, 0, 0 
7, 73366, 354384855, 0.00, 100.00, 0.00, 2.25, 0, 0 
8, 73366, 354408644, 0.00, 100.00, 0.00, 2.25, 0, 0 
9, 73366, 354432415, 0.00, 100.00, 0.00, 2.25, 0, 0 
0, 73366, 354462157, 0.00, 100.00, 0.00, 2.25, 0, 0 
1, 73366, 354491981, 0.00, 100.00, 0.00, 2.25, 0, 0 
2, 73366, 354518361, 0.00, 100.00, 0.00, 2.25, 0, 0 
3, 73366, 354542530, 0.00, 100.00, 0.00, 2.25, 0, 0 
4, 73366, 354566312, 0.00, 100.00, 0.00, 2.25, 0, 0 
5, 73366, 354590480, 0.00, 100.00, 0.00, 2.25, 0, 0 
6, 73366, 354614579, 0.00, 100.00, 0.00, 2.25, 0, 0 
7, 73366, 354638365, 0.00, 100.00, 0.00, 2.25, 0, 0 
8, 73366, 354668410, 0.00, 100.00, 0.00, 2.25, 0, 0 
9, 73366, 354702135, 0.00, 100.00, 0.00, 2.25, 0, 0 
0, 73366, 354777668, 0.00, 100.00, 0.00, 2.25, 0, 0 
1, 73366, 354885196, 0.00, 100.00, 0.00, 2.25, 0, 0 
2, 73366, 354979148, 0.00, 100.00, 0.00, 2.25, 0, 0 
3, 73366, 355077374, 0.00, 100.00, 0.00, 2.25, 0, 0 
4, 73366, 355138217, 0.00, 100.00, 0.00, 2.25, 0, 0 
5, 73366, 355171830, 0.00, 100.00, 0.00, 2.25, 0, 0 
6, 73366, 355207223, 0.00, 100.00, 0.00, 2.25, 0, 0 
7, 73366, 355243935, 0.00, 100.00, 0.00, 2.25, 0, 0 
8, 73366, 355279224, 0.00, 100.00, 0.00, 2.25, 0, 0 
9, 73366, 355310514, 0.00, 100.00, 0.00, 2.25, 0, 0 
0, 73366, 355347165, 0.00, 100.00, 0.00, 2.25, 0, 0 
1, 73366, 355380825, 0.00, 100.00, 0.00, 2.25, 0, 0 
2, 73366, 355411396, 0.00, 100.00, 0.00, 2.25, 0, 0 
3, 73366, 355443613, 0.00, 100.00, 0.00, 2.25, 0, 0 
4, 73366, 355471935, 0.00, 100.00, 0.00, 2.25, 0, 0 
5, 73366, 355500388, 0.00, 100.00, 0.00, 2.25, 0, 0 
6, 73366, 355528742, 0.00, 100.00, 0.00, 2.25, 0, 0 
7, 73366, 355587951, 0.00, 100.00, 0.00, 2.25, 0, 0 
8, 73366, 355616183, 0.00, 100.00, 0.00, 2.25, 0, 0 
9, 73366, 355644290, 0.00, 100.00, 0.00, 2.25, 0, 0 
0, 73366, 355680502, 0.00, 100.00, 0.00, 2.25, 0, 0 
1, 73366, 355712981, 0.00, 100.00, 0.00, 2.25, 0, 0 
2, 73366, 355759388, 0.00, 100.00, 0.00, 2.25, 0, 0 
3, 73366, 355790353, 0.00, 100.00, 0.00, 2.25, 0, 0 
4, 73366, 355818770, 0.00, 100.00, 0.00, 2.25, 0, 0 
5, 73366, 355847044, 0.00, 100.00, 0.00, 2.25, 0, 0 
6, 73366, 355875600, 0.00, 100.00, 0.00, 2.25, 0, 0 
7, 73366, 355903971, 0.00, 100.00, 0.00, 2.25, 0, 0 
8, 73366, 355932176, 0.00, 100.00, 0.00, 2.25, 0, 0 
9, 73366, 355960405, 0.00, 100.00, 0.00, 2.25, 0, 0 
0, 73366, 355996261, 0.00, 100.00, 0.00, 2.25, 0, 0 
1, 73366, 356037924, 0.00, 100.00, 0.00, 2.25, 0, 0 
2, 73366, 356071874, 0.00, 100.00, 0.00, 2.25, 0, 0 
3, 73366, 356106777, 0.00, 100.00, 0.00, 2.25, 0, 0 
4, 73366, 356137915, 0.00, 100.00, 0.00, 2.25, 0, 0 
5, 73366, 356168706, 0.00, 100.00, 0.00, 2.25, 0, 0 
6, 73366, 356199635, 0.00, 100.00, 0.00, 2.25, 0, 0 
7, 73366, 356230364, 0.00, 100.00, 0.00, 2.25, 0, 0 
8, 73366, 356261150, 0.00, 100.00, 0.00, 2.25, 0, 0 
9, 73366, 356291906, 0.00, 100.00, 0.00, 2.25, 0, 0 
0, 73366, 356333840, 0.00, 100.00, 0.00, 2.25, 0, 0 
1, 73366, 356365300, 0.00, 100.00, 0.00, 2.25, 0, 0 
2, 73366, 356412037, 0.00, 100.00, 0.00, 2.25, 0, 0 
3, 73366, 356466029, 0.00, 100.00, 0.00, 2.25, 0, 0 
4, 73366, 356503554, 0.00, 100.00, 0.00, 2.25, 0, 0 
5, 73366, 356540002, 0.00, 100.00, 0.00, 2.25, 0, 0 
6, 73366, 356574104, 0.00, 100.00, 0.00, 2.25, 0, 0 
7, 73366, 356609592, 0.00, 100.00, 0.00, 2.25, 0, 0 
8, 73366, 356649747, 0.00, 100.00, 0.00, 2.25, 0, 0 
9, 73366, 356687006, 0.00, 100.00, 0.00, 2.25, 0, 0 
0, 73366, 356731833, 0.00, 100.00, 0.00, 2.25, 0, 0 
1, 73366, 356775344, 0.00, 100.00, 0.00, 2.25, 0, 0 
2, 73366, 356817674, 0.00, 100.00, 0.00, 2.25, 0, 0 
3, 73366, 356851856, 0.00, 100.00, 0.00, 2.25, 0, 0 
4, 73366, 356885367, 0.00, 100.00, 0.00, 2.25, 0, 0 
5, 73366, 356920903, 0.00, 100.00, 0.00, 2.25, 0, 0 
6, 73366, 356957550, 0.00, 100.00, 0.00, 2.25, 0, 0 
7, 73366, 356991429, 0.00, 100.00, 0.00, 2.25, 0, 0 
8, 73366, 357027850, 0.00, 100.00, 0.00, 2.25, 0, 0 
9, 73366, 357063793, 0.00, 100.00, 0.00, 2.25, 0, 0 
0, 73366, 357109512, 0.00, 100.00, 0.00, 2.25, 0, 0 
1, 73366, 357151648, 0.00, 100.00, 0.00, 2.25, 0, 0 
2, 73366, 357195185, 0.00, 100.00, 0.00, 2.25, 0, 0 
3, 73366, 357241866, 0.00, 100.00, 0.00, 2.25, 0, 0 
4, 73366, 357287550, 0.00, 100.00, 0.00, 2.25, 0, 0 
5, 73366, 357332954, 0.00, 100.00, 0.00, 2.25, 0, 0 
6, 73366, 357376964, 0.00, 100.00, 0.00, 2.25, 0, 0 
7, 73366, 357422329, 0.00, 100.00, 0.00, 2.25, 0, 0 
8, 73366, 357465970, 0.00, 100.00, 0.00, 2.25, 0, 0 
9, 73366, 357501285, 0.00, 100.00, 0.00, 2.25, 0, 0 
0, 73366, 357550452, 0.00, 100.00, 0.00, 2.25, 0, 0 
1, 73366, 357594566, 0.00, 100.00, 0.00, 2.25, 0, 0 
2, 73366, 357638009, 0.00, 100.00, 0.00, 2.25, 0, 0 
3, 73366, 357676330, 0.00, 100.00, 0.00, 2.25, 0, 0 
4, 73366, 357711347, 0.00, 100.00, 0.00, 2.25, 0, 0 
5, 73366, 357744696, 0.00, 100.00, 0.00, 2.25, 0, 0 
6, 73366, 357780042, 0.00, 100.00, 0.00, 2.25, 0, 0 
7, 73366, 357813258, 0.00, 100.00, 0.00, 2.25, 0, 0 
8, 73366, 357849636, 0.00, 100.00, 0.00, 2.25, 0, 0 
9, 73366, 357885715, 0.00, 100.00, 0.00, 2.25, 0, 0 
0, 73366, 357938061, 0.00, 100.00, 0.00, 2.25, 0, 0 
1, 73366, 357971122, 0.00, 100.00, 0.00, 2.25, 0, 0 
2, 73366, 358021789, 0.00, 100.00, 0.00, 2.25, 0, 0 
3, 73366, 358057865, 0.00, 100.00, 0.00, 2.25, 0, 0 
4, 73366, 358093334, 0.00, 100.00, 0.00, 2.25, 0, 0 
5, 73366, 358126683, 0.00, 100.00, 0.00, 2.25, 0, 0 
6, 73366, 358161384, 0.00, 100.00, 0.00, 2.25, 0, 0 
7, 73366, 358196058, 0.00, 100.00, 0.00, 2.25, 0, 0 
8, 73366, 358230437, 0.00, 100.00, 0.00, 2.25, 0, 0 
9, 73366, 358265059, 0.00, 100.00, 0.00, 2.25, 0, 0 
0, 73366, 358311687, 0.00, 100.00, 0.00, 2.25, 0, 0 
1, 73366, 358354511, 0.00, 100.00, 0.00, 2.25, 0, 0 
2, 73366, 358409202, 0.00, 100.00, 0.00, 2.25, 0, 0 
3, 73366, 358443848, 0.00, 100.00, 0.00, 2.25, 0, 0 
4, 73366, 358478105, 0.00, 100.00, 0.00, 2.25, 0, 0 
5, 73366, 358512322, 0.00, 100.00, 0.00, 2.25, 0, 0 
6, 73366, 358546715, 0.00, 100.00, 0.00, 2.25, 0, 0 
7, 73366, 358581128, 0.00, 100.00, 0.00, 2.25, 0, 0 
8, 73366, 358615464, 0.00, 100.00, 0.00, 2.25, 0, 0 
9, 73366, 358650072, 0.00, 100.00, 0.00, 2.25, 0, 0 
0, 73366, 358696168, 0.00, 100.00, 0.00, 2.25, 0, 0 
1, 73366, 358738914, 0.00, 100.00, 0.00, 2.25, 0, 0 
2, 73366, 358791738, 0.00, 100.00, 0.00, 2.25, 0, 0 
3, 73366, 358826555, 0.00, 100.00, 0.00, 2.25, 0, 0 
4, 73366, 358860990, 0.00, 100.00, 0.00, 2.25, 0, 0 
5, 73366, 358895626, 0.00, 100.00, 0.00, 2.25, 0, 0 
6, 73366, 358930237, 0.00, 100.00, 0.00, 2.25, 0, 0 
7, 73366, 358964995, 0.00, 100.00, 0.00, 2.25, 0, 0 
8, 73366, 358999432, 0.00, 100.00, 0.00, 2.25, 0, 0 
9, 73366, 359033929, 0.00, 100.00, 0.00, 2.25, 0, 0 
0, 73366, 359080203, 0.00, 100.00, 0.00, 2.25, 0, 0 
1, 73366, 359122720, 0.00, 100.00, 0.00, 2.25, 0, 0 
2, 73366, 359178191, 0.00, 100.00, 0.00, 2.25, 0, 0 
3, 73366, 359214698, 0.00, 100.00, 0.00, 2.25, 0, 0 
4, 73366, 359249092, 0.00, 100.00, 0.00, 2.25, 0, 0 
5, 73366, 359283575, 0.00, 100.00, 0.00, 2.25, 0, 0 
6, 73366, 359318408, 0.00, 100.00, 0.00, 2.25, 0, 0 
7, 73366, 359352862, 0.00, 100.00, 0.00, 2.25, 0, 0 
8, 73366, 359387262, 0.00, 100.00, 0.00, 2.25, 0, 0 
9, 73366, 359421864, 0.00, 100.00, 0.00, 2.25, 0, 0 
0, 73366, 359468201, 0.00, 100.00, 0.00, 2.25, 0, 0 
1, 73366, 359510975, 0.00, 100.00, 0.00, 2.25, 0, 0 
2, 73366, 359565358, 0.00, 100.00, 0.00, 2.25, 0, 0 
3, 73366, 359600502, 0.00, 100.00, 0.00, 2.25, 0, 0 
4, 73366, 359635146, 0.00, 100.00, 0.00, 2.25, 0, 0 
5, 73366, 359669889, 0.00, 100.00, 0.00, 2.25, 0, 0 
6, 73366, 359704605, 0.00, 100.00, 0.00, 2.25, 0, 0 
7, 73366, 359739183, 0.00, 100.00, 0.00, 2.25, 0, 0 
8, 73366, 359773681, 0.00, 100.00, 0.00, 2.25, 0, 0 
9, 73366, 359808551, 0.00, 100.00, 0.00, 2.25, 0, 0 
0, 73366, 359854150, 0.00, 100.00, 0.00, 2.25, 0, 0 
1, 73366, 359896977, 0.00, 100.00, 0.00, 2.25, 0, 0 
2, 73366, 359948912, 0.00, 100.00, 0.00, 2.25, 0, 0 
3, 73366, 359984242, 0.00, 100.00, 0.00, 2.25, 0, 0 
4, 73366, 360028897, 0.00, 100.00, 0.00, 2.25, 0, 0 
5, 73366, 360069021, 0.00, 100.00, 0.00, 2.25, 0, 0 
6, 73366, 360104074, 0.00, 100.00, 0.00, 2.25, 0, 0 
7, 73366, 360138811, 0.00, 100.00, 0.00, 2.25, 0, 0 
8, 73366, 360173077, 0.00, 100.00, 0.00, 2.25, 0, 0 
9, 73366, 360207714, 0.00, 100.00, 0.00, 2.25, 0, 0 
0, 73366, 360254060, 0.00, 100.00, 0.00, 2.25, 0, 0 
1, 73366, 360297028, 0.00, 100.00, 0.00, 2.25, 0, 0 
2, 73366, 360351656, 0.00, 100.00, 0.00, 2.25, 0, 0 
3, 73366, 360386450, 0.00, 100.00, 0.00, 2.25, 0, 0 
4, 73366, 360421623, 0.00, 100.00, 0.00, 2.25, 0, 0 
5, 73366, 360459378, 0.00, 100.00, 0.00, 2.25, 0, 0 
6, 73366, 360494668, 0.00, 100.00, 0.00, 2.25, 0, 0 
7, 73366, 360529979, 0.00, 100.00, 0.00, 2.25, 0, 0 
8, 73366, 360565773, 0.00, 100.00, 0.00, 2.25, 0, 0 
9, 73366, 360601047, 0.00, 100.00, 0.00, 2.25, 0, 0 
0, 73366, 360649080, 0.00, 100.00, 0.00, 2.25, 0, 0 
1, 73366, 360693784, 0.00, 100.00, 0.00, 2.25, 0, 0 
2, 73366, 360747860, 0.00, 100.00, 0.00, 2.25, 0, 0 
3, 73366, 360784764, 0.00, 100.00, 0.00, 2.25, 0, 0 
4, 73366, 360820225, 0.00, 100.00, 0.00, 2.25, 0, 0 
5, 73366, 360855299, 0.00, 100.00, 0.00, 2.25, 0, 0 
6, 73366, 360891652, 0.00, 100.00, 0.00, 2.25, 0, 0 
7, 73366, 360925951, 0.00, 100.00, 0.00, 2.25, 0, 0 
8, 73366, 360966127, 0.00, 100.00, 0.00, 2.25, 0, 0 
9, 73366, 361002518, 0.00, 100.00, 0.00, 2.25, 0, 0 
0, 73366, 361049985, 0.00, 100.00, 0.00, 2.25, 0, 0 
1, 73366, 361093686, 0.00, 100.00, 0.00, 2.25, 0, 0 
2, 73366, 361145187, 0.00, 100.00, 0.00, 2.25, 0, 0 
3, 73366, 361181240, 0.00, 100.00, 0.00, 2.25, 0, 0 
4, 73366, 361216754, 0.00, 100.00, 0.00, 2.25, 0, 0 
5, 73366, 361252127, 0.00, 100.00, 0.00, 2.25, 0, 0 
6, 73366, 361287797, 0.00, 100.00, 0.00, 2.25, 0, 0 
7, 73366, 361323113, 0.00, 100.00, 0.00, 2.25, 0, 0 
8, 73366, 361358539, 0.00, 100.00, 0.00, 2.25, 0, 0 
9, 73366, 361393541, 0.00, 100.00, 0.00, 2.25, 0, 0 
0, 73366, 361441457, 0.00, 100.00, 0.00, 2.25, 0, 0 
1, 73366, 361484446, 0.00, 100.00, 0.00, 2.25, 0, 0 
2, 73366, 361538322, 0.00, 100.00, 0.00, 2.25, 0, 0 
3, 73366, 361574117, 0.00, 100.00, 0.00, 2.25, 0, 0 
4, 73366, 361610354, 0.00, 100.00, 0.00, 2.25, 0, 0 
5, 73366, 361646475, 0.00, 100.00, 0.00, 2.25, 0, 0 
6, 73366, 361681902, 0.00, 100.00, 0.00, 2.25, 0, 0 
7, 73366, 361717494, 0.00, 100.00, 0.00, 2.25, 0, 0 
8, 73366, 361752743, 0.00, 100.00, 0.00, 2.25, 0, 0 
9, 73366, 361788049, 0.00, 100.00, 0.00, 2.25, 0, 0 
0, 73366, 361836693, 0.00, 100.00, 0.00, 2.25, 0, 0 
1, 73366, 361879099, 0.00, 100.00, 0.00, 2.25, 0, 0 
2, 73366, 361929287, 0.00, 100.00, 0.00, 2.25, 0, 0 
3, 73366, 361964215, 0.00, 100.00, 0.00, 2.25, 0, 0 
4, 73366, 361999552, 0.00, 100.00, 0.00, 2.25, 0, 0 
5, 73366, 362034380, 0.00, 100.00, 0.00, 2.25, 0, 0 
6, 73366, 362070379, 0.00, 100.00, 0.00, 2.25, 0, 0 
7, 73366, 362105903, 0.00, 100.00, 0.00, 2.25, 0, 0 
8, 73366, 362141369, 0.00, 100.00, 0.00, 2.25, 0, 0 
9, 73366, 362176156, 0.00, 100.00, 0.00, 2.25, 0, 0 
0, 73366, 362222211, 0.00, 100.00, 0.00, 2.25, 0, 0 
1, 73366, 362265380, 0.00, 100.00, 0.00, 2.25, 0, 0 
2, 73366, 362318984, 0.00, 100.00, 0.00, 2.25, 0, 0 
3, 73366, 362355362, 0.00, 100.00, 0.00, 2.25, 0, 0 
4, 73366, 362391071, 0.00, 100.00, 0.00, 2.25, 0, 0 
5, 73366, 362426002, 0.00, 100.00, 0.00, 2.25, 0, 0 
6, 73366, 362461066, 0.00, 100.00, 0.00, 2.25, 0, 0 
7, 73366, 362496012, 0.00, 100.00, 0.00, 2.25, 0, 0 
8, 73366, 362530917, 0.00, 100.00, 0.00, 2.25, 0, 0 
9, 73366, 362566452, 0.00, 100.00, 0.00, 2.25, 0, 0 
0, 73366, 362614273, 0.00, 100.00, 0.00, 2.25, 0, 0 
1, 73366, 362657224, 0.00, 100.00, 0.00, 2.25, 0, 0 
2, 73366, 362712197, 0.00, 100.00, 0.00, 2.25, 0, 0 
3, 73366, 362748012, 0.00, 100.00, 0.00, 2.25, 0, 0 
4, 73366, 362783194, 0.00, 100.00, 0.00, 2.25, 0, 0 
5, 73366, 362818406, 0.00, 100.00, 0.00, 2.25, 0, 0 
6, 73366, 362853299, 0.00, 100.00, 0.00, 2.25, 0, 0 
7, 73366, 362888032, 0.00, 100.00, 0.00, 2.25, 0, 0 
8, 73366, 362923601, 0.00, 100.00, 0.00, 2.25, 0, 0 
9, 73366, 362958863, 0.00, 100.00, 0.00, 2.25, 0, 0 
0, 73366, 363006828, 0.00, 100.00, 0.00, 2.25, 0, 0 
1, 73366, 363049851, 0.00, 100.00, 0.00, 2.25, 0, 0 
2, 73366, 363100337, 0.00, 100.00, 0.00, 2.25, 0, 0 
3, 73366, 363135639, 0.00, 100.00, 0.00, 2.25, 0, 0 
4, 73366, 363171488, 0.00, 100.00, 0.00, 2.25, 0, 0 
5, 73366, 363205907, 0.00, 100.00, 0.00, 2.25, 0, 0 
6, 73366, 363241074, 0.00, 100.00, 0.00, 2.25, 0, 0 
7, 73366, 363276691, 0.00, 100.00, 0.00, 2.25, 0, 0 
8, 73366, 363311229, 0.00, 100.00, 0.00, 2.25, 0, 0 
9, 73366, 363345929, 0.00, 100.00, 0.00, 2.25, 0, 0 
0, 73366, 363392375, 0.00, 100.00, 0.00, 2.25, 0, 0 
1, 73366, 363434841, 0.00, 100.00, 0.00, 2.25, 0, 0 
2, 73366, 363484884, 0.00, 100.00, 0.00, 2.25, 0, 0 
3, 73366, 363520086, 0.00, 100.00, 0.00, 2.25, 0, 0 
4, 73366, 363554657, 0.00, 100.00, 0.00, 2.25, 0, 0 
5, 73366, 363589861, 0.00, 100.00, 0.00, 2.25, 0, 0 
6, 73366, 363625482, 0.00, 100.00, 0.00, 2.25, 0, 0 
7, 73366, 363661802, 0.00, 100.00, 0.00, 2.25, 0, 0 
8, 73366, 363696821, 0.00, 100.00, 0.00, 2.25, 0, 0 
9, 73366, 363731660, 0.00, 100.00, 0.00, 2.25, 0, 0 
0, 73366, 363777846, 0.00, 100.00, 0.00, 2.25, 0, 0 
1, 73366, 363820257, 0.00, 100.00, 0.00, 2.25, 0, 0 
2, 73366, 363870027, 0.00, 100.00, 0.00, 2.25, 0, 0 
3, 73366, 363905204, 0.00, 100.00, 0.00, 2.25, 0, 0 
4, 73366, 363944848, 0.00, 100.00, 0.00, 2.25, 0, 0 
5, 73366, 363986012, 0.00, 100.00, 0.00, 2.25, 0, 0 
6, 73366, 364034777, 0.00, 100.00, 0.00, 2.25, 0, 0 
7, 73366, 364075122, 0.00, 100.00, 0.00, 2.25, 0, 0 
8, 73366, 364113966, 0.00, 100.00, 0.00, 2.25, 0, 0 
9, 73366, 364151998, 0.00, 100.00, 0.00, 2.25, 0, 0 
0, 73366, 364203549, 0.00, 100.00, 0.00, 2.25, 0, 0 
1, 73366, 364246438, 0.00, 100.00, 0.00, 2.25, 0, 0 
2, 73366, 364304640, 0.00, 100.00, 0.00, 2.25, 0, 0 
3, 73366, 364345610, 0.00, 100.00, 0.00, 2.25, 0, 0 
4, 73366, 364381591, 0.00, 100.00, 0.00, 2.25, 0, 0 
5, 73366, 364416847, 0.00, 100.00, 0.00, 2.25, 0, 0 
6, 73366, 364452479, 0.00, 100.00, 0.00, 2.25, 0, 0 
7, 73366, 364488500, 0.00, 100.00, 0.00, 2.25, 0, 0 
8, 73366, 364523552, 0.00, 100.00, 0.00, 2.25, 0, 0 
9, 73366, 364558649, 0.00, 100.00, 0.00, 2.25, 0, 0 
0, 73366, 364604287, 0.00, 100.00, 0.00, 2.25, 0, 0 
1, 73366, 364646779, 0.00, 100.00, 0.00, 2.25, 0, 0 
2, 73366, 364697148, 0.00, 100.00, 0.00, 2.25, 0, 0 
3, 73366, 364732698, 0.00, 100.00, 0.00, 2.25, 0, 0 
4, 73366, 364768723, 0.00, 100.00, 0.00, 2.25, 0, 0 
5, 73366, 364804189, 0.00, 100.00, 0.00, 2.25, 0, 0 
6, 73366, 364839239, 0.00, 100.00, 0.00, 2.25, 0, 0 
7, 73366, 364874253, 0.00, 100.00, 0.00, 2.25, 0, 0 
8, 73366, 364909904, 0.00, 100.00, 0.00, 2.25, 0, 0 
9, 73366, 364945553, 0.00, 100.00, 0.00, 2.25, 0, 0 
0, 73366, 364992954, 0.00, 100.00, 0.00, 2.25, 0, 0 
1, 73366, 365036304, 0.00, 100.00, 0.00, 2.25, 0, 0 
2, 73366, 365090180, 0.00, 100.00, 0.00, 2.25, 0, 0 
3, 73366, 365126559, 0.00, 100.00, 0.00, 2.25, 0, 0 
4, 73366, 365162403, 0.00, 100.00, 0.00, 2.25, 0, 0 
5, 73366, 365198283, 0.00, 100.00, 0.00, 2.25, 0, 0 
6, 73366, 365234065, 0.00, 100.00, 0.00, 2.25, 0, 0 
7, 73366, 365314409, 0.00, 100.00, 0.00, 2.25, 0, 0 
8, 73366, 365349907, 0.00, 100.00, 0.00, 2.25, 0, 0 
9, 73366, 365384533, 0.00, 100.00, 0.00, 2.25, 0, 0 
0, 73366, 365432100, 0.00, 100.00, 0.00, 2.25, 0, 0 
1, 73366, 365475385, 0.00, 100.00, 0.00, 2.25, 0, 0 
2, 73366, 365525581, 0.00, 100.00, 0.00, 2.25, 0, 0 
3, 73366, 365564448, 0.00, 100.00, 0.00, 2.25, 0, 0 
4, 73366, 365599415, 0.00, 100.00, 0.00, 2.25, 0, 0 
5, 73366, 365634232, 0.00, 100.00, 0.00, 2.25, 0, 0 
6, 73366, 365668746, 0.00, 100.00, 0.00, 2.25, 0, 0 
7, 73366, 365703803, 0.00, 100.00, 0.00, 2.25, 0, 0 
8, 73366, 365739751, 0.00, 100.00, 0.00, 2.25, 0, 0 
9, 73366, 365774804, 0.00, 100.00, 0.00, 2.25, 0, 0 
0, 73366, 365822200, 0.00, 100.00, 0.00, 2.25, 0, 0 
1, 73366, 365865137, 0.00, 100.00, 0.00, 2.25, 0, 0 
2, 73366, 365915546, 0.00, 100.00, 0.00, 2.25, 0, 0 
3, 73366, 365950216, 0.00, 100.00, 0.00, 2.25, 0, 0 
4, 73366, 365984844, 0.00, 100.00, 0.00, 2.25, 0, 0 
5, 73366, 366020454, 0.00, 100.00, 0.00, 2.25, 0, 0 
6, 73366, 366055291, 0.00, 100.00, 0.00, 2.25, 0, 0 
7, 73366, 366090114, 0.00, 100.00, 0.00, 2.25, 0, 0 
8, 73366, 366125678, 0.00, 100.00, 0.00, 2.25, 0, 0 
9, 73366, 366160794, 0.00, 100.00, 0.00, 2.25, 0, 0 
0, 73366, 366211459, 0.00, 100.00, 0.00, 2.25, 0, 0 
1, 73366, 366254301, 0.00, 100.00, 0.00, 2.25, 0, 0 
2, 73366, 366304389, 0.00, 100.00, 0.00, 2.25, 0, 0 
3, 73366, 366339995, 0.00, 100.00, 0.00, 2.25, 0, 0 
4, 73366, 366375473, 0.00, 100.00, 0.00, 2.25, 0, 0 
5, 73366, 366410545, 0.00, 100.00, 0.00, 2.25, 0, 0 
6, 73366, 366445551, 0.00, 100.00, 0.00, 2.25, 0, 0 
7, 73366, 366480456, 0.00, 100.00, 0.00, 2.25, 0, 0 
8, 73366, 366515043, 0.00, 100.00, 0.00, 2.25, 0, 0 
9, 73366, 366551775, 0.00, 100.00, 0.00, 2.25, 0, 0 
0, 73366, 366597609, 0.00, 100.00, 0.00, 2.25, 0, 0 
1, 73366, 366640710, 0.00, 100.00, 0.00, 2.25, 0, 0 
2, 73366, 366691039, 0.00, 100.00, 0.00, 2.25, 0, 0 
3, 73366, 366729079, 0.00, 100.00, 0.00, 2.25, 0, 0 
4, 73366, 366764238, 0.00, 100.00, 0.00, 2.25, 0, 0 
5, 73366, 366798825, 0.00, 100.00, 0.00, 2.25, 0, 0 
6, 73366, 366834774, 0.00, 100.00, 0.00, 2.25, 0, 0 
7, 73366, 366870115, 0.00, 100.00, 0.00, 2.25, 0, 0 
8, 73366, 366904522, 0.00, 100.00, 0.00, 2.25, 0, 0 
9, 73366, 366941016, 0.00, 100.00, 0.00, 2.25, 0, 0 
0, 73366, 366985922, 0.00, 100.00, 0.00, 2.25, 0, 0 
1, 73366, 367025818, 0.00, 100.00, 0.00, 2.25, 0, 0 
2, 73366, 367081403, 0.00, 100.00, 0.00, 2.25, 0, 0 
3, 73366, 367117855, 0.00, 100.00, 0.00, 2.25, 0, 0 
4, 73366, 367152782, 0.00, 100.00, 0.00, 2.25, 0, 0 
5, 73366, 367187226, 0.00, 100.00, 0.00, 2.25, 0, 0 
6, 73366, 367221974, 0.00, 100.00, 0.00, 2.25, 0, 0 
7, 73366, 367257560, 0.00, 100.00, 0.00, 2.25, 0, 0 
8, 73366, 367293620, 0.00, 100.00, 0.00, 2.25, 0, 0 
9, 73366, 367328556, 0.00, 100.00, 0.00, 2.25, 0, 0 
0, 73366, 367375571, 0.00, 100.00, 0.00, 2.25, 0, 0 
1, 73366, 367417990, 0.00, 100.00, 0.00, 2.25, 0, 0 
2, 73366, 367469356, 0.00, 100.00, 0.00, 2.25, 0, 0 
3, 73366, 367504607, 0.00, 100.00, 0.00, 2.25, 0, 0 
4, 73366, 367539525, 0.00, 100.00, 0.00, 2.25, 0, 0 
5, 73366, 367574043, 0.00, 100.00, 0.00, 2.25, 0, 0 
6, 73366, 367609678, 0.00, 100.00, 0.00, 2.25, 0, 0 
7, 73366, 367644668, 0.00, 100.00, 0.00, 2.25, 0, 0 
8, 73366, 367680078, 0.00, 100.00, 0.00, 2.25, 0, 0 
9, 73366, 367715097, 0.00, 100.00, 0.00, 2.25, 0, 0 
0, 73366, 367762870, 0.00, 100.00, 0.00, 2.25, 0, 0 
1, 73366, 367805896, 0.00, 100.00, 0.00, 2.25, 0, 0 
2, 73366, 367858285, 0.00, 100.00, 0.00, 2.25, 0, 0 
3, 73366, 367893272, 0.00, 100.00, 0.00, 2.25, 0, 0 
4, 73366, 367928135, 0.00, 100.00, 0.00, 2.25, 0, 0 
5, 73366, 367962909, 0.00, 100.00, 0.00, 2.25, 0, 0 
6, 73366, 367997174, 0.00, 100.00, 0.00, 2.25, 0, 0 
7, 73366, 368049298, 0.00, 100.00, 0.00, 2.25, 0, 0 
8, 73366, 368095622, 0.00, 100.00, 0.00, 2.25, 0, 0 
9, 73366, 368134784, 0.00, 100.00, 0.00, 2.25, 0, 0 
0, 73366, 368186142, 0.00, 100.00, 0.00, 2.25, 0, 0 
1, 73366, 368229493, 0.00, 100.00, 0.00, 2.25, 0, 0 
2, 73366, 368285194, 0.00, 100.00, 0.00, 2.25, 0, 0 
3, 73366, 368323931, 0.00, 100.00, 0.00, 2.25, 0, 0 
4, 73366, 368358729, 0.00, 100.00, 0.00, 2.25, 0, 0 
5, 73366, 368395071, 0.00, 100.00, 0.00, 2.25, 0, 0 
6, 73366, 368432677, 0.00, 100.00, 0.00, 2.25, 0, 0 
7, 73366, 368467683, 0.00, 100.00, 0.00, 2.25, 0, 0 
8, 73366, 368503297, 0.00, 100.00, 0.00, 2.25, 0, 0 
9, 73366, 368539496, 0.00, 100.00, 0.00, 2.25, 0, 0 
0, 73366, 368586649, 0.00, 100.00, 0.00, 2.25, 0, 0 
1, 73366, 368633000, 0.00, 100.00, 0.00, 2.25, 0, 0 
2, 73366, 368687489, 0.00, 100.00, 0.00, 2.25, 0, 0 
3, 73366, 368723969, 0.00, 100.00, 0.00, 2.25, 0, 0 
4, 73366, 368760739, 0.00, 100.00, 0.00, 2.25, 0, 0 
5, 73366, 368795363, 0.00, 100.00, 0.00, 2.25, 0, 0 
6, 73366, 368832065, 0.00, 100.00, 0.00, 2.25, 0, 0 
7, 73366, 368867942, 0.00, 100.00, 0.00, 2.25, 0, 0 
8, 73366, 368902525, 0.00, 100.00, 0.00, 2.25, 0, 0 
9, 73366, 368938709, 0.00, 100.00, 0.00, 2.25, 0, 0 
0, 73366, 368985401, 0.00, 100.00, 0.00, 2.25, 0, 0 
1, 73366, 369027857, 0.00, 100.00, 0.00, 2.25, 0, 0 
2, 73366, 369079561, 0.00, 100.00, 0.00, 2.25, 0, 0 
3, 73366, 369116947, 0.00, 100.00, 0.00, 2.25, 0, 0 
4, 73366, 369153513, 0.00, 100.00, 0.00, 2.25, 0, 0 
5, 73366, 369188540, 0.00, 100.00, 0.00, 2.25, 0, 0 
6, 73366, 369224034, 0.00, 100.00, 0.00, 2.25, 0, 0 
7, 73366, 369260468, 0.00, 100.00, 0.00, 2.25, 0, 0 
8, 73366, 369296294, 0.00, 100.00, 0.00, 2.25, 0, 0 
9, 73366, 369331701, 0.00, 100.00, 0.00, 2.25, 0, 0 
0, 73366, 369376339, 0.00, 100.00, 0.00, 2.25, 0, 0 
1, 73366, 369419424, 0.00, 100.00, 0.00, 2.25, 0, 0 
2, 73366, 369474930, 0.00, 100.00, 0.00, 2.25, 0, 0 
3, 73366, 369510528, 0.00, 100.00, 0.00, 2.25, 0, 0 
4, 73366, 369546226, 0.00, 100.00, 0.00, 2.25, 0, 0 
5, 73366, 369582473, 0.00, 100.00, 0.00, 2.25, 0, 0 
6, 73366, 369618024, 0.00, 100.00, 0.00, 2.25, 0, 0 
7, 73366, 369653564, 0.00, 100.00, 0.00, 2.25, 0, 0 
8, 73366, 369689789, 0.00, 100.00, 0.00, 2.25, 0, 0 
9, 73366, 369724617, 0.00, 100.00, 0.00, 2.25, 0, 0 
0, 73366, 369772395, 0.00, 100.00, 0.00, 2.25, 0, 0 
1, 73366, 369815321, 0.00, 100.00, 0.00, 2.25, 0, 0 
2, 73366, 369865761, 0.00, 100.00, 0.00, 2.25, 0, 0 
3, 73366, 369902513, 0.00, 100.00, 0.00, 2.25, 0, 0 
4, 73366, 369938053, 0.00, 100.00, 0.00, 2.25, 0, 0 
5, 73366, 369974101, 0.00, 100.00, 0.00, 2.25, 0, 0 
6, 73366, 370009101, 0.00, 100.00, 0.00, 2.25, 0, 0 
7, 73366, 370044025, 0.00, 100.00, 0.00, 2.25, 0, 0 
8, 73366, 370080970, 0.00, 100.00, 0.00, 2.25, 0, 0 
9, 73366, 370122015, 0.00, 100.00, 0.00, 2.25, 0, 0 
0, 73366, 370167949, 0.00, 100.00, 0.00, 2.25, 0, 0 
1, 73366, 370211096, 0.00, 100.00, 0.00, 2.25, 0, 0 
2, 73366, 370263864, 0.00, 100.00, 0.00, 2.25, 0, 0 
3, 73366, 370300311, 0.00, 100.00, 0.00, 2.25, 0, 0 
4, 73366, 370335714, 0.00, 100.00, 0.00, 2.25, 0, 0 
5, 73366, 370370791, 0.00, 100.00, 0.00, 2.25, 0, 0 
6, 73366, 370406516, 0.00, 100.00, 0.00, 2.25, 0, 0 
7, 73366, 370441329, 0.00, 100.00, 0.00, 2.25, 0, 0 
8, 73366, 370477257, 0.00, 100.00, 0.00, 2.25, 0, 0 
9, 73366, 370512713, 0.00, 100.00, 0.00, 2.25, 0, 0 
0, 73366, 370558930, 0.00, 100.00, 0.00, 2.25, 0, 0 
1, 73366, 370603710, 0.00, 100.00, 0.00, 2.25, 0, 0 
2, 73366, 370654529, 0.00, 100.00, 0.00, 2.25, 0, 0 
3, 73366, 370690437, 0.00, 100.00, 0.00, 2.25, 0, 0 
4, 73366, 370728524, 0.00, 100.00, 0.00, 2.25, 0, 0 
5, 73366, 370763632, 0.00, 100.00, 0.00, 2.25, 0, 0 
6, 73366, 370798639, 0.00, 100.00, 0.00, 2.25, 0, 0 
7, 73366, 370834903, 0.00, 100.00, 0.00, 2.25, 0, 0 
8, 73366, 370870377, 0.00, 100.00, 0.00, 2.25, 0, 0 
9, 73366, 370907075, 0.00, 100.00, 0.00, 2.25, 0, 0 
0, 73366, 370953782, 0.00, 100.00, 0.00, 2.25, 0, 0 
1, 73366, 370996744, 0.00, 100.00, 0.00, 2.25, 0, 0 
2, 73366, 371046960, 0.00, 100.00, 0.00, 2.25, 0, 0 
3, 73366, 371081992, 0.00, 100.00, 0.00, 2.25, 0, 0 
4, 73366, 371116721, 0.00, 100.00, 0.00, 2.25, 0, 0 
5, 73366, 371152194, 0.00, 100.00, 0.00, 2.25, 0, 0 
6, 73366, 371187185, 0.00, 100.00, 0.00, 2.25, 0, 0 
7, 73366, 371222132, 0.00, 100.00, 0.00, 2.25, 0, 0 
8, 73366, 371257022, 0.00, 100.00, 0.00, 2.25, 0, 0 
9, 73366, 371291737, 0.00, 100.00, 0.00, 2.25, 0, 0 
0, 73366, 371338585, 0.00, 100.00, 0.00, 2.25, 0, 0 
1, 73366, 371380833, 0.00, 100.00, 0.00, 2.25, 0, 0 
2, 73366, 371430611, 0.00, 100.00, 0.00, 2.25, 0, 0 
3, 73366, 371465660, 0.00, 100.00, 0.00, 2.25, 0, 0 
4, 73366, 371500945, 0.00, 100.00, 0.00, 2.25, 0, 0 
5, 73366, 371537263, 0.00, 100.00, 0.00, 2.25, 0, 0 
6, 73366, 371572129, 0.00, 100.00, 0.00, 2.25, 0, 0 
7, 73366, 371607718, 0.00, 100.00, 0.00, 2.25, 0, 0 
8, 73366, 371642390, 0.00, 100.00, 0.00, 2.25, 0, 0 
9, 73366, 371677234, 0.00, 100.00, 0.00, 2.25, 0, 0 
0, 73366, 371722388, 0.00, 100.00, 0.00, 2.25, 0, 0 
1, 73366, 371764899, 0.00, 100.00, 0.00, 2.25, 0, 0 
2, 73366, 371815327, 0.00, 100.00, 0.00, 2.25, 0, 0 
3, 73366, 371851091, 0.00, 100.00, 0.00, 2.25, 0, 0 
4, 73366, 371886593, 0.00, 100.00, 0.00, 2.25, 0, 0 
5, 73366, 371922116, 0.00, 100.00, 0.00, 2.25, 0, 0 
6, 73366, 371957206, 0.00, 100.00, 0.00, 2.25, 0, 0 
7, 73366, 371994134, 0.00, 100.00, 0.00, 2.25, 0, 0 
8, 73366, 372048454, 0.00, 100.00, 0.00, 2.25, 0, 0 
9, 73366, 372087587, 0.00, 100.00, 0.00, 2.25, 0, 0 
0, 73366, 372139932, 0.00, 100.00, 0.00, 2.25, 0, 0 
1, 73366, 372183466, 0.00, 100.00, 0.00, 2.25, 0, 0 
2, 73366, 372239015, 0.00, 100.00, 0.00, 2.25, 0, 0 
3, 73366, 372277271, 0.00, 100.00, 0.00, 2.25, 0, 0 
4, 73366, 372312139, 0.00, 100.00, 0.00, 2.25, 0, 0 
5, 73366, 372351304, 0.00, 100.00, 0.00, 2.25, 0, 0 
6, 73366, 372390598, 0.00, 100.00, 0.00, 2.25, 0, 0 
7, 73366, 372430222, 0.00, 100.00, 0.00, 2.25, 0, 0 
8, 73366, 372463172, 0.00, 100.00, 0.00, 2.25, 0, 0 
9, 73366, 372496437, 0.00, 100.00, 0.00, 2.25, 0, 0 
0, 73366, 372539564, 0.00, 100.00, 0.00, 2.25, 0, 0 
1, 73366, 372587563, 0.00, 100.00, 0.00, 2.25, 0, 0 
2, 73366, 372640446, 0.00, 100.00, 0.00, 2.25, 0, 0 
3, 73366, 372676361, 0.00, 100.00, 0.00, 2.25, 0, 0 
4, 73366, 372712040, 0.00, 100.00, 0.00, 2.25, 0, 0 
5, 73366, 372747274, 0.00, 100.00, 0.00, 2.25, 0, 0 
6, 73366, 372782107, 0.00, 100.00, 0.00, 2.25, 0, 0 
7, 73366, 372816815, 0.00, 100.00, 0.00, 2.25, 0, 0 
8, 73366, 372851682, 0.00, 100.00, 0.00, 2.25, 0, 0 
9, 73366, 372886551, 0.00, 100.00, 0.00, 2.25, 0, 0 
0, 73366, 372933220, 0.00, 100.00, 0.00, 2.25, 0, 0 
1, 73366, 372977432, 0.00, 100.00, 0.00, 2.25, 0, 0 
2, 73366, 373029022, 0.00, 100.00, 0.00, 2.25, 0, 0 
3, 73366, 373068411, 0.00, 100.00, 0.00, 2.25, 0, 0 
4, 73366, 373096752, 0.00, 100.00, 0.00, 2.25, 0, 0 
5, 73366, 373123608, 0.00, 100.00, 0.00, 2.25, 0, 0 
6, 73366, 373158688, 0.00, 100.00, 0.00, 2.25, 0, 0 
7, 73366, 373190057, 0.00, 100.00, 0.00, 2.25, 0, 0 
8, 73366, 373217742, 0.00, 100.00, 0.00, 2.25, 0, 0 
9, 73366, 373244866, 0.00, 100.00, 0.00, 2.25, 0, 0 
