Wed Nov 28 13:18:56 2018
StepTime, x, v, f, xdes, vdes, fdes, cmd, IR, LSB, LSF
0, 73476, 918882008, 0.00, 100.00, 0.00, 2.25, 0, 0 
1, 73476, 931519817, 0.00, 100.00, 0.00, 2.25, 0, 0 
2, 73476, 931609208, 0.00, 100.00, 0.00, 2.25, 0, 0 
3, 73476, 931671789, 0.00, 100.00, 0.00, 2.25, 0, 0 
4, 73476, 931732216, 0.00, 100.00, 0.00, 2.25, 0, 0 
5, 73476, 931793583, 0.00, 100.00, 0.00, 2.25, 0, 0 
6, 73476, 931854226, 0.00, 100.00, 0.00, 2.25, 0, 0 
7, 73476, 931922295, 0.00, 100.00, 0.00, 2.25, 0, 0 
8, 73476, 932048609, 0.00, 100.00, 0.00, 2.25, 0, 0 
9, 73476, 932141595, 0.00, 100.00, 0.00, 2.25, 0, 0 
0, 73476, 932236791, 0.00, 100.00, 0.00, 2.25, 0, 0 
1, 73476, 932319567, 0.00, 100.00, 0.00, 2.25, 0, 0 
2, 73476, 932408065, 0.00, 100.00, 0.00, 2.25, 0, 0 
3, 73476, 932478645, 0.00, 100.00, 0.00, 2.25, 0, 0 
4, 73476, 932548258, 0.00, 100.00, 0.00, 2.25, 0, 0 
5, 73476, 932617996, 0.00, 100.00, 0.00, 2.25, 0, 0 
6, 73476, 932688379, 0.00, 100.00, 0.00, 2.25, 0, 0 
7, 73476, 932756925, 0.00, 100.00, 0.00, 2.25, 0, 0 
8, 73476, 932825283, 0.00, 100.00, 0.00, 2.25, 0, 0 
9, 73476, 932894923, 0.00, 100.00, 0.00, 2.25, 0, 0 
0, 73476, 932976382, 0.00, 100.00, 0.00, 2.25, 0, 0 
1, 73476, 933056376, 0.00, 100.00, 0.00, 2.25, 0, 0 
2, 73476, 933140326, 0.00, 100.00, 0.00, 2.25, 0, 0 
3, 73476, 933211210, 0.00, 100.00, 0.00, 2.25, 0, 0 
4, 73476, 933280074, 0.00, 100.00, 0.00, 2.25, 0, 0 
5, 73476, 933348690, 0.00, 100.00, 0.00, 2.25, 0, 0 
6, 73476, 933417220, 0.00, 100.00, 0.00, 2.25, 0, 0 
7, 73476, 933486431, 0.00, 100.00, 0.00, 2.25, 0, 0 
8, 73476, 933554987, 0.00, 100.00, 0.00, 2.25, 0, 0 
9, 73476, 933625694, 0.00, 100.00, 0.00, 2.25, 0, 0 
0, 73476, 933706024, 0.00, 100.00, 0.00, 2.25, 0, 0 
1, 73476, 933785635, 0.00, 100.00, 0.00, 2.25, 0, 0 
2, 73476, 933868392, 0.00, 100.00, 0.00, 2.25, 0, 0 
3, 73476, 933938636, 0.00, 100.00, 0.00, 2.25, 0, 0 
4, 73476, 934008290, 0.00, 100.00, 0.00, 2.25, 0, 0 
5, 73476, 934078659, 0.00, 100.00, 0.00, 2.25, 0, 0 
6, 73476, 934147670, 0.00, 100.00, 0.00, 2.25, 0, 0 
7, 73476, 934216195, 0.00, 100.00, 0.00, 2.25, 0, 0 
8, 73476, 934286317, 0.00, 100.00, 0.00, 2.25, 0, 0 
9, 73476, 934355807, 0.00, 100.00, 0.00, 2.25, 0, 0 
0, 73476, 934436224, 0.00, 100.00, 0.00, 2.25, 0, 0 
1, 73476, 934516647, 0.00, 100.00, 0.00, 2.25, 0, 0 
2, 73476, 934598925, 0.00, 100.00, 0.00, 2.25, 0, 0 
3, 73476, 934668498, 0.00, 100.00, 0.00, 2.25, 0, 0 
4, 73476, 934737228, 0.00, 100.00, 0.00, 2.25, 0, 0 
5, 73476, 934805642, 0.00, 100.00, 0.00, 2.25, 0, 0 
6, 73476, 934874725, 0.00, 100.00, 0.00, 2.25, 0, 0 
7, 73476, 934943661, 0.00, 100.00, 0.00, 2.25, 0, 0 
8, 73476, 935011614, 0.00, 100.00, 0.00, 2.25, 0, 0 
9, 73476, 935080662, 0.00, 100.00, 0.00, 2.25, 0, 0 
0, 73476, 935161465, 0.00, 100.00, 0.00, 2.25, 0, 0 
1, 73476, 935241906, 0.00, 100.00, 0.00, 2.25, 0, 0 
2, 73476, 935325721, 0.00, 100.00, 0.00, 2.25, 0, 0 
3, 73476, 935395560, 0.00, 100.00, 0.00, 2.25, 0, 0 
4, 73476, 935464916, 0.00, 100.00, 0.00, 2.25, 0, 0 
5, 73476, 935534399, 0.00, 100.00, 0.00, 2.25, 0, 0 
6, 73476, 935603261, 0.00, 100.00, 0.00, 2.25, 0, 0 
7, 73476, 935672776, 0.00, 100.00, 0.00, 2.25, 0, 0 
8, 73476, 935742112, 0.00, 100.00, 0.00, 2.25, 0, 0 
9, 73476, 935810342, 0.00, 100.00, 0.00, 2.25, 0, 0 
0, 73476, 935888680, 0.00, 100.00, 0.00, 2.25, 0, 0 
1, 73476, 935968914, 0.00, 100.00, 0.00, 2.25, 0, 0 
2, 73476, 936062810, 0.00, 100.00, 0.00, 2.25, 0, 0 
3, 73476, 936139645, 0.00, 100.00, 0.00, 2.25, 0, 0 
4, 73476, 936212078, 0.00, 100.00, 0.00, 2.25, 0, 0 
5, 73476, 936286252, 0.00, 100.00, 0.00, 2.25, 0, 0 
6, 73476, 936358894, 0.00, 100.00, 0.00, 2.25, 0, 0 
7, 73476, 936431601, 0.00, 100.00, 0.00, 2.25, 0, 0 
8, 73476, 936503426, 0.00, 100.00, 0.00, 2.25, 0, 0 
9, 73476, 936576440, 0.00, 100.00, 0.00, 2.25, 0, 0 
0, 73476, 936662474, 0.00, 100.00, 0.00, 2.25, 0, 0 
1, 73476, 936744761, 0.00, 100.00, 0.00, 2.25, 0, 0 
2, 73476, 936819891, 0.00, 100.00, 0.00, 2.25, 0, 0 
3, 73476, 936874215, 0.00, 100.00, 0.00, 2.25, 0, 0 
4, 73476, 936921676, 0.00, 100.00, 0.00, 2.25, 0, 0 
5, 73476, 936968572, 0.00, 100.00, 0.00, 2.25, 0, 0 
6, 73476, 937015845, 0.00, 100.00, 0.00, 2.25, 0, 0 
7, 73476, 937073162, 0.00, 100.00, 0.00, 2.25, 0, 0 
8, 73476, 937128641, 0.00, 100.00, 0.00, 2.25, 0, 0 
9, 73476, 937184003, 0.00, 100.00, 0.00, 2.25, 0, 0 
0, 73476, 937251809, 0.00, 100.00, 0.00, 2.25, 0, 0 
1, 73476, 937315204, 0.00, 100.00, 0.00, 2.25, 0, 0 
2, 73476, 937371195, 0.00, 100.00, 0.00, 2.25, 0, 0 
3, 73476, 937416460, 0.00, 100.00, 0.00, 2.25, 0, 0 
4, 73476, 937461712, 0.00, 100.00, 0.00, 2.25, 0, 0 
5, 73476, 937506945, 0.00, 100.00, 0.00, 2.25, 0, 0 
6, 73476, 937552231, 0.00, 100.00, 0.00, 2.25, 0, 0 
7, 73476, 937597346, 0.00, 100.00, 0.00, 2.25, 0, 0 
8, 73476, 937642195, 0.00, 100.00, 0.00, 2.25, 0, 0 
9, 73476, 937687665, 0.00, 100.00, 0.00, 2.25, 0, 0 
0, 73476, 937742453, 0.00, 100.00, 0.00, 2.25, 0, 0 
1, 73476, 937792502, 0.00, 100.00, 0.00, 2.25, 0, 0 
2, 73476, 937857673, 0.00, 100.00, 0.00, 2.25, 0, 0 
3, 73476, 937905568, 0.00, 100.00, 0.00, 2.25, 0, 0 
4, 73476, 937950688, 0.00, 100.00, 0.00, 2.25, 0, 0 
5, 73476, 937996051, 0.00, 100.00, 0.00, 2.25, 0, 0 
6, 73476, 938041343, 0.00, 100.00, 0.00, 2.25, 0, 0 
7, 73476, 938086262, 0.00, 100.00, 0.00, 2.25, 0, 0 
8, 73476, 938131878, 0.00, 100.00, 0.00, 2.25, 0, 0 
9, 73476, 938189027, 0.00, 100.00, 0.00, 2.25, 0, 0 
0, 73476, 938242138, 0.00, 100.00, 0.00, 2.25, 0, 0 
1, 73476, 938290820, 0.00, 100.00, 0.00, 2.25, 0, 0 
2, 73476, 938350879, 0.00, 100.00, 0.00, 2.25, 0, 0 
3, 73476, 938397041, 0.00, 100.00, 0.00, 2.25, 0, 0 
4, 73476, 938441197, 0.00, 100.00, 0.00, 2.25, 0, 0 
5, 73476, 938485156, 0.00, 100.00, 0.00, 2.25, 0, 0 
6, 73476, 938528903, 0.00, 100.00, 0.00, 2.25, 0, 0 
7, 73476, 938572857, 0.00, 100.00, 0.00, 2.25, 0, 0 
8, 73476, 938616882, 0.00, 100.00, 0.00, 2.25, 0, 0 
9, 73476, 938660641, 0.00, 100.00, 0.00, 2.25, 0, 0 
0, 73476, 938713596, 0.00, 100.00, 0.00, 2.25, 0, 0 
1, 73476, 938762920, 0.00, 100.00, 0.00, 2.25, 0, 0 
2, 73476, 938825263, 0.00, 100.00, 0.00, 2.25, 0, 0 
3, 73476, 938871533, 0.00, 100.00, 0.00, 2.25, 0, 0 
4, 73476, 938915687, 0.00, 100.00, 0.00, 2.25, 0, 0 
5, 73476, 938959405, 0.00, 100.00, 0.00, 2.25, 0, 0 
6, 73476, 939002986, 0.00, 100.00, 0.00, 2.25, 0, 0 
7, 73476, 939047063, 0.00, 100.00, 0.00, 2.25, 0, 0 
8, 73476, 939090799, 0.00, 100.00, 0.00, 2.25, 0, 0 
9, 73476, 939134730, 0.00, 100.00, 0.00, 2.25, 0, 0 
0, 73476, 939188268, 0.00, 100.00, 0.00, 2.25, 0, 0 
1, 73476, 939237172, 0.00, 100.00, 0.00, 2.25, 0, 0 
2, 73476, 939297922, 0.00, 100.00, 0.00, 2.25, 0, 0 
3, 73476, 939343205, 0.00, 100.00, 0.00, 2.25, 0, 0 
4, 73476, 939387269, 0.00, 100.00, 0.00, 2.25, 0, 0 
5, 73476, 939431356, 0.00, 100.00, 0.00, 2.25, 0, 0 
6, 73476, 939475218, 0.00, 100.00, 0.00, 2.25, 0, 0 
7, 73476, 939519322, 0.00, 100.00, 0.00, 2.25, 0, 0 
8, 73476, 939562948, 0.00, 100.00, 0.00, 2.25, 0, 0 
9, 73476, 939606775, 0.00, 100.00, 0.00, 2.25, 0, 0 
0, 73476, 939660337, 0.00, 100.00, 0.00, 2.25, 0, 0 
1, 73476, 939709320, 0.00, 100.00, 0.00, 2.25, 0, 0 
2, 73476, 939769935, 0.00, 100.00, 0.00, 2.25, 0, 0 
3, 73476, 939814687, 0.00, 100.00, 0.00, 2.25, 0, 0 
4, 73476, 939858749, 0.00, 100.00, 0.00, 2.25, 0, 0 
5, 73476, 939902733, 0.00, 100.00, 0.00, 2.25, 0, 0 
6, 73476, 939946944, 0.00, 100.00, 0.00, 2.25, 0, 0 
7, 73476, 939991085, 0.00, 100.00, 0.00, 2.25, 0, 0 
8, 73476, 940048519, 0.00, 100.00, 0.00, 2.25, 0, 0 
9, 73476, 940097147, 0.00, 100.00, 0.00, 2.25, 0, 0 
0, 73476, 940156077, 0.00, 100.00, 0.00, 2.25, 0, 0 
1, 73476, 940204940, 0.00, 100.00, 0.00, 2.25, 0, 0 
2, 73476, 940266502, 0.00, 100.00, 0.00, 2.25, 0, 0 
3, 73476, 940311119, 0.00, 100.00, 0.00, 2.25, 0, 0 
4, 73476, 940354597, 0.00, 100.00, 0.00, 2.25, 0, 0 
5, 73476, 940398310, 0.00, 100.00, 0.00, 2.25, 0, 0 
6, 73476, 940441876, 0.00, 100.00, 0.00, 2.25, 0, 0 
7, 73476, 940485416, 0.00, 100.00, 0.00, 2.25, 0, 0 
8, 73476, 940528919, 0.00, 100.00, 0.00, 2.25, 0, 0 
9, 73476, 940572513, 0.00, 100.00, 0.00, 2.25, 0, 0 
0, 73476, 940625574, 0.00, 100.00, 0.00, 2.25, 0, 0 
1, 73476, 940673903, 0.00, 100.00, 0.00, 2.25, 0, 0 
2, 73476, 940736898, 0.00, 100.00, 0.00, 2.25, 0, 0 
3, 73476, 940782731, 0.00, 100.00, 0.00, 2.25, 0, 0 
4, 73476, 940826373, 0.00, 100.00, 0.00, 2.25, 0, 0 
5, 73476, 940874194, 0.00, 100.00, 0.00, 2.25, 0, 0 
6, 73476, 940930525, 0.00, 100.00, 0.00, 2.25, 0, 0 
7, 73476, 940976238, 0.00, 100.00, 0.00, 2.25, 0, 0 
8, 73476, 941020100, 0.00, 100.00, 0.00, 2.25, 0, 0 
9, 73476, 941063712, 0.00, 100.00, 0.00, 2.25, 0, 0 
0, 73476, 941116765, 0.00, 100.00, 0.00, 2.25, 0, 0 
1, 73476, 941165366, 0.00, 100.00, 0.00, 2.25, 0, 0 
2, 73476, 941218532, 0.00, 100.00, 0.00, 2.25, 0, 0 
3, 73476, 941262400, 0.00, 100.00, 0.00, 2.25, 0, 0 
4, 73476, 941305998, 0.00, 100.00, 0.00, 2.25, 0, 0 
5, 73476, 941349359, 0.00, 100.00, 0.00, 2.25, 0, 0 
6, 73476, 941392985, 0.00, 100.00, 0.00, 2.25, 0, 0 
7, 73476, 941436433, 0.00, 100.00, 0.00, 2.25, 0, 0 
8, 73476, 941479980, 0.00, 100.00, 0.00, 2.25, 0, 0 
9, 73476, 941523746, 0.00, 100.00, 0.00, 2.25, 0, 0 
0, 73476, 941576545, 0.00, 100.00, 0.00, 2.25, 0, 0 
1, 73476, 941624800, 0.00, 100.00, 0.00, 2.25, 0, 0 
2, 73476, 941691988, 0.00, 100.00, 0.00, 2.25, 0, 0 
3, 73476, 941736007, 0.00, 100.00, 0.00, 2.25, 0, 0 
4, 73476, 941775699, 0.00, 100.00, 0.00, 2.25, 0, 0 
5, 73476, 941815103, 0.00, 100.00, 0.00, 2.25, 0, 0 
6, 73476, 941854446, 0.00, 100.00, 0.00, 2.25, 0, 0 
7, 73476, 941893650, 0.00, 100.00, 0.00, 2.25, 0, 0 
8, 73476, 941933019, 0.00, 100.00, 0.00, 2.25, 0, 0 
9, 73476, 941972332, 0.00, 100.00, 0.00, 2.25, 0, 0 
0, 73476, 942020453, 0.00, 100.00, 0.00, 2.25, 0, 0 
1, 73476, 942063503, 0.00, 100.00, 0.00, 2.25, 0, 0 
2, 73476, 942115769, 0.00, 100.00, 0.00, 2.25, 0, 0 
3, 73476, 942190002, 0.00, 100.00, 0.00, 2.25, 0, 0 
4, 73476, 942229369, 0.00, 100.00, 0.00, 2.25, 0, 0 
5, 73476, 942268877, 0.00, 100.00, 0.00, 2.25, 0, 0 
6, 73476, 942308269, 0.00, 100.00, 0.00, 2.25, 0, 0 
7, 73476, 942347607, 0.00, 100.00, 0.00, 2.25, 0, 0 
8, 73476, 942386819, 0.00, 100.00, 0.00, 2.25, 0, 0 
9, 73476, 942426039, 0.00, 100.00, 0.00, 2.25, 0, 0 
0, 73476, 942474044, 0.00, 100.00, 0.00, 2.25, 0, 0 
1, 73476, 942517057, 0.00, 100.00, 0.00, 2.25, 0, 0 
2, 73476, 942568246, 0.00, 100.00, 0.00, 2.25, 0, 0 
3, 73476, 942608872, 0.00, 100.00, 0.00, 2.25, 0, 0 
4, 73476, 942648311, 0.00, 100.00, 0.00, 2.25, 0, 0 
5, 73476, 942687440, 0.00, 100.00, 0.00, 2.25, 0, 0 
6, 73476, 942726849, 0.00, 100.00, 0.00, 2.25, 0, 0 
7, 73476, 942766242, 0.00, 100.00, 0.00, 2.25, 0, 0 
8, 73476, 942805541, 0.00, 100.00, 0.00, 2.25, 0, 0 
9, 73476, 942844894, 0.00, 100.00, 0.00, 2.25, 0, 0 
0, 73476, 942893231, 0.00, 100.00, 0.00, 2.25, 0, 0 
1, 73476, 942936130, 0.00, 100.00, 0.00, 2.25, 0, 0 
2, 73476, 942987709, 0.00, 100.00, 0.00, 2.25, 0, 0 
3, 73476, 943028048, 0.00, 100.00, 0.00, 2.25, 0, 0 
4, 73476, 943067417, 0.00, 100.00, 0.00, 2.25, 0, 0 
5, 73476, 943106811, 0.00, 100.00, 0.00, 2.25, 0, 0 
6, 73476, 943146083, 0.00, 100.00, 0.00, 2.25, 0, 0 
7, 73476, 943185539, 0.00, 100.00, 0.00, 2.25, 0, 0 
8, 73476, 943224916, 0.00, 100.00, 0.00, 2.25, 0, 0 
9, 73476, 943264442, 0.00, 100.00, 0.00, 2.25, 0, 0 
0, 73476, 943312342, 0.00, 100.00, 0.00, 2.25, 0, 0 
1, 73476, 943355206, 0.00, 100.00, 0.00, 2.25, 0, 0 
2, 73476, 943406364, 0.00, 100.00, 0.00, 2.25, 0, 0 
3, 73476, 943446360, 0.00, 100.00, 0.00, 2.25, 0, 0 
4, 73476, 943485634, 0.00, 100.00, 0.00, 2.25, 0, 0 
5, 73476, 943525031, 0.00, 100.00, 0.00, 2.25, 0, 0 
6, 73476, 943564342, 0.00, 100.00, 0.00, 2.25, 0, 0 
7, 73476, 943603622, 0.00, 100.00, 0.00, 2.25, 0, 0 
8, 73476, 943642942, 0.00, 100.00, 0.00, 2.25, 0, 0 
9, 73476, 943682169, 0.00, 100.00, 0.00, 2.25, 0, 0 
0, 73476, 943730183, 0.00, 100.00, 0.00, 2.25, 0, 0 
1, 73476, 943772919, 0.00, 100.00, 0.00, 2.25, 0, 0 
2, 73476, 943841148, 0.00, 100.00, 0.00, 2.25, 0, 0 
3, 73476, 943910618, 0.00, 100.00, 0.00, 2.25, 0, 0 
4, 73476, 943977761, 0.00, 100.00, 0.00, 2.25, 0, 0 
5, 73476, 944049446, 0.00, 100.00, 0.00, 2.25, 0, 0 
6, 73476, 944117257, 0.00, 100.00, 0.00, 2.25, 0, 0 
7, 73476, 944184533, 0.00, 100.00, 0.00, 2.25, 0, 0 
8, 73476, 944252245, 0.00, 100.00, 0.00, 2.25, 0, 0 
9, 73476, 944316919, 0.00, 100.00, 0.00, 2.25, 0, 0 
0, 73476, 944390874, 0.00, 100.00, 0.00, 2.25, 0, 0 
1, 73476, 944461572, 0.00, 100.00, 0.00, 2.25, 0, 0 
2, 73476, 944534320, 0.00, 100.00, 0.00, 2.25, 0, 0 
3, 73476, 944600221, 0.00, 100.00, 0.00, 2.25, 0, 0 
4, 73476, 944665605, 0.00, 100.00, 0.00, 2.25, 0, 0 
5, 73476, 944731842, 0.00, 100.00, 0.00, 2.25, 0, 0 
6, 73476, 944794482, 0.00, 100.00, 0.00, 2.25, 0, 0 
7, 73476, 944860386, 0.00, 100.00, 0.00, 2.25, 0, 0 
8, 73476, 944925152, 0.00, 100.00, 0.00, 2.25, 0, 0 
9, 73476, 944992177, 0.00, 100.00, 0.00, 2.25, 0, 0 
0, 73476, 945067678, 0.00, 100.00, 0.00, 2.25, 0, 0 
1, 73476, 945144522, 0.00, 100.00, 0.00, 2.25, 0, 0 
2, 73476, 945211212, 0.00, 100.00, 0.00, 2.25, 0, 0 
3, 73476, 945260265, 0.00, 100.00, 0.00, 2.25, 0, 0 
4, 73476, 945304687, 0.00, 100.00, 0.00, 2.25, 0, 0 
5, 73476, 945348605, 0.00, 100.00, 0.00, 2.25, 0, 0 
6, 73476, 945392338, 0.00, 100.00, 0.00, 2.25, 0, 0 
7, 73476, 945435995, 0.00, 100.00, 0.00, 2.25, 0, 0 
8, 73476, 945479805, 0.00, 100.00, 0.00, 2.25, 0, 0 
9, 73476, 945523704, 0.00, 100.00, 0.00, 2.25, 0, 0 
0, 73476, 945576793, 0.00, 100.00, 0.00, 2.25, 0, 0 
1, 73476, 945625656, 0.00, 100.00, 0.00, 2.25, 0, 0 
2, 73476, 945686817, 0.00, 100.00, 0.00, 2.25, 0, 0 
3, 73476, 945730977, 0.00, 100.00, 0.00, 2.25, 0, 0 
4, 73476, 945774966, 0.00, 100.00, 0.00, 2.25, 0, 0 
5, 73476, 945818778, 0.00, 100.00, 0.00, 2.25, 0, 0 
6, 73476, 945862574, 0.00, 100.00, 0.00, 2.25, 0, 0 
7, 73476, 945906216, 0.00, 100.00, 0.00, 2.25, 0, 0 
8, 73476, 945949784, 0.00, 100.00, 0.00, 2.25, 0, 0 
9, 73476, 945993474, 0.00, 100.00, 0.00, 2.25, 0, 0 
0, 73476, 946046485, 0.00, 100.00, 0.00, 2.25, 0, 0 
1, 73476, 946095179, 0.00, 100.00, 0.00, 2.25, 0, 0 
2, 73476, 946155575, 0.00, 100.00, 0.00, 2.25, 0, 0 
3, 73476, 946199885, 0.00, 100.00, 0.00, 2.25, 0, 0 
4, 73476, 946243809, 0.00, 100.00, 0.00, 2.25, 0, 0 
5, 73476, 946287636, 0.00, 100.00, 0.00, 2.25, 0, 0 
6, 73476, 946331426, 0.00, 100.00, 0.00, 2.25, 0, 0 
7, 73476, 946375179, 0.00, 100.00, 0.00, 2.25, 0, 0 
8, 73476, 946418990, 0.00, 100.00, 0.00, 2.25, 0, 0 
9, 73476, 946462895, 0.00, 100.00, 0.00, 2.25, 0, 0 
0, 73476, 946516097, 0.00, 100.00, 0.00, 2.25, 0, 0 
1, 73476, 946564542, 0.00, 100.00, 0.00, 2.25, 0, 0 
2, 73476, 946624775, 0.00, 100.00, 0.00, 2.25, 0, 0 
3, 73476, 946669206, 0.00, 100.00, 0.00, 2.25, 0, 0 
4, 73476, 946712888, 0.00, 100.00, 0.00, 2.25, 0, 0 
5, 73476, 946756305, 0.00, 100.00, 0.00, 2.25, 0, 0 
6, 73476, 946799864, 0.00, 100.00, 0.00, 2.25, 0, 0 
7, 73476, 946843501, 0.00, 100.00, 0.00, 2.25, 0, 0 
8, 73476, 946887072, 0.00, 100.00, 0.00, 2.25, 0, 0 
9, 73476, 946930584, 0.00, 100.00, 0.00, 2.25, 0, 0 
0, 73476, 946983321, 0.00, 100.00, 0.00, 2.25, 0, 0 
1, 73476, 947031563, 0.00, 100.00, 0.00, 2.25, 0, 0 
2, 73476, 947091694, 0.00, 100.00, 0.00, 2.25, 0, 0 
3, 73476, 947135793, 0.00, 100.00, 0.00, 2.25, 0, 0 
4, 73476, 947179328, 0.00, 100.00, 0.00, 2.25, 0, 0 
5, 73476, 947222784, 0.00, 100.00, 0.00, 2.25, 0, 0 
6, 73476, 947266242, 0.00, 100.00, 0.00, 2.25, 0, 0 
7, 73476, 947309726, 0.00, 100.00, 0.00, 2.25, 0, 0 
8, 73476, 947353414, 0.00, 100.00, 0.00, 2.25, 0, 0 
9, 73476, 947397109, 0.00, 100.00, 0.00, 2.25, 0, 0 
0, 73476, 947450122, 0.00, 100.00, 0.00, 2.25, 0, 0 
1, 73476, 947498431, 0.00, 100.00, 0.00, 2.25, 0, 0 
2, 73476, 947558402, 0.00, 100.00, 0.00, 2.25, 0, 0 
3, 73476, 947602918, 0.00, 100.00, 0.00, 2.25, 0, 0 
4, 73476, 947646617, 0.00, 100.00, 0.00, 2.25, 0, 0 
5, 73476, 947690085, 0.00, 100.00, 0.00, 2.25, 0, 0 
6, 73476, 947733477, 0.00, 100.00, 0.00, 2.25, 0, 0 
7, 73476, 947776899, 0.00, 100.00, 0.00, 2.25, 0, 0 
8, 73476, 947820440, 0.00, 100.00, 0.00, 2.25, 0, 0 
9, 73476, 947863962, 0.00, 100.00, 0.00, 2.25, 0, 0 
0, 73476, 947917139, 0.00, 100.00, 0.00, 2.25, 0, 0 
1, 73476, 947965423, 0.00, 100.00, 0.00, 2.25, 0, 0 
2, 73476, 948041861, 0.00, 100.00, 0.00, 2.25, 0, 0 
3, 73476, 948087925, 0.00, 100.00, 0.00, 2.25, 0, 0 
4, 73476, 948132367, 0.00, 100.00, 0.00, 2.25, 0, 0 
5, 73476, 948176944, 0.00, 100.00, 0.00, 2.25, 0, 0 
6, 73476, 948221318, 0.00, 100.00, 0.00, 2.25, 0, 0 
7, 73476, 948265538, 0.00, 100.00, 0.00, 2.25, 0, 0 
8, 73476, 948309659, 0.00, 100.00, 0.00, 2.25, 0, 0 
9, 73476, 948355620, 0.00, 100.00, 0.00, 2.25, 0, 0 
0, 73476, 948421175, 0.00, 100.00, 0.00, 2.25, 0, 0 
1, 73476, 948471839, 0.00, 100.00, 0.00, 2.25, 0, 0 
2, 73476, 948525065, 0.00, 100.00, 0.00, 2.25, 0, 0 
3, 73476, 948569428, 0.00, 100.00, 0.00, 2.25, 0, 0 
4, 73476, 948613578, 0.00, 100.00, 0.00, 2.25, 0, 0 
5, 73476, 948657962, 0.00, 100.00, 0.00, 2.25, 0, 0 
6, 73476, 948702313, 0.00, 100.00, 0.00, 2.25, 0, 0 
7, 73476, 948746505, 0.00, 100.00, 0.00, 2.25, 0, 0 
8, 73476, 948790754, 0.00, 100.00, 0.00, 2.25, 0, 0 
9, 73476, 948834989, 0.00, 100.00, 0.00, 2.25, 0, 0 
0, 73476, 948889430, 0.00, 100.00, 0.00, 2.25, 0, 0 
1, 73476, 948938004, 0.00, 100.00, 0.00, 2.25, 0, 0 
2, 73476, 948991033, 0.00, 100.00, 0.00, 2.25, 0, 0 
3, 73476, 949035315, 0.00, 100.00, 0.00, 2.25, 0, 0 
4, 73476, 949079467, 0.00, 100.00, 0.00, 2.25, 0, 0 
5, 73476, 949123746, 0.00, 100.00, 0.00, 2.25, 0, 0 
6, 73476, 949167937, 0.00, 100.00, 0.00, 2.25, 0, 0 
7, 73476, 949212414, 0.00, 100.00, 0.00, 2.25, 0, 0 
8, 73476, 949256710, 0.00, 100.00, 0.00, 2.25, 0, 0 
9, 73476, 949300908, 0.00, 100.00, 0.00, 2.25, 0, 0 
0, 73476, 949355054, 0.00, 100.00, 0.00, 2.25, 0, 0 
1, 73476, 949403678, 0.00, 100.00, 0.00, 2.25, 0, 0 
2, 73476, 949456858, 0.00, 100.00, 0.00, 2.25, 0, 0 
3, 73476, 949501139, 0.00, 100.00, 0.00, 2.25, 0, 0 
4, 73476, 949545416, 0.00, 100.00, 0.00, 2.25, 0, 0 
5, 73476, 949589747, 0.00, 100.00, 0.00, 2.25, 0, 0 
6, 73476, 949634041, 0.00, 100.00, 0.00, 2.25, 0, 0 
7, 73476, 949678491, 0.00, 100.00, 0.00, 2.25, 0, 0 
8, 73476, 949723064, 0.00, 100.00, 0.00, 2.25, 0, 0 
9, 73476, 949767318, 0.00, 100.00, 0.00, 2.25, 0, 0 
0, 73476, 949821640, 0.00, 100.00, 0.00, 2.25, 0, 0 
1, 73476, 949870253, 0.00, 100.00, 0.00, 2.25, 0, 0 
2, 73476, 949923277, 0.00, 100.00, 0.00, 2.25, 0, 0 
3, 73476, 949967612, 0.00, 100.00, 0.00, 2.25, 0, 0 
4, 73476, 950011581, 0.00, 100.00, 0.00, 2.25, 0, 0 
5, 73476, 950055761, 0.00, 100.00, 0.00, 2.25, 0, 0 
6, 73476, 950100066, 0.00, 100.00, 0.00, 2.25, 0, 0 
7, 73476, 950144179, 0.00, 100.00, 0.00, 2.25, 0, 0 
8, 73476, 950188364, 0.00, 100.00, 0.00, 2.25, 0, 0 
9, 73476, 950232585, 0.00, 100.00, 0.00, 2.25, 0, 0 
0, 73476, 950287295, 0.00, 100.00, 0.00, 2.25, 0, 0 
1, 73476, 950335921, 0.00, 100.00, 0.00, 2.25, 0, 0 
2, 73476, 950388857, 0.00, 100.00, 0.00, 2.25, 0, 0 
3, 73476, 950433126, 0.00, 100.00, 0.00, 2.25, 0, 0 
4, 73476, 950477419, 0.00, 100.00, 0.00, 2.25, 0, 0 
5, 73476, 950521600, 0.00, 100.00, 0.00, 2.25, 0, 0 
6, 73476, 950565619, 0.00, 100.00, 0.00, 2.25, 0, 0 
7, 73476, 950609810, 0.00, 100.00, 0.00, 2.25, 0, 0 
8, 73476, 950654064, 0.00, 100.00, 0.00, 2.25, 0, 0 
9, 73476, 950698415, 0.00, 100.00, 0.00, 2.25, 0, 0 
0, 73476, 950752996, 0.00, 100.00, 0.00, 2.25, 0, 0 
1, 73476, 950801426, 0.00, 100.00, 0.00, 2.25, 0, 0 
2, 73476, 950854202, 0.00, 100.00, 0.00, 2.25, 0, 0 
3, 73476, 950898348, 0.00, 100.00, 0.00, 2.25, 0, 0 
4, 73476, 950942499, 0.00, 100.00, 0.00, 2.25, 0, 0 
5, 73476, 950987311, 0.00, 100.00, 0.00, 2.25, 0, 0 
6, 73476, 951031623, 0.00, 100.00, 0.00, 2.25, 0, 0 
7, 73476, 951075847, 0.00, 100.00, 0.00, 2.25, 0, 0 
8, 73476, 951120077, 0.00, 100.00, 0.00, 2.25, 0, 0 
9, 73476, 951164430, 0.00, 100.00, 0.00, 2.25, 0, 0 
0, 73476, 951218602, 0.00, 100.00, 0.00, 2.25, 0, 0 
1, 73476, 951267387, 0.00, 100.00, 0.00, 2.25, 0, 0 
2, 73476, 951320220, 0.00, 100.00, 0.00, 2.25, 0, 0 
3, 73476, 951364362, 0.00, 100.00, 0.00, 2.25, 0, 0 
4, 73476, 951408629, 0.00, 100.00, 0.00, 2.25, 0, 0 
5, 73476, 951453035, 0.00, 100.00, 0.00, 2.25, 0, 0 
6, 73476, 951497435, 0.00, 100.00, 0.00, 2.25, 0, 0 
7, 73476, 951541794, 0.00, 100.00, 0.00, 2.25, 0, 0 
8, 73476, 951586210, 0.00, 100.00, 0.00, 2.25, 0, 0 
9, 73476, 951630538, 0.00, 100.00, 0.00, 2.25, 0, 0 
0, 73476, 951684805, 0.00, 100.00, 0.00, 2.25, 0, 0 
1, 73476, 951733328, 0.00, 100.00, 0.00, 2.25, 0, 0 
2, 73476, 951786198, 0.00, 100.00, 0.00, 2.25, 0, 0 
3, 73476, 951830547, 0.00, 100.00, 0.00, 2.25, 0, 0 
4, 73476, 951874818, 0.00, 100.00, 0.00, 2.25, 0, 0 
5, 73476, 951919043, 0.00, 100.00, 0.00, 2.25, 0, 0 
6, 73476, 951968634, 0.00, 100.00, 0.00, 2.25, 0, 0 
7, 73476, 952026307, 0.00, 100.00, 0.00, 2.25, 0, 0 
8, 73476, 952068231, 0.00, 100.00, 0.00, 2.25, 0, 0 
9, 73476, 952108016, 0.00, 100.00, 0.00, 2.25, 0, 0 
0, 73476, 952156705, 0.00, 100.00, 0.00, 2.25, 0, 0 
1, 73476, 952199840, 0.00, 100.00, 0.00, 2.25, 0, 0 
2, 73476, 952257439, 0.00, 100.00, 0.00, 2.25, 0, 0 
3, 73476, 952298918, 0.00, 100.00, 0.00, 2.25, 0, 0 
4, 73476, 952338672, 0.00, 100.00, 0.00, 2.25, 0, 0 
5, 73476, 952378300, 0.00, 100.00, 0.00, 2.25, 0, 0 
6, 73476, 952417987, 0.00, 100.00, 0.00, 2.25, 0, 0 
7, 73476, 952459489, 0.00, 100.00, 0.00, 2.25, 0, 0 
8, 73476, 952503617, 0.00, 100.00, 0.00, 2.25, 0, 0 
9, 73476, 952547919, 0.00, 100.00, 0.00, 2.25, 0, 0 
0, 73476, 952601939, 0.00, 100.00, 0.00, 2.25, 0, 0 
1, 73476, 952650413, 0.00, 100.00, 0.00, 2.25, 0, 0 
2, 73476, 952703354, 0.00, 100.00, 0.00, 2.25, 0, 0 
3, 73476, 952747526, 0.00, 100.00, 0.00, 2.25, 0, 0 
4, 73476, 952791925, 0.00, 100.00, 0.00, 2.25, 0, 0 
5, 73476, 952836342, 0.00, 100.00, 0.00, 2.25, 0, 0 
6, 73476, 952880524, 0.00, 100.00, 0.00, 2.25, 0, 0 
7, 73476, 952924773, 0.00, 100.00, 0.00, 2.25, 0, 0 
8, 73476, 952968890, 0.00, 100.00, 0.00, 2.25, 0, 0 
9, 73476, 953013185, 0.00, 100.00, 0.00, 2.25, 0, 0 
0, 73476, 953067659, 0.00, 100.00, 0.00, 2.25, 0, 0 
1, 73476, 953116061, 0.00, 100.00, 0.00, 2.25, 0, 0 
2, 73476, 953168765, 0.00, 100.00, 0.00, 2.25, 0, 0 
3, 73476, 953212931, 0.00, 100.00, 0.00, 2.25, 0, 0 
4, 73476, 953257199, 0.00, 100.00, 0.00, 2.25, 0, 0 
5, 73476, 953301526, 0.00, 100.00, 0.00, 2.25, 0, 0 
6, 73476, 953345476, 0.00, 100.00, 0.00, 2.25, 0, 0 
7, 73476, 953389792, 0.00, 100.00, 0.00, 2.25, 0, 0 
8, 73476, 953434030, 0.00, 100.00, 0.00, 2.25, 0, 0 
9, 73476, 953478257, 0.00, 100.00, 0.00, 2.25, 0, 0 
0, 73476, 953532556, 0.00, 100.00, 0.00, 2.25, 0, 0 
1, 73476, 953581071, 0.00, 100.00, 0.00, 2.25, 0, 0 
2, 73476, 953634079, 0.00, 100.00, 0.00, 2.25, 0, 0 
3, 73476, 953678227, 0.00, 100.00, 0.00, 2.25, 0, 0 
4, 73476, 953722411, 0.00, 100.00, 0.00, 2.25, 0, 0 
5, 73476, 953766458, 0.00, 100.00, 0.00, 2.25, 0, 0 
6, 73476, 953810656, 0.00, 100.00, 0.00, 2.25, 0, 0 
7, 73476, 953854707, 0.00, 100.00, 0.00, 2.25, 0, 0 
8, 73476, 953898787, 0.00, 100.00, 0.00, 2.25, 0, 0 
9, 73476, 953943085, 0.00, 100.00, 0.00, 2.25, 0, 0 
0, 73476, 953997371, 0.00, 100.00, 0.00, 2.25, 0, 0 
1, 73476, 954045824, 0.00, 100.00, 0.00, 2.25, 0, 0 
2, 73476, 954098651, 0.00, 100.00, 0.00, 2.25, 0, 0 
3, 73476, 954142584, 0.00, 100.00, 0.00, 2.25, 0, 0 
4, 73476, 954186564, 0.00, 100.00, 0.00, 2.25, 0, 0 
5, 73476, 954230619, 0.00, 100.00, 0.00, 2.25, 0, 0 
6, 73476, 954274807, 0.00, 100.00, 0.00, 2.25, 0, 0 
7, 73476, 954319268, 0.00, 100.00, 0.00, 2.25, 0, 0 
8, 73476, 954363684, 0.00, 100.00, 0.00, 2.25, 0, 0 
9, 73476, 954407685, 0.00, 100.00, 0.00, 2.25, 0, 0 
0, 73476, 954461860, 0.00, 100.00, 0.00, 2.25, 0, 0 
1, 73476, 954510367, 0.00, 100.00, 0.00, 2.25, 0, 0 
2, 73476, 957380093, 0.00, 100.00, 0.00, 2.25, 0, 0 
3, 73476, 957482527, 0.00, 100.00, 0.00, 2.25, 0, 0 
4, 73476, 957546225, 0.00, 100.00, 0.00, 2.25, 0, 0 
5, 73476, 957606835, 0.00, 100.00, 0.00, 2.25, 0, 0 
6, 73476, 957666327, 0.00, 100.00, 0.00, 2.25, 0, 0 
7, 73476, 957725882, 0.00, 100.00, 0.00, 2.25, 0, 0 
8, 73476, 957785573, 0.00, 100.00, 0.00, 2.25, 0, 0 
9, 73476, 957844736, 0.00, 100.00, 0.00, 2.25, 0, 0 
0, 73476, 957918493, 0.00, 100.00, 0.00, 2.25, 0, 0 
1, 73476, 957983384, 0.00, 100.00, 0.00, 2.25, 0, 0 
2, 73476, 958054412, 0.00, 100.00, 0.00, 2.25, 0, 0 
3, 73476, 958116988, 0.00, 100.00, 0.00, 2.25, 0, 0 
4, 73476, 958176309, 0.00, 100.00, 0.00, 2.25, 0, 0 
5, 73476, 958236104, 0.00, 100.00, 0.00, 2.25, 0, 0 
6, 73476, 958296159, 0.00, 100.00, 0.00, 2.25, 0, 0 
7, 73476, 958355279, 0.00, 100.00, 0.00, 2.25, 0, 0 
8, 73476, 958414779, 0.00, 100.00, 0.00, 2.25, 0, 0 
9, 73476, 958474195, 0.00, 100.00, 0.00, 2.25, 0, 0 
0, 73476, 958546944, 0.00, 100.00, 0.00, 2.25, 0, 0 
1, 73476, 958611152, 0.00, 100.00, 0.00, 2.25, 0, 0 
2, 73476, 958680573, 0.00, 100.00, 0.00, 2.25, 0, 0 
3, 73476, 958727091, 0.00, 100.00, 0.00, 2.25, 0, 0 
4, 73476, 958766650, 0.00, 100.00, 0.00, 2.25, 0, 0 
5, 73476, 958809477, 0.00, 100.00, 0.00, 2.25, 0, 0 
6, 73476, 958859615, 0.00, 100.00, 0.00, 2.25, 0, 0 
7, 73476, 958900524, 0.00, 100.00, 0.00, 2.25, 0, 0 
8, 73476, 958939863, 0.00, 100.00, 0.00, 2.25, 0, 0 
9, 73476, 958979171, 0.00, 100.00, 0.00, 2.25, 0, 0 
0, 73476, 959027395, 0.00, 100.00, 0.00, 2.25, 0, 0 
1, 73476, 959070426, 0.00, 100.00, 0.00, 2.25, 0, 0 
2, 73476, 959128994, 0.00, 100.00, 0.00, 2.25, 0, 0 
3, 73476, 959170229, 0.00, 100.00, 0.00, 2.25, 0, 0 
4, 73476, 959209776, 0.00, 100.00, 0.00, 2.25, 0, 0 
5, 73476, 959249433, 0.00, 100.00, 0.00, 2.25, 0, 0 
6, 73476, 959288874, 0.00, 100.00, 0.00, 2.25, 0, 0 
7, 73476, 959328364, 0.00, 100.00, 0.00, 2.25, 0, 0 
8, 73476, 959367659, 0.00, 100.00, 0.00, 2.25, 0, 0 
9, 73476, 959407163, 0.00, 100.00, 0.00, 2.25, 0, 0 
0, 73476, 959455282, 0.00, 100.00, 0.00, 2.25, 0, 0 
1, 73476, 959498238, 0.00, 100.00, 0.00, 2.25, 0, 0 
2, 73476, 959559948, 0.00, 100.00, 0.00, 2.25, 0, 0 
3, 73476, 959600998, 0.00, 100.00, 0.00, 2.25, 0, 0 
4, 73476, 959640563, 0.00, 100.00, 0.00, 2.25, 0, 0 
5, 73476, 959679940, 0.00, 100.00, 0.00, 2.25, 0, 0 
6, 73476, 959719316, 0.00, 100.00, 0.00, 2.25, 0, 0 
7, 73476, 959758826, 0.00, 100.00, 0.00, 2.25, 0, 0 
8, 73476, 959798277, 0.00, 100.00, 0.00, 2.25, 0, 0 
9, 73476, 959837614, 0.00, 100.00, 0.00, 2.25, 0, 0 
0, 73476, 959885515, 0.00, 100.00, 0.00, 2.25, 0, 0 
1, 73476, 959928527, 0.00, 100.00, 0.00, 2.25, 0, 0 
2, 73476, 959989624, 0.00, 100.00, 0.00, 2.25, 0, 0 
3, 73476, 960044478, 0.00, 100.00, 0.00, 2.25, 0, 0 
4, 73476, 960088664, 0.00, 100.00, 0.00, 2.25, 0, 0 
5, 73476, 960131317, 0.00, 100.00, 0.00, 2.25, 0, 0 
6, 73476, 960173874, 0.00, 100.00, 0.00, 2.25, 0, 0 
7, 73476, 960216354, 0.00, 100.00, 0.00, 2.25, 0, 0 
8, 73476, 960258896, 0.00, 100.00, 0.00, 2.25, 0, 0 
9, 73476, 960301593, 0.00, 100.00, 0.00, 2.25, 0, 0 
0, 73476, 960355171, 0.00, 100.00, 0.00, 2.25, 0, 0 
1, 73476, 960398639, 0.00, 100.00, 0.00, 2.25, 0, 0 
2, 73476, 960455855, 0.00, 100.00, 0.00, 2.25, 0, 0 
3, 73476, 960496064, 0.00, 100.00, 0.00, 2.25, 0, 0 
4, 73476, 960536011, 0.00, 100.00, 0.00, 2.25, 0, 0 
5, 73476, 960575232, 0.00, 100.00, 0.00, 2.25, 0, 0 
6, 73476, 960614430, 0.00, 100.00, 0.00, 2.25, 0, 0 
7, 73476, 960653745, 0.00, 100.00, 0.00, 2.25, 0, 0 
8, 73476, 960692819, 0.00, 100.00, 0.00, 2.25, 0, 0 
9, 73476, 960732182, 0.00, 100.00, 0.00, 2.25, 0, 0 
0, 73476, 960780321, 0.00, 100.00, 0.00, 2.25, 0, 0 
1, 73476, 960823276, 0.00, 100.00, 0.00, 2.25, 0, 0 
2, 73476, 960880816, 0.00, 100.00, 0.00, 2.25, 0, 0 
3, 73476, 960921489, 0.00, 100.00, 0.00, 2.25, 0, 0 
4, 73476, 960960995, 0.00, 100.00, 0.00, 2.25, 0, 0 
5, 73476, 961000274, 0.00, 100.00, 0.00, 2.25, 0, 0 
6, 73476, 961039690, 0.00, 100.00, 0.00, 2.25, 0, 0 
7, 73476, 961078906, 0.00, 100.00, 0.00, 2.25, 0, 0 
8, 73476, 961118048, 0.00, 100.00, 0.00, 2.25, 0, 0 
9, 73476, 961157346, 0.00, 100.00, 0.00, 2.25, 0, 0 
0, 73476, 961205349, 0.00, 100.00, 0.00, 2.25, 0, 0 
1, 73476, 961248226, 0.00, 100.00, 0.00, 2.25, 0, 0 
2, 73476, 961310047, 0.00, 100.00, 0.00, 2.25, 0, 0 
3, 73476, 961351064, 0.00, 100.00, 0.00, 2.25, 0, 0 
4, 73476, 961390658, 0.00, 100.00, 0.00, 2.25, 0, 0 
5, 73476, 961430004, 0.00, 100.00, 0.00, 2.25, 0, 0 
6, 73476, 961469305, 0.00, 100.00, 0.00, 2.25, 0, 0 
7, 73476, 961508841, 0.00, 100.00, 0.00, 2.25, 0, 0 
8, 73476, 961548291, 0.00, 100.00, 0.00, 2.25, 0, 0 
9, 73476, 961587686, 0.00, 100.00, 0.00, 2.25, 0, 0 
0, 73476, 961635639, 0.00, 100.00, 0.00, 2.25, 0, 0 
1, 73476, 961678679, 0.00, 100.00, 0.00, 2.25, 0, 0 
2, 73476, 961757266, 0.00, 100.00, 0.00, 2.25, 0, 0 
3, 73476, 961825872, 0.00, 100.00, 0.00, 2.25, 0, 0 
4, 73476, 961892643, 0.00, 100.00, 0.00, 2.25, 0, 0 
5, 73476, 961959548, 0.00, 100.00, 0.00, 2.25, 0, 0 
6, 73476, 962026399, 0.00, 100.00, 0.00, 2.25, 0, 0 
7, 73476, 962092867, 0.00, 100.00, 0.00, 2.25, 0, 0 
8, 73476, 962159380, 0.00, 100.00, 0.00, 2.25, 0, 0 
9, 73476, 962226492, 0.00, 100.00, 0.00, 2.25, 0, 0 
0, 73476, 962303014, 0.00, 100.00, 0.00, 2.25, 0, 0 
1, 73476, 962351103, 0.00, 100.00, 0.00, 2.25, 0, 0 
2, 73476, 962420120, 0.00, 100.00, 0.00, 2.25, 0, 0 
3, 73476, 962481392, 0.00, 100.00, 0.00, 2.25, 0, 0 
4, 73476, 962547962, 0.00, 100.00, 0.00, 2.25, 0, 0 
5, 73476, 962615938, 0.00, 100.00, 0.00, 2.25, 0, 0 
6, 73476, 962682951, 0.00, 100.00, 0.00, 2.25, 0, 0 
7, 73476, 962749653, 0.00, 100.00, 0.00, 2.25, 0, 0 
8, 73476, 962816133, 0.00, 100.00, 0.00, 2.25, 0, 0 
9, 73476, 962882887, 0.00, 100.00, 0.00, 2.25, 0, 0 
0, 73476, 962959442, 0.00, 100.00, 0.00, 2.25, 0, 0 
1, 73476, 963037126, 0.00, 100.00, 0.00, 2.25, 0, 0 
2, 73476, 963103082, 0.00, 100.00, 0.00, 2.25, 0, 0 
3, 73476, 963145036, 0.00, 100.00, 0.00, 2.25, 0, 0 
4, 73476, 963184730, 0.00, 100.00, 0.00, 2.25, 0, 0 
5, 73476, 963224143, 0.00, 100.00, 0.00, 2.25, 0, 0 
6, 73476, 963263295, 0.00, 100.00, 0.00, 2.25, 0, 0 
7, 73476, 963302648, 0.00, 100.00, 0.00, 2.25, 0, 0 
8, 73476, 963342051, 0.00, 100.00, 0.00, 2.25, 0, 0 
9, 73476, 963381363, 0.00, 100.00, 0.00, 2.25, 0, 0 
0, 73476, 963429308, 0.00, 100.00, 0.00, 2.25, 0, 0 
1, 73476, 963472319, 0.00, 100.00, 0.00, 2.25, 0, 0 
2, 73476, 963554091, 0.00, 100.00, 0.00, 2.25, 0, 0 
3, 73476, 963622742, 0.00, 100.00, 0.00, 2.25, 0, 0 
4, 73476, 963690164, 0.00, 100.00, 0.00, 2.25, 0, 0 
5, 73476, 963756182, 0.00, 100.00, 0.00, 2.25, 0, 0 
6, 73476, 963822367, 0.00, 100.00, 0.00, 2.25, 0, 0 
7, 73476, 963889255, 0.00, 100.00, 0.00, 2.25, 0, 0 
8, 73476, 963954578, 0.00, 100.00, 0.00, 2.25, 0, 0 
9, 73476, 964040545, 0.00, 100.00, 0.00, 2.25, 0, 0 
0, 73476, 964115029, 0.00, 100.00, 0.00, 2.25, 0, 0 
1, 73476, 964198533, 0.00, 100.00, 0.00, 2.25, 0, 0 
2, 73476, 964286442, 0.00, 100.00, 0.00, 2.25, 0, 0 
3, 73476, 964333894, 0.00, 100.00, 0.00, 2.25, 0, 0 
4, 73476, 964403250, 0.00, 100.00, 0.00, 2.25, 0, 0 
5, 73476, 964465806, 0.00, 100.00, 0.00, 2.25, 0, 0 
6, 73476, 964532279, 0.00, 100.00, 0.00, 2.25, 0, 0 
7, 73476, 964595379, 0.00, 100.00, 0.00, 2.25, 0, 0 
8, 73476, 964657789, 0.00, 100.00, 0.00, 2.25, 0, 0 
9, 73476, 964720770, 0.00, 100.00, 0.00, 2.25, 0, 0 
0, 73476, 964797793, 0.00, 100.00, 0.00, 2.25, 0, 0 
1, 73476, 964877274, 0.00, 100.00, 0.00, 2.25, 0, 0 
2, 73476, 965011318, 0.00, 100.00, 0.00, 2.25, 0, 0 
3, 73476, 965080429, 0.00, 100.00, 0.00, 2.25, 0, 0 
4, 73476, 965143827, 0.00, 100.00, 0.00, 2.25, 0, 0 
5, 73476, 965206950, 0.00, 100.00, 0.00, 2.25, 0, 0 
6, 73476, 965269991, 0.00, 100.00, 0.00, 2.25, 0, 0 
7, 73476, 965333727, 0.00, 100.00, 0.00, 2.25, 0, 0 
8, 73476, 965397032, 0.00, 100.00, 0.00, 2.25, 0, 0 
9, 73476, 965459418, 0.00, 100.00, 0.00, 2.25, 0, 0 
0, 73476, 965535186, 0.00, 100.00, 0.00, 2.25, 0, 0 
1, 73476, 965613331, 0.00, 100.00, 0.00, 2.25, 0, 0 
2, 73476, 965692231, 0.00, 100.00, 0.00, 2.25, 0, 0 
3, 73476, 965757066, 0.00, 100.00, 0.00, 2.25, 0, 0 
4, 73476, 965821893, 0.00, 100.00, 0.00, 2.25, 0, 0 
5, 73476, 965886452, 0.00, 100.00, 0.00, 2.25, 0, 0 
6, 73476, 965950693, 0.00, 100.00, 0.00, 2.25, 0, 0 
7, 73476, 966015408, 0.00, 100.00, 0.00, 2.25, 0, 0 
8, 73476, 966079796, 0.00, 100.00, 0.00, 2.25, 0, 0 
9, 73476, 966144653, 0.00, 100.00, 0.00, 2.25, 0, 0 
0, 73476, 966223023, 0.00, 100.00, 0.00, 2.25, 0, 0 
1, 73476, 966301161, 0.00, 100.00, 0.00, 2.25, 0, 0 
2, 73476, 966382403, 0.00, 100.00, 0.00, 2.25, 0, 0 
3, 73476, 966448039, 0.00, 100.00, 0.00, 2.25, 0, 0 
4, 73476, 966513068, 0.00, 100.00, 0.00, 2.25, 0, 0 
5, 73476, 966577401, 0.00, 100.00, 0.00, 2.25, 0, 0 
6, 73476, 966641378, 0.00, 100.00, 0.00, 2.25, 0, 0 
7, 73476, 966705876, 0.00, 100.00, 0.00, 2.25, 0, 0 
8, 73476, 966770038, 0.00, 100.00, 0.00, 2.25, 0, 0 
9, 73476, 966834948, 0.00, 100.00, 0.00, 2.25, 0, 0 
0, 73476, 966913286, 0.00, 100.00, 0.00, 2.25, 0, 0 
1, 73476, 966991931, 0.00, 100.00, 0.00, 2.25, 0, 0 
2, 73476, 967071885, 0.00, 100.00, 0.00, 2.25, 0, 0 
3, 73476, 967135929, 0.00, 100.00, 0.00, 2.25, 0, 0 
4, 73476, 967200649, 0.00, 100.00, 0.00, 2.25, 0, 0 
5, 73476, 967265471, 0.00, 100.00, 0.00, 2.25, 0, 0 
6, 73476, 967330247, 0.00, 100.00, 0.00, 2.25, 0, 0 
7, 73476, 967394968, 0.00, 100.00, 0.00, 2.25, 0, 0 
8, 73476, 967458073, 0.00, 100.00, 0.00, 2.25, 0, 0 
9, 73476, 967513621, 0.00, 100.00, 0.00, 2.25, 0, 0 
0, 73476, 967577866, 0.00, 100.00, 0.00, 2.25, 0, 0 
1, 73476, 967645812, 0.00, 100.00, 0.00, 2.25, 0, 0 
2, 73476, 967719135, 0.00, 100.00, 0.00, 2.25, 0, 0 
3, 73476, 967769847, 0.00, 100.00, 0.00, 2.25, 0, 0 
4, 73476, 967819241, 0.00, 100.00, 0.00, 2.25, 0, 0 
5, 73476, 967872857, 0.00, 100.00, 0.00, 2.25, 0, 0 
6, 73476, 967923218, 0.00, 100.00, 0.00, 2.25, 0, 0 
7, 73476, 967976892, 0.00, 100.00, 0.00, 2.25, 0, 0 
8, 73476, 968050042, 0.00, 100.00, 0.00, 2.25, 0, 0 
9, 73476, 968104539, 0.00, 100.00, 0.00, 2.25, 0, 0 
0, 73476, 968169061, 0.00, 100.00, 0.00, 2.25, 0, 0 
1, 73476, 968229160, 0.00, 100.00, 0.00, 2.25, 0, 0 
2, 73476, 968297498, 0.00, 100.00, 0.00, 2.25, 0, 0 
3, 73476, 968354549, 0.00, 100.00, 0.00, 2.25, 0, 0 
4, 73476, 968410126, 0.00, 100.00, 0.00, 2.25, 0, 0 
5, 73476, 968464982, 0.00, 100.00, 0.00, 2.25, 0, 0 
6, 73476, 968522741, 0.00, 100.00, 0.00, 2.25, 0, 0 
7, 73476, 968577273, 0.00, 100.00, 0.00, 2.25, 0, 0 
8, 73476, 968636750, 0.00, 100.00, 0.00, 2.25, 0, 0 
9, 73476, 968695573, 0.00, 100.00, 0.00, 2.25, 0, 0 
0, 73476, 968761003, 0.00, 100.00, 0.00, 2.25, 0, 0 
1, 73476, 968828051, 0.00, 100.00, 0.00, 2.25, 0, 0 
2, 73476, 968901263, 0.00, 100.00, 0.00, 2.25, 0, 0 
3, 73476, 968962635, 0.00, 100.00, 0.00, 2.25, 0, 0 
4, 73476, 969018970, 0.00, 100.00, 0.00, 2.25, 0, 0 
5, 73476, 969075337, 0.00, 100.00, 0.00, 2.25, 0, 0 
6, 73476, 969133368, 0.00, 100.00, 0.00, 2.25, 0, 0 
7, 73476, 969189055, 0.00, 100.00, 0.00, 2.25, 0, 0 
8, 73476, 969246726, 0.00, 100.00, 0.00, 2.25, 0, 0 
9, 73476, 969304956, 0.00, 100.00, 0.00, 2.25, 0, 0 
0, 73476, 969370959, 0.00, 100.00, 0.00, 2.25, 0, 0 
1, 73476, 969432665, 0.00, 100.00, 0.00, 2.25, 0, 0 
2, 73476, 969500777, 0.00, 100.00, 0.00, 2.25, 0, 0 
3, 73476, 969558638, 0.00, 100.00, 0.00, 2.25, 0, 0 
4, 73476, 969614916, 0.00, 100.00, 0.00, 2.25, 0, 0 
5, 73476, 969668107, 0.00, 100.00, 0.00, 2.25, 0, 0 
6, 73476, 969722867, 0.00, 100.00, 0.00, 2.25, 0, 0 
7, 73476, 969780346, 0.00, 100.00, 0.00, 2.25, 0, 0 
8, 73476, 969840011, 0.00, 100.00, 0.00, 2.25, 0, 0 
9, 73476, 969898566, 0.00, 100.00, 0.00, 2.25, 0, 0 
0, 73476, 969969529, 0.00, 100.00, 0.00, 2.25, 0, 0 
1, 73476, 970028540, 0.00, 100.00, 0.00, 2.25, 0, 0 
2, 73476, 970096335, 0.00, 100.00, 0.00, 2.25, 0, 0 
3, 73476, 970156367, 0.00, 100.00, 0.00, 2.25, 0, 0 
4, 73476, 970210658, 0.00, 100.00, 0.00, 2.25, 0, 0 
5, 73476, 970270933, 0.00, 100.00, 0.00, 2.25, 0, 0 
6, 73476, 970324165, 0.00, 100.00, 0.00, 2.25, 0, 0 
7, 73476, 970378574, 0.00, 100.00, 0.00, 2.25, 0, 0 
8, 73476, 970433591, 0.00, 100.00, 0.00, 2.25, 0, 0 
9, 73476, 970489974, 0.00, 100.00, 0.00, 2.25, 0, 0 
0, 73476, 970557232, 0.00, 100.00, 0.00, 2.25, 0, 0 
1, 73476, 970619123, 0.00, 100.00, 0.00, 2.25, 0, 0 
2, 73476, 970684533, 0.00, 100.00, 0.00, 2.25, 0, 0 
3, 73476, 970744954, 0.00, 100.00, 0.00, 2.25, 0, 0 
4, 73476, 970796805, 0.00, 100.00, 0.00, 2.25, 0, 0 
5, 73476, 970849020, 0.00, 100.00, 0.00, 2.25, 0, 0 
6, 73476, 970897802, 0.00, 100.00, 0.00, 2.25, 0, 0 
7, 73476, 970951081, 0.00, 100.00, 0.00, 2.25, 0, 0 
8, 73476, 971002583, 0.00, 100.00, 0.00, 2.25, 0, 0 
9, 73476, 971054524, 0.00, 100.00, 0.00, 2.25, 0, 0 
0, 73476, 971118528, 0.00, 100.00, 0.00, 2.25, 0, 0 
1, 73476, 971193159, 0.00, 100.00, 0.00, 2.25, 0, 0 
2, 73476, 971263052, 0.00, 100.00, 0.00, 2.25, 0, 0 
3, 73476, 971324267, 0.00, 100.00, 0.00, 2.25, 0, 0 
4, 73476, 971382868, 0.00, 100.00, 0.00, 2.25, 0, 0 
5, 73476, 971438233, 0.00, 100.00, 0.00, 2.25, 0, 0 
6, 73476, 971492753, 0.00, 100.00, 0.00, 2.25, 0, 0 
7, 73476, 971545627, 0.00, 100.00, 0.00, 2.25, 0, 0 
8, 73476, 971600882, 0.00, 100.00, 0.00, 2.25, 0, 0 
9, 73476, 971660602, 0.00, 100.00, 0.00, 2.25, 0, 0 
0, 73476, 971722741, 0.00, 100.00, 0.00, 2.25, 0, 0 
1, 73476, 971788824, 0.00, 100.00, 0.00, 2.25, 0, 0 
2, 73476, 971854759, 0.00, 100.00, 0.00, 2.25, 0, 0 
3, 73476, 971914526, 0.00, 100.00, 0.00, 2.25, 0, 0 
4, 73476, 971969101, 0.00, 100.00, 0.00, 2.25, 0, 0 
5, 73476, 972032823, 0.00, 100.00, 0.00, 2.25, 0, 0 
6, 73476, 972087157, 0.00, 100.00, 0.00, 2.25, 0, 0 
7, 73476, 972145336, 0.00, 100.00, 0.00, 2.25, 0, 0 
8, 73476, 972198534, 0.00, 100.00, 0.00, 2.25, 0, 0 
9, 73476, 972249823, 0.00, 100.00, 0.00, 2.25, 0, 0 
0, 73476, 972310887, 0.00, 100.00, 0.00, 2.25, 0, 0 
1, 73476, 972372607, 0.00, 100.00, 0.00, 2.25, 0, 0 
2, 73476, 972428995, 0.00, 100.00, 0.00, 2.25, 0, 0 
3, 73476, 972468296, 0.00, 100.00, 0.00, 2.25, 0, 0 
4, 73476, 972503877, 0.00, 100.00, 0.00, 2.25, 0, 0 
5, 73476, 972539274, 0.00, 100.00, 0.00, 2.25, 0, 0 
6, 73476, 972574469, 0.00, 100.00, 0.00, 2.25, 0, 0 
7, 73476, 972609899, 0.00, 100.00, 0.00, 2.25, 0, 0 
8, 73476, 972645147, 0.00, 100.00, 0.00, 2.25, 0, 0 
9, 73476, 972680504, 0.00, 100.00, 0.00, 2.25, 0, 0 
0, 73476, 972721917, 0.00, 100.00, 0.00, 2.25, 0, 0 
1, 73476, 972764042, 0.00, 100.00, 0.00, 2.25, 0, 0 
2, 73476, 972804336, 0.00, 100.00, 0.00, 2.25, 0, 0 
3, 73476, 972839831, 0.00, 100.00, 0.00, 2.25, 0, 0 
4, 73476, 972875165, 0.00, 100.00, 0.00, 2.25, 0, 0 
5, 73476, 972910599, 0.00, 100.00, 0.00, 2.25, 0, 0 
6, 73476, 972945913, 0.00, 100.00, 0.00, 2.25, 0, 0 
7, 73476, 972981317, 0.00, 100.00, 0.00, 2.25, 0, 0 
8, 73476, 973016638, 0.00, 100.00, 0.00, 2.25, 0, 0 
9, 73476, 973052005, 0.00, 100.00, 0.00, 2.25, 0, 0 
0, 73476, 973093314, 0.00, 100.00, 0.00, 2.25, 0, 0 
1, 73476, 973134834, 0.00, 100.00, 0.00, 2.25, 0, 0 
2, 73476, 973174850, 0.00, 100.00, 0.00, 2.25, 0, 0 
3, 73476, 973210425, 0.00, 100.00, 0.00, 2.25, 0, 0 
4, 73476, 973245858, 0.00, 100.00, 0.00, 2.25, 0, 0 
5, 73476, 973281117, 0.00, 100.00, 0.00, 2.25, 0, 0 
6, 73476, 973316546, 0.00, 100.00, 0.00, 2.25, 0, 0 
7, 73476, 973351899, 0.00, 100.00, 0.00, 2.25, 0, 0 
8, 73476, 973387397, 0.00, 100.00, 0.00, 2.25, 0, 0 
9, 73476, 973422767, 0.00, 100.00, 0.00, 2.25, 0, 0 
0, 73476, 973463994, 0.00, 100.00, 0.00, 2.25, 0, 0 
1, 73476, 973505415, 0.00, 100.00, 0.00, 2.25, 0, 0 
2, 73476, 973545434, 0.00, 100.00, 0.00, 2.25, 0, 0 
3, 73476, 973581038, 0.00, 100.00, 0.00, 2.25, 0, 0 
4, 73476, 973616425, 0.00, 100.00, 0.00, 2.25, 0, 0 
5, 73476, 973651713, 0.00, 100.00, 0.00, 2.25, 0, 0 
6, 73476, 973687033, 0.00, 100.00, 0.00, 2.25, 0, 0 
7, 73476, 973722269, 0.00, 100.00, 0.00, 2.25, 0, 0 
8, 73476, 973757589, 0.00, 100.00, 0.00, 2.25, 0, 0 
9, 73476, 973793205, 0.00, 100.00, 0.00, 2.25, 0, 0 
0, 73476, 973834599, 0.00, 100.00, 0.00, 2.25, 0, 0 
1, 73476, 973875974, 0.00, 100.00, 0.00, 2.25, 0, 0 
2, 73476, 973916109, 0.00, 100.00, 0.00, 2.25, 0, 0 
3, 73476, 973951559, 0.00, 100.00, 0.00, 2.25, 0, 0 
4, 73476, 973987062, 0.00, 100.00, 0.00, 2.25, 0, 0 
5, 73476, 974022398, 0.00, 100.00, 0.00, 2.25, 0, 0 
6, 73476, 974057664, 0.00, 100.00, 0.00, 2.25, 0, 0 
7, 73476, 974095138, 0.00, 100.00, 0.00, 2.25, 0, 0 
8, 73476, 974137877, 0.00, 100.00, 0.00, 2.25, 0, 0 
9, 73476, 974174002, 0.00, 100.00, 0.00, 2.25, 0, 0 
0, 73476, 974215537, 0.00, 100.00, 0.00, 2.25, 0, 0 
1, 73476, 974257102, 0.00, 100.00, 0.00, 2.25, 0, 0 
2, 73476, 974297141, 0.00, 100.00, 0.00, 2.25, 0, 0 
3, 73476, 974332648, 0.00, 100.00, 0.00, 2.25, 0, 0 
4, 73476, 974367902, 0.00, 100.00, 0.00, 2.25, 0, 0 
5, 73476, 974403387, 0.00, 100.00, 0.00, 2.25, 0, 0 
6, 73476, 974438575, 0.00, 100.00, 0.00, 2.25, 0, 0 
7, 73476, 974473837, 0.00, 100.00, 0.00, 2.25, 0, 0 
8, 73476, 974509118, 0.00, 100.00, 0.00, 2.25, 0, 0 
9, 73476, 974544643, 0.00, 100.00, 0.00, 2.25, 0, 0 
0, 73476, 974585993, 0.00, 100.00, 0.00, 2.25, 0, 0 
1, 73476, 974627529, 0.00, 100.00, 0.00, 2.25, 0, 0 
2, 73476, 974667623, 0.00, 100.00, 0.00, 2.25, 0, 0 
3, 73476, 974703175, 0.00, 100.00, 0.00, 2.25, 0, 0 
4, 73476, 974738474, 0.00, 100.00, 0.00, 2.25, 0, 0 
5, 73476, 974773698, 0.00, 100.00, 0.00, 2.25, 0, 0 
6, 73476, 974808999, 0.00, 100.00, 0.00, 2.25, 0, 0 
7, 73476, 974844221, 0.00, 100.00, 0.00, 2.25, 0, 0 
8, 73476, 974879411, 0.00, 100.00, 0.00, 2.25, 0, 0 
9, 73476, 974914753, 0.00, 100.00, 0.00, 2.25, 0, 0 
0, 73476, 974956100, 0.00, 100.00, 0.00, 2.25, 0, 0 
1, 73476, 974997343, 0.00, 100.00, 0.00, 2.25, 0, 0 
2, 73476, 975037298, 0.00, 100.00, 0.00, 2.25, 0, 0 
3, 73476, 975072738, 0.00, 100.00, 0.00, 2.25, 0, 0 
4, 73476, 975108107, 0.00, 100.00, 0.00, 2.25, 0, 0 
5, 73476, 975143413, 0.00, 100.00, 0.00, 2.25, 0, 0 
6, 73476, 975178635, 0.00, 100.00, 0.00, 2.25, 0, 0 
7, 73476, 975213998, 0.00, 100.00, 0.00, 2.25, 0, 0 
8, 73476, 975249254, 0.00, 100.00, 0.00, 2.25, 0, 0 
9, 73476, 975284516, 0.00, 100.00, 0.00, 2.25, 0, 0 
0, 73476, 975325674, 0.00, 100.00, 0.00, 2.25, 0, 0 
1, 73476, 975367100, 0.00, 100.00, 0.00, 2.25, 0, 0 
2, 73476, 975407615, 0.00, 100.00, 0.00, 2.25, 0, 0 
3, 73476, 975443053, 0.00, 100.00, 0.00, 2.25, 0, 0 
4, 73476, 975478240, 0.00, 100.00, 0.00, 2.25, 0, 0 
5, 73476, 975513627, 0.00, 100.00, 0.00, 2.25, 0, 0 
6, 73476, 975548853, 0.00, 100.00, 0.00, 2.25, 0, 0 
7, 73476, 975584071, 0.00, 100.00, 0.00, 2.25, 0, 0 
8, 73476, 975619339, 0.00, 100.00, 0.00, 2.25, 0, 0 
9, 73476, 975654618, 0.00, 100.00, 0.00, 2.25, 0, 0 
0, 73476, 975695967, 0.00, 100.00, 0.00, 2.25, 0, 0 
1, 73476, 975737253, 0.00, 100.00, 0.00, 2.25, 0, 0 
2, 73476, 975777216, 0.00, 100.00, 0.00, 2.25, 0, 0 
3, 73476, 975813048, 0.00, 100.00, 0.00, 2.25, 0, 0 
4, 73476, 975848398, 0.00, 100.00, 0.00, 2.25, 0, 0 
5, 73476, 975883633, 0.00, 100.00, 0.00, 2.25, 0, 0 
6, 73476, 975918839, 0.00, 100.00, 0.00, 2.25, 0, 0 
7, 73476, 975954212, 0.00, 100.00, 0.00, 2.25, 0, 0 
8, 73476, 975989443, 0.00, 100.00, 0.00, 2.25, 0, 0 
9, 73476, 976038049, 0.00, 100.00, 0.00, 2.25, 0, 0 
0, 73476, 976082138, 0.00, 100.00, 0.00, 2.25, 0, 0 
1, 73476, 976123938, 0.00, 100.00, 0.00, 2.25, 0, 0 
2, 73476, 976164188, 0.00, 100.00, 0.00, 2.25, 0, 0 
3, 73476, 976199822, 0.00, 100.00, 0.00, 2.25, 0, 0 
4, 73476, 976235324, 0.00, 100.00, 0.00, 2.25, 0, 0 
5, 73476, 976270740, 0.00, 100.00, 0.00, 2.25, 0, 0 
6, 73476, 976306041, 0.00, 100.00, 0.00, 2.25, 0, 0 
7, 73476, 976341432, 0.00, 100.00, 0.00, 2.25, 0, 0 
8, 73476, 976376729, 0.00, 100.00, 0.00, 2.25, 0, 0 
9, 73476, 976412076, 0.00, 100.00, 0.00, 2.25, 0, 0 
0, 73476, 976453421, 0.00, 100.00, 0.00, 2.25, 0, 0 
1, 73476, 976494878, 0.00, 100.00, 0.00, 2.25, 0, 0 
2, 73476, 976534978, 0.00, 100.00, 0.00, 2.25, 0, 0 
3, 73476, 976570406, 0.00, 100.00, 0.00, 2.25, 0, 0 
4, 73476, 976605758, 0.00, 100.00, 0.00, 2.25, 0, 0 
5, 73476, 976641123, 0.00, 100.00, 0.00, 2.25, 0, 0 
6, 73476, 976676436, 0.00, 100.00, 0.00, 2.25, 0, 0 
7, 73476, 976711743, 0.00, 100.00, 0.00, 2.25, 0, 0 
8, 73476, 976747127, 0.00, 100.00, 0.00, 2.25, 0, 0 
9, 73476, 976782436, 0.00, 100.00, 0.00, 2.25, 0, 0 
0, 73476, 976823770, 0.00, 100.00, 0.00, 2.25, 0, 0 
1, 73476, 976865272, 0.00, 100.00, 0.00, 2.25, 0, 0 
2, 73476, 976905288, 0.00, 100.00, 0.00, 2.25, 0, 0 
3, 73476, 976940713, 0.00, 100.00, 0.00, 2.25, 0, 0 
4, 73476, 976976090, 0.00, 100.00, 0.00, 2.25, 0, 0 
5, 73476, 977011456, 0.00, 100.00, 0.00, 2.25, 0, 0 
6, 73476, 977046794, 0.00, 100.00, 0.00, 2.25, 0, 0 
7, 73476, 977082391, 0.00, 100.00, 0.00, 2.25, 0, 0 
8, 73476, 977117707, 0.00, 100.00, 0.00, 2.25, 0, 0 
9, 73476, 977152992, 0.00, 100.00, 0.00, 2.25, 0, 0 
0, 73476, 977194210, 0.00, 100.00, 0.00, 2.25, 0, 0 
1, 73476, 977235488, 0.00, 100.00, 0.00, 2.25, 0, 0 
2, 73476, 977275616, 0.00, 100.00, 0.00, 2.25, 0, 0 
3, 73476, 977311211, 0.00, 100.00, 0.00, 2.25, 0, 0 
4, 73476, 977346545, 0.00, 100.00, 0.00, 2.25, 0, 0 
5, 73476, 977381797, 0.00, 100.00, 0.00, 2.25, 0, 0 
6, 73476, 977417020, 0.00, 100.00, 0.00, 2.25, 0, 0 
7, 73476, 977452647, 0.00, 100.00, 0.00, 2.25, 0, 0 
8, 73476, 977488033, 0.00, 100.00, 0.00, 2.25, 0, 0 
9, 73476, 977523156, 0.00, 100.00, 0.00, 2.25, 0, 0 
0, 73476, 977572341, 0.00, 100.00, 0.00, 2.25, 0, 0 
1, 73476, 977620135, 0.00, 100.00, 0.00, 2.25, 0, 0 
2, 73476, 977661379, 0.00, 100.00, 0.00, 2.25, 0, 0 
3, 73476, 977697097, 0.00, 100.00, 0.00, 2.25, 0, 0 
4, 73476, 977732538, 0.00, 100.00, 0.00, 2.25, 0, 0 
5, 73476, 977768051, 0.00, 100.00, 0.00, 2.25, 0, 0 
6, 73476, 977803308, 0.00, 100.00, 0.00, 2.25, 0, 0 
7, 73476, 977838538, 0.00, 100.00, 0.00, 2.25, 0, 0 
8, 73476, 977873840, 0.00, 100.00, 0.00, 2.25, 0, 0 
9, 73476, 977909299, 0.00, 100.00, 0.00, 2.25, 0, 0 
0, 73476, 977950740, 0.00, 100.00, 0.00, 2.25, 0, 0 
1, 73476, 977992073, 0.00, 100.00, 0.00, 2.25, 0, 0 
2, 73476, 978058788, 0.00, 100.00, 0.00, 2.25, 0, 0 
3, 73476, 978137560, 0.00, 100.00, 0.00, 2.25, 0, 0 
4, 73476, 978193366, 0.00, 100.00, 0.00, 2.25, 0, 0 
5, 73476, 978245452, 0.00, 100.00, 0.00, 2.25, 0, 0 
6, 73476, 978296913, 0.00, 100.00, 0.00, 2.25, 0, 0 
7, 73476, 978387832, 0.00, 100.00, 0.00, 2.25, 0, 0 
8, 73476, 978437715, 0.00, 100.00, 0.00, 2.25, 0, 0 
9, 73476, 978489093, 0.00, 100.00, 0.00, 2.25, 0, 0 
0, 73476, 978551023, 0.00, 100.00, 0.00, 2.25, 0, 0 
1, 73476, 978611466, 0.00, 100.00, 0.00, 2.25, 0, 0 
2, 73476, 978677786, 0.00, 100.00, 0.00, 2.25, 0, 0 
3, 73476, 978735790, 0.00, 100.00, 0.00, 2.25, 0, 0 
4, 73476, 978789107, 0.00, 100.00, 0.00, 2.25, 0, 0 
5, 73476, 978843175, 0.00, 100.00, 0.00, 2.25, 0, 0 
6, 73476, 978893774, 0.00, 100.00, 0.00, 2.25, 0, 0 
7, 73476, 978943462, 0.00, 100.00, 0.00, 2.25, 0, 0 
8, 73476, 978996034, 0.00, 100.00, 0.00, 2.25, 0, 0 
9, 73476, 979048396, 0.00, 100.00, 0.00, 2.25, 0, 0 
0, 73476, 979110554, 0.00, 100.00, 0.00, 2.25, 0, 0 
1, 73476, 979172515, 0.00, 100.00, 0.00, 2.25, 0, 0 
2, 73476, 979238648, 0.00, 100.00, 0.00, 2.25, 0, 0 
3, 73476, 979296355, 0.00, 100.00, 0.00, 2.25, 0, 0 
4, 73476, 979347658, 0.00, 100.00, 0.00, 2.25, 0, 0 
5, 73476, 979399440, 0.00, 100.00, 0.00, 2.25, 0, 0 
6, 73476, 979450743, 0.00, 100.00, 0.00, 2.25, 0, 0 
7, 73476, 979501715, 0.00, 100.00, 0.00, 2.25, 0, 0 
8, 73476, 979551158, 0.00, 100.00, 0.00, 2.25, 0, 0 
9, 73476, 979603652, 0.00, 100.00, 0.00, 2.25, 0, 0 
0, 73476, 979666353, 0.00, 100.00, 0.00, 2.25, 0, 0 
1, 73476, 979729629, 0.00, 100.00, 0.00, 2.25, 0, 0 
2, 73476, 979793565, 0.00, 100.00, 0.00, 2.25, 0, 0 
3, 73476, 979849706, 0.00, 100.00, 0.00, 2.25, 0, 0 
4, 73476, 979901928, 0.00, 100.00, 0.00, 2.25, 0, 0 
5, 73476, 979951276, 0.00, 100.00, 0.00, 2.25, 0, 0 
6, 73476, 980006741, 0.00, 100.00, 0.00, 2.25, 0, 0 
7, 73476, 980068863, 0.00, 100.00, 0.00, 2.25, 0, 0 
8, 73476, 980125168, 0.00, 100.00, 0.00, 2.25, 0, 0 
9, 73476, 980187558, 0.00, 100.00, 0.00, 2.25, 0, 0 
0, 73476, 980257437, 0.00, 100.00, 0.00, 2.25, 0, 0 
1, 73476, 980321467, 0.00, 100.00, 0.00, 2.25, 0, 0 
2, 73476, 980392669, 0.00, 100.00, 0.00, 2.25, 0, 0 
3, 73476, 980444137, 0.00, 100.00, 0.00, 2.25, 0, 0 
4, 73476, 980496662, 0.00, 100.00, 0.00, 2.25, 0, 0 
5, 73476, 980554162, 0.00, 100.00, 0.00, 2.25, 0, 0 
6, 73476, 980615573, 0.00, 100.00, 0.00, 2.25, 0, 0 
7, 73476, 980672405, 0.00, 100.00, 0.00, 2.25, 0, 0 
8, 73476, 980733834, 0.00, 100.00, 0.00, 2.25, 0, 0 
9, 73476, 980787490, 0.00, 100.00, 0.00, 2.25, 0, 0 
0, 73476, 980861103, 0.00, 100.00, 0.00, 2.25, 0, 0 
1, 73476, 980924969, 0.00, 100.00, 0.00, 2.25, 0, 0 
2, 73476, 980999156, 0.00, 100.00, 0.00, 2.25, 0, 0 
3, 73476, 981067407, 0.00, 100.00, 0.00, 2.25, 0, 0 
4, 73476, 981125763, 0.00, 100.00, 0.00, 2.25, 0, 0 
5, 73476, 981186295, 0.00, 100.00, 0.00, 2.25, 0, 0 
6, 73476, 981251191, 0.00, 100.00, 0.00, 2.25, 0, 0 
7, 73476, 981313220, 0.00, 100.00, 0.00, 2.25, 0, 0 
8, 73476, 981367117, 0.00, 100.00, 0.00, 2.25, 0, 0 
9, 73476, 981418861, 0.00, 100.00, 0.00, 2.25, 0, 0 
0, 73476, 981514349, 0.00, 100.00, 0.00, 2.25, 0, 0 
1, 73476, 981585056, 0.00, 100.00, 0.00, 2.25, 0, 0 
2, 73476, 981654918, 0.00, 100.00, 0.00, 2.25, 0, 0 
3, 73476, 981718151, 0.00, 100.00, 0.00, 2.25, 0, 0 
4, 73476, 981766908, 0.00, 100.00, 0.00, 2.25, 0, 0 
5, 73476, 981824553, 0.00, 100.00, 0.00, 2.25, 0, 0 
6, 73476, 981881508, 0.00, 100.00, 0.00, 2.25, 0, 0 
7, 73476, 981922723, 0.00, 100.00, 0.00, 2.25, 0, 0 
8, 73476, 981965564, 0.00, 100.00, 0.00, 2.25, 0, 0 
9, 73476, 982016861, 0.00, 100.00, 0.00, 2.25, 0, 0 
0, 73476, 982061492, 0.00, 100.00, 0.00, 2.25, 0, 0 
1, 73476, 982103896, 0.00, 100.00, 0.00, 2.25, 0, 0 
2, 73476, 982144393, 0.00, 100.00, 0.00, 2.25, 0, 0 
3, 73476, 982180258, 0.00, 100.00, 0.00, 2.25, 0, 0 
4, 73476, 982215671, 0.00, 100.00, 0.00, 2.25, 0, 0 
5, 73476, 982251202, 0.00, 100.00, 0.00, 2.25, 0, 0 
6, 73476, 982286666, 0.00, 100.00, 0.00, 2.25, 0, 0 
7, 73476, 982322083, 0.00, 100.00, 0.00, 2.25, 0, 0 
8, 73476, 982357774, 0.00, 100.00, 0.00, 2.25, 0, 0 
9, 73476, 982393418, 0.00, 100.00, 0.00, 2.25, 0, 0 
0, 73476, 982434903, 0.00, 100.00, 0.00, 2.25, 0, 0 
1, 73476, 982476659, 0.00, 100.00, 0.00, 2.25, 0, 0 
2, 73476, 982517034, 0.00, 100.00, 0.00, 2.25, 0, 0 
3, 73476, 982552604, 0.00, 100.00, 0.00, 2.25, 0, 0 
4, 73476, 982588043, 0.00, 100.00, 0.00, 2.25, 0, 0 
5, 73476, 982623477, 0.00, 100.00, 0.00, 2.25, 0, 0 
6, 73476, 982658883, 0.00, 100.00, 0.00, 2.25, 0, 0 
7, 73476, 982694345, 0.00, 100.00, 0.00, 2.25, 0, 0 
8, 73476, 982729752, 0.00, 100.00, 0.00, 2.25, 0, 0 
9, 73476, 982765153, 0.00, 100.00, 0.00, 2.25, 0, 0 
0, 73476, 982806475, 0.00, 100.00, 0.00, 2.25, 0, 0 
1, 73476, 982847928, 0.00, 100.00, 0.00, 2.25, 0, 0 
2, 73476, 982888250, 0.00, 100.00, 0.00, 2.25, 0, 0 
3, 73476, 982923799, 0.00, 100.00, 0.00, 2.25, 0, 0 
4, 73476, 982959236, 0.00, 100.00, 0.00, 2.25, 0, 0 
5, 73476, 982994735, 0.00, 100.00, 0.00, 2.25, 0, 0 
6, 73476, 983030139, 0.00, 100.00, 0.00, 2.25, 0, 0 
7, 73476, 983065506, 0.00, 100.00, 0.00, 2.25, 0, 0 
8, 73476, 983101038, 0.00, 100.00, 0.00, 2.25, 0, 0 
9, 73476, 983136399, 0.00, 100.00, 0.00, 2.25, 0, 0 
0, 73476, 983177803, 0.00, 100.00, 0.00, 2.25, 0, 0 
1, 73476, 983219308, 0.00, 100.00, 0.00, 2.25, 0, 0 
2, 73476, 983259415, 0.00, 100.00, 0.00, 2.25, 0, 0 
3, 73476, 983295268, 0.00, 100.00, 0.00, 2.25, 0, 0 
4, 73476, 983330616, 0.00, 100.00, 0.00, 2.25, 0, 0 
5, 73476, 983366016, 0.00, 100.00, 0.00, 2.25, 0, 0 
6, 73476, 983401397, 0.00, 100.00, 0.00, 2.25, 0, 0 
7, 73476, 983436753, 0.00, 100.00, 0.00, 2.25, 0, 0 
8, 73476, 983474476, 0.00, 100.00, 0.00, 2.25, 0, 0 
9, 73476, 983517363, 0.00, 100.00, 0.00, 2.25, 0, 0 
0, 73476, 983559961, 0.00, 100.00, 0.00, 2.25, 0, 0 
1, 73476, 983601618, 0.00, 100.00, 0.00, 2.25, 0, 0 
2, 73476, 983641657, 0.00, 100.00, 0.00, 2.25, 0, 0 
3, 73476, 983677290, 0.00, 100.00, 0.00, 2.25, 0, 0 
4, 73476, 983712748, 0.00, 100.00, 0.00, 2.25, 0, 0 
5, 73476, 983748050, 0.00, 100.00, 0.00, 2.25, 0, 0 
6, 73476, 983783303, 0.00, 100.00, 0.00, 2.25, 0, 0 
7, 73476, 983818633, 0.00, 100.00, 0.00, 2.25, 0, 0 
8, 73476, 983853983, 0.00, 100.00, 0.00, 2.25, 0, 0 
9, 73476, 983889176, 0.00, 100.00, 0.00, 2.25, 0, 0 
0, 73476, 983930784, 0.00, 100.00, 0.00, 2.25, 0, 0 
1, 73476, 983972176, 0.00, 100.00, 0.00, 2.25, 0, 0 
2, 73476, 984025500, 0.00, 100.00, 0.00, 2.25, 0, 0 
3, 73476, 984066022, 0.00, 100.00, 0.00, 2.25, 0, 0 
4, 73476, 984101951, 0.00, 100.00, 0.00, 2.25, 0, 0 
5, 73476, 984137601, 0.00, 100.00, 0.00, 2.25, 0, 0 
6, 73476, 984173139, 0.00, 100.00, 0.00, 2.25, 0, 0 
7, 73476, 984208562, 0.00, 100.00, 0.00, 2.25, 0, 0 
8, 73476, 984243959, 0.00, 100.00, 0.00, 2.25, 0, 0 
9, 73476, 984279277, 0.00, 100.00, 0.00, 2.25, 0, 0 
0, 73476, 984320730, 0.00, 100.00, 0.00, 2.25, 0, 0 
1, 73476, 984362526, 0.00, 100.00, 0.00, 2.25, 0, 0 
2, 73476, 984402723, 0.00, 100.00, 0.00, 2.25, 0, 0 
3, 73476, 984438344, 0.00, 100.00, 0.00, 2.25, 0, 0 
4, 73476, 984473673, 0.00, 100.00, 0.00, 2.25, 0, 0 
5, 73476, 984508998, 0.00, 100.00, 0.00, 2.25, 0, 0 
6, 73476, 984544443, 0.00, 100.00, 0.00, 2.25, 0, 0 
7, 73476, 984579855, 0.00, 100.00, 0.00, 2.25, 0, 0 
8, 73476, 984615222, 0.00, 100.00, 0.00, 2.25, 0, 0 
9, 73476, 984650583, 0.00, 100.00, 0.00, 2.25, 0, 0 
0, 73476, 984691928, 0.00, 100.00, 0.00, 2.25, 0, 0 
1, 73476, 984733359, 0.00, 100.00, 0.00, 2.25, 0, 0 
2, 73476, 984773345, 0.00, 100.00, 0.00, 2.25, 0, 0 
3, 73476, 984809000, 0.00, 100.00, 0.00, 2.25, 0, 0 
4, 73476, 984844453, 0.00, 100.00, 0.00, 2.25, 0, 0 
5, 73476, 984879807, 0.00, 100.00, 0.00, 2.25, 0, 0 
6, 73476, 984915232, 0.00, 100.00, 0.00, 2.25, 0, 0 
7, 73476, 984950819, 0.00, 100.00, 0.00, 2.25, 0, 0 
8, 73476, 984986254, 0.00, 100.00, 0.00, 2.25, 0, 0 
9, 73476, 985021644, 0.00, 100.00, 0.00, 2.25, 0, 0 
0, 73476, 985062962, 0.00, 100.00, 0.00, 2.25, 0, 0 
1, 73476, 985104322, 0.00, 100.00, 0.00, 2.25, 0, 0 
2, 73476, 985144759, 0.00, 100.00, 0.00, 2.25, 0, 0 
3, 73476, 985180360, 0.00, 100.00, 0.00, 2.25, 0, 0 
4, 73476, 985215729, 0.00, 100.00, 0.00, 2.25, 0, 0 
5, 73476, 985251215, 0.00, 100.00, 0.00, 2.25, 0, 0 
6, 73476, 985286512, 0.00, 100.00, 0.00, 2.25, 0, 0 
7, 73476, 985321887, 0.00, 100.00, 0.00, 2.25, 0, 0 
8, 73476, 985357310, 0.00, 100.00, 0.00, 2.25, 0, 0 
9, 73476, 985392790, 0.00, 100.00, 0.00, 2.25, 0, 0 
