Wed Nov 28 13:33:39 2018
StepTime, x, v, f, xdes, vdes, fdes, cmd, IR, LSB, LSF
0, 74360, 482857304, 0.00, 100.00, 0.00, 2.25, 0, 0 
1, 74360, 484365596, 0.00, 100.00, 0.00, 2.25, 0, 0 
2, 74360, 485470004, 0.00, 100.00, 0.00, 2.25, 0, 0 
3, 74360, 486422354, 0.00, 100.00, 0.00, 2.25, 0, 0 
4, 74360, 487175593, 0.00, 100.00, 0.00, 2.25, 0, 0 
5, 74360, 487874636, 0.00, 100.00, 0.00, 2.25, 0, 0 
6, 74360, 488633835, 0.00, 100.00, 0.00, 2.25, 0, 0 
7, 74360, 489436434, 0.00, 100.00, 0.00, 2.25, 0, 0 
8, 74360, 490296106, 0.00, 100.00, 0.00, 2.25, 0, 0 
9, 74360, 491152780, 0.00, 100.00, 0.00, 2.25, 0, 0 
0, 74360, 492038726, 0.00, 100.00, 0.00, 2.25, 0, 0 
1, 74360, 492675326, 0.00, 100.00, 0.00, 2.25, 0, 0 
2, 74360, 493357692, 0.00, 100.00, 0.00, 2.25, 0, 0 
3, 74360, 493959981, 0.00, 100.00, 0.00, 2.25, 0, 0 
4, 74360, 494465468, 0.00, 100.00, 0.00, 2.25, 0, 0 
5, 74360, 494998490, 0.00, 100.00, 0.00, 2.25, 0, 0 
6, 74360, 495546750, 0.00, 100.00, 0.00, 2.25, 0, 0 
7, 74360, 496115087, 0.00, 100.00, 0.00, 2.25, 0, 0 
8, 74360, 496608292, 0.00, 100.00, 0.00, 2.25, 0, 0 
9, 74360, 497447172, 0.00, 100.00, 0.00, 2.25, 0, 0 
0, 74360, 498481219, 0.00, 100.00, 0.00, 2.25, 0, 0 
1, 74360, 499056424, 0.00, 100.00, 0.00, 2.25, 0, 0 
2, 74360, 499727606, 0.00, 100.00, 0.00, 2.25, 0, 0 
3, 74360, 500356216, 0.00, 100.00, 0.00, 2.25, 0, 0 
4, 74360, 501166366, 0.00, 100.00, 0.00, 2.25, 0, 0 
5, 74360, 501773606, 0.00, 100.00, 0.00, 2.25, 0, 0 
6, 74360, 502599651, 0.00, 100.00, 0.00, 2.25, 0, 0 
7, 74360, 503306700, 0.00, 100.00, 0.00, 2.25, 0, 0 
8, 74360, 504015734, 0.00, 100.00, 0.00, 2.25, 0, 0 
9, 74360, 504697422, 0.00, 100.00, 0.00, 2.25, 0, 0 
0, 74360, 505395289, 0.00, 100.00, 0.00, 2.25, 0, 0 
1, 74360, 506128346, 0.00, 100.00, 0.00, 2.25, 0, 0 
2, 74360, 506745626, 0.00, 100.00, 0.00, 2.25, 0, 0 
3, 74360, 507244532, 0.00, 100.00, 0.00, 2.25, 0, 0 
4, 74360, 507768144, 0.00, 100.00, 0.00, 2.25, 0, 0 
5, 74360, 508296325, 0.00, 100.00, 0.00, 2.25, 0, 0 
6, 74360, 508818436, 0.00, 100.00, 0.00, 2.25, 0, 0 
7, 74360, 509348637, 0.00, 100.00, 0.00, 2.25, 0, 0 
8, 74360, 509925779, 0.00, 100.00, 0.00, 2.25, 0, 0 
9, 74360, 510452950, 0.00, 100.00, 0.00, 2.25, 0, 0 
0, 74360, 510993853, 0.00, 100.00, 0.00, 2.25, 0, 0 
1, 74360, 511525942, 0.00, 100.00, 0.00, 2.25, 0, 0 
2, 74360, 512044494, 0.00, 100.00, 0.00, 2.25, 0, 0 
3, 74360, 512612718, 0.00, 100.00, 0.00, 2.25, 0, 0 
4, 74360, 513132011, 0.00, 100.00, 0.00, 2.25, 0, 0 
5, 74360, 513661017, 0.00, 100.00, 0.00, 2.25, 0, 0 
6, 74360, 514243116, 0.00, 100.00, 0.00, 2.25, 0, 0 
7, 74360, 514779223, 0.00, 100.00, 0.00, 2.25, 0, 0 
8, 74360, 515243117, 0.00, 100.00, 0.00, 2.25, 0, 0 
9, 74360, 515767255, 0.00, 100.00, 0.00, 2.25, 0, 0 
0, 74360, 516298702, 0.00, 100.00, 0.00, 2.25, 0, 0 
1, 74360, 516818901, 0.00, 100.00, 0.00, 2.25, 0, 0 
2, 74360, 517326993, 0.00, 100.00, 0.00, 2.25, 0, 0 
3, 74360, 517853561, 0.00, 100.00, 0.00, 2.25, 0, 0 
4, 74360, 518374539, 0.00, 100.00, 0.00, 2.25, 0, 0 
5, 74360, 518901785, 0.00, 100.00, 0.00, 2.25, 0, 0 
6, 74360, 519437783, 0.00, 100.00, 0.00, 2.25, 0, 0 
7, 74360, 519939581, 0.00, 100.00, 0.00, 2.25, 0, 0 
8, 74360, 520644573, 0.00, 100.00, 0.00, 2.25, 0, 0 
9, 74360, 521233853, 0.00, 100.00, 0.00, 2.25, 0, 0 
0, 74360, 521776526, 0.00, 100.00, 0.00, 2.25, 0, 0 
1, 74360, 522538436, 0.00, 100.00, 0.00, 2.25, 0, 0 
2, 74360, 523474869, 0.00, 100.00, 0.00, 2.25, 0, 0 
3, 74360, 524065631, 0.00, 100.00, 0.00, 2.25, 0, 0 
4, 74360, 524675873, 0.00, 100.00, 0.00, 2.25, 0, 0 
5, 74360, 525022737, 0.00, 100.00, 0.00, 2.25, 0, 0 
6, 74360, 525710611, 0.00, 100.00, 0.00, 2.25, 0, 0 
7, 74360, 526551073, 0.00, 100.00, 0.00, 2.25, 0, 0 
8, 74360, 527049917, 0.00, 100.00, 0.00, 2.25, 0, 0 
9, 74360, 527549305, 0.00, 100.00, 0.00, 2.25, 0, 0 
0, 74360, 528063226, 0.00, 100.00, 0.00, 2.25, 0, 0 
1, 74360, 528790188, 0.00, 100.00, 0.00, 2.25, 0, 0 
2, 74360, 529152349, 0.00, 100.00, 0.00, 2.25, 0, 0 
3, 74360, 529642116, 0.00, 100.00, 0.00, 2.25, 0, 0 
4, 74360, 530137652, 0.00, 100.00, 0.00, 2.25, 0, 0 
5, 74360, 530637404, 0.00, 100.00, 0.00, 2.25, 0, 0 
6, 74360, 531228045, 0.00, 100.00, 0.00, 2.25, 0, 0 
7, 74360, 532054714, 0.00, 100.00, 0.00, 2.25, 0, 0 
8, 74360, 532780785, 0.00, 100.00, 0.00, 2.25, 0, 0 
9, 74360, 533280526, 0.00, 100.00, 0.00, 2.25, 0, 0 
0, 74360, 534202436, 0.00, 100.00, 0.00, 2.25, 0, 0 
1, 74360, 534869407, 0.00, 100.00, 0.00, 2.25, 0, 0 
2, 74360, 535694229, 0.00, 100.00, 0.00, 2.25, 0, 0 
3, 74360, 536516786, 0.00, 100.00, 0.00, 2.25, 0, 0 
4, 74360, 536890025, 0.00, 100.00, 0.00, 2.25, 0, 0 
5, 74360, 537633828, 0.00, 100.00, 0.00, 2.25, 0, 0 
6, 74360, 538154758, 0.00, 100.00, 0.00, 2.25, 0, 0 
7, 74360, 538687905, 0.00, 100.00, 0.00, 2.25, 0, 0 
8, 74360, 539208954, 0.00, 100.00, 0.00, 2.25, 0, 0 
9, 74360, 539716750, 0.00, 100.00, 0.00, 2.25, 0, 0 
0, 74360, 540292749, 0.00, 100.00, 0.00, 2.25, 0, 0 
1, 74360, 540817210, 0.00, 100.00, 0.00, 2.25, 0, 0 
2, 74360, 541363715, 0.00, 100.00, 0.00, 2.25, 0, 0 
3, 74360, 541882731, 0.00, 100.00, 0.00, 2.25, 0, 0 
4, 74360, 542402253, 0.00, 100.00, 0.00, 2.25, 0, 0 
5, 74360, 542921508, 0.00, 100.00, 0.00, 2.25, 0, 0 
6, 74360, 543441653, 0.00, 100.00, 0.00, 2.25, 0, 0 
7, 74360, 543968604, 0.00, 100.00, 0.00, 2.25, 0, 0 
8, 74360, 544480036, 0.00, 100.00, 0.00, 2.25, 0, 0 
9, 74360, 545003595, 0.00, 100.00, 0.00, 2.25, 0, 0 
0, 74360, 545536673, 0.00, 100.00, 0.00, 2.25, 0, 0 
1, 74360, 546045347, 0.00, 100.00, 0.00, 2.25, 0, 0 
2, 74360, 546554039, 0.00, 100.00, 0.00, 2.25, 0, 0 
3, 74360, 547072498, 0.00, 100.00, 0.00, 2.25, 0, 0 
4, 74360, 547579625, 0.00, 100.00, 0.00, 2.25, 0, 0 
5, 74360, 548136155, 0.00, 100.00, 0.00, 2.25, 0, 0 
6, 74360, 548658435, 0.00, 100.00, 0.00, 2.25, 0, 0 
7, 74360, 549252491, 0.00, 100.00, 0.00, 2.25, 0, 0 
8, 74360, 549771461, 0.00, 100.00, 0.00, 2.25, 0, 0 
9, 74360, 550498931, 0.00, 100.00, 0.00, 2.25, 0, 0 
0, 74360, 551386630, 0.00, 100.00, 0.00, 2.25, 0, 0 
1, 74360, 552216659, 0.00, 100.00, 0.00, 2.25, 0, 0 
2, 74360, 552731021, 0.00, 100.00, 0.00, 2.25, 0, 0 
3, 74360, 553268455, 0.00, 100.00, 0.00, 2.25, 0, 0 
4, 74360, 553791761, 0.00, 100.00, 0.00, 2.25, 0, 0 
5, 74360, 554266854, 0.00, 100.00, 0.00, 2.25, 0, 0 
6, 74360, 554790493, 0.00, 100.00, 0.00, 2.25, 0, 0 
7, 74360, 555327814, 0.00, 100.00, 0.00, 2.25, 0, 0 
8, 74360, 555843764, 0.00, 100.00, 0.00, 2.25, 0, 0 
9, 74360, 556476470, 0.00, 100.00, 0.00, 2.25, 0, 0 
0, 74360, 557320102, 0.00, 100.00, 0.00, 2.25, 0, 0 
1, 74360, 558110847, 0.00, 100.00, 0.00, 2.25, 0, 0 
2, 74360, 558743254, 0.00, 100.00, 0.00, 2.25, 0, 0 
3, 74360, 559407911, 0.00, 100.00, 0.00, 2.25, 0, 0 
4, 74360, 560068927, 0.00, 100.00, 0.00, 2.25, 0, 0 
5, 74360, 560784901, 0.00, 100.00, 0.00, 2.25, 0, 0 
6, 74360, 561289384, 0.00, 100.00, 0.00, 2.25, 0, 0 
7, 74360, 562126408, 0.00, 100.00, 0.00, 2.25, 0, 0 
8, 74360, 562489656, 0.00, 100.00, 0.00, 2.25, 0, 0 
9, 74360, 562981881, 0.00, 100.00, 0.00, 2.25, 0, 0 
0, 74360, 563478682, 0.00, 100.00, 0.00, 2.25, 0, 0 
1, 74360, 563835102, 0.00, 100.00, 0.00, 2.25, 0, 0 
2, 74360, 564322678, 0.00, 100.00, 0.00, 2.25, 0, 0 
3, 74360, 564676226, 0.00, 100.00, 0.00, 2.25, 0, 0 
4, 74360, 565041821, 0.00, 100.00, 0.00, 2.25, 0, 0 
5, 74360, 565531921, 0.00, 100.00, 0.00, 2.25, 0, 0 
6, 74360, 566024234, 0.00, 100.00, 0.00, 2.25, 0, 0 
7, 74360, 566513066, 0.00, 100.00, 0.00, 2.25, 0, 0 
8, 74360, 567004887, 0.00, 100.00, 0.00, 2.25, 0, 0 
9, 74360, 567495518, 0.00, 100.00, 0.00, 2.25, 0, 0 
0, 74360, 568055184, 0.00, 100.00, 0.00, 2.25, 0, 0 
1, 74360, 568572442, 0.00, 100.00, 0.00, 2.25, 0, 0 
2, 74360, 569041023, 0.00, 100.00, 0.00, 2.25, 0, 0 
3, 74360, 569558133, 0.00, 100.00, 0.00, 2.25, 0, 0 
4, 74360, 570126103, 0.00, 100.00, 0.00, 2.25, 0, 0 
5, 74360, 570612943, 0.00, 100.00, 0.00, 2.25, 0, 0 
6, 74360, 571123341, 0.00, 100.00, 0.00, 2.25, 0, 0 
7, 74360, 571752234, 0.00, 100.00, 0.00, 2.25, 0, 0 
8, 74360, 572443707, 0.00, 100.00, 0.00, 2.25, 0, 0 
9, 74360, 573104035, 0.00, 100.00, 0.00, 2.25, 0, 0 
0, 74360, 573971758, 0.00, 100.00, 0.00, 2.25, 0, 0 
1, 74360, 574364214, 0.00, 100.00, 0.00, 2.25, 0, 0 
2, 74360, 574884066, 0.00, 100.00, 0.00, 2.25, 0, 0 
3, 74360, 575400192, 0.00, 100.00, 0.00, 2.25, 0, 0 
4, 74360, 576231181, 0.00, 100.00, 0.00, 2.25, 0, 0 
5, 74360, 577036422, 0.00, 100.00, 0.00, 2.25, 0, 0 
6, 74360, 577521839, 0.00, 100.00, 0.00, 2.25, 0, 0 
7, 74360, 578002127, 0.00, 100.00, 0.00, 2.25, 0, 0 
8, 74360, 578490244, 0.00, 100.00, 0.00, 2.25, 0, 0 
9, 74360, 579327707, 0.00, 100.00, 0.00, 2.25, 0, 0 
0, 74360, 580174314, 0.00, 100.00, 0.00, 2.25, 0, 0 
1, 74360, 580901051, 0.00, 100.00, 0.00, 2.25, 0, 0 
2, 74360, 581508661, 0.00, 100.00, 0.00, 2.25, 0, 0 
3, 74360, 582337869, 0.00, 100.00, 0.00, 2.25, 0, 0 
4, 74360, 583043509, 0.00, 100.00, 0.00, 2.25, 0, 0 
5, 74360, 583715309, 0.00, 100.00, 0.00, 2.25, 0, 0 
6, 74360, 584432710, 0.00, 100.00, 0.00, 2.25, 0, 0 
7, 74360, 585138534, 0.00, 100.00, 0.00, 2.25, 0, 0 
8, 74360, 585975519, 0.00, 100.00, 0.00, 2.25, 0, 0 
9, 74360, 586638152, 0.00, 100.00, 0.00, 2.25, 0, 0 
0, 74360, 587493630, 0.00, 100.00, 0.00, 2.25, 0, 0 
1, 74360, 588134672, 0.00, 100.00, 0.00, 2.25, 0, 0 
2, 74360, 588692539, 0.00, 100.00, 0.00, 2.25, 0, 0 
3, 74360, 589261615, 0.00, 100.00, 0.00, 2.25, 0, 0 
4, 74360, 589917308, 0.00, 100.00, 0.00, 2.25, 0, 0 
5, 74360, 590617496, 0.00, 100.00, 0.00, 2.25, 0, 0 
6, 74360, 591194275, 0.00, 100.00, 0.00, 2.25, 0, 0 
7, 74360, 591740083, 0.00, 100.00, 0.00, 2.25, 0, 0 
8, 74360, 592314832, 0.00, 100.00, 0.00, 2.25, 0, 0 
9, 74360, 592870089, 0.00, 100.00, 0.00, 2.25, 0, 0 
0, 74360, 593453761, 0.00, 100.00, 0.00, 2.25, 0, 0 
1, 74360, 593940420, 0.00, 100.00, 0.00, 2.25, 0, 0 
2, 74360, 594630258, 0.00, 100.00, 0.00, 2.25, 0, 0 
3, 74360, 595178994, 0.00, 100.00, 0.00, 2.25, 0, 0 
4, 74360, 595735159, 0.00, 100.00, 0.00, 2.25, 0, 0 
5, 74360, 596259518, 0.00, 100.00, 0.00, 2.25, 0, 0 
6, 74360, 596791748, 0.00, 100.00, 0.00, 2.25, 0, 0 
7, 74360, 597319802, 0.00, 100.00, 0.00, 2.25, 0, 0 
8, 74360, 597845277, 0.00, 100.00, 0.00, 2.25, 0, 0 
9, 74360, 598369861, 0.00, 100.00, 0.00, 2.25, 0, 0 
0, 74360, 598927391, 0.00, 100.00, 0.00, 2.25, 0, 0 
1, 74360, 599455998, 0.00, 100.00, 0.00, 2.25, 0, 0 
2, 74360, 599985576, 0.00, 100.00, 0.00, 2.25, 0, 0 
3, 74360, 600575400, 0.00, 100.00, 0.00, 2.25, 0, 0 
4, 74360, 601190406, 0.00, 100.00, 0.00, 2.25, 0, 0 
5, 74360, 601828503, 0.00, 100.00, 0.00, 2.25, 0, 0 
6, 74360, 602460185, 0.00, 100.00, 0.00, 2.25, 0, 0 
7, 74360, 603115349, 0.00, 100.00, 0.00, 2.25, 0, 0 
8, 74360, 603764730, 0.00, 100.00, 0.00, 2.25, 0, 0 
9, 74360, 604372971, 0.00, 100.00, 0.00, 2.25, 0, 0 
0, 74360, 605023408, 0.00, 100.00, 0.00, 2.25, 0, 0 
1, 74360, 605667948, 0.00, 100.00, 0.00, 2.25, 0, 0 
2, 74360, 606278854, 0.00, 100.00, 0.00, 2.25, 0, 0 
3, 74360, 606994904, 0.00, 100.00, 0.00, 2.25, 0, 0 
4, 74360, 607646803, 0.00, 100.00, 0.00, 2.25, 0, 0 
5, 74360, 608198174, 0.00, 100.00, 0.00, 2.25, 0, 0 
6, 74360, 608740757, 0.00, 100.00, 0.00, 2.25, 0, 0 
7, 74360, 609263242, 0.00, 100.00, 0.00, 2.25, 0, 0 
8, 74360, 609781402, 0.00, 100.00, 0.00, 2.25, 0, 0 
9, 74360, 610430877, 0.00, 100.00, 0.00, 2.25, 0, 0 
0, 74360, 611063115, 0.00, 100.00, 0.00, 2.25, 0, 0 
1, 74360, 611643733, 0.00, 100.00, 0.00, 2.25, 0, 0 
2, 74360, 612196900, 0.00, 100.00, 0.00, 2.25, 0, 0 
3, 74360, 612772694, 0.00, 100.00, 0.00, 2.25, 0, 0 
4, 74360, 613345753, 0.00, 100.00, 0.00, 2.25, 0, 0 
5, 74360, 613858701, 0.00, 100.00, 0.00, 2.25, 0, 0 
6, 74360, 614418266, 0.00, 100.00, 0.00, 2.25, 0, 0 
7, 74360, 615054908, 0.00, 100.00, 0.00, 2.25, 0, 0 
8, 74360, 615618737, 0.00, 100.00, 0.00, 2.25, 0, 0 
9, 74360, 616147128, 0.00, 100.00, 0.00, 2.25, 0, 0 
0, 74360, 616709174, 0.00, 100.00, 0.00, 2.25, 0, 0 
1, 74360, 617261297, 0.00, 100.00, 0.00, 2.25, 0, 0 
2, 74360, 617827472, 0.00, 100.00, 0.00, 2.25, 0, 0 
3, 74360, 618361874, 0.00, 100.00, 0.00, 2.25, 0, 0 
4, 74360, 618897817, 0.00, 100.00, 0.00, 2.25, 0, 0 
5, 74360, 619473619, 0.00, 100.00, 0.00, 2.25, 0, 0 
6, 74360, 620013880, 0.00, 100.00, 0.00, 2.25, 0, 0 
7, 74360, 620609470, 0.00, 100.00, 0.00, 2.25, 0, 0 
8, 74360, 621128268, 0.00, 100.00, 0.00, 2.25, 0, 0 
9, 74360, 621661821, 0.00, 100.00, 0.00, 2.25, 0, 0 
0, 74360, 622246235, 0.00, 100.00, 0.00, 2.25, 0, 0 
1, 74360, 622775630, 0.00, 100.00, 0.00, 2.25, 0, 0 
2, 74360, 623414939, 0.00, 100.00, 0.00, 2.25, 0, 0 
3, 74360, 624050567, 0.00, 100.00, 0.00, 2.25, 0, 0 
4, 74360, 624688393, 0.00, 100.00, 0.00, 2.25, 0, 0 
5, 74360, 625307311, 0.00, 100.00, 0.00, 2.25, 0, 0 
6, 74360, 625927493, 0.00, 100.00, 0.00, 2.25, 0, 0 
7, 74360, 626526207, 0.00, 100.00, 0.00, 2.25, 0, 0 
8, 74360, 627135779, 0.00, 100.00, 0.00, 2.25, 0, 0 
9, 74360, 627771336, 0.00, 100.00, 0.00, 2.25, 0, 0 
0, 74360, 628428949, 0.00, 100.00, 0.00, 2.25, 0, 0 
1, 74360, 629094911, 0.00, 100.00, 0.00, 2.25, 0, 0 
2, 74360, 629712160, 0.00, 100.00, 0.00, 2.25, 0, 0 
3, 74360, 630293854, 0.00, 100.00, 0.00, 2.25, 0, 0 
4, 74360, 630969841, 0.00, 100.00, 0.00, 2.25, 0, 0 
5, 74360, 631569508, 0.00, 100.00, 0.00, 2.25, 0, 0 
6, 74360, 632229354, 0.00, 100.00, 0.00, 2.25, 0, 0 
7, 74360, 632873464, 0.00, 100.00, 0.00, 2.25, 0, 0 
8, 74360, 633463481, 0.00, 100.00, 0.00, 2.25, 0, 0 
9, 74360, 634019736, 0.00, 100.00, 0.00, 2.25, 0, 0 
0, 74360, 634631977, 0.00, 100.00, 0.00, 2.25, 0, 0 
1, 74360, 635240940, 0.00, 100.00, 0.00, 2.25, 0, 0 
2, 74360, 635823234, 0.00, 100.00, 0.00, 2.25, 0, 0 
3, 74360, 636462953, 0.00, 100.00, 0.00, 2.25, 0, 0 
4, 74360, 637093975, 0.00, 100.00, 0.00, 2.25, 0, 0 
5, 74360, 637695541, 0.00, 100.00, 0.00, 2.25, 0, 0 
6, 74360, 638249651, 0.00, 100.00, 0.00, 2.25, 0, 0 
7, 74360, 638884258, 0.00, 100.00, 0.00, 2.25, 0, 0 
8, 74360, 639498243, 0.00, 100.00, 0.00, 2.25, 0, 0 
9, 74360, 640175548, 0.00, 100.00, 0.00, 2.25, 0, 0 
0, 74360, 641030160, 0.00, 100.00, 0.00, 2.25, 0, 0 
1, 74360, 641685307, 0.00, 100.00, 0.00, 2.25, 0, 0 
2, 74360, 642284591, 0.00, 100.00, 0.00, 2.25, 0, 0 
3, 74360, 642808569, 0.00, 100.00, 0.00, 2.25, 0, 0 
4, 74360, 643379938, 0.00, 100.00, 0.00, 2.25, 0, 0 
5, 74360, 643932405, 0.00, 100.00, 0.00, 2.25, 0, 0 
6, 74360, 644516212, 0.00, 100.00, 0.00, 2.25, 0, 0 
7, 74360, 645015645, 0.00, 100.00, 0.00, 2.25, 0, 0 
8, 74360, 645569949, 0.00, 100.00, 0.00, 2.25, 0, 0 
9, 74360, 646161309, 0.00, 100.00, 0.00, 2.25, 0, 0 
0, 74360, 646826037, 0.00, 100.00, 0.00, 2.25, 0, 0 
1, 74360, 647431896, 0.00, 100.00, 0.00, 2.25, 0, 0 
2, 74360, 648034568, 0.00, 100.00, 0.00, 2.25, 0, 0 
3, 74360, 648620311, 0.00, 100.00, 0.00, 2.25, 0, 0 
4, 74360, 649187489, 0.00, 100.00, 0.00, 2.25, 0, 0 
5, 74360, 649762451, 0.00, 100.00, 0.00, 2.25, 0, 0 
6, 74360, 650288387, 0.00, 100.00, 0.00, 2.25, 0, 0 
7, 74360, 650816241, 0.00, 100.00, 0.00, 2.25, 0, 0 
8, 74360, 651373975, 0.00, 100.00, 0.00, 2.25, 0, 0 
9, 74360, 651926427, 0.00, 100.00, 0.00, 2.25, 0, 0 
0, 74360, 652582594, 0.00, 100.00, 0.00, 2.25, 0, 0 
1, 74360, 653153878, 0.00, 100.00, 0.00, 2.25, 0, 0 
2, 74360, 653679102, 0.00, 100.00, 0.00, 2.25, 0, 0 
3, 74360, 654283407, 0.00, 100.00, 0.00, 2.25, 0, 0 
4, 74360, 654870228, 0.00, 100.00, 0.00, 2.25, 0, 0 
5, 74360, 655427850, 0.00, 100.00, 0.00, 2.25, 0, 0 
6, 74360, 656017526, 0.00, 100.00, 0.00, 2.25, 0, 0 
7, 74360, 656554853, 0.00, 100.00, 0.00, 2.25, 0, 0 
8, 74360, 657118526, 0.00, 100.00, 0.00, 2.25, 0, 0 
9, 74360, 657646054, 0.00, 100.00, 0.00, 2.25, 0, 0 
0, 74360, 658208156, 0.00, 100.00, 0.00, 2.25, 0, 0 
1, 74360, 658767956, 0.00, 100.00, 0.00, 2.25, 0, 0 
2, 74360, 659287489, 0.00, 100.00, 0.00, 2.25, 0, 0 
3, 74360, 659886980, 0.00, 100.00, 0.00, 2.25, 0, 0 
4, 74360, 660421346, 0.00, 100.00, 0.00, 2.25, 0, 0 
5, 74360, 660978723, 0.00, 100.00, 0.00, 2.25, 0, 0 
6, 74360, 661505212, 0.00, 100.00, 0.00, 2.25, 0, 0 
7, 74360, 662033037, 0.00, 100.00, 0.00, 2.25, 0, 0 
8, 74360, 662594732, 0.00, 100.00, 0.00, 2.25, 0, 0 
9, 74360, 663133508, 0.00, 100.00, 0.00, 2.25, 0, 0 
0, 74360, 663689428, 0.00, 100.00, 0.00, 2.25, 0, 0 
1, 74360, 664247259, 0.00, 100.00, 0.00, 2.25, 0, 0 
2, 74360, 664866987, 0.00, 100.00, 0.00, 2.25, 0, 0 
3, 74360, 665505958, 0.00, 100.00, 0.00, 2.25, 0, 0 
4, 74360, 666123890, 0.00, 100.00, 0.00, 2.25, 0, 0 
5, 74360, 666669410, 0.00, 100.00, 0.00, 2.25, 0, 0 
6, 74360, 667320412, 0.00, 100.00, 0.00, 2.25, 0, 0 
7, 74360, 667858807, 0.00, 100.00, 0.00, 2.25, 0, 0 
8, 74360, 668419851, 0.00, 100.00, 0.00, 2.25, 0, 0 
9, 74360, 669021140, 0.00, 100.00, 0.00, 2.25, 0, 0 
0, 74360, 669580153, 0.00, 100.00, 0.00, 2.25, 0, 0 
1, 74360, 670135826, 0.00, 100.00, 0.00, 2.25, 0, 0 
2, 74360, 670651171, 0.00, 100.00, 0.00, 2.25, 0, 0 
3, 74360, 671179536, 0.00, 100.00, 0.00, 2.25, 0, 0 
4, 74360, 671727312, 0.00, 100.00, 0.00, 2.25, 0, 0 
5, 74360, 672294890, 0.00, 100.00, 0.00, 2.25, 0, 0 
6, 74360, 672846509, 0.00, 100.00, 0.00, 2.25, 0, 0 
7, 74360, 673379902, 0.00, 100.00, 0.00, 2.25, 0, 0 
8, 74360, 674164956, 0.00, 100.00, 0.00, 2.25, 0, 0 
9, 74360, 674779989, 0.00, 100.00, 0.00, 2.25, 0, 0 
0, 74360, 675407031, 0.00, 100.00, 0.00, 2.25, 0, 0 
1, 74360, 676092500, 0.00, 100.00, 0.00, 2.25, 0, 0 
2, 74360, 676632584, 0.00, 100.00, 0.00, 2.25, 0, 0 
3, 74360, 677156968, 0.00, 100.00, 0.00, 2.25, 0, 0 
4, 74360, 677684805, 0.00, 100.00, 0.00, 2.25, 0, 0 
5, 74360, 678221568, 0.00, 100.00, 0.00, 2.25, 0, 0 
6, 74360, 678747845, 0.00, 100.00, 0.00, 2.25, 0, 0 
7, 74360, 679277994, 0.00, 100.00, 0.00, 2.25, 0, 0 
8, 74360, 679835959, 0.00, 100.00, 0.00, 2.25, 0, 0 
9, 74360, 680375566, 0.00, 100.00, 0.00, 2.25, 0, 0 
0, 74360, 680919785, 0.00, 100.00, 0.00, 2.25, 0, 0 
1, 74360, 681452505, 0.00, 100.00, 0.00, 2.25, 0, 0 
2, 74360, 682005125, 0.00, 100.00, 0.00, 2.25, 0, 0 
3, 74360, 682628384, 0.00, 100.00, 0.00, 2.25, 0, 0 
4, 74360, 683152410, 0.00, 100.00, 0.00, 2.25, 0, 0 
5, 74360, 683697379, 0.00, 100.00, 0.00, 2.25, 0, 0 
6, 74360, 684227629, 0.00, 100.00, 0.00, 2.25, 0, 0 
7, 74360, 684782646, 0.00, 100.00, 0.00, 2.25, 0, 0 
8, 74360, 685308271, 0.00, 100.00, 0.00, 2.25, 0, 0 
9, 74360, 685867290, 0.00, 100.00, 0.00, 2.25, 0, 0 
0, 74360, 686486270, 0.00, 100.00, 0.00, 2.25, 0, 0 
1, 74360, 687019004, 0.00, 100.00, 0.00, 2.25, 0, 0 
2, 74360, 687532474, 0.00, 100.00, 0.00, 2.25, 0, 0 
3, 74360, 688116012, 0.00, 100.00, 0.00, 2.25, 0, 0 
4, 74360, 688689222, 0.00, 100.00, 0.00, 2.25, 0, 0 
5, 74360, 689263490, 0.00, 100.00, 0.00, 2.25, 0, 0 
6, 74360, 689879645, 0.00, 100.00, 0.00, 2.25, 0, 0 
7, 74360, 690491822, 0.00, 100.00, 0.00, 2.25, 0, 0 
8, 74360, 691048845, 0.00, 100.00, 0.00, 2.25, 0, 0 
9, 74360, 691623814, 0.00, 100.00, 0.00, 2.25, 0, 0 
0, 74360, 692237040, 0.00, 100.00, 0.00, 2.25, 0, 0 
1, 74360, 692774387, 0.00, 100.00, 0.00, 2.25, 0, 0 
2, 74360, 693296015, 0.00, 100.00, 0.00, 2.25, 0, 0 
3, 74360, 693836108, 0.00, 100.00, 0.00, 2.25, 0, 0 
4, 74360, 694396510, 0.00, 100.00, 0.00, 2.25, 0, 0 
5, 74360, 694986316, 0.00, 100.00, 0.00, 2.25, 0, 0 
6, 74360, 695573450, 0.00, 100.00, 0.00, 2.25, 0, 0 
7, 74360, 696193833, 0.00, 100.00, 0.00, 2.25, 0, 0 
8, 74360, 696936657, 0.00, 100.00, 0.00, 2.25, 0, 0 
9, 74360, 697540406, 0.00, 100.00, 0.00, 2.25, 0, 0 
0, 74360, 698167356, 0.00, 100.00, 0.00, 2.25, 0, 0 
1, 74360, 698737444, 0.00, 100.00, 0.00, 2.25, 0, 0 
2, 74360, 699334849, 0.00, 100.00, 0.00, 2.25, 0, 0 
3, 74360, 699859595, 0.00, 100.00, 0.00, 2.25, 0, 0 
4, 74360, 700381035, 0.00, 100.00, 0.00, 2.25, 0, 0 
5, 74360, 700930459, 0.00, 100.00, 0.00, 2.25, 0, 0 
6, 74360, 701459092, 0.00, 100.00, 0.00, 2.25, 0, 0 
7, 74360, 701992736, 0.00, 100.00, 0.00, 2.25, 0, 0 
8, 74360, 702604369, 0.00, 100.00, 0.00, 2.25, 0, 0 
9, 74360, 703112869, 0.00, 100.00, 0.00, 2.25, 0, 0 
0, 74360, 703692448, 0.00, 100.00, 0.00, 2.25, 0, 0 
1, 74360, 704226574, 0.00, 100.00, 0.00, 2.25, 0, 0 
2, 74360, 704808225, 0.00, 100.00, 0.00, 2.25, 0, 0 
3, 74360, 705365171, 0.00, 100.00, 0.00, 2.25, 0, 0 
4, 74360, 705971500, 0.00, 100.00, 0.00, 2.25, 0, 0 
5, 74360, 706588185, 0.00, 100.00, 0.00, 2.25, 0, 0 
6, 74360, 707406450, 0.00, 100.00, 0.00, 2.25, 0, 0 
7, 74360, 707967446, 0.00, 100.00, 0.00, 2.25, 0, 0 
8, 74360, 708522479, 0.00, 100.00, 0.00, 2.25, 0, 0 
9, 74360, 709129404, 0.00, 100.00, 0.00, 2.25, 0, 0 
0, 74360, 709715989, 0.00, 100.00, 0.00, 2.25, 0, 0 
1, 74360, 710248528, 0.00, 100.00, 0.00, 2.25, 0, 0 
2, 74360, 710815358, 0.00, 100.00, 0.00, 2.25, 0, 0 
3, 74360, 711337744, 0.00, 100.00, 0.00, 2.25, 0, 0 
4, 74360, 711862994, 0.00, 100.00, 0.00, 2.25, 0, 0 
5, 74360, 712423615, 0.00, 100.00, 0.00, 2.25, 0, 0 
6, 74360, 712972330, 0.00, 100.00, 0.00, 2.25, 0, 0 
7, 74360, 713501302, 0.00, 100.00, 0.00, 2.25, 0, 0 
8, 74360, 714052582, 0.00, 100.00, 0.00, 2.25, 0, 0 
9, 74360, 714664148, 0.00, 100.00, 0.00, 2.25, 0, 0 
0, 74360, 715286611, 0.00, 100.00, 0.00, 2.25, 0, 0 
1, 74360, 716120747, 0.00, 100.00, 0.00, 2.25, 0, 0 
2, 74360, 716754846, 0.00, 100.00, 0.00, 2.25, 0, 0 
3, 74360, 717428931, 0.00, 100.00, 0.00, 2.25, 0, 0 
4, 74360, 717988565, 0.00, 100.00, 0.00, 2.25, 0, 0 
5, 74360, 718518295, 0.00, 100.00, 0.00, 2.25, 0, 0 
6, 74360, 719119712, 0.00, 100.00, 0.00, 2.25, 0, 0 
7, 74360, 719767319, 0.00, 100.00, 0.00, 2.25, 0, 0 
8, 74360, 720334622, 0.00, 100.00, 0.00, 2.25, 0, 0 
9, 74360, 720868883, 0.00, 100.00, 0.00, 2.25, 0, 0 
0, 74360, 721417662, 0.00, 100.00, 0.00, 2.25, 0, 0 
1, 74360, 721968644, 0.00, 100.00, 0.00, 2.25, 0, 0 
2, 74360, 722488760, 0.00, 100.00, 0.00, 2.25, 0, 0 
3, 74360, 723168889, 0.00, 100.00, 0.00, 2.25, 0, 0 
4, 74360, 723793574, 0.00, 100.00, 0.00, 2.25, 0, 0 
5, 74360, 724371406, 0.00, 100.00, 0.00, 2.25, 0, 0 
6, 74360, 724957224, 0.00, 100.00, 0.00, 2.25, 0, 0 
7, 74360, 725521386, 0.00, 100.00, 0.00, 2.25, 0, 0 
8, 74360, 726131688, 0.00, 100.00, 0.00, 2.25, 0, 0 
9, 74360, 726767934, 0.00, 100.00, 0.00, 2.25, 0, 0 
0, 74360, 727434355, 0.00, 100.00, 0.00, 2.25, 0, 0 
1, 74360, 728045109, 0.00, 100.00, 0.00, 2.25, 0, 0 
2, 74360, 728628172, 0.00, 100.00, 0.00, 2.25, 0, 0 
3, 74360, 729150408, 0.00, 100.00, 0.00, 2.25, 0, 0 
4, 74360, 729676772, 0.00, 100.00, 0.00, 2.25, 0, 0 
5, 74360, 730232635, 0.00, 100.00, 0.00, 2.25, 0, 0 
6, 74360, 730759975, 0.00, 100.00, 0.00, 2.25, 0, 0 
7, 74360, 731287172, 0.00, 100.00, 0.00, 2.25, 0, 0 
8, 74360, 731850164, 0.00, 100.00, 0.00, 2.25, 0, 0 
9, 74360, 732372876, 0.00, 100.00, 0.00, 2.25, 0, 0 
0, 74360, 732918036, 0.00, 100.00, 0.00, 2.25, 0, 0 
1, 74360, 733479343, 0.00, 100.00, 0.00, 2.25, 0, 0 
2, 74360, 734013528, 0.00, 100.00, 0.00, 2.25, 0, 0 
3, 74360, 734581502, 0.00, 100.00, 0.00, 2.25, 0, 0 
4, 74360, 735132429, 0.00, 100.00, 0.00, 2.25, 0, 0 
5, 74360, 735722589, 0.00, 100.00, 0.00, 2.25, 0, 0 
6, 74360, 736366690, 0.00, 100.00, 0.00, 2.25, 0, 0 
7, 74360, 737079835, 0.00, 100.00, 0.00, 2.25, 0, 0 
8, 74360, 737676101, 0.00, 100.00, 0.00, 2.25, 0, 0 
9, 74360, 738277800, 0.00, 100.00, 0.00, 2.25, 0, 0 
0, 74360, 738914786, 0.00, 100.00, 0.00, 2.25, 0, 0 
1, 74360, 739509306, 0.00, 100.00, 0.00, 2.25, 0, 0 
2, 74360, 740147824, 0.00, 100.00, 0.00, 2.25, 0, 0 
3, 74360, 740991778, 0.00, 100.00, 0.00, 2.25, 0, 0 
4, 74360, 741631962, 0.00, 100.00, 0.00, 2.25, 0, 0 
5, 74360, 742199854, 0.00, 100.00, 0.00, 2.25, 0, 0 
6, 74360, 742809438, 0.00, 100.00, 0.00, 2.25, 0, 0 
7, 74360, 743372065, 0.00, 100.00, 0.00, 2.25, 0, 0 
8, 74360, 743924710, 0.00, 100.00, 0.00, 2.25, 0, 0 
9, 74360, 744500008, 0.00, 100.00, 0.00, 2.25, 0, 0 
0, 74360, 745089879, 0.00, 100.00, 0.00, 2.25, 0, 0 
1, 74360, 745670947, 0.00, 100.00, 0.00, 2.25, 0, 0 
2, 74360, 746205058, 0.00, 100.00, 0.00, 2.25, 0, 0 
3, 74360, 746754052, 0.00, 100.00, 0.00, 2.25, 0, 0 
4, 74360, 747285612, 0.00, 100.00, 0.00, 2.25, 0, 0 
5, 74360, 747812316, 0.00, 100.00, 0.00, 2.25, 0, 0 
6, 74360, 748371657, 0.00, 100.00, 0.00, 2.25, 0, 0 
7, 74360, 748899717, 0.00, 100.00, 0.00, 2.25, 0, 0 
8, 74360, 749427561, 0.00, 100.00, 0.00, 2.25, 0, 0 
9, 74360, 749982221, 0.00, 100.00, 0.00, 2.25, 0, 0 
0, 74360, 750533643, 0.00, 100.00, 0.00, 2.25, 0, 0 
1, 74360, 751135305, 0.00, 100.00, 0.00, 2.25, 0, 0 
2, 74360, 751710939, 0.00, 100.00, 0.00, 2.25, 0, 0 
3, 74360, 752276933, 0.00, 100.00, 0.00, 2.25, 0, 0 
4, 74360, 752867695, 0.00, 100.00, 0.00, 2.25, 0, 0 
5, 74360, 753385987, 0.00, 100.00, 0.00, 2.25, 0, 0 
6, 74360, 753915434, 0.00, 100.00, 0.00, 2.25, 0, 0 
7, 74360, 754477223, 0.00, 100.00, 0.00, 2.25, 0, 0 
8, 74360, 754998818, 0.00, 100.00, 0.00, 2.25, 0, 0 
9, 74360, 755550491, 0.00, 100.00, 0.00, 2.25, 0, 0 
0, 74360, 756138283, 0.00, 100.00, 0.00, 2.25, 0, 0 
1, 74360, 756744106, 0.00, 100.00, 0.00, 2.25, 0, 0 
2, 74360, 757353636, 0.00, 100.00, 0.00, 2.25, 0, 0 
3, 74360, 757955120, 0.00, 100.00, 0.00, 2.25, 0, 0 
4, 74360, 758581665, 0.00, 100.00, 0.00, 2.25, 0, 0 
5, 74360, 759194169, 0.00, 100.00, 0.00, 2.25, 0, 0 
6, 74360, 759766895, 0.00, 100.00, 0.00, 2.25, 0, 0 
7, 74360, 760371811, 0.00, 100.00, 0.00, 2.25, 0, 0 
8, 74360, 761004158, 0.00, 100.00, 0.00, 2.25, 0, 0 
9, 74360, 761635877, 0.00, 100.00, 0.00, 2.25, 0, 0 
0, 74360, 762337242, 0.00, 100.00, 0.00, 2.25, 0, 0 
1, 74360, 762946320, 0.00, 100.00, 0.00, 2.25, 0, 0 
2, 74360, 763579838, 0.00, 100.00, 0.00, 2.25, 0, 0 
3, 74360, 764190178, 0.00, 100.00, 0.00, 2.25, 0, 0 
4, 74360, 764787921, 0.00, 100.00, 0.00, 2.25, 0, 0 
5, 74360, 765446710, 0.00, 100.00, 0.00, 2.25, 0, 0 
6, 74360, 766081535, 0.00, 100.00, 0.00, 2.25, 0, 0 
7, 74360, 766684148, 0.00, 100.00, 0.00, 2.25, 0, 0 
8, 74360, 767308423, 0.00, 100.00, 0.00, 2.25, 0, 0 
9, 74360, 767940101, 0.00, 100.00, 0.00, 2.25, 0, 0 
0, 74360, 768569571, 0.00, 100.00, 0.00, 2.25, 0, 0 
1, 74360, 769318619, 0.00, 100.00, 0.00, 2.25, 0, 0 
2, 74360, 770031465, 0.00, 100.00, 0.00, 2.25, 0, 0 
3, 74360, 770646439, 0.00, 100.00, 0.00, 2.25, 0, 0 
4, 74360, 771202476, 0.00, 100.00, 0.00, 2.25, 0, 0 
5, 74360, 771751179, 0.00, 100.00, 0.00, 2.25, 0, 0 
6, 74360, 772318906, 0.00, 100.00, 0.00, 2.25, 0, 0 
7, 74360, 772928476, 0.00, 100.00, 0.00, 2.25, 0, 0 
8, 74360, 773501512, 0.00, 100.00, 0.00, 2.25, 0, 0 
9, 74360, 774064678, 0.00, 100.00, 0.00, 2.25, 0, 0 
0, 74360, 774757091, 0.00, 100.00, 0.00, 2.25, 0, 0 
1, 74360, 775694082, 0.00, 100.00, 0.00, 2.25, 0, 0 
2, 74360, 776280014, 0.00, 100.00, 0.00, 2.25, 0, 0 
3, 74360, 776856366, 0.00, 100.00, 0.00, 2.25, 0, 0 
4, 74360, 777375336, 0.00, 100.00, 0.00, 2.25, 0, 0 
5, 74360, 777901684, 0.00, 100.00, 0.00, 2.25, 0, 0 
6, 74360, 778448045, 0.00, 100.00, 0.00, 2.25, 0, 0 
7, 74360, 778986595, 0.00, 100.00, 0.00, 2.25, 0, 0 
8, 74360, 779549205, 0.00, 100.00, 0.00, 2.25, 0, 0 
9, 74360, 780092786, 0.00, 100.00, 0.00, 2.25, 0, 0 
0, 74360, 780745641, 0.00, 100.00, 0.00, 2.25, 0, 0 
1, 74360, 781399053, 0.00, 100.00, 0.00, 2.25, 0, 0 
2, 74360, 781961512, 0.00, 100.00, 0.00, 2.25, 0, 0 
3, 74360, 782528253, 0.00, 100.00, 0.00, 2.25, 0, 0 
4, 74360, 783071071, 0.00, 100.00, 0.00, 2.25, 0, 0 
5, 74360, 783596974, 0.00, 100.00, 0.00, 2.25, 0, 0 
6, 74360, 784144786, 0.00, 100.00, 0.00, 2.25, 0, 0 
7, 74360, 784683220, 0.00, 100.00, 0.00, 2.25, 0, 0 
8, 74360, 785234352, 0.00, 100.00, 0.00, 2.25, 0, 0 
9, 74360, 785846262, 0.00, 100.00, 0.00, 2.25, 0, 0 
0, 74360, 786419865, 0.00, 100.00, 0.00, 2.25, 0, 0 
1, 74360, 786964726, 0.00, 100.00, 0.00, 2.25, 0, 0 
2, 74360, 787549897, 0.00, 100.00, 0.00, 2.25, 0, 0 
3, 74360, 788127769, 0.00, 100.00, 0.00, 2.25, 0, 0 
4, 74360, 788731372, 0.00, 100.00, 0.00, 2.25, 0, 0 
5, 74360, 789370091, 0.00, 100.00, 0.00, 2.25, 0, 0 
6, 74360, 790008601, 0.00, 100.00, 0.00, 2.25, 0, 0 
7, 74360, 790618315, 0.00, 100.00, 0.00, 2.25, 0, 0 
8, 74360, 791205341, 0.00, 100.00, 0.00, 2.25, 0, 0 
9, 74360, 791736030, 0.00, 100.00, 0.00, 2.25, 0, 0 
0, 74360, 792368315, 0.00, 100.00, 0.00, 2.25, 0, 0 
1, 74360, 792984050, 0.00, 100.00, 0.00, 2.25, 0, 0 
2, 74360, 793594845, 0.00, 100.00, 0.00, 2.25, 0, 0 
3, 74360, 794109865, 0.00, 100.00, 0.00, 2.25, 0, 0 
4, 74360, 794647086, 0.00, 100.00, 0.00, 2.25, 0, 0 
5, 74360, 795183851, 0.00, 100.00, 0.00, 2.25, 0, 0 
6, 74360, 795773797, 0.00, 100.00, 0.00, 2.25, 0, 0 
7, 74360, 796333821, 0.00, 100.00, 0.00, 2.25, 0, 0 
8, 74360, 796903554, 0.00, 100.00, 0.00, 2.25, 0, 0 
9, 74360, 797431862, 0.00, 100.00, 0.00, 2.25, 0, 0 
0, 74360, 798014696, 0.00, 100.00, 0.00, 2.25, 0, 0 
1, 74360, 798581363, 0.00, 100.00, 0.00, 2.25, 0, 0 
2, 74360, 799130705, 0.00, 100.00, 0.00, 2.25, 0, 0 
3, 74360, 799701933, 0.00, 100.00, 0.00, 2.25, 0, 0 
4, 74360, 800294808, 0.00, 100.00, 0.00, 2.25, 0, 0 
5, 74360, 800853497, 0.00, 100.00, 0.00, 2.25, 0, 0 
6, 74360, 801420965, 0.00, 100.00, 0.00, 2.25, 0, 0 
7, 74360, 801979641, 0.00, 100.00, 0.00, 2.25, 0, 0 
8, 74360, 802546481, 0.00, 100.00, 0.00, 2.25, 0, 0 
9, 74360, 803100376, 0.00, 100.00, 0.00, 2.25, 0, 0 
0, 74360, 803693323, 0.00, 100.00, 0.00, 2.25, 0, 0 
1, 74360, 804344466, 0.00, 100.00, 0.00, 2.25, 0, 0 
2, 74360, 804944466, 0.00, 100.00, 0.00, 2.25, 0, 0 
3, 74360, 805470323, 0.00, 100.00, 0.00, 2.25, 0, 0 
4, 74360, 806066637, 0.00, 100.00, 0.00, 2.25, 0, 0 
5, 74360, 806600879, 0.00, 100.00, 0.00, 2.25, 0, 0 
6, 74360, 807188115, 0.00, 100.00, 0.00, 2.25, 0, 0 
7, 74360, 807845382, 0.00, 100.00, 0.00, 2.25, 0, 0 
8, 74360, 808885649, 0.00, 100.00, 0.00, 2.25, 0, 0 
9, 74360, 809643881, 0.00, 100.00, 0.00, 2.25, 0, 0 
0, 74360, 810482515, 0.00, 100.00, 0.00, 2.25, 0, 0 
1, 74360, 811251743, 0.00, 100.00, 0.00, 2.25, 0, 0 
2, 74360, 811803581, 0.00, 100.00, 0.00, 2.25, 0, 0 
3, 74360, 812355238, 0.00, 100.00, 0.00, 2.25, 0, 0 
4, 74360, 812888929, 0.00, 100.00, 0.00, 2.25, 0, 0 
5, 74360, 813413872, 0.00, 100.00, 0.00, 2.25, 0, 0 
6, 74360, 813967545, 0.00, 100.00, 0.00, 2.25, 0, 0 
7, 74360, 814520762, 0.00, 100.00, 0.00, 2.25, 0, 0 
8, 74360, 815074325, 0.00, 100.00, 0.00, 2.25, 0, 0 
9, 74360, 815606372, 0.00, 100.00, 0.00, 2.25, 0, 0 
0, 74360, 816171354, 0.00, 100.00, 0.00, 2.25, 0, 0 
1, 74360, 816762944, 0.00, 100.00, 0.00, 2.25, 0, 0 
2, 74360, 817312813, 0.00, 100.00, 0.00, 2.25, 0, 0 
3, 74360, 817863285, 0.00, 100.00, 0.00, 2.25, 0, 0 
4, 74360, 818398572, 0.00, 100.00, 0.00, 2.25, 0, 0 
5, 74360, 819008133, 0.00, 100.00, 0.00, 2.25, 0, 0 
6, 74360, 819643997, 0.00, 100.00, 0.00, 2.25, 0, 0 
7, 74360, 820281175, 0.00, 100.00, 0.00, 2.25, 0, 0 
8, 74360, 820871655, 0.00, 100.00, 0.00, 2.25, 0, 0 
9, 74360, 821435835, 0.00, 100.00, 0.00, 2.25, 0, 0 
0, 74360, 822097903, 0.00, 100.00, 0.00, 2.25, 0, 0 
1, 74360, 822733905, 0.00, 100.00, 0.00, 2.25, 0, 0 
2, 74360, 823341503, 0.00, 100.00, 0.00, 2.25, 0, 0 
3, 74360, 824128038, 0.00, 100.00, 0.00, 2.25, 0, 0 
4, 74360, 824859648, 0.00, 100.00, 0.00, 2.25, 0, 0 
5, 74360, 825491202, 0.00, 100.00, 0.00, 2.25, 0, 0 
6, 74360, 825998175, 0.00, 100.00, 0.00, 2.25, 0, 0 
7, 74360, 826561664, 0.00, 100.00, 0.00, 2.25, 0, 0 
8, 74360, 827090462, 0.00, 100.00, 0.00, 2.25, 0, 0 
9, 74360, 827617598, 0.00, 100.00, 0.00, 2.25, 0, 0 
0, 74360, 828198519, 0.00, 100.00, 0.00, 2.25, 0, 0 
1, 74360, 828736578, 0.00, 100.00, 0.00, 2.25, 0, 0 
2, 74360, 829293430, 0.00, 100.00, 0.00, 2.25, 0, 0 
3, 74360, 829830886, 0.00, 100.00, 0.00, 2.25, 0, 0 
4, 74360, 830357787, 0.00, 100.00, 0.00, 2.25, 0, 0 
5, 74360, 830942519, 0.00, 100.00, 0.00, 2.25, 0, 0 
6, 74360, 831493657, 0.00, 100.00, 0.00, 2.25, 0, 0 
7, 74360, 832063425, 0.00, 100.00, 0.00, 2.25, 0, 0 
8, 74360, 832602906, 0.00, 100.00, 0.00, 2.25, 0, 0 
9, 74360, 833163349, 0.00, 100.00, 0.00, 2.25, 0, 0 
0, 74360, 833779145, 0.00, 100.00, 0.00, 2.25, 0, 0 
1, 74360, 834348050, 0.00, 100.00, 0.00, 2.25, 0, 0 
2, 74360, 834913541, 0.00, 100.00, 0.00, 2.25, 0, 0 
3, 74360, 835475186, 0.00, 100.00, 0.00, 2.25, 0, 0 
4, 74360, 836064006, 0.00, 100.00, 0.00, 2.25, 0, 0 
5, 74360, 836668463, 0.00, 100.00, 0.00, 2.25, 0, 0 
6, 74360, 837198162, 0.00, 100.00, 0.00, 2.25, 0, 0 
7, 74360, 837794557, 0.00, 100.00, 0.00, 2.25, 0, 0 
8, 74360, 838324255, 0.00, 100.00, 0.00, 2.25, 0, 0 
9, 74360, 838941842, 0.00, 100.00, 0.00, 2.25, 0, 0 
0, 74360, 839535191, 0.00, 100.00, 0.00, 2.25, 0, 0 
1, 74360, 840143864, 0.00, 100.00, 0.00, 2.25, 0, 0 
2, 74360, 840712156, 0.00, 100.00, 0.00, 2.25, 0, 0 
3, 74360, 841285822, 0.00, 100.00, 0.00, 2.25, 0, 0 
4, 74360, 841815974, 0.00, 100.00, 0.00, 2.25, 0, 0 
5, 74360, 842352631, 0.00, 100.00, 0.00, 2.25, 0, 0 
6, 74360, 842908505, 0.00, 100.00, 0.00, 2.25, 0, 0 
7, 74360, 843435377, 0.00, 100.00, 0.00, 2.25, 0, 0 
8, 74360, 843956616, 0.00, 100.00, 0.00, 2.25, 0, 0 
9, 74360, 844510485, 0.00, 100.00, 0.00, 2.25, 0, 0 
0, 74360, 845063073, 0.00, 100.00, 0.00, 2.25, 0, 0 
1, 74360, 845674553, 0.00, 100.00, 0.00, 2.25, 0, 0 
2, 74360, 846202448, 0.00, 100.00, 0.00, 2.25, 0, 0 
3, 74360, 846757232, 0.00, 100.00, 0.00, 2.25, 0, 0 
4, 74360, 847286807, 0.00, 100.00, 0.00, 2.25, 0, 0 
5, 74360, 847811829, 0.00, 100.00, 0.00, 2.25, 0, 0 
6, 74360, 848396430, 0.00, 100.00, 0.00, 2.25, 0, 0 
7, 74360, 848914996, 0.00, 100.00, 0.00, 2.25, 0, 0 
8, 74360, 849455329, 0.00, 100.00, 0.00, 2.25, 0, 0 
9, 74360, 849998934, 0.00, 100.00, 0.00, 2.25, 0, 0 
0, 74360, 850583587, 0.00, 100.00, 0.00, 2.25, 0, 0 
1, 74360, 851268445, 0.00, 100.00, 0.00, 2.25, 0, 0 
2, 74360, 851930366, 0.00, 100.00, 0.00, 2.25, 0, 0 
3, 74360, 852548287, 0.00, 100.00, 0.00, 2.25, 0, 0 
4, 74360, 853136144, 0.00, 100.00, 0.00, 2.25, 0, 0 
5, 74360, 853696726, 0.00, 100.00, 0.00, 2.25, 0, 0 
6, 74360, 854320502, 0.00, 100.00, 0.00, 2.25, 0, 0 
7, 74360, 854882764, 0.00, 100.00, 0.00, 2.25, 0, 0 
8, 74360, 855446241, 0.00, 100.00, 0.00, 2.25, 0, 0 
9, 74360, 856086403, 0.00, 100.00, 0.00, 2.25, 0, 0 
0, 74360, 856754057, 0.00, 100.00, 0.00, 2.25, 0, 0 
1, 74360, 857592274, 0.00, 100.00, 0.00, 2.25, 0, 0 
2, 74360, 858188207, 0.00, 100.00, 0.00, 2.25, 0, 0 
3, 74360, 858729616, 0.00, 100.00, 0.00, 2.25, 0, 0 
4, 74360, 859336207, 0.00, 100.00, 0.00, 2.25, 0, 0 
5, 74360, 859914101, 0.00, 100.00, 0.00, 2.25, 0, 0 
6, 74360, 860438894, 0.00, 100.00, 0.00, 2.25, 0, 0 
7, 74360, 860956548, 0.00, 100.00, 0.00, 2.25, 0, 0 
8, 74360, 861514406, 0.00, 100.00, 0.00, 2.25, 0, 0 
9, 74360, 862039737, 0.00, 100.00, 0.00, 2.25, 0, 0 
0, 74360, 862604189, 0.00, 100.00, 0.00, 2.25, 0, 0 
1, 74360, 863158722, 0.00, 100.00, 0.00, 2.25, 0, 0 
2, 74360, 863687985, 0.00, 100.00, 0.00, 2.25, 0, 0 
3, 74360, 864258638, 0.00, 100.00, 0.00, 2.25, 0, 0 
4, 74360, 864789115, 0.00, 100.00, 0.00, 2.25, 0, 0 
5, 74360, 865308722, 0.00, 100.00, 0.00, 2.25, 0, 0 
6, 74360, 865864772, 0.00, 100.00, 0.00, 2.25, 0, 0 
7, 74360, 866400842, 0.00, 100.00, 0.00, 2.25, 0, 0 
8, 74360, 866917790, 0.00, 100.00, 0.00, 2.25, 0, 0 
9, 74360, 867487338, 0.00, 100.00, 0.00, 2.25, 0, 0 
0, 74360, 868046002, 0.00, 100.00, 0.00, 2.25, 0, 0 
1, 74360, 868653200, 0.00, 100.00, 0.00, 2.25, 0, 0 
2, 74360, 869240546, 0.00, 100.00, 0.00, 2.25, 0, 0 
3, 74360, 869763075, 0.00, 100.00, 0.00, 2.25, 0, 0 
4, 74360, 870290834, 0.00, 100.00, 0.00, 2.25, 0, 0 
5, 74360, 870843637, 0.00, 100.00, 0.00, 2.25, 0, 0 
6, 74360, 871372564, 0.00, 100.00, 0.00, 2.25, 0, 0 
7, 74360, 871902590, 0.00, 100.00, 0.00, 2.25, 0, 0 
8, 74360, 872465695, 0.00, 100.00, 0.00, 2.25, 0, 0 
9, 74360, 872994968, 0.00, 100.00, 0.00, 2.25, 0, 0 
0, 74360, 873551338, 0.00, 100.00, 0.00, 2.25, 0, 0 
1, 74360, 874101457, 0.00, 100.00, 0.00, 2.25, 0, 0 
2, 74360, 874641244, 0.00, 100.00, 0.00, 2.25, 0, 0 
3, 74360, 875212023, 0.00, 100.00, 0.00, 2.25, 0, 0 
4, 74360, 875735494, 0.00, 100.00, 0.00, 2.25, 0, 0 
5, 74360, 876326323, 0.00, 100.00, 0.00, 2.25, 0, 0 
6, 74360, 876886937, 0.00, 100.00, 0.00, 2.25, 0, 0 
7, 74360, 877450862, 0.00, 100.00, 0.00, 2.25, 0, 0 
8, 74360, 878030858, 0.00, 100.00, 0.00, 2.25, 0, 0 
9, 74360, 878592791, 0.00, 100.00, 0.00, 2.25, 0, 0 
0, 74360, 879191391, 0.00, 100.00, 0.00, 2.25, 0, 0 
1, 74360, 879758930, 0.00, 100.00, 0.00, 2.25, 0, 0 
2, 74360, 880321734, 0.00, 100.00, 0.00, 2.25, 0, 0 
3, 74360, 880836097, 0.00, 100.00, 0.00, 2.25, 0, 0 
4, 74360, 881448790, 0.00, 100.00, 0.00, 2.25, 0, 0 
5, 74360, 882072770, 0.00, 100.00, 0.00, 2.25, 0, 0 
6, 74360, 882705251, 0.00, 100.00, 0.00, 2.25, 0, 0 
7, 74360, 883413152, 0.00, 100.00, 0.00, 2.25, 0, 0 
8, 74360, 884068666, 0.00, 100.00, 0.00, 2.25, 0, 0 
9, 74360, 884752163, 0.00, 100.00, 0.00, 2.25, 0, 0 
0, 74360, 885429047, 0.00, 100.00, 0.00, 2.25, 0, 0 
1, 74360, 886030453, 0.00, 100.00, 0.00, 2.25, 0, 0 
2, 74360, 886626435, 0.00, 100.00, 0.00, 2.25, 0, 0 
3, 74360, 887218478, 0.00, 100.00, 0.00, 2.25, 0, 0 
4, 74360, 887873521, 0.00, 100.00, 0.00, 2.25, 0, 0 
5, 74360, 888506591, 0.00, 100.00, 0.00, 2.25, 0, 0 
6, 74360, 889162892, 0.00, 100.00, 0.00, 2.25, 0, 0 
7, 74360, 889810583, 0.00, 100.00, 0.00, 2.25, 0, 0 
8, 74360, 890631622, 0.00, 100.00, 0.00, 2.25, 0, 0 
9, 74360, 891470677, 0.00, 100.00, 0.00, 2.25, 0, 0 
0, 74360, 892079779, 0.00, 100.00, 0.00, 2.25, 0, 0 
1, 74360, 892638576, 0.00, 100.00, 0.00, 2.25, 0, 0 
2, 74360, 893176420, 0.00, 100.00, 0.00, 2.25, 0, 0 
3, 74360, 893707183, 0.00, 100.00, 0.00, 2.25, 0, 0 
4, 74360, 894304350, 0.00, 100.00, 0.00, 2.25, 0, 0 
5, 74360, 894835291, 0.00, 100.00, 0.00, 2.25, 0, 0 
6, 74360, 895415407, 0.00, 100.00, 0.00, 2.25, 0, 0 
7, 74360, 895946598, 0.00, 100.00, 0.00, 2.25, 0, 0 
8, 74360, 896508375, 0.00, 100.00, 0.00, 2.25, 0, 0 
9, 74360, 897105505, 0.00, 100.00, 0.00, 2.25, 0, 0 
0, 74360, 897703137, 0.00, 100.00, 0.00, 2.25, 0, 0 
1, 74360, 898332156, 0.00, 100.00, 0.00, 2.25, 0, 0 
2, 74360, 898890464, 0.00, 100.00, 0.00, 2.25, 0, 0 
3, 74360, 899498189, 0.00, 100.00, 0.00, 2.25, 0, 0 
4, 74360, 900070916, 0.00, 100.00, 0.00, 2.25, 0, 0 
5, 74360, 900717359, 0.00, 100.00, 0.00, 2.25, 0, 0 
6, 74360, 901322609, 0.00, 100.00, 0.00, 2.25, 0, 0 
7, 74360, 901855275, 0.00, 100.00, 0.00, 2.25, 0, 0 
8, 74360, 902457833, 0.00, 100.00, 0.00, 2.25, 0, 0 
9, 74360, 903006866, 0.00, 100.00, 0.00, 2.25, 0, 0 
0, 74360, 903561179, 0.00, 100.00, 0.00, 2.25, 0, 0 
1, 74360, 904132517, 0.00, 100.00, 0.00, 2.25, 0, 0 
2, 74360, 904695911, 0.00, 100.00, 0.00, 2.25, 0, 0 
3, 74360, 905308723, 0.00, 100.00, 0.00, 2.25, 0, 0 
4, 74360, 905878321, 0.00, 100.00, 0.00, 2.25, 0, 0 
5, 74360, 906406537, 0.00, 100.00, 0.00, 2.25, 0, 0 
6, 74360, 906970778, 0.00, 100.00, 0.00, 2.25, 0, 0 
7, 74360, 907526866, 0.00, 100.00, 0.00, 2.25, 0, 0 
8, 74360, 908122425, 0.00, 100.00, 0.00, 2.25, 0, 0 
9, 74360, 908701036, 0.00, 100.00, 0.00, 2.25, 0, 0 
0, 74360, 909353705, 0.00, 100.00, 0.00, 2.25, 0, 0 
1, 74360, 909946223, 0.00, 100.00, 0.00, 2.25, 0, 0 
2, 74360, 910565750, 0.00, 100.00, 0.00, 2.25, 0, 0 
3, 74360, 911203292, 0.00, 100.00, 0.00, 2.25, 0, 0 
4, 74360, 911833283, 0.00, 100.00, 0.00, 2.25, 0, 0 
5, 74360, 912478124, 0.00, 100.00, 0.00, 2.25, 0, 0 
6, 74360, 913121158, 0.00, 100.00, 0.00, 2.25, 0, 0 
7, 74360, 913731004, 0.00, 100.00, 0.00, 2.25, 0, 0 
8, 74360, 914288110, 0.00, 100.00, 0.00, 2.25, 0, 0 
9, 74360, 914849647, 0.00, 100.00, 0.00, 2.25, 0, 0 
0, 74360, 915397894, 0.00, 100.00, 0.00, 2.25, 0, 0 
1, 74360, 915968618, 0.00, 100.00, 0.00, 2.25, 0, 0 
2, 74360, 916613033, 0.00, 100.00, 0.00, 2.25, 0, 0 
3, 74360, 917178988, 0.00, 100.00, 0.00, 2.25, 0, 0 
4, 74360, 917731499, 0.00, 100.00, 0.00, 2.25, 0, 0 
5, 74360, 918260182, 0.00, 100.00, 0.00, 2.25, 0, 0 
6, 74360, 918789913, 0.00, 100.00, 0.00, 2.25, 0, 0 
7, 74360, 919397482, 0.00, 100.00, 0.00, 2.25, 0, 0 
8, 74360, 919922256, 0.00, 100.00, 0.00, 2.25, 0, 0 
9, 74360, 920506067, 0.00, 100.00, 0.00, 2.25, 0, 0 
0, 74360, 921060786, 0.00, 100.00, 0.00, 2.25, 0, 0 
1, 74360, 921679795, 0.00, 100.00, 0.00, 2.25, 0, 0 
2, 74360, 922225635, 0.00, 100.00, 0.00, 2.25, 0, 0 
3, 74360, 922755422, 0.00, 100.00, 0.00, 2.25, 0, 0 
4, 74360, 923432042, 0.00, 100.00, 0.00, 2.25, 0, 0 
5, 74360, 924130013, 0.00, 100.00, 0.00, 2.25, 0, 0 
6, 74360, 925009767, 0.00, 100.00, 0.00, 2.25, 0, 0 
7, 74360, 925582200, 0.00, 100.00, 0.00, 2.25, 0, 0 
8, 74360, 926122917, 0.00, 100.00, 0.00, 2.25, 0, 0 
9, 74360, 926652063, 0.00, 100.00, 0.00, 2.25, 0, 0 
0, 74360, 927206300, 0.00, 100.00, 0.00, 2.25, 0, 0 
1, 74360, 927766575, 0.00, 100.00, 0.00, 2.25, 0, 0 
2, 74360, 928314478, 0.00, 100.00, 0.00, 2.25, 0, 0 
3, 74360, 928872515, 0.00, 100.00, 0.00, 2.25, 0, 0 
4, 74360, 929394206, 0.00, 100.00, 0.00, 2.25, 0, 0 
5, 74360, 929926189, 0.00, 100.00, 0.00, 2.25, 0, 0 
6, 74360, 930478249, 0.00, 100.00, 0.00, 2.25, 0, 0 
7, 74360, 931018173, 0.00, 100.00, 0.00, 2.25, 0, 0 
8, 74360, 931582230, 0.00, 100.00, 0.00, 2.25, 0, 0 
9, 74360, 932177658, 0.00, 100.00, 0.00, 2.25, 0, 0 
0, 74360, 932736182, 0.00, 100.00, 0.00, 2.25, 0, 0 
1, 74360, 933267820, 0.00, 100.00, 0.00, 2.25, 0, 0 
2, 74360, 933834856, 0.00, 100.00, 0.00, 2.25, 0, 0 
3, 74360, 934356366, 0.00, 100.00, 0.00, 2.25, 0, 0 
4, 74360, 934882763, 0.00, 100.00, 0.00, 2.25, 0, 0 
5, 74360, 935488472, 0.00, 100.00, 0.00, 2.25, 0, 0 
6, 74360, 936076200, 0.00, 100.00, 0.00, 2.25, 0, 0 
7, 74360, 936648686, 0.00, 100.00, 0.00, 2.25, 0, 0 
8, 74360, 937223813, 0.00, 100.00, 0.00, 2.25, 0, 0 
9, 74360, 938034058, 0.00, 100.00, 0.00, 2.25, 0, 0 
0, 74360, 938737928, 0.00, 100.00, 0.00, 2.25, 0, 0 
1, 74360, 939297663, 0.00, 100.00, 0.00, 2.25, 0, 0 
2, 74360, 939845954, 0.00, 100.00, 0.00, 2.25, 0, 0 
3, 74360, 940437651, 0.00, 100.00, 0.00, 2.25, 0, 0 
4, 74360, 940994103, 0.00, 100.00, 0.00, 2.25, 0, 0 
5, 74360, 941528777, 0.00, 100.00, 0.00, 2.25, 0, 0 
6, 74360, 942081956, 0.00, 100.00, 0.00, 2.25, 0, 0 
7, 74360, 942610682, 0.00, 100.00, 0.00, 2.25, 0, 0 
8, 74360, 943153349, 0.00, 100.00, 0.00, 2.25, 0, 0 
9, 74360, 943730402, 0.00, 100.00, 0.00, 2.25, 0, 0 
0, 74360, 944384836, 0.00, 100.00, 0.00, 2.25, 0, 0 
1, 74360, 945009068, 0.00, 100.00, 0.00, 2.25, 0, 0 
2, 74360, 945632503, 0.00, 100.00, 0.00, 2.25, 0, 0 
3, 74360, 946262248, 0.00, 100.00, 0.00, 2.25, 0, 0 
4, 74360, 946890137, 0.00, 100.00, 0.00, 2.25, 0, 0 
5, 74360, 947505421, 0.00, 100.00, 0.00, 2.25, 0, 0 
6, 74360, 948089529, 0.00, 100.00, 0.00, 2.25, 0, 0 
7, 74360, 948650455, 0.00, 100.00, 0.00, 2.25, 0, 0 
8, 74360, 949267779, 0.00, 100.00, 0.00, 2.25, 0, 0 
9, 74360, 949819564, 0.00, 100.00, 0.00, 2.25, 0, 0 
0, 74360, 950415058, 0.00, 100.00, 0.00, 2.25, 0, 0 
1, 74360, 951044974, 0.00, 100.00, 0.00, 2.25, 0, 0 
2, 74360, 951649455, 0.00, 100.00, 0.00, 2.25, 0, 0 
3, 74360, 952297895, 0.00, 100.00, 0.00, 2.25, 0, 0 
4, 74360, 952964273, 0.00, 100.00, 0.00, 2.25, 0, 0 
5, 74360, 953539728, 0.00, 100.00, 0.00, 2.25, 0, 0 
6, 74360, 954154329, 0.00, 100.00, 0.00, 2.25, 0, 0 
7, 74360, 954748361, 0.00, 100.00, 0.00, 2.25, 0, 0 
8, 74360, 955383904, 0.00, 100.00, 0.00, 2.25, 0, 0 
9, 74360, 956070816, 0.00, 100.00, 0.00, 2.25, 0, 0 
0, 74360, 956712058, 0.00, 100.00, 0.00, 2.25, 0, 0 
1, 74360, 957505069, 0.00, 100.00, 0.00, 2.25, 0, 0 
2, 74360, 958274364, 0.00, 100.00, 0.00, 2.25, 0, 0 
3, 74360, 958834836, 0.00, 100.00, 0.00, 2.25, 0, 0 
4, 74360, 959362344, 0.00, 100.00, 0.00, 2.25, 0, 0 
5, 74360, 959991266, 0.00, 100.00, 0.00, 2.25, 0, 0 
6, 74360, 960571401, 0.00, 100.00, 0.00, 2.25, 0, 0 
7, 74360, 961094409, 0.00, 100.00, 0.00, 2.25, 0, 0 
8, 74360, 961695594, 0.00, 100.00, 0.00, 2.25, 0, 0 
9, 74360, 962222439, 0.00, 100.00, 0.00, 2.25, 0, 0 
0, 74360, 962788402, 0.00, 100.00, 0.00, 2.25, 0, 0 
1, 74361, 1239895, 0.00, 100.00, 0.00, 2.25, 0, 0 
2, 74361, 155152145, 0.00, 100.00, 0.00, 2.25, 0, 0 
3, 74361, 770840023, 0.00, 100.00, 0.00, 2.25, 0, 0 
4, 74361, 772272351, 0.00, 100.00, 0.00, 2.25, 0, 0 
5, 74361, 773513159, 0.00, 100.00, 0.00, 2.25, 0, 0 
6, 74361, 774757271, 0.00, 100.00, 0.00, 2.25, 0, 0 
7, 74361, 775803804, 0.00, 100.00, 0.00, 2.25, 0, 0 
8, 74361, 776792346, 0.00, 100.00, 0.00, 2.25, 0, 0 
9, 74361, 777689770, 0.00, 100.00, 0.00, 2.25, 0, 0 
0, 74361, 778641590, 0.00, 100.00, 0.00, 2.25, 0, 0 
1, 74361, 779538125, 0.00, 100.00, 0.00, 2.25, 0, 0 
2, 74361, 780285049, 0.00, 100.00, 0.00, 2.25, 0, 0 
3, 74361, 781057242, 0.00, 100.00, 0.00, 2.25, 0, 0 
4, 74361, 781924021, 0.00, 100.00, 0.00, 2.25, 0, 0 
5, 74361, 782961502, 0.00, 100.00, 0.00, 2.25, 0, 0 
6, 74361, 783906119, 0.00, 100.00, 0.00, 2.25, 0, 0 
7, 74361, 784933916, 0.00, 100.00, 0.00, 2.25, 0, 0 
8, 74361, 785816286, 0.00, 100.00, 0.00, 2.25, 0, 0 
9, 74361, 786776875, 0.00, 100.00, 0.00, 2.25, 0, 0 
0, 74361, 787855652, 0.00, 100.00, 0.00, 2.25, 0, 0 
1, 74361, 788892034, 0.00, 100.00, 0.00, 2.25, 0, 0 
2, 74361, 789801942, 0.00, 100.00, 0.00, 2.25, 0, 0 
3, 74361, 790607745, 0.00, 100.00, 0.00, 2.25, 0, 0 
4, 74361, 791431063, 0.00, 100.00, 0.00, 2.25, 0, 0 
5, 74361, 792390435, 0.00, 100.00, 0.00, 2.25, 0, 0 
6, 74361, 793591989, 0.00, 100.00, 0.00, 2.25, 0, 0 
7, 74361, 794649584, 0.00, 100.00, 0.00, 2.25, 0, 0 
8, 74361, 795985143, 0.00, 100.00, 0.00, 2.25, 0, 0 
9, 74361, 797155933, 0.00, 100.00, 0.00, 2.25, 0, 0 
0, 74361, 798223878, 0.00, 100.00, 0.00, 2.25, 0, 0 
1, 74361, 799117899, 0.00, 100.00, 0.00, 2.25, 0, 0 
2, 74361, 799896651, 0.00, 100.00, 0.00, 2.25, 0, 0 
3, 74361, 800668018, 0.00, 100.00, 0.00, 2.25, 0, 0 
4, 74361, 801485272, 0.00, 100.00, 0.00, 2.25, 0, 0 
5, 74361, 802360940, 0.00, 100.00, 0.00, 2.25, 0, 0 
6, 74361, 803102204, 0.00, 100.00, 0.00, 2.25, 0, 0 
7, 74361, 803898234, 0.00, 100.00, 0.00, 2.25, 0, 0 
8, 74361, 804728758, 0.00, 100.00, 0.00, 2.25, 0, 0 
9, 74361, 805488295, 0.00, 100.00, 0.00, 2.25, 0, 0 
0, 74361, 806317715, 0.00, 100.00, 0.00, 2.25, 0, 0 
1, 74361, 807105115, 0.00, 100.00, 0.00, 2.25, 0, 0 
2, 74361, 807842305, 0.00, 100.00, 0.00, 2.25, 0, 0 
3, 74361, 808659263, 0.00, 100.00, 0.00, 2.25, 0, 0 
4, 74361, 809681810, 0.00, 100.00, 0.00, 2.25, 0, 0 
5, 74361, 810419767, 0.00, 100.00, 0.00, 2.25, 0, 0 
6, 74361, 811351903, 0.00, 100.00, 0.00, 2.25, 0, 0 
7, 74361, 812438472, 0.00, 100.00, 0.00, 2.25, 0, 0 
8, 74361, 813454767, 0.00, 100.00, 0.00, 2.25, 0, 0 
9, 74361, 814265868, 0.00, 100.00, 0.00, 2.25, 0, 0 
0, 74361, 815091684, 0.00, 100.00, 0.00, 2.25, 0, 0 
1, 74361, 815858965, 0.00, 100.00, 0.00, 2.25, 0, 0 
2, 74361, 816637513, 0.00, 100.00, 0.00, 2.25, 0, 0 
3, 74361, 817308377, 0.00, 100.00, 0.00, 2.25, 0, 0 
4, 74361, 818017310, 0.00, 100.00, 0.00, 2.25, 0, 0 
5, 74361, 818691585, 0.00, 100.00, 0.00, 2.25, 0, 0 
6, 74361, 819419109, 0.00, 100.00, 0.00, 2.25, 0, 0 
7, 74361, 820274753, 0.00, 100.00, 0.00, 2.25, 0, 0 
8, 74361, 821043930, 0.00, 100.00, 0.00, 2.25, 0, 0 
9, 74361, 821971108, 0.00, 100.00, 0.00, 2.25, 0, 0 
0, 74361, 822956686, 0.00, 100.00, 0.00, 2.25, 0, 0 
1, 74361, 823945285, 0.00, 100.00, 0.00, 2.25, 0, 0 
2, 74361, 824765003, 0.00, 100.00, 0.00, 2.25, 0, 0 
3, 74361, 825453831, 0.00, 100.00, 0.00, 2.25, 0, 0 
4, 74361, 826272754, 0.00, 100.00, 0.00, 2.25, 0, 0 
5, 74361, 827047059, 0.00, 100.00, 0.00, 2.25, 0, 0 
6, 74361, 827801976, 0.00, 100.00, 0.00, 2.25, 0, 0 
7, 74361, 828518722, 0.00, 100.00, 0.00, 2.25, 0, 0 
8, 74361, 829274528, 0.00, 100.00, 0.00, 2.25, 0, 0 
9, 74361, 829992606, 0.00, 100.00, 0.00, 2.25, 0, 0 
0, 74361, 830737514, 0.00, 100.00, 0.00, 2.25, 0, 0 
1, 74361, 831574907, 0.00, 100.00, 0.00, 2.25, 0, 0 
2, 74361, 832346867, 0.00, 100.00, 0.00, 2.25, 0, 0 
3, 74361, 833174389, 0.00, 100.00, 0.00, 2.25, 0, 0 
4, 74361, 834060352, 0.00, 100.00, 0.00, 2.25, 0, 0 
5, 74361, 834922400, 0.00, 100.00, 0.00, 2.25, 0, 0 
6, 74361, 835833497, 0.00, 100.00, 0.00, 2.25, 0, 0 
7, 74361, 836784764, 0.00, 100.00, 0.00, 2.25, 0, 0 
8, 74361, 837687503, 0.00, 100.00, 0.00, 2.25, 0, 0 
9, 74361, 838588841, 0.00, 100.00, 0.00, 2.25, 0, 0 
0, 74361, 839516492, 0.00, 100.00, 0.00, 2.25, 0, 0 
1, 74361, 840396054, 0.00, 100.00, 0.00, 2.25, 0, 0 
2, 74361, 841168782, 0.00, 100.00, 0.00, 2.25, 0, 0 
3, 74361, 841915748, 0.00, 100.00, 0.00, 2.25, 0, 0 
4, 74361, 842673702, 0.00, 100.00, 0.00, 2.25, 0, 0 
5, 74361, 843434536, 0.00, 100.00, 0.00, 2.25, 0, 0 
6, 74361, 844249208, 0.00, 100.00, 0.00, 2.25, 0, 0 
7, 74361, 845081539, 0.00, 100.00, 0.00, 2.25, 0, 0 
8, 74361, 846002378, 0.00, 100.00, 0.00, 2.25, 0, 0 
9, 74361, 847101603, 0.00, 100.00, 0.00, 2.25, 0, 0 
0, 74361, 848218789, 0.00, 100.00, 0.00, 2.25, 0, 0 
1, 74361, 849129712, 0.00, 100.00, 0.00, 2.25, 0, 0 
2, 74361, 849717018, 0.00, 100.00, 0.00, 2.25, 0, 0 
3, 74361, 850269871, 0.00, 100.00, 0.00, 2.25, 0, 0 
4, 74361, 850866363, 0.00, 100.00, 0.00, 2.25, 0, 0 
5, 74361, 851375808, 0.00, 100.00, 0.00, 2.25, 0, 0 
6, 74361, 851936041, 0.00, 100.00, 0.00, 2.25, 0, 0 
7, 74361, 852533466, 0.00, 100.00, 0.00, 2.25, 0, 0 
8, 74361, 853153246, 0.00, 100.00, 0.00, 2.25, 0, 0 
9, 74361, 853815906, 0.00, 100.00, 0.00, 2.25, 0, 0 
0, 74361, 854421281, 0.00, 100.00, 0.00, 2.25, 0, 0 
1, 74361, 854997021, 0.00, 100.00, 0.00, 2.25, 0, 0 
2, 74361, 855593945, 0.00, 100.00, 0.00, 2.25, 0, 0 
3, 74361, 856150889, 0.00, 100.00, 0.00, 2.25, 0, 0 
4, 74361, 856710938, 0.00, 100.00, 0.00, 2.25, 0, 0 
5, 74361, 857245714, 0.00, 100.00, 0.00, 2.25, 0, 0 
6, 74361, 857836734, 0.00, 100.00, 0.00, 2.25, 0, 0 
7, 74361, 858372433, 0.00, 100.00, 0.00, 2.25, 0, 0 
8, 74361, 858954463, 0.00, 100.00, 0.00, 2.25, 0, 0 
9, 74361, 859488878, 0.00, 100.00, 0.00, 2.25, 0, 0 
0, 74361, 860140209, 0.00, 100.00, 0.00, 2.25, 0, 0 
1, 74361, 860781280, 0.00, 100.00, 0.00, 2.25, 0, 0 
2, 74361, 861363936, 0.00, 100.00, 0.00, 2.25, 0, 0 
3, 74361, 861912820, 0.00, 100.00, 0.00, 2.25, 0, 0 
4, 74361, 862519981, 0.00, 100.00, 0.00, 2.25, 0, 0 
5, 74361, 863159603, 0.00, 100.00, 0.00, 2.25, 0, 0 
6, 74361, 863761949, 0.00, 100.00, 0.00, 2.25, 0, 0 
7, 74361, 864423639, 0.00, 100.00, 0.00, 2.25, 0, 0 
8, 74361, 865081024, 0.00, 100.00, 0.00, 2.25, 0, 0 
9, 74361, 865781931, 0.00, 100.00, 0.00, 2.25, 0, 0 
0, 74361, 866509211, 0.00, 100.00, 0.00, 2.25, 0, 0 
1, 74361, 867233443, 0.00, 100.00, 0.00, 2.25, 0, 0 
2, 74361, 867880948, 0.00, 100.00, 0.00, 2.25, 0, 0 
3, 74361, 868466890, 0.00, 100.00, 0.00, 2.25, 0, 0 
4, 74361, 869034840, 0.00, 100.00, 0.00, 2.25, 0, 0 
5, 74361, 869701898, 0.00, 100.00, 0.00, 2.25, 0, 0 
6, 74361, 870307398, 0.00, 100.00, 0.00, 2.25, 0, 0 
7, 74361, 870974905, 0.00, 100.00, 0.00, 2.25, 0, 0 
8, 74361, 871642439, 0.00, 100.00, 0.00, 2.25, 0, 0 
9, 74361, 872291671, 0.00, 100.00, 0.00, 2.25, 0, 0 
0, 74361, 872967153, 0.00, 100.00, 0.00, 2.25, 0, 0 
1, 74361, 873688900, 0.00, 100.00, 0.00, 2.25, 0, 0 
2, 74361, 874343645, 0.00, 100.00, 0.00, 2.25, 0, 0 
3, 74361, 875045729, 0.00, 100.00, 0.00, 2.25, 0, 0 
4, 74361, 876028104, 0.00, 100.00, 0.00, 2.25, 0, 0 
5, 74361, 876684689, 0.00, 100.00, 0.00, 2.25, 0, 0 
6, 74361, 877262890, 0.00, 100.00, 0.00, 2.25, 0, 0 
7, 74361, 877824427, 0.00, 100.00, 0.00, 2.25, 0, 0 
8, 74361, 878459830, 0.00, 100.00, 0.00, 2.25, 0, 0 
9, 74361, 879034723, 0.00, 100.00, 0.00, 2.25, 0, 0 
0, 74361, 879589800, 0.00, 100.00, 0.00, 2.25, 0, 0 
1, 74361, 880190560, 0.00, 100.00, 0.00, 2.25, 0, 0 
2, 74361, 880810985, 0.00, 100.00, 0.00, 2.25, 0, 0 
3, 74361, 881336942, 0.00, 100.00, 0.00, 2.25, 0, 0 
4, 74361, 881914065, 0.00, 100.00, 0.00, 2.25, 0, 0 
5, 74361, 882441999, 0.00, 100.00, 0.00, 2.25, 0, 0 
6, 74361, 882971700, 0.00, 100.00, 0.00, 2.25, 0, 0 
7, 74361, 883521039, 0.00, 100.00, 0.00, 2.25, 0, 0 
8, 74361, 884065395, 0.00, 100.00, 0.00, 2.25, 0, 0 
9, 74361, 884648582, 0.00, 100.00, 0.00, 2.25, 0, 0 
0, 74361, 885210155, 0.00, 100.00, 0.00, 2.25, 0, 0 
1, 74361, 885827509, 0.00, 100.00, 0.00, 2.25, 0, 0 
2, 74361, 886472126, 0.00, 100.00, 0.00, 2.25, 0, 0 
3, 74361, 887042610, 0.00, 100.00, 0.00, 2.25, 0, 0 
4, 74361, 887606723, 0.00, 100.00, 0.00, 2.25, 0, 0 
5, 74361, 888191280, 0.00, 100.00, 0.00, 2.25, 0, 0 
6, 74361, 888719890, 0.00, 100.00, 0.00, 2.25, 0, 0 
7, 74361, 889268320, 0.00, 100.00, 0.00, 2.25, 0, 0 
8, 74361, 889787765, 0.00, 100.00, 0.00, 2.25, 0, 0 
9, 74361, 890354668, 0.00, 100.00, 0.00, 2.25, 0, 0 
0, 74361, 890951132, 0.00, 100.00, 0.00, 2.25, 0, 0 
1, 74361, 891542955, 0.00, 100.00, 0.00, 2.25, 0, 0 
2, 74361, 892119469, 0.00, 100.00, 0.00, 2.25, 0, 0 
3, 74361, 892717900, 0.00, 100.00, 0.00, 2.25, 0, 0 
4, 74361, 893293969, 0.00, 100.00, 0.00, 2.25, 0, 0 
5, 74361, 893907984, 0.00, 100.00, 0.00, 2.25, 0, 0 
6, 74361, 894497897, 0.00, 100.00, 0.00, 2.25, 0, 0 
7, 74361, 895068085, 0.00, 100.00, 0.00, 2.25, 0, 0 
8, 74361, 895680340, 0.00, 100.00, 0.00, 2.25, 0, 0 
9, 74361, 896282319, 0.00, 100.00, 0.00, 2.25, 0, 0 
0, 74361, 897048054, 0.00, 100.00, 0.00, 2.25, 0, 0 
1, 74361, 897793854, 0.00, 100.00, 0.00, 2.25, 0, 0 
2, 74361, 898487037, 0.00, 100.00, 0.00, 2.25, 0, 0 
3, 74361, 899130237, 0.00, 100.00, 0.00, 2.25, 0, 0 
4, 74361, 899767388, 0.00, 100.00, 0.00, 2.25, 0, 0 
5, 74361, 900415759, 0.00, 100.00, 0.00, 2.25, 0, 0 
6, 74361, 901057547, 0.00, 100.00, 0.00, 2.25, 0, 0 
7, 74361, 901764846, 0.00, 100.00, 0.00, 2.25, 0, 0 
8, 74361, 902422082, 0.00, 100.00, 0.00, 2.25, 0, 0 
9, 74361, 903067574, 0.00, 100.00, 0.00, 2.25, 0, 0 
0, 74361, 903715419, 0.00, 100.00, 0.00, 2.25, 0, 0 
1, 74361, 904352942, 0.00, 100.00, 0.00, 2.25, 0, 0 
2, 74361, 905008751, 0.00, 100.00, 0.00, 2.25, 0, 0 
3, 74361, 905654861, 0.00, 100.00, 0.00, 2.25, 0, 0 
4, 74361, 906346968, 0.00, 100.00, 0.00, 2.25, 0, 0 
5, 74361, 906989288, 0.00, 100.00, 0.00, 2.25, 0, 0 
6, 74361, 907634817, 0.00, 100.00, 0.00, 2.25, 0, 0 
7, 74361, 908420357, 0.00, 100.00, 0.00, 2.25, 0, 0 
8, 74361, 909023335, 0.00, 100.00, 0.00, 2.25, 0, 0 
9, 74361, 909558283, 0.00, 100.00, 0.00, 2.25, 0, 0 
0, 74361, 910159949, 0.00, 100.00, 0.00, 2.25, 0, 0 
1, 74361, 910718724, 0.00, 100.00, 0.00, 2.25, 0, 0 
2, 74361, 911246373, 0.00, 100.00, 0.00, 2.25, 0, 0 
3, 74361, 911778238, 0.00, 100.00, 0.00, 2.25, 0, 0 
4, 74361, 912427932, 0.00, 100.00, 0.00, 2.25, 0, 0 
5, 74361, 913034706, 0.00, 100.00, 0.00, 2.25, 0, 0 
6, 74361, 913688796, 0.00, 100.00, 0.00, 2.25, 0, 0 
7, 74361, 914302498, 0.00, 100.00, 0.00, 2.25, 0, 0 
8, 74361, 914891696, 0.00, 100.00, 0.00, 2.25, 0, 0 
9, 74361, 915428658, 0.00, 100.00, 0.00, 2.25, 0, 0 
