Wed Nov 28 13:24:06 2018
StepTime, x, v, f, xdes, vdes, fdes, cmd, IR, LSB, LSF
0, 73787, 523816340, 0.00, 100.00, 0.00, 2.25, 0, 0 
1, 73787, 528081636, 0.00, 100.00, 0.00, 2.25, 0, 0 
2, 73787, 531377962, 0.00, 100.00, 0.00, 2.25, 0, 0 
3, 73787, 534412933, 0.00, 100.00, 0.00, 2.25, 0, 0 
4, 73787, 537497795, 0.00, 100.00, 0.00, 2.25, 0, 0 
5, 73787, 540234181, 0.00, 100.00, 0.00, 2.25, 0, 0 
6, 73787, 542957061, 0.00, 100.00, 0.00, 2.25, 0, 0 
7, 73787, 545636732, 0.00, 100.00, 0.00, 2.25, 0, 0 
8, 73787, 548548340, 0.00, 100.00, 0.00, 2.25, 0, 0 
9, 73787, 551221312, 0.00, 100.00, 0.00, 2.25, 0, 0 
0, 73787, 553925908, 0.00, 100.00, 0.00, 2.25, 0, 0 
1, 73787, 556567843, 0.00, 100.00, 0.00, 2.25, 0, 0 
2, 73787, 559247941, 0.00, 100.00, 0.00, 2.25, 0, 0 
3, 73787, 562120649, 0.00, 100.00, 0.00, 2.25, 0, 0 
4, 73787, 564786574, 0.00, 100.00, 0.00, 2.25, 0, 0 
5, 73787, 567481643, 0.00, 100.00, 0.00, 2.25, 0, 0 
6, 73787, 570413165, 0.00, 100.00, 0.00, 2.25, 0, 0 
7, 73787, 573233366, 0.00, 100.00, 0.00, 2.25, 0, 0 
8, 73787, 576209286, 0.00, 100.00, 0.00, 2.25, 0, 0 
9, 73787, 578969072, 0.00, 100.00, 0.00, 2.25, 0, 0 
0, 73787, 581711847, 0.00, 100.00, 0.00, 2.25, 0, 0 
1, 73787, 584523326, 0.00, 100.00, 0.00, 2.25, 0, 0 
2, 73787, 587349958, 0.00, 100.00, 0.00, 2.25, 0, 0 
3, 73787, 590045503, 0.00, 100.00, 0.00, 2.25, 0, 0 
4, 73787, 593110132, 0.00, 100.00, 0.00, 2.25, 0, 0 
5, 73787, 596056397, 0.00, 100.00, 0.00, 2.25, 0, 0 
6, 73787, 598788710, 0.00, 100.00, 0.00, 2.25, 0, 0 
7, 73787, 601732900, 0.00, 100.00, 0.00, 2.25, 0, 0 
8, 73787, 604470331, 0.00, 100.00, 0.00, 2.25, 0, 0 
9, 73787, 607267458, 0.00, 100.00, 0.00, 2.25, 0, 0 
0, 73787, 610216333, 0.00, 100.00, 0.00, 2.25, 0, 0 
1, 73787, 613024132, 0.00, 100.00, 0.00, 2.25, 0, 0 
2, 73787, 615883085, 0.00, 100.00, 0.00, 2.25, 0, 0 
3, 73787, 618658951, 0.00, 100.00, 0.00, 2.25, 0, 0 
4, 73787, 621370633, 0.00, 100.00, 0.00, 2.25, 0, 0 
5, 73787, 624262721, 0.00, 100.00, 0.00, 2.25, 0, 0 
6, 73787, 627062576, 0.00, 100.00, 0.00, 2.25, 0, 0 
7, 73787, 630150655, 0.00, 100.00, 0.00, 2.25, 0, 0 
8, 73787, 633027436, 0.00, 100.00, 0.00, 2.25, 0, 0 
9, 73787, 636452324, 0.00, 100.00, 0.00, 2.25, 0, 0 
0, 73787, 640050235, 0.00, 100.00, 0.00, 2.25, 0, 0 
1, 73787, 643464895, 0.00, 100.00, 0.00, 2.25, 0, 0 
2, 73787, 646850850, 0.00, 100.00, 0.00, 2.25, 0, 0 
3, 73787, 650050270, 0.00, 100.00, 0.00, 2.25, 0, 0 
4, 73787, 653120443, 0.00, 100.00, 0.00, 2.25, 0, 0 
5, 73787, 656261652, 0.00, 100.00, 0.00, 2.25, 0, 0 
6, 73787, 659763517, 0.00, 100.00, 0.00, 2.25, 0, 0 
7, 73787, 662868922, 0.00, 100.00, 0.00, 2.25, 0, 0 
8, 73787, 665928877, 0.00, 100.00, 0.00, 2.25, 0, 0 
9, 73787, 668908636, 0.00, 100.00, 0.00, 2.25, 0, 0 
0, 73787, 671847117, 0.00, 100.00, 0.00, 2.25, 0, 0 
1, 73787, 674880287, 0.00, 100.00, 0.00, 2.25, 0, 0 
2, 73787, 678044965, 0.00, 100.00, 0.00, 2.25, 0, 0 
3, 73787, 681187981, 0.00, 100.00, 0.00, 2.25, 0, 0 
4, 73787, 684313473, 0.00, 100.00, 0.00, 2.25, 0, 0 
5, 73787, 687548421, 0.00, 100.00, 0.00, 2.25, 0, 0 
6, 73787, 690971694, 0.00, 100.00, 0.00, 2.25, 0, 0 
7, 73787, 694370855, 0.00, 100.00, 0.00, 2.25, 0, 0 
8, 73787, 697665053, 0.00, 100.00, 0.00, 2.25, 0, 0 
9, 73787, 700708772, 0.00, 100.00, 0.00, 2.25, 0, 0 
0, 73787, 703792781, 0.00, 100.00, 0.00, 2.25, 0, 0 
1, 73787, 706928042, 0.00, 100.00, 0.00, 2.25, 0, 0 
2, 73787, 709967278, 0.00, 100.00, 0.00, 2.25, 0, 0 
3, 73787, 713266137, 0.00, 100.00, 0.00, 2.25, 0, 0 
4, 73787, 716500495, 0.00, 100.00, 0.00, 2.25, 0, 0 
5, 73787, 719559513, 0.00, 100.00, 0.00, 2.25, 0, 0 
6, 73787, 722464425, 0.00, 100.00, 0.00, 2.25, 0, 0 
7, 73787, 725623090, 0.00, 100.00, 0.00, 2.25, 0, 0 
8, 73787, 728975638, 0.00, 100.00, 0.00, 2.25, 0, 0 
9, 73787, 732103577, 0.00, 100.00, 0.00, 2.25, 0, 0 
0, 73787, 735038612, 0.00, 100.00, 0.00, 2.25, 0, 0 
1, 73787, 738039413, 0.00, 100.00, 0.00, 2.25, 0, 0 
2, 73787, 741212441, 0.00, 100.00, 0.00, 2.25, 0, 0 
3, 73787, 744566934, 0.00, 100.00, 0.00, 2.25, 0, 0 
4, 73787, 747599767, 0.00, 100.00, 0.00, 2.25, 0, 0 
5, 73787, 750723643, 0.00, 100.00, 0.00, 2.25, 0, 0 
6, 73787, 753833141, 0.00, 100.00, 0.00, 2.25, 0, 0 
7, 73787, 757019080, 0.00, 100.00, 0.00, 2.25, 0, 0 
8, 73787, 760591648, 0.00, 100.00, 0.00, 2.25, 0, 0 
9, 73787, 763857602, 0.00, 100.00, 0.00, 2.25, 0, 0 
0, 73787, 767075995, 0.00, 100.00, 0.00, 2.25, 0, 0 
1, 73787, 770326747, 0.00, 100.00, 0.00, 2.25, 0, 0 
2, 73787, 773572780, 0.00, 100.00, 0.00, 2.25, 0, 0 
3, 73787, 776610799, 0.00, 100.00, 0.00, 2.25, 0, 0 
4, 73787, 779866190, 0.00, 100.00, 0.00, 2.25, 0, 0 
5, 73787, 782915821, 0.00, 100.00, 0.00, 2.25, 0, 0 
6, 73787, 785905164, 0.00, 100.00, 0.00, 2.25, 0, 0 
7, 73787, 788895825, 0.00, 100.00, 0.00, 2.25, 0, 0 
8, 73787, 792031978, 0.00, 100.00, 0.00, 2.25, 0, 0 
9, 73787, 795319659, 0.00, 100.00, 0.00, 2.25, 0, 0 
0, 73787, 798430841, 0.00, 100.00, 0.00, 2.25, 0, 0 
1, 73787, 801614494, 0.00, 100.00, 0.00, 2.25, 0, 0 
2, 73787, 804780356, 0.00, 100.00, 0.00, 2.25, 0, 0 
3, 73787, 807994482, 0.00, 100.00, 0.00, 2.25, 0, 0 
4, 73787, 811474134, 0.00, 100.00, 0.00, 2.25, 0, 0 
5, 73787, 814840239, 0.00, 100.00, 0.00, 2.25, 0, 0 
6, 73787, 817944676, 0.00, 100.00, 0.00, 2.25, 0, 0 
7, 73787, 821007999, 0.00, 100.00, 0.00, 2.25, 0, 0 
8, 73787, 824123026, 0.00, 100.00, 0.00, 2.25, 0, 0 
9, 73787, 827397551, 0.00, 100.00, 0.00, 2.25, 0, 0 
0, 73787, 830557671, 0.00, 100.00, 0.00, 2.25, 0, 0 
1, 73787, 833627230, 0.00, 100.00, 0.00, 2.25, 0, 0 
2, 73787, 836828989, 0.00, 100.00, 0.00, 2.25, 0, 0 
3, 73787, 840435031, 0.00, 100.00, 0.00, 2.25, 0, 0 
4, 73787, 843816505, 0.00, 100.00, 0.00, 2.25, 0, 0 
5, 73787, 846918031, 0.00, 100.00, 0.00, 2.25, 0, 0 
6, 73787, 849945338, 0.00, 100.00, 0.00, 2.25, 0, 0 
7, 73787, 852896984, 0.00, 100.00, 0.00, 2.25, 0, 0 
8, 73787, 855954385, 0.00, 100.00, 0.00, 2.25, 0, 0 
9, 73787, 859192928, 0.00, 100.00, 0.00, 2.25, 0, 0 
0, 73787, 862266861, 0.00, 100.00, 0.00, 2.25, 0, 0 
1, 73787, 865406203, 0.00, 100.00, 0.00, 2.25, 0, 0 
2, 73787, 868615657, 0.00, 100.00, 0.00, 2.25, 0, 0 
3, 73787, 871649892, 0.00, 100.00, 0.00, 2.25, 0, 0 
4, 73787, 874688433, 0.00, 100.00, 0.00, 2.25, 0, 0 
5, 73787, 877907792, 0.00, 100.00, 0.00, 2.25, 0, 0 
6, 73787, 881178915, 0.00, 100.00, 0.00, 2.25, 0, 0 
7, 73787, 884248247, 0.00, 100.00, 0.00, 2.25, 0, 0 
8, 73787, 887333949, 0.00, 100.00, 0.00, 2.25, 0, 0 
9, 73787, 890388183, 0.00, 100.00, 0.00, 2.25, 0, 0 
0, 73787, 893536099, 0.00, 100.00, 0.00, 2.25, 0, 0 
1, 73787, 896779241, 0.00, 100.00, 0.00, 2.25, 0, 0 
2, 73787, 899787102, 0.00, 100.00, 0.00, 2.25, 0, 0 
3, 73787, 902985297, 0.00, 100.00, 0.00, 2.25, 0, 0 
4, 73787, 906197995, 0.00, 100.00, 0.00, 2.25, 0, 0 
5, 73787, 909417887, 0.00, 100.00, 0.00, 2.25, 0, 0 
6, 73787, 912543687, 0.00, 100.00, 0.00, 2.25, 0, 0 
7, 73787, 915766149, 0.00, 100.00, 0.00, 2.25, 0, 0 
8, 73787, 918843125, 0.00, 100.00, 0.00, 2.25, 0, 0 
9, 73787, 921930752, 0.00, 100.00, 0.00, 2.25, 0, 0 
0, 73787, 925068897, 0.00, 100.00, 0.00, 2.25, 0, 0 
1, 73787, 928326085, 0.00, 100.00, 0.00, 2.25, 0, 0 
2, 73787, 931432696, 0.00, 100.00, 0.00, 2.25, 0, 0 
3, 73787, 934446898, 0.00, 100.00, 0.00, 2.25, 0, 0 
4, 73787, 937328958, 0.00, 100.00, 0.00, 2.25, 0, 0 
5, 73787, 940357987, 0.00, 100.00, 0.00, 2.25, 0, 0 
6, 73787, 943487740, 0.00, 100.00, 0.00, 2.25, 0, 0 
7, 73787, 946821867, 0.00, 100.00, 0.00, 2.25, 0, 0 
8, 73787, 949951429, 0.00, 100.00, 0.00, 2.25, 0, 0 
9, 73787, 952969123, 0.00, 100.00, 0.00, 2.25, 0, 0 
0, 73787, 956077101, 0.00, 100.00, 0.00, 2.25, 0, 0 
1, 73787, 959187264, 0.00, 100.00, 0.00, 2.25, 0, 0 
2, 73787, 962781628, 0.00, 100.00, 0.00, 2.25, 0, 0 
3, 73787, 965952257, 0.00, 100.00, 0.00, 2.25, 0, 0 
4, 73787, 969374133, 0.00, 100.00, 0.00, 2.25, 0, 0 
5, 73787, 972807685, 0.00, 100.00, 0.00, 2.25, 0, 0 
6, 73787, 976140545, 0.00, 100.00, 0.00, 2.25, 0, 0 
7, 73787, 979327520, 0.00, 100.00, 0.00, 2.25, 0, 0 
8, 73787, 982635114, 0.00, 100.00, 0.00, 2.25, 0, 0 
9, 73787, 985689261, 0.00, 100.00, 0.00, 2.25, 0, 0 
0, 73787, 988837520, 0.00, 100.00, 0.00, 2.25, 0, 0 
1, 73787, 992218247, 0.00, 100.00, 0.00, 2.25, 0, 0 
2, 73787, 995761854, 0.00, 100.00, 0.00, 2.25, 0, 0 
3, 73787, 998982992, 0.00, 100.00, 0.00, 2.25, 0, 0 
4, 73788, 2109963, 0.00, 100.00, 0.00, 2.25, 0, 0 
5, 73788, 10032477, 0.00, 100.00, 0.00, 2.25, 0, 0 
6, 73788, 41667219, 0.00, 100.00, 0.00, 2.25, 0, 0 
7, 73788, 168231159, 0.00, 100.00, 0.00, 2.25, 0, 0 
8, 73788, 674619960, 0.00, 100.00, 0.00, 2.25, 0, 0 
9, 73788, 678383094, 0.00, 100.00, 0.00, 2.25, 0, 0 
0, 73788, 682340568, 0.00, 100.00, 0.00, 2.25, 0, 0 
1, 73788, 686363659, 0.00, 100.00, 0.00, 2.25, 0, 0 
2, 73788, 689931627, 0.00, 100.00, 0.00, 2.25, 0, 0 
3, 73788, 693455014, 0.00, 100.00, 0.00, 2.25, 0, 0 
4, 73788, 696937011, 0.00, 100.00, 0.00, 2.25, 0, 0 
5, 73788, 700514583, 0.00, 100.00, 0.00, 2.25, 0, 0 
6, 73788, 704046306, 0.00, 100.00, 0.00, 2.25, 0, 0 
7, 73788, 707389718, 0.00, 100.00, 0.00, 2.25, 0, 0 
8, 73788, 710602321, 0.00, 100.00, 0.00, 2.25, 0, 0 
9, 73788, 713732526, 0.00, 100.00, 0.00, 2.25, 0, 0 
0, 73788, 716877386, 0.00, 100.00, 0.00, 2.25, 0, 0 
1, 73788, 719939751, 0.00, 100.00, 0.00, 2.25, 0, 0 
2, 73788, 723308964, 0.00, 100.00, 0.00, 2.25, 0, 0 
3, 73788, 726641419, 0.00, 100.00, 0.00, 2.25, 0, 0 
4, 73788, 729806463, 0.00, 100.00, 0.00, 2.25, 0, 0 
5, 73788, 733351220, 0.00, 100.00, 0.00, 2.25, 0, 0 
6, 73788, 736783155, 0.00, 100.00, 0.00, 2.25, 0, 0 
7, 73788, 740239490, 0.00, 100.00, 0.00, 2.25, 0, 0 
8, 73788, 743486012, 0.00, 100.00, 0.00, 2.25, 0, 0 
9, 73788, 746755238, 0.00, 100.00, 0.00, 2.25, 0, 0 
0, 73788, 749995731, 0.00, 100.00, 0.00, 2.25, 0, 0 
1, 73788, 753294360, 0.00, 100.00, 0.00, 2.25, 0, 0 
2, 73788, 756529226, 0.00, 100.00, 0.00, 2.25, 0, 0 
3, 73788, 759838353, 0.00, 100.00, 0.00, 2.25, 0, 0 
4, 73788, 763192531, 0.00, 100.00, 0.00, 2.25, 0, 0 
5, 73788, 766558076, 0.00, 100.00, 0.00, 2.25, 0, 0 
6, 73788, 769806065, 0.00, 100.00, 0.00, 2.25, 0, 0 
7, 73788, 773067859, 0.00, 100.00, 0.00, 2.25, 0, 0 
8, 73788, 776225674, 0.00, 100.00, 0.00, 2.25, 0, 0 
9, 73788, 779700558, 0.00, 100.00, 0.00, 2.25, 0, 0 
0, 73788, 783138013, 0.00, 100.00, 0.00, 2.25, 0, 0 
1, 73788, 786763836, 0.00, 100.00, 0.00, 2.25, 0, 0 
2, 73788, 790114691, 0.00, 100.00, 0.00, 2.25, 0, 0 
3, 73788, 793295187, 0.00, 100.00, 0.00, 2.25, 0, 0 
4, 73788, 796914234, 0.00, 100.00, 0.00, 2.25, 0, 0 
5, 73788, 800211382, 0.00, 100.00, 0.00, 2.25, 0, 0 
6, 73788, 803209465, 0.00, 100.00, 0.00, 2.25, 0, 0 
7, 73788, 806449879, 0.00, 100.00, 0.00, 2.25, 0, 0 
8, 73788, 809786139, 0.00, 100.00, 0.00, 2.25, 0, 0 
9, 73788, 813068139, 0.00, 100.00, 0.00, 2.25, 0, 0 
0, 73788, 816268299, 0.00, 100.00, 0.00, 2.25, 0, 0 
1, 73788, 819411809, 0.00, 100.00, 0.00, 2.25, 0, 0 
2, 73788, 822507853, 0.00, 100.00, 0.00, 2.25, 0, 0 
3, 73788, 825838056, 0.00, 100.00, 0.00, 2.25, 0, 0 
4, 73788, 829104836, 0.00, 100.00, 0.00, 2.25, 0, 0 
5, 73788, 832497551, 0.00, 100.00, 0.00, 2.25, 0, 0 
6, 73788, 835672170, 0.00, 100.00, 0.00, 2.25, 0, 0 
7, 73788, 838867456, 0.00, 100.00, 0.00, 2.25, 0, 0 
8, 73788, 842037150, 0.00, 100.00, 0.00, 2.25, 0, 0 
9, 73788, 845432071, 0.00, 100.00, 0.00, 2.25, 0, 0 
0, 73788, 848697666, 0.00, 100.00, 0.00, 2.25, 0, 0 
1, 73788, 851790018, 0.00, 100.00, 0.00, 2.25, 0, 0 
2, 73788, 854938291, 0.00, 100.00, 0.00, 2.25, 0, 0 
3, 73788, 858233522, 0.00, 100.00, 0.00, 2.25, 0, 0 
4, 73788, 861265256, 0.00, 100.00, 0.00, 2.25, 0, 0 
5, 73788, 864273103, 0.00, 100.00, 0.00, 2.25, 0, 0 
6, 73788, 867395046, 0.00, 100.00, 0.00, 2.25, 0, 0 
7, 73788, 870454515, 0.00, 100.00, 0.00, 2.25, 0, 0 
8, 73788, 873476332, 0.00, 100.00, 0.00, 2.25, 0, 0 
9, 73788, 876599057, 0.00, 100.00, 0.00, 2.25, 0, 0 
0, 73788, 879850515, 0.00, 100.00, 0.00, 2.25, 0, 0 
1, 73788, 883251871, 0.00, 100.00, 0.00, 2.25, 0, 0 
2, 73788, 886355793, 0.00, 100.00, 0.00, 2.25, 0, 0 
3, 73788, 889592218, 0.00, 100.00, 0.00, 2.25, 0, 0 
4, 73788, 892970063, 0.00, 100.00, 0.00, 2.25, 0, 0 
5, 73788, 896098595, 0.00, 100.00, 0.00, 2.25, 0, 0 
6, 73788, 899203269, 0.00, 100.00, 0.00, 2.25, 0, 0 
7, 73788, 902264218, 0.00, 100.00, 0.00, 2.25, 0, 0 
8, 73788, 905477911, 0.00, 100.00, 0.00, 2.25, 0, 0 
9, 73788, 908753313, 0.00, 100.00, 0.00, 2.25, 0, 0 
0, 73788, 912098569, 0.00, 100.00, 0.00, 2.25, 0, 0 
1, 73788, 915353027, 0.00, 100.00, 0.00, 2.25, 0, 0 
2, 73788, 918308152, 0.00, 100.00, 0.00, 2.25, 0, 0 
3, 73788, 921598830, 0.00, 100.00, 0.00, 2.25, 0, 0 
4, 73788, 924983353, 0.00, 100.00, 0.00, 2.25, 0, 0 
5, 73788, 928256573, 0.00, 100.00, 0.00, 2.25, 0, 0 
6, 73788, 931659145, 0.00, 100.00, 0.00, 2.25, 0, 0 
7, 73788, 934737442, 0.00, 100.00, 0.00, 2.25, 0, 0 
8, 73788, 937789929, 0.00, 100.00, 0.00, 2.25, 0, 0 
9, 73788, 940950270, 0.00, 100.00, 0.00, 2.25, 0, 0 
0, 73788, 944395199, 0.00, 100.00, 0.00, 2.25, 0, 0 
1, 73788, 947671734, 0.00, 100.00, 0.00, 2.25, 0, 0 
2, 73788, 950741751, 0.00, 100.00, 0.00, 2.25, 0, 0 
3, 73788, 953864584, 0.00, 100.00, 0.00, 2.25, 0, 0 
4, 73788, 956873626, 0.00, 100.00, 0.00, 2.25, 0, 0 
5, 73788, 960140756, 0.00, 100.00, 0.00, 2.25, 0, 0 
6, 73788, 963221121, 0.00, 100.00, 0.00, 2.25, 0, 0 
7, 73788, 966295980, 0.00, 100.00, 0.00, 2.25, 0, 0 
8, 73788, 969267022, 0.00, 100.00, 0.00, 2.25, 0, 0 
9, 73788, 972290636, 0.00, 100.00, 0.00, 2.25, 0, 0 
0, 73788, 975605203, 0.00, 100.00, 0.00, 2.25, 0, 0 
1, 73788, 978751537, 0.00, 100.00, 0.00, 2.25, 0, 0 
2, 73788, 981892654, 0.00, 100.00, 0.00, 2.25, 0, 0 
3, 73788, 985061722, 0.00, 100.00, 0.00, 2.25, 0, 0 
4, 73788, 988316764, 0.00, 100.00, 0.00, 2.25, 0, 0 
5, 73788, 991571091, 0.00, 100.00, 0.00, 2.25, 0, 0 
6, 73788, 994766321, 0.00, 100.00, 0.00, 2.25, 0, 0 
7, 73788, 997778957, 0.00, 100.00, 0.00, 2.25, 0, 0 
8, 73789, 1047364, 0.00, 100.00, 0.00, 2.25, 0, 0 
9, 73789, 5780573, 0.00, 100.00, 0.00, 2.25, 0, 0 
0, 73789, 24725472, 0.00, 100.00, 0.00, 2.25, 0, 0 
1, 73789, 100474805, 0.00, 100.00, 0.00, 2.25, 0, 0 
2, 73789, 403632351, 0.00, 100.00, 0.00, 2.25, 0, 0 
3, 73789, 407286704, 0.00, 100.00, 0.00, 2.25, 0, 0 
4, 73789, 410999005, 0.00, 100.00, 0.00, 2.25, 0, 0 
5, 73789, 414310791, 0.00, 100.00, 0.00, 2.25, 0, 0 
6, 73789, 417929670, 0.00, 100.00, 0.00, 2.25, 0, 0 
7, 73789, 421282148, 0.00, 100.00, 0.00, 2.25, 0, 0 
8, 73789, 424550764, 0.00, 100.00, 0.00, 2.25, 0, 0 
9, 73789, 427819168, 0.00, 100.00, 0.00, 2.25, 0, 0 
0, 73789, 431558857, 0.00, 100.00, 0.00, 2.25, 0, 0 
1, 73789, 435068127, 0.00, 100.00, 0.00, 2.25, 0, 0 
2, 73789, 438419232, 0.00, 100.00, 0.00, 2.25, 0, 0 
3, 73789, 441663678, 0.00, 100.00, 0.00, 2.25, 0, 0 
4, 73789, 444912075, 0.00, 100.00, 0.00, 2.25, 0, 0 
5, 73789, 448384203, 0.00, 100.00, 0.00, 2.25, 0, 0 
6, 73789, 451578071, 0.00, 100.00, 0.00, 2.25, 0, 0 
7, 73789, 454868175, 0.00, 100.00, 0.00, 2.25, 0, 0 
8, 73789, 458002717, 0.00, 100.00, 0.00, 2.25, 0, 0 
9, 73789, 461372541, 0.00, 100.00, 0.00, 2.25, 0, 0 
0, 73789, 464718260, 0.00, 100.00, 0.00, 2.25, 0, 0 
1, 73789, 467920899, 0.00, 100.00, 0.00, 2.25, 0, 0 
2, 73789, 471222397, 0.00, 100.00, 0.00, 2.25, 0, 0 
3, 73789, 474303617, 0.00, 100.00, 0.00, 2.25, 0, 0 
4, 73789, 477430690, 0.00, 100.00, 0.00, 2.25, 0, 0 
5, 73789, 480808222, 0.00, 100.00, 0.00, 2.25, 0, 0 
6, 73789, 483954645, 0.00, 100.00, 0.00, 2.25, 0, 0 
7, 73789, 487119638, 0.00, 100.00, 0.00, 2.25, 0, 0 
8, 73789, 490371905, 0.00, 100.00, 0.00, 2.25, 0, 0 
9, 73789, 493619150, 0.00, 100.00, 0.00, 2.25, 0, 0 
0, 73789, 496715503, 0.00, 100.00, 0.00, 2.25, 0, 0 
1, 73789, 499814663, 0.00, 100.00, 0.00, 2.25, 0, 0 
2, 73789, 503133540, 0.00, 100.00, 0.00, 2.25, 0, 0 
3, 73789, 506196724, 0.00, 100.00, 0.00, 2.25, 0, 0 
4, 73789, 509471280, 0.00, 100.00, 0.00, 2.25, 0, 0 
5, 73789, 512872823, 0.00, 100.00, 0.00, 2.25, 0, 0 
6, 73789, 516307057, 0.00, 100.00, 0.00, 2.25, 0, 0 
7, 73789, 519536182, 0.00, 100.00, 0.00, 2.25, 0, 0 
8, 73789, 522839072, 0.00, 100.00, 0.00, 2.25, 0, 0 
9, 73789, 525918891, 0.00, 100.00, 0.00, 2.25, 0, 0 
0, 73789, 528951527, 0.00, 100.00, 0.00, 2.25, 0, 0 
1, 73789, 532195686, 0.00, 100.00, 0.00, 2.25, 0, 0 
2, 73789, 535399526, 0.00, 100.00, 0.00, 2.25, 0, 0 
3, 73789, 538594660, 0.00, 100.00, 0.00, 2.25, 0, 0 
4, 73789, 541596012, 0.00, 100.00, 0.00, 2.25, 0, 0 
5, 73789, 544571525, 0.00, 100.00, 0.00, 2.25, 0, 0 
6, 73789, 547809251, 0.00, 100.00, 0.00, 2.25, 0, 0 
7, 73789, 550987628, 0.00, 100.00, 0.00, 2.25, 0, 0 
8, 73789, 554098454, 0.00, 100.00, 0.00, 2.25, 0, 0 
9, 73789, 557231433, 0.00, 100.00, 0.00, 2.25, 0, 0 
0, 73789, 560564407, 0.00, 100.00, 0.00, 2.25, 0, 0 
1, 73789, 563884891, 0.00, 100.00, 0.00, 2.25, 0, 0 
2, 73789, 567238397, 0.00, 100.00, 0.00, 2.25, 0, 0 
3, 73789, 570444182, 0.00, 100.00, 0.00, 2.25, 0, 0 
4, 73789, 573645398, 0.00, 100.00, 0.00, 2.25, 0, 0 
5, 73789, 576998574, 0.00, 100.00, 0.00, 2.25, 0, 0 
6, 73789, 580306968, 0.00, 100.00, 0.00, 2.25, 0, 0 
7, 73789, 583539872, 0.00, 100.00, 0.00, 2.25, 0, 0 
8, 73789, 586489236, 0.00, 100.00, 0.00, 2.25, 0, 0 
9, 73789, 589496254, 0.00, 100.00, 0.00, 2.25, 0, 0 
0, 73789, 592470475, 0.00, 100.00, 0.00, 2.25, 0, 0 
1, 73789, 595498805, 0.00, 100.00, 0.00, 2.25, 0, 0 
2, 73789, 598704392, 0.00, 100.00, 0.00, 2.25, 0, 0 
3, 73789, 601761684, 0.00, 100.00, 0.00, 2.25, 0, 0 
4, 73789, 604978783, 0.00, 100.00, 0.00, 2.25, 0, 0 
5, 73789, 608281669, 0.00, 100.00, 0.00, 2.25, 0, 0 
6, 73789, 611532510, 0.00, 100.00, 0.00, 2.25, 0, 0 
7, 73789, 614852095, 0.00, 100.00, 0.00, 2.25, 0, 0 
8, 73789, 617851969, 0.00, 100.00, 0.00, 2.25, 0, 0 
9, 73789, 620814664, 0.00, 100.00, 0.00, 2.25, 0, 0 
0, 73789, 624154059, 0.00, 100.00, 0.00, 2.25, 0, 0 
1, 73789, 627335958, 0.00, 100.00, 0.00, 2.25, 0, 0 
2, 73789, 630343665, 0.00, 100.00, 0.00, 2.25, 0, 0 
3, 73789, 633585476, 0.00, 100.00, 0.00, 2.25, 0, 0 
4, 73789, 636925121, 0.00, 100.00, 0.00, 2.25, 0, 0 
5, 73789, 639968940, 0.00, 100.00, 0.00, 2.25, 0, 0 
6, 73789, 643174951, 0.00, 100.00, 0.00, 2.25, 0, 0 
7, 73789, 646562839, 0.00, 100.00, 0.00, 2.25, 0, 0 
8, 73789, 649751938, 0.00, 100.00, 0.00, 2.25, 0, 0 
9, 73789, 652910946, 0.00, 100.00, 0.00, 2.25, 0, 0 
0, 73789, 655950832, 0.00, 100.00, 0.00, 2.25, 0, 0 
1, 73789, 659184913, 0.00, 100.00, 0.00, 2.25, 0, 0 
2, 73789, 662339904, 0.00, 100.00, 0.00, 2.25, 0, 0 
3, 73789, 665558846, 0.00, 100.00, 0.00, 2.25, 0, 0 
4, 73789, 668560577, 0.00, 100.00, 0.00, 2.25, 0, 0 
5, 73789, 671533103, 0.00, 100.00, 0.00, 2.25, 0, 0 
6, 73789, 674488830, 0.00, 100.00, 0.00, 2.25, 0, 0 
7, 73789, 677506472, 0.00, 100.00, 0.00, 2.25, 0, 0 
8, 73789, 680542379, 0.00, 100.00, 0.00, 2.25, 0, 0 
9, 73789, 683772133, 0.00, 100.00, 0.00, 2.25, 0, 0 
0, 73789, 686931899, 0.00, 100.00, 0.00, 2.25, 0, 0 
1, 73789, 690268352, 0.00, 100.00, 0.00, 2.25, 0, 0 
2, 73789, 693511861, 0.00, 100.00, 0.00, 2.25, 0, 0 
3, 73789, 696862228, 0.00, 100.00, 0.00, 2.25, 0, 0 
4, 73789, 699869994, 0.00, 100.00, 0.00, 2.25, 0, 0 
5, 73789, 702863240, 0.00, 100.00, 0.00, 2.25, 0, 0 
6, 73789, 705849836, 0.00, 100.00, 0.00, 2.25, 0, 0 
7, 73789, 708939546, 0.00, 100.00, 0.00, 2.25, 0, 0 
8, 73789, 711822423, 0.00, 100.00, 0.00, 2.25, 0, 0 
9, 73789, 714599731, 0.00, 100.00, 0.00, 2.25, 0, 0 
0, 73789, 717492986, 0.00, 100.00, 0.00, 2.25, 0, 0 
1, 73789, 720688639, 0.00, 100.00, 0.00, 2.25, 0, 0 
2, 73789, 723751604, 0.00, 100.00, 0.00, 2.25, 0, 0 
3, 73789, 727014421, 0.00, 100.00, 0.00, 2.25, 0, 0 
4, 73789, 730110902, 0.00, 100.00, 0.00, 2.25, 0, 0 
5, 73789, 733087109, 0.00, 100.00, 0.00, 2.25, 0, 0 
6, 73789, 736056979, 0.00, 100.00, 0.00, 2.25, 0, 0 
7, 73789, 738969853, 0.00, 100.00, 0.00, 2.25, 0, 0 
8, 73789, 742015569, 0.00, 100.00, 0.00, 2.25, 0, 0 
9, 73789, 745053708, 0.00, 100.00, 0.00, 2.25, 0, 0 
0, 73789, 747977600, 0.00, 100.00, 0.00, 2.25, 0, 0 
1, 73789, 751053870, 0.00, 100.00, 0.00, 2.25, 0, 0 
2, 73789, 754185692, 0.00, 100.00, 0.00, 2.25, 0, 0 
3, 73789, 757286495, 0.00, 100.00, 0.00, 2.25, 0, 0 
4, 73789, 760448146, 0.00, 100.00, 0.00, 2.25, 0, 0 
5, 73789, 763787964, 0.00, 100.00, 0.00, 2.25, 0, 0 
6, 73789, 766878641, 0.00, 100.00, 0.00, 2.25, 0, 0 
7, 73789, 769882466, 0.00, 100.00, 0.00, 2.25, 0, 0 
8, 73789, 772849502, 0.00, 100.00, 0.00, 2.25, 0, 0 
9, 73789, 775910384, 0.00, 100.00, 0.00, 2.25, 0, 0 
0, 73789, 779066018, 0.00, 100.00, 0.00, 2.25, 0, 0 
1, 73789, 782071302, 0.00, 100.00, 0.00, 2.25, 0, 0 
2, 73789, 785258557, 0.00, 100.00, 0.00, 2.25, 0, 0 
3, 73789, 788485458, 0.00, 100.00, 0.00, 2.25, 0, 0 
4, 73789, 791543458, 0.00, 100.00, 0.00, 2.25, 0, 0 
5, 73789, 794698621, 0.00, 100.00, 0.00, 2.25, 0, 0 
6, 73789, 797944776, 0.00, 100.00, 0.00, 2.25, 0, 0 
7, 73789, 801309032, 0.00, 100.00, 0.00, 2.25, 0, 0 
8, 73789, 804489417, 0.00, 100.00, 0.00, 2.25, 0, 0 
9, 73789, 807690018, 0.00, 100.00, 0.00, 2.25, 0, 0 
0, 73789, 810967351, 0.00, 100.00, 0.00, 2.25, 0, 0 
1, 73789, 814179625, 0.00, 100.00, 0.00, 2.25, 0, 0 
2, 73789, 817335101, 0.00, 100.00, 0.00, 2.25, 0, 0 
3, 73789, 820432058, 0.00, 100.00, 0.00, 2.25, 0, 0 
4, 73789, 823563914, 0.00, 100.00, 0.00, 2.25, 0, 0 
5, 73789, 826717559, 0.00, 100.00, 0.00, 2.25, 0, 0 
6, 73789, 829952693, 0.00, 100.00, 0.00, 2.25, 0, 0 
7, 73789, 832943419, 0.00, 100.00, 0.00, 2.25, 0, 0 
8, 73789, 835869385, 0.00, 100.00, 0.00, 2.25, 0, 0 
9, 73789, 838884575, 0.00, 100.00, 0.00, 2.25, 0, 0 
0, 73789, 841887209, 0.00, 100.00, 0.00, 2.25, 0, 0 
1, 73789, 845046331, 0.00, 100.00, 0.00, 2.25, 0, 0 
2, 73789, 848153456, 0.00, 100.00, 0.00, 2.25, 0, 0 
3, 73789, 851053385, 0.00, 100.00, 0.00, 2.25, 0, 0 
4, 73789, 853929590, 0.00, 100.00, 0.00, 2.25, 0, 0 
5, 73789, 856880136, 0.00, 100.00, 0.00, 2.25, 0, 0 
6, 73789, 860177020, 0.00, 100.00, 0.00, 2.25, 0, 0 
7, 73789, 863543538, 0.00, 100.00, 0.00, 2.25, 0, 0 
8, 73789, 866861122, 0.00, 100.00, 0.00, 2.25, 0, 0 
9, 73789, 869972361, 0.00, 100.00, 0.00, 2.25, 0, 0 
0, 73789, 873094377, 0.00, 100.00, 0.00, 2.25, 0, 0 
1, 73789, 876445726, 0.00, 100.00, 0.00, 2.25, 0, 0 
2, 73789, 879669195, 0.00, 100.00, 0.00, 2.25, 0, 0 
3, 73789, 882806957, 0.00, 100.00, 0.00, 2.25, 0, 0 
4, 73789, 885909775, 0.00, 100.00, 0.00, 2.25, 0, 0 
5, 73789, 888992479, 0.00, 100.00, 0.00, 2.25, 0, 0 
6, 73789, 892171492, 0.00, 100.00, 0.00, 2.25, 0, 0 
7, 73789, 895662374, 0.00, 100.00, 0.00, 2.25, 0, 0 
8, 73789, 898897525, 0.00, 100.00, 0.00, 2.25, 0, 0 
9, 73789, 902209239, 0.00, 100.00, 0.00, 2.25, 0, 0 
0, 73789, 905455457, 0.00, 100.00, 0.00, 2.25, 0, 0 
1, 73789, 908905604, 0.00, 100.00, 0.00, 2.25, 0, 0 
2, 73789, 912217478, 0.00, 100.00, 0.00, 2.25, 0, 0 
3, 73789, 915380952, 0.00, 100.00, 0.00, 2.25, 0, 0 
4, 73789, 918358268, 0.00, 100.00, 0.00, 2.25, 0, 0 
5, 73789, 921657186, 0.00, 100.00, 0.00, 2.25, 0, 0 
6, 73789, 924832188, 0.00, 100.00, 0.00, 2.25, 0, 0 
7, 73789, 927968385, 0.00, 100.00, 0.00, 2.25, 0, 0 
8, 73789, 931280906, 0.00, 100.00, 0.00, 2.25, 0, 0 
9, 73789, 934336138, 0.00, 100.00, 0.00, 2.25, 0, 0 
0, 73789, 937388098, 0.00, 100.00, 0.00, 2.25, 0, 0 
1, 73789, 940584950, 0.00, 100.00, 0.00, 2.25, 0, 0 
2, 73789, 943784875, 0.00, 100.00, 0.00, 2.25, 0, 0 
3, 73789, 946918780, 0.00, 100.00, 0.00, 2.25, 0, 0 
4, 73789, 950192096, 0.00, 100.00, 0.00, 2.25, 0, 0 
5, 73789, 953425142, 0.00, 100.00, 0.00, 2.25, 0, 0 
6, 73789, 956610150, 0.00, 100.00, 0.00, 2.25, 0, 0 
7, 73789, 959650567, 0.00, 100.00, 0.00, 2.25, 0, 0 
8, 73789, 962929219, 0.00, 100.00, 0.00, 2.25, 0, 0 
9, 73789, 965905553, 0.00, 100.00, 0.00, 2.25, 0, 0 
0, 73789, 968900242, 0.00, 100.00, 0.00, 2.25, 0, 0 
1, 73789, 972060209, 0.00, 100.00, 0.00, 2.25, 0, 0 
2, 73789, 975336562, 0.00, 100.00, 0.00, 2.25, 0, 0 
3, 73789, 978511969, 0.00, 100.00, 0.00, 2.25, 0, 0 
4, 73789, 981727898, 0.00, 100.00, 0.00, 2.25, 0, 0 
5, 73789, 984870472, 0.00, 100.00, 0.00, 2.25, 0, 0 
6, 73789, 987990824, 0.00, 100.00, 0.00, 2.25, 0, 0 
7, 73789, 991161819, 0.00, 100.00, 0.00, 2.25, 0, 0 
8, 73789, 994237284, 0.00, 100.00, 0.00, 2.25, 0, 0 
9, 73789, 997443573, 0.00, 100.00, 0.00, 2.25, 0, 0 
0, 73790, 544303, 0.00, 100.00, 0.00, 2.25, 0, 0 
1, 73790, 3856069, 0.00, 100.00, 0.00, 2.25, 0, 0 
2, 73790, 17017392, 0.00, 100.00, 0.00, 2.25, 0, 0 
3, 73790, 69780288, 0.00, 100.00, 0.00, 2.25, 0, 0 
4, 73790, 280851113, 0.00, 100.00, 0.00, 2.25, 0, 0 
5, 73790, 284709407, 0.00, 100.00, 0.00, 2.25, 0, 0 
6, 73790, 288559371, 0.00, 100.00, 0.00, 2.25, 0, 0 
7, 73790, 292069110, 0.00, 100.00, 0.00, 2.25, 0, 0 
8, 73790, 295292208, 0.00, 100.00, 0.00, 2.25, 0, 0 
9, 73790, 298445960, 0.00, 100.00, 0.00, 2.25, 0, 0 
0, 73790, 301992190, 0.00, 100.00, 0.00, 2.25, 0, 0 
1, 73790, 305423598, 0.00, 100.00, 0.00, 2.25, 0, 0 
2, 73790, 308554332, 0.00, 100.00, 0.00, 2.25, 0, 0 
3, 73790, 311535536, 0.00, 100.00, 0.00, 2.25, 0, 0 
4, 73790, 314738116, 0.00, 100.00, 0.00, 2.25, 0, 0 
5, 73790, 318074207, 0.00, 100.00, 0.00, 2.25, 0, 0 
6, 73790, 321300352, 0.00, 100.00, 0.00, 2.25, 0, 0 
7, 73790, 324391388, 0.00, 100.00, 0.00, 2.25, 0, 0 
8, 73790, 327723920, 0.00, 100.00, 0.00, 2.25, 0, 0 
9, 73790, 330998676, 0.00, 100.00, 0.00, 2.25, 0, 0 
0, 73790, 334136975, 0.00, 100.00, 0.00, 2.25, 0, 0 
1, 73790, 337278314, 0.00, 100.00, 0.00, 2.25, 0, 0 
2, 73790, 340411535, 0.00, 100.00, 0.00, 2.25, 0, 0 
3, 73790, 343399458, 0.00, 100.00, 0.00, 2.25, 0, 0 
4, 73790, 346607182, 0.00, 100.00, 0.00, 2.25, 0, 0 
5, 73790, 349869889, 0.00, 100.00, 0.00, 2.25, 0, 0 
6, 73790, 353088844, 0.00, 100.00, 0.00, 2.25, 0, 0 
7, 73790, 356456207, 0.00, 100.00, 0.00, 2.25, 0, 0 
8, 73790, 359642940, 0.00, 100.00, 0.00, 2.25, 0, 0 
9, 73790, 363256938, 0.00, 100.00, 0.00, 2.25, 0, 0 
0, 73790, 366367646, 0.00, 100.00, 0.00, 2.25, 0, 0 
1, 73790, 369306204, 0.00, 100.00, 0.00, 2.25, 0, 0 
2, 73790, 372335151, 0.00, 100.00, 0.00, 2.25, 0, 0 
3, 73790, 375441167, 0.00, 100.00, 0.00, 2.25, 0, 0 
4, 73790, 378714399, 0.00, 100.00, 0.00, 2.25, 0, 0 
5, 73790, 381924569, 0.00, 100.00, 0.00, 2.25, 0, 0 
6, 73790, 385091192, 0.00, 100.00, 0.00, 2.25, 0, 0 
7, 73790, 388062813, 0.00, 100.00, 0.00, 2.25, 0, 0 
8, 73790, 391011544, 0.00, 100.00, 0.00, 2.25, 0, 0 
9, 73790, 394050735, 0.00, 100.00, 0.00, 2.25, 0, 0 
0, 73790, 397366311, 0.00, 100.00, 0.00, 2.25, 0, 0 
1, 73790, 400368575, 0.00, 100.00, 0.00, 2.25, 0, 0 
2, 73790, 403401219, 0.00, 100.00, 0.00, 2.25, 0, 0 
3, 73790, 406639323, 0.00, 100.00, 0.00, 2.25, 0, 0 
4, 73790, 409752099, 0.00, 100.00, 0.00, 2.25, 0, 0 
5, 73790, 412972225, 0.00, 100.00, 0.00, 2.25, 0, 0 
6, 73790, 416268774, 0.00, 100.00, 0.00, 2.25, 0, 0 
7, 73790, 419399804, 0.00, 100.00, 0.00, 2.25, 0, 0 
8, 73790, 422365173, 0.00, 100.00, 0.00, 2.25, 0, 0 
9, 73790, 425356954, 0.00, 100.00, 0.00, 2.25, 0, 0 
0, 73790, 428552075, 0.00, 100.00, 0.00, 2.25, 0, 0 
1, 73790, 431848795, 0.00, 100.00, 0.00, 2.25, 0, 0 
2, 73790, 434946313, 0.00, 100.00, 0.00, 2.25, 0, 0 
3, 73790, 438048663, 0.00, 100.00, 0.00, 2.25, 0, 0 
4, 73790, 441204016, 0.00, 100.00, 0.00, 2.25, 0, 0 
5, 73790, 444382610, 0.00, 100.00, 0.00, 2.25, 0, 0 
6, 73790, 447704485, 0.00, 100.00, 0.00, 2.25, 0, 0 
7, 73790, 450910330, 0.00, 100.00, 0.00, 2.25, 0, 0 
8, 73790, 453995527, 0.00, 100.00, 0.00, 2.25, 0, 0 
9, 73790, 457078080, 0.00, 100.00, 0.00, 2.25, 0, 0 
0, 73790, 460702143, 0.00, 100.00, 0.00, 2.25, 0, 0 
1, 73790, 463951596, 0.00, 100.00, 0.00, 2.25, 0, 0 
2, 73790, 467407173, 0.00, 100.00, 0.00, 2.25, 0, 0 
3, 73790, 470414636, 0.00, 100.00, 0.00, 2.25, 0, 0 
4, 73790, 473585984, 0.00, 100.00, 0.00, 2.25, 0, 0 
5, 73790, 476787657, 0.00, 100.00, 0.00, 2.25, 0, 0 
6, 73790, 480439108, 0.00, 100.00, 0.00, 2.25, 0, 0 
7, 73790, 483760960, 0.00, 100.00, 0.00, 2.25, 0, 0 
8, 73790, 487038097, 0.00, 100.00, 0.00, 2.25, 0, 0 
9, 73790, 490289278, 0.00, 100.00, 0.00, 2.25, 0, 0 
0, 73790, 493451977, 0.00, 100.00, 0.00, 2.25, 0, 0 
1, 73790, 496539399, 0.00, 100.00, 0.00, 2.25, 0, 0 
2, 73790, 499508844, 0.00, 100.00, 0.00, 2.25, 0, 0 
3, 73790, 502516764, 0.00, 100.00, 0.00, 2.25, 0, 0 
4, 73790, 505894556, 0.00, 100.00, 0.00, 2.25, 0, 0 
5, 73790, 509211575, 0.00, 100.00, 0.00, 2.25, 0, 0 
6, 73790, 512409847, 0.00, 100.00, 0.00, 2.25, 0, 0 
7, 73790, 515787591, 0.00, 100.00, 0.00, 2.25, 0, 0 
8, 73790, 518901091, 0.00, 100.00, 0.00, 2.25, 0, 0 
9, 73790, 521925362, 0.00, 100.00, 0.00, 2.25, 0, 0 
0, 73790, 525020258, 0.00, 100.00, 0.00, 2.25, 0, 0 
1, 73790, 528370978, 0.00, 100.00, 0.00, 2.25, 0, 0 
2, 73790, 531496368, 0.00, 100.00, 0.00, 2.25, 0, 0 
3, 73790, 534571056, 0.00, 100.00, 0.00, 2.25, 0, 0 
4, 73790, 537709796, 0.00, 100.00, 0.00, 2.25, 0, 0 
5, 73790, 540934467, 0.00, 100.00, 0.00, 2.25, 0, 0 
6, 73790, 544123576, 0.00, 100.00, 0.00, 2.25, 0, 0 
7, 73790, 547262399, 0.00, 100.00, 0.00, 2.25, 0, 0 
8, 73790, 550583035, 0.00, 100.00, 0.00, 2.25, 0, 0 
9, 73790, 553818057, 0.00, 100.00, 0.00, 2.25, 0, 0 
0, 73790, 557101492, 0.00, 100.00, 0.00, 2.25, 0, 0 
1, 73790, 560467208, 0.00, 100.00, 0.00, 2.25, 0, 0 
2, 73790, 563859769, 0.00, 100.00, 0.00, 2.25, 0, 0 
3, 73790, 567046043, 0.00, 100.00, 0.00, 2.25, 0, 0 
4, 73790, 570350441, 0.00, 100.00, 0.00, 2.25, 0, 0 
5, 73790, 573477182, 0.00, 100.00, 0.00, 2.25, 0, 0 
6, 73790, 576554853, 0.00, 100.00, 0.00, 2.25, 0, 0 
7, 73790, 579707993, 0.00, 100.00, 0.00, 2.25, 0, 0 
8, 73790, 582907938, 0.00, 100.00, 0.00, 2.25, 0, 0 
9, 73790, 586299460, 0.00, 100.00, 0.00, 2.25, 0, 0 
0, 73790, 589418132, 0.00, 100.00, 0.00, 2.25, 0, 0 
1, 73790, 592531464, 0.00, 100.00, 0.00, 2.25, 0, 0 
2, 73790, 595580781, 0.00, 100.00, 0.00, 2.25, 0, 0 
3, 73790, 598561049, 0.00, 100.00, 0.00, 2.25, 0, 0 
4, 73790, 601805661, 0.00, 100.00, 0.00, 2.25, 0, 0 
5, 73790, 604946380, 0.00, 100.00, 0.00, 2.25, 0, 0 
6, 73790, 608050827, 0.00, 100.00, 0.00, 2.25, 0, 0 
7, 73790, 611251386, 0.00, 100.00, 0.00, 2.25, 0, 0 
8, 73790, 614380813, 0.00, 100.00, 0.00, 2.25, 0, 0 
9, 73790, 617263418, 0.00, 100.00, 0.00, 2.25, 0, 0 
0, 73790, 620353729, 0.00, 100.00, 0.00, 2.25, 0, 0 
1, 73790, 623405619, 0.00, 100.00, 0.00, 2.25, 0, 0 
2, 73790, 626446704, 0.00, 100.00, 0.00, 2.25, 0, 0 
3, 73790, 629457703, 0.00, 100.00, 0.00, 2.25, 0, 0 
4, 73790, 632722684, 0.00, 100.00, 0.00, 2.25, 0, 0 
5, 73790, 635923119, 0.00, 100.00, 0.00, 2.25, 0, 0 
6, 73790, 639059320, 0.00, 100.00, 0.00, 2.25, 0, 0 
7, 73790, 642286150, 0.00, 100.00, 0.00, 2.25, 0, 0 
8, 73790, 645443258, 0.00, 100.00, 0.00, 2.25, 0, 0 
9, 73790, 648475418, 0.00, 100.00, 0.00, 2.25, 0, 0 
0, 73790, 651466574, 0.00, 100.00, 0.00, 2.25, 0, 0 
1, 73790, 654469627, 0.00, 100.00, 0.00, 2.25, 0, 0 
2, 73790, 657479246, 0.00, 100.00, 0.00, 2.25, 0, 0 
3, 73790, 660506087, 0.00, 100.00, 0.00, 2.25, 0, 0 
4, 73790, 663661248, 0.00, 100.00, 0.00, 2.25, 0, 0 
5, 73790, 666704706, 0.00, 100.00, 0.00, 2.25, 0, 0 
6, 73790, 669645230, 0.00, 100.00, 0.00, 2.25, 0, 0 
7, 73790, 672870909, 0.00, 100.00, 0.00, 2.25, 0, 0 
8, 73790, 675954716, 0.00, 100.00, 0.00, 2.25, 0, 0 
9, 73790, 679301685, 0.00, 100.00, 0.00, 2.25, 0, 0 
0, 73790, 682685725, 0.00, 100.00, 0.00, 2.25, 0, 0 
1, 73790, 685783793, 0.00, 100.00, 0.00, 2.25, 0, 0 
2, 73790, 688922538, 0.00, 100.00, 0.00, 2.25, 0, 0 
3, 73790, 692038546, 0.00, 100.00, 0.00, 2.25, 0, 0 
4, 73790, 695181685, 0.00, 100.00, 0.00, 2.25, 0, 0 
5, 73790, 698527749, 0.00, 100.00, 0.00, 2.25, 0, 0 
6, 73790, 701857749, 0.00, 100.00, 0.00, 2.25, 0, 0 
7, 73790, 705021696, 0.00, 100.00, 0.00, 2.25, 0, 0 
8, 73790, 708274038, 0.00, 100.00, 0.00, 2.25, 0, 0 
9, 73790, 711703717, 0.00, 100.00, 0.00, 2.25, 0, 0 
0, 73790, 715041648, 0.00, 100.00, 0.00, 2.25, 0, 0 
1, 73790, 718425332, 0.00, 100.00, 0.00, 2.25, 0, 0 
2, 73790, 721647109, 0.00, 100.00, 0.00, 2.25, 0, 0 
3, 73790, 724800653, 0.00, 100.00, 0.00, 2.25, 0, 0 
4, 73790, 727949675, 0.00, 100.00, 0.00, 2.25, 0, 0 
5, 73790, 731340640, 0.00, 100.00, 0.00, 2.25, 0, 0 
6, 73790, 734573571, 0.00, 100.00, 0.00, 2.25, 0, 0 
7, 73790, 737795632, 0.00, 100.00, 0.00, 2.25, 0, 0 
8, 73790, 740974821, 0.00, 100.00, 0.00, 2.25, 0, 0 
9, 73790, 744386408, 0.00, 100.00, 0.00, 2.25, 0, 0 
0, 73790, 747913699, 0.00, 100.00, 0.00, 2.25, 0, 0 
1, 73790, 751142337, 0.00, 100.00, 0.00, 2.25, 0, 0 
2, 73790, 754223358, 0.00, 100.00, 0.00, 2.25, 0, 0 
3, 73790, 757487904, 0.00, 100.00, 0.00, 2.25, 0, 0 
4, 73790, 760563357, 0.00, 100.00, 0.00, 2.25, 0, 0 
5, 73790, 763908678, 0.00, 100.00, 0.00, 2.25, 0, 0 
6, 73790, 767301235, 0.00, 100.00, 0.00, 2.25, 0, 0 
7, 73790, 770263057, 0.00, 100.00, 0.00, 2.25, 0, 0 
8, 73790, 773578661, 0.00, 100.00, 0.00, 2.25, 0, 0 
9, 73790, 776820104, 0.00, 100.00, 0.00, 2.25, 0, 0 
0, 73790, 779898275, 0.00, 100.00, 0.00, 2.25, 0, 0 
1, 73790, 782811844, 0.00, 100.00, 0.00, 2.25, 0, 0 
2, 73790, 785858203, 0.00, 100.00, 0.00, 2.25, 0, 0 
3, 73790, 788950968, 0.00, 100.00, 0.00, 2.25, 0, 0 
4, 73790, 792118161, 0.00, 100.00, 0.00, 2.25, 0, 0 
5, 73790, 795234172, 0.00, 100.00, 0.00, 2.25, 0, 0 
6, 73790, 798442088, 0.00, 100.00, 0.00, 2.25, 0, 0 
7, 73790, 801707547, 0.00, 100.00, 0.00, 2.25, 0, 0 
8, 73790, 804756613, 0.00, 100.00, 0.00, 2.25, 0, 0 
9, 73790, 807653251, 0.00, 100.00, 0.00, 2.25, 0, 0 
0, 73790, 810701475, 0.00, 100.00, 0.00, 2.25, 0, 0 
1, 73790, 813892120, 0.00, 100.00, 0.00, 2.25, 0, 0 
2, 73790, 817012993, 0.00, 100.00, 0.00, 2.25, 0, 0 
3, 73790, 819977259, 0.00, 100.00, 0.00, 2.25, 0, 0 
4, 73790, 823055616, 0.00, 100.00, 0.00, 2.25, 0, 0 
5, 73790, 826084162, 0.00, 100.00, 0.00, 2.25, 0, 0 
6, 73790, 829189184, 0.00, 100.00, 0.00, 2.25, 0, 0 
7, 73790, 832477285, 0.00, 100.00, 0.00, 2.25, 0, 0 
8, 73790, 835771106, 0.00, 100.00, 0.00, 2.25, 0, 0 
9, 73790, 838769529, 0.00, 100.00, 0.00, 2.25, 0, 0 
0, 73790, 842029689, 0.00, 100.00, 0.00, 2.25, 0, 0 
1, 73790, 845021299, 0.00, 100.00, 0.00, 2.25, 0, 0 
2, 73790, 848060433, 0.00, 100.00, 0.00, 2.25, 0, 0 
3, 73790, 851113693, 0.00, 100.00, 0.00, 2.25, 0, 0 
4, 73790, 854160606, 0.00, 100.00, 0.00, 2.25, 0, 0 
5, 73790, 857171678, 0.00, 100.00, 0.00, 2.25, 0, 0 
6, 73790, 860256947, 0.00, 100.00, 0.00, 2.25, 0, 0 
7, 73790, 863406487, 0.00, 100.00, 0.00, 2.25, 0, 0 
8, 73790, 866819756, 0.00, 100.00, 0.00, 2.25, 0, 0 
9, 73790, 870057188, 0.00, 100.00, 0.00, 2.25, 0, 0 
0, 73790, 873409459, 0.00, 100.00, 0.00, 2.25, 0, 0 
1, 73790, 876564543, 0.00, 100.00, 0.00, 2.25, 0, 0 
2, 73790, 879619747, 0.00, 100.00, 0.00, 2.25, 0, 0 
3, 73790, 882678997, 0.00, 100.00, 0.00, 2.25, 0, 0 
4, 73790, 885757735, 0.00, 100.00, 0.00, 2.25, 0, 0 
5, 73790, 888887591, 0.00, 100.00, 0.00, 2.25, 0, 0 
6, 73790, 891932337, 0.00, 100.00, 0.00, 2.25, 0, 0 
7, 73790, 895129679, 0.00, 100.00, 0.00, 2.25, 0, 0 
8, 73790, 898465782, 0.00, 100.00, 0.00, 2.25, 0, 0 
9, 73790, 901493065, 0.00, 100.00, 0.00, 2.25, 0, 0 
0, 73790, 904721581, 0.00, 100.00, 0.00, 2.25, 0, 0 
1, 73790, 907907116, 0.00, 100.00, 0.00, 2.25, 0, 0 
2, 73790, 911135618, 0.00, 100.00, 0.00, 2.25, 0, 0 
3, 73790, 914254978, 0.00, 100.00, 0.00, 2.25, 0, 0 
4, 73790, 917509966, 0.00, 100.00, 0.00, 2.25, 0, 0 
5, 73790, 920605524, 0.00, 100.00, 0.00, 2.25, 0, 0 
6, 73790, 923842341, 0.00, 100.00, 0.00, 2.25, 0, 0 
7, 73790, 927036633, 0.00, 100.00, 0.00, 2.25, 0, 0 
8, 73790, 930449369, 0.00, 100.00, 0.00, 2.25, 0, 0 
9, 73790, 933700307, 0.00, 100.00, 0.00, 2.25, 0, 0 
0, 73790, 936702711, 0.00, 100.00, 0.00, 2.25, 0, 0 
1, 73790, 939971540, 0.00, 100.00, 0.00, 2.25, 0, 0 
2, 73790, 943233551, 0.00, 100.00, 0.00, 2.25, 0, 0 
3, 73790, 946351805, 0.00, 100.00, 0.00, 2.25, 0, 0 
4, 73790, 949399857, 0.00, 100.00, 0.00, 2.25, 0, 0 
5, 73790, 952388435, 0.00, 100.00, 0.00, 2.25, 0, 0 
6, 73790, 955468988, 0.00, 100.00, 0.00, 2.25, 0, 0 
7, 73790, 958437138, 0.00, 100.00, 0.00, 2.25, 0, 0 
8, 73790, 961542696, 0.00, 100.00, 0.00, 2.25, 0, 0 
9, 73790, 964877635, 0.00, 100.00, 0.00, 2.25, 0, 0 
0, 73790, 968219587, 0.00, 100.00, 0.00, 2.25, 0, 0 
1, 73790, 971488134, 0.00, 100.00, 0.00, 2.25, 0, 0 
2, 73790, 974569863, 0.00, 100.00, 0.00, 2.25, 0, 0 
3, 73790, 977678994, 0.00, 100.00, 0.00, 2.25, 0, 0 
4, 73790, 980680097, 0.00, 100.00, 0.00, 2.25, 0, 0 
5, 73790, 983614670, 0.00, 100.00, 0.00, 2.25, 0, 0 
6, 73790, 986586004, 0.00, 100.00, 0.00, 2.25, 0, 0 
7, 73790, 989550083, 0.00, 100.00, 0.00, 2.25, 0, 0 
8, 73790, 992682859, 0.00, 100.00, 0.00, 2.25, 0, 0 
9, 73790, 995883134, 0.00, 100.00, 0.00, 2.25, 0, 0 
0, 73790, 999100704, 0.00, 100.00, 0.00, 2.25, 0, 0 
1, 73791, 2293110, 0.00, 100.00, 0.00, 2.25, 0, 0 
2, 73791, 10706449, 0.00, 100.00, 0.00, 2.25, 0, 0 
3, 73791, 44369652, 0.00, 100.00, 0.00, 2.25, 0, 0 
4, 73791, 179202715, 0.00, 100.00, 0.00, 2.25, 0, 0 
5, 73791, 718521825, 0.00, 100.00, 0.00, 2.25, 0, 0 
6, 73791, 722215352, 0.00, 100.00, 0.00, 2.25, 0, 0 
7, 73791, 725866128, 0.00, 100.00, 0.00, 2.25, 0, 0 
8, 73791, 729362448, 0.00, 100.00, 0.00, 2.25, 0, 0 
9, 73791, 732671178, 0.00, 100.00, 0.00, 2.25, 0, 0 
0, 73791, 736193295, 0.00, 100.00, 0.00, 2.25, 0, 0 
1, 73791, 739579822, 0.00, 100.00, 0.00, 2.25, 0, 0 
2, 73791, 743135652, 0.00, 100.00, 0.00, 2.25, 0, 0 
3, 73791, 746717525, 0.00, 100.00, 0.00, 2.25, 0, 0 
4, 73791, 750172581, 0.00, 100.00, 0.00, 2.25, 0, 0 
5, 73791, 753423266, 0.00, 100.00, 0.00, 2.25, 0, 0 
6, 73791, 757046242, 0.00, 100.00, 0.00, 2.25, 0, 0 
7, 73791, 760504753, 0.00, 100.00, 0.00, 2.25, 0, 0 
8, 73791, 763907920, 0.00, 100.00, 0.00, 2.25, 0, 0 
9, 73791, 767231277, 0.00, 100.00, 0.00, 2.25, 0, 0 
0, 73791, 770434607, 0.00, 100.00, 0.00, 2.25, 0, 0 
1, 73791, 773693841, 0.00, 100.00, 0.00, 2.25, 0, 0 
2, 73791, 776878565, 0.00, 100.00, 0.00, 2.25, 0, 0 
3, 73791, 780096067, 0.00, 100.00, 0.00, 2.25, 0, 0 
4, 73791, 783258384, 0.00, 100.00, 0.00, 2.25, 0, 0 
5, 73791, 786455254, 0.00, 100.00, 0.00, 2.25, 0, 0 
6, 73791, 789403107, 0.00, 100.00, 0.00, 2.25, 0, 0 
7, 73791, 792379454, 0.00, 100.00, 0.00, 2.25, 0, 0 
8, 73791, 795533227, 0.00, 100.00, 0.00, 2.25, 0, 0 
9, 73791, 798659774, 0.00, 100.00, 0.00, 2.25, 0, 0 
0, 73791, 801805224, 0.00, 100.00, 0.00, 2.25, 0, 0 
1, 73791, 805184269, 0.00, 100.00, 0.00, 2.25, 0, 0 
2, 73791, 808488398, 0.00, 100.00, 0.00, 2.25, 0, 0 
3, 73791, 811692571, 0.00, 100.00, 0.00, 2.25, 0, 0 
4, 73791, 814810244, 0.00, 100.00, 0.00, 2.25, 0, 0 
5, 73791, 818091217, 0.00, 100.00, 0.00, 2.25, 0, 0 
6, 73791, 821236148, 0.00, 100.00, 0.00, 2.25, 0, 0 
7, 73791, 824376657, 0.00, 100.00, 0.00, 2.25, 0, 0 
8, 73791, 827568405, 0.00, 100.00, 0.00, 2.25, 0, 0 
9, 73791, 830803636, 0.00, 100.00, 0.00, 2.25, 0, 0 
0, 73791, 834065962, 0.00, 100.00, 0.00, 2.25, 0, 0 
1, 73791, 837414600, 0.00, 100.00, 0.00, 2.25, 0, 0 
2, 73791, 840591525, 0.00, 100.00, 0.00, 2.25, 0, 0 
3, 73791, 843699574, 0.00, 100.00, 0.00, 2.25, 0, 0 
4, 73791, 846968152, 0.00, 100.00, 0.00, 2.25, 0, 0 
5, 73791, 850109069, 0.00, 100.00, 0.00, 2.25, 0, 0 
6, 73791, 853097608, 0.00, 100.00, 0.00, 2.25, 0, 0 
7, 73791, 856087293, 0.00, 100.00, 0.00, 2.25, 0, 0 
8, 73791, 859202423, 0.00, 100.00, 0.00, 2.25, 0, 0 
9, 73791, 862322756, 0.00, 100.00, 0.00, 2.25, 0, 0 
0, 73791, 865587619, 0.00, 100.00, 0.00, 2.25, 0, 0 
1, 73791, 868752901, 0.00, 100.00, 0.00, 2.25, 0, 0 
2, 73791, 871832301, 0.00, 100.00, 0.00, 2.25, 0, 0 
3, 73791, 874763001, 0.00, 100.00, 0.00, 2.25, 0, 0 
4, 73791, 877937793, 0.00, 100.00, 0.00, 2.25, 0, 0 
5, 73791, 881167381, 0.00, 100.00, 0.00, 2.25, 0, 0 
6, 73791, 884416135, 0.00, 100.00, 0.00, 2.25, 0, 0 
7, 73791, 887518945, 0.00, 100.00, 0.00, 2.25, 0, 0 
8, 73791, 890476055, 0.00, 100.00, 0.00, 2.25, 0, 0 
9, 73791, 893526510, 0.00, 100.00, 0.00, 2.25, 0, 0 
0, 73791, 896641032, 0.00, 100.00, 0.00, 2.25, 0, 0 
1, 73791, 899742195, 0.00, 100.00, 0.00, 2.25, 0, 0 
2, 73791, 902882866, 0.00, 100.00, 0.00, 2.25, 0, 0 
3, 73791, 906010427, 0.00, 100.00, 0.00, 2.25, 0, 0 
4, 73791, 909280116, 0.00, 100.00, 0.00, 2.25, 0, 0 
5, 73791, 912383558, 0.00, 100.00, 0.00, 2.25, 0, 0 
6, 73791, 915597466, 0.00, 100.00, 0.00, 2.25, 0, 0 
7, 73791, 918838679, 0.00, 100.00, 0.00, 2.25, 0, 0 
8, 73791, 921956267, 0.00, 100.00, 0.00, 2.25, 0, 0 
9, 73791, 924957878, 0.00, 100.00, 0.00, 2.25, 0, 0 
0, 73791, 928294873, 0.00, 100.00, 0.00, 2.25, 0, 0 
1, 73791, 931430258, 0.00, 100.00, 0.00, 2.25, 0, 0 
2, 73791, 934398125, 0.00, 100.00, 0.00, 2.25, 0, 0 
3, 73791, 937316703, 0.00, 100.00, 0.00, 2.25, 0, 0 
4, 73791, 940398557, 0.00, 100.00, 0.00, 2.25, 0, 0 
5, 73791, 943634028, 0.00, 100.00, 0.00, 2.25, 0, 0 
6, 73791, 946908398, 0.00, 100.00, 0.00, 2.25, 0, 0 
7, 73791, 950101988, 0.00, 100.00, 0.00, 2.25, 0, 0 
8, 73791, 953404335, 0.00, 100.00, 0.00, 2.25, 0, 0 
9, 73791, 956694436, 0.00, 100.00, 0.00, 2.25, 0, 0 
0, 73791, 959821758, 0.00, 100.00, 0.00, 2.25, 0, 0 
1, 73791, 962890890, 0.00, 100.00, 0.00, 2.25, 0, 0 
2, 73791, 965863333, 0.00, 100.00, 0.00, 2.25, 0, 0 
3, 73791, 968811808, 0.00, 100.00, 0.00, 2.25, 0, 0 
4, 73791, 971850800, 0.00, 100.00, 0.00, 2.25, 0, 0 
5, 73791, 975060789, 0.00, 100.00, 0.00, 2.25, 0, 0 
6, 73791, 978231471, 0.00, 100.00, 0.00, 2.25, 0, 0 
7, 73791, 981303676, 0.00, 100.00, 0.00, 2.25, 0, 0 
8, 73791, 984423195, 0.00, 100.00, 0.00, 2.25, 0, 0 
9, 73791, 987465332, 0.00, 100.00, 0.00, 2.25, 0, 0 
0, 73791, 990672665, 0.00, 100.00, 0.00, 2.25, 0, 0 
1, 73791, 993763487, 0.00, 100.00, 0.00, 2.25, 0, 0 
2, 73791, 996823474, 0.00, 100.00, 0.00, 2.25, 0, 0 
3, 73791, 999906634, 0.00, 100.00, 0.00, 2.25, 0, 0 
4, 73792, 3088422, 0.00, 100.00, 0.00, 2.25, 0, 0 
5, 73792, 13958546, 0.00, 100.00, 0.00, 2.25, 0, 0 
6, 73792, 57434636, 0.00, 100.00, 0.00, 2.25, 0, 0 
7, 73792, 231439816, 0.00, 100.00, 0.00, 2.25, 0, 0 
8, 73792, 927510081, 0.00, 100.00, 0.00, 2.25, 0, 0 
9, 73792, 931154107, 0.00, 100.00, 0.00, 2.25, 0, 0 
0, 73792, 935002417, 0.00, 100.00, 0.00, 2.25, 0, 0 
1, 73792, 938386228, 0.00, 100.00, 0.00, 2.25, 0, 0 
2, 73792, 941710297, 0.00, 100.00, 0.00, 2.25, 0, 0 
3, 73792, 945115506, 0.00, 100.00, 0.00, 2.25, 0, 0 
4, 73792, 948462359, 0.00, 100.00, 0.00, 2.25, 0, 0 
5, 73792, 952066167, 0.00, 100.00, 0.00, 2.25, 0, 0 
6, 73792, 955820915, 0.00, 100.00, 0.00, 2.25, 0, 0 
7, 73792, 959343370, 0.00, 100.00, 0.00, 2.25, 0, 0 
8, 73792, 962692845, 0.00, 100.00, 0.00, 2.25, 0, 0 
9, 73792, 966105084, 0.00, 100.00, 0.00, 2.25, 0, 0 
0, 73792, 969214912, 0.00, 100.00, 0.00, 2.25, 0, 0 
1, 73792, 972382090, 0.00, 100.00, 0.00, 2.25, 0, 0 
2, 73792, 975464053, 0.00, 100.00, 0.00, 2.25, 0, 0 
3, 73792, 978570664, 0.00, 100.00, 0.00, 2.25, 0, 0 
4, 73792, 982001954, 0.00, 100.00, 0.00, 2.25, 0, 0 
5, 73792, 985083060, 0.00, 100.00, 0.00, 2.25, 0, 0 
6, 73792, 988246173, 0.00, 100.00, 0.00, 2.25, 0, 0 
7, 73792, 991377236, 0.00, 100.00, 0.00, 2.25, 0, 0 
8, 73792, 994711679, 0.00, 100.00, 0.00, 2.25, 0, 0 
9, 73792, 998100623, 0.00, 100.00, 0.00, 2.25, 0, 0 
0, 73793, 1287190, 0.00, 100.00, 0.00, 2.25, 0, 0 
1, 73793, 6670618, 0.00, 100.00, 0.00, 2.25, 0, 0 
2, 73793, 28218279, 0.00, 100.00, 0.00, 2.25, 0, 0 
3, 73793, 114463734, 0.00, 100.00, 0.00, 2.25, 0, 0 
4, 73793, 459452569, 0.00, 100.00, 0.00, 2.25, 0, 0 
5, 73793, 463179948, 0.00, 100.00, 0.00, 2.25, 0, 0 
6, 73793, 466848540, 0.00, 100.00, 0.00, 2.25, 0, 0 
7, 73793, 470639546, 0.00, 100.00, 0.00, 2.25, 0, 0 
8, 73793, 474070868, 0.00, 100.00, 0.00, 2.25, 0, 0 
9, 73793, 477501176, 0.00, 100.00, 0.00, 2.25, 0, 0 
0, 73793, 480876814, 0.00, 100.00, 0.00, 2.25, 0, 0 
1, 73793, 484229008, 0.00, 100.00, 0.00, 2.25, 0, 0 
2, 73793, 487491554, 0.00, 100.00, 0.00, 2.25, 0, 0 
3, 73793, 490599542, 0.00, 100.00, 0.00, 2.25, 0, 0 
4, 73793, 493759032, 0.00, 100.00, 0.00, 2.25, 0, 0 
5, 73793, 497050211, 0.00, 100.00, 0.00, 2.25, 0, 0 
6, 73793, 500083448, 0.00, 100.00, 0.00, 2.25, 0, 0 
7, 73793, 503070482, 0.00, 100.00, 0.00, 2.25, 0, 0 
8, 73793, 506076094, 0.00, 100.00, 0.00, 2.25, 0, 0 
9, 73793, 509187636, 0.00, 100.00, 0.00, 2.25, 0, 0 
0, 73793, 512467672, 0.00, 100.00, 0.00, 2.25, 0, 0 
1, 73793, 515778482, 0.00, 100.00, 0.00, 2.25, 0, 0 
2, 73793, 518898203, 0.00, 100.00, 0.00, 2.25, 0, 0 
3, 73793, 521956233, 0.00, 100.00, 0.00, 2.25, 0, 0 
4, 73793, 524944719, 0.00, 100.00, 0.00, 2.25, 0, 0 
5, 73793, 528104297, 0.00, 100.00, 0.00, 2.25, 0, 0 
6, 73793, 531457834, 0.00, 100.00, 0.00, 2.25, 0, 0 
7, 73793, 534738714, 0.00, 100.00, 0.00, 2.25, 0, 0 
8, 73793, 537807743, 0.00, 100.00, 0.00, 2.25, 0, 0 
9, 73793, 540740125, 0.00, 100.00, 0.00, 2.25, 0, 0 
0, 73793, 543775943, 0.00, 100.00, 0.00, 2.25, 0, 0 
1, 73793, 546863929, 0.00, 100.00, 0.00, 2.25, 0, 0 
2, 73793, 549940480, 0.00, 100.00, 0.00, 2.25, 0, 0 
3, 73793, 552945951, 0.00, 100.00, 0.00, 2.25, 0, 0 
4, 73793, 556066070, 0.00, 100.00, 0.00, 2.25, 0, 0 
5, 73793, 559155441, 0.00, 100.00, 0.00, 2.25, 0, 0 
6, 73793, 562172481, 0.00, 100.00, 0.00, 2.25, 0, 0 
7, 73793, 565556943, 0.00, 100.00, 0.00, 2.25, 0, 0 
8, 73793, 568482513, 0.00, 100.00, 0.00, 2.25, 0, 0 
9, 73793, 571454829, 0.00, 100.00, 0.00, 2.25, 0, 0 
0, 73793, 574753885, 0.00, 100.00, 0.00, 2.25, 0, 0 
1, 73793, 577889049, 0.00, 100.00, 0.00, 2.25, 0, 0 
2, 73793, 580977189, 0.00, 100.00, 0.00, 2.25, 0, 0 
3, 73793, 584303110, 0.00, 100.00, 0.00, 2.25, 0, 0 
4, 73793, 587571942, 0.00, 100.00, 0.00, 2.25, 0, 0 
5, 73793, 590718789, 0.00, 100.00, 0.00, 2.25, 0, 0 
6, 73793, 593931261, 0.00, 100.00, 0.00, 2.25, 0, 0 
7, 73793, 597338908, 0.00, 100.00, 0.00, 2.25, 0, 0 
8, 73793, 600679710, 0.00, 100.00, 0.00, 2.25, 0, 0 
9, 73793, 603767190, 0.00, 100.00, 0.00, 2.25, 0, 0 
0, 73793, 606803570, 0.00, 100.00, 0.00, 2.25, 0, 0 
1, 73793, 610107636, 0.00, 100.00, 0.00, 2.25, 0, 0 
2, 73793, 613173681, 0.00, 100.00, 0.00, 2.25, 0, 0 
3, 73793, 616208731, 0.00, 100.00, 0.00, 2.25, 0, 0 
4, 73793, 619272867, 0.00, 100.00, 0.00, 2.25, 0, 0 
5, 73793, 622285618, 0.00, 100.00, 0.00, 2.25, 0, 0 
6, 73793, 625468894, 0.00, 100.00, 0.00, 2.25, 0, 0 
7, 73793, 628627874, 0.00, 100.00, 0.00, 2.25, 0, 0 
8, 73793, 631807871, 0.00, 100.00, 0.00, 2.25, 0, 0 
9, 73793, 634899274, 0.00, 100.00, 0.00, 2.25, 0, 0 
0, 73793, 637952848, 0.00, 100.00, 0.00, 2.25, 0, 0 
1, 73793, 640938642, 0.00, 100.00, 0.00, 2.25, 0, 0 
2, 73793, 643985945, 0.00, 100.00, 0.00, 2.25, 0, 0 
3, 73793, 647058239, 0.00, 100.00, 0.00, 2.25, 0, 0 
4, 73793, 650016775, 0.00, 100.00, 0.00, 2.25, 0, 0 
5, 73793, 652972780, 0.00, 100.00, 0.00, 2.25, 0, 0 
6, 73793, 656194409, 0.00, 100.00, 0.00, 2.25, 0, 0 
7, 73793, 659505551, 0.00, 100.00, 0.00, 2.25, 0, 0 
8, 73793, 662766556, 0.00, 100.00, 0.00, 2.25, 0, 0 
9, 73793, 666003889, 0.00, 100.00, 0.00, 2.25, 0, 0 
0, 73793, 669450884, 0.00, 100.00, 0.00, 2.25, 0, 0 
1, 73793, 672702749, 0.00, 100.00, 0.00, 2.25, 0, 0 
2, 73793, 675707263, 0.00, 100.00, 0.00, 2.25, 0, 0 
3, 73793, 678843914, 0.00, 100.00, 0.00, 2.25, 0, 0 
4, 73793, 681928267, 0.00, 100.00, 0.00, 2.25, 0, 0 
5, 73793, 685120618, 0.00, 100.00, 0.00, 2.25, 0, 0 
6, 73793, 688393545, 0.00, 100.00, 0.00, 2.25, 0, 0 
7, 73793, 691542988, 0.00, 100.00, 0.00, 2.25, 0, 0 
8, 73793, 694676468, 0.00, 100.00, 0.00, 2.25, 0, 0 
9, 73793, 698135666, 0.00, 100.00, 0.00, 2.25, 0, 0 
0, 73793, 701333816, 0.00, 100.00, 0.00, 2.25, 0, 0 
1, 73793, 704388697, 0.00, 100.00, 0.00, 2.25, 0, 0 
2, 73793, 707447958, 0.00, 100.00, 0.00, 2.25, 0, 0 
3, 73793, 710519183, 0.00, 100.00, 0.00, 2.25, 0, 0 
4, 73793, 713548058, 0.00, 100.00, 0.00, 2.25, 0, 0 
5, 73793, 716602984, 0.00, 100.00, 0.00, 2.25, 0, 0 
6, 73793, 719643683, 0.00, 100.00, 0.00, 2.25, 0, 0 
7, 73793, 722784442, 0.00, 100.00, 0.00, 2.25, 0, 0 
8, 73793, 725846392, 0.00, 100.00, 0.00, 2.25, 0, 0 
9, 73793, 728937213, 0.00, 100.00, 0.00, 2.25, 0, 0 
0, 73793, 732219765, 0.00, 100.00, 0.00, 2.25, 0, 0 
1, 73793, 735568082, 0.00, 100.00, 0.00, 2.25, 0, 0 
2, 73793, 738803822, 0.00, 100.00, 0.00, 2.25, 0, 0 
3, 73793, 741904411, 0.00, 100.00, 0.00, 2.25, 0, 0 
4, 73793, 745163948, 0.00, 100.00, 0.00, 2.25, 0, 0 
5, 73793, 748298510, 0.00, 100.00, 0.00, 2.25, 0, 0 
6, 73793, 751425276, 0.00, 100.00, 0.00, 2.25, 0, 0 
7, 73793, 754642281, 0.00, 100.00, 0.00, 2.25, 0, 0 
8, 73793, 757890901, 0.00, 100.00, 0.00, 2.25, 0, 0 
9, 73793, 760994020, 0.00, 100.00, 0.00, 2.25, 0, 0 
0, 73793, 764173209, 0.00, 100.00, 0.00, 2.25, 0, 0 
1, 73793, 767386477, 0.00, 100.00, 0.00, 2.25, 0, 0 
2, 73793, 770739710, 0.00, 100.00, 0.00, 2.25, 0, 0 
3, 73793, 774121066, 0.00, 100.00, 0.00, 2.25, 0, 0 
4, 73793, 777478825, 0.00, 100.00, 0.00, 2.25, 0, 0 
5, 73793, 780534787, 0.00, 100.00, 0.00, 2.25, 0, 0 
6, 73793, 783692179, 0.00, 100.00, 0.00, 2.25, 0, 0 
7, 73793, 786968297, 0.00, 100.00, 0.00, 2.25, 0, 0 
8, 73793, 790063709, 0.00, 100.00, 0.00, 2.25, 0, 0 
9, 73793, 793037497, 0.00, 100.00, 0.00, 2.25, 0, 0 
0, 73793, 796107315, 0.00, 100.00, 0.00, 2.25, 0, 0 
1, 73793, 799237398, 0.00, 100.00, 0.00, 2.25, 0, 0 
2, 73793, 802289683, 0.00, 100.00, 0.00, 2.25, 0, 0 
3, 73793, 805343016, 0.00, 100.00, 0.00, 2.25, 0, 0 
4, 73793, 808429975, 0.00, 100.00, 0.00, 2.25, 0, 0 
5, 73793, 811577625, 0.00, 100.00, 0.00, 2.25, 0, 0 
6, 73793, 814652826, 0.00, 100.00, 0.00, 2.25, 0, 0 
7, 73793, 817837027, 0.00, 100.00, 0.00, 2.25, 0, 0 
8, 73793, 820798954, 0.00, 100.00, 0.00, 2.25, 0, 0 
9, 73793, 823900466, 0.00, 100.00, 0.00, 2.25, 0, 0 
0, 73793, 827101575, 0.00, 100.00, 0.00, 2.25, 0, 0 
1, 73793, 830165721, 0.00, 100.00, 0.00, 2.25, 0, 0 
2, 73793, 833315616, 0.00, 100.00, 0.00, 2.25, 0, 0 
3, 73793, 836398143, 0.00, 100.00, 0.00, 2.25, 0, 0 
4, 73793, 839329513, 0.00, 100.00, 0.00, 2.25, 0, 0 
5, 73793, 842340763, 0.00, 100.00, 0.00, 2.25, 0, 0 
6, 73793, 845488621, 0.00, 100.00, 0.00, 2.25, 0, 0 
7, 73793, 848736992, 0.00, 100.00, 0.00, 2.25, 0, 0 
8, 73793, 851790367, 0.00, 100.00, 0.00, 2.25, 0, 0 
9, 73793, 854979416, 0.00, 100.00, 0.00, 2.25, 0, 0 
0, 73793, 858345252, 0.00, 100.00, 0.00, 2.25, 0, 0 
1, 73793, 861480373, 0.00, 100.00, 0.00, 2.25, 0, 0 
2, 73793, 864594539, 0.00, 100.00, 0.00, 2.25, 0, 0 
3, 73793, 867802207, 0.00, 100.00, 0.00, 2.25, 0, 0 
4, 73793, 870932087, 0.00, 100.00, 0.00, 2.25, 0, 0 
5, 73793, 874040455, 0.00, 100.00, 0.00, 2.25, 0, 0 
6, 73793, 877190398, 0.00, 100.00, 0.00, 2.25, 0, 0 
7, 73793, 880284825, 0.00, 100.00, 0.00, 2.25, 0, 0 
8, 73793, 883654357, 0.00, 100.00, 0.00, 2.25, 0, 0 
9, 73793, 886691520, 0.00, 100.00, 0.00, 2.25, 0, 0 
0, 73793, 889702700, 0.00, 100.00, 0.00, 2.25, 0, 0 
1, 73793, 892877765, 0.00, 100.00, 0.00, 2.25, 0, 0 
2, 73793, 895864450, 0.00, 100.00, 0.00, 2.25, 0, 0 
3, 73793, 898771354, 0.00, 100.00, 0.00, 2.25, 0, 0 
4, 73793, 901771890, 0.00, 100.00, 0.00, 2.25, 0, 0 
5, 73793, 904747506, 0.00, 100.00, 0.00, 2.25, 0, 0 
6, 73793, 907733912, 0.00, 100.00, 0.00, 2.25, 0, 0 
7, 73793, 911133879, 0.00, 100.00, 0.00, 2.25, 0, 0 
8, 73793, 914522618, 0.00, 100.00, 0.00, 2.25, 0, 0 
9, 73793, 917869276, 0.00, 100.00, 0.00, 2.25, 0, 0 
0, 73793, 921005697, 0.00, 100.00, 0.00, 2.25, 0, 0 
1, 73793, 923981048, 0.00, 100.00, 0.00, 2.25, 0, 0 
2, 73793, 927108593, 0.00, 100.00, 0.00, 2.25, 0, 0 
3, 73793, 930377499, 0.00, 100.00, 0.00, 2.25, 0, 0 
4, 73793, 933426969, 0.00, 100.00, 0.00, 2.25, 0, 0 
5, 73793, 936385728, 0.00, 100.00, 0.00, 2.25, 0, 0 
6, 73793, 939333780, 0.00, 100.00, 0.00, 2.25, 0, 0 
7, 73793, 942680011, 0.00, 100.00, 0.00, 2.25, 0, 0 
8, 73793, 945673604, 0.00, 100.00, 0.00, 2.25, 0, 0 
9, 73793, 948795912, 0.00, 100.00, 0.00, 2.25, 0, 0 
0, 73793, 952089487, 0.00, 100.00, 0.00, 2.25, 0, 0 
1, 73793, 955567902, 0.00, 100.00, 0.00, 2.25, 0, 0 
2, 73793, 958740437, 0.00, 100.00, 0.00, 2.25, 0, 0 
3, 73793, 962033673, 0.00, 100.00, 0.00, 2.25, 0, 0 
4, 73793, 965364089, 0.00, 100.00, 0.00, 2.25, 0, 0 
5, 73793, 968512580, 0.00, 100.00, 0.00, 2.25, 0, 0 
6, 73793, 971743219, 0.00, 100.00, 0.00, 2.25, 0, 0 
7, 73793, 974978323, 0.00, 100.00, 0.00, 2.25, 0, 0 
8, 73793, 978227629, 0.00, 100.00, 0.00, 2.25, 0, 0 
9, 73793, 981681011, 0.00, 100.00, 0.00, 2.25, 0, 0 
0, 73793, 984966136, 0.00, 100.00, 0.00, 2.25, 0, 0 
1, 73793, 987989782, 0.00, 100.00, 0.00, 2.25, 0, 0 
2, 73793, 990983835, 0.00, 100.00, 0.00, 2.25, 0, 0 
3, 73793, 993986334, 0.00, 100.00, 0.00, 2.25, 0, 0 
4, 73793, 996982969, 0.00, 100.00, 0.00, 2.25, 0, 0 
5, 73793, 999949990, 0.00, 100.00, 0.00, 2.25, 0, 0 
6, 73794, 3214892, 0.00, 100.00, 0.00, 2.25, 0, 0 
7, 73794, 14431632, 0.00, 100.00, 0.00, 2.25, 0, 0 
8, 73794, 59320408, 0.00, 100.00, 0.00, 2.25, 0, 0 
9, 73794, 238995487, 0.00, 100.00, 0.00, 2.25, 0, 0 
0, 73794, 957518586, 0.00, 100.00, 0.00, 2.25, 0, 0 
1, 73794, 960331044, 0.00, 100.00, 0.00, 2.25, 0, 0 
2, 73794, 963006763, 0.00, 100.00, 0.00, 2.25, 0, 0 
3, 73794, 965682953, 0.00, 100.00, 0.00, 2.25, 0, 0 
4, 73794, 968383420, 0.00, 100.00, 0.00, 2.25, 0, 0 
5, 73794, 971102780, 0.00, 100.00, 0.00, 2.25, 0, 0 
6, 73794, 973768210, 0.00, 100.00, 0.00, 2.25, 0, 0 
7, 73794, 976326509, 0.00, 100.00, 0.00, 2.25, 0, 0 
8, 73794, 978877167, 0.00, 100.00, 0.00, 2.25, 0, 0 
9, 73794, 981434156, 0.00, 100.00, 0.00, 2.25, 0, 0 
0, 73794, 984005929, 0.00, 100.00, 0.00, 2.25, 0, 0 
1, 73794, 986790709, 0.00, 100.00, 0.00, 2.25, 0, 0 
2, 73794, 989384258, 0.00, 100.00, 0.00, 2.25, 0, 0 
3, 73794, 991925462, 0.00, 100.00, 0.00, 2.25, 0, 0 
4, 73794, 994479923, 0.00, 100.00, 0.00, 2.25, 0, 0 
5, 73794, 997254900, 0.00, 100.00, 0.00, 2.25, 0, 0 
6, 73794, 999902242, 0.00, 100.00, 0.00, 2.25, 0, 0 
7, 73795, 2633538, 0.00, 100.00, 0.00, 2.25, 0, 0 
8, 73795, 12043904, 0.00, 100.00, 0.00, 2.25, 0, 0 
9, 73795, 49791498, 0.00, 100.00, 0.00, 2.25, 0, 0 
0, 73795, 200818701, 0.00, 100.00, 0.00, 2.25, 0, 0 
1, 73795, 804871595, 0.00, 100.00, 0.00, 2.25, 0, 0 
2, 73795, 807832061, 0.00, 100.00, 0.00, 2.25, 0, 0 
3, 73795, 810760657, 0.00, 100.00, 0.00, 2.25, 0, 0 
4, 73795, 813754743, 0.00, 100.00, 0.00, 2.25, 0, 0 
5, 73795, 816577576, 0.00, 100.00, 0.00, 2.25, 0, 0 
6, 73795, 819469616, 0.00, 100.00, 0.00, 2.25, 0, 0 
7, 73795, 822428785, 0.00, 100.00, 0.00, 2.25, 0, 0 
8, 73795, 825173967, 0.00, 100.00, 0.00, 2.25, 0, 0 
9, 73795, 828085879, 0.00, 100.00, 0.00, 2.25, 0, 0 
