Wed Nov 28 14:17:15 2018
StepTime, x, v, f, xdes, vdes, fdes, cmd, IR, LSB, LSF
0, 76976, 5452757, 0.00, 100.00, 0.00, 2.25, 0, 0 
1, 76976, 6974984, 0.00, 100.00, 0.00, 2.25, 0, 0 
2, 76976, 7943331, 0.00, 100.00, 0.00, 2.25, 0, 0 
3, 76976, 8619813, 0.00, 100.00, 0.00, 2.25, 0, 0 
4, 76976, 9346904, 0.00, 100.00, 0.00, 2.25, 0, 0 
5, 76976, 10163143, 0.00, 100.00, 0.00, 2.25, 0, 0 
6, 76976, 10866171, 0.00, 100.00, 0.00, 2.25, 0, 0 
7, 76976, 11582092, 0.00, 100.00, 0.00, 2.25, 0, 0 
8, 76976, 12302622, 0.00, 100.00, 0.00, 2.25, 0, 0 
9, 76976, 12885479, 0.00, 100.00, 0.00, 2.25, 0, 0 
0, 76976, 13520493, 0.00, 100.00, 0.00, 2.25, 0, 0 
1, 76976, 14155428, 0.00, 100.00, 0.00, 2.25, 0, 0 
2, 76976, 14826796, 0.00, 100.00, 0.00, 2.25, 0, 0 
3, 76976, 15597982, 0.00, 100.00, 0.00, 2.25, 0, 0 
4, 76976, 16245768, 0.00, 100.00, 0.00, 2.25, 0, 0 
5, 76976, 17065827, 0.00, 100.00, 0.00, 2.25, 0, 0 
6, 76976, 17905269, 0.00, 100.00, 0.00, 2.25, 0, 0 
7, 76976, 18489254, 0.00, 100.00, 0.00, 2.25, 0, 0 
8, 76976, 19069085, 0.00, 100.00, 0.00, 2.25, 0, 0 
9, 76976, 19740195, 0.00, 100.00, 0.00, 2.25, 0, 0 
0, 76976, 20388299, 0.00, 100.00, 0.00, 2.25, 0, 0 
1, 76976, 21099480, 0.00, 100.00, 0.00, 2.25, 0, 0 
2, 76976, 21689868, 0.00, 100.00, 0.00, 2.25, 0, 0 
3, 76976, 22285158, 0.00, 100.00, 0.00, 2.25, 0, 0 
4, 76976, 22888768, 0.00, 100.00, 0.00, 2.25, 0, 0 
5, 76976, 23482024, 0.00, 100.00, 0.00, 2.25, 0, 0 
6, 76976, 24116474, 0.00, 100.00, 0.00, 2.25, 0, 0 
7, 76976, 24763414, 0.00, 100.00, 0.00, 2.25, 0, 0 
8, 76976, 25398685, 0.00, 100.00, 0.00, 2.25, 0, 0 
9, 76976, 26037651, 0.00, 100.00, 0.00, 2.25, 0, 0 
0, 76976, 26692325, 0.00, 100.00, 0.00, 2.25, 0, 0 
1, 76976, 27319711, 0.00, 100.00, 0.00, 2.25, 0, 0 
2, 76976, 27911180, 0.00, 100.00, 0.00, 2.25, 0, 0 
3, 76976, 28559560, 0.00, 100.00, 0.00, 2.25, 0, 0 
4, 76976, 29185460, 0.00, 100.00, 0.00, 2.25, 0, 0 
5, 76976, 29810720, 0.00, 100.00, 0.00, 2.25, 0, 0 
6, 76976, 30443076, 0.00, 100.00, 0.00, 2.25, 0, 0 
7, 76976, 31070210, 0.00, 100.00, 0.00, 2.25, 0, 0 
8, 76976, 31705550, 0.00, 100.00, 0.00, 2.25, 0, 0 
9, 76976, 32300479, 0.00, 100.00, 0.00, 2.25, 0, 0 
0, 76976, 32958594, 0.00, 100.00, 0.00, 2.25, 0, 0 
1, 76976, 33585956, 0.00, 100.00, 0.00, 2.25, 0, 0 
2, 76976, 34206276, 0.00, 100.00, 0.00, 2.25, 0, 0 
3, 76976, 34858567, 0.00, 100.00, 0.00, 2.25, 0, 0 
4, 76976, 35465221, 0.00, 100.00, 0.00, 2.25, 0, 0 
5, 76976, 36150272, 0.00, 100.00, 0.00, 2.25, 0, 0 
6, 76976, 36750987, 0.00, 100.00, 0.00, 2.25, 0, 0 
7, 76976, 37344964, 0.00, 100.00, 0.00, 2.25, 0, 0 
8, 76976, 38030112, 0.00, 100.00, 0.00, 2.25, 0, 0 
9, 76976, 38741085, 0.00, 100.00, 0.00, 2.25, 0, 0 
0, 76976, 39659047, 0.00, 100.00, 0.00, 2.25, 0, 0 
1, 76976, 40509963, 0.00, 100.00, 0.00, 2.25, 0, 0 
2, 76976, 41378922, 0.00, 100.00, 0.00, 2.25, 0, 0 
3, 76976, 42139225, 0.00, 100.00, 0.00, 2.25, 0, 0 
4, 76976, 42868380, 0.00, 100.00, 0.00, 2.25, 0, 0 
5, 76976, 43770034, 0.00, 100.00, 0.00, 2.25, 0, 0 
6, 76976, 44695352, 0.00, 100.00, 0.00, 2.25, 0, 0 
7, 76976, 45621012, 0.00, 100.00, 0.00, 2.25, 0, 0 
8, 76976, 46276160, 0.00, 100.00, 0.00, 2.25, 0, 0 
9, 76976, 47087046, 0.00, 100.00, 0.00, 2.25, 0, 0 
0, 76976, 47871479, 0.00, 100.00, 0.00, 2.25, 0, 0 
1, 76976, 48725614, 0.00, 100.00, 0.00, 2.25, 0, 0 
2, 76976, 49419314, 0.00, 100.00, 0.00, 2.25, 0, 0 
3, 76976, 50083655, 0.00, 100.00, 0.00, 2.25, 0, 0 
4, 76976, 50725701, 0.00, 100.00, 0.00, 2.25, 0, 0 
5, 76976, 51505621, 0.00, 100.00, 0.00, 2.25, 0, 0 
6, 76976, 52187884, 0.00, 100.00, 0.00, 2.25, 0, 0 
7, 76976, 52997428, 0.00, 100.00, 0.00, 2.25, 0, 0 
8, 76976, 53571422, 0.00, 100.00, 0.00, 2.25, 0, 0 
9, 76976, 54328718, 0.00, 100.00, 0.00, 2.25, 0, 0 
0, 76976, 55191321, 0.00, 100.00, 0.00, 2.25, 0, 0 
1, 76976, 55835299, 0.00, 100.00, 0.00, 2.25, 0, 0 
2, 76976, 56557184, 0.00, 100.00, 0.00, 2.25, 0, 0 
3, 76976, 57255161, 0.00, 100.00, 0.00, 2.25, 0, 0 
4, 76976, 58150991, 0.00, 100.00, 0.00, 2.25, 0, 0 
5, 76976, 59043314, 0.00, 100.00, 0.00, 2.25, 0, 0 
6, 76976, 59909197, 0.00, 100.00, 0.00, 2.25, 0, 0 
7, 76976, 60650614, 0.00, 100.00, 0.00, 2.25, 0, 0 
8, 76976, 61531455, 0.00, 100.00, 0.00, 2.25, 0, 0 
9, 76976, 62364311, 0.00, 100.00, 0.00, 2.25, 0, 0 
0, 76976, 63187427, 0.00, 100.00, 0.00, 2.25, 0, 0 
1, 76976, 64063438, 0.00, 100.00, 0.00, 2.25, 0, 0 
2, 76976, 64882651, 0.00, 100.00, 0.00, 2.25, 0, 0 
3, 76976, 65806472, 0.00, 100.00, 0.00, 2.25, 0, 0 
4, 76976, 66581330, 0.00, 100.00, 0.00, 2.25, 0, 0 
5, 76976, 67381992, 0.00, 100.00, 0.00, 2.25, 0, 0 
6, 76976, 68287131, 0.00, 100.00, 0.00, 2.25, 0, 0 
7, 76976, 69204177, 0.00, 100.00, 0.00, 2.25, 0, 0 
8, 76976, 70137431, 0.00, 100.00, 0.00, 2.25, 0, 0 
9, 76976, 71073221, 0.00, 100.00, 0.00, 2.25, 0, 0 
0, 76976, 71724550, 0.00, 100.00, 0.00, 2.25, 0, 0 
1, 76976, 72362210, 0.00, 100.00, 0.00, 2.25, 0, 0 
2, 76976, 73162700, 0.00, 100.00, 0.00, 2.25, 0, 0 
3, 76976, 74014462, 0.00, 100.00, 0.00, 2.25, 0, 0 
4, 76976, 74762477, 0.00, 100.00, 0.00, 2.25, 0, 0 
5, 76976, 75428717, 0.00, 100.00, 0.00, 2.25, 0, 0 
6, 76976, 76164926, 0.00, 100.00, 0.00, 2.25, 0, 0 
7, 76976, 76840651, 0.00, 100.00, 0.00, 2.25, 0, 0 
8, 76976, 77673358, 0.00, 100.00, 0.00, 2.25, 0, 0 
9, 76976, 78236673, 0.00, 100.00, 0.00, 2.25, 0, 0 
0, 76976, 79000622, 0.00, 100.00, 0.00, 2.25, 0, 0 
1, 76976, 79789666, 0.00, 100.00, 0.00, 2.25, 0, 0 
2, 76976, 80681897, 0.00, 100.00, 0.00, 2.25, 0, 0 
3, 76976, 81616828, 0.00, 100.00, 0.00, 2.25, 0, 0 
4, 76976, 82498822, 0.00, 100.00, 0.00, 2.25, 0, 0 
5, 76976, 83372300, 0.00, 100.00, 0.00, 2.25, 0, 0 
6, 76976, 84228122, 0.00, 100.00, 0.00, 2.25, 0, 0 
7, 76976, 85015230, 0.00, 100.00, 0.00, 2.25, 0, 0 
8, 76976, 85856310, 0.00, 100.00, 0.00, 2.25, 0, 0 
9, 76976, 86674355, 0.00, 100.00, 0.00, 2.25, 0, 0 
0, 76976, 87506444, 0.00, 100.00, 0.00, 2.25, 0, 0 
1, 76976, 88421323, 0.00, 100.00, 0.00, 2.25, 0, 0 
2, 76976, 89338568, 0.00, 100.00, 0.00, 2.25, 0, 0 
3, 76976, 90050423, 0.00, 100.00, 0.00, 2.25, 0, 0 
4, 76976, 90978719, 0.00, 100.00, 0.00, 2.25, 0, 0 
5, 76976, 91917506, 0.00, 100.00, 0.00, 2.25, 0, 0 
6, 76976, 92662769, 0.00, 100.00, 0.00, 2.25, 0, 0 
7, 76976, 93444034, 0.00, 100.00, 0.00, 2.25, 0, 0 
8, 76976, 94190828, 0.00, 100.00, 0.00, 2.25, 0, 0 
9, 76976, 95109934, 0.00, 100.00, 0.00, 2.25, 0, 0 
0, 76976, 95753366, 0.00, 100.00, 0.00, 2.25, 0, 0 
1, 76976, 96432046, 0.00, 100.00, 0.00, 2.25, 0, 0 
2, 76976, 97273514, 0.00, 100.00, 0.00, 2.25, 0, 0 
3, 76976, 97920419, 0.00, 100.00, 0.00, 2.25, 0, 0 
4, 76976, 98618390, 0.00, 100.00, 0.00, 2.25, 0, 0 
5, 76976, 99479214, 0.00, 100.00, 0.00, 2.25, 0, 0 
6, 76976, 100390636, 0.00, 100.00, 0.00, 2.25, 0, 0 
7, 76976, 101321169, 0.00, 100.00, 0.00, 2.25, 0, 0 
8, 76976, 102176204, 0.00, 100.00, 0.00, 2.25, 0, 0 
9, 76976, 103068707, 0.00, 100.00, 0.00, 2.25, 0, 0 
0, 76976, 103941713, 0.00, 100.00, 0.00, 2.25, 0, 0 
1, 76976, 104697091, 0.00, 100.00, 0.00, 2.25, 0, 0 
2, 76976, 105408590, 0.00, 100.00, 0.00, 2.25, 0, 0 
3, 76976, 106322021, 0.00, 100.00, 0.00, 2.25, 0, 0 
4, 76976, 107237946, 0.00, 100.00, 0.00, 2.25, 0, 0 
5, 76976, 108059318, 0.00, 100.00, 0.00, 2.25, 0, 0 
6, 76976, 108878979, 0.00, 100.00, 0.00, 2.25, 0, 0 
7, 76976, 109737719, 0.00, 100.00, 0.00, 2.25, 0, 0 
8, 76976, 110456450, 0.00, 100.00, 0.00, 2.25, 0, 0 
9, 76976, 111147831, 0.00, 100.00, 0.00, 2.25, 0, 0 
0, 76976, 112026828, 0.00, 100.00, 0.00, 2.25, 0, 0 
1, 76976, 112853554, 0.00, 100.00, 0.00, 2.25, 0, 0 
2, 76976, 113637169, 0.00, 100.00, 0.00, 2.25, 0, 0 
3, 76976, 114312350, 0.00, 100.00, 0.00, 2.25, 0, 0 
4, 76976, 114996039, 0.00, 100.00, 0.00, 2.25, 0, 0 
5, 76976, 115836258, 0.00, 100.00, 0.00, 2.25, 0, 0 
6, 76976, 116586202, 0.00, 100.00, 0.00, 2.25, 0, 0 
7, 76976, 117283150, 0.00, 100.00, 0.00, 2.25, 0, 0 
8, 76976, 118124529, 0.00, 100.00, 0.00, 2.25, 0, 0 
9, 76976, 118858613, 0.00, 100.00, 0.00, 2.25, 0, 0 
0, 76976, 119499056, 0.00, 100.00, 0.00, 2.25, 0, 0 
1, 76976, 120077351, 0.00, 100.00, 0.00, 2.25, 0, 0 
2, 76976, 120831984, 0.00, 100.00, 0.00, 2.25, 0, 0 
3, 76976, 121626416, 0.00, 100.00, 0.00, 2.25, 0, 0 
4, 76976, 122401003, 0.00, 100.00, 0.00, 2.25, 0, 0 
5, 76976, 123196121, 0.00, 100.00, 0.00, 2.25, 0, 0 
6, 76976, 123862884, 0.00, 100.00, 0.00, 2.25, 0, 0 
7, 76976, 124571278, 0.00, 100.00, 0.00, 2.25, 0, 0 
8, 76976, 125146733, 0.00, 100.00, 0.00, 2.25, 0, 0 
9, 76976, 125857086, 0.00, 100.00, 0.00, 2.25, 0, 0 
0, 76976, 126512452, 0.00, 100.00, 0.00, 2.25, 0, 0 
1, 76976, 127126683, 0.00, 100.00, 0.00, 2.25, 0, 0 
2, 76976, 127752396, 0.00, 100.00, 0.00, 2.25, 0, 0 
3, 76976, 128375488, 0.00, 100.00, 0.00, 2.25, 0, 0 
4, 76976, 129029718, 0.00, 100.00, 0.00, 2.25, 0, 0 
5, 76976, 129743901, 0.00, 100.00, 0.00, 2.25, 0, 0 
6, 76976, 130329453, 0.00, 100.00, 0.00, 2.25, 0, 0 
7, 76976, 131031674, 0.00, 100.00, 0.00, 2.25, 0, 0 
8, 76976, 131678863, 0.00, 100.00, 0.00, 2.25, 0, 0 
9, 76976, 132333317, 0.00, 100.00, 0.00, 2.25, 0, 0 
0, 76976, 133025191, 0.00, 100.00, 0.00, 2.25, 0, 0 
1, 76976, 133666291, 0.00, 100.00, 0.00, 2.25, 0, 0 
2, 76976, 134256920, 0.00, 100.00, 0.00, 2.25, 0, 0 
3, 76976, 134877175, 0.00, 100.00, 0.00, 2.25, 0, 0 
4, 76976, 135569372, 0.00, 100.00, 0.00, 2.25, 0, 0 
5, 76976, 136174151, 0.00, 100.00, 0.00, 2.25, 0, 0 
6, 76976, 136766452, 0.00, 100.00, 0.00, 2.25, 0, 0 
7, 76976, 137481097, 0.00, 100.00, 0.00, 2.25, 0, 0 
8, 76976, 138219296, 0.00, 100.00, 0.00, 2.25, 0, 0 
9, 76976, 138797009, 0.00, 100.00, 0.00, 2.25, 0, 0 
0, 76976, 139534160, 0.00, 100.00, 0.00, 2.25, 0, 0 
1, 76976, 140218889, 0.00, 100.00, 0.00, 2.25, 0, 0 
2, 76976, 140809706, 0.00, 100.00, 0.00, 2.25, 0, 0 
3, 76976, 141499816, 0.00, 100.00, 0.00, 2.25, 0, 0 
4, 76976, 142083131, 0.00, 100.00, 0.00, 2.25, 0, 0 
5, 76976, 142833340, 0.00, 100.00, 0.00, 2.25, 0, 0 
6, 76976, 143576413, 0.00, 100.00, 0.00, 2.25, 0, 0 
7, 76976, 144319925, 0.00, 100.00, 0.00, 2.25, 0, 0 
8, 76976, 144995015, 0.00, 100.00, 0.00, 2.25, 0, 0 
9, 76976, 145698705, 0.00, 100.00, 0.00, 2.25, 0, 0 
0, 76976, 146369687, 0.00, 100.00, 0.00, 2.25, 0, 0 
1, 76976, 147010345, 0.00, 100.00, 0.00, 2.25, 0, 0 
2, 76976, 147683262, 0.00, 100.00, 0.00, 2.25, 0, 0 
3, 76976, 148266973, 0.00, 100.00, 0.00, 2.25, 0, 0 
4, 76976, 148987950, 0.00, 100.00, 0.00, 2.25, 0, 0 
5, 76976, 149681117, 0.00, 100.00, 0.00, 2.25, 0, 0 
6, 76976, 150418430, 0.00, 100.00, 0.00, 2.25, 0, 0 
7, 76976, 150993337, 0.00, 100.00, 0.00, 2.25, 0, 0 
8, 76976, 151634026, 0.00, 100.00, 0.00, 2.25, 0, 0 
9, 76976, 152269170, 0.00, 100.00, 0.00, 2.25, 0, 0 
0, 76976, 152986320, 0.00, 100.00, 0.00, 2.25, 0, 0 
1, 76976, 153584330, 0.00, 100.00, 0.00, 2.25, 0, 0 
2, 76976, 154253491, 0.00, 100.00, 0.00, 2.25, 0, 0 
3, 76976, 154832264, 0.00, 100.00, 0.00, 2.25, 0, 0 
4, 76976, 155544217, 0.00, 100.00, 0.00, 2.25, 0, 0 
5, 76976, 156201525, 0.00, 100.00, 0.00, 2.25, 0, 0 
6, 76976, 156926887, 0.00, 100.00, 0.00, 2.25, 0, 0 
7, 76976, 157539280, 0.00, 100.00, 0.00, 2.25, 0, 0 
8, 76976, 158121184, 0.00, 100.00, 0.00, 2.25, 0, 0 
9, 76976, 158852375, 0.00, 100.00, 0.00, 2.25, 0, 0 
0, 76976, 159604882, 0.00, 100.00, 0.00, 2.25, 0, 0 
1, 76976, 160233624, 0.00, 100.00, 0.00, 2.25, 0, 0 
2, 76976, 160840782, 0.00, 100.00, 0.00, 2.25, 0, 0 
3, 76976, 161436519, 0.00, 100.00, 0.00, 2.25, 0, 0 
4, 76976, 162057675, 0.00, 100.00, 0.00, 2.25, 0, 0 
5, 76976, 162694606, 0.00, 100.00, 0.00, 2.25, 0, 0 
6, 76976, 163336707, 0.00, 100.00, 0.00, 2.25, 0, 0 
7, 76976, 163949626, 0.00, 100.00, 0.00, 2.25, 0, 0 
8, 76976, 164585868, 0.00, 100.00, 0.00, 2.25, 0, 0 
9, 76976, 165215850, 0.00, 100.00, 0.00, 2.25, 0, 0 
0, 76976, 165865695, 0.00, 100.00, 0.00, 2.25, 0, 0 
1, 76976, 166516440, 0.00, 100.00, 0.00, 2.25, 0, 0 
2, 76976, 167119779, 0.00, 100.00, 0.00, 2.25, 0, 0 
3, 76976, 167710338, 0.00, 100.00, 0.00, 2.25, 0, 0 
4, 76976, 168437313, 0.00, 100.00, 0.00, 2.25, 0, 0 
5, 76976, 169155955, 0.00, 100.00, 0.00, 2.25, 0, 0 
6, 76976, 169738439, 0.00, 100.00, 0.00, 2.25, 0, 0 
7, 76976, 170449101, 0.00, 100.00, 0.00, 2.25, 0, 0 
8, 76976, 171128779, 0.00, 100.00, 0.00, 2.25, 0, 0 
9, 76976, 171864345, 0.00, 100.00, 0.00, 2.25, 0, 0 
0, 76976, 172527852, 0.00, 100.00, 0.00, 2.25, 0, 0 
1, 76976, 173212781, 0.00, 100.00, 0.00, 2.25, 0, 0 
2, 76976, 173839175, 0.00, 100.00, 0.00, 2.25, 0, 0 
3, 76976, 174455314, 0.00, 100.00, 0.00, 2.25, 0, 0 
4, 76976, 175032137, 0.00, 100.00, 0.00, 2.25, 0, 0 
5, 76976, 175751196, 0.00, 100.00, 0.00, 2.25, 0, 0 
6, 76976, 176441967, 0.00, 100.00, 0.00, 2.25, 0, 0 
7, 76976, 177184614, 0.00, 100.00, 0.00, 2.25, 0, 0 
8, 76976, 177920124, 0.00, 100.00, 0.00, 2.25, 0, 0 
9, 76976, 178613422, 0.00, 100.00, 0.00, 2.25, 0, 0 
0, 76976, 179212571, 0.00, 100.00, 0.00, 2.25, 0, 0 
1, 76976, 179849869, 0.00, 100.00, 0.00, 2.25, 0, 0 
2, 76976, 180481585, 0.00, 100.00, 0.00, 2.25, 0, 0 
3, 76976, 181171627, 0.00, 100.00, 0.00, 2.25, 0, 0 
4, 76976, 181800624, 0.00, 100.00, 0.00, 2.25, 0, 0 
5, 76976, 182434565, 0.00, 100.00, 0.00, 2.25, 0, 0 
6, 76976, 183266588, 0.00, 100.00, 0.00, 2.25, 0, 0 
7, 76976, 184286102, 0.00, 100.00, 0.00, 2.25, 0, 0 
8, 76976, 184919918, 0.00, 100.00, 0.00, 2.25, 0, 0 
9, 76976, 185609660, 0.00, 100.00, 0.00, 2.25, 0, 0 
0, 76976, 186257370, 0.00, 100.00, 0.00, 2.25, 0, 0 
1, 76976, 186886043, 0.00, 100.00, 0.00, 2.25, 0, 0 
2, 76976, 187570993, 0.00, 100.00, 0.00, 2.25, 0, 0 
3, 76976, 188303421, 0.00, 100.00, 0.00, 2.25, 0, 0 
4, 76976, 189002050, 0.00, 100.00, 0.00, 2.25, 0, 0 
5, 76976, 189585594, 0.00, 100.00, 0.00, 2.25, 0, 0 
6, 76976, 190231246, 0.00, 100.00, 0.00, 2.25, 0, 0 
7, 76976, 190952236, 0.00, 100.00, 0.00, 2.25, 0, 0 
8, 76976, 191666415, 0.00, 100.00, 0.00, 2.25, 0, 0 
9, 76976, 192289755, 0.00, 100.00, 0.00, 2.25, 0, 0 
0, 76976, 192943770, 0.00, 100.00, 0.00, 2.25, 0, 0 
1, 76976, 193559913, 0.00, 100.00, 0.00, 2.25, 0, 0 
2, 76976, 194183755, 0.00, 100.00, 0.00, 2.25, 0, 0 
3, 76976, 194777996, 0.00, 100.00, 0.00, 2.25, 0, 0 
4, 76976, 195400354, 0.00, 100.00, 0.00, 2.25, 0, 0 
5, 76976, 196071281, 0.00, 100.00, 0.00, 2.25, 0, 0 
6, 76976, 196679200, 0.00, 100.00, 0.00, 2.25, 0, 0 
7, 76976, 197285429, 0.00, 100.00, 0.00, 2.25, 0, 0 
8, 76976, 197900664, 0.00, 100.00, 0.00, 2.25, 0, 0 
9, 76976, 198506194, 0.00, 100.00, 0.00, 2.25, 0, 0 
0, 76976, 199237789, 0.00, 100.00, 0.00, 2.25, 0, 0 
1, 76976, 199840461, 0.00, 100.00, 0.00, 2.25, 0, 0 
2, 76976, 200615404, 0.00, 100.00, 0.00, 2.25, 0, 0 
3, 76976, 201233760, 0.00, 100.00, 0.00, 2.25, 0, 0 
4, 76976, 201845298, 0.00, 100.00, 0.00, 2.25, 0, 0 
5, 76976, 202416355, 0.00, 100.00, 0.00, 2.25, 0, 0 
6, 76976, 203121780, 0.00, 100.00, 0.00, 2.25, 0, 0 
7, 76976, 203740010, 0.00, 100.00, 0.00, 2.25, 0, 0 
8, 76976, 204323682, 0.00, 100.00, 0.00, 2.25, 0, 0 
9, 76976, 205056589, 0.00, 100.00, 0.00, 2.25, 0, 0 
0, 76976, 205812533, 0.00, 100.00, 0.00, 2.25, 0, 0 
1, 76976, 206480992, 0.00, 100.00, 0.00, 2.25, 0, 0 
2, 76976, 207163186, 0.00, 100.00, 0.00, 2.25, 0, 0 
3, 76976, 207775737, 0.00, 100.00, 0.00, 2.25, 0, 0 
4, 76976, 208368595, 0.00, 100.00, 0.00, 2.25, 0, 0 
5, 76976, 209104262, 0.00, 100.00, 0.00, 2.25, 0, 0 
6, 76976, 209824867, 0.00, 100.00, 0.00, 2.25, 0, 0 
7, 76976, 210450076, 0.00, 100.00, 0.00, 2.25, 0, 0 
8, 76976, 211057868, 0.00, 100.00, 0.00, 2.25, 0, 0 
9, 76976, 211673637, 0.00, 100.00, 0.00, 2.25, 0, 0 
0, 76976, 212284026, 0.00, 100.00, 0.00, 2.25, 0, 0 
1, 76976, 212898731, 0.00, 100.00, 0.00, 2.25, 0, 0 
2, 76976, 213550734, 0.00, 100.00, 0.00, 2.25, 0, 0 
3, 76976, 214258939, 0.00, 100.00, 0.00, 2.25, 0, 0 
4, 76976, 214856123, 0.00, 100.00, 0.00, 2.25, 0, 0 
5, 76976, 215470633, 0.00, 100.00, 0.00, 2.25, 0, 0 
6, 76976, 216069998, 0.00, 100.00, 0.00, 2.25, 0, 0 
7, 76976, 216703769, 0.00, 100.00, 0.00, 2.25, 0, 0 
8, 76976, 217329610, 0.00, 100.00, 0.00, 2.25, 0, 0 
9, 76976, 217941042, 0.00, 100.00, 0.00, 2.25, 0, 0 
0, 76976, 218582800, 0.00, 100.00, 0.00, 2.25, 0, 0 
1, 76976, 219250444, 0.00, 100.00, 0.00, 2.25, 0, 0 
2, 76976, 219862812, 0.00, 100.00, 0.00, 2.25, 0, 0 
3, 76976, 220502861, 0.00, 100.00, 0.00, 2.25, 0, 0 
4, 76976, 221142265, 0.00, 100.00, 0.00, 2.25, 0, 0 
5, 76976, 221757083, 0.00, 100.00, 0.00, 2.25, 0, 0 
6, 76976, 222382319, 0.00, 100.00, 0.00, 2.25, 0, 0 
7, 76976, 223022238, 0.00, 100.00, 0.00, 2.25, 0, 0 
8, 76976, 223640732, 0.00, 100.00, 0.00, 2.25, 0, 0 
9, 76976, 224295675, 0.00, 100.00, 0.00, 2.25, 0, 0 
0, 76976, 224937572, 0.00, 100.00, 0.00, 2.25, 0, 0 
1, 76976, 225541200, 0.00, 100.00, 0.00, 2.25, 0, 0 
2, 76976, 226193131, 0.00, 100.00, 0.00, 2.25, 0, 0 
3, 76976, 226811629, 0.00, 100.00, 0.00, 2.25, 0, 0 
4, 76976, 227430771, 0.00, 100.00, 0.00, 2.25, 0, 0 
5, 76976, 228085117, 0.00, 100.00, 0.00, 2.25, 0, 0 
6, 76976, 228703643, 0.00, 100.00, 0.00, 2.25, 0, 0 
7, 76976, 229335672, 0.00, 100.00, 0.00, 2.25, 0, 0 
8, 76976, 229962013, 0.00, 100.00, 0.00, 2.25, 0, 0 
9, 76976, 230573922, 0.00, 100.00, 0.00, 2.25, 0, 0 
0, 76976, 231219288, 0.00, 100.00, 0.00, 2.25, 0, 0 
1, 76976, 231893074, 0.00, 100.00, 0.00, 2.25, 0, 0 
2, 76976, 232513967, 0.00, 100.00, 0.00, 2.25, 0, 0 
3, 76976, 233204274, 0.00, 100.00, 0.00, 2.25, 0, 0 
4, 76976, 233846806, 0.00, 100.00, 0.00, 2.25, 0, 0 
5, 76976, 234588245, 0.00, 100.00, 0.00, 2.25, 0, 0 
6, 76976, 235263428, 0.00, 100.00, 0.00, 2.25, 0, 0 
7, 76976, 235958786, 0.00, 100.00, 0.00, 2.25, 0, 0 
8, 76976, 236590010, 0.00, 100.00, 0.00, 2.25, 0, 0 
9, 76976, 237229382, 0.00, 100.00, 0.00, 2.25, 0, 0 
0, 76976, 237913978, 0.00, 100.00, 0.00, 2.25, 0, 0 
1, 76976, 238592189, 0.00, 100.00, 0.00, 2.25, 0, 0 
2, 76976, 239170092, 0.00, 100.00, 0.00, 2.25, 0, 0 
3, 76976, 239909548, 0.00, 100.00, 0.00, 2.25, 0, 0 
4, 76976, 240620749, 0.00, 100.00, 0.00, 2.25, 0, 0 
5, 76976, 241228796, 0.00, 100.00, 0.00, 2.25, 0, 0 
6, 76976, 241818424, 0.00, 100.00, 0.00, 2.25, 0, 0 
7, 76976, 242512203, 0.00, 100.00, 0.00, 2.25, 0, 0 
8, 76976, 243125187, 0.00, 100.00, 0.00, 2.25, 0, 0 
9, 76976, 243696537, 0.00, 100.00, 0.00, 2.25, 0, 0 
0, 76976, 244354027, 0.00, 100.00, 0.00, 2.25, 0, 0 
1, 76976, 245027346, 0.00, 100.00, 0.00, 2.25, 0, 0 
2, 76976, 245618562, 0.00, 100.00, 0.00, 2.25, 0, 0 
3, 76976, 246320042, 0.00, 100.00, 0.00, 2.25, 0, 0 
4, 76976, 247014643, 0.00, 100.00, 0.00, 2.25, 0, 0 
5, 76976, 247610656, 0.00, 100.00, 0.00, 2.25, 0, 0 
6, 76976, 248281022, 0.00, 100.00, 0.00, 2.25, 0, 0 
7, 76976, 248878404, 0.00, 100.00, 0.00, 2.25, 0, 0 
8, 76976, 249573354, 0.00, 100.00, 0.00, 2.25, 0, 0 
9, 76976, 250202046, 0.00, 100.00, 0.00, 2.25, 0, 0 
0, 76976, 250794052, 0.00, 100.00, 0.00, 2.25, 0, 0 
1, 76976, 251437406, 0.00, 100.00, 0.00, 2.25, 0, 0 
2, 76976, 252045031, 0.00, 100.00, 0.00, 2.25, 0, 0 
3, 76976, 252668914, 0.00, 100.00, 0.00, 2.25, 0, 0 
4, 76976, 253341527, 0.00, 100.00, 0.00, 2.25, 0, 0 
5, 76976, 253922635, 0.00, 100.00, 0.00, 2.25, 0, 0 
6, 76976, 254640715, 0.00, 100.00, 0.00, 2.25, 0, 0 
7, 76976, 255335683, 0.00, 100.00, 0.00, 2.25, 0, 0 
8, 76976, 256046666, 0.00, 100.00, 0.00, 2.25, 0, 0 
9, 76976, 256746600, 0.00, 100.00, 0.00, 2.25, 0, 0 
0, 76976, 257355931, 0.00, 100.00, 0.00, 2.25, 0, 0 
1, 76976, 257987972, 0.00, 100.00, 0.00, 2.25, 0, 0 
2, 76976, 258598069, 0.00, 100.00, 0.00, 2.25, 0, 0 
3, 76976, 259255554, 0.00, 100.00, 0.00, 2.25, 0, 0 
4, 76976, 259877767, 0.00, 100.00, 0.00, 2.25, 0, 0 
5, 76976, 260509444, 0.00, 100.00, 0.00, 2.25, 0, 0 
6, 76976, 261135147, 0.00, 100.00, 0.00, 2.25, 0, 0 
7, 76976, 261767378, 0.00, 100.00, 0.00, 2.25, 0, 0 
8, 76976, 262400789, 0.00, 100.00, 0.00, 2.25, 0, 0 
9, 76976, 263030132, 0.00, 100.00, 0.00, 2.25, 0, 0 
0, 76976, 263722070, 0.00, 100.00, 0.00, 2.25, 0, 0 
1, 76976, 264315946, 0.00, 100.00, 0.00, 2.25, 0, 0 
2, 76976, 265016530, 0.00, 100.00, 0.00, 2.25, 0, 0 
3, 76976, 265745009, 0.00, 100.00, 0.00, 2.25, 0, 0 
4, 76976, 266507830, 0.00, 100.00, 0.00, 2.25, 0, 0 
5, 76976, 267140861, 0.00, 100.00, 0.00, 2.25, 0, 0 
6, 76976, 267810620, 0.00, 100.00, 0.00, 2.25, 0, 0 
7, 76976, 268557553, 0.00, 100.00, 0.00, 2.25, 0, 0 
8, 76976, 269316836, 0.00, 100.00, 0.00, 2.25, 0, 0 
9, 76976, 270065954, 0.00, 100.00, 0.00, 2.25, 0, 0 
0, 76976, 270682570, 0.00, 100.00, 0.00, 2.25, 0, 0 
1, 76976, 271297105, 0.00, 100.00, 0.00, 2.25, 0, 0 
2, 76976, 271895221, 0.00, 100.00, 0.00, 2.25, 0, 0 
3, 76976, 272525968, 0.00, 100.00, 0.00, 2.25, 0, 0 
4, 76976, 273128413, 0.00, 100.00, 0.00, 2.25, 0, 0 
5, 76976, 273826189, 0.00, 100.00, 0.00, 2.25, 0, 0 
6, 76976, 274430347, 0.00, 100.00, 0.00, 2.25, 0, 0 
7, 76976, 275046674, 0.00, 100.00, 0.00, 2.25, 0, 0 
8, 76976, 275694720, 0.00, 100.00, 0.00, 2.25, 0, 0 
9, 76976, 276318069, 0.00, 100.00, 0.00, 2.25, 0, 0 
0, 76976, 277017068, 0.00, 100.00, 0.00, 2.25, 0, 0 
1, 76976, 277620248, 0.00, 100.00, 0.00, 2.25, 0, 0 
2, 76976, 278204721, 0.00, 100.00, 0.00, 2.25, 0, 0 
3, 76976, 278788655, 0.00, 100.00, 0.00, 2.25, 0, 0 
4, 76976, 279482019, 0.00, 100.00, 0.00, 2.25, 0, 0 
5, 76976, 280095766, 0.00, 100.00, 0.00, 2.25, 0, 0 
6, 76976, 280692289, 0.00, 100.00, 0.00, 2.25, 0, 0 
7, 76976, 281387073, 0.00, 100.00, 0.00, 2.25, 0, 0 
8, 76976, 282068281, 0.00, 100.00, 0.00, 2.25, 0, 0 
9, 76976, 282953841, 0.00, 100.00, 0.00, 2.25, 0, 0 
0, 76976, 283617330, 0.00, 100.00, 0.00, 2.25, 0, 0 
1, 76976, 284241901, 0.00, 100.00, 0.00, 2.25, 0, 0 
2, 76976, 284993827, 0.00, 100.00, 0.00, 2.25, 0, 0 
3, 76976, 285762882, 0.00, 100.00, 0.00, 2.25, 0, 0 
4, 76976, 286533675, 0.00, 100.00, 0.00, 2.25, 0, 0 
5, 76976, 287248739, 0.00, 100.00, 0.00, 2.25, 0, 0 
6, 76976, 287968715, 0.00, 100.00, 0.00, 2.25, 0, 0 
7, 76976, 288572706, 0.00, 100.00, 0.00, 2.25, 0, 0 
8, 76976, 289163318, 0.00, 100.00, 0.00, 2.25, 0, 0 
9, 76976, 289843229, 0.00, 100.00, 0.00, 2.25, 0, 0 
0, 76976, 290436940, 0.00, 100.00, 0.00, 2.25, 0, 0 
1, 76976, 291086659, 0.00, 100.00, 0.00, 2.25, 0, 0 
2, 76976, 291705701, 0.00, 100.00, 0.00, 2.25, 0, 0 
3, 76976, 292335054, 0.00, 100.00, 0.00, 2.25, 0, 0 
4, 76976, 292919762, 0.00, 100.00, 0.00, 2.25, 0, 0 
5, 76976, 293576472, 0.00, 100.00, 0.00, 2.25, 0, 0 
6, 76976, 294246123, 0.00, 100.00, 0.00, 2.25, 0, 0 
7, 76976, 294836665, 0.00, 100.00, 0.00, 2.25, 0, 0 
8, 76976, 295504399, 0.00, 100.00, 0.00, 2.25, 0, 0 
9, 76976, 296110382, 0.00, 100.00, 0.00, 2.25, 0, 0 
0, 76976, 296736341, 0.00, 100.00, 0.00, 2.25, 0, 0 
1, 76976, 297349544, 0.00, 100.00, 0.00, 2.25, 0, 0 
2, 76976, 297992695, 0.00, 100.00, 0.00, 2.25, 0, 0 
3, 76976, 298634978, 0.00, 100.00, 0.00, 2.25, 0, 0 
4, 76976, 299383394, 0.00, 100.00, 0.00, 2.25, 0, 0 
5, 76976, 300276605, 0.00, 100.00, 0.00, 2.25, 0, 0 
6, 76976, 300915508, 0.00, 100.00, 0.00, 2.25, 0, 0 
7, 76976, 301604689, 0.00, 100.00, 0.00, 2.25, 0, 0 
8, 76976, 302288385, 0.00, 100.00, 0.00, 2.25, 0, 0 
9, 76976, 302975786, 0.00, 100.00, 0.00, 2.25, 0, 0 
0, 76976, 303601098, 0.00, 100.00, 0.00, 2.25, 0, 0 
1, 76976, 304239000, 0.00, 100.00, 0.00, 2.25, 0, 0 
2, 76976, 304842228, 0.00, 100.00, 0.00, 2.25, 0, 0 
3, 76976, 305449409, 0.00, 100.00, 0.00, 2.25, 0, 0 
4, 76976, 306082862, 0.00, 100.00, 0.00, 2.25, 0, 0 
5, 76976, 306760348, 0.00, 100.00, 0.00, 2.25, 0, 0 
6, 76976, 307391614, 0.00, 100.00, 0.00, 2.25, 0, 0 
7, 76976, 307991076, 0.00, 100.00, 0.00, 2.25, 0, 0 
8, 76976, 308621345, 0.00, 100.00, 0.00, 2.25, 0, 0 
9, 76976, 309229023, 0.00, 100.00, 0.00, 2.25, 0, 0 
0, 76976, 309922734, 0.00, 100.00, 0.00, 2.25, 0, 0 
1, 76976, 310520519, 0.00, 100.00, 0.00, 2.25, 0, 0 
2, 76976, 311122712, 0.00, 100.00, 0.00, 2.25, 0, 0 
3, 76976, 311758315, 0.00, 100.00, 0.00, 2.25, 0, 0 
4, 76976, 312359720, 0.00, 100.00, 0.00, 2.25, 0, 0 
5, 76976, 313041154, 0.00, 100.00, 0.00, 2.25, 0, 0 
6, 76976, 313619234, 0.00, 100.00, 0.00, 2.25, 0, 0 
7, 76976, 314328617, 0.00, 100.00, 0.00, 2.25, 0, 0 
8, 76976, 314994265, 0.00, 100.00, 0.00, 2.25, 0, 0 
9, 76976, 315705829, 0.00, 100.00, 0.00, 2.25, 0, 0 
0, 76976, 316336516, 0.00, 100.00, 0.00, 2.25, 0, 0 
1, 76976, 316918746, 0.00, 100.00, 0.00, 2.25, 0, 0 
2, 76976, 317536108, 0.00, 100.00, 0.00, 2.25, 0, 0 
3, 76976, 318242494, 0.00, 100.00, 0.00, 2.25, 0, 0 
4, 76976, 318933079, 0.00, 100.00, 0.00, 2.25, 0, 0 
5, 76976, 319643762, 0.00, 100.00, 0.00, 2.25, 0, 0 
6, 76976, 320284759, 0.00, 100.00, 0.00, 2.25, 0, 0 
7, 76976, 320987057, 0.00, 100.00, 0.00, 2.25, 0, 0 
8, 76976, 321607091, 0.00, 100.00, 0.00, 2.25, 0, 0 
9, 76976, 322239139, 0.00, 100.00, 0.00, 2.25, 0, 0 
0, 76976, 322896139, 0.00, 100.00, 0.00, 2.25, 0, 0 
1, 76976, 323521567, 0.00, 100.00, 0.00, 2.25, 0, 0 
2, 76976, 324113910, 0.00, 100.00, 0.00, 2.25, 0, 0 
3, 76976, 324759923, 0.00, 100.00, 0.00, 2.25, 0, 0 
4, 76976, 325349678, 0.00, 100.00, 0.00, 2.25, 0, 0 
5, 76976, 326061790, 0.00, 100.00, 0.00, 2.25, 0, 0 
6, 76976, 326693620, 0.00, 100.00, 0.00, 2.25, 0, 0 
7, 76976, 327339728, 0.00, 100.00, 0.00, 2.25, 0, 0 
8, 76976, 328032096, 0.00, 100.00, 0.00, 2.25, 0, 0 
9, 76976, 328733324, 0.00, 100.00, 0.00, 2.25, 0, 0 
0, 76976, 329340766, 0.00, 100.00, 0.00, 2.25, 0, 0 
1, 76976, 329946516, 0.00, 100.00, 0.00, 2.25, 0, 0 
2, 76976, 330602227, 0.00, 100.00, 0.00, 2.25, 0, 0 
3, 76976, 331219175, 0.00, 100.00, 0.00, 2.25, 0, 0 
4, 76976, 331794072, 0.00, 100.00, 0.00, 2.25, 0, 0 
5, 76976, 332404846, 0.00, 100.00, 0.00, 2.25, 0, 0 
6, 76976, 333206348, 0.00, 100.00, 0.00, 2.25, 0, 0 
7, 76976, 333845013, 0.00, 100.00, 0.00, 2.25, 0, 0 
8, 76976, 334539770, 0.00, 100.00, 0.00, 2.25, 0, 0 
9, 76976, 335149401, 0.00, 100.00, 0.00, 2.25, 0, 0 
0, 76976, 335762548, 0.00, 100.00, 0.00, 2.25, 0, 0 
1, 76976, 336408720, 0.00, 100.00, 0.00, 2.25, 0, 0 
2, 76976, 336993192, 0.00, 100.00, 0.00, 2.25, 0, 0 
3, 76976, 337701990, 0.00, 100.00, 0.00, 2.25, 0, 0 
4, 76976, 338369321, 0.00, 100.00, 0.00, 2.25, 0, 0 
5, 76976, 339088007, 0.00, 100.00, 0.00, 2.25, 0, 0 
6, 76976, 339730321, 0.00, 100.00, 0.00, 2.25, 0, 0 
7, 76976, 340347790, 0.00, 100.00, 0.00, 2.25, 0, 0 
8, 76976, 340996022, 0.00, 100.00, 0.00, 2.25, 0, 0 
9, 76976, 341704258, 0.00, 100.00, 0.00, 2.25, 0, 0 
0, 76976, 342323846, 0.00, 100.00, 0.00, 2.25, 0, 0 
1, 76976, 342976675, 0.00, 100.00, 0.00, 2.25, 0, 0 
2, 76976, 343554576, 0.00, 100.00, 0.00, 2.25, 0, 0 
3, 76976, 344245630, 0.00, 100.00, 0.00, 2.25, 0, 0 
4, 76976, 344847172, 0.00, 100.00, 0.00, 2.25, 0, 0 
5, 76976, 345430443, 0.00, 100.00, 0.00, 2.25, 0, 0 
6, 76976, 346109182, 0.00, 100.00, 0.00, 2.25, 0, 0 
7, 76976, 346699940, 0.00, 100.00, 0.00, 2.25, 0, 0 
8, 76976, 347407205, 0.00, 100.00, 0.00, 2.25, 0, 0 
9, 76976, 348033449, 0.00, 100.00, 0.00, 2.25, 0, 0 
0, 76976, 348699412, 0.00, 100.00, 0.00, 2.25, 0, 0 
1, 76976, 349358006, 0.00, 100.00, 0.00, 2.25, 0, 0 
2, 76976, 350016058, 0.00, 100.00, 0.00, 2.25, 0, 0 
3, 76976, 350606136, 0.00, 100.00, 0.00, 2.25, 0, 0 
4, 76976, 351319543, 0.00, 100.00, 0.00, 2.25, 0, 0 
5, 76976, 351971596, 0.00, 100.00, 0.00, 2.25, 0, 0 
6, 76976, 352635772, 0.00, 100.00, 0.00, 2.25, 0, 0 
7, 76976, 353342598, 0.00, 100.00, 0.00, 2.25, 0, 0 
8, 76976, 353994238, 0.00, 100.00, 0.00, 2.25, 0, 0 
9, 76976, 354705896, 0.00, 100.00, 0.00, 2.25, 0, 0 
0, 76976, 355309875, 0.00, 100.00, 0.00, 2.25, 0, 0 
1, 76976, 355949543, 0.00, 100.00, 0.00, 2.25, 0, 0 
2, 76976, 356579515, 0.00, 100.00, 0.00, 2.25, 0, 0 
3, 76976, 357206830, 0.00, 100.00, 0.00, 2.25, 0, 0 
4, 76976, 357837194, 0.00, 100.00, 0.00, 2.25, 0, 0 
5, 76976, 358462531, 0.00, 100.00, 0.00, 2.25, 0, 0 
6, 76976, 359124789, 0.00, 100.00, 0.00, 2.25, 0, 0 
7, 76976, 359720178, 0.00, 100.00, 0.00, 2.25, 0, 0 
8, 76976, 360364335, 0.00, 100.00, 0.00, 2.25, 0, 0 
9, 76976, 360980734, 0.00, 100.00, 0.00, 2.25, 0, 0 
0, 76976, 361662488, 0.00, 100.00, 0.00, 2.25, 0, 0 
1, 76976, 362261669, 0.00, 100.00, 0.00, 2.25, 0, 0 
2, 76976, 362869600, 0.00, 100.00, 0.00, 2.25, 0, 0 
3, 76976, 363501359, 0.00, 100.00, 0.00, 2.25, 0, 0 
4, 76976, 364118286, 0.00, 100.00, 0.00, 2.25, 0, 0 
5, 76976, 364764756, 0.00, 100.00, 0.00, 2.25, 0, 0 
6, 76976, 365418248, 0.00, 100.00, 0.00, 2.25, 0, 0 
7, 76976, 366074897, 0.00, 100.00, 0.00, 2.25, 0, 0 
8, 76976, 366813241, 0.00, 100.00, 0.00, 2.25, 0, 0 
9, 76976, 367454879, 0.00, 100.00, 0.00, 2.25, 0, 0 
0, 76976, 368132659, 0.00, 100.00, 0.00, 2.25, 0, 0 
1, 76976, 368721619, 0.00, 100.00, 0.00, 2.25, 0, 0 
2, 76976, 369318294, 0.00, 100.00, 0.00, 2.25, 0, 0 
3, 76976, 369943782, 0.00, 100.00, 0.00, 2.25, 0, 0 
4, 76976, 370610158, 0.00, 100.00, 0.00, 2.25, 0, 0 
5, 76976, 371196500, 0.00, 100.00, 0.00, 2.25, 0, 0 
6, 76976, 371866929, 0.00, 100.00, 0.00, 2.25, 0, 0 
7, 76976, 372461285, 0.00, 100.00, 0.00, 2.25, 0, 0 
8, 76976, 373098118, 0.00, 100.00, 0.00, 2.25, 0, 0 
9, 76976, 373722787, 0.00, 100.00, 0.00, 2.25, 0, 0 
0, 76976, 374420756, 0.00, 100.00, 0.00, 2.25, 0, 0 
1, 76976, 375022938, 0.00, 100.00, 0.00, 2.25, 0, 0 
2, 76976, 375621427, 0.00, 100.00, 0.00, 2.25, 0, 0 
3, 76976, 376242635, 0.00, 100.00, 0.00, 2.25, 0, 0 
4, 76976, 376985296, 0.00, 100.00, 0.00, 2.25, 0, 0 
5, 76976, 377603204, 0.00, 100.00, 0.00, 2.25, 0, 0 
6, 76976, 378193832, 0.00, 100.00, 0.00, 2.25, 0, 0 
7, 76976, 378792290, 0.00, 100.00, 0.00, 2.25, 0, 0 
8, 76976, 379414357, 0.00, 100.00, 0.00, 2.25, 0, 0 
9, 76976, 380073500, 0.00, 100.00, 0.00, 2.25, 0, 0 
0, 76976, 380714829, 0.00, 100.00, 0.00, 2.25, 0, 0 
1, 76976, 381343563, 0.00, 100.00, 0.00, 2.25, 0, 0 
2, 76976, 382015843, 0.00, 100.00, 0.00, 2.25, 0, 0 
3, 76976, 382682475, 0.00, 100.00, 0.00, 2.25, 0, 0 
4, 76976, 383417898, 0.00, 100.00, 0.00, 2.25, 0, 0 
5, 76976, 384085000, 0.00, 100.00, 0.00, 2.25, 0, 0 
6, 76976, 384663667, 0.00, 100.00, 0.00, 2.25, 0, 0 
7, 76976, 385367408, 0.00, 100.00, 0.00, 2.25, 0, 0 
8, 76976, 386028834, 0.00, 100.00, 0.00, 2.25, 0, 0 
9, 76976, 386739751, 0.00, 100.00, 0.00, 2.25, 0, 0 
0, 76976, 387355268, 0.00, 100.00, 0.00, 2.25, 0, 0 
1, 76976, 387976565, 0.00, 100.00, 0.00, 2.25, 0, 0 
2, 76976, 388584059, 0.00, 100.00, 0.00, 2.25, 0, 0 
3, 76976, 389189336, 0.00, 100.00, 0.00, 2.25, 0, 0 
4, 76976, 389871507, 0.00, 100.00, 0.00, 2.25, 0, 0 
5, 76976, 390454864, 0.00, 100.00, 0.00, 2.25, 0, 0 
6, 76976, 391162624, 0.00, 100.00, 0.00, 2.25, 0, 0 
7, 76976, 391828455, 0.00, 100.00, 0.00, 2.25, 0, 0 
8, 76976, 392540200, 0.00, 100.00, 0.00, 2.25, 0, 0 
9, 76976, 393167097, 0.00, 100.00, 0.00, 2.25, 0, 0 
0, 76976, 393801725, 0.00, 100.00, 0.00, 2.25, 0, 0 
1, 76976, 394406744, 0.00, 100.00, 0.00, 2.25, 0, 0 
2, 76976, 395022227, 0.00, 100.00, 0.00, 2.25, 0, 0 
3, 76976, 395647320, 0.00, 100.00, 0.00, 2.25, 0, 0 
4, 76976, 396276652, 0.00, 100.00, 0.00, 2.25, 0, 0 
5, 76976, 396904590, 0.00, 100.00, 0.00, 2.25, 0, 0 
6, 76976, 397563388, 0.00, 100.00, 0.00, 2.25, 0, 0 
7, 76976, 398172121, 0.00, 100.00, 0.00, 2.25, 0, 0 
8, 76976, 398857375, 0.00, 100.00, 0.00, 2.25, 0, 0 
9, 76976, 399449052, 0.00, 100.00, 0.00, 2.25, 0, 0 
0, 76976, 400122736, 0.00, 100.00, 0.00, 2.25, 0, 0 
1, 76976, 400765596, 0.00, 100.00, 0.00, 2.25, 0, 0 
2, 76976, 401543370, 0.00, 100.00, 0.00, 2.25, 0, 0 
3, 76976, 402355109, 0.00, 100.00, 0.00, 2.25, 0, 0 
4, 76976, 402989443, 0.00, 100.00, 0.00, 2.25, 0, 0 
5, 76976, 403624207, 0.00, 100.00, 0.00, 2.25, 0, 0 
6, 76976, 404260376, 0.00, 100.00, 0.00, 2.25, 0, 0 
7, 76976, 404887094, 0.00, 100.00, 0.00, 2.25, 0, 0 
8, 76976, 405517496, 0.00, 100.00, 0.00, 2.25, 0, 0 
9, 76976, 406149253, 0.00, 100.00, 0.00, 2.25, 0, 0 
0, 76976, 406802661, 0.00, 100.00, 0.00, 2.25, 0, 0 
1, 76976, 407432208, 0.00, 100.00, 0.00, 2.25, 0, 0 
2, 76976, 408058507, 0.00, 100.00, 0.00, 2.25, 0, 0 
3, 76976, 408732578, 0.00, 100.00, 0.00, 2.25, 0, 0 
4, 76976, 409348455, 0.00, 100.00, 0.00, 2.25, 0, 0 
5, 76976, 409952307, 0.00, 100.00, 0.00, 2.25, 0, 0 
6, 76976, 410562336, 0.00, 100.00, 0.00, 2.25, 0, 0 
7, 76976, 411192855, 0.00, 100.00, 0.00, 2.25, 0, 0 
8, 76976, 411871993, 0.00, 100.00, 0.00, 2.25, 0, 0 
9, 76976, 412463537, 0.00, 100.00, 0.00, 2.25, 0, 0 
0, 76976, 413110806, 0.00, 100.00, 0.00, 2.25, 0, 0 
1, 76976, 413739793, 0.00, 100.00, 0.00, 2.25, 0, 0 
2, 76976, 414355071, 0.00, 100.00, 0.00, 2.25, 0, 0 
3, 76976, 414981261, 0.00, 100.00, 0.00, 2.25, 0, 0 
4, 76976, 415613821, 0.00, 100.00, 0.00, 2.25, 0, 0 
5, 76976, 416248140, 0.00, 100.00, 0.00, 2.25, 0, 0 
6, 76976, 416877576, 0.00, 100.00, 0.00, 2.25, 0, 0 
7, 76976, 417534435, 0.00, 100.00, 0.00, 2.25, 0, 0 
8, 76976, 418157824, 0.00, 100.00, 0.00, 2.25, 0, 0 
9, 76976, 418778677, 0.00, 100.00, 0.00, 2.25, 0, 0 
0, 76976, 419418601, 0.00, 100.00, 0.00, 2.25, 0, 0 
1, 76976, 420047856, 0.00, 100.00, 0.00, 2.25, 0, 0 
2, 76976, 420666812, 0.00, 100.00, 0.00, 2.25, 0, 0 
3, 76976, 421309580, 0.00, 100.00, 0.00, 2.25, 0, 0 
4, 76976, 421934097, 0.00, 100.00, 0.00, 2.25, 0, 0 
5, 76976, 422561166, 0.00, 100.00, 0.00, 2.25, 0, 0 
6, 76976, 423195860, 0.00, 100.00, 0.00, 2.25, 0, 0 
7, 76976, 423824855, 0.00, 100.00, 0.00, 2.25, 0, 0 
8, 76976, 424412432, 0.00, 100.00, 0.00, 2.25, 0, 0 
9, 76976, 425047481, 0.00, 100.00, 0.00, 2.25, 0, 0 
0, 76976, 425724978, 0.00, 100.00, 0.00, 2.25, 0, 0 
1, 76976, 426340358, 0.00, 100.00, 0.00, 2.25, 0, 0 
2, 76976, 426986249, 0.00, 100.00, 0.00, 2.25, 0, 0 
3, 76976, 427672791, 0.00, 100.00, 0.00, 2.25, 0, 0 
4, 76976, 428288678, 0.00, 100.00, 0.00, 2.25, 0, 0 
5, 76976, 428884125, 0.00, 100.00, 0.00, 2.25, 0, 0 
6, 76976, 429553578, 0.00, 100.00, 0.00, 2.25, 0, 0 
7, 76976, 430164698, 0.00, 100.00, 0.00, 2.25, 0, 0 
8, 76976, 430739854, 0.00, 100.00, 0.00, 2.25, 0, 0 
9, 76976, 431368878, 0.00, 100.00, 0.00, 2.25, 0, 0 
0, 76976, 432058100, 0.00, 100.00, 0.00, 2.25, 0, 0 
1, 76976, 432655327, 0.00, 100.00, 0.00, 2.25, 0, 0 
2, 76976, 433404575, 0.00, 100.00, 0.00, 2.25, 0, 0 
3, 76976, 434030845, 0.00, 100.00, 0.00, 2.25, 0, 0 
4, 76976, 434726795, 0.00, 100.00, 0.00, 2.25, 0, 0 
5, 76976, 435354594, 0.00, 100.00, 0.00, 2.25, 0, 0 
6, 76976, 435962422, 0.00, 100.00, 0.00, 2.25, 0, 0 
7, 76976, 436545616, 0.00, 100.00, 0.00, 2.25, 0, 0 
8, 76976, 437240202, 0.00, 100.00, 0.00, 2.25, 0, 0 
9, 76976, 437852653, 0.00, 100.00, 0.00, 2.25, 0, 0 
0, 76976, 438453182, 0.00, 100.00, 0.00, 2.25, 0, 0 
1, 76976, 439104318, 0.00, 100.00, 0.00, 2.25, 0, 0 
2, 76976, 439684127, 0.00, 100.00, 0.00, 2.25, 0, 0 
3, 76976, 440378939, 0.00, 100.00, 0.00, 2.25, 0, 0 
4, 76976, 440965856, 0.00, 100.00, 0.00, 2.25, 0, 0 
5, 76976, 441661934, 0.00, 100.00, 0.00, 2.25, 0, 0 
6, 76976, 442332314, 0.00, 100.00, 0.00, 2.25, 0, 0 
7, 76976, 443027806, 0.00, 100.00, 0.00, 2.25, 0, 0 
8, 76976, 443603152, 0.00, 100.00, 0.00, 2.25, 0, 0 
9, 76976, 444262517, 0.00, 100.00, 0.00, 2.25, 0, 0 
0, 76976, 444861897, 0.00, 100.00, 0.00, 2.25, 0, 0 
1, 76976, 445478631, 0.00, 100.00, 0.00, 2.25, 0, 0 
2, 76976, 446120899, 0.00, 100.00, 0.00, 2.25, 0, 0 
3, 76976, 446790007, 0.00, 100.00, 0.00, 2.25, 0, 0 
4, 76976, 447364733, 0.00, 100.00, 0.00, 2.25, 0, 0 
5, 76976, 448069672, 0.00, 100.00, 0.00, 2.25, 0, 0 
6, 76976, 448680756, 0.00, 100.00, 0.00, 2.25, 0, 0 
7, 76976, 449264740, 0.00, 100.00, 0.00, 2.25, 0, 0 
8, 76976, 449946209, 0.00, 100.00, 0.00, 2.25, 0, 0 
9, 76976, 450522159, 0.00, 100.00, 0.00, 2.25, 0, 0 
0, 76976, 451224819, 0.00, 100.00, 0.00, 2.25, 0, 0 
1, 76976, 451809429, 0.00, 100.00, 0.00, 2.25, 0, 0 
2, 76976, 452426271, 0.00, 100.00, 0.00, 2.25, 0, 0 
3, 76976, 453102488, 0.00, 100.00, 0.00, 2.25, 0, 0 
4, 76976, 453708532, 0.00, 100.00, 0.00, 2.25, 0, 0 
5, 76976, 454288278, 0.00, 100.00, 0.00, 2.25, 0, 0 
6, 76976, 454952740, 0.00, 100.00, 0.00, 2.25, 0, 0 
7, 76976, 455551673, 0.00, 100.00, 0.00, 2.25, 0, 0 
8, 76976, 456233651, 0.00, 100.00, 0.00, 2.25, 0, 0 
9, 76976, 456816848, 0.00, 100.00, 0.00, 2.25, 0, 0 
0, 76976, 457515788, 0.00, 100.00, 0.00, 2.25, 0, 0 
1, 76976, 458116111, 0.00, 100.00, 0.00, 2.25, 0, 0 
2, 76976, 458695938, 0.00, 100.00, 0.00, 2.25, 0, 0 
3, 76976, 459396314, 0.00, 100.00, 0.00, 2.25, 0, 0 
4, 76976, 460016358, 0.00, 100.00, 0.00, 2.25, 0, 0 
5, 76976, 460606894, 0.00, 100.00, 0.00, 2.25, 0, 0 
6, 76976, 461205911, 0.00, 100.00, 0.00, 2.25, 0, 0 
7, 76976, 461908858, 0.00, 100.00, 0.00, 2.25, 0, 0 
8, 76976, 462537916, 0.00, 100.00, 0.00, 2.25, 0, 0 
9, 76976, 463163762, 0.00, 100.00, 0.00, 2.25, 0, 0 
0, 76976, 463800360, 0.00, 100.00, 0.00, 2.25, 0, 0 
1, 76976, 464378223, 0.00, 100.00, 0.00, 2.25, 0, 0 
2, 76976, 465043241, 0.00, 100.00, 0.00, 2.25, 0, 0 
3, 76976, 465660345, 0.00, 100.00, 0.00, 2.25, 0, 0 
4, 76976, 466271126, 0.00, 100.00, 0.00, 2.25, 0, 0 
5, 76976, 466902463, 0.00, 100.00, 0.00, 2.25, 0, 0 
6, 76976, 467633105, 0.00, 100.00, 0.00, 2.25, 0, 0 
7, 76976, 468223824, 0.00, 100.00, 0.00, 2.25, 0, 0 
8, 76976, 468881248, 0.00, 100.00, 0.00, 2.25, 0, 0 
9, 76976, 469554991, 0.00, 100.00, 0.00, 2.25, 0, 0 
0, 76976, 470168819, 0.00, 100.00, 0.00, 2.25, 0, 0 
1, 76976, 470808934, 0.00, 100.00, 0.00, 2.25, 0, 0 
2, 76976, 471425845, 0.00, 100.00, 0.00, 2.25, 0, 0 
3, 76976, 472120354, 0.00, 100.00, 0.00, 2.25, 0, 0 
4, 76976, 472796526, 0.00, 100.00, 0.00, 2.25, 0, 0 
5, 76976, 473499857, 0.00, 100.00, 0.00, 2.25, 0, 0 
6, 76976, 474145163, 0.00, 100.00, 0.00, 2.25, 0, 0 
7, 76976, 474835746, 0.00, 100.00, 0.00, 2.25, 0, 0 
8, 76976, 475472387, 0.00, 100.00, 0.00, 2.25, 0, 0 
9, 76976, 476103732, 0.00, 100.00, 0.00, 2.25, 0, 0 
0, 76976, 476741314, 0.00, 100.00, 0.00, 2.25, 0, 0 
1, 76976, 477367758, 0.00, 100.00, 0.00, 2.25, 0, 0 
2, 76976, 477994613, 0.00, 100.00, 0.00, 2.25, 0, 0 
3, 76976, 478650465, 0.00, 100.00, 0.00, 2.25, 0, 0 
4, 76976, 479242226, 0.00, 100.00, 0.00, 2.25, 0, 0 
5, 76976, 479938545, 0.00, 100.00, 0.00, 2.25, 0, 0 
6, 76976, 480564281, 0.00, 100.00, 0.00, 2.25, 0, 0 
7, 76976, 481198876, 0.00, 100.00, 0.00, 2.25, 0, 0 
8, 76976, 481829055, 0.00, 100.00, 0.00, 2.25, 0, 0 
9, 76976, 482457699, 0.00, 100.00, 0.00, 2.25, 0, 0 
0, 76976, 483096398, 0.00, 100.00, 0.00, 2.25, 0, 0 
1, 76976, 483682821, 0.00, 100.00, 0.00, 2.25, 0, 0 
2, 76976, 484324209, 0.00, 100.00, 0.00, 2.25, 0, 0 
3, 76976, 484929961, 0.00, 100.00, 0.00, 2.25, 0, 0 
4, 76976, 485571459, 0.00, 100.00, 0.00, 2.25, 0, 0 
5, 76976, 486187681, 0.00, 100.00, 0.00, 2.25, 0, 0 
6, 76976, 486801957, 0.00, 100.00, 0.00, 2.25, 0, 0 
7, 76976, 487486720, 0.00, 100.00, 0.00, 2.25, 0, 0 
8, 76976, 488096478, 0.00, 100.00, 0.00, 2.25, 0, 0 
9, 76976, 488687950, 0.00, 100.00, 0.00, 2.25, 0, 0 
0, 76976, 489377077, 0.00, 100.00, 0.00, 2.25, 0, 0 
1, 76976, 489958852, 0.00, 100.00, 0.00, 2.25, 0, 0 
2, 76976, 490635149, 0.00, 100.00, 0.00, 2.25, 0, 0 
3, 76976, 491243192, 0.00, 100.00, 0.00, 2.25, 0, 0 
4, 76976, 491832096, 0.00, 100.00, 0.00, 2.25, 0, 0 
5, 76976, 492506300, 0.00, 100.00, 0.00, 2.25, 0, 0 
6, 76976, 493088679, 0.00, 100.00, 0.00, 2.25, 0, 0 
7, 76976, 493772296, 0.00, 100.00, 0.00, 2.25, 0, 0 
8, 76976, 494351278, 0.00, 100.00, 0.00, 2.25, 0, 0 
9, 76976, 495065480, 0.00, 100.00, 0.00, 2.25, 0, 0 
0, 76976, 495756785, 0.00, 100.00, 0.00, 2.25, 0, 0 
1, 76976, 496388373, 0.00, 100.00, 0.00, 2.25, 0, 0 
2, 76976, 497015529, 0.00, 100.00, 0.00, 2.25, 0, 0 
3, 76976, 497703517, 0.00, 100.00, 0.00, 2.25, 0, 0 
4, 76976, 498357398, 0.00, 100.00, 0.00, 2.25, 0, 0 
5, 76976, 498984485, 0.00, 100.00, 0.00, 2.25, 0, 0 
6, 76976, 499690634, 0.00, 100.00, 0.00, 2.25, 0, 0 
7, 76976, 500422894, 0.00, 100.00, 0.00, 2.25, 0, 0 
8, 76976, 501100797, 0.00, 100.00, 0.00, 2.25, 0, 0 
9, 76976, 501687876, 0.00, 100.00, 0.00, 2.25, 0, 0 
0, 76976, 502408483, 0.00, 100.00, 0.00, 2.25, 0, 0 
1, 76976, 503053340, 0.00, 100.00, 0.00, 2.25, 0, 0 
2, 76976, 503695945, 0.00, 100.00, 0.00, 2.25, 0, 0 
3, 76976, 504368763, 0.00, 100.00, 0.00, 2.25, 0, 0 
4, 76976, 504950099, 0.00, 100.00, 0.00, 2.25, 0, 0 
5, 76976, 505659631, 0.00, 100.00, 0.00, 2.25, 0, 0 
6, 76976, 506350855, 0.00, 100.00, 0.00, 2.25, 0, 0 
7, 76976, 507042266, 0.00, 100.00, 0.00, 2.25, 0, 0 
8, 76976, 507709055, 0.00, 100.00, 0.00, 2.25, 0, 0 
9, 76976, 508392523, 0.00, 100.00, 0.00, 2.25, 0, 0 
0, 76976, 508991811, 0.00, 100.00, 0.00, 2.25, 0, 0 
1, 76976, 509636055, 0.00, 100.00, 0.00, 2.25, 0, 0 
2, 76976, 510233547, 0.00, 100.00, 0.00, 2.25, 0, 0 
3, 76976, 510930424, 0.00, 100.00, 0.00, 2.25, 0, 0 
4, 76976, 511549370, 0.00, 100.00, 0.00, 2.25, 0, 0 
5, 76976, 512158584, 0.00, 100.00, 0.00, 2.25, 0, 0 
6, 76976, 512757210, 0.00, 100.00, 0.00, 2.25, 0, 0 
7, 76976, 513435566, 0.00, 100.00, 0.00, 2.25, 0, 0 
8, 76976, 514014269, 0.00, 100.00, 0.00, 2.25, 0, 0 
9, 76976, 514697604, 0.00, 100.00, 0.00, 2.25, 0, 0 
0, 76976, 515303412, 0.00, 100.00, 0.00, 2.25, 0, 0 
1, 76976, 515880355, 0.00, 100.00, 0.00, 2.25, 0, 0 
2, 76976, 516520492, 0.00, 100.00, 0.00, 2.25, 0, 0 
3, 76976, 517130834, 0.00, 100.00, 0.00, 2.25, 0, 0 
4, 76976, 517735797, 0.00, 100.00, 0.00, 2.25, 0, 0 
5, 76976, 518379747, 0.00, 100.00, 0.00, 2.25, 0, 0 
6, 76976, 519045942, 0.00, 100.00, 0.00, 2.25, 0, 0 
7, 76976, 519718281, 0.00, 100.00, 0.00, 2.25, 0, 0 
8, 76976, 520352444, 0.00, 100.00, 0.00, 2.25, 0, 0 
9, 76976, 520983356, 0.00, 100.00, 0.00, 2.25, 0, 0 
0, 76976, 521639008, 0.00, 100.00, 0.00, 2.25, 0, 0 
1, 76976, 522272200, 0.00, 100.00, 0.00, 2.25, 0, 0 
2, 76976, 522883471, 0.00, 100.00, 0.00, 2.25, 0, 0 
3, 76976, 523512481, 0.00, 100.00, 0.00, 2.25, 0, 0 
4, 76976, 524151960, 0.00, 100.00, 0.00, 2.25, 0, 0 
5, 76976, 524784393, 0.00, 100.00, 0.00, 2.25, 0, 0 
6, 76976, 525411690, 0.00, 100.00, 0.00, 2.25, 0, 0 
7, 76976, 526038826, 0.00, 100.00, 0.00, 2.25, 0, 0 
8, 76976, 526698166, 0.00, 100.00, 0.00, 2.25, 0, 0 
9, 76976, 527309928, 0.00, 100.00, 0.00, 2.25, 0, 0 
0, 76976, 527967879, 0.00, 100.00, 0.00, 2.25, 0, 0 
1, 76976, 528615604, 0.00, 100.00, 0.00, 2.25, 0, 0 
2, 76976, 529199051, 0.00, 100.00, 0.00, 2.25, 0, 0 
3, 76976, 529820817, 0.00, 100.00, 0.00, 2.25, 0, 0 
4, 76976, 530473662, 0.00, 100.00, 0.00, 2.25, 0, 0 
5, 76976, 531075579, 0.00, 100.00, 0.00, 2.25, 0, 0 
6, 76976, 531718276, 0.00, 100.00, 0.00, 2.25, 0, 0 
7, 76976, 532328126, 0.00, 100.00, 0.00, 2.25, 0, 0 
8, 76976, 532964525, 0.00, 100.00, 0.00, 2.25, 0, 0 
9, 76976, 533668281, 0.00, 100.00, 0.00, 2.25, 0, 0 
0, 76976, 534299760, 0.00, 100.00, 0.00, 2.25, 0, 0 
1, 76976, 534896305, 0.00, 100.00, 0.00, 2.25, 0, 0 
2, 76976, 535494921, 0.00, 100.00, 0.00, 2.25, 0, 0 
3, 76976, 536114498, 0.00, 100.00, 0.00, 2.25, 0, 0 
4, 76976, 536749579, 0.00, 100.00, 0.00, 2.25, 0, 0 
5, 76976, 537404585, 0.00, 100.00, 0.00, 2.25, 0, 0 
6, 76976, 538002115, 0.00, 100.00, 0.00, 2.25, 0, 0 
7, 76976, 538639757, 0.00, 100.00, 0.00, 2.25, 0, 0 
8, 76976, 539270327, 0.00, 100.00, 0.00, 2.25, 0, 0 
9, 76976, 539901645, 0.00, 100.00, 0.00, 2.25, 0, 0 
0, 76976, 540555702, 0.00, 100.00, 0.00, 2.25, 0, 0 
1, 76976, 541188748, 0.00, 100.00, 0.00, 2.25, 0, 0 
2, 76976, 541801984, 0.00, 100.00, 0.00, 2.25, 0, 0 
3, 76976, 542429382, 0.00, 100.00, 0.00, 2.25, 0, 0 
4, 76976, 543063631, 0.00, 100.00, 0.00, 2.25, 0, 0 
5, 76976, 543736225, 0.00, 100.00, 0.00, 2.25, 0, 0 
6, 76976, 544327811, 0.00, 100.00, 0.00, 2.25, 0, 0 
7, 76976, 544928017, 0.00, 100.00, 0.00, 2.25, 0, 0 
8, 76976, 545568275, 0.00, 100.00, 0.00, 2.25, 0, 0 
9, 76976, 546217571, 0.00, 100.00, 0.00, 2.25, 0, 0 
0, 76976, 546883053, 0.00, 100.00, 0.00, 2.25, 0, 0 
1, 76976, 547513491, 0.00, 100.00, 0.00, 2.25, 0, 0 
2, 76976, 548090361, 0.00, 100.00, 0.00, 2.25, 0, 0 
3, 76976, 548697312, 0.00, 100.00, 0.00, 2.25, 0, 0 
4, 76976, 549371430, 0.00, 100.00, 0.00, 2.25, 0, 0 
5, 76976, 549972904, 0.00, 100.00, 0.00, 2.25, 0, 0 
6, 76976, 550658103, 0.00, 100.00, 0.00, 2.25, 0, 0 
7, 76976, 551275405, 0.00, 100.00, 0.00, 2.25, 0, 0 
8, 76976, 551856913, 0.00, 100.00, 0.00, 2.25, 0, 0 
9, 76976, 552530006, 0.00, 100.00, 0.00, 2.25, 0, 0 
0, 76976, 553123399, 0.00, 100.00, 0.00, 2.25, 0, 0 
1, 76976, 553735571, 0.00, 100.00, 0.00, 2.25, 0, 0 
2, 76976, 554388673, 0.00, 100.00, 0.00, 2.25, 0, 0 
3, 76976, 555000121, 0.00, 100.00, 0.00, 2.25, 0, 0 
4, 76976, 555689937, 0.00, 100.00, 0.00, 2.25, 0, 0 
5, 76976, 556315649, 0.00, 100.00, 0.00, 2.25, 0, 0 
6, 76976, 556902442, 0.00, 100.00, 0.00, 2.25, 0, 0 
7, 76976, 557574015, 0.00, 100.00, 0.00, 2.25, 0, 0 
8, 76976, 558194247, 0.00, 100.00, 0.00, 2.25, 0, 0 
9, 76976, 558791685, 0.00, 100.00, 0.00, 2.25, 0, 0 
0, 76976, 559418565, 0.00, 100.00, 0.00, 2.25, 0, 0 
1, 76976, 560047100, 0.00, 100.00, 0.00, 2.25, 0, 0 
2, 76976, 560650639, 0.00, 100.00, 0.00, 2.25, 0, 0 
3, 76976, 561318317, 0.00, 100.00, 0.00, 2.25, 0, 0 
4, 76976, 561912112, 0.00, 100.00, 0.00, 2.25, 0, 0 
5, 76976, 562581622, 0.00, 100.00, 0.00, 2.25, 0, 0 
6, 76976, 563171609, 0.00, 100.00, 0.00, 2.25, 0, 0 
7, 76976, 563860787, 0.00, 100.00, 0.00, 2.25, 0, 0 
8, 76976, 564449469, 0.00, 100.00, 0.00, 2.25, 0, 0 
9, 76976, 565099785, 0.00, 100.00, 0.00, 2.25, 0, 0 
0, 76976, 565722419, 0.00, 100.00, 0.00, 2.25, 0, 0 
1, 76976, 566349078, 0.00, 100.00, 0.00, 2.25, 0, 0 
2, 76976, 567137411, 0.00, 100.00, 0.00, 2.25, 0, 0 
3, 76976, 567716045, 0.00, 100.00, 0.00, 2.25, 0, 0 
4, 76976, 568365247, 0.00, 100.00, 0.00, 2.25, 0, 0 
5, 76976, 568973191, 0.00, 100.00, 0.00, 2.25, 0, 0 
6, 76976, 569665001, 0.00, 100.00, 0.00, 2.25, 0, 0 
7, 76976, 570245113, 0.00, 100.00, 0.00, 2.25, 0, 0 
8, 76976, 570940357, 0.00, 100.00, 0.00, 2.25, 0, 0 
9, 76976, 571583873, 0.00, 100.00, 0.00, 2.25, 0, 0 
0, 76976, 572256752, 0.00, 100.00, 0.00, 2.25, 0, 0 
1, 76976, 572892202, 0.00, 100.00, 0.00, 2.25, 0, 0 
2, 76976, 573510452, 0.00, 100.00, 0.00, 2.25, 0, 0 
3, 76976, 574082673, 0.00, 100.00, 0.00, 2.25, 0, 0 
4, 76976, 574763895, 0.00, 100.00, 0.00, 2.25, 0, 0 
5, 76976, 575455273, 0.00, 100.00, 0.00, 2.25, 0, 0 
6, 76976, 576049997, 0.00, 100.00, 0.00, 2.25, 0, 0 
7, 76976, 576658166, 0.00, 100.00, 0.00, 2.25, 0, 0 
8, 76976, 577342653, 0.00, 100.00, 0.00, 2.25, 0, 0 
9, 76976, 577931237, 0.00, 100.00, 0.00, 2.25, 0, 0 
0, 76976, 578614051, 0.00, 100.00, 0.00, 2.25, 0, 0 
1, 76976, 579191491, 0.00, 100.00, 0.00, 2.25, 0, 0 
2, 76976, 579782744, 0.00, 100.00, 0.00, 2.25, 0, 0 
3, 76976, 580399789, 0.00, 100.00, 0.00, 2.25, 0, 0 
4, 76976, 581004460, 0.00, 100.00, 0.00, 2.25, 0, 0 
5, 76976, 581639646, 0.00, 100.00, 0.00, 2.25, 0, 0 
6, 76976, 582237938, 0.00, 100.00, 0.00, 2.25, 0, 0 
7, 76976, 582861687, 0.00, 100.00, 0.00, 2.25, 0, 0 
8, 76976, 583475192, 0.00, 100.00, 0.00, 2.25, 0, 0 
9, 76976, 584097568, 0.00, 100.00, 0.00, 2.25, 0, 0 
0, 76976, 584737723, 0.00, 100.00, 0.00, 2.25, 0, 0 
1, 76976, 585358621, 0.00, 100.00, 0.00, 2.25, 0, 0 
2, 76976, 585972846, 0.00, 100.00, 0.00, 2.25, 0, 0 
3, 76976, 586604554, 0.00, 100.00, 0.00, 2.25, 0, 0 
4, 76976, 587234110, 0.00, 100.00, 0.00, 2.25, 0, 0 
5, 76976, 587870518, 0.00, 100.00, 0.00, 2.25, 0, 0 
6, 76976, 588501700, 0.00, 100.00, 0.00, 2.25, 0, 0 
7, 76976, 589130819, 0.00, 100.00, 0.00, 2.25, 0, 0 
8, 76976, 589766283, 0.00, 100.00, 0.00, 2.25, 0, 0 
9, 76976, 590398114, 0.00, 100.00, 0.00, 2.25, 0, 0 
0, 76976, 591058170, 0.00, 100.00, 0.00, 2.25, 0, 0 
1, 76976, 591689011, 0.00, 100.00, 0.00, 2.25, 0, 0 
2, 76976, 592296806, 0.00, 100.00, 0.00, 2.25, 0, 0 
3, 76976, 592924664, 0.00, 100.00, 0.00, 2.25, 0, 0 
4, 76976, 593554015, 0.00, 100.00, 0.00, 2.25, 0, 0 
5, 76976, 594190602, 0.00, 100.00, 0.00, 2.25, 0, 0 
6, 76976, 594823123, 0.00, 100.00, 0.00, 2.25, 0, 0 
7, 76976, 595457983, 0.00, 100.00, 0.00, 2.25, 0, 0 
8, 76976, 596098782, 0.00, 100.00, 0.00, 2.25, 0, 0 
9, 76976, 596723702, 0.00, 100.00, 0.00, 2.25, 0, 0 
0, 76976, 597373881, 0.00, 100.00, 0.00, 2.25, 0, 0 
1, 76976, 598030037, 0.00, 100.00, 0.00, 2.25, 0, 0 
2, 76976, 598641250, 0.00, 100.00, 0.00, 2.25, 0, 0 
3, 76976, 599261754, 0.00, 100.00, 0.00, 2.25, 0, 0 
4, 76976, 599898126, 0.00, 100.00, 0.00, 2.25, 0, 0 
5, 76976, 600761507, 0.00, 100.00, 0.00, 2.25, 0, 0 
6, 76976, 601665492, 0.00, 100.00, 0.00, 2.25, 0, 0 
7, 76976, 602369356, 0.00, 100.00, 0.00, 2.25, 0, 0 
8, 76976, 602973953, 0.00, 100.00, 0.00, 2.25, 0, 0 
9, 76976, 603590426, 0.00, 100.00, 0.00, 2.25, 0, 0 
0, 76976, 604254025, 0.00, 100.00, 0.00, 2.25, 0, 0 
1, 76976, 604851393, 0.00, 100.00, 0.00, 2.25, 0, 0 
2, 76976, 605459627, 0.00, 100.00, 0.00, 2.25, 0, 0 
3, 76976, 606086445, 0.00, 100.00, 0.00, 2.25, 0, 0 
4, 76976, 606755074, 0.00, 100.00, 0.00, 2.25, 0, 0 
5, 76976, 607347574, 0.00, 100.00, 0.00, 2.25, 0, 0 
6, 76976, 607977945, 0.00, 100.00, 0.00, 2.25, 0, 0 
7, 76976, 608609585, 0.00, 100.00, 0.00, 2.25, 0, 0 
8, 76976, 609239909, 0.00, 100.00, 0.00, 2.25, 0, 0 
9, 76976, 609917510, 0.00, 100.00, 0.00, 2.25, 0, 0 
0, 76976, 610528822, 0.00, 100.00, 0.00, 2.25, 0, 0 
1, 76976, 611167279, 0.00, 100.00, 0.00, 2.25, 0, 0 
2, 76976, 611802301, 0.00, 100.00, 0.00, 2.25, 0, 0 
3, 76976, 612396951, 0.00, 100.00, 0.00, 2.25, 0, 0 
4, 76976, 613035760, 0.00, 100.00, 0.00, 2.25, 0, 0 
5, 76976, 613661021, 0.00, 100.00, 0.00, 2.25, 0, 0 
6, 76976, 614271468, 0.00, 100.00, 0.00, 2.25, 0, 0 
7, 76976, 614889224, 0.00, 100.00, 0.00, 2.25, 0, 0 
8, 76976, 615573321, 0.00, 100.00, 0.00, 2.25, 0, 0 
9, 76976, 616184949, 0.00, 100.00, 0.00, 2.25, 0, 0 
0, 76976, 616803050, 0.00, 100.00, 0.00, 2.25, 0, 0 
1, 76976, 617417832, 0.00, 100.00, 0.00, 2.25, 0, 0 
2, 76976, 618106900, 0.00, 100.00, 0.00, 2.25, 0, 0 
3, 76976, 618691783, 0.00, 100.00, 0.00, 2.25, 0, 0 
4, 76976, 619389980, 0.00, 100.00, 0.00, 2.25, 0, 0 
5, 76976, 619999266, 0.00, 100.00, 0.00, 2.25, 0, 0 
6, 76976, 620595693, 0.00, 100.00, 0.00, 2.25, 0, 0 
7, 76976, 621318566, 0.00, 100.00, 0.00, 2.25, 0, 0 
8, 76976, 622014010, 0.00, 100.00, 0.00, 2.25, 0, 0 
9, 76976, 622615890, 0.00, 100.00, 0.00, 2.25, 0, 0 
0, 76976, 623336647, 0.00, 100.00, 0.00, 2.25, 0, 0 
1, 76976, 623960358, 0.00, 100.00, 0.00, 2.25, 0, 0 
2, 76976, 624562487, 0.00, 100.00, 0.00, 2.25, 0, 0 
3, 76976, 625170790, 0.00, 100.00, 0.00, 2.25, 0, 0 
4, 76976, 625762052, 0.00, 100.00, 0.00, 2.25, 0, 0 
5, 76976, 626486430, 0.00, 100.00, 0.00, 2.25, 0, 0 
6, 76976, 627199362, 0.00, 100.00, 0.00, 2.25, 0, 0 
7, 76976, 627786573, 0.00, 100.00, 0.00, 2.25, 0, 0 
8, 76976, 628491010, 0.00, 100.00, 0.00, 2.25, 0, 0 
9, 76976, 629144872, 0.00, 100.00, 0.00, 2.25, 0, 0 
0, 76976, 629857638, 0.00, 100.00, 0.00, 2.25, 0, 0 
1, 76976, 630448197, 0.00, 100.00, 0.00, 2.25, 0, 0 
2, 76976, 631154775, 0.00, 100.00, 0.00, 2.25, 0, 0 
3, 76976, 631824641, 0.00, 100.00, 0.00, 2.25, 0, 0 
4, 76976, 632512967, 0.00, 100.00, 0.00, 2.25, 0, 0 
5, 76976, 633108422, 0.00, 100.00, 0.00, 2.25, 0, 0 
6, 76976, 633926988, 0.00, 100.00, 0.00, 2.25, 0, 0 
7, 76976, 634718162, 0.00, 100.00, 0.00, 2.25, 0, 0 
8, 76976, 635408554, 0.00, 100.00, 0.00, 2.25, 0, 0 
9, 76976, 636105760, 0.00, 100.00, 0.00, 2.25, 0, 0 
0, 76976, 636824001, 0.00, 100.00, 0.00, 2.25, 0, 0 
1, 76976, 637405844, 0.00, 100.00, 0.00, 2.25, 0, 0 
2, 76976, 638142762, 0.00, 100.00, 0.00, 2.25, 0, 0 
3, 76976, 638852577, 0.00, 100.00, 0.00, 2.25, 0, 0 
4, 76976, 639436090, 0.00, 100.00, 0.00, 2.25, 0, 0 
5, 76976, 640141907, 0.00, 100.00, 0.00, 2.25, 0, 0 
6, 76976, 640828566, 0.00, 100.00, 0.00, 2.25, 0, 0 
7, 76976, 641591034, 0.00, 100.00, 0.00, 2.25, 0, 0 
8, 76976, 642305674, 0.00, 100.00, 0.00, 2.25, 0, 0 
9, 76976, 643021946, 0.00, 100.00, 0.00, 2.25, 0, 0 
0, 76976, 643617242, 0.00, 100.00, 0.00, 2.25, 0, 0 
1, 76976, 644250482, 0.00, 100.00, 0.00, 2.25, 0, 0 
2, 76976, 644931795, 0.00, 100.00, 0.00, 2.25, 0, 0 
3, 76976, 645532819, 0.00, 100.00, 0.00, 2.25, 0, 0 
4, 76976, 646146425, 0.00, 100.00, 0.00, 2.25, 0, 0 
5, 76976, 646785132, 0.00, 100.00, 0.00, 2.25, 0, 0 
6, 76976, 647385269, 0.00, 100.00, 0.00, 2.25, 0, 0 
7, 76976, 647980488, 0.00, 100.00, 0.00, 2.25, 0, 0 
8, 76976, 648579580, 0.00, 100.00, 0.00, 2.25, 0, 0 
9, 76976, 649165155, 0.00, 100.00, 0.00, 2.25, 0, 0 
0, 76976, 649785766, 0.00, 100.00, 0.00, 2.25, 0, 0 
1, 76976, 650419889, 0.00, 100.00, 0.00, 2.25, 0, 0 
2, 76976, 651030927, 0.00, 100.00, 0.00, 2.25, 0, 0 
3, 76976, 651703738, 0.00, 100.00, 0.00, 2.25, 0, 0 
4, 76976, 652292028, 0.00, 100.00, 0.00, 2.25, 0, 0 
5, 76976, 653004817, 0.00, 100.00, 0.00, 2.25, 0, 0 
6, 76976, 653711804, 0.00, 100.00, 0.00, 2.25, 0, 0 
7, 76976, 654305959, 0.00, 100.00, 0.00, 2.25, 0, 0 
8, 76976, 655027739, 0.00, 100.00, 0.00, 2.25, 0, 0 
9, 76976, 655743029, 0.00, 100.00, 0.00, 2.25, 0, 0 
0, 76976, 656356615, 0.00, 100.00, 0.00, 2.25, 0, 0 
1, 76976, 657015088, 0.00, 100.00, 0.00, 2.25, 0, 0 
2, 76976, 657609565, 0.00, 100.00, 0.00, 2.25, 0, 0 
3, 76976, 658270555, 0.00, 100.00, 0.00, 2.25, 0, 0 
4, 76976, 658894413, 0.00, 100.00, 0.00, 2.25, 0, 0 
5, 76976, 659527969, 0.00, 100.00, 0.00, 2.25, 0, 0 
6, 76976, 660146090, 0.00, 100.00, 0.00, 2.25, 0, 0 
7, 76976, 660766006, 0.00, 100.00, 0.00, 2.25, 0, 0 
8, 76976, 661390576, 0.00, 100.00, 0.00, 2.25, 0, 0 
9, 76976, 662061542, 0.00, 100.00, 0.00, 2.25, 0, 0 
0, 76976, 662679469, 0.00, 100.00, 0.00, 2.25, 0, 0 
1, 76976, 663302129, 0.00, 100.00, 0.00, 2.25, 0, 0 
2, 76976, 663910377, 0.00, 100.00, 0.00, 2.25, 0, 0 
3, 76976, 664546257, 0.00, 100.00, 0.00, 2.25, 0, 0 
4, 76976, 665172364, 0.00, 100.00, 0.00, 2.25, 0, 0 
5, 76976, 665816140, 0.00, 100.00, 0.00, 2.25, 0, 0 
6, 76976, 666483535, 0.00, 100.00, 0.00, 2.25, 0, 0 
7, 76976, 667076960, 0.00, 100.00, 0.00, 2.25, 0, 0 
8, 76976, 667695680, 0.00, 100.00, 0.00, 2.25, 0, 0 
9, 76976, 668324652, 0.00, 100.00, 0.00, 2.25, 0, 0 
0, 76976, 668946697, 0.00, 100.00, 0.00, 2.25, 0, 0 
1, 76976, 669605959, 0.00, 100.00, 0.00, 2.25, 0, 0 
2, 76976, 670214259, 0.00, 100.00, 0.00, 2.25, 0, 0 
3, 76976, 670885963, 0.00, 100.00, 0.00, 2.25, 0, 0 
4, 76976, 671496176, 0.00, 100.00, 0.00, 2.25, 0, 0 
5, 76976, 672091624, 0.00, 100.00, 0.00, 2.25, 0, 0 
6, 76976, 672717315, 0.00, 100.00, 0.00, 2.25, 0, 0 
7, 76976, 673407255, 0.00, 100.00, 0.00, 2.25, 0, 0 
8, 76976, 674025383, 0.00, 100.00, 0.00, 2.25, 0, 0 
9, 76976, 674640572, 0.00, 100.00, 0.00, 2.25, 0, 0 
