Wed Nov 28 13:33:09 2018
StepTime, x, v, f, xdes, vdes, fdes, cmd, IR, LSB, LSF
0, 74330, 244480522, 0.00, 100.00, 0.00, 2.25, 0, 0 
1, 74330, 245798526, 0.00, 100.00, 0.00, 2.25, 0, 0 
2, 74330, 246840227, 0.00, 100.00, 0.00, 2.25, 0, 0 
3, 74330, 247975754, 0.00, 100.00, 0.00, 2.25, 0, 0 
4, 74330, 249434653, 0.00, 100.00, 0.00, 2.25, 0, 0 
5, 74330, 250817772, 0.00, 100.00, 0.00, 2.25, 0, 0 
6, 74330, 252076153, 0.00, 100.00, 0.00, 2.25, 0, 0 
7, 74330, 253382604, 0.00, 100.00, 0.00, 2.25, 0, 0 
8, 74330, 254611136, 0.00, 100.00, 0.00, 2.25, 0, 0 
9, 74330, 255754069, 0.00, 100.00, 0.00, 2.25, 0, 0 
0, 74330, 256876048, 0.00, 100.00, 0.00, 2.25, 0, 0 
1, 74330, 257964423, 0.00, 100.00, 0.00, 2.25, 0, 0 
2, 74330, 258980464, 0.00, 100.00, 0.00, 2.25, 0, 0 
3, 74330, 259987129, 0.00, 100.00, 0.00, 2.25, 0, 0 
4, 74330, 261022198, 0.00, 100.00, 0.00, 2.25, 0, 0 
5, 74330, 261828821, 0.00, 100.00, 0.00, 2.25, 0, 0 
6, 74330, 262222586, 0.00, 100.00, 0.00, 2.25, 0, 0 
7, 74330, 262738351, 0.00, 100.00, 0.00, 2.25, 0, 0 
8, 74330, 263738609, 0.00, 100.00, 0.00, 2.25, 0, 0 
9, 74330, 264289027, 0.00, 100.00, 0.00, 2.25, 0, 0 
0, 74330, 265206522, 0.00, 100.00, 0.00, 2.25, 0, 0 
1, 74330, 266065285, 0.00, 100.00, 0.00, 2.25, 0, 0 
2, 74330, 266683297, 0.00, 100.00, 0.00, 2.25, 0, 0 
3, 74330, 267200745, 0.00, 100.00, 0.00, 2.25, 0, 0 
4, 74330, 267732695, 0.00, 100.00, 0.00, 2.25, 0, 0 
5, 74330, 268521390, 0.00, 100.00, 0.00, 2.25, 0, 0 
6, 74330, 269015136, 0.00, 100.00, 0.00, 2.25, 0, 0 
7, 74330, 269641501, 0.00, 100.00, 0.00, 2.25, 0, 0 
8, 74330, 270150511, 0.00, 100.00, 0.00, 2.25, 0, 0 
9, 74330, 270684333, 0.00, 100.00, 0.00, 2.25, 0, 0 
0, 74330, 271249101, 0.00, 100.00, 0.00, 2.25, 0, 0 
1, 74330, 271811597, 0.00, 100.00, 0.00, 2.25, 0, 0 
2, 74330, 272366818, 0.00, 100.00, 0.00, 2.25, 0, 0 
3, 74330, 272925954, 0.00, 100.00, 0.00, 2.25, 0, 0 
4, 74330, 273210174, 0.00, 100.00, 0.00, 2.25, 0, 0 
5, 74330, 273789869, 0.00, 100.00, 0.00, 2.25, 0, 0 
6, 74330, 274368778, 0.00, 100.00, 0.00, 2.25, 0, 0 
7, 74330, 274946776, 0.00, 100.00, 0.00, 2.25, 0, 0 
8, 74330, 275526704, 0.00, 100.00, 0.00, 2.25, 0, 0 
9, 74330, 275815653, 0.00, 100.00, 0.00, 2.25, 0, 0 
0, 74330, 276361898, 0.00, 100.00, 0.00, 2.25, 0, 0 
1, 74330, 276882273, 0.00, 100.00, 0.00, 2.25, 0, 0 
2, 74330, 277389724, 0.00, 100.00, 0.00, 2.25, 0, 0 
3, 74330, 277924916, 0.00, 100.00, 0.00, 2.25, 0, 0 
4, 74330, 278474065, 0.00, 100.00, 0.00, 2.25, 0, 0 
5, 74330, 279069763, 0.00, 100.00, 0.00, 2.25, 0, 0 
6, 74330, 279531655, 0.00, 100.00, 0.00, 2.25, 0, 0 
7, 74330, 280069233, 0.00, 100.00, 0.00, 2.25, 0, 0 
8, 74330, 280584266, 0.00, 100.00, 0.00, 2.25, 0, 0 
9, 74330, 281097557, 0.00, 100.00, 0.00, 2.25, 0, 0 
0, 74330, 281631373, 0.00, 100.00, 0.00, 2.25, 0, 0 
1, 74330, 282152426, 0.00, 100.00, 0.00, 2.25, 0, 0 
2, 74330, 282663107, 0.00, 100.00, 0.00, 2.25, 0, 0 
3, 74330, 283185799, 0.00, 100.00, 0.00, 2.25, 0, 0 
4, 74330, 283705919, 0.00, 100.00, 0.00, 2.25, 0, 0 
5, 74330, 284227494, 0.00, 100.00, 0.00, 2.25, 0, 0 
6, 74330, 284788950, 0.00, 100.00, 0.00, 2.25, 0, 0 
7, 74330, 285271794, 0.00, 100.00, 0.00, 2.25, 0, 0 
8, 74330, 285790484, 0.00, 100.00, 0.00, 2.25, 0, 0 
9, 74330, 286312093, 0.00, 100.00, 0.00, 2.25, 0, 0 
0, 74330, 286842920, 0.00, 100.00, 0.00, 2.25, 0, 0 
1, 74330, 287366173, 0.00, 100.00, 0.00, 2.25, 0, 0 
2, 74330, 287877906, 0.00, 100.00, 0.00, 2.25, 0, 0 
3, 74330, 288408603, 0.00, 100.00, 0.00, 2.25, 0, 0 
4, 74330, 288932578, 0.00, 100.00, 0.00, 2.25, 0, 0 
5, 74330, 289597173, 0.00, 100.00, 0.00, 2.25, 0, 0 
6, 74330, 289995624, 0.00, 100.00, 0.00, 2.25, 0, 0 
7, 74330, 290555242, 0.00, 100.00, 0.00, 2.25, 0, 0 
8, 74330, 291057434, 0.00, 100.00, 0.00, 2.25, 0, 0 
9, 74330, 291579567, 0.00, 100.00, 0.00, 2.25, 0, 0 
0, 74330, 292094233, 0.00, 100.00, 0.00, 2.25, 0, 0 
1, 74330, 292632558, 0.00, 100.00, 0.00, 2.25, 0, 0 
2, 74330, 293117309, 0.00, 100.00, 0.00, 2.25, 0, 0 
3, 74330, 293636647, 0.00, 100.00, 0.00, 2.25, 0, 0 
4, 74330, 294158226, 0.00, 100.00, 0.00, 2.25, 0, 0 
5, 74330, 294677102, 0.00, 100.00, 0.00, 2.25, 0, 0 
6, 74330, 295198520, 0.00, 100.00, 0.00, 2.25, 0, 0 
7, 74330, 295722340, 0.00, 100.00, 0.00, 2.25, 0, 0 
8, 74330, 296284302, 0.00, 100.00, 0.00, 2.25, 0, 0 
9, 74330, 296804038, 0.00, 100.00, 0.00, 2.25, 0, 0 
0, 74330, 297297318, 0.00, 100.00, 0.00, 2.25, 0, 0 
1, 74330, 297815634, 0.00, 100.00, 0.00, 2.25, 0, 0 
2, 74330, 298327317, 0.00, 100.00, 0.00, 2.25, 0, 0 
3, 74330, 298848918, 0.00, 100.00, 0.00, 2.25, 0, 0 
4, 74330, 299369924, 0.00, 100.00, 0.00, 2.25, 0, 0 
5, 74330, 299891042, 0.00, 100.00, 0.00, 2.25, 0, 0 
6, 74330, 300415268, 0.00, 100.00, 0.00, 2.25, 0, 0 
7, 74330, 300944305, 0.00, 100.00, 0.00, 2.25, 0, 0 
8, 74330, 301472049, 0.00, 100.00, 0.00, 2.25, 0, 0 
9, 74330, 301989144, 0.00, 100.00, 0.00, 2.25, 0, 0 
0, 74330, 302523812, 0.00, 100.00, 0.00, 2.25, 0, 0 
1, 74330, 303043619, 0.00, 100.00, 0.00, 2.25, 0, 0 
2, 74330, 303553528, 0.00, 100.00, 0.00, 2.25, 0, 0 
3, 74330, 304084027, 0.00, 100.00, 0.00, 2.25, 0, 0 
4, 74330, 304600533, 0.00, 100.00, 0.00, 2.25, 0, 0 
5, 74330, 305120675, 0.00, 100.00, 0.00, 2.25, 0, 0 
6, 74330, 305642099, 0.00, 100.00, 0.00, 2.25, 0, 0 
7, 74330, 306164750, 0.00, 100.00, 0.00, 2.25, 0, 0 
8, 74330, 306685593, 0.00, 100.00, 0.00, 2.25, 0, 0 
9, 74330, 307206780, 0.00, 100.00, 0.00, 2.25, 0, 0 
0, 74330, 307740513, 0.00, 100.00, 0.00, 2.25, 0, 0 
1, 74330, 308267450, 0.00, 100.00, 0.00, 2.25, 0, 0 
2, 74330, 308783411, 0.00, 100.00, 0.00, 2.25, 0, 0 
3, 74330, 309295680, 0.00, 100.00, 0.00, 2.25, 0, 0 
4, 74330, 309813875, 0.00, 100.00, 0.00, 2.25, 0, 0 
5, 74330, 310334291, 0.00, 100.00, 0.00, 2.25, 0, 0 
6, 74330, 310862833, 0.00, 100.00, 0.00, 2.25, 0, 0 
7, 74330, 311384247, 0.00, 100.00, 0.00, 2.25, 0, 0 
8, 74330, 311905558, 0.00, 100.00, 0.00, 2.25, 0, 0 
9, 74330, 312429725, 0.00, 100.00, 0.00, 2.25, 0, 0 
0, 74330, 312960266, 0.00, 100.00, 0.00, 2.25, 0, 0 
1, 74330, 313529918, 0.00, 100.00, 0.00, 2.25, 0, 0 
2, 74330, 313998934, 0.00, 100.00, 0.00, 2.25, 0, 0 
3, 74330, 314519582, 0.00, 100.00, 0.00, 2.25, 0, 0 
4, 74330, 315038485, 0.00, 100.00, 0.00, 2.25, 0, 0 
5, 74330, 315558820, 0.00, 100.00, 0.00, 2.25, 0, 0 
6, 74330, 316124213, 0.00, 100.00, 0.00, 2.25, 0, 0 
7, 74330, 316609079, 0.00, 100.00, 0.00, 2.25, 0, 0 
8, 74330, 317126967, 0.00, 100.00, 0.00, 2.25, 0, 0 
9, 74330, 317645749, 0.00, 100.00, 0.00, 2.25, 0, 0 
0, 74330, 318174630, 0.00, 100.00, 0.00, 2.25, 0, 0 
1, 74330, 318694682, 0.00, 100.00, 0.00, 2.25, 0, 0 
2, 74330, 319208931, 0.00, 100.00, 0.00, 2.25, 0, 0 
3, 74330, 319728962, 0.00, 100.00, 0.00, 2.25, 0, 0 
4, 74330, 320298727, 0.00, 100.00, 0.00, 2.25, 0, 0 
5, 74330, 320798172, 0.00, 100.00, 0.00, 2.25, 0, 0 
6, 74330, 321332397, 0.00, 100.00, 0.00, 2.25, 0, 0 
7, 74330, 321829610, 0.00, 100.00, 0.00, 2.25, 0, 0 
8, 74330, 322420891, 0.00, 100.00, 0.00, 2.25, 0, 0 
9, 74330, 322896967, 0.00, 100.00, 0.00, 2.25, 0, 0 
0, 74330, 323418780, 0.00, 100.00, 0.00, 2.25, 0, 0 
1, 74330, 323963901, 0.00, 100.00, 0.00, 2.25, 0, 0 
2, 74330, 324458371, 0.00, 100.00, 0.00, 2.25, 0, 0 
3, 74330, 324975058, 0.00, 100.00, 0.00, 2.25, 0, 0 
4, 74330, 325500338, 0.00, 100.00, 0.00, 2.25, 0, 0 
5, 74330, 326021689, 0.00, 100.00, 0.00, 2.25, 0, 0 
6, 74330, 326539378, 0.00, 100.00, 0.00, 2.25, 0, 0 
7, 74330, 327061181, 0.00, 100.00, 0.00, 2.25, 0, 0 
8, 74330, 327582776, 0.00, 100.00, 0.00, 2.25, 0, 0 
9, 74330, 328104367, 0.00, 100.00, 0.00, 2.25, 0, 0 
0, 74330, 328633213, 0.00, 100.00, 0.00, 2.25, 0, 0 
1, 74330, 329157234, 0.00, 100.00, 0.00, 2.25, 0, 0 
2, 74330, 329669884, 0.00, 100.00, 0.00, 2.25, 0, 0 
3, 74330, 330188421, 0.00, 100.00, 0.00, 2.25, 0, 0 
4, 74330, 330706792, 0.00, 100.00, 0.00, 2.25, 0, 0 
5, 74330, 331226259, 0.00, 100.00, 0.00, 2.25, 0, 0 
6, 74330, 331780362, 0.00, 100.00, 0.00, 2.25, 0, 0 
7, 74330, 332281986, 0.00, 100.00, 0.00, 2.25, 0, 0 
8, 74330, 332840892, 0.00, 100.00, 0.00, 2.25, 0, 0 
9, 74330, 333325561, 0.00, 100.00, 0.00, 2.25, 0, 0 
0, 74330, 333882740, 0.00, 100.00, 0.00, 2.25, 0, 0 
1, 74330, 334416194, 0.00, 100.00, 0.00, 2.25, 0, 0 
2, 74330, 334892488, 0.00, 100.00, 0.00, 2.25, 0, 0 
3, 74330, 335409381, 0.00, 100.00, 0.00, 2.25, 0, 0 
4, 74330, 335923638, 0.00, 100.00, 0.00, 2.25, 0, 0 
5, 74330, 336448979, 0.00, 100.00, 0.00, 2.25, 0, 0 
6, 74330, 337011080, 0.00, 100.00, 0.00, 2.25, 0, 0 
7, 74330, 337529615, 0.00, 100.00, 0.00, 2.25, 0, 0 
8, 74330, 338017691, 0.00, 100.00, 0.00, 2.25, 0, 0 
9, 74330, 338543078, 0.00, 100.00, 0.00, 2.25, 0, 0 
0, 74330, 339159301, 0.00, 100.00, 0.00, 2.25, 0, 0 
1, 74330, 339846384, 0.00, 100.00, 0.00, 2.25, 0, 0 
2, 74330, 340311991, 0.00, 100.00, 0.00, 2.25, 0, 0 
3, 74330, 340843912, 0.00, 100.00, 0.00, 2.25, 0, 0 
4, 74330, 341363182, 0.00, 100.00, 0.00, 2.25, 0, 0 
5, 74330, 341884294, 0.00, 100.00, 0.00, 2.25, 0, 0 
6, 74330, 342366645, 0.00, 100.00, 0.00, 2.25, 0, 0 
7, 74330, 342885844, 0.00, 100.00, 0.00, 2.25, 0, 0 
8, 74330, 343405406, 0.00, 100.00, 0.00, 2.25, 0, 0 
9, 74330, 343925870, 0.00, 100.00, 0.00, 2.25, 0, 0 
0, 74330, 344458180, 0.00, 100.00, 0.00, 2.25, 0, 0 
1, 74330, 344978434, 0.00, 100.00, 0.00, 2.25, 0, 0 
2, 74330, 345493364, 0.00, 100.00, 0.00, 2.25, 0, 0 
3, 74330, 346011158, 0.00, 100.00, 0.00, 2.25, 0, 0 
4, 74330, 346536928, 0.00, 100.00, 0.00, 2.25, 0, 0 
5, 74330, 347052040, 0.00, 100.00, 0.00, 2.25, 0, 0 
6, 74330, 347573491, 0.00, 100.00, 0.00, 2.25, 0, 0 
7, 74330, 348096329, 0.00, 100.00, 0.00, 2.25, 0, 0 
8, 74330, 348620316, 0.00, 100.00, 0.00, 2.25, 0, 0 
9, 74330, 349136808, 0.00, 100.00, 0.00, 2.25, 0, 0 
0, 74330, 349721131, 0.00, 100.00, 0.00, 2.25, 0, 0 
1, 74330, 350192546, 0.00, 100.00, 0.00, 2.25, 0, 0 
2, 74330, 350707863, 0.00, 100.00, 0.00, 2.25, 0, 0 
3, 74330, 351226816, 0.00, 100.00, 0.00, 2.25, 0, 0 
4, 74330, 351786133, 0.00, 100.00, 0.00, 2.25, 0, 0 
5, 74330, 352271008, 0.00, 100.00, 0.00, 2.25, 0, 0 
6, 74330, 352791675, 0.00, 100.00, 0.00, 2.25, 0, 0 
7, 74330, 353311580, 0.00, 100.00, 0.00, 2.25, 0, 0 
8, 74330, 353833331, 0.00, 100.00, 0.00, 2.25, 0, 0 
9, 74330, 354353930, 0.00, 100.00, 0.00, 2.25, 0, 0 
0, 74330, 354887861, 0.00, 100.00, 0.00, 2.25, 0, 0 
1, 74330, 355407605, 0.00, 100.00, 0.00, 2.25, 0, 0 
2, 74330, 355919842, 0.00, 100.00, 0.00, 2.25, 0, 0 
3, 74330, 356440128, 0.00, 100.00, 0.00, 2.25, 0, 0 
4, 74330, 357007644, 0.00, 100.00, 0.00, 2.25, 0, 0 
5, 74330, 357526740, 0.00, 100.00, 0.00, 2.25, 0, 0 
6, 74330, 358012088, 0.00, 100.00, 0.00, 2.25, 0, 0 
7, 74330, 358527165, 0.00, 100.00, 0.00, 2.25, 0, 0 
8, 74330, 359047347, 0.00, 100.00, 0.00, 2.25, 0, 0 
9, 74330, 359568140, 0.00, 100.00, 0.00, 2.25, 0, 0 
0, 74330, 360101204, 0.00, 100.00, 0.00, 2.25, 0, 0 
1, 74330, 360625168, 0.00, 100.00, 0.00, 2.25, 0, 0 
2, 74330, 361139828, 0.00, 100.00, 0.00, 2.25, 0, 0 
3, 74330, 361658897, 0.00, 100.00, 0.00, 2.25, 0, 0 
4, 74330, 362176351, 0.00, 100.00, 0.00, 2.25, 0, 0 
5, 74330, 362704903, 0.00, 100.00, 0.00, 2.25, 0, 0 
6, 74330, 363238430, 0.00, 100.00, 0.00, 2.25, 0, 0 
7, 74330, 363795325, 0.00, 100.00, 0.00, 2.25, 0, 0 
8, 74330, 364316906, 0.00, 100.00, 0.00, 2.25, 0, 0 
9, 74330, 364827692, 0.00, 100.00, 0.00, 2.25, 0, 0 
0, 74330, 365364686, 0.00, 100.00, 0.00, 2.25, 0, 0 
1, 74330, 365842292, 0.00, 100.00, 0.00, 2.25, 0, 0 
2, 74330, 366356935, 0.00, 100.00, 0.00, 2.25, 0, 0 
3, 74330, 366872508, 0.00, 100.00, 0.00, 2.25, 0, 0 
4, 74330, 367397690, 0.00, 100.00, 0.00, 2.25, 0, 0 
5, 74330, 367915075, 0.00, 100.00, 0.00, 2.25, 0, 0 
6, 74330, 368437902, 0.00, 100.00, 0.00, 2.25, 0, 0 
7, 74330, 368956912, 0.00, 100.00, 0.00, 2.25, 0, 0 
8, 74330, 369479684, 0.00, 100.00, 0.00, 2.25, 0, 0 
9, 74330, 370003616, 0.00, 100.00, 0.00, 2.25, 0, 0 
0, 74330, 370529981, 0.00, 100.00, 0.00, 2.25, 0, 0 
1, 74330, 371056082, 0.00, 100.00, 0.00, 2.25, 0, 0 
2, 74330, 371571042, 0.00, 100.00, 0.00, 2.25, 0, 0 
3, 74330, 372096273, 0.00, 100.00, 0.00, 2.25, 0, 0 
4, 74330, 372732417, 0.00, 100.00, 0.00, 2.25, 0, 0 
5, 74330, 373274562, 0.00, 100.00, 0.00, 2.25, 0, 0 
6, 74330, 373785691, 0.00, 100.00, 0.00, 2.25, 0, 0 
7, 74330, 374310323, 0.00, 100.00, 0.00, 2.25, 0, 0 
8, 74330, 374803624, 0.00, 100.00, 0.00, 2.25, 0, 0 
9, 74330, 375326155, 0.00, 100.00, 0.00, 2.25, 0, 0 
0, 74330, 375857756, 0.00, 100.00, 0.00, 2.25, 0, 0 
1, 74330, 376380050, 0.00, 100.00, 0.00, 2.25, 0, 0 
2, 74330, 376892874, 0.00, 100.00, 0.00, 2.25, 0, 0 
3, 74330, 377412028, 0.00, 100.00, 0.00, 2.25, 0, 0 
4, 74330, 377956327, 0.00, 100.00, 0.00, 2.25, 0, 0 
5, 74330, 378454048, 0.00, 100.00, 0.00, 2.25, 0, 0 
6, 74330, 378975579, 0.00, 100.00, 0.00, 2.25, 0, 0 
7, 74330, 379519980, 0.00, 100.00, 0.00, 2.25, 0, 0 
8, 74330, 380044981, 0.00, 100.00, 0.00, 2.25, 0, 0 
9, 74330, 380605252, 0.00, 100.00, 0.00, 2.25, 0, 0 
0, 74330, 381069018, 0.00, 100.00, 0.00, 2.25, 0, 0 
1, 74330, 381594591, 0.00, 100.00, 0.00, 2.25, 0, 0 
2, 74330, 382106180, 0.00, 100.00, 0.00, 2.25, 0, 0 
3, 74330, 382625455, 0.00, 100.00, 0.00, 2.25, 0, 0 
4, 74330, 383168487, 0.00, 100.00, 0.00, 2.25, 0, 0 
5, 74330, 383690057, 0.00, 100.00, 0.00, 2.25, 0, 0 
6, 74330, 384231332, 0.00, 100.00, 0.00, 2.25, 0, 0 
7, 74330, 384760036, 0.00, 100.00, 0.00, 2.25, 0, 0 
8, 74330, 385276221, 0.00, 100.00, 0.00, 2.25, 0, 0 
9, 74330, 385756988, 0.00, 100.00, 0.00, 2.25, 0, 0 
0, 74330, 386325829, 0.00, 100.00, 0.00, 2.25, 0, 0 
1, 74330, 386807028, 0.00, 100.00, 0.00, 2.25, 0, 0 
2, 74330, 387317294, 0.00, 100.00, 0.00, 2.25, 0, 0 
3, 74330, 387844649, 0.00, 100.00, 0.00, 2.25, 0, 0 
4, 74330, 388362549, 0.00, 100.00, 0.00, 2.25, 0, 0 
5, 74330, 388910064, 0.00, 100.00, 0.00, 2.25, 0, 0 
6, 74330, 389431007, 0.00, 100.00, 0.00, 2.25, 0, 0 
7, 74330, 389952374, 0.00, 100.00, 0.00, 2.25, 0, 0 
8, 74330, 390449692, 0.00, 100.00, 0.00, 2.25, 0, 0 
9, 74330, 390970096, 0.00, 100.00, 0.00, 2.25, 0, 0 
0, 74330, 391500239, 0.00, 100.00, 0.00, 2.25, 0, 0 
1, 74330, 392033449, 0.00, 100.00, 0.00, 2.25, 0, 0 
2, 74330, 392535989, 0.00, 100.00, 0.00, 2.25, 0, 0 
3, 74330, 393104964, 0.00, 100.00, 0.00, 2.25, 0, 0 
4, 74330, 393595611, 0.00, 100.00, 0.00, 2.25, 0, 0 
5, 74330, 394144000, 0.00, 100.00, 0.00, 2.25, 0, 0 
6, 74330, 394658803, 0.00, 100.00, 0.00, 2.25, 0, 0 
7, 74330, 395176221, 0.00, 100.00, 0.00, 2.25, 0, 0 
8, 74330, 395705721, 0.00, 100.00, 0.00, 2.25, 0, 0 
9, 74330, 396229595, 0.00, 100.00, 0.00, 2.25, 0, 0 
0, 74330, 396798047, 0.00, 100.00, 0.00, 2.25, 0, 0 
1, 74330, 397277516, 0.00, 100.00, 0.00, 2.25, 0, 0 
2, 74330, 397792793, 0.00, 100.00, 0.00, 2.25, 0, 0 
3, 74330, 398310840, 0.00, 100.00, 0.00, 2.25, 0, 0 
4, 74330, 398831496, 0.00, 100.00, 0.00, 2.25, 0, 0 
5, 74330, 399350129, 0.00, 100.00, 0.00, 2.25, 0, 0 
6, 74330, 399869910, 0.00, 100.00, 0.00, 2.25, 0, 0 
7, 74330, 400393954, 0.00, 100.00, 0.00, 2.25, 0, 0 
8, 74330, 400914285, 0.00, 100.00, 0.00, 2.25, 0, 0 
9, 74330, 401481557, 0.00, 100.00, 0.00, 2.25, 0, 0 
0, 74330, 401966929, 0.00, 100.00, 0.00, 2.25, 0, 0 
1, 74330, 402485871, 0.00, 100.00, 0.00, 2.25, 0, 0 
2, 74330, 403003650, 0.00, 100.00, 0.00, 2.25, 0, 0 
3, 74330, 403523161, 0.00, 100.00, 0.00, 2.25, 0, 0 
4, 74330, 404055600, 0.00, 100.00, 0.00, 2.25, 0, 0 
5, 74330, 404572646, 0.00, 100.00, 0.00, 2.25, 0, 0 
6, 74330, 405090467, 0.00, 100.00, 0.00, 2.25, 0, 0 
7, 74330, 405619560, 0.00, 100.00, 0.00, 2.25, 0, 0 
8, 74330, 406344109, 0.00, 100.00, 0.00, 2.25, 0, 0 
9, 74330, 406959072, 0.00, 100.00, 0.00, 2.25, 0, 0 
0, 74330, 407452358, 0.00, 100.00, 0.00, 2.25, 0, 0 
1, 74330, 407955329, 0.00, 100.00, 0.00, 2.25, 0, 0 
2, 74330, 408463462, 0.00, 100.00, 0.00, 2.25, 0, 0 
3, 74330, 408981001, 0.00, 100.00, 0.00, 2.25, 0, 0 
4, 74330, 409501207, 0.00, 100.00, 0.00, 2.25, 0, 0 
5, 74330, 410024562, 0.00, 100.00, 0.00, 2.25, 0, 0 
6, 74330, 410543197, 0.00, 100.00, 0.00, 2.25, 0, 0 
7, 74330, 411064372, 0.00, 100.00, 0.00, 2.25, 0, 0 
8, 74330, 411585899, 0.00, 100.00, 0.00, 2.25, 0, 0 
9, 74330, 412147997, 0.00, 100.00, 0.00, 2.25, 0, 0 
0, 74330, 412638530, 0.00, 100.00, 0.00, 2.25, 0, 0 
1, 74330, 413162003, 0.00, 100.00, 0.00, 2.25, 0, 0 
2, 74330, 413676299, 0.00, 100.00, 0.00, 2.25, 0, 0 
3, 74330, 414192161, 0.00, 100.00, 0.00, 2.25, 0, 0 
4, 74330, 414715011, 0.00, 100.00, 0.00, 2.25, 0, 0 
5, 74330, 415235828, 0.00, 100.00, 0.00, 2.25, 0, 0 
6, 74330, 415757265, 0.00, 100.00, 0.00, 2.25, 0, 0 
7, 74330, 416287028, 0.00, 100.00, 0.00, 2.25, 0, 0 
8, 74330, 416801801, 0.00, 100.00, 0.00, 2.25, 0, 0 
9, 74330, 417322501, 0.00, 100.00, 0.00, 2.25, 0, 0 
0, 74330, 417852027, 0.00, 100.00, 0.00, 2.25, 0, 0 
1, 74330, 418376981, 0.00, 100.00, 0.00, 2.25, 0, 0 
2, 74330, 418889570, 0.00, 100.00, 0.00, 2.25, 0, 0 
3, 74330, 419406555, 0.00, 100.00, 0.00, 2.25, 0, 0 
4, 74330, 419925958, 0.00, 100.00, 0.00, 2.25, 0, 0 
5, 74330, 420448251, 0.00, 100.00, 0.00, 2.25, 0, 0 
6, 74330, 420972517, 0.00, 100.00, 0.00, 2.25, 0, 0 
7, 74330, 421491219, 0.00, 100.00, 0.00, 2.25, 0, 0 
8, 74330, 422014990, 0.00, 100.00, 0.00, 2.25, 0, 0 
9, 74330, 422533808, 0.00, 100.00, 0.00, 2.25, 0, 0 
0, 74330, 423062095, 0.00, 100.00, 0.00, 2.25, 0, 0 
1, 74330, 423593953, 0.00, 100.00, 0.00, 2.25, 0, 0 
2, 74330, 424118616, 0.00, 100.00, 0.00, 2.25, 0, 0 
3, 74330, 424630557, 0.00, 100.00, 0.00, 2.25, 0, 0 
4, 74330, 425149903, 0.00, 100.00, 0.00, 2.25, 0, 0 
5, 74330, 425668979, 0.00, 100.00, 0.00, 2.25, 0, 0 
6, 74330, 426222287, 0.00, 100.00, 0.00, 2.25, 0, 0 
7, 74330, 426737341, 0.00, 100.00, 0.00, 2.25, 0, 0 
8, 74330, 427261061, 0.00, 100.00, 0.00, 2.25, 0, 0 
9, 74330, 427777027, 0.00, 100.00, 0.00, 2.25, 0, 0 
0, 74330, 428286221, 0.00, 100.00, 0.00, 2.25, 0, 0 
1, 74330, 428807721, 0.00, 100.00, 0.00, 2.25, 0, 0 
2, 74330, 429318603, 0.00, 100.00, 0.00, 2.25, 0, 0 
3, 74330, 429839063, 0.00, 100.00, 0.00, 2.25, 0, 0 
4, 74330, 430361548, 0.00, 100.00, 0.00, 2.25, 0, 0 
5, 74330, 430883970, 0.00, 100.00, 0.00, 2.25, 0, 0 
6, 74330, 431404252, 0.00, 100.00, 0.00, 2.25, 0, 0 
7, 74330, 431949432, 0.00, 100.00, 0.00, 2.25, 0, 0 
8, 74330, 432449808, 0.00, 100.00, 0.00, 2.25, 0, 0 
9, 74330, 432968231, 0.00, 100.00, 0.00, 2.25, 0, 0 
0, 74330, 433500797, 0.00, 100.00, 0.00, 2.25, 0, 0 
1, 74330, 434024080, 0.00, 100.00, 0.00, 2.25, 0, 0 
2, 74330, 434534088, 0.00, 100.00, 0.00, 2.25, 0, 0 
3, 74330, 435055155, 0.00, 100.00, 0.00, 2.25, 0, 0 
4, 74330, 435575854, 0.00, 100.00, 0.00, 2.25, 0, 0 
5, 74330, 436100123, 0.00, 100.00, 0.00, 2.25, 0, 0 
6, 74330, 436619485, 0.00, 100.00, 0.00, 2.25, 0, 0 
7, 74330, 437142742, 0.00, 100.00, 0.00, 2.25, 0, 0 
8, 74330, 437719092, 0.00, 100.00, 0.00, 2.25, 0, 0 
9, 74330, 438235062, 0.00, 100.00, 0.00, 2.25, 0, 0 
0, 74330, 438970426, 0.00, 100.00, 0.00, 2.25, 0, 0 
1, 74330, 439502275, 0.00, 100.00, 0.00, 2.25, 0, 0 
2, 74330, 440020099, 0.00, 100.00, 0.00, 2.25, 0, 0 
3, 74330, 440503237, 0.00, 100.00, 0.00, 2.25, 0, 0 
4, 74330, 441022757, 0.00, 100.00, 0.00, 2.25, 0, 0 
5, 74330, 441544302, 0.00, 100.00, 0.00, 2.25, 0, 0 
6, 74330, 442063628, 0.00, 100.00, 0.00, 2.25, 0, 0 
7, 74330, 442588470, 0.00, 100.00, 0.00, 2.25, 0, 0 
8, 74330, 443106809, 0.00, 100.00, 0.00, 2.25, 0, 0 
9, 74330, 443631719, 0.00, 100.00, 0.00, 2.25, 0, 0 
0, 74330, 444160875, 0.00, 100.00, 0.00, 2.25, 0, 0 
1, 74330, 444686079, 0.00, 100.00, 0.00, 2.25, 0, 0 
2, 74330, 445199188, 0.00, 100.00, 0.00, 2.25, 0, 0 
3, 74330, 445713826, 0.00, 100.00, 0.00, 2.25, 0, 0 
4, 74330, 446236444, 0.00, 100.00, 0.00, 2.25, 0, 0 
5, 74330, 446785139, 0.00, 100.00, 0.00, 2.25, 0, 0 
6, 74330, 447300650, 0.00, 100.00, 0.00, 2.25, 0, 0 
7, 74330, 447827452, 0.00, 100.00, 0.00, 2.25, 0, 0 
8, 74330, 448346228, 0.00, 100.00, 0.00, 2.25, 0, 0 
9, 74330, 448841053, 0.00, 100.00, 0.00, 2.25, 0, 0 
0, 74330, 449376740, 0.00, 100.00, 0.00, 2.25, 0, 0 
1, 74330, 449893304, 0.00, 100.00, 0.00, 2.25, 0, 0 
2, 74330, 450407735, 0.00, 100.00, 0.00, 2.25, 0, 0 
3, 74330, 450927883, 0.00, 100.00, 0.00, 2.25, 0, 0 
4, 74330, 451450751, 0.00, 100.00, 0.00, 2.25, 0, 0 
5, 74330, 452005784, 0.00, 100.00, 0.00, 2.25, 0, 0 
6, 74330, 452495998, 0.00, 100.00, 0.00, 2.25, 0, 0 
7, 74330, 453043733, 0.00, 100.00, 0.00, 2.25, 0, 0 
8, 74330, 453538271, 0.00, 100.00, 0.00, 2.25, 0, 0 
9, 74330, 454073887, 0.00, 100.00, 0.00, 2.25, 0, 0 
0, 74330, 454644512, 0.00, 100.00, 0.00, 2.25, 0, 0 
1, 74330, 455157796, 0.00, 100.00, 0.00, 2.25, 0, 0 
2, 74330, 455640892, 0.00, 100.00, 0.00, 2.25, 0, 0 
3, 74330, 456162954, 0.00, 100.00, 0.00, 2.25, 0, 0 
4, 74330, 456682391, 0.00, 100.00, 0.00, 2.25, 0, 0 
5, 74330, 457203734, 0.00, 100.00, 0.00, 2.25, 0, 0 
6, 74330, 457726865, 0.00, 100.00, 0.00, 2.25, 0, 0 
7, 74330, 458246891, 0.00, 100.00, 0.00, 2.25, 0, 0 
8, 74330, 458770717, 0.00, 100.00, 0.00, 2.25, 0, 0 
9, 74330, 459290371, 0.00, 100.00, 0.00, 2.25, 0, 0 
0, 74330, 459822935, 0.00, 100.00, 0.00, 2.25, 0, 0 
1, 74330, 460344722, 0.00, 100.00, 0.00, 2.25, 0, 0 
2, 74330, 460856881, 0.00, 100.00, 0.00, 2.25, 0, 0 
3, 74330, 461376319, 0.00, 100.00, 0.00, 2.25, 0, 0 
4, 74330, 461898802, 0.00, 100.00, 0.00, 2.25, 0, 0 
5, 74330, 462419339, 0.00, 100.00, 0.00, 2.25, 0, 0 
6, 74330, 462941699, 0.00, 100.00, 0.00, 2.25, 0, 0 
7, 74330, 463462563, 0.00, 100.00, 0.00, 2.25, 0, 0 
8, 74330, 463984013, 0.00, 100.00, 0.00, 2.25, 0, 0 
9, 74330, 464505979, 0.00, 100.00, 0.00, 2.25, 0, 0 
0, 74330, 465035969, 0.00, 100.00, 0.00, 2.25, 0, 0 
1, 74330, 465561988, 0.00, 100.00, 0.00, 2.25, 0, 0 
2, 74330, 466070655, 0.00, 100.00, 0.00, 2.25, 0, 0 
3, 74330, 466591687, 0.00, 100.00, 0.00, 2.25, 0, 0 
4, 74330, 467116286, 0.00, 100.00, 0.00, 2.25, 0, 0 
5, 74330, 467636346, 0.00, 100.00, 0.00, 2.25, 0, 0 
6, 74330, 468161614, 0.00, 100.00, 0.00, 2.25, 0, 0 
7, 74330, 468678528, 0.00, 100.00, 0.00, 2.25, 0, 0 
8, 74330, 469199730, 0.00, 100.00, 0.00, 2.25, 0, 0 
9, 74330, 469719995, 0.00, 100.00, 0.00, 2.25, 0, 0 
0, 74330, 470258814, 0.00, 100.00, 0.00, 2.25, 0, 0 
1, 74330, 470818405, 0.00, 100.00, 0.00, 2.25, 0, 0 
2, 74330, 471305697, 0.00, 100.00, 0.00, 2.25, 0, 0 
3, 74330, 471861779, 0.00, 100.00, 0.00, 2.25, 0, 0 
4, 74330, 472478007, 0.00, 100.00, 0.00, 2.25, 0, 0 
5, 74330, 472919168, 0.00, 100.00, 0.00, 2.25, 0, 0 
6, 74330, 473439269, 0.00, 100.00, 0.00, 2.25, 0, 0 
7, 74330, 473984344, 0.00, 100.00, 0.00, 2.25, 0, 0 
8, 74330, 474503505, 0.00, 100.00, 0.00, 2.25, 0, 0 
9, 74330, 475025754, 0.00, 100.00, 0.00, 2.25, 0, 0 
0, 74330, 475529464, 0.00, 100.00, 0.00, 2.25, 0, 0 
1, 74330, 476055767, 0.00, 100.00, 0.00, 2.25, 0, 0 
2, 74330, 476566595, 0.00, 100.00, 0.00, 2.25, 0, 0 
3, 74330, 477127622, 0.00, 100.00, 0.00, 2.25, 0, 0 
4, 74330, 477646043, 0.00, 100.00, 0.00, 2.25, 0, 0 
5, 74330, 478165322, 0.00, 100.00, 0.00, 2.25, 0, 0 
6, 74330, 478689633, 0.00, 100.00, 0.00, 2.25, 0, 0 
7, 74330, 479208483, 0.00, 100.00, 0.00, 2.25, 0, 0 
8, 74330, 479728274, 0.00, 100.00, 0.00, 2.25, 0, 0 
9, 74330, 480249927, 0.00, 100.00, 0.00, 2.25, 0, 0 
0, 74330, 480782398, 0.00, 100.00, 0.00, 2.25, 0, 0 
1, 74330, 481307181, 0.00, 100.00, 0.00, 2.25, 0, 0 
2, 74330, 481814897, 0.00, 100.00, 0.00, 2.25, 0, 0 
3, 74330, 482334196, 0.00, 100.00, 0.00, 2.25, 0, 0 
4, 74330, 482848231, 0.00, 100.00, 0.00, 2.25, 0, 0 
5, 74330, 483369320, 0.00, 100.00, 0.00, 2.25, 0, 0 
6, 74330, 483884975, 0.00, 100.00, 0.00, 2.25, 0, 0 
7, 74330, 484419041, 0.00, 100.00, 0.00, 2.25, 0, 0 
8, 74330, 484915950, 0.00, 100.00, 0.00, 2.25, 0, 0 
9, 74330, 485444814, 0.00, 100.00, 0.00, 2.25, 0, 0 
0, 74330, 486115499, 0.00, 100.00, 0.00, 2.25, 0, 0 
1, 74330, 486535438, 0.00, 100.00, 0.00, 2.25, 0, 0 
2, 74330, 487018284, 0.00, 100.00, 0.00, 2.25, 0, 0 
3, 74330, 487549634, 0.00, 100.00, 0.00, 2.25, 0, 0 
4, 74330, 488077668, 0.00, 100.00, 0.00, 2.25, 0, 0 
5, 74330, 488710818, 0.00, 100.00, 0.00, 2.25, 0, 0 
6, 74330, 489260830, 0.00, 100.00, 0.00, 2.25, 0, 0 
7, 74330, 489756129, 0.00, 100.00, 0.00, 2.25, 0, 0 
8, 74330, 490297937, 0.00, 100.00, 0.00, 2.25, 0, 0 
9, 74330, 490792967, 0.00, 100.00, 0.00, 2.25, 0, 0 
0, 74330, 491322495, 0.00, 100.00, 0.00, 2.25, 0, 0 
1, 74330, 491845349, 0.00, 100.00, 0.00, 2.25, 0, 0 
2, 74330, 492365940, 0.00, 100.00, 0.00, 2.25, 0, 0 
3, 74330, 492886369, 0.00, 100.00, 0.00, 2.25, 0, 0 
4, 74330, 493405816, 0.00, 100.00, 0.00, 2.25, 0, 0 
5, 74330, 493926209, 0.00, 100.00, 0.00, 2.25, 0, 0 
6, 74330, 494447682, 0.00, 100.00, 0.00, 2.25, 0, 0 
7, 74330, 494968242, 0.00, 100.00, 0.00, 2.25, 0, 0 
8, 74330, 495488913, 0.00, 100.00, 0.00, 2.25, 0, 0 
9, 74330, 496018009, 0.00, 100.00, 0.00, 2.25, 0, 0 
0, 74330, 496542916, 0.00, 100.00, 0.00, 2.25, 0, 0 
1, 74330, 497068749, 0.00, 100.00, 0.00, 2.25, 0, 0 
2, 74330, 497576980, 0.00, 100.00, 0.00, 2.25, 0, 0 
3, 74330, 498098258, 0.00, 100.00, 0.00, 2.25, 0, 0 
4, 74330, 498619572, 0.00, 100.00, 0.00, 2.25, 0, 0 
5, 74330, 499137373, 0.00, 100.00, 0.00, 2.25, 0, 0 
6, 74330, 499713949, 0.00, 100.00, 0.00, 2.25, 0, 0 
7, 74330, 500181343, 0.00, 100.00, 0.00, 2.25, 0, 0 
8, 74330, 500702730, 0.00, 100.00, 0.00, 2.25, 0, 0 
9, 74330, 501223368, 0.00, 100.00, 0.00, 2.25, 0, 0 
0, 74330, 501772826, 0.00, 100.00, 0.00, 2.25, 0, 0 
1, 74330, 502280673, 0.00, 100.00, 0.00, 2.25, 0, 0 
2, 74330, 502791627, 0.00, 100.00, 0.00, 2.25, 0, 0 
3, 74330, 503311733, 0.00, 100.00, 0.00, 2.25, 0, 0 
4, 74330, 503832910, 0.00, 100.00, 0.00, 2.25, 0, 0 
5, 74330, 504355072, 0.00, 100.00, 0.00, 2.25, 0, 0 
6, 74330, 504875574, 0.00, 100.00, 0.00, 2.25, 0, 0 
7, 74330, 505396285, 0.00, 100.00, 0.00, 2.25, 0, 0 
8, 74330, 505917547, 0.00, 100.00, 0.00, 2.25, 0, 0 
9, 74330, 506438592, 0.00, 100.00, 0.00, 2.25, 0, 0 
0, 74330, 506971828, 0.00, 100.00, 0.00, 2.25, 0, 0 
1, 74330, 507494208, 0.00, 100.00, 0.00, 2.25, 0, 0 
2, 74330, 508012053, 0.00, 100.00, 0.00, 2.25, 0, 0 
3, 74330, 508527876, 0.00, 100.00, 0.00, 2.25, 0, 0 
4, 74330, 509048628, 0.00, 100.00, 0.00, 2.25, 0, 0 
5, 74330, 509569929, 0.00, 100.00, 0.00, 2.25, 0, 0 
6, 74330, 510090695, 0.00, 100.00, 0.00, 2.25, 0, 0 
7, 74330, 510612366, 0.00, 100.00, 0.00, 2.25, 0, 0 
8, 74330, 511133893, 0.00, 100.00, 0.00, 2.25, 0, 0 
9, 74330, 511656500, 0.00, 100.00, 0.00, 2.25, 0, 0 
0, 74330, 512189097, 0.00, 100.00, 0.00, 2.25, 0, 0 
1, 74330, 512711188, 0.00, 100.00, 0.00, 2.25, 0, 0 
2, 74330, 513221787, 0.00, 100.00, 0.00, 2.25, 0, 0 
3, 74330, 513741943, 0.00, 100.00, 0.00, 2.25, 0, 0 
4, 74330, 514264579, 0.00, 100.00, 0.00, 2.25, 0, 0 
5, 74330, 514796469, 0.00, 100.00, 0.00, 2.25, 0, 0 
6, 74330, 515333347, 0.00, 100.00, 0.00, 2.25, 0, 0 
7, 74330, 515876687, 0.00, 100.00, 0.00, 2.25, 0, 0 
8, 74330, 516389885, 0.00, 100.00, 0.00, 2.25, 0, 0 
9, 74330, 516924001, 0.00, 100.00, 0.00, 2.25, 0, 0 
0, 74330, 517464537, 0.00, 100.00, 0.00, 2.25, 0, 0 
1, 74330, 517981104, 0.00, 100.00, 0.00, 2.25, 0, 0 
2, 74330, 518487522, 0.00, 100.00, 0.00, 2.25, 0, 0 
3, 74330, 519004681, 0.00, 100.00, 0.00, 2.25, 0, 0 
4, 74330, 519525234, 0.00, 100.00, 0.00, 2.25, 0, 0 
5, 74330, 520042145, 0.00, 100.00, 0.00, 2.25, 0, 0 
6, 74330, 520556088, 0.00, 100.00, 0.00, 2.25, 0, 0 
7, 74330, 521074126, 0.00, 100.00, 0.00, 2.25, 0, 0 
8, 74330, 521600512, 0.00, 100.00, 0.00, 2.25, 0, 0 
9, 74330, 522099051, 0.00, 100.00, 0.00, 2.25, 0, 0 
0, 74330, 522709851, 0.00, 100.00, 0.00, 2.25, 0, 0 
1, 74330, 523218039, 0.00, 100.00, 0.00, 2.25, 0, 0 
2, 74330, 523702822, 0.00, 100.00, 0.00, 2.25, 0, 0 
3, 74330, 524219476, 0.00, 100.00, 0.00, 2.25, 0, 0 
4, 74330, 524744495, 0.00, 100.00, 0.00, 2.25, 0, 0 
5, 74330, 525263436, 0.00, 100.00, 0.00, 2.25, 0, 0 
6, 74330, 525785240, 0.00, 100.00, 0.00, 2.25, 0, 0 
7, 74330, 526306899, 0.00, 100.00, 0.00, 2.25, 0, 0 
8, 74330, 526824080, 0.00, 100.00, 0.00, 2.25, 0, 0 
9, 74330, 527368665, 0.00, 100.00, 0.00, 2.25, 0, 0 
0, 74330, 527900059, 0.00, 100.00, 0.00, 2.25, 0, 0 
1, 74330, 528437216, 0.00, 100.00, 0.00, 2.25, 0, 0 
2, 74330, 528914149, 0.00, 100.00, 0.00, 2.25, 0, 0 
3, 74330, 529432012, 0.00, 100.00, 0.00, 2.25, 0, 0 
4, 74330, 529974201, 0.00, 100.00, 0.00, 2.25, 0, 0 
5, 74330, 530495615, 0.00, 100.00, 0.00, 2.25, 0, 0 
6, 74330, 530996384, 0.00, 100.00, 0.00, 2.25, 0, 0 
7, 74330, 531511404, 0.00, 100.00, 0.00, 2.25, 0, 0 
8, 74330, 532039614, 0.00, 100.00, 0.00, 2.25, 0, 0 
9, 74330, 532581238, 0.00, 100.00, 0.00, 2.25, 0, 0 
0, 74330, 533113641, 0.00, 100.00, 0.00, 2.25, 0, 0 
1, 74330, 533604832, 0.00, 100.00, 0.00, 2.25, 0, 0 
2, 74330, 534116724, 0.00, 100.00, 0.00, 2.25, 0, 0 
3, 74330, 534637060, 0.00, 100.00, 0.00, 2.25, 0, 0 
4, 74330, 535163729, 0.00, 100.00, 0.00, 2.25, 0, 0 
5, 74330, 535706835, 0.00, 100.00, 0.00, 2.25, 0, 0 
6, 74330, 536210067, 0.00, 100.00, 0.00, 2.25, 0, 0 
7, 74330, 536728746, 0.00, 100.00, 0.00, 2.25, 0, 0 
8, 74330, 537276167, 0.00, 100.00, 0.00, 2.25, 0, 0 
9, 74330, 537814877, 0.00, 100.00, 0.00, 2.25, 0, 0 
0, 74330, 538325417, 0.00, 100.00, 0.00, 2.25, 0, 0 
1, 74330, 538820222, 0.00, 100.00, 0.00, 2.25, 0, 0 
2, 74330, 539330623, 0.00, 100.00, 0.00, 2.25, 0, 0 
3, 74330, 539853848, 0.00, 100.00, 0.00, 2.25, 0, 0 
4, 74330, 540371875, 0.00, 100.00, 0.00, 2.25, 0, 0 
5, 74330, 540892691, 0.00, 100.00, 0.00, 2.25, 0, 0 
6, 74330, 541414462, 0.00, 100.00, 0.00, 2.25, 0, 0 
7, 74330, 541935122, 0.00, 100.00, 0.00, 2.25, 0, 0 
8, 74330, 542457077, 0.00, 100.00, 0.00, 2.25, 0, 0 
9, 74330, 542978435, 0.00, 100.00, 0.00, 2.25, 0, 0 
0, 74330, 543507110, 0.00, 100.00, 0.00, 2.25, 0, 0 
1, 74330, 544043553, 0.00, 100.00, 0.00, 2.25, 0, 0 
2, 74330, 544549299, 0.00, 100.00, 0.00, 2.25, 0, 0 
3, 74330, 545066308, 0.00, 100.00, 0.00, 2.25, 0, 0 
4, 74330, 545593357, 0.00, 100.00, 0.00, 2.25, 0, 0 
5, 74330, 546124621, 0.00, 100.00, 0.00, 2.25, 0, 0 
6, 74330, 546660131, 0.00, 100.00, 0.00, 2.25, 0, 0 
7, 74330, 547177826, 0.00, 100.00, 0.00, 2.25, 0, 0 
8, 74330, 547695223, 0.00, 100.00, 0.00, 2.25, 0, 0 
9, 74330, 548219508, 0.00, 100.00, 0.00, 2.25, 0, 0 
0, 74330, 548750359, 0.00, 100.00, 0.00, 2.25, 0, 0 
1, 74330, 549272658, 0.00, 100.00, 0.00, 2.25, 0, 0 
2, 74330, 549782588, 0.00, 100.00, 0.00, 2.25, 0, 0 
3, 74330, 550307954, 0.00, 100.00, 0.00, 2.25, 0, 0 
4, 74330, 550828808, 0.00, 100.00, 0.00, 2.25, 0, 0 
5, 74330, 551350681, 0.00, 100.00, 0.00, 2.25, 0, 0 
6, 74330, 551890647, 0.00, 100.00, 0.00, 2.25, 0, 0 
7, 74330, 552413480, 0.00, 100.00, 0.00, 2.25, 0, 0 
8, 74330, 552934386, 0.00, 100.00, 0.00, 2.25, 0, 0 
9, 74330, 553458955, 0.00, 100.00, 0.00, 2.25, 0, 0 
0, 74330, 553967241, 0.00, 100.00, 0.00, 2.25, 0, 0 
1, 74330, 554515496, 0.00, 100.00, 0.00, 2.25, 0, 0 
2, 74330, 555008611, 0.00, 100.00, 0.00, 2.25, 0, 0 
3, 74330, 555605714, 0.00, 100.00, 0.00, 2.25, 0, 0 
4, 74330, 556123248, 0.00, 100.00, 0.00, 2.25, 0, 0 
5, 74330, 556643067, 0.00, 100.00, 0.00, 2.25, 0, 0 
6, 74330, 557164928, 0.00, 100.00, 0.00, 2.25, 0, 0 
7, 74330, 557684274, 0.00, 100.00, 0.00, 2.25, 0, 0 
8, 74330, 558207002, 0.00, 100.00, 0.00, 2.25, 0, 0 
9, 74330, 558727738, 0.00, 100.00, 0.00, 2.25, 0, 0 
0, 74330, 559255959, 0.00, 100.00, 0.00, 2.25, 0, 0 
1, 74330, 559831344, 0.00, 100.00, 0.00, 2.25, 0, 0 
2, 74330, 560302735, 0.00, 100.00, 0.00, 2.25, 0, 0 
3, 74330, 560842961, 0.00, 100.00, 0.00, 2.25, 0, 0 
4, 74330, 561363833, 0.00, 100.00, 0.00, 2.25, 0, 0 
5, 74330, 561885496, 0.00, 100.00, 0.00, 2.25, 0, 0 
6, 74330, 562402149, 0.00, 100.00, 0.00, 2.25, 0, 0 
7, 74330, 562897945, 0.00, 100.00, 0.00, 2.25, 0, 0 
8, 74330, 563423955, 0.00, 100.00, 0.00, 2.25, 0, 0 
9, 74330, 563941268, 0.00, 100.00, 0.00, 2.25, 0, 0 
0, 74330, 564473237, 0.00, 100.00, 0.00, 2.25, 0, 0 
1, 74330, 564992726, 0.00, 100.00, 0.00, 2.25, 0, 0 
2, 74330, 565511791, 0.00, 100.00, 0.00, 2.25, 0, 0 
3, 74330, 566031898, 0.00, 100.00, 0.00, 2.25, 0, 0 
4, 74330, 566550155, 0.00, 100.00, 0.00, 2.25, 0, 0 
5, 74330, 567113158, 0.00, 100.00, 0.00, 2.25, 0, 0 
6, 74330, 567636741, 0.00, 100.00, 0.00, 2.25, 0, 0 
7, 74330, 568167927, 0.00, 100.00, 0.00, 2.25, 0, 0 
8, 74330, 568668720, 0.00, 100.00, 0.00, 2.25, 0, 0 
9, 74330, 569187065, 0.00, 100.00, 0.00, 2.25, 0, 0 
0, 74330, 569721695, 0.00, 100.00, 0.00, 2.25, 0, 0 
1, 74330, 570219306, 0.00, 100.00, 0.00, 2.25, 0, 0 
2, 74330, 570725176, 0.00, 100.00, 0.00, 2.25, 0, 0 
3, 74330, 571245558, 0.00, 100.00, 0.00, 2.25, 0, 0 
4, 74330, 571767219, 0.00, 100.00, 0.00, 2.25, 0, 0 
5, 74330, 572291520, 0.00, 100.00, 0.00, 2.25, 0, 0 
6, 74330, 572811201, 0.00, 100.00, 0.00, 2.25, 0, 0 
7, 74330, 573333072, 0.00, 100.00, 0.00, 2.25, 0, 0 
8, 74330, 573855804, 0.00, 100.00, 0.00, 2.25, 0, 0 
9, 74330, 574381688, 0.00, 100.00, 0.00, 2.25, 0, 0 
0, 74330, 574914614, 0.00, 100.00, 0.00, 2.25, 0, 0 
1, 74330, 575430080, 0.00, 100.00, 0.00, 2.25, 0, 0 
2, 74330, 575952699, 0.00, 100.00, 0.00, 2.25, 0, 0 
3, 74330, 576489500, 0.00, 100.00, 0.00, 2.25, 0, 0 
4, 74330, 577032083, 0.00, 100.00, 0.00, 2.25, 0, 0 
5, 74330, 577594340, 0.00, 100.00, 0.00, 2.25, 0, 0 
6, 74330, 578113068, 0.00, 100.00, 0.00, 2.25, 0, 0 
7, 74330, 578631145, 0.00, 100.00, 0.00, 2.25, 0, 0 
8, 74330, 579166612, 0.00, 100.00, 0.00, 2.25, 0, 0 
9, 74330, 579689503, 0.00, 100.00, 0.00, 2.25, 0, 0 
0, 74330, 580231655, 0.00, 100.00, 0.00, 2.25, 0, 0 
1, 74330, 580745413, 0.00, 100.00, 0.00, 2.25, 0, 0 
2, 74330, 581257559, 0.00, 100.00, 0.00, 2.25, 0, 0 
3, 74330, 581775088, 0.00, 100.00, 0.00, 2.25, 0, 0 
4, 74330, 582295857, 0.00, 100.00, 0.00, 2.25, 0, 0 
5, 74330, 582816893, 0.00, 100.00, 0.00, 2.25, 0, 0 
6, 74330, 583340950, 0.00, 100.00, 0.00, 2.25, 0, 0 
7, 74330, 583862936, 0.00, 100.00, 0.00, 2.25, 0, 0 
8, 74330, 584385413, 0.00, 100.00, 0.00, 2.25, 0, 0 
9, 74330, 584904173, 0.00, 100.00, 0.00, 2.25, 0, 0 
0, 74330, 585435983, 0.00, 100.00, 0.00, 2.25, 0, 0 
1, 74330, 585955615, 0.00, 100.00, 0.00, 2.25, 0, 0 
2, 74330, 586466741, 0.00, 100.00, 0.00, 2.25, 0, 0 
3, 74330, 586989450, 0.00, 100.00, 0.00, 2.25, 0, 0 
4, 74330, 587517062, 0.00, 100.00, 0.00, 2.25, 0, 0 
5, 74330, 588011627, 0.00, 100.00, 0.00, 2.25, 0, 0 
6, 74330, 588522447, 0.00, 100.00, 0.00, 2.25, 0, 0 
7, 74330, 589191465, 0.00, 100.00, 0.00, 2.25, 0, 0 
8, 74330, 589891036, 0.00, 100.00, 0.00, 2.25, 0, 0 
9, 74330, 590394759, 0.00, 100.00, 0.00, 2.25, 0, 0 
0, 74330, 590931600, 0.00, 100.00, 0.00, 2.25, 0, 0 
1, 74330, 591447244, 0.00, 100.00, 0.00, 2.25, 0, 0 
2, 74330, 591946466, 0.00, 100.00, 0.00, 2.25, 0, 0 
3, 74330, 592468735, 0.00, 100.00, 0.00, 2.25, 0, 0 
4, 74330, 592984853, 0.00, 100.00, 0.00, 2.25, 0, 0 
5, 74330, 593506606, 0.00, 100.00, 0.00, 2.25, 0, 0 
6, 74330, 594032787, 0.00, 100.00, 0.00, 2.25, 0, 0 
7, 74330, 594559327, 0.00, 100.00, 0.00, 2.25, 0, 0 
8, 74330, 595056727, 0.00, 100.00, 0.00, 2.25, 0, 0 
9, 74330, 595606318, 0.00, 100.00, 0.00, 2.25, 0, 0 
0, 74330, 596109659, 0.00, 100.00, 0.00, 2.25, 0, 0 
1, 74330, 596659338, 0.00, 100.00, 0.00, 2.25, 0, 0 
2, 74330, 597170795, 0.00, 100.00, 0.00, 2.25, 0, 0 
3, 74330, 597687858, 0.00, 100.00, 0.00, 2.25, 0, 0 
4, 74330, 598206962, 0.00, 100.00, 0.00, 2.25, 0, 0 
5, 74330, 598715938, 0.00, 100.00, 0.00, 2.25, 0, 0 
6, 74330, 599234940, 0.00, 100.00, 0.00, 2.25, 0, 0 
7, 74330, 599772621, 0.00, 100.00, 0.00, 2.25, 0, 0 
8, 74330, 600294191, 0.00, 100.00, 0.00, 2.25, 0, 0 
9, 74330, 600814176, 0.00, 100.00, 0.00, 2.25, 0, 0 
0, 74330, 601347022, 0.00, 100.00, 0.00, 2.25, 0, 0 
1, 74330, 601838777, 0.00, 100.00, 0.00, 2.25, 0, 0 
2, 74330, 602383364, 0.00, 100.00, 0.00, 2.25, 0, 0 
3, 74330, 602882933, 0.00, 100.00, 0.00, 2.25, 0, 0 
4, 74330, 603404364, 0.00, 100.00, 0.00, 2.25, 0, 0 
5, 74330, 603941684, 0.00, 100.00, 0.00, 2.25, 0, 0 
6, 74330, 604459126, 0.00, 100.00, 0.00, 2.25, 0, 0 
7, 74330, 604984209, 0.00, 100.00, 0.00, 2.25, 0, 0 
8, 74330, 605503972, 0.00, 100.00, 0.00, 2.25, 0, 0 
9, 74330, 605981536, 0.00, 100.00, 0.00, 2.25, 0, 0 
0, 74330, 606511276, 0.00, 100.00, 0.00, 2.25, 0, 0 
1, 74330, 607035410, 0.00, 100.00, 0.00, 2.25, 0, 0 
2, 74330, 607544450, 0.00, 100.00, 0.00, 2.25, 0, 0 
3, 74330, 608072446, 0.00, 100.00, 0.00, 2.25, 0, 0 
4, 74330, 608605641, 0.00, 100.00, 0.00, 2.25, 0, 0 
5, 74330, 609123561, 0.00, 100.00, 0.00, 2.25, 0, 0 
6, 74330, 609637495, 0.00, 100.00, 0.00, 2.25, 0, 0 
7, 74330, 610156426, 0.00, 100.00, 0.00, 2.25, 0, 0 
8, 74330, 610674088, 0.00, 100.00, 0.00, 2.25, 0, 0 
9, 74330, 611202208, 0.00, 100.00, 0.00, 2.25, 0, 0 
0, 74330, 611756129, 0.00, 100.00, 0.00, 2.25, 0, 0 
1, 74330, 612296686, 0.00, 100.00, 0.00, 2.25, 0, 0 
2, 74330, 612767075, 0.00, 100.00, 0.00, 2.25, 0, 0 
3, 74330, 613286636, 0.00, 100.00, 0.00, 2.25, 0, 0 
4, 74330, 613806669, 0.00, 100.00, 0.00, 2.25, 0, 0 
5, 74330, 614331844, 0.00, 100.00, 0.00, 2.25, 0, 0 
6, 74330, 614847727, 0.00, 100.00, 0.00, 2.25, 0, 0 
7, 74330, 615369001, 0.00, 100.00, 0.00, 2.25, 0, 0 
8, 74330, 615891049, 0.00, 100.00, 0.00, 2.25, 0, 0 
9, 74330, 616414516, 0.00, 100.00, 0.00, 2.25, 0, 0 
0, 74330, 616943152, 0.00, 100.00, 0.00, 2.25, 0, 0 
1, 74330, 617466661, 0.00, 100.00, 0.00, 2.25, 0, 0 
2, 74330, 617976546, 0.00, 100.00, 0.00, 2.25, 0, 0 
3, 74330, 618498262, 0.00, 100.00, 0.00, 2.25, 0, 0 
4, 74330, 619019852, 0.00, 100.00, 0.00, 2.25, 0, 0 
5, 74330, 619540280, 0.00, 100.00, 0.00, 2.25, 0, 0 
6, 74330, 620117305, 0.00, 100.00, 0.00, 2.25, 0, 0 
7, 74330, 620589481, 0.00, 100.00, 0.00, 2.25, 0, 0 
8, 74330, 621104494, 0.00, 100.00, 0.00, 2.25, 0, 0 
9, 74330, 621628710, 0.00, 100.00, 0.00, 2.25, 0, 0 
0, 74330, 622163050, 0.00, 100.00, 0.00, 2.25, 0, 0 
1, 74330, 622684971, 0.00, 100.00, 0.00, 2.25, 0, 0 
2, 74330, 623283076, 0.00, 100.00, 0.00, 2.25, 0, 0 
3, 74330, 623767892, 0.00, 100.00, 0.00, 2.25, 0, 0 
4, 74330, 624324685, 0.00, 100.00, 0.00, 2.25, 0, 0 
5, 74330, 624813388, 0.00, 100.00, 0.00, 2.25, 0, 0 
6, 74330, 625326109, 0.00, 100.00, 0.00, 2.25, 0, 0 
7, 74330, 625848133, 0.00, 100.00, 0.00, 2.25, 0, 0 
8, 74330, 626367560, 0.00, 100.00, 0.00, 2.25, 0, 0 
9, 74330, 626889369, 0.00, 100.00, 0.00, 2.25, 0, 0 
0, 74330, 627422668, 0.00, 100.00, 0.00, 2.25, 0, 0 
1, 74330, 627942465, 0.00, 100.00, 0.00, 2.25, 0, 0 
2, 74330, 628456466, 0.00, 100.00, 0.00, 2.25, 0, 0 
3, 74330, 628977470, 0.00, 100.00, 0.00, 2.25, 0, 0 
4, 74330, 629493953, 0.00, 100.00, 0.00, 2.25, 0, 0 
5, 74330, 630015510, 0.00, 100.00, 0.00, 2.25, 0, 0 
6, 74330, 630535174, 0.00, 100.00, 0.00, 2.25, 0, 0 
7, 74330, 631057144, 0.00, 100.00, 0.00, 2.25, 0, 0 
8, 74330, 631578725, 0.00, 100.00, 0.00, 2.25, 0, 0 
9, 74330, 632140363, 0.00, 100.00, 0.00, 2.25, 0, 0 
0, 74330, 632635687, 0.00, 100.00, 0.00, 2.25, 0, 0 
1, 74330, 633153382, 0.00, 100.00, 0.00, 2.25, 0, 0 
2, 74330, 633702750, 0.00, 100.00, 0.00, 2.25, 0, 0 
3, 74330, 634187132, 0.00, 100.00, 0.00, 2.25, 0, 0 
4, 74330, 634714294, 0.00, 100.00, 0.00, 2.25, 0, 0 
5, 74330, 635236907, 0.00, 100.00, 0.00, 2.25, 0, 0 
6, 74330, 635784413, 0.00, 100.00, 0.00, 2.25, 0, 0 
7, 74330, 636325564, 0.00, 100.00, 0.00, 2.25, 0, 0 
8, 74330, 636842696, 0.00, 100.00, 0.00, 2.25, 0, 0 
9, 74330, 637358417, 0.00, 100.00, 0.00, 2.25, 0, 0 
0, 74330, 637855193, 0.00, 100.00, 0.00, 2.25, 0, 0 
1, 74330, 638391796, 0.00, 100.00, 0.00, 2.25, 0, 0 
2, 74330, 638982472, 0.00, 100.00, 0.00, 2.25, 0, 0 
3, 74330, 639459332, 0.00, 100.00, 0.00, 2.25, 0, 0 
4, 74330, 639975057, 0.00, 100.00, 0.00, 2.25, 0, 0 
5, 74330, 640498573, 0.00, 100.00, 0.00, 2.25, 0, 0 
6, 74330, 641011647, 0.00, 100.00, 0.00, 2.25, 0, 0 
7, 74330, 641535663, 0.00, 100.00, 0.00, 2.25, 0, 0 
8, 74330, 642056146, 0.00, 100.00, 0.00, 2.25, 0, 0 
9, 74330, 642578550, 0.00, 100.00, 0.00, 2.25, 0, 0 
0, 74330, 643118617, 0.00, 100.00, 0.00, 2.25, 0, 0 
1, 74330, 643632542, 0.00, 100.00, 0.00, 2.25, 0, 0 
2, 74330, 644121883, 0.00, 100.00, 0.00, 2.25, 0, 0 
3, 74330, 644640518, 0.00, 100.00, 0.00, 2.25, 0, 0 
4, 74330, 645184042, 0.00, 100.00, 0.00, 2.25, 0, 0 
5, 74330, 645706046, 0.00, 100.00, 0.00, 2.25, 0, 0 
6, 74330, 646227606, 0.00, 100.00, 0.00, 2.25, 0, 0 
7, 74330, 646753959, 0.00, 100.00, 0.00, 2.25, 0, 0 
8, 74330, 647269058, 0.00, 100.00, 0.00, 2.25, 0, 0 
9, 74330, 647789880, 0.00, 100.00, 0.00, 2.25, 0, 0 
0, 74330, 648336596, 0.00, 100.00, 0.00, 2.25, 0, 0 
1, 74330, 648857762, 0.00, 100.00, 0.00, 2.25, 0, 0 
2, 74330, 649366183, 0.00, 100.00, 0.00, 2.25, 0, 0 
3, 74330, 649890797, 0.00, 100.00, 0.00, 2.25, 0, 0 
4, 74330, 650414550, 0.00, 100.00, 0.00, 2.25, 0, 0 
5, 74330, 650935350, 0.00, 100.00, 0.00, 2.25, 0, 0 
6, 74330, 651454038, 0.00, 100.00, 0.00, 2.25, 0, 0 
7, 74330, 651962377, 0.00, 100.00, 0.00, 2.25, 0, 0 
8, 74330, 652485264, 0.00, 100.00, 0.00, 2.25, 0, 0 
9, 74330, 653001115, 0.00, 100.00, 0.00, 2.25, 0, 0 
0, 74330, 653539084, 0.00, 100.00, 0.00, 2.25, 0, 0 
1, 74330, 654056415, 0.00, 100.00, 0.00, 2.25, 0, 0 
2, 74330, 654579008, 0.00, 100.00, 0.00, 2.25, 0, 0 
3, 74330, 655121294, 0.00, 100.00, 0.00, 2.25, 0, 0 
4, 74330, 655683614, 0.00, 100.00, 0.00, 2.25, 0, 0 
5, 74330, 656283545, 0.00, 100.00, 0.00, 2.25, 0, 0 
6, 74330, 656828430, 0.00, 100.00, 0.00, 2.25, 0, 0 
7, 74330, 657348012, 0.00, 100.00, 0.00, 2.25, 0, 0 
8, 74330, 657865389, 0.00, 100.00, 0.00, 2.25, 0, 0 
9, 74330, 658387100, 0.00, 100.00, 0.00, 2.25, 0, 0 
0, 74330, 658936820, 0.00, 100.00, 0.00, 2.25, 0, 0 
1, 74330, 659458160, 0.00, 100.00, 0.00, 2.25, 0, 0 
2, 74330, 659967968, 0.00, 100.00, 0.00, 2.25, 0, 0 
3, 74330, 660487951, 0.00, 100.00, 0.00, 2.25, 0, 0 
4, 74330, 661008139, 0.00, 100.00, 0.00, 2.25, 0, 0 
5, 74330, 661529221, 0.00, 100.00, 0.00, 2.25, 0, 0 
6, 74330, 662050784, 0.00, 100.00, 0.00, 2.25, 0, 0 
7, 74330, 662573542, 0.00, 100.00, 0.00, 2.25, 0, 0 
8, 74330, 663095486, 0.00, 100.00, 0.00, 2.25, 0, 0 
9, 74330, 663613005, 0.00, 100.00, 0.00, 2.25, 0, 0 
0, 74330, 664149213, 0.00, 100.00, 0.00, 2.25, 0, 0 
1, 74330, 664670772, 0.00, 100.00, 0.00, 2.25, 0, 0 
2, 74330, 665173188, 0.00, 100.00, 0.00, 2.25, 0, 0 
3, 74330, 665697510, 0.00, 100.00, 0.00, 2.25, 0, 0 
4, 74330, 666203487, 0.00, 100.00, 0.00, 2.25, 0, 0 
5, 74330, 666832994, 0.00, 100.00, 0.00, 2.25, 0, 0 
6, 74330, 667270926, 0.00, 100.00, 0.00, 2.25, 0, 0 
7, 74330, 667792734, 0.00, 100.00, 0.00, 2.25, 0, 0 
8, 74330, 668332859, 0.00, 100.00, 0.00, 2.25, 0, 0 
9, 74330, 668863654, 0.00, 100.00, 0.00, 2.25, 0, 0 
0, 74330, 669409548, 0.00, 100.00, 0.00, 2.25, 0, 0 
1, 74330, 669899962, 0.00, 100.00, 0.00, 2.25, 0, 0 
2, 74330, 670407177, 0.00, 100.00, 0.00, 2.25, 0, 0 
3, 74330, 670924376, 0.00, 100.00, 0.00, 2.25, 0, 0 
4, 74330, 671454516, 0.00, 100.00, 0.00, 2.25, 0, 0 
5, 74330, 672043158, 0.00, 100.00, 0.00, 2.25, 0, 0 
6, 74330, 672647833, 0.00, 100.00, 0.00, 2.25, 0, 0 
7, 74330, 673092671, 0.00, 100.00, 0.00, 2.25, 0, 0 
8, 74330, 673612631, 0.00, 100.00, 0.00, 2.25, 0, 0 
9, 74330, 674107237, 0.00, 100.00, 0.00, 2.25, 0, 0 
0, 74330, 674639360, 0.00, 100.00, 0.00, 2.25, 0, 0 
1, 74330, 675160698, 0.00, 100.00, 0.00, 2.25, 0, 0 
2, 74330, 675671356, 0.00, 100.00, 0.00, 2.25, 0, 0 
3, 74330, 676194151, 0.00, 100.00, 0.00, 2.25, 0, 0 
4, 74330, 676753104, 0.00, 100.00, 0.00, 2.25, 0, 0 
5, 74330, 677277180, 0.00, 100.00, 0.00, 2.25, 0, 0 
6, 74330, 677803900, 0.00, 100.00, 0.00, 2.25, 0, 0 
7, 74330, 678302700, 0.00, 100.00, 0.00, 2.25, 0, 0 
8, 74330, 678799371, 0.00, 100.00, 0.00, 2.25, 0, 0 
9, 74330, 679321336, 0.00, 100.00, 0.00, 2.25, 0, 0 
0, 74330, 679851758, 0.00, 100.00, 0.00, 2.25, 0, 0 
1, 74330, 680373295, 0.00, 100.00, 0.00, 2.25, 0, 0 
2, 74330, 680887460, 0.00, 100.00, 0.00, 2.25, 0, 0 
3, 74330, 681407984, 0.00, 100.00, 0.00, 2.25, 0, 0 
4, 74330, 681927079, 0.00, 100.00, 0.00, 2.25, 0, 0 
5, 74330, 682448478, 0.00, 100.00, 0.00, 2.25, 0, 0 
6, 74330, 683008182, 0.00, 100.00, 0.00, 2.25, 0, 0 
7, 74330, 683533037, 0.00, 100.00, 0.00, 2.25, 0, 0 
8, 74330, 684059665, 0.00, 100.00, 0.00, 2.25, 0, 0 
9, 74330, 684574533, 0.00, 100.00, 0.00, 2.25, 0, 0 
0, 74330, 685110421, 0.00, 100.00, 0.00, 2.25, 0, 0 
1, 74330, 685632978, 0.00, 100.00, 0.00, 2.25, 0, 0 
2, 74330, 686140551, 0.00, 100.00, 0.00, 2.25, 0, 0 
3, 74330, 686661093, 0.00, 100.00, 0.00, 2.25, 0, 0 
4, 74330, 687181604, 0.00, 100.00, 0.00, 2.25, 0, 0 
5, 74330, 687707650, 0.00, 100.00, 0.00, 2.25, 0, 0 
6, 74330, 688227308, 0.00, 100.00, 0.00, 2.25, 0, 0 
7, 74330, 688751155, 0.00, 100.00, 0.00, 2.25, 0, 0 
8, 74330, 689297510, 0.00, 100.00, 0.00, 2.25, 0, 0 
9, 74330, 689819913, 0.00, 100.00, 0.00, 2.25, 0, 0 
0, 74330, 690357323, 0.00, 100.00, 0.00, 2.25, 0, 0 
1, 74330, 690849325, 0.00, 100.00, 0.00, 2.25, 0, 0 
2, 74330, 691357822, 0.00, 100.00, 0.00, 2.25, 0, 0 
3, 74330, 691877826, 0.00, 100.00, 0.00, 2.25, 0, 0 
4, 74330, 692400416, 0.00, 100.00, 0.00, 2.25, 0, 0 
5, 74330, 692922047, 0.00, 100.00, 0.00, 2.25, 0, 0 
6, 74330, 693449103, 0.00, 100.00, 0.00, 2.25, 0, 0 
7, 74330, 693964891, 0.00, 100.00, 0.00, 2.25, 0, 0 
8, 74330, 694485752, 0.00, 100.00, 0.00, 2.25, 0, 0 
9, 74330, 695006725, 0.00, 100.00, 0.00, 2.25, 0, 0 
0, 74330, 695539599, 0.00, 100.00, 0.00, 2.25, 0, 0 
1, 74330, 696068912, 0.00, 100.00, 0.00, 2.25, 0, 0 
2, 74330, 696574029, 0.00, 100.00, 0.00, 2.25, 0, 0 
3, 74330, 697094276, 0.00, 100.00, 0.00, 2.25, 0, 0 
4, 74330, 697618515, 0.00, 100.00, 0.00, 2.25, 0, 0 
5, 74330, 698136445, 0.00, 100.00, 0.00, 2.25, 0, 0 
6, 74330, 698667126, 0.00, 100.00, 0.00, 2.25, 0, 0 
7, 74330, 699228043, 0.00, 100.00, 0.00, 2.25, 0, 0 
8, 74330, 699739150, 0.00, 100.00, 0.00, 2.25, 0, 0 
9, 74330, 700290715, 0.00, 100.00, 0.00, 2.25, 0, 0 
0, 74330, 700825547, 0.00, 100.00, 0.00, 2.25, 0, 0 
1, 74330, 701312110, 0.00, 100.00, 0.00, 2.25, 0, 0 
2, 74330, 701825701, 0.00, 100.00, 0.00, 2.25, 0, 0 
3, 74330, 702345177, 0.00, 100.00, 0.00, 2.25, 0, 0 
4, 74330, 702889170, 0.00, 100.00, 0.00, 2.25, 0, 0 
5, 74330, 703386178, 0.00, 100.00, 0.00, 2.25, 0, 0 
6, 74330, 703907520, 0.00, 100.00, 0.00, 2.25, 0, 0 
7, 74330, 704433671, 0.00, 100.00, 0.00, 2.25, 0, 0 
8, 74330, 704962411, 0.00, 100.00, 0.00, 2.25, 0, 0 
9, 74330, 705554534, 0.00, 100.00, 0.00, 2.25, 0, 0 
0, 74330, 706094767, 0.00, 100.00, 0.00, 2.25, 0, 0 
1, 74330, 706586063, 0.00, 100.00, 0.00, 2.25, 0, 0 
2, 74330, 707092731, 0.00, 100.00, 0.00, 2.25, 0, 0 
3, 74330, 707609412, 0.00, 100.00, 0.00, 2.25, 0, 0 
4, 74330, 708134102, 0.00, 100.00, 0.00, 2.25, 0, 0 
5, 74330, 708651669, 0.00, 100.00, 0.00, 2.25, 0, 0 
6, 74330, 709174527, 0.00, 100.00, 0.00, 2.25, 0, 0 
7, 74330, 709693120, 0.00, 100.00, 0.00, 2.25, 0, 0 
8, 74330, 710215403, 0.00, 100.00, 0.00, 2.25, 0, 0 
9, 74330, 710737513, 0.00, 100.00, 0.00, 2.25, 0, 0 
0, 74330, 711267613, 0.00, 100.00, 0.00, 2.25, 0, 0 
1, 74330, 711795367, 0.00, 100.00, 0.00, 2.25, 0, 0 
2, 74330, 712307359, 0.00, 100.00, 0.00, 2.25, 0, 0 
3, 74330, 712823079, 0.00, 100.00, 0.00, 2.25, 0, 0 
4, 74330, 713342839, 0.00, 100.00, 0.00, 2.25, 0, 0 
5, 74330, 713867447, 0.00, 100.00, 0.00, 2.25, 0, 0 
6, 74330, 714388659, 0.00, 100.00, 0.00, 2.25, 0, 0 
7, 74330, 714908312, 0.00, 100.00, 0.00, 2.25, 0, 0 
8, 74330, 715428046, 0.00, 100.00, 0.00, 2.25, 0, 0 
9, 74330, 715953760, 0.00, 100.00, 0.00, 2.25, 0, 0 
0, 74330, 716479154, 0.00, 100.00, 0.00, 2.25, 0, 0 
1, 74330, 717031223, 0.00, 100.00, 0.00, 2.25, 0, 0 
2, 74330, 717546411, 0.00, 100.00, 0.00, 2.25, 0, 0 
3, 74330, 718066133, 0.00, 100.00, 0.00, 2.25, 0, 0 
4, 74330, 718590457, 0.00, 100.00, 0.00, 2.25, 0, 0 
5, 74330, 719142534, 0.00, 100.00, 0.00, 2.25, 0, 0 
6, 74330, 719660025, 0.00, 100.00, 0.00, 2.25, 0, 0 
7, 74330, 720156327, 0.00, 100.00, 0.00, 2.25, 0, 0 
8, 74330, 720672614, 0.00, 100.00, 0.00, 2.25, 0, 0 
9, 74330, 721194816, 0.00, 100.00, 0.00, 2.25, 0, 0 
0, 74330, 721728605, 0.00, 100.00, 0.00, 2.25, 0, 0 
1, 74330, 722249613, 0.00, 100.00, 0.00, 2.25, 0, 0 
2, 74330, 722764063, 0.00, 100.00, 0.00, 2.25, 0, 0 
3, 74330, 723289036, 0.00, 100.00, 0.00, 2.25, 0, 0 
4, 74330, 723846170, 0.00, 100.00, 0.00, 2.25, 0, 0 
5, 74330, 724381595, 0.00, 100.00, 0.00, 2.25, 0, 0 
6, 74330, 724890171, 0.00, 100.00, 0.00, 2.25, 0, 0 
7, 74330, 725411593, 0.00, 100.00, 0.00, 2.25, 0, 0 
8, 74330, 725935689, 0.00, 100.00, 0.00, 2.25, 0, 0 
9, 74330, 726455612, 0.00, 100.00, 0.00, 2.25, 0, 0 
0, 74330, 726989928, 0.00, 100.00, 0.00, 2.25, 0, 0 
1, 74330, 727497599, 0.00, 100.00, 0.00, 2.25, 0, 0 
2, 74330, 728015183, 0.00, 100.00, 0.00, 2.25, 0, 0 
3, 74330, 728526614, 0.00, 100.00, 0.00, 2.25, 0, 0 
4, 74330, 729029579, 0.00, 100.00, 0.00, 2.25, 0, 0 
5, 74330, 729556782, 0.00, 100.00, 0.00, 2.25, 0, 0 
6, 74330, 730101957, 0.00, 100.00, 0.00, 2.25, 0, 0 
7, 74330, 730614622, 0.00, 100.00, 0.00, 2.25, 0, 0 
8, 74330, 731109593, 0.00, 100.00, 0.00, 2.25, 0, 0 
9, 74330, 731629020, 0.00, 100.00, 0.00, 2.25, 0, 0 
0, 74330, 732161103, 0.00, 100.00, 0.00, 2.25, 0, 0 
1, 74330, 732686069, 0.00, 100.00, 0.00, 2.25, 0, 0 
2, 74330, 733200236, 0.00, 100.00, 0.00, 2.25, 0, 0 
3, 74330, 733716668, 0.00, 100.00, 0.00, 2.25, 0, 0 
4, 74330, 734236767, 0.00, 100.00, 0.00, 2.25, 0, 0 
5, 74330, 734757482, 0.00, 100.00, 0.00, 2.25, 0, 0 
6, 74330, 735299926, 0.00, 100.00, 0.00, 2.25, 0, 0 
7, 74330, 735823671, 0.00, 100.00, 0.00, 2.25, 0, 0 
8, 74330, 736345329, 0.00, 100.00, 0.00, 2.25, 0, 0 
9, 74330, 736841477, 0.00, 100.00, 0.00, 2.25, 0, 0 
0, 74330, 737371632, 0.00, 100.00, 0.00, 2.25, 0, 0 
1, 74330, 737910993, 0.00, 100.00, 0.00, 2.25, 0, 0 
2, 74330, 738415635, 0.00, 100.00, 0.00, 2.25, 0, 0 
3, 74330, 739102194, 0.00, 100.00, 0.00, 2.25, 0, 0 
4, 74330, 739644428, 0.00, 100.00, 0.00, 2.25, 0, 0 
5, 74330, 740179855, 0.00, 100.00, 0.00, 2.25, 0, 0 
6, 74330, 740700594, 0.00, 100.00, 0.00, 2.25, 0, 0 
7, 74330, 741219676, 0.00, 100.00, 0.00, 2.25, 0, 0 
8, 74330, 741741272, 0.00, 100.00, 0.00, 2.25, 0, 0 
9, 74330, 742262427, 0.00, 100.00, 0.00, 2.25, 0, 0 
0, 74330, 742804073, 0.00, 100.00, 0.00, 2.25, 0, 0 
1, 74330, 743321539, 0.00, 100.00, 0.00, 2.25, 0, 0 
2, 74330, 743825470, 0.00, 100.00, 0.00, 2.25, 0, 0 
3, 74330, 744346274, 0.00, 100.00, 0.00, 2.25, 0, 0 
4, 74330, 744866694, 0.00, 100.00, 0.00, 2.25, 0, 0 
5, 74330, 745373756, 0.00, 100.00, 0.00, 2.25, 0, 0 
6, 74330, 745896739, 0.00, 100.00, 0.00, 2.25, 0, 0 
7, 74330, 746415904, 0.00, 100.00, 0.00, 2.25, 0, 0 
8, 74330, 746937761, 0.00, 100.00, 0.00, 2.25, 0, 0 
9, 74330, 747459093, 0.00, 100.00, 0.00, 2.25, 0, 0 
0, 74330, 748013449, 0.00, 100.00, 0.00, 2.25, 0, 0 
1, 74330, 748519541, 0.00, 100.00, 0.00, 2.25, 0, 0 
2, 74330, 749025963, 0.00, 100.00, 0.00, 2.25, 0, 0 
3, 74330, 749543645, 0.00, 100.00, 0.00, 2.25, 0, 0 
4, 74330, 750066115, 0.00, 100.00, 0.00, 2.25, 0, 0 
5, 74330, 750605081, 0.00, 100.00, 0.00, 2.25, 0, 0 
6, 74330, 751124081, 0.00, 100.00, 0.00, 2.25, 0, 0 
7, 74330, 751646451, 0.00, 100.00, 0.00, 2.25, 0, 0 
8, 74330, 752169354, 0.00, 100.00, 0.00, 2.25, 0, 0 
9, 74330, 752689006, 0.00, 100.00, 0.00, 2.25, 0, 0 
0, 74330, 753222437, 0.00, 100.00, 0.00, 2.25, 0, 0 
1, 74330, 753744616, 0.00, 100.00, 0.00, 2.25, 0, 0 
2, 74330, 754251066, 0.00, 100.00, 0.00, 2.25, 0, 0 
3, 74330, 754775305, 0.00, 100.00, 0.00, 2.25, 0, 0 
4, 74330, 755297804, 0.00, 100.00, 0.00, 2.25, 0, 0 
5, 74330, 755817587, 0.00, 100.00, 0.00, 2.25, 0, 0 
6, 74330, 756336448, 0.00, 100.00, 0.00, 2.25, 0, 0 
7, 74330, 756857609, 0.00, 100.00, 0.00, 2.25, 0, 0 
8, 74330, 757362594, 0.00, 100.00, 0.00, 2.25, 0, 0 
9, 74330, 757900452, 0.00, 100.00, 0.00, 2.25, 0, 0 
0, 74330, 758422682, 0.00, 100.00, 0.00, 2.25, 0, 0 
1, 74330, 758941595, 0.00, 100.00, 0.00, 2.25, 0, 0 
2, 74330, 759433968, 0.00, 100.00, 0.00, 2.25, 0, 0 
3, 74330, 759979490, 0.00, 100.00, 0.00, 2.25, 0, 0 
4, 74330, 760492239, 0.00, 100.00, 0.00, 2.25, 0, 0 
5, 74330, 761004645, 0.00, 100.00, 0.00, 2.25, 0, 0 
6, 74330, 761540478, 0.00, 100.00, 0.00, 2.25, 0, 0 
7, 74330, 762084272, 0.00, 100.00, 0.00, 2.25, 0, 0 
8, 74330, 762652395, 0.00, 100.00, 0.00, 2.25, 0, 0 
9, 74330, 763084579, 0.00, 100.00, 0.00, 2.25, 0, 0 
0, 74330, 763614186, 0.00, 100.00, 0.00, 2.25, 0, 0 
1, 74330, 764131870, 0.00, 100.00, 0.00, 2.25, 0, 0 
2, 74330, 764645712, 0.00, 100.00, 0.00, 2.25, 0, 0 
3, 74330, 765163356, 0.00, 100.00, 0.00, 2.25, 0, 0 
4, 74330, 765710650, 0.00, 100.00, 0.00, 2.25, 0, 0 
5, 74330, 766228190, 0.00, 100.00, 0.00, 2.25, 0, 0 
6, 74330, 766747033, 0.00, 100.00, 0.00, 2.25, 0, 0 
7, 74330, 767248012, 0.00, 100.00, 0.00, 2.25, 0, 0 
8, 74330, 767766291, 0.00, 100.00, 0.00, 2.25, 0, 0 
9, 74330, 768287270, 0.00, 100.00, 0.00, 2.25, 0, 0 
0, 74330, 768840366, 0.00, 100.00, 0.00, 2.25, 0, 0 
1, 74330, 769336668, 0.00, 100.00, 0.00, 2.25, 0, 0 
2, 74330, 769848904, 0.00, 100.00, 0.00, 2.25, 0, 0 
3, 74330, 770371583, 0.00, 100.00, 0.00, 2.25, 0, 0 
4, 74330, 770890983, 0.00, 100.00, 0.00, 2.25, 0, 0 
5, 74330, 771410003, 0.00, 100.00, 0.00, 2.25, 0, 0 
6, 74330, 771982250, 0.00, 100.00, 0.00, 2.25, 0, 0 
7, 74330, 772560718, 0.00, 100.00, 0.00, 2.25, 0, 0 
8, 74330, 773212516, 0.00, 100.00, 0.00, 2.25, 0, 0 
9, 74330, 773890982, 0.00, 100.00, 0.00, 2.25, 0, 0 
0, 74330, 774420770, 0.00, 100.00, 0.00, 2.25, 0, 0 
1, 74330, 774936600, 0.00, 100.00, 0.00, 2.25, 0, 0 
2, 74330, 775443005, 0.00, 100.00, 0.00, 2.25, 0, 0 
3, 74330, 775964062, 0.00, 100.00, 0.00, 2.25, 0, 0 
4, 74330, 776484252, 0.00, 100.00, 0.00, 2.25, 0, 0 
5, 74330, 777016428, 0.00, 100.00, 0.00, 2.25, 0, 0 
6, 74330, 777525882, 0.00, 100.00, 0.00, 2.25, 0, 0 
7, 74330, 778044500, 0.00, 100.00, 0.00, 2.25, 0, 0 
8, 74330, 778563419, 0.00, 100.00, 0.00, 2.25, 0, 0 
9, 74330, 779081011, 0.00, 100.00, 0.00, 2.25, 0, 0 
0, 74330, 779615986, 0.00, 100.00, 0.00, 2.25, 0, 0 
1, 74330, 780122760, 0.00, 100.00, 0.00, 2.25, 0, 0 
2, 74330, 780660583, 0.00, 100.00, 0.00, 2.25, 0, 0 
3, 74330, 781183860, 0.00, 100.00, 0.00, 2.25, 0, 0 
4, 74330, 781702535, 0.00, 100.00, 0.00, 2.25, 0, 0 
5, 74330, 782225654, 0.00, 100.00, 0.00, 2.25, 0, 0 
6, 74330, 782744839, 0.00, 100.00, 0.00, 2.25, 0, 0 
7, 74330, 783266077, 0.00, 100.00, 0.00, 2.25, 0, 0 
8, 74330, 783788871, 0.00, 100.00, 0.00, 2.25, 0, 0 
9, 74330, 784320287, 0.00, 100.00, 0.00, 2.25, 0, 0 
