Wed Nov 28 11:45:31 2018
StepTime, x, v, f, xdes, vdes, fdes, cmd, IR, LSB, LSF
0, 936159802,0.00, 100.00, 0.00, 2.25, 0, 0 
1, 937016483,0.00, 100.00, 0.00, 2.25, 0, 0 
2, 937970005,0.00, 100.00, 0.00, 2.25, 0, 0 
3, 938886468,0.00, 100.00, 0.00, 2.25, 0, 0 
4, 939541285,0.00, 100.00, 0.00, 2.25, 0, 0 
5, 940218305,0.00, 100.00, 0.00, 2.25, 0, 0 
6, 940783718,0.00, 100.00, 0.00, 2.25, 0, 0 
7, 941381001,0.00, 100.00, 0.00, 2.25, 0, 0 
8, 941997267,0.00, 100.00, 0.00, 2.25, 0, 0 
9, 942504941,0.00, 100.00, 0.00, 2.25, 0, 0 
0, 6842941,0.00, 100.00, 0.00, 2.25, 0, 0 
1, 6475034,0.00, 100.00, 0.00, 2.25, 0, 0 
2, 6040368,0.00, 100.00, 0.00, 2.25, 0, 0 
3, 5680024,0.00, 100.00, 0.00, 2.25, 0, 0 
4, 5507817,0.00, 100.00, 0.00, 2.25, 0, 0 
5, 5332652,0.00, 100.00, 0.00, 2.25, 0, 0 
6, 5241619,0.00, 100.00, 0.00, 2.25, 0, 0 
7, 5174532,0.00, 100.00, 0.00, 2.25, 0, 0 
8, 5085052,0.00, 100.00, 0.00, 2.25, 0, 0 
9, 5132032,0.00, 100.00, 0.00, 2.25, 0, 0 
0, 4808786,0.00, 100.00, 0.00, 2.25, 0, 0 
1, 4461185,0.00, 100.00, 0.00, 2.25, 0, 0 
2, 4099513,0.00, 100.00, 0.00, 2.25, 0, 0 
3, 3763578,0.00, 100.00, 0.00, 2.25, 0, 0 
4, 3467941,0.00, 100.00, 0.00, 2.25, 0, 0 
5, 3142895,0.00, 100.00, 0.00, 2.25, 0, 0 
6, 2832297,0.00, 100.00, 0.00, 2.25, 0, 0 
7, 2465349,0.00, 100.00, 0.00, 2.25, 0, 0 
8, 2085871,0.00, 100.00, 0.00, 2.25, 0, 0 
9, 1907683,0.00, 100.00, 0.00, 2.25, 0, 0 
0, 1998939,0.00, 100.00, 0.00, 2.25, 0, 0 
1, 1986127,0.00, 100.00, 0.00, 2.25, 0, 0 
2, 1957445,0.00, 100.00, 0.00, 2.25, 0, 0 
3, 1955091,0.00, 100.00, 0.00, 2.25, 0, 0 
4, 1923256,0.00, 100.00, 0.00, 2.25, 0, 0 
5, 1901186,0.00, 100.00, 0.00, 2.25, 0, 0 
6, 1877549,0.00, 100.00, 0.00, 2.25, 0, 0 
7, 1878389,0.00, 100.00, 0.00, 2.25, 0, 0 
8, 1877038,0.00, 100.00, 0.00, 2.25, 0, 0 
9, 1674743,0.00, 100.00, 0.00, 2.25, 0, 0 
0, 1557071,0.00, 100.00, 0.00, 2.25, 0, 0 
1, 1561325,0.00, 100.00, 0.00, 2.25, 0, 0 
2, 1569596,0.00, 100.00, 0.00, 2.25, 0, 0 
3, 1515164,0.00, 100.00, 0.00, 2.25, 0, 0 
4, 1496264,0.00, 100.00, 0.00, 2.25, 0, 0 
5, 1492843,0.00, 100.00, 0.00, 2.25, 0, 0 
6, 1478078,0.00, 100.00, 0.00, 2.25, 0, 0 
7, 1462360,0.00, 100.00, 0.00, 2.25, 0, 0 
8, 1467539,0.00, 100.00, 0.00, 2.25, 0, 0 
9, 1457737,0.00, 100.00, 0.00, 2.25, 0, 0 
0, 1461035,0.00, 100.00, 0.00, 2.25, 0, 0 
1, 1462998,0.00, 100.00, 0.00, 2.25, 0, 0 
2, 1466360,0.00, 100.00, 0.00, 2.25, 0, 0 
3, 1466416,0.00, 100.00, 0.00, 2.25, 0, 0 
4, 1486247,0.00, 100.00, 0.00, 2.25, 0, 0 
5, 1502721,0.00, 100.00, 0.00, 2.25, 0, 0 
6, 1517279,0.00, 100.00, 0.00, 2.25, 0, 0 
7, 1534837,0.00, 100.00, 0.00, 2.25, 0, 0 
8, 1525736,0.00, 100.00, 0.00, 2.25, 0, 0 
9, 1539507,0.00, 100.00, 0.00, 2.25, 0, 0 
0, 1533009,0.00, 100.00, 0.00, 2.25, 0, 0 
1, 1529169,0.00, 100.00, 0.00, 2.25, 0, 0 
2, 1531374,0.00, 100.00, 0.00, 2.25, 0, 0 
3, 1532940,0.00, 100.00, 0.00, 2.25, 0, 0 
4, 1539576,0.00, 100.00, 0.00, 2.25, 0, 0 
5, 1537561,0.00, 100.00, 0.00, 2.25, 0, 0 
6, 1526684,0.00, 100.00, 0.00, 2.25, 0, 0 
7, 1529089,0.00, 100.00, 0.00, 2.25, 0, 0 
8, 1529896,0.00, 100.00, 0.00, 2.25, 0, 0 
9, 1530853,0.00, 100.00, 0.00, 2.25, 0, 0 
0, 1514533,0.00, 100.00, 0.00, 2.25, 0, 0 
1, 1524976,0.00, 100.00, 0.00, 2.25, 0, 0 
2, 1523093,0.00, 100.00, 0.00, 2.25, 0, 0 
3, 1528031,0.00, 100.00, 0.00, 2.25, 0, 0 
4, 1516880,0.00, 100.00, 0.00, 2.25, 0, 0 
5, 1512737,0.00, 100.00, 0.00, 2.25, 0, 0 
6, 1526086,0.00, 100.00, 0.00, 2.25, 0, 0 
7, 1510033,0.00, 100.00, 0.00, 2.25, 0, 0 
8, 1508543,0.00, 100.00, 0.00, 2.25, 0, 0 
9, 1530856,0.00, 100.00, 0.00, 2.25, 0, 0 
0, 1534289,0.00, 100.00, 0.00, 2.25, 0, 0 
1, 1534049,0.00, 100.00, 0.00, 2.25, 0, 0 
2, 1529385,0.00, 100.00, 0.00, 2.25, 0, 0 
3, 1537960,0.00, 100.00, 0.00, 2.25, 0, 0 
4, 1542832,0.00, 100.00, 0.00, 2.25, 0, 0 
5, 1528259,0.00, 100.00, 0.00, 2.25, 0, 0 
6, 1526652,0.00, 100.00, 0.00, 2.25, 0, 0 
7, 1526218,0.00, 100.00, 0.00, 2.25, 0, 0 
8, 1523926,0.00, 100.00, 0.00, 2.25, 0, 0 
9, 1486630,0.00, 100.00, 0.00, 2.25, 0, 0 
0, 1486583,0.00, 100.00, 0.00, 2.25, 0, 0 
1, 1489824,0.00, 100.00, 0.00, 2.25, 0, 0 
2, 1522913,0.00, 100.00, 0.00, 2.25, 0, 0 
3, 1549662,0.00, 100.00, 0.00, 2.25, 0, 0 
4, 1548180,0.00, 100.00, 0.00, 2.25, 0, 0 
5, 1561666,0.00, 100.00, 0.00, 2.25, 0, 0 
6, 1564564,0.00, 100.00, 0.00, 2.25, 0, 0 
7, 1566045,0.00, 100.00, 0.00, 2.25, 0, 0 
8, 1552879,0.00, 100.00, 0.00, 2.25, 0, 0 
9, 1555130,0.00, 100.00, 0.00, 2.25, 0, 0 
0, 1551530,0.00, 100.00, 0.00, 2.25, 0, 0 
1, 1556236,0.00, 100.00, 0.00, 2.25, 0, 0 
2, 1523438,0.00, 100.00, 0.00, 2.25, 0, 0 
3, 1475510,0.00, 100.00, 0.00, 2.25, 0, 0 
4, 1479762,0.00, 100.00, 0.00, 2.25, 0, 0 
5, 1502029,0.00, 100.00, 0.00, 2.25, 0, 0 
6, 1508406,0.00, 100.00, 0.00, 2.25, 0, 0 
7, 1514538,0.00, 100.00, 0.00, 2.25, 0, 0 
8, 1534300,0.00, 100.00, 0.00, 2.25, 0, 0 
9, 1536656,0.00, 100.00, 0.00, 2.25, 0, 0 
0, 1543398,0.00, 100.00, 0.00, 2.25, 0, 0 
1, 1613721,0.00, 100.00, 0.00, 2.25, 0, 0 
2, 1601908,0.00, 100.00, 0.00, 2.25, 0, 0 
3, 1618088,0.00, 100.00, 0.00, 2.25, 0, 0 
4, 1604115,0.00, 100.00, 0.00, 2.25, 0, 0 
5, 1587308,0.00, 100.00, 0.00, 2.25, 0, 0 
6, 1569959,0.00, 100.00, 0.00, 2.25, 0, 0 
7, 1583989,0.00, 100.00, 0.00, 2.25, 0, 0 
8, 1591982,0.00, 100.00, 0.00, 2.25, 0, 0 
9, 1608162,0.00, 100.00, 0.00, 2.25, 0, 0 
0, 1608720,0.00, 100.00, 0.00, 2.25, 0, 0 
1, 1543331,0.00, 100.00, 0.00, 2.25, 0, 0 
2, 1560735,0.00, 100.00, 0.00, 2.25, 0, 0 
3, 1563942,0.00, 100.00, 0.00, 2.25, 0, 0 
4, 1610756,0.00, 100.00, 0.00, 2.25, 0, 0 
5, 1609231,0.00, 100.00, 0.00, 2.25, 0, 0 
6, 1608541,0.00, 100.00, 0.00, 2.25, 0, 0 
7, 1595804,0.00, 100.00, 0.00, 2.25, 0, 0 
8, 1587471,0.00, 100.00, 0.00, 2.25, 0, 0 
9, 1586376,0.00, 100.00, 0.00, 2.25, 0, 0 
0, 1599042,0.00, 100.00, 0.00, 2.25, 0, 0 
1, 1598452,0.00, 100.00, 0.00, 2.25, 0, 0 
2, 1582436,0.00, 100.00, 0.00, 2.25, 0, 0 
3, 1581045,0.00, 100.00, 0.00, 2.25, 0, 0 
4, 1531915,0.00, 100.00, 0.00, 2.25, 0, 0 
5, 1534065,0.00, 100.00, 0.00, 2.25, 0, 0 
6, 1533816,0.00, 100.00, 0.00, 2.25, 0, 0 
7, 1547249,0.00, 100.00, 0.00, 2.25, 0, 0 
8, 1550988,0.00, 100.00, 0.00, 2.25, 0, 0 
9, 1550407,0.00, 100.00, 0.00, 2.25, 0, 0 
0, 1536130,0.00, 100.00, 0.00, 2.25, 0, 0 
1, 1537461,0.00, 100.00, 0.00, 2.25, 0, 0 
2, 1557476,0.00, 100.00, 0.00, 2.25, 0, 0 
3, 1587986,0.00, 100.00, 0.00, 2.25, 0, 0 
4, 1602453,0.00, 100.00, 0.00, 2.25, 0, 0 
5, 1584292,0.00, 100.00, 0.00, 2.25, 0, 0 
6, 1601736,0.00, 100.00, 0.00, 2.25, 0, 0 
7, 1586740,0.00, 100.00, 0.00, 2.25, 0, 0 
8, 1584724,0.00, 100.00, 0.00, 2.25, 0, 0 
9, 1615613,0.00, 100.00, 0.00, 2.25, 0, 0 
0, 1599714,0.00, 100.00, 0.00, 2.25, 0, 0 
1, 1582514,0.00, 100.00, 0.00, 2.25, 0, 0 
2, 1576191,0.00, 100.00, 0.00, 2.25, 0, 0 
3, 1546003,0.00, 100.00, 0.00, 2.25, 0, 0 
4, 1555153,0.00, 100.00, 0.00, 2.25, 0, 0 
5, 1644346,0.00, 100.00, 0.00, 2.25, 0, 0 
6, 1656835,0.00, 100.00, 0.00, 2.25, 0, 0 
7, 1678930,0.00, 100.00, 0.00, 2.25, 0, 0 
8, 1698828,0.00, 100.00, 0.00, 2.25, 0, 0 
9, 1671317,0.00, 100.00, 0.00, 2.25, 0, 0 
0, 1694281,0.00, 100.00, 0.00, 2.25, 0, 0 
1, 1744350,0.00, 100.00, 0.00, 2.25, 0, 0 
2, 1744939,0.00, 100.00, 0.00, 2.25, 0, 0 
3, 1743642,0.00, 100.00, 0.00, 2.25, 0, 0 
4, 1732773,0.00, 100.00, 0.00, 2.25, 0, 0 
5, 1638826,0.00, 100.00, 0.00, 2.25, 0, 0 
6, 1606181,0.00, 100.00, 0.00, 2.25, 0, 0 
7, 1638601,0.00, 100.00, 0.00, 2.25, 0, 0 
8, 1619801,0.00, 100.00, 0.00, 2.25, 0, 0 
9, 1600789,0.00, 100.00, 0.00, 2.25, 0, 0 
0, 1582857,0.00, 100.00, 0.00, 2.25, 0, 0 
1, 1552986,0.00, 100.00, 0.00, 2.25, 0, 0 
2, 1568448,0.00, 100.00, 0.00, 2.25, 0, 0 
3, 1617831,0.00, 100.00, 0.00, 2.25, 0, 0 
4, 1621911,0.00, 100.00, 0.00, 2.25, 0, 0 
5, 1639326,0.00, 100.00, 0.00, 2.25, 0, 0 
6, 1683118,0.00, 100.00, 0.00, 2.25, 0, 0 
7, 1632613,0.00, 100.00, 0.00, 2.25, 0, 0 
8, 1645330,0.00, 100.00, 0.00, 2.25, 0, 0 
9, 1695510,0.00, 100.00, 0.00, 2.25, 0, 0 
0, 1705501,0.00, 100.00, 0.00, 2.25, 0, 0 
1, 1703892,0.00, 100.00, 0.00, 2.25, 0, 0 
2, 1698216,0.00, 100.00, 0.00, 2.25, 0, 0 
3, 1659506,0.00, 100.00, 0.00, 2.25, 0, 0 
4, 1666652,0.00, 100.00, 0.00, 2.25, 0, 0 
5, 1679693,0.00, 100.00, 0.00, 2.25, 0, 0 
6, 1660912,0.00, 100.00, 0.00, 2.25, 0, 0 
7, 1661772,0.00, 100.00, 0.00, 2.25, 0, 0 
8, 1655810,0.00, 100.00, 0.00, 2.25, 0, 0 
9, 1617823,0.00, 100.00, 0.00, 2.25, 0, 0 
0, 1619376,0.00, 100.00, 0.00, 2.25, 0, 0 
1, 1649800,0.00, 100.00, 0.00, 2.25, 0, 0 
2, 1651058,0.00, 100.00, 0.00, 2.25, 0, 0 
3, 1649588,0.00, 100.00, 0.00, 2.25, 0, 0 
4, 1653881,0.00, 100.00, 0.00, 2.25, 0, 0 
5, 1637088,0.00, 100.00, 0.00, 2.25, 0, 0 
6, 1622416,0.00, 100.00, 0.00, 2.25, 0, 0 
7, 1674596,0.00, 100.00, 0.00, 2.25, 0, 0 
8, 1675337,0.00, 100.00, 0.00, 2.25, 0, 0 
9, 1688265,0.00, 100.00, 0.00, 2.25, 0, 0 
0, 1689041,0.00, 100.00, 0.00, 2.25, 0, 0 
1, 1659996,0.00, 100.00, 0.00, 2.25, 0, 0 
2, 1659637,0.00, 100.00, 0.00, 2.25, 0, 0 
3, 1659018,0.00, 100.00, 0.00, 2.25, 0, 0 
4, 1662292,0.00, 100.00, 0.00, 2.25, 0, 0 
5, 1686038,0.00, 100.00, 0.00, 2.25, 0, 0 
6, 1691186,0.00, 100.00, 0.00, 2.25, 0, 0 
7, 1660941,0.00, 100.00, 0.00, 2.25, 0, 0 
8, 1665337,0.00, 100.00, 0.00, 2.25, 0, 0 
9, 1658474,0.00, 100.00, 0.00, 2.25, 0, 0 
0, 1681194,0.00, 100.00, 0.00, 2.25, 0, 0 
1, 1754365,0.00, 100.00, 0.00, 2.25, 0, 0 
2, 1805880,0.00, 100.00, 0.00, 2.25, 0, 0 
3, 1816089,0.00, 100.00, 0.00, 2.25, 0, 0 
4, 1817943,0.00, 100.00, 0.00, 2.25, 0, 0 
5, 1794348,0.00, 100.00, 0.00, 2.25, 0, 0 
6, 1806880,0.00, 100.00, 0.00, 2.25, 0, 0 
7, 1799494,0.00, 100.00, 0.00, 2.25, 0, 0 
8, 1796366,0.00, 100.00, 0.00, 2.25, 0, 0 
9, 1810918,0.00, 100.00, 0.00, 2.25, 0, 0 
0, 1788638,0.00, 100.00, 0.00, 2.25, 0, 0 
1, 1709403,0.00, 100.00, 0.00, 2.25, 0, 0 
2, 1670671,0.00, 100.00, 0.00, 2.25, 0, 0 
3, 1662439,0.00, 100.00, 0.00, 2.25, 0, 0 
4, 1653405,0.00, 100.00, 0.00, 2.25, 0, 0 
5, 1667533,0.00, 100.00, 0.00, 2.25, 0, 0 
6, 1670494,0.00, 100.00, 0.00, 2.25, 0, 0 
7, 1671239,0.00, 100.00, 0.00, 2.25, 0, 0 
8, 1655827,0.00, 100.00, 0.00, 2.25, 0, 0 
9, 1639223,0.00, 100.00, 0.00, 2.25, 0, 0 
0, 1630240,0.00, 100.00, 0.00, 2.25, 0, 0 
1, 1630507,0.00, 100.00, 0.00, 2.25, 0, 0 
2, 1652679,0.00, 100.00, 0.00, 2.25, 0, 0 
3, 1651955,0.00, 100.00, 0.00, 2.25, 0, 0 
4, 1652988,0.00, 100.00, 0.00, 2.25, 0, 0 
5, 1638795,0.00, 100.00, 0.00, 2.25, 0, 0 
6, 1618826,0.00, 100.00, 0.00, 2.25, 0, 0 
7, 1602191,0.00, 100.00, 0.00, 2.25, 0, 0 
8, 1601269,0.00, 100.00, 0.00, 2.25, 0, 0 
9, 1615846,0.00, 100.00, 0.00, 2.25, 0, 0 
0, 1621107,0.00, 100.00, 0.00, 2.25, 0, 0 
1, 1603729,0.00, 100.00, 0.00, 2.25, 0, 0 
2, 1563507,0.00, 100.00, 0.00, 2.25, 0, 0 
3, 1561051,0.00, 100.00, 0.00, 2.25, 0, 0 
4, 1546653,0.00, 100.00, 0.00, 2.25, 0, 0 
5, 1569578,0.00, 100.00, 0.00, 2.25, 0, 0 
6, 1585031,0.00, 100.00, 0.00, 2.25, 0, 0 
7, 1600643,0.00, 100.00, 0.00, 2.25, 0, 0 
8, 1614704,0.00, 100.00, 0.00, 2.25, 0, 0 
9, 1615428,0.00, 100.00, 0.00, 2.25, 0, 0 
0, 1611629,0.00, 100.00, 0.00, 2.25, 0, 0 
1, 1626741,0.00, 100.00, 0.00, 2.25, 0, 0 
2, 1644699,0.00, 100.00, 0.00, 2.25, 0, 0 
3, 1644532,0.00, 100.00, 0.00, 2.25, 0, 0 
4, 1660537,0.00, 100.00, 0.00, 2.25, 0, 0 
5, 1650232,0.00, 100.00, 0.00, 2.25, 0, 0 
6, 1650106,0.00, 100.00, 0.00, 2.25, 0, 0 
7, 1663472,0.00, 100.00, 0.00, 2.25, 0, 0 
8, 1664981,0.00, 100.00, 0.00, 2.25, 0, 0 
9, 1666679,0.00, 100.00, 0.00, 2.25, 0, 0 
0, 1664347,0.00, 100.00, 0.00, 2.25, 0, 0 
1, 1664190,0.00, 100.00, 0.00, 2.25, 0, 0 
2, 1660873,0.00, 100.00, 0.00, 2.25, 0, 0 
3, 1663481,0.00, 100.00, 0.00, 2.25, 0, 0 
4, 1659914,0.00, 100.00, 0.00, 2.25, 0, 0 
5, 1659599,0.00, 100.00, 0.00, 2.25, 0, 0 
6, 1661349,0.00, 100.00, 0.00, 2.25, 0, 0 
7, 1660806,0.00, 100.00, 0.00, 2.25, 0, 0 
8, 1661826,0.00, 100.00, 0.00, 2.25, 0, 0 
9, 1660894,0.00, 100.00, 0.00, 2.25, 0, 0 
0, 1663719,0.00, 100.00, 0.00, 2.25, 0, 0 
1, 1666830,0.00, 100.00, 0.00, 2.25, 0, 0 
2, 1655234,0.00, 100.00, 0.00, 2.25, 0, 0 
3, 1656171,0.00, 100.00, 0.00, 2.25, 0, 0 
4, 1658027,0.00, 100.00, 0.00, 2.25, 0, 0 
5, 1660218,0.00, 100.00, 0.00, 2.25, 0, 0 
6, 1707307,0.00, 100.00, 0.00, 2.25, 0, 0 
7, 1695485,0.00, 100.00, 0.00, 2.25, 0, 0 
8, 1680565,0.00, 100.00, 0.00, 2.25, 0, 0 
9, 1664077,0.00, 100.00, 0.00, 2.25, 0, 0 
0, 1664218,0.00, 100.00, 0.00, 2.25, 0, 0 
1, 1648454,0.00, 100.00, 0.00, 2.25, 0, 0 
2, 1667149,0.00, 100.00, 0.00, 2.25, 0, 0 
3, 1667019,0.00, 100.00, 0.00, 2.25, 0, 0 
4, 1652326,0.00, 100.00, 0.00, 2.25, 0, 0 
5, 1654681,0.00, 100.00, 0.00, 2.25, 0, 0 
6, 1598770,0.00, 100.00, 0.00, 2.25, 0, 0 
7, 1600459,0.00, 100.00, 0.00, 2.25, 0, 0 
8, 1603119,0.00, 100.00, 0.00, 2.25, 0, 0 
9, 1604022,0.00, 100.00, 0.00, 2.25, 0, 0 
0, 1586270,0.00, 100.00, 0.00, 2.25, 0, 0 
1, 1586208,0.00, 100.00, 0.00, 2.25, 0, 0 
2, 1551709,0.00, 100.00, 0.00, 2.25, 0, 0 
3, 1573904,0.00, 100.00, 0.00, 2.25, 0, 0 
4, 1580566,0.00, 100.00, 0.00, 2.25, 0, 0 
5, 1551954,0.00, 100.00, 0.00, 2.25, 0, 0 
6, 1528954,0.00, 100.00, 0.00, 2.25, 0, 0 
7, 1517519,0.00, 100.00, 0.00, 2.25, 0, 0 
8, 1513962,0.00, 100.00, 0.00, 2.25, 0, 0 
9, 1512558,0.00, 100.00, 0.00, 2.25, 0, 0 
0, 1519381,0.00, 100.00, 0.00, 2.25, 0, 0 
1, 1513040,0.00, 100.00, 0.00, 2.25, 0, 0 
2, 1543400,0.00, 100.00, 0.00, 2.25, 0, 0 
3, 1505357,0.00, 100.00, 0.00, 2.25, 0, 0 
4, 1494806,0.00, 100.00, 0.00, 2.25, 0, 0 
5, 1533338,0.00, 100.00, 0.00, 2.25, 0, 0 
6, 1571672,0.00, 100.00, 0.00, 2.25, 0, 0 
7, 1598928,0.00, 100.00, 0.00, 2.25, 0, 0 
8, 1608853,0.00, 100.00, 0.00, 2.25, 0, 0 
9, 1637184,0.00, 100.00, 0.00, 2.25, 0, 0 
0, 1660361,0.00, 100.00, 0.00, 2.25, 0, 0 
1, 1690270,0.00, 100.00, 0.00, 2.25, 0, 0 
2, 1683303,0.00, 100.00, 0.00, 2.25, 0, 0 
3, 1708785,0.00, 100.00, 0.00, 2.25, 0, 0 
4, 1738357,0.00, 100.00, 0.00, 2.25, 0, 0 
5, 1735533,0.00, 100.00, 0.00, 2.25, 0, 0 
6, 1746260,0.00, 100.00, 0.00, 2.25, 0, 0 
7, 1804992,0.00, 100.00, 0.00, 2.25, 0, 0 
8, 1826191,0.00, 100.00, 0.00, 2.25, 0, 0 
9, 1826761,0.00, 100.00, 0.00, 2.25, 0, 0 
0, 1826019,0.00, 100.00, 0.00, 2.25, 0, 0 
1, 1826667,0.00, 100.00, 0.00, 2.25, 0, 0 
2, 1845595,0.00, 100.00, 0.00, 2.25, 0, 0 
3, 1828609,0.00, 100.00, 0.00, 2.25, 0, 0 
4, 1828035,0.00, 100.00, 0.00, 2.25, 0, 0 
5, 1827872,0.00, 100.00, 0.00, 2.25, 0, 0 
6, 1819895,0.00, 100.00, 0.00, 2.25, 0, 0 
7, 1756151,0.00, 100.00, 0.00, 2.25, 0, 0 
8, 1733466,0.00, 100.00, 0.00, 2.25, 0, 0 
9, 1734257,0.00, 100.00, 0.00, 2.25, 0, 0 
0, 1732640,0.00, 100.00, 0.00, 2.25, 0, 0 
1, 1732100,0.00, 100.00, 0.00, 2.25, 0, 0 
2, 1730840,0.00, 100.00, 0.00, 2.25, 0, 0 
3, 1730415,0.00, 100.00, 0.00, 2.25, 0, 0 
4, 1747450,0.00, 100.00, 0.00, 2.25, 0, 0 
5, 1752001,0.00, 100.00, 0.00, 2.25, 0, 0 
6, 1735130,0.00, 100.00, 0.00, 2.25, 0, 0 
7, 1734693,0.00, 100.00, 0.00, 2.25, 0, 0 
8, 1761706,0.00, 100.00, 0.00, 2.25, 0, 0 
9, 1747012,0.00, 100.00, 0.00, 2.25, 0, 0 
0, 1763757,0.00, 100.00, 0.00, 2.25, 0, 0 
1, 1756593,0.00, 100.00, 0.00, 2.25, 0, 0 
2, 1737712,0.00, 100.00, 0.00, 2.25, 0, 0 
3, 1779457,0.00, 100.00, 0.00, 2.25, 0, 0 
4, 1765847,0.00, 100.00, 0.00, 2.25, 0, 0 
5, 1807311,0.00, 100.00, 0.00, 2.25, 0, 0 
6, 1804983,0.00, 100.00, 0.00, 2.25, 0, 0 
7, 1802127,0.00, 100.00, 0.00, 2.25, 0, 0 
8, 1792109,0.00, 100.00, 0.00, 2.25, 0, 0 
9, 1785190,0.00, 100.00, 0.00, 2.25, 0, 0 
0, 1761216,0.00, 100.00, 0.00, 2.25, 0, 0 
1, 1750816,0.00, 100.00, 0.00, 2.25, 0, 0 
2, 1726579,0.00, 100.00, 0.00, 2.25, 0, 0 
3, 1739351,0.00, 100.00, 0.00, 2.25, 0, 0 
4, 1740603,0.00, 100.00, 0.00, 2.25, 0, 0 
5, 1671718,0.00, 100.00, 0.00, 2.25, 0, 0 
6, 1668621,0.00, 100.00, 0.00, 2.25, 0, 0 
7, 1654507,0.00, 100.00, 0.00, 2.25, 0, 0 
8, 1653859,0.00, 100.00, 0.00, 2.25, 0, 0 
9, 1636756,0.00, 100.00, 0.00, 2.25, 0, 0 
0, 1615931,0.00, 100.00, 0.00, 2.25, 0, 0 
1, 1615831,0.00, 100.00, 0.00, 2.25, 0, 0 
2, 1596740,0.00, 100.00, 0.00, 2.25, 0, 0 
3, 1630260,0.00, 100.00, 0.00, 2.25, 0, 0 
4, 1606236,0.00, 100.00, 0.00, 2.25, 0, 0 
5, 1606607,0.00, 100.00, 0.00, 2.25, 0, 0 
6, 1602410,0.00, 100.00, 0.00, 2.25, 0, 0 
7, 1581671,0.00, 100.00, 0.00, 2.25, 0, 0 
8, 1555444,0.00, 100.00, 0.00, 2.25, 0, 0 
9, 1553609,0.00, 100.00, 0.00, 2.25, 0, 0 
0, 1567198,0.00, 100.00, 0.00, 2.25, 0, 0 
1, 1567887,0.00, 100.00, 0.00, 2.25, 0, 0 
2, 1569180,0.00, 100.00, 0.00, 2.25, 0, 0 
3, 1511661,0.00, 100.00, 0.00, 2.25, 0, 0 
4, 1510648,0.00, 100.00, 0.00, 2.25, 0, 0 
5, 1506676,0.00, 100.00, 0.00, 2.25, 0, 0 
6, 1529277,0.00, 100.00, 0.00, 2.25, 0, 0 
7, 1550051,0.00, 100.00, 0.00, 2.25, 0, 0 
8, 1552193,0.00, 100.00, 0.00, 2.25, 0, 0 
9, 1579067,0.00, 100.00, 0.00, 2.25, 0, 0 
0, 1564548,0.00, 100.00, 0.00, 2.25, 0, 0 
1, 1564185,0.00, 100.00, 0.00, 2.25, 0, 0 
2, 1618630,0.00, 100.00, 0.00, 2.25, 0, 0 
3, 1600673,0.00, 100.00, 0.00, 2.25, 0, 0 
4, 1587471,0.00, 100.00, 0.00, 2.25, 0, 0 
5, 1572761,0.00, 100.00, 0.00, 2.25, 0, 0 
6, 1550927,0.00, 100.00, 0.00, 2.25, 0, 0 
7, 1537573,0.00, 100.00, 0.00, 2.25, 0, 0 
8, 1540788,0.00, 100.00, 0.00, 2.25, 0, 0 
9, 1515422,0.00, 100.00, 0.00, 2.25, 0, 0 
0, 1504918,0.00, 100.00, 0.00, 2.25, 0, 0 
1, 1502143,0.00, 100.00, 0.00, 2.25, 0, 0 
2, 1444119,0.00, 100.00, 0.00, 2.25, 0, 0 
3, 1460173,0.00, 100.00, 0.00, 2.25, 0, 0 
4, 1475327,0.00, 100.00, 0.00, 2.25, 0, 0 
5, 1491183,0.00, 100.00, 0.00, 2.25, 0, 0 
6, 1490052,0.00, 100.00, 0.00, 2.25, 0, 0 
7, 1496259,0.00, 100.00, 0.00, 2.25, 0, 0 
8, 1493012,0.00, 100.00, 0.00, 2.25, 0, 0 
9, 1502596,0.00, 100.00, 0.00, 2.25, 0, 0 
0, 1513629,0.00, 100.00, 0.00, 2.25, 0, 0 
1, 1512704,0.00, 100.00, 0.00, 2.25, 0, 0 
2, 1535238,0.00, 100.00, 0.00, 2.25, 0, 0 
3, 1533345,0.00, 100.00, 0.00, 2.25, 0, 0 
4, 1531344,0.00, 100.00, 0.00, 2.25, 0, 0 
5, 1534749,0.00, 100.00, 0.00, 2.25, 0, 0 
6, 1544379,0.00, 100.00, 0.00, 2.25, 0, 0 
7, 1554326,0.00, 100.00, 0.00, 2.25, 0, 0 
8, 1540370,0.00, 100.00, 0.00, 2.25, 0, 0 
9, 1562833,0.00, 100.00, 0.00, 2.25, 0, 0 
0, 1565003,0.00, 100.00, 0.00, 2.25, 0, 0 
1, 1601487,0.00, 100.00, 0.00, 2.25, 0, 0 
2, 1593907,0.00, 100.00, 0.00, 2.25, 0, 0 
3, 1705916,0.00, 100.00, 0.00, 2.25, 0, 0 
4, 1762650,0.00, 100.00, 0.00, 2.25, 0, 0 
5, 1761981,0.00, 100.00, 0.00, 2.25, 0, 0 
6, 1751592,0.00, 100.00, 0.00, 2.25, 0, 0 
7, 1743912,0.00, 100.00, 0.00, 2.25, 0, 0 
8, 1753743,0.00, 100.00, 0.00, 2.25, 0, 0 
9, 1734591,0.00, 100.00, 0.00, 2.25, 0, 0 
0, 1738699,0.00, 100.00, 0.00, 2.25, 0, 0 
1, 1704133,0.00, 100.00, 0.00, 2.25, 0, 0 
2, 1688890,0.00, 100.00, 0.00, 2.25, 0, 0 
3, 1585970,0.00, 100.00, 0.00, 2.25, 0, 0 
4, 1533171,0.00, 100.00, 0.00, 2.25, 0, 0 
5, 1529104,0.00, 100.00, 0.00, 2.25, 0, 0 
6, 1528335,0.00, 100.00, 0.00, 2.25, 0, 0 
7, 1524659,0.00, 100.00, 0.00, 2.25, 0, 0 
8, 1523140,0.00, 100.00, 0.00, 2.25, 0, 0 
9, 1523877,0.00, 100.00, 0.00, 2.25, 0, 0 
0, 1494691,0.00, 100.00, 0.00, 2.25, 0, 0 
1, 1495058,0.00, 100.00, 0.00, 2.25, 0, 0 
2, 1493274,0.00, 100.00, 0.00, 2.25, 0, 0 
3, 1529735,0.00, 100.00, 0.00, 2.25, 0, 0 
4, 1528095,0.00, 100.00, 0.00, 2.25, 0, 0 
5, 1528320,0.00, 100.00, 0.00, 2.25, 0, 0 
6, 1528676,0.00, 100.00, 0.00, 2.25, 0, 0 
7, 1529581,0.00, 100.00, 0.00, 2.25, 0, 0 
8, 1543234,0.00, 100.00, 0.00, 2.25, 0, 0 
9, 1542513,0.00, 100.00, 0.00, 2.25, 0, 0 
0, 1563748,0.00, 100.00, 0.00, 2.25, 0, 0 
1, 1571261,0.00, 100.00, 0.00, 2.25, 0, 0 
2, 1578198,0.00, 100.00, 0.00, 2.25, 0, 0 
3, 1527994,0.00, 100.00, 0.00, 2.25, 0, 0 
4, 1538798,0.00, 100.00, 0.00, 2.25, 0, 0 
5, 1528739,0.00, 100.00, 0.00, 2.25, 0, 0 
6, 1543142,0.00, 100.00, 0.00, 2.25, 0, 0 
7, 1539625,0.00, 100.00, 0.00, 2.25, 0, 0 
8, 1535792,0.00, 100.00, 0.00, 2.25, 0, 0 
9, 1537817,0.00, 100.00, 0.00, 2.25, 0, 0 
0, 1534825,0.00, 100.00, 0.00, 2.25, 0, 0 
1, 1516991,0.00, 100.00, 0.00, 2.25, 0, 0 
2, 1494140,0.00, 100.00, 0.00, 2.25, 0, 0 
3, 1517052,0.00, 100.00, 0.00, 2.25, 0, 0 
4, 1506514,0.00, 100.00, 0.00, 2.25, 0, 0 
5, 1521374,0.00, 100.00, 0.00, 2.25, 0, 0 
6, 1507520,0.00, 100.00, 0.00, 2.25, 0, 0 
7, 1504656,0.00, 100.00, 0.00, 2.25, 0, 0 
8, 1504643,0.00, 100.00, 0.00, 2.25, 0, 0 
9, 1529948,0.00, 100.00, 0.00, 2.25, 0, 0 
0, 1530341,0.00, 100.00, 0.00, 2.25, 0, 0 
1, 1543051,0.00, 100.00, 0.00, 2.25, 0, 0 
2, 1568058,0.00, 100.00, 0.00, 2.25, 0, 0 
3, 1567242,0.00, 100.00, 0.00, 2.25, 0, 0 
4, 1568140,0.00, 100.00, 0.00, 2.25, 0, 0 
5, 1626309,0.00, 100.00, 0.00, 2.25, 0, 0 
6, 1621599,0.00, 100.00, 0.00, 2.25, 0, 0 
7, 1629293,0.00, 100.00, 0.00, 2.25, 0, 0 
8, 1624918,0.00, 100.00, 0.00, 2.25, 0, 0 
9, 1584645,0.00, 100.00, 0.00, 2.25, 0, 0 
0, 1582718,0.00, 100.00, 0.00, 2.25, 0, 0 
1, 1576492,0.00, 100.00, 0.00, 2.25, 0, 0 
2, 1553140,0.00, 100.00, 0.00, 2.25, 0, 0 
3, 1543516,0.00, 100.00, 0.00, 2.25, 0, 0 
4, 1550534,0.00, 100.00, 0.00, 2.25, 0, 0 
5, 1489553,0.00, 100.00, 0.00, 2.25, 0, 0 
6, 1474713,0.00, 100.00, 0.00, 2.25, 0, 0 
7, 1463664,0.00, 100.00, 0.00, 2.25, 0, 0 
8, 1536249,0.00, 100.00, 0.00, 2.25, 0, 0 
9, 1548375,0.00, 100.00, 0.00, 2.25, 0, 0 
0, 1539728,0.00, 100.00, 0.00, 2.25, 0, 0 
1, 1523326,0.00, 100.00, 0.00, 2.25, 0, 0 
2, 1536708,0.00, 100.00, 0.00, 2.25, 0, 0 
3, 1540387,0.00, 100.00, 0.00, 2.25, 0, 0 
4, 1531433,0.00, 100.00, 0.00, 2.25, 0, 0 
5, 1553969,0.00, 100.00, 0.00, 2.25, 0, 0 
6, 1571860,0.00, 100.00, 0.00, 2.25, 0, 0 
7, 1575454,0.00, 100.00, 0.00, 2.25, 0, 0 
8, 1502736,0.00, 100.00, 0.00, 2.25, 0, 0 
9, 1505149,0.00, 100.00, 0.00, 2.25, 0, 0 
0, 1505697,0.00, 100.00, 0.00, 2.25, 0, 0 
1, 1556218,0.00, 100.00, 0.00, 2.25, 0, 0 
2, 1587401,0.00, 100.00, 0.00, 2.25, 0, 0 
3, 1625390,0.00, 100.00, 0.00, 2.25, 0, 0 
4, 1634747,0.00, 100.00, 0.00, 2.25, 0, 0 
5, 1628878,0.00, 100.00, 0.00, 2.25, 0, 0 
6, 1647187,0.00, 100.00, 0.00, 2.25, 0, 0 
7, 1702696,0.00, 100.00, 0.00, 2.25, 0, 0 
8, 1723960,0.00, 100.00, 0.00, 2.25, 0, 0 
9, 1735758,0.00, 100.00, 0.00, 2.25, 0, 0 
0, 1773309,0.00, 100.00, 0.00, 2.25, 0, 0 
1, 1737288,0.00, 100.00, 0.00, 2.25, 0, 0 
2, 1714833,0.00, 100.00, 0.00, 2.25, 0, 0 
3, 1676870,0.00, 100.00, 0.00, 2.25, 0, 0 
4, 1671570,0.00, 100.00, 0.00, 2.25, 0, 0 
5, 1657017,0.00, 100.00, 0.00, 2.25, 0, 0 
6, 1641055,0.00, 100.00, 0.00, 2.25, 0, 0 
7, 1589817,0.00, 100.00, 0.00, 2.25, 0, 0 
8, 1554580,0.00, 100.00, 0.00, 2.25, 0, 0 
9, 1582491,0.00, 100.00, 0.00, 2.25, 0, 0 
0, 1559732,0.00, 100.00, 0.00, 2.25, 0, 0 
1, 1557116,0.00, 100.00, 0.00, 2.25, 0, 0 
2, 1557940,0.00, 100.00, 0.00, 2.25, 0, 0 
3, 1555835,0.00, 100.00, 0.00, 2.25, 0, 0 
4, 1565415,0.00, 100.00, 0.00, 2.25, 0, 0 
5, 1635651,0.00, 100.00, 0.00, 2.25, 0, 0 
6, 1706362,0.00, 100.00, 0.00, 2.25, 0, 0 
7, 1786277,0.00, 100.00, 0.00, 2.25, 0, 0 
8, 1814305,0.00, 100.00, 0.00, 2.25, 0, 0 
9, 1771178,0.00, 100.00, 0.00, 2.25, 0, 0 
0, 1821160,0.00, 100.00, 0.00, 2.25, 0, 0 
1, 1823159,0.00, 100.00, 0.00, 2.25, 0, 0 
2, 1818920,0.00, 100.00, 0.00, 2.25, 0, 0 
3, 1817903,0.00, 100.00, 0.00, 2.25, 0, 0 
4, 1805246,0.00, 100.00, 0.00, 2.25, 0, 0 
5, 1738811,0.00, 100.00, 0.00, 2.25, 0, 0 
6, 1661903,0.00, 100.00, 0.00, 2.25, 0, 0 
7, 1586025,0.00, 100.00, 0.00, 2.25, 0, 0 
8, 1571960,0.00, 100.00, 0.00, 2.25, 0, 0 
9, 1561374,0.00, 100.00, 0.00, 2.25, 0, 0 
0, 1505655,0.00, 100.00, 0.00, 2.25, 0, 0 
1, 1486897,0.00, 100.00, 0.00, 2.25, 0, 0 
2, 1472310,0.00, 100.00, 0.00, 2.25, 0, 0 
3, 1537070,0.00, 100.00, 0.00, 2.25, 0, 0 
4, 1521907,0.00, 100.00, 0.00, 2.25, 0, 0 
5, 1516221,0.00, 100.00, 0.00, 2.25, 0, 0 
6, 1500525,0.00, 100.00, 0.00, 2.25, 0, 0 
7, 1496872,0.00, 100.00, 0.00, 2.25, 0, 0 
8, 1523272,0.00, 100.00, 0.00, 2.25, 0, 0 
9, 1520318,0.00, 100.00, 0.00, 2.25, 0, 0 
0, 1538647,0.00, 100.00, 0.00, 2.25, 0, 0 
1, 1551320,0.00, 100.00, 0.00, 2.25, 0, 0 
2, 1569107,0.00, 100.00, 0.00, 2.25, 0, 0 
3, 1506218,0.00, 100.00, 0.00, 2.25, 0, 0 
4, 1521372,0.00, 100.00, 0.00, 2.25, 0, 0 
5, 1522184,0.00, 100.00, 0.00, 2.25, 0, 0 
6, 1571352,0.00, 100.00, 0.00, 2.25, 0, 0 
7, 1569715,0.00, 100.00, 0.00, 2.25, 0, 0 
8, 1539978,0.00, 100.00, 0.00, 2.25, 0, 0 
9, 1556522,0.00, 100.00, 0.00, 2.25, 0, 0 
0, 1539409,0.00, 100.00, 0.00, 2.25, 0, 0 
1, 1538056,0.00, 100.00, 0.00, 2.25, 0, 0 
2, 1540256,0.00, 100.00, 0.00, 2.25, 0, 0 
3, 1538061,0.00, 100.00, 0.00, 2.25, 0, 0 
4, 1538473,0.00, 100.00, 0.00, 2.25, 0, 0 
5, 1539346,0.00, 100.00, 0.00, 2.25, 0, 0 
6, 1503308,0.00, 100.00, 0.00, 2.25, 0, 0 
7, 1505612,0.00, 100.00, 0.00, 2.25, 0, 0 
8, 1505610,0.00, 100.00, 0.00, 2.25, 0, 0 
9, 1543707,0.00, 100.00, 0.00, 2.25, 0, 0 
0, 1543471,0.00, 100.00, 0.00, 2.25, 0, 0 
1, 1541231,0.00, 100.00, 0.00, 2.25, 0, 0 
2, 1544256,0.00, 100.00, 0.00, 2.25, 0, 0 
3, 1548589,0.00, 100.00, 0.00, 2.25, 0, 0 
4, 1548867,0.00, 100.00, 0.00, 2.25, 0, 0 
5, 1547388,0.00, 100.00, 0.00, 2.25, 0, 0 
6, 1549389,0.00, 100.00, 0.00, 2.25, 0, 0 
7, 1552076,0.00, 100.00, 0.00, 2.25, 0, 0 
8, 1552954,0.00, 100.00, 0.00, 2.25, 0, 0 
9, 1497722,0.00, 100.00, 0.00, 2.25, 0, 0 
0, 1501073,0.00, 100.00, 0.00, 2.25, 0, 0 
1, 1485809,0.00, 100.00, 0.00, 2.25, 0, 0 
2, 1526906,0.00, 100.00, 0.00, 2.25, 0, 0 
3, 1521901,0.00, 100.00, 0.00, 2.25, 0, 0 
4, 1521712,0.00, 100.00, 0.00, 2.25, 0, 0 
5, 1519328,0.00, 100.00, 0.00, 2.25, 0, 0 
6, 1520682,0.00, 100.00, 0.00, 2.25, 0, 0 
7, 1518188,0.00, 100.00, 0.00, 2.25, 0, 0 
8, 1517600,0.00, 100.00, 0.00, 2.25, 0, 0 
9, 1547543,0.00, 100.00, 0.00, 2.25, 0, 0 
0, 1542705,0.00, 100.00, 0.00, 2.25, 0, 0 
1, 1538304,0.00, 100.00, 0.00, 2.25, 0, 0 
2, 1484866,0.00, 100.00, 0.00, 2.25, 0, 0 
3, 1490752,0.00, 100.00, 0.00, 2.25, 0, 0 
4, 1490772,0.00, 100.00, 0.00, 2.25, 0, 0 
5, 1543901,0.00, 100.00, 0.00, 2.25, 0, 0 
6, 1587735,0.00, 100.00, 0.00, 2.25, 0, 0 
7, 1591035,0.00, 100.00, 0.00, 2.25, 0, 0 
8, 1574224,0.00, 100.00, 0.00, 2.25, 0, 0 
9, 1563471,0.00, 100.00, 0.00, 2.25, 0, 0 
0, 1565627,0.00, 100.00, 0.00, 2.25, 0, 0 
1, 1563588,0.00, 100.00, 0.00, 2.25, 0, 0 
2, 1567230,0.00, 100.00, 0.00, 2.25, 0, 0 
3, 1561454,0.00, 100.00, 0.00, 2.25, 0, 0 
4, 1559179,0.00, 100.00, 0.00, 2.25, 0, 0 
5, 1508276,0.00, 100.00, 0.00, 2.25, 0, 0 
6, 1463066,0.00, 100.00, 0.00, 2.25, 0, 0 
7, 1460559,0.00, 100.00, 0.00, 2.25, 0, 0 
8, 1516390,0.00, 100.00, 0.00, 2.25, 0, 0 
9, 1527176,0.00, 100.00, 0.00, 2.25, 0, 0 
0, 1531592,0.00, 100.00, 0.00, 2.25, 0, 0 
1, 1557233,0.00, 100.00, 0.00, 2.25, 0, 0 
2, 1575868,0.00, 100.00, 0.00, 2.25, 0, 0 
3, 1577333,0.00, 100.00, 0.00, 2.25, 0, 0 
4, 1625408,0.00, 100.00, 0.00, 2.25, 0, 0 
5, 1624739,0.00, 100.00, 0.00, 2.25, 0, 0 
6, 1624372,0.00, 100.00, 0.00, 2.25, 0, 0 
7, 1625160,0.00, 100.00, 0.00, 2.25, 0, 0 
8, 1586205,0.00, 100.00, 0.00, 2.25, 0, 0 
9, 1572600,0.00, 100.00, 0.00, 2.25, 0, 0 
0, 1551616,0.00, 100.00, 0.00, 2.25, 0, 0 
1, 1537956,0.00, 100.00, 0.00, 2.25, 0, 0 
2, 1550592,0.00, 100.00, 0.00, 2.25, 0, 0 
3, 1550207,0.00, 100.00, 0.00, 2.25, 0, 0 
4, 1526982,0.00, 100.00, 0.00, 2.25, 0, 0 
5, 1531302,0.00, 100.00, 0.00, 2.25, 0, 0 
6, 1529663,0.00, 100.00, 0.00, 2.25, 0, 0 
7, 1542007,0.00, 100.00, 0.00, 2.25, 0, 0 
8, 1559039,0.00, 100.00, 0.00, 2.25, 0, 0 
9, 1569431,0.00, 100.00, 0.00, 2.25, 0, 0 
0, 1601279,0.00, 100.00, 0.00, 2.25, 0, 0 
1, 1610840,0.00, 100.00, 0.00, 2.25, 0, 0 
2, 1608826,0.00, 100.00, 0.00, 2.25, 0, 0 
3, 1630386,0.00, 100.00, 0.00, 2.25, 0, 0 
4, 1618802,0.00, 100.00, 0.00, 2.25, 0, 0 
5, 1625335,0.00, 100.00, 0.00, 2.25, 0, 0 
6, 1640569,0.00, 100.00, 0.00, 2.25, 0, 0 
7, 1641656,0.00, 100.00, 0.00, 2.25, 0, 0 
8, 1635372,0.00, 100.00, 0.00, 2.25, 0, 0 
9, 1662108,0.00, 100.00, 0.00, 2.25, 0, 0 
0, 1643003,0.00, 100.00, 0.00, 2.25, 0, 0 
1, 1627159,0.00, 100.00, 0.00, 2.25, 0, 0 
2, 1631294,0.00, 100.00, 0.00, 2.25, 0, 0 
3, 1623004,0.00, 100.00, 0.00, 2.25, 0, 0 
4, 1630064,0.00, 100.00, 0.00, 2.25, 0, 0 
5, 1664113,0.00, 100.00, 0.00, 2.25, 0, 0 
6, 1667195,0.00, 100.00, 0.00, 2.25, 0, 0 
7, 1669216,0.00, 100.00, 0.00, 2.25, 0, 0 
8, 1675968,0.00, 100.00, 0.00, 2.25, 0, 0 
9, 1641747,0.00, 100.00, 0.00, 2.25, 0, 0 
0, 1658793,0.00, 100.00, 0.00, 2.25, 0, 0 
1, 1684530,0.00, 100.00, 0.00, 2.25, 0, 0 
2, 1681683,0.00, 100.00, 0.00, 2.25, 0, 0 
3, 1682483,0.00, 100.00, 0.00, 2.25, 0, 0 
4, 1682059,0.00, 100.00, 0.00, 2.25, 0, 0 
5, 1650332,0.00, 100.00, 0.00, 2.25, 0, 0 
6, 1644614,0.00, 100.00, 0.00, 2.25, 0, 0 
7, 1657254,0.00, 100.00, 0.00, 2.25, 0, 0 
8, 1651777,0.00, 100.00, 0.00, 2.25, 0, 0 
9, 1648159,0.00, 100.00, 0.00, 2.25, 0, 0 
0, 1650648,0.00, 100.00, 0.00, 2.25, 0, 0 
1, 1624309,0.00, 100.00, 0.00, 2.25, 0, 0 
2, 1611251,0.00, 100.00, 0.00, 2.25, 0, 0 
3, 1596303,0.00, 100.00, 0.00, 2.25, 0, 0 
4, 1590312,0.00, 100.00, 0.00, 2.25, 0, 0 
5, 1589524,0.00, 100.00, 0.00, 2.25, 0, 0 
6, 1590664,0.00, 100.00, 0.00, 2.25, 0, 0 
7, 1573880,0.00, 100.00, 0.00, 2.25, 0, 0 
8, 1574803,0.00, 100.00, 0.00, 2.25, 0, 0 
9, 1574530,0.00, 100.00, 0.00, 2.25, 0, 0 
0, 1573871,0.00, 100.00, 0.00, 2.25, 0, 0 
1, 1577208,0.00, 100.00, 0.00, 2.25, 0, 0 
2, 1578066,0.00, 100.00, 0.00, 2.25, 0, 0 
3, 1600138,0.00, 100.00, 0.00, 2.25, 0, 0 
4, 1603602,0.00, 100.00, 0.00, 2.25, 0, 0 
5, 1607889,0.00, 100.00, 0.00, 2.25, 0, 0 
6, 1628405,0.00, 100.00, 0.00, 2.25, 0, 0 
7, 1628946,0.00, 100.00, 0.00, 2.25, 0, 0 
8, 1632143,0.00, 100.00, 0.00, 2.25, 0, 0 
9, 1646525,0.00, 100.00, 0.00, 2.25, 0, 0 
0, 1645273,0.00, 100.00, 0.00, 2.25, 0, 0 
1, 1656685,0.00, 100.00, 0.00, 2.25, 0, 0 
2, 1675598,0.00, 100.00, 0.00, 2.25, 0, 0 
3, 1668217,0.00, 100.00, 0.00, 2.25, 0, 0 
4, 1663191,0.00, 100.00, 0.00, 2.25, 0, 0 
5, 1663044,0.00, 100.00, 0.00, 2.25, 0, 0 
6, 1641880,0.00, 100.00, 0.00, 2.25, 0, 0 
7, 1649362,0.00, 100.00, 0.00, 2.25, 0, 0 
8, 1673418,0.00, 100.00, 0.00, 2.25, 0, 0 
9, 1691022,0.00, 100.00, 0.00, 2.25, 0, 0 
0, 1689472,0.00, 100.00, 0.00, 2.25, 0, 0 
1, 1700137,0.00, 100.00, 0.00, 2.25, 0, 0 
2, 1673964,0.00, 100.00, 0.00, 2.25, 0, 0 
3, 1664649,0.00, 100.00, 0.00, 2.25, 0, 0 
4, 1667356,0.00, 100.00, 0.00, 2.25, 0, 0 
5, 1644023,0.00, 100.00, 0.00, 2.25, 0, 0 
6, 1640051,0.00, 100.00, 0.00, 2.25, 0, 0 
7, 1606748,0.00, 100.00, 0.00, 2.25, 0, 0 
8, 1578490,0.00, 100.00, 0.00, 2.25, 0, 0 
9, 1548027,0.00, 100.00, 0.00, 2.25, 0, 0 
0, 1564354,0.00, 100.00, 0.00, 2.25, 0, 0 
1, 1539900,0.00, 100.00, 0.00, 2.25, 0, 0 
2, 1562615,0.00, 100.00, 0.00, 2.25, 0, 0 
3, 1551959,0.00, 100.00, 0.00, 2.25, 0, 0 
4, 1554883,0.00, 100.00, 0.00, 2.25, 0, 0 
5, 1574828,0.00, 100.00, 0.00, 2.25, 0, 0 
6, 1622275,0.00, 100.00, 0.00, 2.25, 0, 0 
7, 1650718,0.00, 100.00, 0.00, 2.25, 0, 0 
8, 1652232,0.00, 100.00, 0.00, 2.25, 0, 0 
9, 1662810,0.00, 100.00, 0.00, 2.25, 0, 0 
0, 1629801,0.00, 100.00, 0.00, 2.25, 0, 0 
1, 1638871,0.00, 100.00, 0.00, 2.25, 0, 0 
2, 1670965,0.00, 100.00, 0.00, 2.25, 0, 0 
3, 1688090,0.00, 100.00, 0.00, 2.25, 0, 0 
4, 1683838,0.00, 100.00, 0.00, 2.25, 0, 0 
5, 1683956,0.00, 100.00, 0.00, 2.25, 0, 0 
6, 1639729,0.00, 100.00, 0.00, 2.25, 0, 0 
7, 1625751,0.00, 100.00, 0.00, 2.25, 0, 0 
8, 1662850,0.00, 100.00, 0.00, 2.25, 0, 0 
9, 1663469,0.00, 100.00, 0.00, 2.25, 0, 0 
0, 1680922,0.00, 100.00, 0.00, 2.25, 0, 0 
1, 1669241,0.00, 100.00, 0.00, 2.25, 0, 0 
2, 1626455,0.00, 100.00, 0.00, 2.25, 0, 0 
3, 1610984,0.00, 100.00, 0.00, 2.25, 0, 0 
4, 1672659,0.00, 100.00, 0.00, 2.25, 0, 0 
5, 1681267,0.00, 100.00, 0.00, 2.25, 0, 0 
6, 1664861,0.00, 100.00, 0.00, 2.25, 0, 0 
7, 1646303,0.00, 100.00, 0.00, 2.25, 0, 0 
8, 1585547,0.00, 100.00, 0.00, 2.25, 0, 0 
9, 1576194,0.00, 100.00, 0.00, 2.25, 0, 0 
0, 1568707,0.00, 100.00, 0.00, 2.25, 0, 0 
1, 1583952,0.00, 100.00, 0.00, 2.25, 0, 0 
2, 1582669,0.00, 100.00, 0.00, 2.25, 0, 0 
3, 1584927,0.00, 100.00, 0.00, 2.25, 0, 0 
4, 1522339,0.00, 100.00, 0.00, 2.25, 0, 0 
5, 1541200,0.00, 100.00, 0.00, 2.25, 0, 0 
6, 1595420,0.00, 100.00, 0.00, 2.25, 0, 0 
7, 1645207,0.00, 100.00, 0.00, 2.25, 0, 0 
8, 1709982,0.00, 100.00, 0.00, 2.25, 0, 0 
9, 1715163,0.00, 100.00, 0.00, 2.25, 0, 0 
0, 1705222,0.00, 100.00, 0.00, 2.25, 0, 0 
1, 1682295,0.00, 100.00, 0.00, 2.25, 0, 0 
2, 1664754,0.00, 100.00, 0.00, 2.25, 0, 0 
3, 1665121,0.00, 100.00, 0.00, 2.25, 0, 0 
4, 1630147,0.00, 100.00, 0.00, 2.25, 0, 0 
5, 1602475,0.00, 100.00, 0.00, 2.25, 0, 0 
6, 1551749,0.00, 100.00, 0.00, 2.25, 0, 0 
7, 1532898,0.00, 100.00, 0.00, 2.25, 0, 0 
8, 1456817,0.00, 100.00, 0.00, 2.25, 0, 0 
9, 1520296,0.00, 100.00, 0.00, 2.25, 0, 0 
0, 1512922,0.00, 100.00, 0.00, 2.25, 0, 0 
1, 1526396,0.00, 100.00, 0.00, 2.25, 0, 0 
2, 1554196,0.00, 100.00, 0.00, 2.25, 0, 0 
3, 1564059,0.00, 100.00, 0.00, 2.25, 0, 0 
4, 1595796,0.00, 100.00, 0.00, 2.25, 0, 0 
5, 1646929,0.00, 100.00, 0.00, 2.25, 0, 0 
6, 1646799,0.00, 100.00, 0.00, 2.25, 0, 0 
7, 1652174,0.00, 100.00, 0.00, 2.25, 0, 0 
8, 1681846,0.00, 100.00, 0.00, 2.25, 0, 0 
9, 1627391,0.00, 100.00, 0.00, 2.25, 0, 0 
0, 1639179,0.00, 100.00, 0.00, 2.25, 0, 0 
1, 1682635,0.00, 100.00, 0.00, 2.25, 0, 0 
2, 1680552,0.00, 100.00, 0.00, 2.25, 0, 0 
3, 1680551,0.00, 100.00, 0.00, 2.25, 0, 0 
4, 1677287,0.00, 100.00, 0.00, 2.25, 0, 0 
5, 1638343,0.00, 100.00, 0.00, 2.25, 0, 0 
6, 1656355,0.00, 100.00, 0.00, 2.25, 0, 0 
7, 1677809,0.00, 100.00, 0.00, 2.25, 0, 0 
8, 1679513,0.00, 100.00, 0.00, 2.25, 0, 0 
9, 1683353,0.00, 100.00, 0.00, 2.25, 0, 0 
0, 1695735,0.00, 100.00, 0.00, 2.25, 0, 0 
1, 1662650,0.00, 100.00, 0.00, 2.25, 0, 0 
2, 1666475,0.00, 100.00, 0.00, 2.25, 0, 0 
3, 1665437,0.00, 100.00, 0.00, 2.25, 0, 0 
4, 1665480,0.00, 100.00, 0.00, 2.25, 0, 0 
5, 1664882,0.00, 100.00, 0.00, 2.25, 0, 0 
6, 1647033,0.00, 100.00, 0.00, 2.25, 0, 0 
7, 1607032,0.00, 100.00, 0.00, 2.25, 0, 0 
8, 1607779,0.00, 100.00, 0.00, 2.25, 0, 0 
9, 1660863,0.00, 100.00, 0.00, 2.25, 0, 0 
0, 1639202,0.00, 100.00, 0.00, 2.25, 0, 0 
1, 1623836,0.00, 100.00, 0.00, 2.25, 0, 0 
2, 1604823,0.00, 100.00, 0.00, 2.25, 0, 0 
3, 1605775,0.00, 100.00, 0.00, 2.25, 0, 0 
4, 1601739,0.00, 100.00, 0.00, 2.25, 0, 0 
5, 1663347,0.00, 100.00, 0.00, 2.25, 0, 0 
6, 1672390,0.00, 100.00, 0.00, 2.25, 0, 0 
7, 1693678,0.00, 100.00, 0.00, 2.25, 0, 0 
8, 1691415,0.00, 100.00, 0.00, 2.25, 0, 0 
9, 1636952,0.00, 100.00, 0.00, 2.25, 0, 0 
0, 1654751,0.00, 100.00, 0.00, 2.25, 0, 0 
1, 1681287,0.00, 100.00, 0.00, 2.25, 0, 0 
2, 1701865,0.00, 100.00, 0.00, 2.25, 0, 0 
3, 1703049,0.00, 100.00, 0.00, 2.25, 0, 0 
4, 1705860,0.00, 100.00, 0.00, 2.25, 0, 0 
5, 1635096,0.00, 100.00, 0.00, 2.25, 0, 0 
6, 1643675,0.00, 100.00, 0.00, 2.25, 0, 0 
7, 1667495,0.00, 100.00, 0.00, 2.25, 0, 0 
8, 1673429,0.00, 100.00, 0.00, 2.25, 0, 0 
9, 1676267,0.00, 100.00, 0.00, 2.25, 0, 0 
0, 1659969,0.00, 100.00, 0.00, 2.25, 0, 0 
1, 1632953,0.00, 100.00, 0.00, 2.25, 0, 0 
2, 1613433,0.00, 100.00, 0.00, 2.25, 0, 0 
3, 1660623,0.00, 100.00, 0.00, 2.25, 0, 0 
4, 1648305,0.00, 100.00, 0.00, 2.25, 0, 0 
5, 1643695,0.00, 100.00, 0.00, 2.25, 0, 0 
6, 1640891,0.00, 100.00, 0.00, 2.25, 0, 0 
7, 1611544,0.00, 100.00, 0.00, 2.25, 0, 0 
8, 1606314,0.00, 100.00, 0.00, 2.25, 0, 0 
9, 1655521,0.00, 100.00, 0.00, 2.25, 0, 0 
0, 1670500,0.00, 100.00, 0.00, 2.25, 0, 0 
1, 1684446,0.00, 100.00, 0.00, 2.25, 0, 0 
2, 1699229,0.00, 100.00, 0.00, 2.25, 0, 0 
3, 1653447,0.00, 100.00, 0.00, 2.25, 0, 0 
4, 1668806,0.00, 100.00, 0.00, 2.25, 0, 0 
5, 1690377,0.00, 100.00, 0.00, 2.25, 0, 0 
6, 1692608,0.00, 100.00, 0.00, 2.25, 0, 0 
7, 1692501,0.00, 100.00, 0.00, 2.25, 0, 0 
8, 1694147,0.00, 100.00, 0.00, 2.25, 0, 0 
9, 1642913,0.00, 100.00, 0.00, 2.25, 0, 0 
0, 1644892,0.00, 100.00, 0.00, 2.25, 0, 0 
1, 1652008,0.00, 100.00, 0.00, 2.25, 0, 0 
2, 1651080,0.00, 100.00, 0.00, 2.25, 0, 0 
3, 1648907,0.00, 100.00, 0.00, 2.25, 0, 0 
4, 1647262,0.00, 100.00, 0.00, 2.25, 0, 0 
5, 1645219,0.00, 100.00, 0.00, 2.25, 0, 0 
6, 1642919,0.00, 100.00, 0.00, 2.25, 0, 0 
7, 1663216,0.00, 100.00, 0.00, 2.25, 0, 0 
8, 1667055,0.00, 100.00, 0.00, 2.25, 0, 0 
9, 1663997,0.00, 100.00, 0.00, 2.25, 0, 0 
0, 1664181,0.00, 100.00, 0.00, 2.25, 0, 0 
1, 1660239,0.00, 100.00, 0.00, 2.25, 0, 0 
2, 1662692,0.00, 100.00, 0.00, 2.25, 0, 0 
3, 1663827,0.00, 100.00, 0.00, 2.25, 0, 0 
4, 1668335,0.00, 100.00, 0.00, 2.25, 0, 0 
5, 1673629,0.00, 100.00, 0.00, 2.25, 0, 0 
6, 1691593,0.00, 100.00, 0.00, 2.25, 0, 0 
7, 1673627,0.00, 100.00, 0.00, 2.25, 0, 0 
8, 1664991,0.00, 100.00, 0.00, 2.25, 0, 0 
9, 1666294,0.00, 100.00, 0.00, 2.25, 0, 0 
0, 1669793,0.00, 100.00, 0.00, 2.25, 0, 0 
1, 1711275,0.00, 100.00, 0.00, 2.25, 0, 0 
2, 1999277,0.00, 100.00, 0.00, 2.25, 0, 0 
3, 2214566,0.00, 100.00, 0.00, 2.25, 0, 0 
4, 2220155,0.00, 100.00, 0.00, 2.25, 0, 0 
5, 2213960,0.00, 100.00, 0.00, 2.25, 0, 0 
6, 2197559,0.00, 100.00, 0.00, 2.25, 0, 0 
7, 2185501,0.00, 100.00, 0.00, 2.25, 0, 0 
8, 2209625,0.00, 100.00, 0.00, 2.25, 0, 0 
9, 2209408,0.00, 100.00, 0.00, 2.25, 0, 0 
0, 2201378,0.00, 100.00, 0.00, 2.25, 0, 0 
1, 2151711,0.00, 100.00, 0.00, 2.25, 0, 0 
2, 1841768,0.00, 100.00, 0.00, 2.25, 0, 0 
3, 1632767,0.00, 100.00, 0.00, 2.25, 0, 0 
4, 1651739,0.00, 100.00, 0.00, 2.25, 0, 0 
5, 1645870,0.00, 100.00, 0.00, 2.25, 0, 0 
6, 1648828,0.00, 100.00, 0.00, 2.25, 0, 0 
7, 1656800,0.00, 100.00, 0.00, 2.25, 0, 0 
8, 1638216,0.00, 100.00, 0.00, 2.25, 0, 0 
9, 1636796,0.00, 100.00, 0.00, 2.25, 0, 0 
0, 1651904,0.00, 100.00, 0.00, 2.25, 0, 0 
1, 1651137,0.00, 100.00, 0.00, 2.25, 0, 0 
2, 1655004,0.00, 100.00, 0.00, 2.25, 0, 0 
3, 1668640,0.00, 100.00, 0.00, 2.25, 0, 0 
4, 1652380,0.00, 100.00, 0.00, 2.25, 0, 0 
5, 1640920,0.00, 100.00, 0.00, 2.25, 0, 0 
6, 1663717,0.00, 100.00, 0.00, 2.25, 0, 0 
7, 1662286,0.00, 100.00, 0.00, 2.25, 0, 0 
8, 1660650,0.00, 100.00, 0.00, 2.25, 0, 0 
9, 1659590,0.00, 100.00, 0.00, 2.25, 0, 0 
0, 1657905,0.00, 100.00, 0.00, 2.25, 0, 0 
1, 1669495,0.00, 100.00, 0.00, 2.25, 0, 0 
2, 1661546,0.00, 100.00, 0.00, 2.25, 0, 0 
3, 1676217,0.00, 100.00, 0.00, 2.25, 0, 0 
4, 1657543,0.00, 100.00, 0.00, 2.25, 0, 0 
5, 1682144,0.00, 100.00, 0.00, 2.25, 0, 0 
6, 1670154,0.00, 100.00, 0.00, 2.25, 0, 0 
7, 1684873,0.00, 100.00, 0.00, 2.25, 0, 0 
8, 1695636,0.00, 100.00, 0.00, 2.25, 0, 0 
9, 1694723,0.00, 100.00, 0.00, 2.25, 0, 0 
0, 1667212,0.00, 100.00, 0.00, 2.25, 0, 0 
1, 1632459,0.00, 100.00, 0.00, 2.25, 0, 0 
2, 1647400,0.00, 100.00, 0.00, 2.25, 0, 0 
3, 1624169,0.00, 100.00, 0.00, 2.25, 0, 0 
4, 1626720,0.00, 100.00, 0.00, 2.25, 0, 0 
5, 1600788,0.00, 100.00, 0.00, 2.25, 0, 0 
6, 1577030,0.00, 100.00, 0.00, 2.25, 0, 0 
7, 1564616,0.00, 100.00, 0.00, 2.25, 0, 0 
8, 1552919,0.00, 100.00, 0.00, 2.25, 0, 0 
9, 1544722,0.00, 100.00, 0.00, 2.25, 0, 0 
0, 1580013,0.00, 100.00, 0.00, 2.25, 0, 0 
1, 1585615,0.00, 100.00, 0.00, 2.25, 0, 0 
2, 1567425,0.00, 100.00, 0.00, 2.25, 0, 0 
3, 1564558,0.00, 100.00, 0.00, 2.25, 0, 0 
4, 1556543,0.00, 100.00, 0.00, 2.25, 0, 0 
5, 1537365,0.00, 100.00, 0.00, 2.25, 0, 0 
6, 1532365,0.00, 100.00, 0.00, 2.25, 0, 0 
7, 1545086,0.00, 100.00, 0.00, 2.25, 0, 0 
8, 1532335,0.00, 100.00, 0.00, 2.25, 0, 0 
9, 1524706,0.00, 100.00, 0.00, 2.25, 0, 0 
0, 1488590,0.00, 100.00, 0.00, 2.25, 0, 0 
1, 1494645,0.00, 100.00, 0.00, 2.25, 0, 0 
2, 1492043,0.00, 100.00, 0.00, 2.25, 0, 0 
3, 1473917,0.00, 100.00, 0.00, 2.25, 0, 0 
4, 1472206,0.00, 100.00, 0.00, 2.25, 0, 0 
5, 1499174,0.00, 100.00, 0.00, 2.25, 0, 0 
6, 1509584,0.00, 100.00, 0.00, 2.25, 0, 0 
7, 1491652,0.00, 100.00, 0.00, 2.25, 0, 0 
8, 1492068,0.00, 100.00, 0.00, 2.25, 0, 0 
9, 1498567,0.00, 100.00, 0.00, 2.25, 0, 0 
0, 1491114,0.00, 100.00, 0.00, 2.25, 0, 0 
1, 1494893,0.00, 100.00, 0.00, 2.25, 0, 0 
2, 1509841,0.00, 100.00, 0.00, 2.25, 0, 0 
3, 1530833,0.00, 100.00, 0.00, 2.25, 0, 0 
4, 1547522,0.00, 100.00, 0.00, 2.25, 0, 0 
5, 1554163,0.00, 100.00, 0.00, 2.25, 0, 0 
6, 1595438,0.00, 100.00, 0.00, 2.25, 0, 0 
7, 1578306,0.00, 100.00, 0.00, 2.25, 0, 0 
8, 1578505,0.00, 100.00, 0.00, 2.25, 0, 0 
9, 1561950,0.00, 100.00, 0.00, 2.25, 0, 0 
0, 1574247,0.00, 100.00, 0.00, 2.25, 0, 0 
1, 1585228,0.00, 100.00, 0.00, 2.25, 0, 0 
2, 1583107,0.00, 100.00, 0.00, 2.25, 0, 0 
3, 1592088,0.00, 100.00, 0.00, 2.25, 0, 0 
4, 1593152,0.00, 100.00, 0.00, 2.25, 0, 0 
5, 1594515,0.00, 100.00, 0.00, 2.25, 0, 0 
6, 1555418,0.00, 100.00, 0.00, 2.25, 0, 0 
7, 1581956,0.00, 100.00, 0.00, 2.25, 0, 0 
8, 1579295,0.00, 100.00, 0.00, 2.25, 0, 0 
9, 1632001,0.00, 100.00, 0.00, 2.25, 0, 0 
0, 1621063,0.00, 100.00, 0.00, 2.25, 0, 0 
1, 1610873,0.00, 100.00, 0.00, 2.25, 0, 0 
2, 1612844,0.00, 100.00, 0.00, 2.25, 0, 0 
3, 1617085,0.00, 100.00, 0.00, 2.25, 0, 0 
4, 1611996,0.00, 100.00, 0.00, 2.25, 0, 0 
5, 1619639,0.00, 100.00, 0.00, 2.25, 0, 0 
6, 1627408,0.00, 100.00, 0.00, 2.25, 0, 0 
7, 1630126,0.00, 100.00, 0.00, 2.25, 0, 0 
8, 1619657,0.00, 100.00, 0.00, 2.25, 0, 0 
9, 1664743,0.00, 100.00, 0.00, 2.25, 0, 0 
0, 1808164,0.00, 100.00, 0.00, 2.25, 0, 0 
1, 1853962,0.00, 100.00, 0.00, 2.25, 0, 0 
2, 1836446,0.00, 100.00, 0.00, 2.25, 0, 0 
3, 1832865,0.00, 100.00, 0.00, 2.25, 0, 0 
4, 1827213,0.00, 100.00, 0.00, 2.25, 0, 0 
5, 1819335,0.00, 100.00, 0.00, 2.25, 0, 0 
6, 1847908,0.00, 100.00, 0.00, 2.25, 0, 0 
7, 1844271,0.00, 100.00, 0.00, 2.25, 0, 0 
8, 1864788,0.00, 100.00, 0.00, 2.25, 0, 0 
9, 1772269,0.00, 100.00, 0.00, 2.25, 0, 0 
0, 1647660,0.00, 100.00, 0.00, 2.25, 0, 0 
1, 1611625,0.00, 100.00, 0.00, 2.25, 0, 0 
2, 1611470,0.00, 100.00, 0.00, 2.25, 0, 0 
3, 1597685,0.00, 100.00, 0.00, 2.25, 0, 0 
4, 1601585,0.00, 100.00, 0.00, 2.25, 0, 0 
5, 1597504,0.00, 100.00, 0.00, 2.25, 0, 0 
6, 1563696,0.00, 100.00, 0.00, 2.25, 0, 0 
7, 1561962,0.00, 100.00, 0.00, 2.25, 0, 0 
8, 1609748,0.00, 100.00, 0.00, 2.25, 0, 0 
9, 1639260,0.00, 100.00, 0.00, 2.25, 0, 0 
0, 1640386,0.00, 100.00, 0.00, 2.25, 0, 0 
1, 1627822,0.00, 100.00, 0.00, 2.25, 0, 0 
2, 1634728,0.00, 100.00, 0.00, 2.25, 0, 0 
3, 1650031,0.00, 100.00, 0.00, 2.25, 0, 0 
4, 1676815,0.00, 100.00, 0.00, 2.25, 0, 0 
5, 1677297,0.00, 100.00, 0.00, 2.25, 0, 0 
6, 1742818,0.00, 100.00, 0.00, 2.25, 0, 0 
7, 1766123,0.00, 100.00, 0.00, 2.25, 0, 0 
8, 1721665,0.00, 100.00, 0.00, 2.25, 0, 0 
9, 1706395,0.00, 100.00, 0.00, 2.25, 0, 0 
0, 1688870,0.00, 100.00, 0.00, 2.25, 0, 0 
1, 1699171,0.00, 100.00, 0.00, 2.25, 0, 0 
2, 1693999,0.00, 100.00, 0.00, 2.25, 0, 0 
3, 1681259,0.00, 100.00, 0.00, 2.25, 0, 0 
4, 1648327,0.00, 100.00, 0.00, 2.25, 0, 0 
5, 1636604,0.00, 100.00, 0.00, 2.25, 0, 0 
6, 1598283,0.00, 100.00, 0.00, 2.25, 0, 0 
7, 1573947,0.00, 100.00, 0.00, 2.25, 0, 0 
8, 1554337,0.00, 100.00, 0.00, 2.25, 0, 0 
9, 1534817,0.00, 100.00, 0.00, 2.25, 0, 0 
0, 1534597,0.00, 100.00, 0.00, 2.25, 0, 0 
1, 1514305,0.00, 100.00, 0.00, 2.25, 0, 0 
2, 1526705,0.00, 100.00, 0.00, 2.25, 0, 0 
3, 1532185,0.00, 100.00, 0.00, 2.25, 0, 0 
4, 1512325,0.00, 100.00, 0.00, 2.25, 0, 0 
5, 1510352,0.00, 100.00, 0.00, 2.25, 0, 0 
6, 1472057,0.00, 100.00, 0.00, 2.25, 0, 0 
7, 1475446,0.00, 100.00, 0.00, 2.25, 0, 0 
8, 1486883,0.00, 100.00, 0.00, 2.25, 0, 0 
9, 1558194,0.00, 100.00, 0.00, 2.25, 0, 0 
0, 1542982,0.00, 100.00, 0.00, 2.25, 0, 0 
1, 1558846,0.00, 100.00, 0.00, 2.25, 0, 0 
2, 1546013,0.00, 100.00, 0.00, 2.25, 0, 0 
3, 1542224,0.00, 100.00, 0.00, 2.25, 0, 0 
4, 1561557,0.00, 100.00, 0.00, 2.25, 0, 0 
5, 1560896,0.00, 100.00, 0.00, 2.25, 0, 0 
6, 1556151,0.00, 100.00, 0.00, 2.25, 0, 0 
7, 1528806,0.00, 100.00, 0.00, 2.25, 0, 0 
8, 1525244,0.00, 100.00, 0.00, 2.25, 0, 0 
9, 1470419,0.00, 100.00, 0.00, 2.25, 0, 0 
0, 1462461,0.00, 100.00, 0.00, 2.25, 0, 0 
1, 1462772,0.00, 100.00, 0.00, 2.25, 0, 0 
2, 1445707,0.00, 100.00, 0.00, 2.25, 0, 0 
3, 1445620,0.00, 100.00, 0.00, 2.25, 0, 0 
4, 1429272,0.00, 100.00, 0.00, 2.25, 0, 0 
5, 1412011,0.00, 100.00, 0.00, 2.25, 0, 0 
6, 1414935,0.00, 100.00, 0.00, 2.25, 0, 0 
7, 1429670,0.00, 100.00, 0.00, 2.25, 0, 0 
8, 1431989,0.00, 100.00, 0.00, 2.25, 0, 0 
9, 1432116,0.00, 100.00, 0.00, 2.25, 0, 0 
0, 1438605,0.00, 100.00, 0.00, 2.25, 0, 0 
1, 1436723,0.00, 100.00, 0.00, 2.25, 0, 0 
2, 1446244,0.00, 100.00, 0.00, 2.25, 0, 0 
3, 1445267,0.00, 100.00, 0.00, 2.25, 0, 0 
4, 1462491,0.00, 100.00, 0.00, 2.25, 0, 0 
5, 1472819,0.00, 100.00, 0.00, 2.25, 0, 0 
6, 1518772,0.00, 100.00, 0.00, 2.25, 0, 0 
7, 1505511,0.00, 100.00, 0.00, 2.25, 0, 0 
8, 1502005,0.00, 100.00, 0.00, 2.25, 0, 0 
9, 1503837,0.00, 100.00, 0.00, 2.25, 0, 0 
