Wed Nov 28 13:58:36 2018
StepTime, x, v, f, xdes, vdes, fdes, cmd, IR, LSB, LSF
0, 75856, 976738911, 0.00, 100.00, 0.00, 2.25, 0, 0 
1, 75856, 978189661, 0.00, 100.00, 0.00, 2.25, 0, 0 
2, 75856, 980126945, 0.00, 100.00, 0.00, 2.25, 0, 0 
3, 75856, 981895411, 0.00, 100.00, 0.00, 2.25, 0, 0 
4, 75856, 983688522, 0.00, 100.00, 0.00, 2.25, 0, 0 
5, 75856, 985476253, 0.00, 100.00, 0.00, 2.25, 0, 0 
6, 75856, 987278632, 0.00, 100.00, 0.00, 2.25, 0, 0 
7, 75856, 989065252, 0.00, 100.00, 0.00, 2.25, 0, 0 
8, 75856, 990848817, 0.00, 100.00, 0.00, 2.25, 0, 0 
9, 75856, 992535295, 0.00, 100.00, 0.00, 2.25, 0, 0 
0, 75856, 994276725, 0.00, 100.00, 0.00, 2.25, 0, 0 
1, 75856, 995776861, 0.00, 100.00, 0.00, 2.25, 0, 0 
2, 75856, 997666727, 0.00, 100.00, 0.00, 2.25, 0, 0 
3, 75856, 999367492, 0.00, 100.00, 0.00, 2.25, 0, 0 
4, 75857, 1220274, 0.00, 100.00, 0.00, 2.25, 0, 0 
5, 75857, 2974493, 0.00, 100.00, 0.00, 2.25, 0, 0 
6, 75857, 4804883, 0.00, 100.00, 0.00, 2.25, 0, 0 
7, 75857, 6629406, 0.00, 100.00, 0.00, 2.25, 0, 0 
8, 75857, 8452272, 0.00, 100.00, 0.00, 2.25, 0, 0 
9, 75857, 10260244, 0.00, 100.00, 0.00, 2.25, 0, 0 
0, 75857, 12093818, 0.00, 100.00, 0.00, 2.25, 0, 0 
1, 75857, 13729586, 0.00, 100.00, 0.00, 2.25, 0, 0 
2, 75857, 15474890, 0.00, 100.00, 0.00, 2.25, 0, 0 
3, 75857, 17253499, 0.00, 100.00, 0.00, 2.25, 0, 0 
4, 75857, 19032534, 0.00, 100.00, 0.00, 2.25, 0, 0 
5, 75857, 20850254, 0.00, 100.00, 0.00, 2.25, 0, 0 
6, 75857, 22647686, 0.00, 100.00, 0.00, 2.25, 0, 0 
7, 75857, 24391321, 0.00, 100.00, 0.00, 2.25, 0, 0 
8, 75857, 26186687, 0.00, 100.00, 0.00, 2.25, 0, 0 
9, 75857, 27986228, 0.00, 100.00, 0.00, 2.25, 0, 0 
0, 75857, 29783225, 0.00, 100.00, 0.00, 2.25, 0, 0 
1, 75857, 31570747, 0.00, 100.00, 0.00, 2.25, 0, 0 
2, 75857, 33387610, 0.00, 100.00, 0.00, 2.25, 0, 0 
3, 75857, 35293412, 0.00, 100.00, 0.00, 2.25, 0, 0 
4, 75857, 37185056, 0.00, 100.00, 0.00, 2.25, 0, 0 
5, 75857, 39115702, 0.00, 100.00, 0.00, 2.25, 0, 0 
6, 75857, 41048163, 0.00, 100.00, 0.00, 2.25, 0, 0 
7, 75857, 42945466, 0.00, 100.00, 0.00, 2.25, 0, 0 
8, 75857, 44954204, 0.00, 100.00, 0.00, 2.25, 0, 0 
9, 75857, 46841025, 0.00, 100.00, 0.00, 2.25, 0, 0 
0, 75857, 48761330, 0.00, 100.00, 0.00, 2.25, 0, 0 
1, 75857, 50570364, 0.00, 100.00, 0.00, 2.25, 0, 0 
2, 75857, 52434367, 0.00, 100.00, 0.00, 2.25, 0, 0 
3, 75857, 54330849, 0.00, 100.00, 0.00, 2.25, 0, 0 
4, 75857, 56231152, 0.00, 100.00, 0.00, 2.25, 0, 0 
5, 75857, 58127234, 0.00, 100.00, 0.00, 2.25, 0, 0 
6, 75857, 60112430, 0.00, 100.00, 0.00, 2.25, 0, 0 
7, 75857, 62069468, 0.00, 100.00, 0.00, 2.25, 0, 0 
8, 75857, 64066270, 0.00, 100.00, 0.00, 2.25, 0, 0 
9, 75857, 65865187, 0.00, 100.00, 0.00, 2.25, 0, 0 
0, 75857, 67724983, 0.00, 100.00, 0.00, 2.25, 0, 0 
1, 75857, 69516955, 0.00, 100.00, 0.00, 2.25, 0, 0 
2, 75857, 71289275, 0.00, 100.00, 0.00, 2.25, 0, 0 
3, 75857, 73091412, 0.00, 100.00, 0.00, 2.25, 0, 0 
4, 75857, 74968762, 0.00, 100.00, 0.00, 2.25, 0, 0 
5, 75857, 76839200, 0.00, 100.00, 0.00, 2.25, 0, 0 
6, 75857, 78743700, 0.00, 100.00, 0.00, 2.25, 0, 0 
7, 75857, 80717091, 0.00, 100.00, 0.00, 2.25, 0, 0 
8, 75857, 82599736, 0.00, 100.00, 0.00, 2.25, 0, 0 
9, 75857, 84488398, 0.00, 100.00, 0.00, 2.25, 0, 0 
0, 75857, 86447881, 0.00, 100.00, 0.00, 2.25, 0, 0 
1, 75857, 88197643, 0.00, 100.00, 0.00, 2.25, 0, 0 
2, 75857, 90014873, 0.00, 100.00, 0.00, 2.25, 0, 0 
3, 75857, 91881253, 0.00, 100.00, 0.00, 2.25, 0, 0 
4, 75857, 93764139, 0.00, 100.00, 0.00, 2.25, 0, 0 
5, 75857, 95571643, 0.00, 100.00, 0.00, 2.25, 0, 0 
6, 75857, 97422061, 0.00, 100.00, 0.00, 2.25, 0, 0 
7, 75857, 99267143, 0.00, 100.00, 0.00, 2.25, 0, 0 
8, 75857, 101136513, 0.00, 100.00, 0.00, 2.25, 0, 0 
9, 75857, 103025679, 0.00, 100.00, 0.00, 2.25, 0, 0 
0, 75857, 104935352, 0.00, 100.00, 0.00, 2.25, 0, 0 
1, 75857, 106697070, 0.00, 100.00, 0.00, 2.25, 0, 0 
2, 75857, 108560815, 0.00, 100.00, 0.00, 2.25, 0, 0 
3, 75857, 110426199, 0.00, 100.00, 0.00, 2.25, 0, 0 
4, 75857, 112312809, 0.00, 100.00, 0.00, 2.25, 0, 0 
5, 75857, 114059672, 0.00, 100.00, 0.00, 2.25, 0, 0 
6, 75857, 115874234, 0.00, 100.00, 0.00, 2.25, 0, 0 
7, 75857, 117698345, 0.00, 100.00, 0.00, 2.25, 0, 0 
8, 75857, 119595844, 0.00, 100.00, 0.00, 2.25, 0, 0 
9, 75857, 121400618, 0.00, 100.00, 0.00, 2.25, 0, 0 
0, 75857, 123223201, 0.00, 100.00, 0.00, 2.25, 0, 0 
1, 75857, 124954957, 0.00, 100.00, 0.00, 2.25, 0, 0 
2, 75857, 126805284, 0.00, 100.00, 0.00, 2.25, 0, 0 
3, 75857, 128696463, 0.00, 100.00, 0.00, 2.25, 0, 0 
4, 75857, 130534237, 0.00, 100.00, 0.00, 2.25, 0, 0 
5, 75857, 132396886, 0.00, 100.00, 0.00, 2.25, 0, 0 
6, 75857, 134256861, 0.00, 100.00, 0.00, 2.25, 0, 0 
7, 75857, 136088564, 0.00, 100.00, 0.00, 2.25, 0, 0 
8, 75857, 137953003, 0.00, 100.00, 0.00, 2.25, 0, 0 
9, 75857, 139828909, 0.00, 100.00, 0.00, 2.25, 0, 0 
0, 75857, 141752663, 0.00, 100.00, 0.00, 2.25, 0, 0 
1, 75857, 143433872, 0.00, 100.00, 0.00, 2.25, 0, 0 
2, 75857, 145211915, 0.00, 100.00, 0.00, 2.25, 0, 0 
3, 75857, 147075174, 0.00, 100.00, 0.00, 2.25, 0, 0 
4, 75857, 148887626, 0.00, 100.00, 0.00, 2.25, 0, 0 
5, 75857, 150681545, 0.00, 100.00, 0.00, 2.25, 0, 0 
6, 75857, 152533057, 0.00, 100.00, 0.00, 2.25, 0, 0 
7, 75857, 154402679, 0.00, 100.00, 0.00, 2.25, 0, 0 
8, 75857, 156200303, 0.00, 100.00, 0.00, 2.25, 0, 0 
9, 75857, 158065360, 0.00, 100.00, 0.00, 2.25, 0, 0 
0, 75857, 160091127, 0.00, 100.00, 0.00, 2.25, 0, 0 
1, 75857, 161788522, 0.00, 100.00, 0.00, 2.25, 0, 0 
2, 75857, 163541637, 0.00, 100.00, 0.00, 2.25, 0, 0 
3, 75857, 165361909, 0.00, 100.00, 0.00, 2.25, 0, 0 
4, 75857, 167252985, 0.00, 100.00, 0.00, 2.25, 0, 0 
5, 75857, 169089550, 0.00, 100.00, 0.00, 2.25, 0, 0 
6, 75857, 170951675, 0.00, 100.00, 0.00, 2.25, 0, 0 
7, 75857, 172823860, 0.00, 100.00, 0.00, 2.25, 0, 0 
8, 75857, 174699778, 0.00, 100.00, 0.00, 2.25, 0, 0 
9, 75857, 176602300, 0.00, 100.00, 0.00, 2.25, 0, 0 
0, 75857, 178445352, 0.00, 100.00, 0.00, 2.25, 0, 0 
1, 75857, 180190083, 0.00, 100.00, 0.00, 2.25, 0, 0 
2, 75857, 181900369, 0.00, 100.00, 0.00, 2.25, 0, 0 
3, 75857, 183821477, 0.00, 100.00, 0.00, 2.25, 0, 0 
4, 75857, 185597102, 0.00, 100.00, 0.00, 2.25, 0, 0 
5, 75857, 187395808, 0.00, 100.00, 0.00, 2.25, 0, 0 
6, 75857, 189224010, 0.00, 100.00, 0.00, 2.25, 0, 0 
7, 75857, 191085125, 0.00, 100.00, 0.00, 2.25, 0, 0 
8, 75857, 192934425, 0.00, 100.00, 0.00, 2.25, 0, 0 
9, 75857, 194810276, 0.00, 100.00, 0.00, 2.25, 0, 0 
0, 75857, 196650886, 0.00, 100.00, 0.00, 2.25, 0, 0 
1, 75857, 198358017, 0.00, 100.00, 0.00, 2.25, 0, 0 
2, 75857, 200147092, 0.00, 100.00, 0.00, 2.25, 0, 0 
3, 75857, 202016538, 0.00, 100.00, 0.00, 2.25, 0, 0 
4, 75857, 203830671, 0.00, 100.00, 0.00, 2.25, 0, 0 
5, 75857, 205637134, 0.00, 100.00, 0.00, 2.25, 0, 0 
6, 75857, 207457021, 0.00, 100.00, 0.00, 2.25, 0, 0 
7, 75857, 209312850, 0.00, 100.00, 0.00, 2.25, 0, 0 
8, 75857, 211228818, 0.00, 100.00, 0.00, 2.25, 0, 0 
9, 75857, 213032243, 0.00, 100.00, 0.00, 2.25, 0, 0 
0, 75857, 214815480, 0.00, 100.00, 0.00, 2.25, 0, 0 
1, 75857, 216587437, 0.00, 100.00, 0.00, 2.25, 0, 0 
2, 75857, 218394190, 0.00, 100.00, 0.00, 2.25, 0, 0 
3, 75857, 220218940, 0.00, 100.00, 0.00, 2.25, 0, 0 
4, 75857, 222079968, 0.00, 100.00, 0.00, 2.25, 0, 0 
5, 75857, 223891915, 0.00, 100.00, 0.00, 2.25, 0, 0 
6, 75857, 225759249, 0.00, 100.00, 0.00, 2.25, 0, 0 
7, 75857, 227573743, 0.00, 100.00, 0.00, 2.25, 0, 0 
8, 75857, 229372156, 0.00, 100.00, 0.00, 2.25, 0, 0 
9, 75857, 231213625, 0.00, 100.00, 0.00, 2.25, 0, 0 
0, 75857, 233195347, 0.00, 100.00, 0.00, 2.25, 0, 0 
1, 75857, 234887433, 0.00, 100.00, 0.00, 2.25, 0, 0 
2, 75857, 236713379, 0.00, 100.00, 0.00, 2.25, 0, 0 
3, 75857, 238447189, 0.00, 100.00, 0.00, 2.25, 0, 0 
4, 75857, 240264218, 0.00, 100.00, 0.00, 2.25, 0, 0 
5, 75857, 242229263, 0.00, 100.00, 0.00, 2.25, 0, 0 
6, 75857, 244189265, 0.00, 100.00, 0.00, 2.25, 0, 0 
7, 75857, 246171343, 0.00, 100.00, 0.00, 2.25, 0, 0 
8, 75857, 248070399, 0.00, 100.00, 0.00, 2.25, 0, 0 
9, 75857, 249942396, 0.00, 100.00, 0.00, 2.25, 0, 0 
0, 75857, 251734306, 0.00, 100.00, 0.00, 2.25, 0, 0 
1, 75857, 253465396, 0.00, 100.00, 0.00, 2.25, 0, 0 
2, 75857, 255129365, 0.00, 100.00, 0.00, 2.25, 0, 0 
3, 75857, 256980990, 0.00, 100.00, 0.00, 2.25, 0, 0 
4, 75857, 258803037, 0.00, 100.00, 0.00, 2.25, 0, 0 
5, 75857, 260643547, 0.00, 100.00, 0.00, 2.25, 0, 0 
6, 75857, 262525927, 0.00, 100.00, 0.00, 2.25, 0, 0 
7, 75857, 264467286, 0.00, 100.00, 0.00, 2.25, 0, 0 
8, 75857, 266200958, 0.00, 100.00, 0.00, 2.25, 0, 0 
9, 75857, 267995280, 0.00, 100.00, 0.00, 2.25, 0, 0 
0, 75857, 269740501, 0.00, 100.00, 0.00, 2.25, 0, 0 
1, 75857, 271338594, 0.00, 100.00, 0.00, 2.25, 0, 0 
2, 75857, 273147125, 0.00, 100.00, 0.00, 2.25, 0, 0 
3, 75857, 275003684, 0.00, 100.00, 0.00, 2.25, 0, 0 
4, 75857, 276871687, 0.00, 100.00, 0.00, 2.25, 0, 0 
5, 75857, 278755083, 0.00, 100.00, 0.00, 2.25, 0, 0 
6, 75857, 280627764, 0.00, 100.00, 0.00, 2.25, 0, 0 
7, 75857, 282499615, 0.00, 100.00, 0.00, 2.25, 0, 0 
8, 75857, 284330536, 0.00, 100.00, 0.00, 2.25, 0, 0 
9, 75857, 286156449, 0.00, 100.00, 0.00, 2.25, 0, 0 
0, 75857, 288076303, 0.00, 100.00, 0.00, 2.25, 0, 0 
1, 75857, 289772083, 0.00, 100.00, 0.00, 2.25, 0, 0 
2, 75857, 291458678, 0.00, 100.00, 0.00, 2.25, 0, 0 
3, 75857, 293199142, 0.00, 100.00, 0.00, 2.25, 0, 0 
4, 75857, 295058996, 0.00, 100.00, 0.00, 2.25, 0, 0 
5, 75857, 296907257, 0.00, 100.00, 0.00, 2.25, 0, 0 
6, 75857, 298689774, 0.00, 100.00, 0.00, 2.25, 0, 0 
7, 75857, 300505996, 0.00, 100.00, 0.00, 2.25, 0, 0 
8, 75857, 302417942, 0.00, 100.00, 0.00, 2.25, 0, 0 
9, 75857, 304291625, 0.00, 100.00, 0.00, 2.25, 0, 0 
0, 75857, 306144266, 0.00, 100.00, 0.00, 2.25, 0, 0 
1, 75857, 307794780, 0.00, 100.00, 0.00, 2.25, 0, 0 
2, 75857, 309585950, 0.00, 100.00, 0.00, 2.25, 0, 0 
3, 75857, 311381234, 0.00, 100.00, 0.00, 2.25, 0, 0 
4, 75857, 313292261, 0.00, 100.00, 0.00, 2.25, 0, 0 
5, 75857, 315117767, 0.00, 100.00, 0.00, 2.25, 0, 0 
6, 75857, 317014976, 0.00, 100.00, 0.00, 2.25, 0, 0 
7, 75857, 318891235, 0.00, 100.00, 0.00, 2.25, 0, 0 
8, 75857, 320713924, 0.00, 100.00, 0.00, 2.25, 0, 0 
9, 75857, 322524083, 0.00, 100.00, 0.00, 2.25, 0, 0 
0, 75857, 324396239, 0.00, 100.00, 0.00, 2.25, 0, 0 
1, 75857, 326162357, 0.00, 100.00, 0.00, 2.25, 0, 0 
2, 75857, 327993614, 0.00, 100.00, 0.00, 2.25, 0, 0 
3, 75857, 329832788, 0.00, 100.00, 0.00, 2.25, 0, 0 
4, 75857, 331666424, 0.00, 100.00, 0.00, 2.25, 0, 0 
5, 75857, 333532435, 0.00, 100.00, 0.00, 2.25, 0, 0 
6, 75857, 335422761, 0.00, 100.00, 0.00, 2.25, 0, 0 
7, 75857, 337314141, 0.00, 100.00, 0.00, 2.25, 0, 0 
8, 75857, 339224914, 0.00, 100.00, 0.00, 2.25, 0, 0 
9, 75857, 341067657, 0.00, 100.00, 0.00, 2.25, 0, 0 
0, 75857, 342905467, 0.00, 100.00, 0.00, 2.25, 0, 0 
1, 75857, 344691319, 0.00, 100.00, 0.00, 2.25, 0, 0 
2, 75857, 346442034, 0.00, 100.00, 0.00, 2.25, 0, 0 
3, 75857, 348261832, 0.00, 100.00, 0.00, 2.25, 0, 0 
4, 75857, 350100234, 0.00, 100.00, 0.00, 2.25, 0, 0 
5, 75857, 351958330, 0.00, 100.00, 0.00, 2.25, 0, 0 
6, 75857, 353767462, 0.00, 100.00, 0.00, 2.25, 0, 0 
7, 75857, 355596142, 0.00, 100.00, 0.00, 2.25, 0, 0 
8, 75857, 357484258, 0.00, 100.00, 0.00, 2.25, 0, 0 
9, 75857, 359426070, 0.00, 100.00, 0.00, 2.25, 0, 0 
0, 75857, 361280079, 0.00, 100.00, 0.00, 2.25, 0, 0 
1, 75857, 362952083, 0.00, 100.00, 0.00, 2.25, 0, 0 
2, 75857, 364791251, 0.00, 100.00, 0.00, 2.25, 0, 0 
3, 75857, 366653118, 0.00, 100.00, 0.00, 2.25, 0, 0 
4, 75857, 368520059, 0.00, 100.00, 0.00, 2.25, 0, 0 
5, 75857, 370383376, 0.00, 100.00, 0.00, 2.25, 0, 0 
6, 75857, 372192355, 0.00, 100.00, 0.00, 2.25, 0, 0 
7, 75857, 374009269, 0.00, 100.00, 0.00, 2.25, 0, 0 
8, 75857, 375906721, 0.00, 100.00, 0.00, 2.25, 0, 0 
9, 75857, 377784657, 0.00, 100.00, 0.00, 2.25, 0, 0 
0, 75857, 379697717, 0.00, 100.00, 0.00, 2.25, 0, 0 
1, 75857, 381412285, 0.00, 100.00, 0.00, 2.25, 0, 0 
2, 75857, 383211499, 0.00, 100.00, 0.00, 2.25, 0, 0 
3, 75857, 385134233, 0.00, 100.00, 0.00, 2.25, 0, 0 
4, 75857, 386930145, 0.00, 100.00, 0.00, 2.25, 0, 0 
5, 75857, 388793502, 0.00, 100.00, 0.00, 2.25, 0, 0 
6, 75857, 390617043, 0.00, 100.00, 0.00, 2.25, 0, 0 
7, 75857, 392431629, 0.00, 100.00, 0.00, 2.25, 0, 0 
8, 75857, 394283084, 0.00, 100.00, 0.00, 2.25, 0, 0 
9, 75857, 396176034, 0.00, 100.00, 0.00, 2.25, 0, 0 
0, 75857, 398070008, 0.00, 100.00, 0.00, 2.25, 0, 0 
1, 75857, 399937566, 0.00, 100.00, 0.00, 2.25, 0, 0 
2, 75857, 401669411, 0.00, 100.00, 0.00, 2.25, 0, 0 
3, 75857, 403492456, 0.00, 100.00, 0.00, 2.25, 0, 0 
4, 75857, 405308587, 0.00, 100.00, 0.00, 2.25, 0, 0 
5, 75857, 407192040, 0.00, 100.00, 0.00, 2.25, 0, 0 
6, 75857, 409008326, 0.00, 100.00, 0.00, 2.25, 0, 0 
7, 75857, 410786304, 0.00, 100.00, 0.00, 2.25, 0, 0 
8, 75857, 412631587, 0.00, 100.00, 0.00, 2.25, 0, 0 
9, 75857, 414464158, 0.00, 100.00, 0.00, 2.25, 0, 0 
0, 75857, 416413972, 0.00, 100.00, 0.00, 2.25, 0, 0 
1, 75857, 418117689, 0.00, 100.00, 0.00, 2.25, 0, 0 
2, 75857, 420023910, 0.00, 100.00, 0.00, 2.25, 0, 0 
3, 75857, 421838407, 0.00, 100.00, 0.00, 2.25, 0, 0 
4, 75857, 423737821, 0.00, 100.00, 0.00, 2.25, 0, 0 
5, 75857, 425521237, 0.00, 100.00, 0.00, 2.25, 0, 0 
6, 75857, 427352975, 0.00, 100.00, 0.00, 2.25, 0, 0 
7, 75857, 429311322, 0.00, 100.00, 0.00, 2.25, 0, 0 
8, 75857, 431088239, 0.00, 100.00, 0.00, 2.25, 0, 0 
9, 75857, 432973306, 0.00, 100.00, 0.00, 2.25, 0, 0 
0, 75857, 434814734, 0.00, 100.00, 0.00, 2.25, 0, 0 
1, 75857, 436616158, 0.00, 100.00, 0.00, 2.25, 0, 0 
2, 75857, 438323941, 0.00, 100.00, 0.00, 2.25, 0, 0 
3, 75857, 440171806, 0.00, 100.00, 0.00, 2.25, 0, 0 
4, 75857, 442017123, 0.00, 100.00, 0.00, 2.25, 0, 0 
5, 75857, 443825973, 0.00, 100.00, 0.00, 2.25, 0, 0 
6, 75857, 445600093, 0.00, 100.00, 0.00, 2.25, 0, 0 
7, 75857, 447464640, 0.00, 100.00, 0.00, 2.25, 0, 0 
8, 75857, 449338609, 0.00, 100.00, 0.00, 2.25, 0, 0 
9, 75857, 451121932, 0.00, 100.00, 0.00, 2.25, 0, 0 
0, 75857, 452963495, 0.00, 100.00, 0.00, 2.25, 0, 0 
1, 75857, 454712395, 0.00, 100.00, 0.00, 2.25, 0, 0 
2, 75857, 456464728, 0.00, 100.00, 0.00, 2.25, 0, 0 
3, 75857, 458365493, 0.00, 100.00, 0.00, 2.25, 0, 0 
4, 75857, 460283397, 0.00, 100.00, 0.00, 2.25, 0, 0 
5, 75857, 462150974, 0.00, 100.00, 0.00, 2.25, 0, 0 
6, 75857, 464067937, 0.00, 100.00, 0.00, 2.25, 0, 0 
7, 75857, 465841494, 0.00, 100.00, 0.00, 2.25, 0, 0 
8, 75857, 467613307, 0.00, 100.00, 0.00, 2.25, 0, 0 
9, 75857, 469358757, 0.00, 100.00, 0.00, 2.25, 0, 0 
0, 75857, 471234996, 0.00, 100.00, 0.00, 2.25, 0, 0 
1, 75857, 472988331, 0.00, 100.00, 0.00, 2.25, 0, 0 
2, 75857, 474772891, 0.00, 100.00, 0.00, 2.25, 0, 0 
3, 75857, 476602974, 0.00, 100.00, 0.00, 2.25, 0, 0 
4, 75857, 478478879, 0.00, 100.00, 0.00, 2.25, 0, 0 
5, 75857, 480365897, 0.00, 100.00, 0.00, 2.25, 0, 0 
6, 75857, 482321599, 0.00, 100.00, 0.00, 2.25, 0, 0 
7, 75857, 484209945, 0.00, 100.00, 0.00, 2.25, 0, 0 
8, 75857, 486091318, 0.00, 100.00, 0.00, 2.25, 0, 0 
9, 75857, 487935447, 0.00, 100.00, 0.00, 2.25, 0, 0 
0, 75857, 489744031, 0.00, 100.00, 0.00, 2.25, 0, 0 
1, 75857, 491357994, 0.00, 100.00, 0.00, 2.25, 0, 0 
2, 75857, 493137920, 0.00, 100.00, 0.00, 2.25, 0, 0 
3, 75857, 494962266, 0.00, 100.00, 0.00, 2.25, 0, 0 
4, 75857, 496759182, 0.00, 100.00, 0.00, 2.25, 0, 0 
5, 75857, 498563709, 0.00, 100.00, 0.00, 2.25, 0, 0 
6, 75857, 500410417, 0.00, 100.00, 0.00, 2.25, 0, 0 
7, 75857, 502254149, 0.00, 100.00, 0.00, 2.25, 0, 0 
8, 75857, 504101255, 0.00, 100.00, 0.00, 2.25, 0, 0 
9, 75857, 505952453, 0.00, 100.00, 0.00, 2.25, 0, 0 
0, 75857, 507806900, 0.00, 100.00, 0.00, 2.25, 0, 0 
1, 75857, 509630906, 0.00, 100.00, 0.00, 2.25, 0, 0 
2, 75857, 511408921, 0.00, 100.00, 0.00, 2.25, 0, 0 
3, 75857, 513203854, 0.00, 100.00, 0.00, 2.25, 0, 0 
4, 75857, 515072501, 0.00, 100.00, 0.00, 2.25, 0, 0 
5, 75857, 516938927, 0.00, 100.00, 0.00, 2.25, 0, 0 
6, 75857, 518795704, 0.00, 100.00, 0.00, 2.25, 0, 0 
7, 75857, 520576080, 0.00, 100.00, 0.00, 2.25, 0, 0 
8, 75857, 522502704, 0.00, 100.00, 0.00, 2.25, 0, 0 
9, 75857, 524297540, 0.00, 100.00, 0.00, 2.25, 0, 0 
0, 75857, 526275065, 0.00, 100.00, 0.00, 2.25, 0, 0 
1, 75857, 527954934, 0.00, 100.00, 0.00, 2.25, 0, 0 
2, 75857, 529674482, 0.00, 100.00, 0.00, 2.25, 0, 0 
3, 75857, 531563804, 0.00, 100.00, 0.00, 2.25, 0, 0 
4, 75857, 533542630, 0.00, 100.00, 0.00, 2.25, 0, 0 
5, 75857, 535324065, 0.00, 100.00, 0.00, 2.25, 0, 0 
6, 75857, 537151188, 0.00, 100.00, 0.00, 2.25, 0, 0 
7, 75857, 538951304, 0.00, 100.00, 0.00, 2.25, 0, 0 
8, 75857, 540906220, 0.00, 100.00, 0.00, 2.25, 0, 0 
9, 75857, 542759658, 0.00, 100.00, 0.00, 2.25, 0, 0 
0, 75857, 544619922, 0.00, 100.00, 0.00, 2.25, 0, 0 
1, 75857, 546328804, 0.00, 100.00, 0.00, 2.25, 0, 0 
2, 75857, 548090601, 0.00, 100.00, 0.00, 2.25, 0, 0 
3, 75857, 549921245, 0.00, 100.00, 0.00, 2.25, 0, 0 
4, 75857, 551914180, 0.00, 100.00, 0.00, 2.25, 0, 0 
5, 75857, 553705245, 0.00, 100.00, 0.00, 2.25, 0, 0 
6, 75857, 555450768, 0.00, 100.00, 0.00, 2.25, 0, 0 
7, 75857, 557390105, 0.00, 100.00, 0.00, 2.25, 0, 0 
8, 75857, 559210657, 0.00, 100.00, 0.00, 2.25, 0, 0 
9, 75857, 561229636, 0.00, 100.00, 0.00, 2.25, 0, 0 
0, 75857, 563010870, 0.00, 100.00, 0.00, 2.25, 0, 0 
1, 75857, 564784634, 0.00, 100.00, 0.00, 2.25, 0, 0 
2, 75857, 566676173, 0.00, 100.00, 0.00, 2.25, 0, 0 
3, 75857, 568487601, 0.00, 100.00, 0.00, 2.25, 0, 0 
4, 75857, 570414905, 0.00, 100.00, 0.00, 2.25, 0, 0 
5, 75857, 572272875, 0.00, 100.00, 0.00, 2.25, 0, 0 
6, 75857, 574126031, 0.00, 100.00, 0.00, 2.25, 0, 0 
7, 75857, 576160153, 0.00, 100.00, 0.00, 2.25, 0, 0 
8, 75857, 578070605, 0.00, 100.00, 0.00, 2.25, 0, 0 
9, 75857, 579913320, 0.00, 100.00, 0.00, 2.25, 0, 0 
0, 75857, 581566022, 0.00, 100.00, 0.00, 2.25, 0, 0 
1, 75857, 583302507, 0.00, 100.00, 0.00, 2.25, 0, 0 
2, 75857, 585087810, 0.00, 100.00, 0.00, 2.25, 0, 0 
3, 75857, 586906435, 0.00, 100.00, 0.00, 2.25, 0, 0 
4, 75857, 588716522, 0.00, 100.00, 0.00, 2.25, 0, 0 
5, 75857, 590558793, 0.00, 100.00, 0.00, 2.25, 0, 0 
6, 75857, 592355571, 0.00, 100.00, 0.00, 2.25, 0, 0 
7, 75857, 594184132, 0.00, 100.00, 0.00, 2.25, 0, 0 
8, 75857, 596102425, 0.00, 100.00, 0.00, 2.25, 0, 0 
9, 75857, 597920778, 0.00, 100.00, 0.00, 2.25, 0, 0 
0, 75857, 599735038, 0.00, 100.00, 0.00, 2.25, 0, 0 
1, 75857, 601464694, 0.00, 100.00, 0.00, 2.25, 0, 0 
2, 75857, 603346405, 0.00, 100.00, 0.00, 2.25, 0, 0 
3, 75857, 605087602, 0.00, 100.00, 0.00, 2.25, 0, 0 
4, 75857, 606894048, 0.00, 100.00, 0.00, 2.25, 0, 0 
5, 75857, 608798492, 0.00, 100.00, 0.00, 2.25, 0, 0 
6, 75857, 610625331, 0.00, 100.00, 0.00, 2.25, 0, 0 
7, 75857, 612554477, 0.00, 100.00, 0.00, 2.25, 0, 0 
8, 75857, 614478093, 0.00, 100.00, 0.00, 2.25, 0, 0 
9, 75857, 616321061, 0.00, 100.00, 0.00, 2.25, 0, 0 
0, 75857, 618176681, 0.00, 100.00, 0.00, 2.25, 0, 0 
1, 75857, 619879465, 0.00, 100.00, 0.00, 2.25, 0, 0 
2, 75857, 621715536, 0.00, 100.00, 0.00, 2.25, 0, 0 
3, 75857, 623550019, 0.00, 100.00, 0.00, 2.25, 0, 0 
4, 75857, 625395594, 0.00, 100.00, 0.00, 2.25, 0, 0 
5, 75857, 627271401, 0.00, 100.00, 0.00, 2.25, 0, 0 
6, 75857, 629116535, 0.00, 100.00, 0.00, 2.25, 0, 0 
7, 75857, 630961274, 0.00, 100.00, 0.00, 2.25, 0, 0 
8, 75857, 632795311, 0.00, 100.00, 0.00, 2.25, 0, 0 
9, 75857, 634614269, 0.00, 100.00, 0.00, 2.25, 0, 0 
0, 75857, 636498002, 0.00, 100.00, 0.00, 2.25, 0, 0 
1, 75857, 638345629, 0.00, 100.00, 0.00, 2.25, 0, 0 
2, 75857, 640076208, 0.00, 100.00, 0.00, 2.25, 0, 0 
3, 75857, 641914220, 0.00, 100.00, 0.00, 2.25, 0, 0 
4, 75857, 643763359, 0.00, 100.00, 0.00, 2.25, 0, 0 
5, 75857, 645603625, 0.00, 100.00, 0.00, 2.25, 0, 0 
6, 75857, 647442960, 0.00, 100.00, 0.00, 2.25, 0, 0 
7, 75857, 649307632, 0.00, 100.00, 0.00, 2.25, 0, 0 
8, 75857, 651156895, 0.00, 100.00, 0.00, 2.25, 0, 0 
9, 75857, 653086679, 0.00, 100.00, 0.00, 2.25, 0, 0 
0, 75857, 654982294, 0.00, 100.00, 0.00, 2.25, 0, 0 
1, 75857, 656694993, 0.00, 100.00, 0.00, 2.25, 0, 0 
2, 75857, 658604189, 0.00, 100.00, 0.00, 2.25, 0, 0 
3, 75857, 660534812, 0.00, 100.00, 0.00, 2.25, 0, 0 
4, 75857, 662400887, 0.00, 100.00, 0.00, 2.25, 0, 0 
5, 75857, 664204625, 0.00, 100.00, 0.00, 2.25, 0, 0 
6, 75857, 666153349, 0.00, 100.00, 0.00, 2.25, 0, 0 
7, 75857, 668064142, 0.00, 100.00, 0.00, 2.25, 0, 0 
8, 75857, 669847820, 0.00, 100.00, 0.00, 2.25, 0, 0 
9, 75857, 671858464, 0.00, 100.00, 0.00, 2.25, 0, 0 
0, 75857, 673849414, 0.00, 100.00, 0.00, 2.25, 0, 0 
1, 75857, 675495854, 0.00, 100.00, 0.00, 2.25, 0, 0 
2, 75857, 677378924, 0.00, 100.00, 0.00, 2.25, 0, 0 
3, 75857, 679333345, 0.00, 100.00, 0.00, 2.25, 0, 0 
4, 75857, 681220967, 0.00, 100.00, 0.00, 2.25, 0, 0 
5, 75857, 683088791, 0.00, 100.00, 0.00, 2.25, 0, 0 
6, 75857, 684848577, 0.00, 100.00, 0.00, 2.25, 0, 0 
7, 75857, 686768213, 0.00, 100.00, 0.00, 2.25, 0, 0 
8, 75857, 688634287, 0.00, 100.00, 0.00, 2.25, 0, 0 
9, 75857, 690419352, 0.00, 100.00, 0.00, 2.25, 0, 0 
0, 75857, 692469203, 0.00, 100.00, 0.00, 2.25, 0, 0 
1, 75857, 694159664, 0.00, 100.00, 0.00, 2.25, 0, 0 
2, 75857, 696091428, 0.00, 100.00, 0.00, 2.25, 0, 0 
3, 75857, 697905984, 0.00, 100.00, 0.00, 2.25, 0, 0 
4, 75857, 699511124, 0.00, 100.00, 0.00, 2.25, 0, 0 
5, 75857, 701270063, 0.00, 100.00, 0.00, 2.25, 0, 0 
6, 75857, 703066416, 0.00, 100.00, 0.00, 2.25, 0, 0 
7, 75857, 704898512, 0.00, 100.00, 0.00, 2.25, 0, 0 
8, 75857, 706818087, 0.00, 100.00, 0.00, 2.25, 0, 0 
9, 75857, 708857854, 0.00, 100.00, 0.00, 2.25, 0, 0 
0, 75857, 710819300, 0.00, 100.00, 0.00, 2.25, 0, 0 
1, 75857, 712480176, 0.00, 100.00, 0.00, 2.25, 0, 0 
2, 75857, 714221501, 0.00, 100.00, 0.00, 2.25, 0, 0 
3, 75857, 716212234, 0.00, 100.00, 0.00, 2.25, 0, 0 
4, 75857, 718119558, 0.00, 100.00, 0.00, 2.25, 0, 0 
5, 75857, 720052245, 0.00, 100.00, 0.00, 2.25, 0, 0 
6, 75857, 721949022, 0.00, 100.00, 0.00, 2.25, 0, 0 
7, 75857, 723786895, 0.00, 100.00, 0.00, 2.25, 0, 0 
8, 75857, 725702818, 0.00, 100.00, 0.00, 2.25, 0, 0 
9, 75857, 727657047, 0.00, 100.00, 0.00, 2.25, 0, 0 
0, 75857, 729501204, 0.00, 100.00, 0.00, 2.25, 0, 0 
1, 75857, 731240594, 0.00, 100.00, 0.00, 2.25, 0, 0 
2, 75857, 733104151, 0.00, 100.00, 0.00, 2.25, 0, 0 
3, 75857, 734866412, 0.00, 100.00, 0.00, 2.25, 0, 0 
4, 75857, 736862489, 0.00, 100.00, 0.00, 2.25, 0, 0 
5, 75857, 738715641, 0.00, 100.00, 0.00, 2.25, 0, 0 
6, 75857, 740524756, 0.00, 100.00, 0.00, 2.25, 0, 0 
7, 75857, 742369304, 0.00, 100.00, 0.00, 2.25, 0, 0 
8, 75857, 744189724, 0.00, 100.00, 0.00, 2.25, 0, 0 
9, 75857, 746001709, 0.00, 100.00, 0.00, 2.25, 0, 0 
0, 75857, 747920709, 0.00, 100.00, 0.00, 2.25, 0, 0 
1, 75857, 749544125, 0.00, 100.00, 0.00, 2.25, 0, 0 
2, 75857, 751518101, 0.00, 100.00, 0.00, 2.25, 0, 0 
3, 75857, 753293253, 0.00, 100.00, 0.00, 2.25, 0, 0 
4, 75857, 755132458, 0.00, 100.00, 0.00, 2.25, 0, 0 
5, 75857, 756948722, 0.00, 100.00, 0.00, 2.25, 0, 0 
6, 75857, 758848935, 0.00, 100.00, 0.00, 2.25, 0, 0 
7, 75857, 760693844, 0.00, 100.00, 0.00, 2.25, 0, 0 
8, 75857, 762508267, 0.00, 100.00, 0.00, 2.25, 0, 0 
9, 75857, 764333540, 0.00, 100.00, 0.00, 2.25, 0, 0 
0, 75857, 766202000, 0.00, 100.00, 0.00, 2.25, 0, 0 
1, 75857, 767848882, 0.00, 100.00, 0.00, 2.25, 0, 0 
2, 75857, 769674824, 0.00, 100.00, 0.00, 2.25, 0, 0 
3, 75857, 771555709, 0.00, 100.00, 0.00, 2.25, 0, 0 
4, 75857, 773403366, 0.00, 100.00, 0.00, 2.25, 0, 0 
5, 75857, 775214872, 0.00, 100.00, 0.00, 2.25, 0, 0 
6, 75857, 777064735, 0.00, 100.00, 0.00, 2.25, 0, 0 
7, 75857, 778874988, 0.00, 100.00, 0.00, 2.25, 0, 0 
8, 75857, 780737001, 0.00, 100.00, 0.00, 2.25, 0, 0 
9, 75857, 782620012, 0.00, 100.00, 0.00, 2.25, 0, 0 
0, 75857, 784604837, 0.00, 100.00, 0.00, 2.25, 0, 0 
1, 75857, 786287069, 0.00, 100.00, 0.00, 2.25, 0, 0 
2, 75857, 788125012, 0.00, 100.00, 0.00, 2.25, 0, 0 
3, 75857, 789935232, 0.00, 100.00, 0.00, 2.25, 0, 0 
4, 75857, 791766751, 0.00, 100.00, 0.00, 2.25, 0, 0 
5, 75857, 793641889, 0.00, 100.00, 0.00, 2.25, 0, 0 
6, 75857, 795468459, 0.00, 100.00, 0.00, 2.25, 0, 0 
7, 75857, 797333959, 0.00, 100.00, 0.00, 2.25, 0, 0 
8, 75857, 799226524, 0.00, 100.00, 0.00, 2.25, 0, 0 
9, 75857, 801182435, 0.00, 100.00, 0.00, 2.25, 0, 0 
0, 75857, 803040618, 0.00, 100.00, 0.00, 2.25, 0, 0 
1, 75857, 804728152, 0.00, 100.00, 0.00, 2.25, 0, 0 
2, 75857, 806552832, 0.00, 100.00, 0.00, 2.25, 0, 0 
3, 75857, 808428232, 0.00, 100.00, 0.00, 2.25, 0, 0 
4, 75857, 810261799, 0.00, 100.00, 0.00, 2.25, 0, 0 
5, 75857, 812078326, 0.00, 100.00, 0.00, 2.25, 0, 0 
6, 75857, 813965524, 0.00, 100.00, 0.00, 2.25, 0, 0 
7, 75857, 815645232, 0.00, 100.00, 0.00, 2.25, 0, 0 
8, 75857, 817496864, 0.00, 100.00, 0.00, 2.25, 0, 0 
9, 75857, 819369149, 0.00, 100.00, 0.00, 2.25, 0, 0 
0, 75857, 821294082, 0.00, 100.00, 0.00, 2.25, 0, 0 
1, 75857, 823014220, 0.00, 100.00, 0.00, 2.25, 0, 0 
2, 75857, 824823908, 0.00, 100.00, 0.00, 2.25, 0, 0 
3, 75857, 826696753, 0.00, 100.00, 0.00, 2.25, 0, 0 
4, 75857, 828532888, 0.00, 100.00, 0.00, 2.25, 0, 0 
5, 75857, 830371278, 0.00, 100.00, 0.00, 2.25, 0, 0 
6, 75857, 832137702, 0.00, 100.00, 0.00, 2.25, 0, 0 
7, 75857, 833948373, 0.00, 100.00, 0.00, 2.25, 0, 0 
8, 75857, 835801775, 0.00, 100.00, 0.00, 2.25, 0, 0 
9, 75857, 837665009, 0.00, 100.00, 0.00, 2.25, 0, 0 
0, 75857, 839591237, 0.00, 100.00, 0.00, 2.25, 0, 0 
1, 75857, 841325123, 0.00, 100.00, 0.00, 2.25, 0, 0 
2, 75857, 843104874, 0.00, 100.00, 0.00, 2.25, 0, 0 
3, 75857, 844947733, 0.00, 100.00, 0.00, 2.25, 0, 0 
4, 75857, 846812161, 0.00, 100.00, 0.00, 2.25, 0, 0 
5, 75857, 848734502, 0.00, 100.00, 0.00, 2.25, 0, 0 
6, 75857, 850523336, 0.00, 100.00, 0.00, 2.25, 0, 0 
7, 75857, 852323127, 0.00, 100.00, 0.00, 2.25, 0, 0 
8, 75857, 854078974, 0.00, 100.00, 0.00, 2.25, 0, 0 
9, 75857, 855931123, 0.00, 100.00, 0.00, 2.25, 0, 0 
0, 75857, 857723259, 0.00, 100.00, 0.00, 2.25, 0, 0 
1, 75857, 859369880, 0.00, 100.00, 0.00, 2.25, 0, 0 
2, 75857, 861184796, 0.00, 100.00, 0.00, 2.25, 0, 0 
3, 75857, 863052375, 0.00, 100.00, 0.00, 2.25, 0, 0 
4, 75857, 864935337, 0.00, 100.00, 0.00, 2.25, 0, 0 
5, 75857, 866776926, 0.00, 100.00, 0.00, 2.25, 0, 0 
6, 75857, 868665994, 0.00, 100.00, 0.00, 2.25, 0, 0 
7, 75857, 870538843, 0.00, 100.00, 0.00, 2.25, 0, 0 
8, 75857, 872413660, 0.00, 100.00, 0.00, 2.25, 0, 0 
9, 75857, 874299432, 0.00, 100.00, 0.00, 2.25, 0, 0 
0, 75857, 876242497, 0.00, 100.00, 0.00, 2.25, 0, 0 
1, 75857, 877996367, 0.00, 100.00, 0.00, 2.25, 0, 0 
2, 75857, 879824296, 0.00, 100.00, 0.00, 2.25, 0, 0 
3, 75857, 881668363, 0.00, 100.00, 0.00, 2.25, 0, 0 
4, 75857, 883643655, 0.00, 100.00, 0.00, 2.25, 0, 0 
5, 75857, 885573045, 0.00, 100.00, 0.00, 2.25, 0, 0 
6, 75857, 887552973, 0.00, 100.00, 0.00, 2.25, 0, 0 
7, 75857, 889483832, 0.00, 100.00, 0.00, 2.25, 0, 0 
8, 75857, 891256214, 0.00, 100.00, 0.00, 2.25, 0, 0 
9, 75857, 893079521, 0.00, 100.00, 0.00, 2.25, 0, 0 
0, 75857, 894982171, 0.00, 100.00, 0.00, 2.25, 0, 0 
1, 75857, 896721312, 0.00, 100.00, 0.00, 2.25, 0, 0 
2, 75857, 898479582, 0.00, 100.00, 0.00, 2.25, 0, 0 
3, 75857, 900267109, 0.00, 100.00, 0.00, 2.25, 0, 0 
4, 75857, 902142094, 0.00, 100.00, 0.00, 2.25, 0, 0 
5, 75857, 904118557, 0.00, 100.00, 0.00, 2.25, 0, 0 
6, 75857, 906071985, 0.00, 100.00, 0.00, 2.25, 0, 0 
7, 75857, 907906125, 0.00, 100.00, 0.00, 2.25, 0, 0 
8, 75857, 909749833, 0.00, 100.00, 0.00, 2.25, 0, 0 
9, 75857, 911492004, 0.00, 100.00, 0.00, 2.25, 0, 0 
0, 75857, 913368083, 0.00, 100.00, 0.00, 2.25, 0, 0 
1, 75857, 915053421, 0.00, 100.00, 0.00, 2.25, 0, 0 
2, 75857, 916843076, 0.00, 100.00, 0.00, 2.25, 0, 0 
3, 75857, 918697177, 0.00, 100.00, 0.00, 2.25, 0, 0 
4, 75857, 920452272, 0.00, 100.00, 0.00, 2.25, 0, 0 
5, 75857, 922288163, 0.00, 100.00, 0.00, 2.25, 0, 0 
6, 75857, 924131868, 0.00, 100.00, 0.00, 2.25, 0, 0 
7, 75857, 926068954, 0.00, 100.00, 0.00, 2.25, 0, 0 
8, 75857, 927923431, 0.00, 100.00, 0.00, 2.25, 0, 0 
9, 75857, 929697272, 0.00, 100.00, 0.00, 2.25, 0, 0 
0, 75857, 931621183, 0.00, 100.00, 0.00, 2.25, 0, 0 
1, 75857, 933458890, 0.00, 100.00, 0.00, 2.25, 0, 0 
2, 75857, 935421838, 0.00, 100.00, 0.00, 2.25, 0, 0 
3, 75857, 937246060, 0.00, 100.00, 0.00, 2.25, 0, 0 
4, 75857, 939113262, 0.00, 100.00, 0.00, 2.25, 0, 0 
5, 75857, 940998032, 0.00, 100.00, 0.00, 2.25, 0, 0 
6, 75857, 942885224, 0.00, 100.00, 0.00, 2.25, 0, 0 
7, 75857, 944902296, 0.00, 100.00, 0.00, 2.25, 0, 0 
8, 75857, 946905303, 0.00, 100.00, 0.00, 2.25, 0, 0 
9, 75857, 948922132, 0.00, 100.00, 0.00, 2.25, 0, 0 
0, 75857, 950857393, 0.00, 100.00, 0.00, 2.25, 0, 0 
1, 75857, 952544932, 0.00, 100.00, 0.00, 2.25, 0, 0 
2, 75857, 954451180, 0.00, 100.00, 0.00, 2.25, 0, 0 
3, 75857, 956310569, 0.00, 100.00, 0.00, 2.25, 0, 0 
4, 75857, 958151457, 0.00, 100.00, 0.00, 2.25, 0, 0 
5, 75857, 959973461, 0.00, 100.00, 0.00, 2.25, 0, 0 
6, 75857, 961752994, 0.00, 100.00, 0.00, 2.25, 0, 0 
7, 75857, 963581659, 0.00, 100.00, 0.00, 2.25, 0, 0 
8, 75857, 965562991, 0.00, 100.00, 0.00, 2.25, 0, 0 
9, 75857, 967347211, 0.00, 100.00, 0.00, 2.25, 0, 0 
0, 75857, 969203216, 0.00, 100.00, 0.00, 2.25, 0, 0 
1, 75857, 970921109, 0.00, 100.00, 0.00, 2.25, 0, 0 
2, 75857, 972746891, 0.00, 100.00, 0.00, 2.25, 0, 0 
3, 75857, 974660270, 0.00, 100.00, 0.00, 2.25, 0, 0 
4, 75857, 976671133, 0.00, 100.00, 0.00, 2.25, 0, 0 
5, 75857, 978577178, 0.00, 100.00, 0.00, 2.25, 0, 0 
6, 75857, 980515459, 0.00, 100.00, 0.00, 2.25, 0, 0 
7, 75857, 982523459, 0.00, 100.00, 0.00, 2.25, 0, 0 
8, 75857, 984463342, 0.00, 100.00, 0.00, 2.25, 0, 0 
9, 75857, 986352858, 0.00, 100.00, 0.00, 2.25, 0, 0 
0, 75857, 988258423, 0.00, 100.00, 0.00, 2.25, 0, 0 
1, 75857, 989982537, 0.00, 100.00, 0.00, 2.25, 0, 0 
2, 75857, 991796682, 0.00, 100.00, 0.00, 2.25, 0, 0 
3, 75857, 993626965, 0.00, 100.00, 0.00, 2.25, 0, 0 
4, 75857, 995465877, 0.00, 100.00, 0.00, 2.25, 0, 0 
5, 75857, 997357018, 0.00, 100.00, 0.00, 2.25, 0, 0 
6, 75857, 999222737, 0.00, 100.00, 0.00, 2.25, 0, 0 
7, 75858, 1165867, 0.00, 100.00, 0.00, 2.25, 0, 0 
8, 75858, 3042918, 0.00, 100.00, 0.00, 2.25, 0, 0 
9, 75858, 4803853, 0.00, 100.00, 0.00, 2.25, 0, 0 
0, 75858, 6827430, 0.00, 100.00, 0.00, 2.25, 0, 0 
1, 75858, 8470722, 0.00, 100.00, 0.00, 2.25, 0, 0 
2, 75858, 10263746, 0.00, 100.00, 0.00, 2.25, 0, 0 
3, 75858, 12087134, 0.00, 100.00, 0.00, 2.25, 0, 0 
4, 75858, 13915514, 0.00, 100.00, 0.00, 2.25, 0, 0 
5, 75858, 15715924, 0.00, 100.00, 0.00, 2.25, 0, 0 
6, 75858, 17517808, 0.00, 100.00, 0.00, 2.25, 0, 0 
7, 75858, 19382641, 0.00, 100.00, 0.00, 2.25, 0, 0 
8, 75858, 21247763, 0.00, 100.00, 0.00, 2.25, 0, 0 
9, 75858, 23000398, 0.00, 100.00, 0.00, 2.25, 0, 0 
0, 75858, 24870475, 0.00, 100.00, 0.00, 2.25, 0, 0 
1, 75858, 26556091, 0.00, 100.00, 0.00, 2.25, 0, 0 
2, 75858, 28465658, 0.00, 100.00, 0.00, 2.25, 0, 0 
3, 75858, 30339752, 0.00, 100.00, 0.00, 2.25, 0, 0 
4, 75858, 32161316, 0.00, 100.00, 0.00, 2.25, 0, 0 
5, 75858, 34108874, 0.00, 100.00, 0.00, 2.25, 0, 0 
6, 75858, 36044946, 0.00, 100.00, 0.00, 2.25, 0, 0 
7, 75858, 38040658, 0.00, 100.00, 0.00, 2.25, 0, 0 
8, 75858, 40032040, 0.00, 100.00, 0.00, 2.25, 0, 0 
9, 75858, 41954950, 0.00, 100.00, 0.00, 2.25, 0, 0 
0, 75858, 44087394, 0.00, 100.00, 0.00, 2.25, 0, 0 
1, 75858, 45861537, 0.00, 100.00, 0.00, 2.25, 0, 0 
2, 75858, 47825410, 0.00, 100.00, 0.00, 2.25, 0, 0 
3, 75858, 49812311, 0.00, 100.00, 0.00, 2.25, 0, 0 
4, 75858, 51567274, 0.00, 100.00, 0.00, 2.25, 0, 0 
5, 75858, 53318787, 0.00, 100.00, 0.00, 2.25, 0, 0 
6, 75858, 55084680, 0.00, 100.00, 0.00, 2.25, 0, 0 
7, 75858, 56872814, 0.00, 100.00, 0.00, 2.25, 0, 0 
8, 75858, 58879874, 0.00, 100.00, 0.00, 2.25, 0, 0 
9, 75858, 60863466, 0.00, 100.00, 0.00, 2.25, 0, 0 
0, 75858, 62828274, 0.00, 100.00, 0.00, 2.25, 0, 0 
1, 75858, 64630545, 0.00, 100.00, 0.00, 2.25, 0, 0 
2, 75858, 66355371, 0.00, 100.00, 0.00, 2.25, 0, 0 
3, 75858, 68129461, 0.00, 100.00, 0.00, 2.25, 0, 0 
4, 75858, 69916134, 0.00, 100.00, 0.00, 2.25, 0, 0 
5, 75858, 71791154, 0.00, 100.00, 0.00, 2.25, 0, 0 
6, 75858, 73600599, 0.00, 100.00, 0.00, 2.25, 0, 0 
7, 75858, 75423666, 0.00, 100.00, 0.00, 2.25, 0, 0 
8, 75858, 77297722, 0.00, 100.00, 0.00, 2.25, 0, 0 
9, 75858, 79204368, 0.00, 100.00, 0.00, 2.25, 0, 0 
0, 75858, 81219201, 0.00, 100.00, 0.00, 2.25, 0, 0 
1, 75858, 82984580, 0.00, 100.00, 0.00, 2.25, 0, 0 
2, 75858, 84827531, 0.00, 100.00, 0.00, 2.25, 0, 0 
3, 75858, 86792710, 0.00, 100.00, 0.00, 2.25, 0, 0 
4, 75858, 88667707, 0.00, 100.00, 0.00, 2.25, 0, 0 
5, 75858, 90679958, 0.00, 100.00, 0.00, 2.25, 0, 0 
6, 75858, 92510556, 0.00, 100.00, 0.00, 2.25, 0, 0 
7, 75858, 94349448, 0.00, 100.00, 0.00, 2.25, 0, 0 
8, 75858, 96197497, 0.00, 100.00, 0.00, 2.25, 0, 0 
9, 75858, 98117073, 0.00, 100.00, 0.00, 2.25, 0, 0 
0, 75858, 100050724, 0.00, 100.00, 0.00, 2.25, 0, 0 
1, 75858, 101713281, 0.00, 100.00, 0.00, 2.25, 0, 0 
2, 75858, 103588343, 0.00, 100.00, 0.00, 2.25, 0, 0 
3, 75858, 105377911, 0.00, 100.00, 0.00, 2.25, 0, 0 
4, 75858, 107203998, 0.00, 100.00, 0.00, 2.25, 0, 0 
5, 75858, 109132151, 0.00, 100.00, 0.00, 2.25, 0, 0 
6, 75858, 110982629, 0.00, 100.00, 0.00, 2.25, 0, 0 
7, 75858, 112842713, 0.00, 100.00, 0.00, 2.25, 0, 0 
8, 75858, 114679984, 0.00, 100.00, 0.00, 2.25, 0, 0 
9, 75858, 116521458, 0.00, 100.00, 0.00, 2.25, 0, 0 
0, 75858, 118473854, 0.00, 100.00, 0.00, 2.25, 0, 0 
1, 75858, 120167413, 0.00, 100.00, 0.00, 2.25, 0, 0 
2, 75858, 122043557, 0.00, 100.00, 0.00, 2.25, 0, 0 
3, 75858, 123928553, 0.00, 100.00, 0.00, 2.25, 0, 0 
4, 75858, 125942687, 0.00, 100.00, 0.00, 2.25, 0, 0 
5, 75858, 127888141, 0.00, 100.00, 0.00, 2.25, 0, 0 
6, 75858, 129703286, 0.00, 100.00, 0.00, 2.25, 0, 0 
7, 75858, 131521140, 0.00, 100.00, 0.00, 2.25, 0, 0 
8, 75858, 133345356, 0.00, 100.00, 0.00, 2.25, 0, 0 
9, 75858, 135105046, 0.00, 100.00, 0.00, 2.25, 0, 0 
0, 75858, 136951199, 0.00, 100.00, 0.00, 2.25, 0, 0 
1, 75858, 138622586, 0.00, 100.00, 0.00, 2.25, 0, 0 
2, 75858, 140412260, 0.00, 100.00, 0.00, 2.25, 0, 0 
3, 75858, 142395918, 0.00, 100.00, 0.00, 2.25, 0, 0 
4, 75858, 144336866, 0.00, 100.00, 0.00, 2.25, 0, 0 
5, 75858, 146270376, 0.00, 100.00, 0.00, 2.25, 0, 0 
6, 75858, 148120328, 0.00, 100.00, 0.00, 2.25, 0, 0 
7, 75858, 149968245, 0.00, 100.00, 0.00, 2.25, 0, 0 
8, 75858, 151767552, 0.00, 100.00, 0.00, 2.25, 0, 0 
9, 75858, 153773396, 0.00, 100.00, 0.00, 2.25, 0, 0 
0, 75858, 155704188, 0.00, 100.00, 0.00, 2.25, 0, 0 
1, 75858, 157529161, 0.00, 100.00, 0.00, 2.25, 0, 0 
2, 75858, 159487721, 0.00, 100.00, 0.00, 2.25, 0, 0 
3, 75858, 161275861, 0.00, 100.00, 0.00, 2.25, 0, 0 
4, 75858, 163122462, 0.00, 100.00, 0.00, 2.25, 0, 0 
5, 75858, 164953746, 0.00, 100.00, 0.00, 2.25, 0, 0 
6, 75858, 166962048, 0.00, 100.00, 0.00, 2.25, 0, 0 
7, 75858, 168770521, 0.00, 100.00, 0.00, 2.25, 0, 0 
8, 75858, 170687278, 0.00, 100.00, 0.00, 2.25, 0, 0 
9, 75858, 172518011, 0.00, 100.00, 0.00, 2.25, 0, 0 
0, 75858, 174367953, 0.00, 100.00, 0.00, 2.25, 0, 0 
1, 75858, 176219313, 0.00, 100.00, 0.00, 2.25, 0, 0 
2, 75858, 178088998, 0.00, 100.00, 0.00, 2.25, 0, 0 
3, 75858, 179930376, 0.00, 100.00, 0.00, 2.25, 0, 0 
4, 75858, 181667209, 0.00, 100.00, 0.00, 2.25, 0, 0 
5, 75858, 183559828, 0.00, 100.00, 0.00, 2.25, 0, 0 
6, 75858, 185396329, 0.00, 100.00, 0.00, 2.25, 0, 0 
7, 75858, 187203386, 0.00, 100.00, 0.00, 2.25, 0, 0 
8, 75858, 189084513, 0.00, 100.00, 0.00, 2.25, 0, 0 
9, 75858, 191098802, 0.00, 100.00, 0.00, 2.25, 0, 0 
0, 75858, 192955972, 0.00, 100.00, 0.00, 2.25, 0, 0 
1, 75858, 194688086, 0.00, 100.00, 0.00, 2.25, 0, 0 
2, 75858, 196483673, 0.00, 100.00, 0.00, 2.25, 0, 0 
3, 75858, 198317665, 0.00, 100.00, 0.00, 2.25, 0, 0 
4, 75858, 200150787, 0.00, 100.00, 0.00, 2.25, 0, 0 
5, 75858, 201967287, 0.00, 100.00, 0.00, 2.25, 0, 0 
6, 75858, 203773773, 0.00, 100.00, 0.00, 2.25, 0, 0 
7, 75858, 205704177, 0.00, 100.00, 0.00, 2.25, 0, 0 
8, 75858, 207541950, 0.00, 100.00, 0.00, 2.25, 0, 0 
9, 75858, 209560340, 0.00, 100.00, 0.00, 2.25, 0, 0 
0, 75858, 211415362, 0.00, 100.00, 0.00, 2.25, 0, 0 
1, 75858, 213133727, 0.00, 100.00, 0.00, 2.25, 0, 0 
2, 75858, 214920409, 0.00, 100.00, 0.00, 2.25, 0, 0 
3, 75858, 216835548, 0.00, 100.00, 0.00, 2.25, 0, 0 
4, 75858, 218861124, 0.00, 100.00, 0.00, 2.25, 0, 0 
5, 75858, 220767931, 0.00, 100.00, 0.00, 2.25, 0, 0 
6, 75858, 222576284, 0.00, 100.00, 0.00, 2.25, 0, 0 
7, 75858, 224404233, 0.00, 100.00, 0.00, 2.25, 0, 0 
8, 75858, 226256041, 0.00, 100.00, 0.00, 2.25, 0, 0 
9, 75858, 228159784, 0.00, 100.00, 0.00, 2.25, 0, 0 
0, 75858, 230072893, 0.00, 100.00, 0.00, 2.25, 0, 0 
1, 75858, 231789053, 0.00, 100.00, 0.00, 2.25, 0, 0 
2, 75858, 233634924, 0.00, 100.00, 0.00, 2.25, 0, 0 
3, 75858, 235421810, 0.00, 100.00, 0.00, 2.25, 0, 0 
4, 75858, 237272637, 0.00, 100.00, 0.00, 2.25, 0, 0 
5, 75858, 239114887, 0.00, 100.00, 0.00, 2.25, 0, 0 
6, 75858, 240982747, 0.00, 100.00, 0.00, 2.25, 0, 0 
7, 75858, 242788508, 0.00, 100.00, 0.00, 2.25, 0, 0 
8, 75858, 244611993, 0.00, 100.00, 0.00, 2.25, 0, 0 
9, 75858, 246497842, 0.00, 100.00, 0.00, 2.25, 0, 0 
0, 75858, 248357122, 0.00, 100.00, 0.00, 2.25, 0, 0 
1, 75858, 249995112, 0.00, 100.00, 0.00, 2.25, 0, 0 
2, 75858, 251795833, 0.00, 100.00, 0.00, 2.25, 0, 0 
3, 75858, 253643631, 0.00, 100.00, 0.00, 2.25, 0, 0 
4, 75858, 255456810, 0.00, 100.00, 0.00, 2.25, 0, 0 
5, 75858, 257277800, 0.00, 100.00, 0.00, 2.25, 0, 0 
6, 75858, 259181815, 0.00, 100.00, 0.00, 2.25, 0, 0 
7, 75858, 261126515, 0.00, 100.00, 0.00, 2.25, 0, 0 
8, 75858, 262966233, 0.00, 100.00, 0.00, 2.25, 0, 0 
9, 75858, 264865119, 0.00, 100.00, 0.00, 2.25, 0, 0 
0, 75858, 266672347, 0.00, 100.00, 0.00, 2.25, 0, 0 
1, 75858, 268278926, 0.00, 100.00, 0.00, 2.25, 0, 0 
2, 75858, 270114399, 0.00, 100.00, 0.00, 2.25, 0, 0 
3, 75858, 271957535, 0.00, 100.00, 0.00, 2.25, 0, 0 
4, 75858, 273662077, 0.00, 100.00, 0.00, 2.25, 0, 0 
5, 75858, 275378869, 0.00, 100.00, 0.00, 2.25, 0, 0 
6, 75858, 277212736, 0.00, 100.00, 0.00, 2.25, 0, 0 
7, 75858, 279248661, 0.00, 100.00, 0.00, 2.25, 0, 0 
8, 75858, 281088750, 0.00, 100.00, 0.00, 2.25, 0, 0 
9, 75858, 283081478, 0.00, 100.00, 0.00, 2.25, 0, 0 
0, 75858, 285095255, 0.00, 100.00, 0.00, 2.25, 0, 0 
1, 75858, 286868452, 0.00, 100.00, 0.00, 2.25, 0, 0 
2, 75858, 288713744, 0.00, 100.00, 0.00, 2.25, 0, 0 
3, 75858, 290562399, 0.00, 100.00, 0.00, 2.25, 0, 0 
4, 75858, 292410822, 0.00, 100.00, 0.00, 2.25, 0, 0 
5, 75858, 294249056, 0.00, 100.00, 0.00, 2.25, 0, 0 
6, 75858, 296112156, 0.00, 100.00, 0.00, 2.25, 0, 0 
7, 75858, 297965790, 0.00, 100.00, 0.00, 2.25, 0, 0 
8, 75858, 299836948, 0.00, 100.00, 0.00, 2.25, 0, 0 
9, 75858, 301694499, 0.00, 100.00, 0.00, 2.25, 0, 0 
0, 75858, 303590248, 0.00, 100.00, 0.00, 2.25, 0, 0 
1, 75858, 305259477, 0.00, 100.00, 0.00, 2.25, 0, 0 
2, 75858, 307069132, 0.00, 100.00, 0.00, 2.25, 0, 0 
3, 75858, 308897051, 0.00, 100.00, 0.00, 2.25, 0, 0 
4, 75858, 310768891, 0.00, 100.00, 0.00, 2.25, 0, 0 
5, 75858, 312608709, 0.00, 100.00, 0.00, 2.25, 0, 0 
6, 75858, 314520479, 0.00, 100.00, 0.00, 2.25, 0, 0 
7, 75858, 316425896, 0.00, 100.00, 0.00, 2.25, 0, 0 
8, 75858, 318311739, 0.00, 100.00, 0.00, 2.25, 0, 0 
9, 75858, 320081537, 0.00, 100.00, 0.00, 2.25, 0, 0 
0, 75858, 321916120, 0.00, 100.00, 0.00, 2.25, 0, 0 
1, 75858, 323589528, 0.00, 100.00, 0.00, 2.25, 0, 0 
2, 75858, 325379275, 0.00, 100.00, 0.00, 2.25, 0, 0 
3, 75858, 327257412, 0.00, 100.00, 0.00, 2.25, 0, 0 
4, 75858, 329275020, 0.00, 100.00, 0.00, 2.25, 0, 0 
5, 75858, 331260894, 0.00, 100.00, 0.00, 2.25, 0, 0 
6, 75858, 333113028, 0.00, 100.00, 0.00, 2.25, 0, 0 
7, 75858, 334908597, 0.00, 100.00, 0.00, 2.25, 0, 0 
8, 75858, 336749323, 0.00, 100.00, 0.00, 2.25, 0, 0 
9, 75858, 338590769, 0.00, 100.00, 0.00, 2.25, 0, 0 
0, 75858, 340556850, 0.00, 100.00, 0.00, 2.25, 0, 0 
1, 75858, 342359678, 0.00, 100.00, 0.00, 2.25, 0, 0 
2, 75858, 344289457, 0.00, 100.00, 0.00, 2.25, 0, 0 
3, 75858, 346177582, 0.00, 100.00, 0.00, 2.25, 0, 0 
4, 75858, 348065467, 0.00, 100.00, 0.00, 2.25, 0, 0 
5, 75858, 350056270, 0.00, 100.00, 0.00, 2.25, 0, 0 
6, 75858, 352066886, 0.00, 100.00, 0.00, 2.25, 0, 0 
7, 75858, 353776662, 0.00, 100.00, 0.00, 2.25, 0, 0 
8, 75858, 355545874, 0.00, 100.00, 0.00, 2.25, 0, 0 
9, 75858, 357433511, 0.00, 100.00, 0.00, 2.25, 0, 0 
0, 75858, 359403692, 0.00, 100.00, 0.00, 2.25, 0, 0 
1, 75858, 361185421, 0.00, 100.00, 0.00, 2.25, 0, 0 
2, 75858, 363129970, 0.00, 100.00, 0.00, 2.25, 0, 0 
3, 75858, 365017771, 0.00, 100.00, 0.00, 2.25, 0, 0 
4, 75858, 366870951, 0.00, 100.00, 0.00, 2.25, 0, 0 
5, 75858, 368703308, 0.00, 100.00, 0.00, 2.25, 0, 0 
6, 75858, 370493030, 0.00, 100.00, 0.00, 2.25, 0, 0 
7, 75858, 372314959, 0.00, 100.00, 0.00, 2.25, 0, 0 
8, 75858, 374106224, 0.00, 100.00, 0.00, 2.25, 0, 0 
9, 75858, 376068648, 0.00, 100.00, 0.00, 2.25, 0, 0 
0, 75858, 377906163, 0.00, 100.00, 0.00, 2.25, 0, 0 
1, 75858, 379554023, 0.00, 100.00, 0.00, 2.25, 0, 0 
2, 75858, 381345833, 0.00, 100.00, 0.00, 2.25, 0, 0 
3, 75858, 383222746, 0.00, 100.00, 0.00, 2.25, 0, 0 
4, 75858, 385126115, 0.00, 100.00, 0.00, 2.25, 0, 0 
5, 75858, 387005606, 0.00, 100.00, 0.00, 2.25, 0, 0 
6, 75858, 388855102, 0.00, 100.00, 0.00, 2.25, 0, 0 
7, 75858, 390780716, 0.00, 100.00, 0.00, 2.25, 0, 0 
8, 75858, 392636784, 0.00, 100.00, 0.00, 2.25, 0, 0 
9, 75858, 394411878, 0.00, 100.00, 0.00, 2.25, 0, 0 
0, 75858, 396317872, 0.00, 100.00, 0.00, 2.25, 0, 0 
1, 75858, 398050439, 0.00, 100.00, 0.00, 2.25, 0, 0 
2, 75858, 399907260, 0.00, 100.00, 0.00, 2.25, 0, 0 
3, 75858, 401639366, 0.00, 100.00, 0.00, 2.25, 0, 0 
4, 75858, 403459784, 0.00, 100.00, 0.00, 2.25, 0, 0 
5, 75858, 405353380, 0.00, 100.00, 0.00, 2.25, 0, 0 
6, 75858, 407137653, 0.00, 100.00, 0.00, 2.25, 0, 0 
7, 75858, 408930304, 0.00, 100.00, 0.00, 2.25, 0, 0 
8, 75858, 410846778, 0.00, 100.00, 0.00, 2.25, 0, 0 
9, 75858, 412669304, 0.00, 100.00, 0.00, 2.25, 0, 0 
0, 75858, 414512023, 0.00, 100.00, 0.00, 2.25, 0, 0 
1, 75858, 416217867, 0.00, 100.00, 0.00, 2.25, 0, 0 
2, 75858, 418060717, 0.00, 100.00, 0.00, 2.25, 0, 0 
3, 75858, 419975273, 0.00, 100.00, 0.00, 2.25, 0, 0 
4, 75858, 421724982, 0.00, 100.00, 0.00, 2.25, 0, 0 
5, 75858, 423558118, 0.00, 100.00, 0.00, 2.25, 0, 0 
6, 75858, 425475951, 0.00, 100.00, 0.00, 2.25, 0, 0 
7, 75858, 427383280, 0.00, 100.00, 0.00, 2.25, 0, 0 
8, 75858, 429348027, 0.00, 100.00, 0.00, 2.25, 0, 0 
9, 75858, 431253804, 0.00, 100.00, 0.00, 2.25, 0, 0 
0, 75858, 433075509, 0.00, 100.00, 0.00, 2.25, 0, 0 
1, 75858, 434805819, 0.00, 100.00, 0.00, 2.25, 0, 0 
2, 75858, 436607702, 0.00, 100.00, 0.00, 2.25, 0, 0 
3, 75858, 438448184, 0.00, 100.00, 0.00, 2.25, 0, 0 
4, 75858, 440263739, 0.00, 100.00, 0.00, 2.25, 0, 0 
5, 75858, 442169717, 0.00, 100.00, 0.00, 2.25, 0, 0 
6, 75858, 443963456, 0.00, 100.00, 0.00, 2.25, 0, 0 
7, 75858, 445822361, 0.00, 100.00, 0.00, 2.25, 0, 0 
8, 75858, 447732910, 0.00, 100.00, 0.00, 2.25, 0, 0 
9, 75858, 449719133, 0.00, 100.00, 0.00, 2.25, 0, 0 
0, 75858, 451485406, 0.00, 100.00, 0.00, 2.25, 0, 0 
1, 75858, 453168423, 0.00, 100.00, 0.00, 2.25, 0, 0 
2, 75858, 454983338, 0.00, 100.00, 0.00, 2.25, 0, 0 
3, 75858, 456837515, 0.00, 100.00, 0.00, 2.25, 0, 0 
4, 75858, 458620159, 0.00, 100.00, 0.00, 2.25, 0, 0 
5, 75858, 460502088, 0.00, 100.00, 0.00, 2.25, 0, 0 
6, 75858, 462314927, 0.00, 100.00, 0.00, 2.25, 0, 0 
7, 75858, 464195953, 0.00, 100.00, 0.00, 2.25, 0, 0 
8, 75858, 465991775, 0.00, 100.00, 0.00, 2.25, 0, 0 
9, 75858, 467815187, 0.00, 100.00, 0.00, 2.25, 0, 0 
0, 75858, 469605252, 0.00, 100.00, 0.00, 2.25, 0, 0 
1, 75858, 471343654, 0.00, 100.00, 0.00, 2.25, 0, 0 
2, 75858, 473186317, 0.00, 100.00, 0.00, 2.25, 0, 0 
3, 75858, 474999272, 0.00, 100.00, 0.00, 2.25, 0, 0 
4, 75858, 476918197, 0.00, 100.00, 0.00, 2.25, 0, 0 
5, 75858, 478790999, 0.00, 100.00, 0.00, 2.25, 0, 0 
6, 75858, 480675358, 0.00, 100.00, 0.00, 2.25, 0, 0 
7, 75858, 482538869, 0.00, 100.00, 0.00, 2.25, 0, 0 
8, 75858, 484366244, 0.00, 100.00, 0.00, 2.25, 0, 0 
9, 75858, 486157570, 0.00, 100.00, 0.00, 2.25, 0, 0 
0, 75858, 488141514, 0.00, 100.00, 0.00, 2.25, 0, 0 
1, 75858, 489824071, 0.00, 100.00, 0.00, 2.25, 0, 0 
2, 75858, 491628669, 0.00, 100.00, 0.00, 2.25, 0, 0 
3, 75858, 493382890, 0.00, 100.00, 0.00, 2.25, 0, 0 
4, 75858, 495218804, 0.00, 100.00, 0.00, 2.25, 0, 0 
5, 75858, 497077416, 0.00, 100.00, 0.00, 2.25, 0, 0 
6, 75858, 498846029, 0.00, 100.00, 0.00, 2.25, 0, 0 
7, 75858, 500624556, 0.00, 100.00, 0.00, 2.25, 0, 0 
8, 75858, 502460744, 0.00, 100.00, 0.00, 2.25, 0, 0 
9, 75858, 504302762, 0.00, 100.00, 0.00, 2.25, 0, 0 
0, 75858, 506277532, 0.00, 100.00, 0.00, 2.25, 0, 0 
1, 75858, 507963345, 0.00, 100.00, 0.00, 2.25, 0, 0 
2, 75858, 509716615, 0.00, 100.00, 0.00, 2.25, 0, 0 
3, 75858, 511549928, 0.00, 100.00, 0.00, 2.25, 0, 0 
4, 75858, 513478913, 0.00, 100.00, 0.00, 2.25, 0, 0 
5, 75858, 515267333, 0.00, 100.00, 0.00, 2.25, 0, 0 
6, 75858, 517283352, 0.00, 100.00, 0.00, 2.25, 0, 0 
7, 75858, 519115639, 0.00, 100.00, 0.00, 2.25, 0, 0 
8, 75858, 521039511, 0.00, 100.00, 0.00, 2.25, 0, 0 
9, 75858, 522858388, 0.00, 100.00, 0.00, 2.25, 0, 0 
0, 75858, 524815785, 0.00, 100.00, 0.00, 2.25, 0, 0 
1, 75858, 526517399, 0.00, 100.00, 0.00, 2.25, 0, 0 
2, 75858, 528325114, 0.00, 100.00, 0.00, 2.25, 0, 0 
3, 75858, 530195583, 0.00, 100.00, 0.00, 2.25, 0, 0 
4, 75858, 532050912, 0.00, 100.00, 0.00, 2.25, 0, 0 
5, 75858, 533897689, 0.00, 100.00, 0.00, 2.25, 0, 0 
6, 75858, 535747064, 0.00, 100.00, 0.00, 2.25, 0, 0 
7, 75858, 537580051, 0.00, 100.00, 0.00, 2.25, 0, 0 
8, 75858, 539396459, 0.00, 100.00, 0.00, 2.25, 0, 0 
9, 75858, 541229641, 0.00, 100.00, 0.00, 2.25, 0, 0 
0, 75858, 543065107, 0.00, 100.00, 0.00, 2.25, 0, 0 
1, 75858, 544894721, 0.00, 100.00, 0.00, 2.25, 0, 0 
2, 75858, 546739626, 0.00, 100.00, 0.00, 2.25, 0, 0 
3, 75858, 548546897, 0.00, 100.00, 0.00, 2.25, 0, 0 
4, 75858, 550357715, 0.00, 100.00, 0.00, 2.25, 0, 0 
5, 75858, 552330488, 0.00, 100.00, 0.00, 2.25, 0, 0 
6, 75858, 554338069, 0.00, 100.00, 0.00, 2.25, 0, 0 
7, 75858, 556170811, 0.00, 100.00, 0.00, 2.25, 0, 0 
8, 75858, 557962824, 0.00, 100.00, 0.00, 2.25, 0, 0 
9, 75858, 559798413, 0.00, 100.00, 0.00, 2.25, 0, 0 
0, 75858, 561686034, 0.00, 100.00, 0.00, 2.25, 0, 0 
1, 75858, 563430729, 0.00, 100.00, 0.00, 2.25, 0, 0 
2, 75858, 565113505, 0.00, 100.00, 0.00, 2.25, 0, 0 
3, 75858, 566967954, 0.00, 100.00, 0.00, 2.25, 0, 0 
4, 75858, 568820584, 0.00, 100.00, 0.00, 2.25, 0, 0 
5, 75858, 570682814, 0.00, 100.00, 0.00, 2.25, 0, 0 
6, 75858, 572473106, 0.00, 100.00, 0.00, 2.25, 0, 0 
7, 75858, 574328293, 0.00, 100.00, 0.00, 2.25, 0, 0 
8, 75858, 576206164, 0.00, 100.00, 0.00, 2.25, 0, 0 
9, 75858, 578032795, 0.00, 100.00, 0.00, 2.25, 0, 0 
0, 75858, 579952750, 0.00, 100.00, 0.00, 2.25, 0, 0 
1, 75858, 581310704, 0.00, 100.00, 0.00, 2.25, 0, 0 
2, 75858, 583107782, 0.00, 100.00, 0.00, 2.25, 0, 0 
3, 75858, 585024232, 0.00, 100.00, 0.00, 2.25, 0, 0 
4, 75858, 586872327, 0.00, 100.00, 0.00, 2.25, 0, 0 
5, 75858, 588705918, 0.00, 100.00, 0.00, 2.25, 0, 0 
6, 75858, 590623020, 0.00, 100.00, 0.00, 2.25, 0, 0 
7, 75858, 592572496, 0.00, 100.00, 0.00, 2.25, 0, 0 
8, 75858, 594404512, 0.00, 100.00, 0.00, 2.25, 0, 0 
9, 75858, 596194252, 0.00, 100.00, 0.00, 2.25, 0, 0 
0, 75858, 597967032, 0.00, 100.00, 0.00, 2.25, 0, 0 
1, 75858, 599764455, 0.00, 100.00, 0.00, 2.25, 0, 0 
2, 75858, 601596240, 0.00, 100.00, 0.00, 2.25, 0, 0 
3, 75858, 603413757, 0.00, 100.00, 0.00, 2.25, 0, 0 
4, 75858, 605249357, 0.00, 100.00, 0.00, 2.25, 0, 0 
5, 75858, 607085432, 0.00, 100.00, 0.00, 2.25, 0, 0 
6, 75858, 609104826, 0.00, 100.00, 0.00, 2.25, 0, 0 
7, 75858, 611112768, 0.00, 100.00, 0.00, 2.25, 0, 0 
8, 75858, 613085318, 0.00, 100.00, 0.00, 2.25, 0, 0 
9, 75858, 614917182, 0.00, 100.00, 0.00, 2.25, 0, 0 
0, 75858, 616943194, 0.00, 100.00, 0.00, 2.25, 0, 0 
1, 75858, 618697871, 0.00, 100.00, 0.00, 2.25, 0, 0 
2, 75858, 620542439, 0.00, 100.00, 0.00, 2.25, 0, 0 
3, 75858, 622393117, 0.00, 100.00, 0.00, 2.25, 0, 0 
4, 75858, 624211456, 0.00, 100.00, 0.00, 2.25, 0, 0 
5, 75858, 626058809, 0.00, 100.00, 0.00, 2.25, 0, 0 
6, 75858, 627966064, 0.00, 100.00, 0.00, 2.25, 0, 0 
7, 75858, 629869576, 0.00, 100.00, 0.00, 2.25, 0, 0 
8, 75858, 631776316, 0.00, 100.00, 0.00, 2.25, 0, 0 
9, 75858, 633601182, 0.00, 100.00, 0.00, 2.25, 0, 0 
0, 75858, 635620822, 0.00, 100.00, 0.00, 2.25, 0, 0 
1, 75858, 637150961, 0.00, 100.00, 0.00, 2.25, 0, 0 
2, 75858, 639062695, 0.00, 100.00, 0.00, 2.25, 0, 0 
3, 75858, 640905553, 0.00, 100.00, 0.00, 2.25, 0, 0 
4, 75858, 642746351, 0.00, 100.00, 0.00, 2.25, 0, 0 
5, 75858, 644654170, 0.00, 100.00, 0.00, 2.25, 0, 0 
6, 75858, 646539862, 0.00, 100.00, 0.00, 2.25, 0, 0 
7, 75858, 648372923, 0.00, 100.00, 0.00, 2.25, 0, 0 
8, 75858, 650298711, 0.00, 100.00, 0.00, 2.25, 0, 0 
9, 75858, 652125388, 0.00, 100.00, 0.00, 2.25, 0, 0 
0, 75858, 653995684, 0.00, 100.00, 0.00, 2.25, 0, 0 
1, 75858, 655721108, 0.00, 100.00, 0.00, 2.25, 0, 0 
2, 75858, 657555559, 0.00, 100.00, 0.00, 2.25, 0, 0 
3, 75858, 659380942, 0.00, 100.00, 0.00, 2.25, 0, 0 
4, 75858, 661210981, 0.00, 100.00, 0.00, 2.25, 0, 0 
5, 75858, 663053799, 0.00, 100.00, 0.00, 2.25, 0, 0 
6, 75858, 664897249, 0.00, 100.00, 0.00, 2.25, 0, 0 
7, 75858, 666735336, 0.00, 100.00, 0.00, 2.25, 0, 0 
8, 75858, 668574078, 0.00, 100.00, 0.00, 2.25, 0, 0 
9, 75858, 670353669, 0.00, 100.00, 0.00, 2.25, 0, 0 
0, 75858, 672237302, 0.00, 100.00, 0.00, 2.25, 0, 0 
1, 75858, 674026359, 0.00, 100.00, 0.00, 2.25, 0, 0 
2, 75858, 675779648, 0.00, 100.00, 0.00, 2.25, 0, 0 
3, 75858, 677577899, 0.00, 100.00, 0.00, 2.25, 0, 0 
4, 75858, 679480931, 0.00, 100.00, 0.00, 2.25, 0, 0 
5, 75858, 681404421, 0.00, 100.00, 0.00, 2.25, 0, 0 
6, 75858, 683081171, 0.00, 100.00, 0.00, 2.25, 0, 0 
7, 75858, 684986734, 0.00, 100.00, 0.00, 2.25, 0, 0 
8, 75858, 686930037, 0.00, 100.00, 0.00, 2.25, 0, 0 
9, 75858, 688890398, 0.00, 100.00, 0.00, 2.25, 0, 0 
0, 75858, 690713125, 0.00, 100.00, 0.00, 2.25, 0, 0 
1, 75858, 692424254, 0.00, 100.00, 0.00, 2.25, 0, 0 
2, 75858, 694236134, 0.00, 100.00, 0.00, 2.25, 0, 0 
3, 75858, 696040850, 0.00, 100.00, 0.00, 2.25, 0, 0 
4, 75858, 697955905, 0.00, 100.00, 0.00, 2.25, 0, 0 
5, 75858, 699884931, 0.00, 100.00, 0.00, 2.25, 0, 0 
6, 75858, 701820814, 0.00, 100.00, 0.00, 2.25, 0, 0 
7, 75858, 703699221, 0.00, 100.00, 0.00, 2.25, 0, 0 
8, 75858, 705582155, 0.00, 100.00, 0.00, 2.25, 0, 0 
9, 75858, 707455673, 0.00, 100.00, 0.00, 2.25, 0, 0 
0, 75858, 709353761, 0.00, 100.00, 0.00, 2.25, 0, 0 
1, 75858, 711058866, 0.00, 100.00, 0.00, 2.25, 0, 0 
2, 75858, 712875616, 0.00, 100.00, 0.00, 2.25, 0, 0 
3, 75858, 714716368, 0.00, 100.00, 0.00, 2.25, 0, 0 
4, 75858, 716479773, 0.00, 100.00, 0.00, 2.25, 0, 0 
5, 75858, 718350517, 0.00, 100.00, 0.00, 2.25, 0, 0 
6, 75858, 720197537, 0.00, 100.00, 0.00, 2.25, 0, 0 
7, 75858, 722146811, 0.00, 100.00, 0.00, 2.25, 0, 0 
8, 75858, 724059935, 0.00, 100.00, 0.00, 2.25, 0, 0 
9, 75858, 725960018, 0.00, 100.00, 0.00, 2.25, 0, 0 
0, 75858, 727840630, 0.00, 100.00, 0.00, 2.25, 0, 0 
1, 75858, 729589812, 0.00, 100.00, 0.00, 2.25, 0, 0 
2, 75858, 731397364, 0.00, 100.00, 0.00, 2.25, 0, 0 
3, 75858, 733222928, 0.00, 100.00, 0.00, 2.25, 0, 0 
4, 75858, 735052442, 0.00, 100.00, 0.00, 2.25, 0, 0 
5, 75858, 736886970, 0.00, 100.00, 0.00, 2.25, 0, 0 
6, 75858, 738719395, 0.00, 100.00, 0.00, 2.25, 0, 0 
7, 75858, 740537578, 0.00, 100.00, 0.00, 2.25, 0, 0 
8, 75858, 742453092, 0.00, 100.00, 0.00, 2.25, 0, 0 
9, 75858, 744470933, 0.00, 100.00, 0.00, 2.25, 0, 0 
0, 75858, 746564281, 0.00, 100.00, 0.00, 2.25, 0, 0 
1, 75858, 748249955, 0.00, 100.00, 0.00, 2.25, 0, 0 
2, 75858, 750074619, 0.00, 100.00, 0.00, 2.25, 0, 0 
3, 75858, 751918266, 0.00, 100.00, 0.00, 2.25, 0, 0 
4, 75858, 753749760, 0.00, 100.00, 0.00, 2.25, 0, 0 
5, 75858, 755719619, 0.00, 100.00, 0.00, 2.25, 0, 0 
6, 75858, 757674515, 0.00, 100.00, 0.00, 2.25, 0, 0 
7, 75858, 759596288, 0.00, 100.00, 0.00, 2.25, 0, 0 
8, 75858, 761611875, 0.00, 100.00, 0.00, 2.25, 0, 0 
9, 75858, 763538278, 0.00, 100.00, 0.00, 2.25, 0, 0 
0, 75858, 765501168, 0.00, 100.00, 0.00, 2.25, 0, 0 
1, 75858, 767197750, 0.00, 100.00, 0.00, 2.25, 0, 0 
2, 75858, 769048298, 0.00, 100.00, 0.00, 2.25, 0, 0 
3, 75858, 770902093, 0.00, 100.00, 0.00, 2.25, 0, 0 
4, 75858, 772765905, 0.00, 100.00, 0.00, 2.25, 0, 0 
5, 75858, 774683548, 0.00, 100.00, 0.00, 2.25, 0, 0 
6, 75858, 776538501, 0.00, 100.00, 0.00, 2.25, 0, 0 
7, 75858, 778372894, 0.00, 100.00, 0.00, 2.25, 0, 0 
8, 75858, 780189903, 0.00, 100.00, 0.00, 2.25, 0, 0 
9, 75858, 782050968, 0.00, 100.00, 0.00, 2.25, 0, 0 
0, 75858, 783952869, 0.00, 100.00, 0.00, 2.25, 0, 0 
1, 75858, 785556855, 0.00, 100.00, 0.00, 2.25, 0, 0 
2, 75858, 787352184, 0.00, 100.00, 0.00, 2.25, 0, 0 
3, 75858, 789265276, 0.00, 100.00, 0.00, 2.25, 0, 0 
4, 75858, 791240236, 0.00, 100.00, 0.00, 2.25, 0, 0 
5, 75858, 793234037, 0.00, 100.00, 0.00, 2.25, 0, 0 
6, 75858, 795094396, 0.00, 100.00, 0.00, 2.25, 0, 0 
7, 75858, 796839329, 0.00, 100.00, 0.00, 2.25, 0, 0 
8, 75858, 798773456, 0.00, 100.00, 0.00, 2.25, 0, 0 
9, 75858, 800561766, 0.00, 100.00, 0.00, 2.25, 0, 0 
0, 75858, 802426427, 0.00, 100.00, 0.00, 2.25, 0, 0 
1, 75858, 804140318, 0.00, 100.00, 0.00, 2.25, 0, 0 
2, 75858, 805967673, 0.00, 100.00, 0.00, 2.25, 0, 0 
3, 75858, 807919555, 0.00, 100.00, 0.00, 2.25, 0, 0 
4, 75858, 809759911, 0.00, 100.00, 0.00, 2.25, 0, 0 
5, 75858, 811563320, 0.00, 100.00, 0.00, 2.25, 0, 0 
6, 75858, 813407057, 0.00, 100.00, 0.00, 2.25, 0, 0 
7, 75858, 815306126, 0.00, 100.00, 0.00, 2.25, 0, 0 
8, 75858, 817081245, 0.00, 100.00, 0.00, 2.25, 0, 0 
9, 75858, 818980930, 0.00, 100.00, 0.00, 2.25, 0, 0 
0, 75858, 820854961, 0.00, 100.00, 0.00, 2.25, 0, 0 
1, 75858, 822564474, 0.00, 100.00, 0.00, 2.25, 0, 0 
2, 75858, 824358549, 0.00, 100.00, 0.00, 2.25, 0, 0 
3, 75858, 826263934, 0.00, 100.00, 0.00, 2.25, 0, 0 
4, 75858, 828202812, 0.00, 100.00, 0.00, 2.25, 0, 0 
5, 75858, 830032845, 0.00, 100.00, 0.00, 2.25, 0, 0 
6, 75858, 831777331, 0.00, 100.00, 0.00, 2.25, 0, 0 
7, 75858, 833595153, 0.00, 100.00, 0.00, 2.25, 0, 0 
8, 75858, 835553758, 0.00, 100.00, 0.00, 2.25, 0, 0 
9, 75858, 837441019, 0.00, 100.00, 0.00, 2.25, 0, 0 
