Wed Nov 28 13:14:21 2018
StepTime, x, v, f, xdes, vdes, fdes, cmd, IR, LSB, LSF
0, 73202, 692031124, 0.00, 100.00, 0.00, 2.25, 0, 0 
1, 73202, 692066435, 0.00, 100.00, 0.00, 2.25, 0, 0 
2, 73202, 692085750, 0.00, 100.00, 0.00, 2.25, 0, 0 
3, 73202, 692102776, 0.00, 100.00, 0.00, 2.25, 0, 0 
4, 73202, 692119809, 0.00, 100.00, 0.00, 2.25, 0, 0 
5, 73202, 692136927, 0.00, 100.00, 0.00, 2.25, 0, 0 
6, 73202, 692181593, 0.00, 100.00, 0.00, 2.25, 0, 0 
7, 73202, 692236908, 0.00, 100.00, 0.00, 2.25, 0, 0 
8, 73202, 692271289, 0.00, 100.00, 0.00, 2.25, 0, 0 
9, 73202, 692302671, 0.00, 100.00, 0.00, 2.25, 0, 0 
0, 73202, 692339115, 0.00, 100.00, 0.00, 2.25, 0, 0 
1, 73202, 692379207, 0.00, 100.00, 0.00, 2.25, 0, 0 
2, 73202, 692414418, 0.00, 100.00, 0.00, 2.25, 0, 0 
3, 73202, 692445214, 0.00, 100.00, 0.00, 2.25, 0, 0 
4, 73202, 692472984, 0.00, 100.00, 0.00, 2.25, 0, 0 
5, 73202, 692500664, 0.00, 100.00, 0.00, 2.25, 0, 0 
6, 73202, 692529067, 0.00, 100.00, 0.00, 2.25, 0, 0 
7, 73202, 692556413, 0.00, 100.00, 0.00, 2.25, 0, 0 
8, 73202, 692583827, 0.00, 100.00, 0.00, 2.25, 0, 0 
9, 73202, 692610785, 0.00, 100.00, 0.00, 2.25, 0, 0 
0, 73202, 692646184, 0.00, 100.00, 0.00, 2.25, 0, 0 
1, 73202, 692682733, 0.00, 100.00, 0.00, 2.25, 0, 0 
2, 73202, 692722980, 0.00, 100.00, 0.00, 2.25, 0, 0 
3, 73202, 692750636, 0.00, 100.00, 0.00, 2.25, 0, 0 
4, 73202, 692776979, 0.00, 100.00, 0.00, 2.25, 0, 0 
5, 73202, 692803768, 0.00, 100.00, 0.00, 2.25, 0, 0 
6, 73202, 692831535, 0.00, 100.00, 0.00, 2.25, 0, 0 
7, 73202, 692858758, 0.00, 100.00, 0.00, 2.25, 0, 0 
8, 73202, 692886068, 0.00, 100.00, 0.00, 2.25, 0, 0 
9, 73202, 692913015, 0.00, 100.00, 0.00, 2.25, 0, 0 
0, 73202, 692949302, 0.00, 100.00, 0.00, 2.25, 0, 0 
1, 73202, 692986609, 0.00, 100.00, 0.00, 2.25, 0, 0 
2, 73202, 693011382, 0.00, 100.00, 0.00, 2.25, 0, 0 
3, 73202, 693044283, 0.00, 100.00, 0.00, 2.25, 0, 0 
4, 73202, 693071846, 0.00, 100.00, 0.00, 2.25, 0, 0 
5, 73202, 693100653, 0.00, 100.00, 0.00, 2.25, 0, 0 
6, 73202, 693128644, 0.00, 100.00, 0.00, 2.25, 0, 0 
7, 73202, 693154760, 0.00, 100.00, 0.00, 2.25, 0, 0 
8, 73202, 693180755, 0.00, 100.00, 0.00, 2.25, 0, 0 
9, 73202, 693208019, 0.00, 100.00, 0.00, 2.25, 0, 0 
0, 73202, 693243665, 0.00, 100.00, 0.00, 2.25, 0, 0 
1, 73202, 693280977, 0.00, 100.00, 0.00, 2.25, 0, 0 
2, 73202, 693328003, 0.00, 100.00, 0.00, 2.25, 0, 0 
3, 73202, 693356683, 0.00, 100.00, 0.00, 2.25, 0, 0 
4, 73202, 693385462, 0.00, 100.00, 0.00, 2.25, 0, 0 
5, 73202, 693412470, 0.00, 100.00, 0.00, 2.25, 0, 0 
6, 73202, 693439647, 0.00, 100.00, 0.00, 2.25, 0, 0 
7, 73202, 693466826, 0.00, 100.00, 0.00, 2.25, 0, 0 
8, 73202, 693495026, 0.00, 100.00, 0.00, 2.25, 0, 0 
9, 73202, 693521653, 0.00, 100.00, 0.00, 2.25, 0, 0 
0, 73202, 693558035, 0.00, 100.00, 0.00, 2.25, 0, 0 
1, 73202, 693596606, 0.00, 100.00, 0.00, 2.25, 0, 0 
2, 73202, 693621352, 0.00, 100.00, 0.00, 2.25, 0, 0 
3, 73202, 693651774, 0.00, 100.00, 0.00, 2.25, 0, 0 
4, 73202, 693679154, 0.00, 100.00, 0.00, 2.25, 0, 0 
5, 73202, 693706415, 0.00, 100.00, 0.00, 2.25, 0, 0 
6, 73202, 693733089, 0.00, 100.00, 0.00, 2.25, 0, 0 
7, 73202, 693760124, 0.00, 100.00, 0.00, 2.25, 0, 0 
8, 73202, 693787995, 0.00, 100.00, 0.00, 2.25, 0, 0 
9, 73202, 693817674, 0.00, 100.00, 0.00, 2.25, 0, 0 
0, 73202, 693855603, 0.00, 100.00, 0.00, 2.25, 0, 0 
1, 73202, 693891020, 0.00, 100.00, 0.00, 2.25, 0, 0 
2, 73202, 693915885, 0.00, 100.00, 0.00, 2.25, 0, 0 
3, 73202, 693948764, 0.00, 100.00, 0.00, 2.25, 0, 0 
4, 73202, 694034854, 0.00, 100.00, 0.00, 2.25, 0, 0 
5, 73202, 694060570, 0.00, 100.00, 0.00, 2.25, 0, 0 
6, 73202, 694086018, 0.00, 100.00, 0.00, 2.25, 0, 0 
7, 73202, 694115191, 0.00, 100.00, 0.00, 2.25, 0, 0 
8, 73202, 694144225, 0.00, 100.00, 0.00, 2.25, 0, 0 
9, 73202, 694171529, 0.00, 100.00, 0.00, 2.25, 0, 0 
0, 73202, 694207444, 0.00, 100.00, 0.00, 2.25, 0, 0 
1, 73202, 694244194, 0.00, 100.00, 0.00, 2.25, 0, 0 
2, 73202, 694283946, 0.00, 100.00, 0.00, 2.25, 0, 0 
3, 73202, 694310653, 0.00, 100.00, 0.00, 2.25, 0, 0 
4, 73202, 694338539, 0.00, 100.00, 0.00, 2.25, 0, 0 
5, 73202, 694367337, 0.00, 100.00, 0.00, 2.25, 0, 0 
6, 73202, 694394644, 0.00, 100.00, 0.00, 2.25, 0, 0 
7, 73202, 694423925, 0.00, 100.00, 0.00, 2.25, 0, 0 
8, 73202, 694457723, 0.00, 100.00, 0.00, 2.25, 0, 0 
9, 73202, 694490406, 0.00, 100.00, 0.00, 2.25, 0, 0 
0, 73202, 694528953, 0.00, 100.00, 0.00, 2.25, 0, 0 
1, 73202, 694568539, 0.00, 100.00, 0.00, 2.25, 0, 0 
2, 73202, 694598743, 0.00, 100.00, 0.00, 2.25, 0, 0 
3, 73202, 694627418, 0.00, 100.00, 0.00, 2.25, 0, 0 
4, 73202, 694655676, 0.00, 100.00, 0.00, 2.25, 0, 0 
5, 73202, 694689263, 0.00, 100.00, 0.00, 2.25, 0, 0 
6, 73202, 694718832, 0.00, 100.00, 0.00, 2.25, 0, 0 
7, 73202, 694747408, 0.00, 100.00, 0.00, 2.25, 0, 0 
8, 73202, 694775862, 0.00, 100.00, 0.00, 2.25, 0, 0 
9, 73202, 694806270, 0.00, 100.00, 0.00, 2.25, 0, 0 
0, 73202, 694844739, 0.00, 100.00, 0.00, 2.25, 0, 0 
1, 73202, 694882071, 0.00, 100.00, 0.00, 2.25, 0, 0 
2, 73202, 694926611, 0.00, 100.00, 0.00, 2.25, 0, 0 
3, 73202, 694955858, 0.00, 100.00, 0.00, 2.25, 0, 0 
4, 73202, 694984212, 0.00, 100.00, 0.00, 2.25, 0, 0 
5, 73202, 695011103, 0.00, 100.00, 0.00, 2.25, 0, 0 
6, 73202, 695038356, 0.00, 100.00, 0.00, 2.25, 0, 0 
7, 73202, 695065330, 0.00, 100.00, 0.00, 2.25, 0, 0 
8, 73202, 695093971, 0.00, 100.00, 0.00, 2.25, 0, 0 
9, 73202, 695120775, 0.00, 100.00, 0.00, 2.25, 0, 0 
0, 73202, 695157564, 0.00, 100.00, 0.00, 2.25, 0, 0 
1, 73202, 695192903, 0.00, 100.00, 0.00, 2.25, 0, 0 
2, 73202, 695217625, 0.00, 100.00, 0.00, 2.25, 0, 0 
3, 73202, 695247073, 0.00, 100.00, 0.00, 2.25, 0, 0 
4, 73202, 695273950, 0.00, 100.00, 0.00, 2.25, 0, 0 
5, 73202, 695301116, 0.00, 100.00, 0.00, 2.25, 0, 0 
6, 73202, 695328856, 0.00, 100.00, 0.00, 2.25, 0, 0 
7, 73202, 695355810, 0.00, 100.00, 0.00, 2.25, 0, 0 
8, 73202, 695381600, 0.00, 100.00, 0.00, 2.25, 0, 0 
9, 73202, 695409103, 0.00, 100.00, 0.00, 2.25, 0, 0 
0, 73202, 695445240, 0.00, 100.00, 0.00, 2.25, 0, 0 
1, 73202, 695483732, 0.00, 100.00, 0.00, 2.25, 0, 0 
2, 73202, 695508493, 0.00, 100.00, 0.00, 2.25, 0, 0 
3, 73202, 695538635, 0.00, 100.00, 0.00, 2.25, 0, 0 
4, 73202, 695567354, 0.00, 100.00, 0.00, 2.25, 0, 0 
5, 73202, 695596057, 0.00, 100.00, 0.00, 2.25, 0, 0 
6, 73202, 695622776, 0.00, 100.00, 0.00, 2.25, 0, 0 
7, 73202, 695650561, 0.00, 100.00, 0.00, 2.25, 0, 0 
8, 73202, 695676894, 0.00, 100.00, 0.00, 2.25, 0, 0 
9, 73202, 695704484, 0.00, 100.00, 0.00, 2.25, 0, 0 
0, 73202, 695742222, 0.00, 100.00, 0.00, 2.25, 0, 0 
1, 73202, 695778916, 0.00, 100.00, 0.00, 2.25, 0, 0 
2, 73202, 695819742, 0.00, 100.00, 0.00, 2.25, 0, 0 
3, 73202, 695847226, 0.00, 100.00, 0.00, 2.25, 0, 0 
4, 73202, 695874770, 0.00, 100.00, 0.00, 2.25, 0, 0 
5, 73202, 695903332, 0.00, 100.00, 0.00, 2.25, 0, 0 
6, 73202, 695930394, 0.00, 100.00, 0.00, 2.25, 0, 0 
7, 73202, 695957674, 0.00, 100.00, 0.00, 2.25, 0, 0 
8, 73202, 695986100, 0.00, 100.00, 0.00, 2.25, 0, 0 
9, 73202, 696028357, 0.00, 100.00, 0.00, 2.25, 0, 0 
0, 73202, 696073713, 0.00, 100.00, 0.00, 2.25, 0, 0 
1, 73202, 696110011, 0.00, 100.00, 0.00, 2.25, 0, 0 
2, 73202, 696137528, 0.00, 100.00, 0.00, 2.25, 0, 0 
3, 73202, 696171321, 0.00, 100.00, 0.00, 2.25, 0, 0 
4, 73202, 696202722, 0.00, 100.00, 0.00, 2.25, 0, 0 
5, 73202, 696234406, 0.00, 100.00, 0.00, 2.25, 0, 0 
6, 73202, 696265443, 0.00, 100.00, 0.00, 2.25, 0, 0 
7, 73202, 696296312, 0.00, 100.00, 0.00, 2.25, 0, 0 
8, 73202, 696327792, 0.00, 100.00, 0.00, 2.25, 0, 0 
9, 73202, 696359159, 0.00, 100.00, 0.00, 2.25, 0, 0 
0, 73202, 696403049, 0.00, 100.00, 0.00, 2.25, 0, 0 
1, 73202, 696438557, 0.00, 100.00, 0.00, 2.25, 0, 0 
2, 73202, 696485914, 0.00, 100.00, 0.00, 2.25, 0, 0 
3, 73202, 696520706, 0.00, 100.00, 0.00, 2.25, 0, 0 
4, 73202, 696544182, 0.00, 100.00, 0.00, 2.25, 0, 0 
5, 73202, 696566491, 0.00, 100.00, 0.00, 2.25, 0, 0 
6, 73202, 696588514, 0.00, 100.00, 0.00, 2.25, 0, 0 
7, 73202, 696610363, 0.00, 100.00, 0.00, 2.25, 0, 0 
8, 73202, 696632162, 0.00, 100.00, 0.00, 2.25, 0, 0 
9, 73202, 696653845, 0.00, 100.00, 0.00, 2.25, 0, 0 
0, 73202, 696684384, 0.00, 100.00, 0.00, 2.25, 0, 0 
1, 73202, 696710734, 0.00, 100.00, 0.00, 2.25, 0, 0 
2, 73202, 696756786, 0.00, 100.00, 0.00, 2.25, 0, 0 
3, 73202, 696789260, 0.00, 100.00, 0.00, 2.25, 0, 0 
4, 73202, 696823077, 0.00, 100.00, 0.00, 2.25, 0, 0 
5, 73202, 696856569, 0.00, 100.00, 0.00, 2.25, 0, 0 
6, 73202, 696887955, 0.00, 100.00, 0.00, 2.25, 0, 0 
7, 73202, 696916893, 0.00, 100.00, 0.00, 2.25, 0, 0 
8, 73202, 696950070, 0.00, 100.00, 0.00, 2.25, 0, 0 
9, 73202, 696983223, 0.00, 100.00, 0.00, 2.25, 0, 0 
0, 73202, 697027735, 0.00, 100.00, 0.00, 2.25, 0, 0 
1, 73202, 697071246, 0.00, 100.00, 0.00, 2.25, 0, 0 
2, 73202, 697119706, 0.00, 100.00, 0.00, 2.25, 0, 0 
3, 73202, 697154934, 0.00, 100.00, 0.00, 2.25, 0, 0 
4, 73202, 697189173, 0.00, 100.00, 0.00, 2.25, 0, 0 
5, 73202, 697222304, 0.00, 100.00, 0.00, 2.25, 0, 0 
6, 73202, 697255423, 0.00, 100.00, 0.00, 2.25, 0, 0 
7, 73202, 697288635, 0.00, 100.00, 0.00, 2.25, 0, 0 
8, 73202, 697322677, 0.00, 100.00, 0.00, 2.25, 0, 0 
9, 73202, 697355563, 0.00, 100.00, 0.00, 2.25, 0, 0 
0, 73202, 697400145, 0.00, 100.00, 0.00, 2.25, 0, 0 
1, 73202, 697442782, 0.00, 100.00, 0.00, 2.25, 0, 0 
2, 73202, 697489586, 0.00, 100.00, 0.00, 2.25, 0, 0 
3, 73202, 697525162, 0.00, 100.00, 0.00, 2.25, 0, 0 
4, 73202, 697559333, 0.00, 100.00, 0.00, 2.25, 0, 0 
5, 73202, 697593213, 0.00, 100.00, 0.00, 2.25, 0, 0 
6, 73202, 697627025, 0.00, 100.00, 0.00, 2.25, 0, 0 
7, 73202, 697660221, 0.00, 100.00, 0.00, 2.25, 0, 0 
8, 73202, 697693677, 0.00, 100.00, 0.00, 2.25, 0, 0 
9, 73202, 697726555, 0.00, 100.00, 0.00, 2.25, 0, 0 
0, 73202, 697771178, 0.00, 100.00, 0.00, 2.25, 0, 0 
1, 73202, 697816725, 0.00, 100.00, 0.00, 2.25, 0, 0 
2, 73202, 697863441, 0.00, 100.00, 0.00, 2.25, 0, 0 
3, 73202, 697897778, 0.00, 100.00, 0.00, 2.25, 0, 0 
4, 73202, 697931301, 0.00, 100.00, 0.00, 2.25, 0, 0 
5, 73202, 697964584, 0.00, 100.00, 0.00, 2.25, 0, 0 
6, 73202, 697997948, 0.00, 100.00, 0.00, 2.25, 0, 0 
7, 73202, 698031207, 0.00, 100.00, 0.00, 2.25, 0, 0 
8, 73202, 698064723, 0.00, 100.00, 0.00, 2.25, 0, 0 
9, 73202, 698098843, 0.00, 100.00, 0.00, 2.25, 0, 0 
0, 73202, 698143177, 0.00, 100.00, 0.00, 2.25, 0, 0 
1, 73202, 698187234, 0.00, 100.00, 0.00, 2.25, 0, 0 
2, 73202, 698232984, 0.00, 100.00, 0.00, 2.25, 0, 0 
3, 73202, 698266439, 0.00, 100.00, 0.00, 2.25, 0, 0 
4, 73202, 698299993, 0.00, 100.00, 0.00, 2.25, 0, 0 
5, 73202, 698333560, 0.00, 100.00, 0.00, 2.25, 0, 0 
6, 73202, 698367252, 0.00, 100.00, 0.00, 2.25, 0, 0 
7, 73202, 698400616, 0.00, 100.00, 0.00, 2.25, 0, 0 
8, 73202, 698434339, 0.00, 100.00, 0.00, 2.25, 0, 0 
9, 73202, 698467098, 0.00, 100.00, 0.00, 2.25, 0, 0 
0, 73202, 698511952, 0.00, 100.00, 0.00, 2.25, 0, 0 
1, 73202, 698557311, 0.00, 100.00, 0.00, 2.25, 0, 0 
2, 73202, 698603396, 0.00, 100.00, 0.00, 2.25, 0, 0 
3, 73202, 698637412, 0.00, 100.00, 0.00, 2.25, 0, 0 
4, 73202, 698670857, 0.00, 100.00, 0.00, 2.25, 0, 0 
5, 73202, 698704232, 0.00, 100.00, 0.00, 2.25, 0, 0 
6, 73202, 698737193, 0.00, 100.00, 0.00, 2.25, 0, 0 
7, 73202, 698770912, 0.00, 100.00, 0.00, 2.25, 0, 0 
8, 73202, 698804290, 0.00, 100.00, 0.00, 2.25, 0, 0 
9, 73202, 698837899, 0.00, 100.00, 0.00, 2.25, 0, 0 
0, 73202, 698881927, 0.00, 100.00, 0.00, 2.25, 0, 0 
1, 73202, 698926399, 0.00, 100.00, 0.00, 2.25, 0, 0 
2, 73202, 698972719, 0.00, 100.00, 0.00, 2.25, 0, 0 
3, 73202, 699006628, 0.00, 100.00, 0.00, 2.25, 0, 0 
4, 73202, 699039940, 0.00, 100.00, 0.00, 2.25, 0, 0 
5, 73202, 699073870, 0.00, 100.00, 0.00, 2.25, 0, 0 
6, 73202, 699107562, 0.00, 100.00, 0.00, 2.25, 0, 0 
7, 73202, 699140533, 0.00, 100.00, 0.00, 2.25, 0, 0 
8, 73202, 699174061, 0.00, 100.00, 0.00, 2.25, 0, 0 
9, 73202, 699207567, 0.00, 100.00, 0.00, 2.25, 0, 0 
0, 73202, 699251800, 0.00, 100.00, 0.00, 2.25, 0, 0 
1, 73202, 699295880, 0.00, 100.00, 0.00, 2.25, 0, 0 
2, 73202, 699341382, 0.00, 100.00, 0.00, 2.25, 0, 0 
3, 73202, 699375632, 0.00, 100.00, 0.00, 2.25, 0, 0 
4, 73202, 699409502, 0.00, 100.00, 0.00, 2.25, 0, 0 
5, 73202, 699443556, 0.00, 100.00, 0.00, 2.25, 0, 0 
6, 73202, 699476753, 0.00, 100.00, 0.00, 2.25, 0, 0 
7, 73202, 699509983, 0.00, 100.00, 0.00, 2.25, 0, 0 
8, 73202, 699543613, 0.00, 100.00, 0.00, 2.25, 0, 0 
9, 73202, 699576937, 0.00, 100.00, 0.00, 2.25, 0, 0 
0, 73202, 699620815, 0.00, 100.00, 0.00, 2.25, 0, 0 
1, 73202, 699663368, 0.00, 100.00, 0.00, 2.25, 0, 0 
2, 73202, 699710037, 0.00, 100.00, 0.00, 2.25, 0, 0 
3, 73202, 699746472, 0.00, 100.00, 0.00, 2.25, 0, 0 
4, 73202, 699781090, 0.00, 100.00, 0.00, 2.25, 0, 0 
5, 73202, 699814627, 0.00, 100.00, 0.00, 2.25, 0, 0 
6, 73202, 699848336, 0.00, 100.00, 0.00, 2.25, 0, 0 
7, 73202, 699882177, 0.00, 100.00, 0.00, 2.25, 0, 0 
8, 73202, 699915200, 0.00, 100.00, 0.00, 2.25, 0, 0 
9, 73202, 699948934, 0.00, 100.00, 0.00, 2.25, 0, 0 
0, 73202, 699993334, 0.00, 100.00, 0.00, 2.25, 0, 0 
1, 73202, 700047735, 0.00, 100.00, 0.00, 2.25, 0, 0 
2, 73202, 700097645, 0.00, 100.00, 0.00, 2.25, 0, 0 
3, 73202, 700133137, 0.00, 100.00, 0.00, 2.25, 0, 0 
4, 73202, 700166583, 0.00, 100.00, 0.00, 2.25, 0, 0 
5, 73202, 700201118, 0.00, 100.00, 0.00, 2.25, 0, 0 
6, 73202, 700234740, 0.00, 100.00, 0.00, 2.25, 0, 0 
7, 73202, 700268033, 0.00, 100.00, 0.00, 2.25, 0, 0 
8, 73202, 700301636, 0.00, 100.00, 0.00, 2.25, 0, 0 
9, 73202, 700335476, 0.00, 100.00, 0.00, 2.25, 0, 0 
0, 73202, 700379950, 0.00, 100.00, 0.00, 2.25, 0, 0 
1, 73202, 700425083, 0.00, 100.00, 0.00, 2.25, 0, 0 
2, 73202, 700474277, 0.00, 100.00, 0.00, 2.25, 0, 0 
3, 73202, 700509023, 0.00, 100.00, 0.00, 2.25, 0, 0 
4, 73202, 700543117, 0.00, 100.00, 0.00, 2.25, 0, 0 
5, 73202, 700577061, 0.00, 100.00, 0.00, 2.25, 0, 0 
6, 73202, 700610839, 0.00, 100.00, 0.00, 2.25, 0, 0 
7, 73202, 700644009, 0.00, 100.00, 0.00, 2.25, 0, 0 
8, 73202, 700677535, 0.00, 100.00, 0.00, 2.25, 0, 0 
9, 73202, 700711281, 0.00, 100.00, 0.00, 2.25, 0, 0 
0, 73202, 700756742, 0.00, 100.00, 0.00, 2.25, 0, 0 
1, 73202, 700799249, 0.00, 100.00, 0.00, 2.25, 0, 0 
2, 73202, 700882321, 0.00, 100.00, 0.00, 2.25, 0, 0 
3, 73202, 700917001, 0.00, 100.00, 0.00, 2.25, 0, 0 
4, 73202, 700951172, 0.00, 100.00, 0.00, 2.25, 0, 0 
5, 73202, 700985133, 0.00, 100.00, 0.00, 2.25, 0, 0 
6, 73202, 701018396, 0.00, 100.00, 0.00, 2.25, 0, 0 
7, 73202, 701051983, 0.00, 100.00, 0.00, 2.25, 0, 0 
8, 73202, 701085227, 0.00, 100.00, 0.00, 2.25, 0, 0 
9, 73202, 701118765, 0.00, 100.00, 0.00, 2.25, 0, 0 
0, 73202, 701162288, 0.00, 100.00, 0.00, 2.25, 0, 0 
1, 73202, 701206833, 0.00, 100.00, 0.00, 2.25, 0, 0 
2, 73202, 701253263, 0.00, 100.00, 0.00, 2.25, 0, 0 
3, 73202, 701287310, 0.00, 100.00, 0.00, 2.25, 0, 0 
4, 73202, 701321054, 0.00, 100.00, 0.00, 2.25, 0, 0 
5, 73202, 701354291, 0.00, 100.00, 0.00, 2.25, 0, 0 
6, 73202, 701388118, 0.00, 100.00, 0.00, 2.25, 0, 0 
7, 73202, 701421089, 0.00, 100.00, 0.00, 2.25, 0, 0 
8, 73202, 701454952, 0.00, 100.00, 0.00, 2.25, 0, 0 
9, 73202, 701487991, 0.00, 100.00, 0.00, 2.25, 0, 0 
0, 73202, 701532655, 0.00, 100.00, 0.00, 2.25, 0, 0 
1, 73202, 701576633, 0.00, 100.00, 0.00, 2.25, 0, 0 
2, 73202, 701622372, 0.00, 100.00, 0.00, 2.25, 0, 0 
3, 73202, 701656570, 0.00, 100.00, 0.00, 2.25, 0, 0 
4, 73202, 701686576, 0.00, 100.00, 0.00, 2.25, 0, 0 
5, 73202, 701718104, 0.00, 100.00, 0.00, 2.25, 0, 0 
6, 73202, 701748206, 0.00, 100.00, 0.00, 2.25, 0, 0 
7, 73202, 701778430, 0.00, 100.00, 0.00, 2.25, 0, 0 
8, 73202, 701810218, 0.00, 100.00, 0.00, 2.25, 0, 0 
9, 73202, 701843591, 0.00, 100.00, 0.00, 2.25, 0, 0 
0, 73202, 701889166, 0.00, 100.00, 0.00, 2.25, 0, 0 
1, 73202, 701934878, 0.00, 100.00, 0.00, 2.25, 0, 0 
2, 73202, 701981171, 0.00, 100.00, 0.00, 2.25, 0, 0 
3, 73202, 702014606, 0.00, 100.00, 0.00, 2.25, 0, 0 
4, 73202, 702045117, 0.00, 100.00, 0.00, 2.25, 0, 0 
5, 73202, 702077535, 0.00, 100.00, 0.00, 2.25, 0, 0 
6, 73202, 702109372, 0.00, 100.00, 0.00, 2.25, 0, 0 
7, 73202, 702141089, 0.00, 100.00, 0.00, 2.25, 0, 0 
8, 73202, 702172102, 0.00, 100.00, 0.00, 2.25, 0, 0 
9, 73202, 702202248, 0.00, 100.00, 0.00, 2.25, 0, 0 
0, 73202, 702247232, 0.00, 100.00, 0.00, 2.25, 0, 0 
1, 73202, 702294470, 0.00, 100.00, 0.00, 2.25, 0, 0 
2, 73202, 702328506, 0.00, 100.00, 0.00, 2.25, 0, 0 
3, 73202, 702362522, 0.00, 100.00, 0.00, 2.25, 0, 0 
4, 73202, 702396295, 0.00, 100.00, 0.00, 2.25, 0, 0 
5, 73202, 702429730, 0.00, 100.00, 0.00, 2.25, 0, 0 
6, 73202, 702463558, 0.00, 100.00, 0.00, 2.25, 0, 0 
7, 73202, 702497298, 0.00, 100.00, 0.00, 2.25, 0, 0 
8, 73202, 702530977, 0.00, 100.00, 0.00, 2.25, 0, 0 
9, 73202, 702567330, 0.00, 100.00, 0.00, 2.25, 0, 0 
0, 73202, 702614838, 0.00, 100.00, 0.00, 2.25, 0, 0 
1, 73202, 702662068, 0.00, 100.00, 0.00, 2.25, 0, 0 
2, 73202, 702709024, 0.00, 100.00, 0.00, 2.25, 0, 0 
3, 73202, 702743035, 0.00, 100.00, 0.00, 2.25, 0, 0 
4, 73202, 702776646, 0.00, 100.00, 0.00, 2.25, 0, 0 
5, 73202, 702810384, 0.00, 100.00, 0.00, 2.25, 0, 0 
6, 73202, 702843944, 0.00, 100.00, 0.00, 2.25, 0, 0 
7, 73202, 702877618, 0.00, 100.00, 0.00, 2.25, 0, 0 
8, 73202, 702911121, 0.00, 100.00, 0.00, 2.25, 0, 0 
9, 73202, 702944694, 0.00, 100.00, 0.00, 2.25, 0, 0 
0, 73202, 702989921, 0.00, 100.00, 0.00, 2.25, 0, 0 
1, 73202, 703037170, 0.00, 100.00, 0.00, 2.25, 0, 0 
2, 73202, 703083655, 0.00, 100.00, 0.00, 2.25, 0, 0 
3, 73202, 703118613, 0.00, 100.00, 0.00, 2.25, 0, 0 
4, 73202, 703152486, 0.00, 100.00, 0.00, 2.25, 0, 0 
5, 73202, 703186560, 0.00, 100.00, 0.00, 2.25, 0, 0 
6, 73202, 703220416, 0.00, 100.00, 0.00, 2.25, 0, 0 
7, 73202, 703254142, 0.00, 100.00, 0.00, 2.25, 0, 0 
8, 73202, 703288220, 0.00, 100.00, 0.00, 2.25, 0, 0 
9, 73202, 703321818, 0.00, 100.00, 0.00, 2.25, 0, 0 
0, 73202, 703367297, 0.00, 100.00, 0.00, 2.25, 0, 0 
1, 73202, 703410373, 0.00, 100.00, 0.00, 2.25, 0, 0 
2, 73202, 703457065, 0.00, 100.00, 0.00, 2.25, 0, 0 
3, 73202, 703486720, 0.00, 100.00, 0.00, 2.25, 0, 0 
4, 73202, 703518598, 0.00, 100.00, 0.00, 2.25, 0, 0 
5, 73202, 703552133, 0.00, 100.00, 0.00, 2.25, 0, 0 
6, 73202, 703585937, 0.00, 100.00, 0.00, 2.25, 0, 0 
7, 73202, 703620216, 0.00, 100.00, 0.00, 2.25, 0, 0 
8, 73202, 703650888, 0.00, 100.00, 0.00, 2.25, 0, 0 
9, 73202, 703682378, 0.00, 100.00, 0.00, 2.25, 0, 0 
0, 73202, 703723311, 0.00, 100.00, 0.00, 2.25, 0, 0 
1, 73202, 703766657, 0.00, 100.00, 0.00, 2.25, 0, 0 
2, 73202, 703812434, 0.00, 100.00, 0.00, 2.25, 0, 0 
3, 73202, 703844468, 0.00, 100.00, 0.00, 2.25, 0, 0 
4, 73202, 703875448, 0.00, 100.00, 0.00, 2.25, 0, 0 
5, 73202, 703908252, 0.00, 100.00, 0.00, 2.25, 0, 0 
6, 73202, 703941435, 0.00, 100.00, 0.00, 2.25, 0, 0 
7, 73202, 703972724, 0.00, 100.00, 0.00, 2.25, 0, 0 
8, 73202, 704013642, 0.00, 100.00, 0.00, 2.25, 0, 0 
9, 73202, 704047284, 0.00, 100.00, 0.00, 2.25, 0, 0 
0, 73202, 704099652, 0.00, 100.00, 0.00, 2.25, 0, 0 
1, 73202, 704139860, 0.00, 100.00, 0.00, 2.25, 0, 0 
2, 73202, 704191946, 0.00, 100.00, 0.00, 2.25, 0, 0 
3, 73202, 704223872, 0.00, 100.00, 0.00, 2.25, 0, 0 
4, 73202, 704245524, 0.00, 100.00, 0.00, 2.25, 0, 0 
5, 73202, 704266075, 0.00, 100.00, 0.00, 2.25, 0, 0 
6, 73202, 704286643, 0.00, 100.00, 0.00, 2.25, 0, 0 
7, 73202, 704307258, 0.00, 100.00, 0.00, 2.25, 0, 0 
8, 73202, 704327876, 0.00, 100.00, 0.00, 2.25, 0, 0 
9, 73202, 704348341, 0.00, 100.00, 0.00, 2.25, 0, 0 
0, 73202, 704376276, 0.00, 100.00, 0.00, 2.25, 0, 0 
1, 73202, 704405575, 0.00, 100.00, 0.00, 2.25, 0, 0 
2, 73202, 704433894, 0.00, 100.00, 0.00, 2.25, 0, 0 
3, 73202, 704459929, 0.00, 100.00, 0.00, 2.25, 0, 0 
4, 73202, 704481301, 0.00, 100.00, 0.00, 2.25, 0, 0 
5, 73202, 704501891, 0.00, 100.00, 0.00, 2.25, 0, 0 
6, 73202, 704521990, 0.00, 100.00, 0.00, 2.25, 0, 0 
7, 73202, 704542457, 0.00, 100.00, 0.00, 2.25, 0, 0 
8, 73202, 704563122, 0.00, 100.00, 0.00, 2.25, 0, 0 
9, 73202, 704583551, 0.00, 100.00, 0.00, 2.25, 0, 0 
0, 73202, 704611464, 0.00, 100.00, 0.00, 2.25, 0, 0 
1, 73202, 704640080, 0.00, 100.00, 0.00, 2.25, 0, 0 
2, 73202, 704667541, 0.00, 100.00, 0.00, 2.25, 0, 0 
3, 73202, 704689390, 0.00, 100.00, 0.00, 2.25, 0, 0 
4, 73202, 704709923, 0.00, 100.00, 0.00, 2.25, 0, 0 
5, 73202, 704730436, 0.00, 100.00, 0.00, 2.25, 0, 0 
6, 73202, 704750840, 0.00, 100.00, 0.00, 2.25, 0, 0 
7, 73202, 704770818, 0.00, 100.00, 0.00, 2.25, 0, 0 
8, 73202, 704791256, 0.00, 100.00, 0.00, 2.25, 0, 0 
9, 73202, 704811745, 0.00, 100.00, 0.00, 2.25, 0, 0 
0, 73202, 704839323, 0.00, 100.00, 0.00, 2.25, 0, 0 
1, 73202, 704867788, 0.00, 100.00, 0.00, 2.25, 0, 0 
2, 73202, 704894997, 0.00, 100.00, 0.00, 2.25, 0, 0 
3, 73202, 704920465, 0.00, 100.00, 0.00, 2.25, 0, 0 
4, 73202, 704941489, 0.00, 100.00, 0.00, 2.25, 0, 0 
5, 73202, 704962061, 0.00, 100.00, 0.00, 2.25, 0, 0 
6, 73202, 704982138, 0.00, 100.00, 0.00, 2.25, 0, 0 
7, 73202, 705002493, 0.00, 100.00, 0.00, 2.25, 0, 0 
8, 73202, 705022119, 0.00, 100.00, 0.00, 2.25, 0, 0 
9, 73202, 705041030, 0.00, 100.00, 0.00, 2.25, 0, 0 
0, 73202, 705066568, 0.00, 100.00, 0.00, 2.25, 0, 0 
1, 73202, 705095008, 0.00, 100.00, 0.00, 2.25, 0, 0 
2, 73202, 705123182, 0.00, 100.00, 0.00, 2.25, 0, 0 
3, 73202, 705148697, 0.00, 100.00, 0.00, 2.25, 0, 0 
4, 73202, 705169347, 0.00, 100.00, 0.00, 2.25, 0, 0 
5, 73202, 705189445, 0.00, 100.00, 0.00, 2.25, 0, 0 
6, 73202, 705209395, 0.00, 100.00, 0.00, 2.25, 0, 0 
7, 73202, 705229307, 0.00, 100.00, 0.00, 2.25, 0, 0 
8, 73202, 705249274, 0.00, 100.00, 0.00, 2.25, 0, 0 
9, 73202, 705269478, 0.00, 100.00, 0.00, 2.25, 0, 0 
0, 73202, 705296825, 0.00, 100.00, 0.00, 2.25, 0, 0 
1, 73202, 705324471, 0.00, 100.00, 0.00, 2.25, 0, 0 
2, 73202, 705352167, 0.00, 100.00, 0.00, 2.25, 0, 0 
3, 73202, 705377438, 0.00, 100.00, 0.00, 2.25, 0, 0 
4, 73202, 705397949, 0.00, 100.00, 0.00, 2.25, 0, 0 
5, 73202, 705418532, 0.00, 100.00, 0.00, 2.25, 0, 0 
6, 73202, 705438992, 0.00, 100.00, 0.00, 2.25, 0, 0 
7, 73202, 705459501, 0.00, 100.00, 0.00, 2.25, 0, 0 
8, 73202, 705479917, 0.00, 100.00, 0.00, 2.25, 0, 0 
9, 73202, 705500342, 0.00, 100.00, 0.00, 2.25, 0, 0 
0, 73202, 705528360, 0.00, 100.00, 0.00, 2.25, 0, 0 
1, 73202, 705556908, 0.00, 100.00, 0.00, 2.25, 0, 0 
2, 73202, 705585162, 0.00, 100.00, 0.00, 2.25, 0, 0 
3, 73202, 705610704, 0.00, 100.00, 0.00, 2.25, 0, 0 
4, 73202, 705631408, 0.00, 100.00, 0.00, 2.25, 0, 0 
5, 73202, 705651937, 0.00, 100.00, 0.00, 2.25, 0, 0 
6, 73202, 705672465, 0.00, 100.00, 0.00, 2.25, 0, 0 
7, 73202, 705692319, 0.00, 100.00, 0.00, 2.25, 0, 0 
8, 73202, 705712792, 0.00, 100.00, 0.00, 2.25, 0, 0 
9, 73202, 705732638, 0.00, 100.00, 0.00, 2.25, 0, 0 
0, 73202, 705759779, 0.00, 100.00, 0.00, 2.25, 0, 0 
1, 73202, 705788542, 0.00, 100.00, 0.00, 2.25, 0, 0 
2, 73202, 705815679, 0.00, 100.00, 0.00, 2.25, 0, 0 
3, 73202, 705840541, 0.00, 100.00, 0.00, 2.25, 0, 0 
4, 73202, 705861393, 0.00, 100.00, 0.00, 2.25, 0, 0 
5, 73202, 705882025, 0.00, 100.00, 0.00, 2.25, 0, 0 
6, 73202, 705901929, 0.00, 100.00, 0.00, 2.25, 0, 0 
7, 73202, 705921844, 0.00, 100.00, 0.00, 2.25, 0, 0 
8, 73202, 705942361, 0.00, 100.00, 0.00, 2.25, 0, 0 
9, 73202, 705962884, 0.00, 100.00, 0.00, 2.25, 0, 0 
0, 73202, 705990263, 0.00, 100.00, 0.00, 2.25, 0, 0 
1, 73202, 706018384, 0.00, 100.00, 0.00, 2.25, 0, 0 
2, 73202, 706045682, 0.00, 100.00, 0.00, 2.25, 0, 0 
3, 73202, 706071076, 0.00, 100.00, 0.00, 2.25, 0, 0 
4, 73202, 706091686, 0.00, 100.00, 0.00, 2.25, 0, 0 
5, 73202, 706111638, 0.00, 100.00, 0.00, 2.25, 0, 0 
6, 73202, 706131816, 0.00, 100.00, 0.00, 2.25, 0, 0 
7, 73202, 706151698, 0.00, 100.00, 0.00, 2.25, 0, 0 
8, 73202, 706171615, 0.00, 100.00, 0.00, 2.25, 0, 0 
9, 73202, 706191623, 0.00, 100.00, 0.00, 2.25, 0, 0 
0, 73202, 706218909, 0.00, 100.00, 0.00, 2.25, 0, 0 
1, 73202, 706247362, 0.00, 100.00, 0.00, 2.25, 0, 0 
2, 73202, 706274108, 0.00, 100.00, 0.00, 2.25, 0, 0 
3, 73202, 706298509, 0.00, 100.00, 0.00, 2.25, 0, 0 
4, 73202, 706321344, 0.00, 100.00, 0.00, 2.25, 0, 0 
5, 73202, 706349083, 0.00, 100.00, 0.00, 2.25, 0, 0 
6, 73202, 706380019, 0.00, 100.00, 0.00, 2.25, 0, 0 
7, 73202, 706407300, 0.00, 100.00, 0.00, 2.25, 0, 0 
8, 73202, 706428484, 0.00, 100.00, 0.00, 2.25, 0, 0 
9, 73202, 706448645, 0.00, 100.00, 0.00, 2.25, 0, 0 
0, 73202, 706475972, 0.00, 100.00, 0.00, 2.25, 0, 0 
1, 73202, 706504425, 0.00, 100.00, 0.00, 2.25, 0, 0 
2, 73202, 706532029, 0.00, 100.00, 0.00, 2.25, 0, 0 
3, 73202, 706557295, 0.00, 100.00, 0.00, 2.25, 0, 0 
4, 73202, 706578515, 0.00, 100.00, 0.00, 2.25, 0, 0 
5, 73202, 706599103, 0.00, 100.00, 0.00, 2.25, 0, 0 
6, 73202, 706619472, 0.00, 100.00, 0.00, 2.25, 0, 0 
7, 73202, 706639437, 0.00, 100.00, 0.00, 2.25, 0, 0 
8, 73202, 706660081, 0.00, 100.00, 0.00, 2.25, 0, 0 
9, 73202, 706680381, 0.00, 100.00, 0.00, 2.25, 0, 0 
0, 73202, 706708197, 0.00, 100.00, 0.00, 2.25, 0, 0 
1, 73202, 706736854, 0.00, 100.00, 0.00, 2.25, 0, 0 
2, 73202, 706764220, 0.00, 100.00, 0.00, 2.25, 0, 0 
3, 73202, 706789539, 0.00, 100.00, 0.00, 2.25, 0, 0 
4, 73202, 706810660, 0.00, 100.00, 0.00, 2.25, 0, 0 
5, 73202, 706830722, 0.00, 100.00, 0.00, 2.25, 0, 0 
6, 73202, 706850369, 0.00, 100.00, 0.00, 2.25, 0, 0 
7, 73202, 706869023, 0.00, 100.00, 0.00, 2.25, 0, 0 
8, 73202, 706888741, 0.00, 100.00, 0.00, 2.25, 0, 0 
9, 73202, 706908696, 0.00, 100.00, 0.00, 2.25, 0, 0 
0, 73202, 706935817, 0.00, 100.00, 0.00, 2.25, 0, 0 
1, 73202, 706964316, 0.00, 100.00, 0.00, 2.25, 0, 0 
2, 73202, 706992725, 0.00, 100.00, 0.00, 2.25, 0, 0 
3, 73202, 707017822, 0.00, 100.00, 0.00, 2.25, 0, 0 
4, 73202, 707038929, 0.00, 100.00, 0.00, 2.25, 0, 0 
5, 73202, 707059054, 0.00, 100.00, 0.00, 2.25, 0, 0 
6, 73202, 707078993, 0.00, 100.00, 0.00, 2.25, 0, 0 
7, 73202, 707099428, 0.00, 100.00, 0.00, 2.25, 0, 0 
8, 73202, 707119983, 0.00, 100.00, 0.00, 2.25, 0, 0 
9, 73202, 707139893, 0.00, 100.00, 0.00, 2.25, 0, 0 
0, 73202, 707167679, 0.00, 100.00, 0.00, 2.25, 0, 0 
1, 73202, 707196693, 0.00, 100.00, 0.00, 2.25, 0, 0 
2, 73202, 707224144, 0.00, 100.00, 0.00, 2.25, 0, 0 
3, 73202, 707249457, 0.00, 100.00, 0.00, 2.25, 0, 0 
4, 73202, 707270517, 0.00, 100.00, 0.00, 2.25, 0, 0 
5, 73202, 707291059, 0.00, 100.00, 0.00, 2.25, 0, 0 
6, 73202, 707311451, 0.00, 100.00, 0.00, 2.25, 0, 0 
7, 73202, 707331799, 0.00, 100.00, 0.00, 2.25, 0, 0 
8, 73202, 707352346, 0.00, 100.00, 0.00, 2.25, 0, 0 
9, 73202, 707373081, 0.00, 100.00, 0.00, 2.25, 0, 0 
0, 73202, 707400792, 0.00, 100.00, 0.00, 2.25, 0, 0 
1, 73202, 707429482, 0.00, 100.00, 0.00, 2.25, 0, 0 
2, 73202, 707457166, 0.00, 100.00, 0.00, 2.25, 0, 0 
3, 73202, 707482629, 0.00, 100.00, 0.00, 2.25, 0, 0 
4, 73202, 707503219, 0.00, 100.00, 0.00, 2.25, 0, 0 
5, 73202, 707523285, 0.00, 100.00, 0.00, 2.25, 0, 0 
6, 73202, 707543298, 0.00, 100.00, 0.00, 2.25, 0, 0 
7, 73202, 707563399, 0.00, 100.00, 0.00, 2.25, 0, 0 
8, 73202, 707583249, 0.00, 100.00, 0.00, 2.25, 0, 0 
9, 73202, 707603727, 0.00, 100.00, 0.00, 2.25, 0, 0 
0, 73202, 707631495, 0.00, 100.00, 0.00, 2.25, 0, 0 
1, 73202, 707660190, 0.00, 100.00, 0.00, 2.25, 0, 0 
2, 73202, 707687916, 0.00, 100.00, 0.00, 2.25, 0, 0 
3, 73202, 707713662, 0.00, 100.00, 0.00, 2.25, 0, 0 
4, 73202, 707734972, 0.00, 100.00, 0.00, 2.25, 0, 0 
5, 73202, 707755066, 0.00, 100.00, 0.00, 2.25, 0, 0 
6, 73202, 707775470, 0.00, 100.00, 0.00, 2.25, 0, 0 
7, 73202, 707795856, 0.00, 100.00, 0.00, 2.25, 0, 0 
8, 73202, 707816115, 0.00, 100.00, 0.00, 2.25, 0, 0 
9, 73202, 707836537, 0.00, 100.00, 0.00, 2.25, 0, 0 
0, 73202, 707864469, 0.00, 100.00, 0.00, 2.25, 0, 0 
1, 73202, 707892774, 0.00, 100.00, 0.00, 2.25, 0, 0 
2, 73202, 707924756, 0.00, 100.00, 0.00, 2.25, 0, 0 
3, 73202, 707950523, 0.00, 100.00, 0.00, 2.25, 0, 0 
4, 73202, 707971555, 0.00, 100.00, 0.00, 2.25, 0, 0 
5, 73202, 707991577, 0.00, 100.00, 0.00, 2.25, 0, 0 
6, 73202, 708025956, 0.00, 100.00, 0.00, 2.25, 0, 0 
7, 73202, 708060376, 0.00, 100.00, 0.00, 2.25, 0, 0 
8, 73202, 708087248, 0.00, 100.00, 0.00, 2.25, 0, 0 
9, 73202, 708111110, 0.00, 100.00, 0.00, 2.25, 0, 0 
0, 73202, 708146129, 0.00, 100.00, 0.00, 2.25, 0, 0 
1, 73202, 708175254, 0.00, 100.00, 0.00, 2.25, 0, 0 
2, 73202, 708210715, 0.00, 100.00, 0.00, 2.25, 0, 0 
3, 73202, 708246610, 0.00, 100.00, 0.00, 2.25, 0, 0 
4, 73202, 708279919, 0.00, 100.00, 0.00, 2.25, 0, 0 
5, 73202, 708315106, 0.00, 100.00, 0.00, 2.25, 0, 0 
6, 73202, 708347622, 0.00, 100.00, 0.00, 2.25, 0, 0 
7, 73202, 708381351, 0.00, 100.00, 0.00, 2.25, 0, 0 
8, 73202, 708413420, 0.00, 100.00, 0.00, 2.25, 0, 0 
9, 73202, 708447771, 0.00, 100.00, 0.00, 2.25, 0, 0 
0, 73202, 708490514, 0.00, 100.00, 0.00, 2.25, 0, 0 
1, 73202, 708532700, 0.00, 100.00, 0.00, 2.25, 0, 0 
2, 73202, 708561447, 0.00, 100.00, 0.00, 2.25, 0, 0 
3, 73202, 708594928, 0.00, 100.00, 0.00, 2.25, 0, 0 
4, 73202, 708624498, 0.00, 100.00, 0.00, 2.25, 0, 0 
5, 73202, 708656198, 0.00, 100.00, 0.00, 2.25, 0, 0 
6, 73202, 708687281, 0.00, 100.00, 0.00, 2.25, 0, 0 
7, 73202, 708718853, 0.00, 100.00, 0.00, 2.25, 0, 0 
8, 73202, 708749959, 0.00, 100.00, 0.00, 2.25, 0, 0 
9, 73202, 708781343, 0.00, 100.00, 0.00, 2.25, 0, 0 
0, 73202, 708823945, 0.00, 100.00, 0.00, 2.25, 0, 0 
1, 73202, 708866555, 0.00, 100.00, 0.00, 2.25, 0, 0 
2, 73202, 708906838, 0.00, 100.00, 0.00, 2.25, 0, 0 
3, 73202, 708925714, 0.00, 100.00, 0.00, 2.25, 0, 0 
4, 73202, 708943523, 0.00, 100.00, 0.00, 2.25, 0, 0 
5, 73202, 708961102, 0.00, 100.00, 0.00, 2.25, 0, 0 
6, 73202, 708978725, 0.00, 100.00, 0.00, 2.25, 0, 0 
7, 73202, 708996202, 0.00, 100.00, 0.00, 2.25, 0, 0 
8, 73202, 709013710, 0.00, 100.00, 0.00, 2.25, 0, 0 
9, 73202, 709031341, 0.00, 100.00, 0.00, 2.25, 0, 0 
0, 73202, 709054860, 0.00, 100.00, 0.00, 2.25, 0, 0 
1, 73202, 709078653, 0.00, 100.00, 0.00, 2.25, 0, 0 
2, 73202, 709105804, 0.00, 100.00, 0.00, 2.25, 0, 0 
3, 73202, 709125110, 0.00, 100.00, 0.00, 2.25, 0, 0 
4, 73202, 709142790, 0.00, 100.00, 0.00, 2.25, 0, 0 
5, 73202, 709160322, 0.00, 100.00, 0.00, 2.25, 0, 0 
6, 73202, 709177917, 0.00, 100.00, 0.00, 2.25, 0, 0 
7, 73202, 709199546, 0.00, 100.00, 0.00, 2.25, 0, 0 
8, 73202, 709221759, 0.00, 100.00, 0.00, 2.25, 0, 0 
9, 73202, 709243700, 0.00, 100.00, 0.00, 2.25, 0, 0 
0, 73202, 709272733, 0.00, 100.00, 0.00, 2.25, 0, 0 
1, 73202, 709299306, 0.00, 100.00, 0.00, 2.25, 0, 0 
2, 73202, 709330072, 0.00, 100.00, 0.00, 2.25, 0, 0 
3, 73202, 709360299, 0.00, 100.00, 0.00, 2.25, 0, 0 
4, 73202, 709386911, 0.00, 100.00, 0.00, 2.25, 0, 0 
5, 73202, 709413014, 0.00, 100.00, 0.00, 2.25, 0, 0 
6, 73202, 709439201, 0.00, 100.00, 0.00, 2.25, 0, 0 
7, 73202, 709465157, 0.00, 100.00, 0.00, 2.25, 0, 0 
8, 73202, 709490890, 0.00, 100.00, 0.00, 2.25, 0, 0 
9, 73202, 709517047, 0.00, 100.00, 0.00, 2.25, 0, 0 
0, 73202, 709551564, 0.00, 100.00, 0.00, 2.25, 0, 0 
1, 73202, 709586088, 0.00, 100.00, 0.00, 2.25, 0, 0 
2, 73202, 709614567, 0.00, 100.00, 0.00, 2.25, 0, 0 
3, 73202, 709644290, 0.00, 100.00, 0.00, 2.25, 0, 0 
4, 73202, 709668784, 0.00, 100.00, 0.00, 2.25, 0, 0 
5, 73202, 709694553, 0.00, 100.00, 0.00, 2.25, 0, 0 
6, 73202, 709720421, 0.00, 100.00, 0.00, 2.25, 0, 0 
7, 73202, 709746240, 0.00, 100.00, 0.00, 2.25, 0, 0 
8, 73202, 709771530, 0.00, 100.00, 0.00, 2.25, 0, 0 
9, 73202, 709796959, 0.00, 100.00, 0.00, 2.25, 0, 0 
0, 73202, 709831418, 0.00, 100.00, 0.00, 2.25, 0, 0 
1, 73202, 709866330, 0.00, 100.00, 0.00, 2.25, 0, 0 
2, 73202, 709893964, 0.00, 100.00, 0.00, 2.25, 0, 0 
3, 73202, 709923531, 0.00, 100.00, 0.00, 2.25, 0, 0 
4, 73202, 709948021, 0.00, 100.00, 0.00, 2.25, 0, 0 
5, 73202, 709973721, 0.00, 100.00, 0.00, 2.25, 0, 0 
6, 73202, 709999502, 0.00, 100.00, 0.00, 2.25, 0, 0 
7, 73202, 710025223, 0.00, 100.00, 0.00, 2.25, 0, 0 
8, 73202, 710050687, 0.00, 100.00, 0.00, 2.25, 0, 0 
9, 73202, 710076444, 0.00, 100.00, 0.00, 2.25, 0, 0 
0, 73202, 710110819, 0.00, 100.00, 0.00, 2.25, 0, 0 
1, 73202, 710145601, 0.00, 100.00, 0.00, 2.25, 0, 0 
2, 73202, 710174298, 0.00, 100.00, 0.00, 2.25, 0, 0 
3, 73202, 710202828, 0.00, 100.00, 0.00, 2.25, 0, 0 
4, 73202, 710228982, 0.00, 100.00, 0.00, 2.25, 0, 0 
5, 73202, 710254794, 0.00, 100.00, 0.00, 2.25, 0, 0 
6, 73202, 710280586, 0.00, 100.00, 0.00, 2.25, 0, 0 
7, 73202, 710306297, 0.00, 100.00, 0.00, 2.25, 0, 0 
8, 73202, 710331995, 0.00, 100.00, 0.00, 2.25, 0, 0 
9, 73202, 710357447, 0.00, 100.00, 0.00, 2.25, 0, 0 
0, 73202, 710391505, 0.00, 100.00, 0.00, 2.25, 0, 0 
1, 73202, 710425720, 0.00, 100.00, 0.00, 2.25, 0, 0 
2, 73202, 710452801, 0.00, 100.00, 0.00, 2.25, 0, 0 
3, 73202, 710482396, 0.00, 100.00, 0.00, 2.25, 0, 0 
4, 73202, 710506867, 0.00, 100.00, 0.00, 2.25, 0, 0 
5, 73202, 710532557, 0.00, 100.00, 0.00, 2.25, 0, 0 
6, 73202, 710558361, 0.00, 100.00, 0.00, 2.25, 0, 0 
7, 73202, 710584153, 0.00, 100.00, 0.00, 2.25, 0, 0 
8, 73202, 710609889, 0.00, 100.00, 0.00, 2.25, 0, 0 
9, 73202, 710635589, 0.00, 100.00, 0.00, 2.25, 0, 0 
0, 73202, 710669783, 0.00, 100.00, 0.00, 2.25, 0, 0 
1, 73202, 710704580, 0.00, 100.00, 0.00, 2.25, 0, 0 
2, 73202, 710731950, 0.00, 100.00, 0.00, 2.25, 0, 0 
3, 73202, 710760299, 0.00, 100.00, 0.00, 2.25, 0, 0 
4, 73202, 710786372, 0.00, 100.00, 0.00, 2.25, 0, 0 
5, 73202, 710812029, 0.00, 100.00, 0.00, 2.25, 0, 0 
6, 73202, 710837514, 0.00, 100.00, 0.00, 2.25, 0, 0 
7, 73202, 710862891, 0.00, 100.00, 0.00, 2.25, 0, 0 
8, 73202, 710894059, 0.00, 100.00, 0.00, 2.25, 0, 0 
9, 73202, 710925019, 0.00, 100.00, 0.00, 2.25, 0, 0 
0, 73202, 710955650, 0.00, 100.00, 0.00, 2.25, 0, 0 
1, 73202, 710988084, 0.00, 100.00, 0.00, 2.25, 0, 0 
2, 73202, 711015637, 0.00, 100.00, 0.00, 2.25, 0, 0 
3, 73202, 711045222, 0.00, 100.00, 0.00, 2.25, 0, 0 
4, 73202, 711069649, 0.00, 100.00, 0.00, 2.25, 0, 0 
5, 73202, 711095456, 0.00, 100.00, 0.00, 2.25, 0, 0 
6, 73202, 711121374, 0.00, 100.00, 0.00, 2.25, 0, 0 
7, 73202, 711146917, 0.00, 100.00, 0.00, 2.25, 0, 0 
8, 73202, 711172654, 0.00, 100.00, 0.00, 2.25, 0, 0 
9, 73202, 711197961, 0.00, 100.00, 0.00, 2.25, 0, 0 
0, 73202, 711232198, 0.00, 100.00, 0.00, 2.25, 0, 0 
1, 73202, 711266884, 0.00, 100.00, 0.00, 2.25, 0, 0 
2, 73202, 711293999, 0.00, 100.00, 0.00, 2.25, 0, 0 
3, 73202, 711323524, 0.00, 100.00, 0.00, 2.25, 0, 0 
4, 73202, 711348159, 0.00, 100.00, 0.00, 2.25, 0, 0 
5, 73202, 711373749, 0.00, 100.00, 0.00, 2.25, 0, 0 
6, 73202, 711399675, 0.00, 100.00, 0.00, 2.25, 0, 0 
7, 73202, 711425379, 0.00, 100.00, 0.00, 2.25, 0, 0 
8, 73202, 711451121, 0.00, 100.00, 0.00, 2.25, 0, 0 
9, 73202, 711476763, 0.00, 100.00, 0.00, 2.25, 0, 0 
0, 73202, 711510890, 0.00, 100.00, 0.00, 2.25, 0, 0 
1, 73202, 711545396, 0.00, 100.00, 0.00, 2.25, 0, 0 
2, 73202, 711574525, 0.00, 100.00, 0.00, 2.25, 0, 0 
3, 73202, 711602696, 0.00, 100.00, 0.00, 2.25, 0, 0 
4, 73202, 711628743, 0.00, 100.00, 0.00, 2.25, 0, 0 
5, 73202, 711654519, 0.00, 100.00, 0.00, 2.25, 0, 0 
6, 73202, 711680249, 0.00, 100.00, 0.00, 2.25, 0, 0 
7, 73202, 711706003, 0.00, 100.00, 0.00, 2.25, 0, 0 
8, 73202, 711731648, 0.00, 100.00, 0.00, 2.25, 0, 0 
9, 73202, 711757395, 0.00, 100.00, 0.00, 2.25, 0, 0 
0, 73202, 711791494, 0.00, 100.00, 0.00, 2.25, 0, 0 
1, 73202, 711826187, 0.00, 100.00, 0.00, 2.25, 0, 0 
2, 73202, 711853123, 0.00, 100.00, 0.00, 2.25, 0, 0 
3, 73202, 711882545, 0.00, 100.00, 0.00, 2.25, 0, 0 
4, 73202, 711906842, 0.00, 100.00, 0.00, 2.25, 0, 0 
5, 73202, 711932743, 0.00, 100.00, 0.00, 2.25, 0, 0 
6, 73202, 711958056, 0.00, 100.00, 0.00, 2.25, 0, 0 
7, 73202, 711983884, 0.00, 100.00, 0.00, 2.25, 0, 0 
8, 73202, 712016807, 0.00, 100.00, 0.00, 2.25, 0, 0 
9, 73202, 712048243, 0.00, 100.00, 0.00, 2.25, 0, 0 
0, 73202, 712083268, 0.00, 100.00, 0.00, 2.25, 0, 0 
1, 73202, 712118306, 0.00, 100.00, 0.00, 2.25, 0, 0 
2, 73202, 712147321, 0.00, 100.00, 0.00, 2.25, 0, 0 
3, 73202, 712175678, 0.00, 100.00, 0.00, 2.25, 0, 0 
4, 73202, 712201870, 0.00, 100.00, 0.00, 2.25, 0, 0 
5, 73202, 712227771, 0.00, 100.00, 0.00, 2.25, 0, 0 
6, 73202, 712253704, 0.00, 100.00, 0.00, 2.25, 0, 0 
7, 73202, 712279515, 0.00, 100.00, 0.00, 2.25, 0, 0 
8, 73202, 712305324, 0.00, 100.00, 0.00, 2.25, 0, 0 
9, 73202, 712331314, 0.00, 100.00, 0.00, 2.25, 0, 0 
0, 73202, 712365691, 0.00, 100.00, 0.00, 2.25, 0, 0 
1, 73202, 712400483, 0.00, 100.00, 0.00, 2.25, 0, 0 
2, 73202, 712427634, 0.00, 100.00, 0.00, 2.25, 0, 0 
3, 73202, 712457075, 0.00, 100.00, 0.00, 2.25, 0, 0 
4, 73202, 712481564, 0.00, 100.00, 0.00, 2.25, 0, 0 
5, 73202, 712507321, 0.00, 100.00, 0.00, 2.25, 0, 0 
6, 73202, 712533171, 0.00, 100.00, 0.00, 2.25, 0, 0 
7, 73202, 712558685, 0.00, 100.00, 0.00, 2.25, 0, 0 
8, 73202, 712584374, 0.00, 100.00, 0.00, 2.25, 0, 0 
9, 73202, 712610017, 0.00, 100.00, 0.00, 2.25, 0, 0 
0, 73202, 712644141, 0.00, 100.00, 0.00, 2.25, 0, 0 
1, 73202, 712678613, 0.00, 100.00, 0.00, 2.25, 0, 0 
2, 73202, 712705645, 0.00, 100.00, 0.00, 2.25, 0, 0 
3, 73202, 712734166, 0.00, 100.00, 0.00, 2.25, 0, 0 
4, 73202, 712760529, 0.00, 100.00, 0.00, 2.25, 0, 0 
5, 73202, 712786192, 0.00, 100.00, 0.00, 2.25, 0, 0 
6, 73202, 712812037, 0.00, 100.00, 0.00, 2.25, 0, 0 
7, 73202, 712837783, 0.00, 100.00, 0.00, 2.25, 0, 0 
8, 73202, 712863444, 0.00, 100.00, 0.00, 2.25, 0, 0 
9, 73202, 712889408, 0.00, 100.00, 0.00, 2.25, 0, 0 
0, 73202, 712925523, 0.00, 100.00, 0.00, 2.25, 0, 0 
1, 73202, 712959973, 0.00, 100.00, 0.00, 2.25, 0, 0 
2, 73202, 712988688, 0.00, 100.00, 0.00, 2.25, 0, 0 
3, 73202, 713019066, 0.00, 100.00, 0.00, 2.25, 0, 0 
4, 73202, 713045175, 0.00, 100.00, 0.00, 2.25, 0, 0 
5, 73202, 713070714, 0.00, 100.00, 0.00, 2.25, 0, 0 
6, 73202, 713100521, 0.00, 100.00, 0.00, 2.25, 0, 0 
7, 73202, 713130491, 0.00, 100.00, 0.00, 2.25, 0, 0 
8, 73202, 713156709, 0.00, 100.00, 0.00, 2.25, 0, 0 
9, 73202, 713182529, 0.00, 100.00, 0.00, 2.25, 0, 0 
0, 73202, 713217799, 0.00, 100.00, 0.00, 2.25, 0, 0 
1, 73202, 713252545, 0.00, 100.00, 0.00, 2.25, 0, 0 
2, 73202, 713287016, 0.00, 100.00, 0.00, 2.25, 0, 0 
3, 73202, 713318677, 0.00, 100.00, 0.00, 2.25, 0, 0 
4, 73202, 713341660, 0.00, 100.00, 0.00, 2.25, 0, 0 
5, 73202, 713364257, 0.00, 100.00, 0.00, 2.25, 0, 0 
6, 73202, 713386914, 0.00, 100.00, 0.00, 2.25, 0, 0 
7, 73202, 713408978, 0.00, 100.00, 0.00, 2.25, 0, 0 
8, 73202, 713431048, 0.00, 100.00, 0.00, 2.25, 0, 0 
9, 73202, 713453081, 0.00, 100.00, 0.00, 2.25, 0, 0 
0, 73202, 713484538, 0.00, 100.00, 0.00, 2.25, 0, 0 
1, 73202, 713516696, 0.00, 100.00, 0.00, 2.25, 0, 0 
2, 73202, 713543736, 0.00, 100.00, 0.00, 2.25, 0, 0 
3, 73202, 713569390, 0.00, 100.00, 0.00, 2.25, 0, 0 
4, 73202, 713591496, 0.00, 100.00, 0.00, 2.25, 0, 0 
5, 73202, 713613216, 0.00, 100.00, 0.00, 2.25, 0, 0 
6, 73202, 713635101, 0.00, 100.00, 0.00, 2.25, 0, 0 
7, 73202, 713656961, 0.00, 100.00, 0.00, 2.25, 0, 0 
8, 73202, 713678841, 0.00, 100.00, 0.00, 2.25, 0, 0 
9, 73202, 713700669, 0.00, 100.00, 0.00, 2.25, 0, 0 
0, 73202, 713732390, 0.00, 100.00, 0.00, 2.25, 0, 0 
1, 73202, 713765902, 0.00, 100.00, 0.00, 2.25, 0, 0 
2, 73202, 713805626, 0.00, 100.00, 0.00, 2.25, 0, 0 
3, 73202, 713831372, 0.00, 100.00, 0.00, 2.25, 0, 0 
4, 73202, 713853503, 0.00, 100.00, 0.00, 2.25, 0, 0 
5, 73202, 713875651, 0.00, 100.00, 0.00, 2.25, 0, 0 
6, 73202, 713897356, 0.00, 100.00, 0.00, 2.25, 0, 0 
7, 73202, 713919306, 0.00, 100.00, 0.00, 2.25, 0, 0 
8, 73202, 713941279, 0.00, 100.00, 0.00, 2.25, 0, 0 
9, 73202, 713963292, 0.00, 100.00, 0.00, 2.25, 0, 0 
0, 73202, 713994452, 0.00, 100.00, 0.00, 2.25, 0, 0 
1, 73202, 714026689, 0.00, 100.00, 0.00, 2.25, 0, 0 
2, 73202, 714053847, 0.00, 100.00, 0.00, 2.25, 0, 0 
3, 73202, 714144833, 0.00, 100.00, 0.00, 2.25, 0, 0 
4, 73202, 714168650, 0.00, 100.00, 0.00, 2.25, 0, 0 
5, 73202, 714192253, 0.00, 100.00, 0.00, 2.25, 0, 0 
6, 73202, 714216543, 0.00, 100.00, 0.00, 2.25, 0, 0 
7, 73202, 714243087, 0.00, 100.00, 0.00, 2.25, 0, 0 
8, 73202, 714271025, 0.00, 100.00, 0.00, 2.25, 0, 0 
9, 73202, 714298997, 0.00, 100.00, 0.00, 2.25, 0, 0 
