Wed Nov 28 13:11:59 2018
StepTime, x, v, f, xdes, vdes, fdes, cmd, IR, LSB, LSF
0, 73060, 24909222, 0.00, 100.00, 0.00, 2.25, 0, 0 
1, 73060, 101292127, 0.00, 100.00, 0.00, 2.25, 0, 0 
2, 73060, 406924212, 0.00, 100.00, 0.00, 2.25, 0, 0 
3, 73060, 407121661, 0.00, 100.00, 0.00, 2.25, 0, 0 
4, 73060, 407215733, 0.00, 100.00, 0.00, 2.25, 0, 0 
5, 73060, 407299375, 0.00, 100.00, 0.00, 2.25, 0, 0 
6, 73060, 407377362, 0.00, 100.00, 0.00, 2.25, 0, 0 
7, 73060, 407455842, 0.00, 100.00, 0.00, 2.25, 0, 0 
8, 73060, 407532347, 0.00, 100.00, 0.00, 2.25, 0, 0 
9, 73060, 407611414, 0.00, 100.00, 0.00, 2.25, 0, 0 
0, 73060, 407758889, 0.00, 100.00, 0.00, 2.25, 0, 0 
1, 73060, 407879661, 0.00, 100.00, 0.00, 2.25, 0, 0 
2, 73060, 407985831, 0.00, 100.00, 0.00, 2.25, 0, 0 
3, 73060, 408142617, 0.00, 100.00, 0.00, 2.25, 0, 0 
4, 73060, 408247893, 0.00, 100.00, 0.00, 2.25, 0, 0 
5, 73060, 408338219, 0.00, 100.00, 0.00, 2.25, 0, 0 
6, 73060, 408427567, 0.00, 100.00, 0.00, 2.25, 0, 0 
7, 73060, 408507331, 0.00, 100.00, 0.00, 2.25, 0, 0 
8, 73060, 408595078, 0.00, 100.00, 0.00, 2.25, 0, 0 
9, 73060, 408683471, 0.00, 100.00, 0.00, 2.25, 0, 0 
0, 73060, 408848210, 0.00, 100.00, 0.00, 2.25, 0, 0 
1, 73060, 408972737, 0.00, 100.00, 0.00, 2.25, 0, 0 
2, 73060, 409082960, 0.00, 100.00, 0.00, 2.25, 0, 0 
3, 73060, 409179773, 0.00, 100.00, 0.00, 2.25, 0, 0 
4, 73060, 409270697, 0.00, 100.00, 0.00, 2.25, 0, 0 
5, 73060, 409359139, 0.00, 100.00, 0.00, 2.25, 0, 0 
6, 73060, 409447139, 0.00, 100.00, 0.00, 2.25, 0, 0 
7, 73060, 409535396, 0.00, 100.00, 0.00, 2.25, 0, 0 
8, 73060, 409623516, 0.00, 100.00, 0.00, 2.25, 0, 0 
9, 73060, 409711489, 0.00, 100.00, 0.00, 2.25, 0, 0 
0, 73060, 409876451, 0.00, 100.00, 0.00, 2.25, 0, 0 
1, 73060, 410042007, 0.00, 100.00, 0.00, 2.25, 0, 0 
2, 73060, 410156130, 0.00, 100.00, 0.00, 2.25, 0, 0 
3, 73060, 410275262, 0.00, 100.00, 0.00, 2.25, 0, 0 
4, 73060, 410390710, 0.00, 100.00, 0.00, 2.25, 0, 0 
5, 73060, 410482603, 0.00, 100.00, 0.00, 2.25, 0, 0 
6, 73060, 410562266, 0.00, 100.00, 0.00, 2.25, 0, 0 
7, 73060, 410649061, 0.00, 100.00, 0.00, 2.25, 0, 0 
8, 73060, 410728172, 0.00, 100.00, 0.00, 2.25, 0, 0 
9, 73060, 410814911, 0.00, 100.00, 0.00, 2.25, 0, 0 
0, 73060, 410967518, 0.00, 100.00, 0.00, 2.25, 0, 0 
1, 73060, 411073275, 0.00, 100.00, 0.00, 2.25, 0, 0 
2, 73060, 411164846, 0.00, 100.00, 0.00, 2.25, 0, 0 
3, 73060, 411241172, 0.00, 100.00, 0.00, 2.25, 0, 0 
4, 73060, 411339483, 0.00, 100.00, 0.00, 2.25, 0, 0 
5, 73060, 411428154, 0.00, 100.00, 0.00, 2.25, 0, 0 
6, 73060, 411516822, 0.00, 100.00, 0.00, 2.25, 0, 0 
7, 73060, 411604982, 0.00, 100.00, 0.00, 2.25, 0, 0 
8, 73060, 411692697, 0.00, 100.00, 0.00, 2.25, 0, 0 
9, 73060, 411780947, 0.00, 100.00, 0.00, 2.25, 0, 0 
0, 73060, 411937786, 0.00, 100.00, 0.00, 2.25, 0, 0 
1, 73060, 412094293, 0.00, 100.00, 0.00, 2.25, 0, 0 
2, 73060, 412207536, 0.00, 100.00, 0.00, 2.25, 0, 0 
3, 73060, 412301043, 0.00, 100.00, 0.00, 2.25, 0, 0 
4, 73060, 412390559, 0.00, 100.00, 0.00, 2.25, 0, 0 
5, 73060, 412479141, 0.00, 100.00, 0.00, 2.25, 0, 0 
6, 73060, 412566817, 0.00, 100.00, 0.00, 2.25, 0, 0 
7, 73060, 412654603, 0.00, 100.00, 0.00, 2.25, 0, 0 
8, 73060, 412742685, 0.00, 100.00, 0.00, 2.25, 0, 0 
9, 73060, 412830694, 0.00, 100.00, 0.00, 2.25, 0, 0 
0, 73060, 412992692, 0.00, 100.00, 0.00, 2.25, 0, 0 
1, 73060, 413096661, 0.00, 100.00, 0.00, 2.25, 0, 0 
2, 73060, 413197335, 0.00, 100.00, 0.00, 2.25, 0, 0 
3, 73060, 413291750, 0.00, 100.00, 0.00, 2.25, 0, 0 
4, 73060, 413380636, 0.00, 100.00, 0.00, 2.25, 0, 0 
5, 73060, 413468415, 0.00, 100.00, 0.00, 2.25, 0, 0 
6, 73060, 413556761, 0.00, 100.00, 0.00, 2.25, 0, 0 
7, 73060, 413645652, 0.00, 100.00, 0.00, 2.25, 0, 0 
8, 73060, 413734119, 0.00, 100.00, 0.00, 2.25, 0, 0 
9, 73060, 413822587, 0.00, 100.00, 0.00, 2.25, 0, 0 
0, 73060, 413981650, 0.00, 100.00, 0.00, 2.25, 0, 0 
1, 73060, 414085047, 0.00, 100.00, 0.00, 2.25, 0, 0 
2, 73060, 414187540, 0.00, 100.00, 0.00, 2.25, 0, 0 
3, 73060, 414280878, 0.00, 100.00, 0.00, 2.25, 0, 0 
4, 73060, 414369837, 0.00, 100.00, 0.00, 2.25, 0, 0 
5, 73060, 414449775, 0.00, 100.00, 0.00, 2.25, 0, 0 
6, 73060, 414534281, 0.00, 100.00, 0.00, 2.25, 0, 0 
7, 73060, 414613786, 0.00, 100.00, 0.00, 2.25, 0, 0 
8, 73060, 414691817, 0.00, 100.00, 0.00, 2.25, 0, 0 
9, 73060, 414770025, 0.00, 100.00, 0.00, 2.25, 0, 0 
0, 73060, 414940054, 0.00, 100.00, 0.00, 2.25, 0, 0 
1, 73060, 415062784, 0.00, 100.00, 0.00, 2.25, 0, 0 
2, 73060, 415172174, 0.00, 100.00, 0.00, 2.25, 0, 0 
3, 73060, 415268545, 0.00, 100.00, 0.00, 2.25, 0, 0 
4, 73060, 415363875, 0.00, 100.00, 0.00, 2.25, 0, 0 
5, 73060, 415452375, 0.00, 100.00, 0.00, 2.25, 0, 0 
6, 73060, 415540744, 0.00, 100.00, 0.00, 2.25, 0, 0 
7, 73060, 415629433, 0.00, 100.00, 0.00, 2.25, 0, 0 
8, 73060, 415717253, 0.00, 100.00, 0.00, 2.25, 0, 0 
9, 73060, 415805420, 0.00, 100.00, 0.00, 2.25, 0, 0 
0, 73060, 415971752, 0.00, 100.00, 0.00, 2.25, 0, 0 
1, 73060, 416177484, 0.00, 100.00, 0.00, 2.25, 0, 0 
2, 73060, 416287926, 0.00, 100.00, 0.00, 2.25, 0, 0 
3, 73060, 416406637, 0.00, 100.00, 0.00, 2.25, 0, 0 
4, 73060, 416524308, 0.00, 100.00, 0.00, 2.25, 0, 0 
5, 73060, 416617578, 0.00, 100.00, 0.00, 2.25, 0, 0 
6, 73060, 416706119, 0.00, 100.00, 0.00, 2.25, 0, 0 
7, 73060, 416792878, 0.00, 100.00, 0.00, 2.25, 0, 0 
8, 73060, 416879054, 0.00, 100.00, 0.00, 2.25, 0, 0 
9, 73060, 416965567, 0.00, 100.00, 0.00, 2.25, 0, 0 
0, 73060, 417129348, 0.00, 100.00, 0.00, 2.25, 0, 0 
1, 73060, 417295353, 0.00, 100.00, 0.00, 2.25, 0, 0 
2, 73060, 417407426, 0.00, 100.00, 0.00, 2.25, 0, 0 
3, 73060, 417525828, 0.00, 100.00, 0.00, 2.25, 0, 0 
4, 73060, 417625378, 0.00, 100.00, 0.00, 2.25, 0, 0 
5, 73060, 417715697, 0.00, 100.00, 0.00, 2.25, 0, 0 
6, 73060, 417803221, 0.00, 100.00, 0.00, 2.25, 0, 0 
7, 73060, 417889652, 0.00, 100.00, 0.00, 2.25, 0, 0 
8, 73060, 417976625, 0.00, 100.00, 0.00, 2.25, 0, 0 
9, 73060, 418063804, 0.00, 100.00, 0.00, 2.25, 0, 0 
0, 73060, 418224321, 0.00, 100.00, 0.00, 2.25, 0, 0 
1, 73060, 418381056, 0.00, 100.00, 0.00, 2.25, 0, 0 
2, 73060, 418487703, 0.00, 100.00, 0.00, 2.25, 0, 0 
3, 73060, 418607984, 0.00, 100.00, 0.00, 2.25, 0, 0 
4, 73060, 418724875, 0.00, 100.00, 0.00, 2.25, 0, 0 
5, 73060, 418842397, 0.00, 100.00, 0.00, 2.25, 0, 0 
6, 73060, 418960442, 0.00, 100.00, 0.00, 2.25, 0, 0 
7, 73060, 419077994, 0.00, 100.00, 0.00, 2.25, 0, 0 
8, 73060, 419194696, 0.00, 100.00, 0.00, 2.25, 0, 0 
9, 73060, 419309976, 0.00, 100.00, 0.00, 2.25, 0, 0 
0, 73060, 419487261, 0.00, 100.00, 0.00, 2.25, 0, 0 
1, 73060, 419663909, 0.00, 100.00, 0.00, 2.25, 0, 0 
2, 73060, 419771123, 0.00, 100.00, 0.00, 2.25, 0, 0 
3, 73060, 419891571, 0.00, 100.00, 0.00, 2.25, 0, 0 
4, 73060, 420023768, 0.00, 100.00, 0.00, 2.25, 0, 0 
5, 73060, 420159364, 0.00, 100.00, 0.00, 2.25, 0, 0 
6, 73060, 420277920, 0.00, 100.00, 0.00, 2.25, 0, 0 
7, 73060, 420394938, 0.00, 100.00, 0.00, 2.25, 0, 0 
8, 73060, 420510793, 0.00, 100.00, 0.00, 2.25, 0, 0 
9, 73060, 420624898, 0.00, 100.00, 0.00, 2.25, 0, 0 
0, 73060, 420817507, 0.00, 100.00, 0.00, 2.25, 0, 0 
1, 73060, 420987252, 0.00, 100.00, 0.00, 2.25, 0, 0 
2, 73060, 421104505, 0.00, 100.00, 0.00, 2.25, 0, 0 
3, 73060, 421217337, 0.00, 100.00, 0.00, 2.25, 0, 0 
4, 73060, 421332101, 0.00, 100.00, 0.00, 2.25, 0, 0 
5, 73060, 421454281, 0.00, 100.00, 0.00, 2.25, 0, 0 
6, 73060, 421574967, 0.00, 100.00, 0.00, 2.25, 0, 0 
7, 73060, 421689728, 0.00, 100.00, 0.00, 2.25, 0, 0 
8, 73060, 421805888, 0.00, 100.00, 0.00, 2.25, 0, 0 
9, 73060, 421923337, 0.00, 100.00, 0.00, 2.25, 0, 0 
0, 73060, 422136737, 0.00, 100.00, 0.00, 2.25, 0, 0 
1, 73060, 422340735, 0.00, 100.00, 0.00, 2.25, 0, 0 
2, 73060, 422457187, 0.00, 100.00, 0.00, 2.25, 0, 0 
3, 73060, 422569603, 0.00, 100.00, 0.00, 2.25, 0, 0 
4, 73060, 422682270, 0.00, 100.00, 0.00, 2.25, 0, 0 
5, 73060, 422798277, 0.00, 100.00, 0.00, 2.25, 0, 0 
6, 73060, 422905120, 0.00, 100.00, 0.00, 2.25, 0, 0 
7, 73060, 423034745, 0.00, 100.00, 0.00, 2.25, 0, 0 
8, 73060, 423143107, 0.00, 100.00, 0.00, 2.25, 0, 0 
9, 73060, 423252143, 0.00, 100.00, 0.00, 2.25, 0, 0 
0, 73060, 423454424, 0.00, 100.00, 0.00, 2.25, 0, 0 
1, 73060, 423637082, 0.00, 100.00, 0.00, 2.25, 0, 0 
2, 73060, 423751556, 0.00, 100.00, 0.00, 2.25, 0, 0 
3, 73060, 423863960, 0.00, 100.00, 0.00, 2.25, 0, 0 
4, 73060, 423978920, 0.00, 100.00, 0.00, 2.25, 0, 0 
5, 73060, 424121947, 0.00, 100.00, 0.00, 2.25, 0, 0 
6, 73060, 424224620, 0.00, 100.00, 0.00, 2.25, 0, 0 
7, 73060, 424339304, 0.00, 100.00, 0.00, 2.25, 0, 0 
8, 73060, 424451181, 0.00, 100.00, 0.00, 2.25, 0, 0 
9, 73060, 424568467, 0.00, 100.00, 0.00, 2.25, 0, 0 
0, 73060, 424779321, 0.00, 100.00, 0.00, 2.25, 0, 0 
1, 73060, 424962294, 0.00, 100.00, 0.00, 2.25, 0, 0 
2, 73060, 425078995, 0.00, 100.00, 0.00, 2.25, 0, 0 
3, 73060, 425218661, 0.00, 100.00, 0.00, 2.25, 0, 0 
4, 73060, 425305728, 0.00, 100.00, 0.00, 2.25, 0, 0 
5, 73060, 425370259, 0.00, 100.00, 0.00, 2.25, 0, 0 
6, 73060, 425433005, 0.00, 100.00, 0.00, 2.25, 0, 0 
7, 73060, 425495495, 0.00, 100.00, 0.00, 2.25, 0, 0 
8, 73060, 425558466, 0.00, 100.00, 0.00, 2.25, 0, 0 
9, 73060, 425620250, 0.00, 100.00, 0.00, 2.25, 0, 0 
0, 73060, 425753647, 0.00, 100.00, 0.00, 2.25, 0, 0 
1, 73060, 425861974, 0.00, 100.00, 0.00, 2.25, 0, 0 
2, 73060, 425923640, 0.00, 100.00, 0.00, 2.25, 0, 0 
3, 73060, 425998207, 0.00, 100.00, 0.00, 2.25, 0, 0 
4, 73060, 426098525, 0.00, 100.00, 0.00, 2.25, 0, 0 
5, 73060, 426169972, 0.00, 100.00, 0.00, 2.25, 0, 0 
6, 73060, 426233563, 0.00, 100.00, 0.00, 2.25, 0, 0 
7, 73060, 426296292, 0.00, 100.00, 0.00, 2.25, 0, 0 
8, 73060, 426358727, 0.00, 100.00, 0.00, 2.25, 0, 0 
9, 73060, 426420895, 0.00, 100.00, 0.00, 2.25, 0, 0 
0, 73060, 426544363, 0.00, 100.00, 0.00, 2.25, 0, 0 
1, 73060, 426654608, 0.00, 100.00, 0.00, 2.25, 0, 0 
2, 73060, 426708919, 0.00, 100.00, 0.00, 2.25, 0, 0 
3, 73060, 426766703, 0.00, 100.00, 0.00, 2.25, 0, 0 
4, 73060, 426862391, 0.00, 100.00, 0.00, 2.25, 0, 0 
5, 73060, 426956464, 0.00, 100.00, 0.00, 2.25, 0, 0 
6, 73060, 427024842, 0.00, 100.00, 0.00, 2.25, 0, 0 
7, 73060, 427087554, 0.00, 100.00, 0.00, 2.25, 0, 0 
8, 73060, 427150822, 0.00, 100.00, 0.00, 2.25, 0, 0 
9, 73060, 427213625, 0.00, 100.00, 0.00, 2.25, 0, 0 
0, 73060, 427380394, 0.00, 100.00, 0.00, 2.25, 0, 0 
1, 73060, 427592301, 0.00, 100.00, 0.00, 2.25, 0, 0 
2, 73060, 427736513, 0.00, 100.00, 0.00, 2.25, 0, 0 
3, 73060, 427847852, 0.00, 100.00, 0.00, 2.25, 0, 0 
4, 73060, 427946603, 0.00, 100.00, 0.00, 2.25, 0, 0 
5, 73060, 428077157, 0.00, 100.00, 0.00, 2.25, 0, 0 
6, 73060, 428181286, 0.00, 100.00, 0.00, 2.25, 0, 0 
7, 73060, 428275032, 0.00, 100.00, 0.00, 2.25, 0, 0 
8, 73060, 428371447, 0.00, 100.00, 0.00, 2.25, 0, 0 
9, 73060, 428442506, 0.00, 100.00, 0.00, 2.25, 0, 0 
0, 73060, 428580337, 0.00, 100.00, 0.00, 2.25, 0, 0 
1, 73060, 428727082, 0.00, 100.00, 0.00, 2.25, 0, 0 
2, 73060, 428824375, 0.00, 100.00, 0.00, 2.25, 0, 0 
3, 73060, 428920598, 0.00, 100.00, 0.00, 2.25, 0, 0 
4, 73060, 429023370, 0.00, 100.00, 0.00, 2.25, 0, 0 
5, 73060, 429093083, 0.00, 100.00, 0.00, 2.25, 0, 0 
6, 73060, 429159514, 0.00, 100.00, 0.00, 2.25, 0, 0 
7, 73060, 429229814, 0.00, 100.00, 0.00, 2.25, 0, 0 
8, 73060, 429292318, 0.00, 100.00, 0.00, 2.25, 0, 0 
9, 73060, 429354730, 0.00, 100.00, 0.00, 2.25, 0, 0 
0, 73060, 429482848, 0.00, 100.00, 0.00, 2.25, 0, 0 
1, 73060, 429590191, 0.00, 100.00, 0.00, 2.25, 0, 0 
2, 73060, 429652411, 0.00, 100.00, 0.00, 2.25, 0, 0 
3, 73060, 429720964, 0.00, 100.00, 0.00, 2.25, 0, 0 
4, 73060, 429784292, 0.00, 100.00, 0.00, 2.25, 0, 0 
5, 73060, 429846870, 0.00, 100.00, 0.00, 2.25, 0, 0 
6, 73060, 429909479, 0.00, 100.00, 0.00, 2.25, 0, 0 
7, 73060, 429971545, 0.00, 100.00, 0.00, 2.25, 0, 0 
8, 73060, 430034437, 0.00, 100.00, 0.00, 2.25, 0, 0 
9, 73060, 430137368, 0.00, 100.00, 0.00, 2.25, 0, 0 
0, 73060, 430268978, 0.00, 100.00, 0.00, 2.25, 0, 0 
1, 73060, 430375625, 0.00, 100.00, 0.00, 2.25, 0, 0 
2, 73060, 430440417, 0.00, 100.00, 0.00, 2.25, 0, 0 
3, 73060, 430510881, 0.00, 100.00, 0.00, 2.25, 0, 0 
4, 73060, 430585379, 0.00, 100.00, 0.00, 2.25, 0, 0 
5, 73060, 430650036, 0.00, 100.00, 0.00, 2.25, 0, 0 
6, 73060, 430712349, 0.00, 100.00, 0.00, 2.25, 0, 0 
7, 73060, 430774155, 0.00, 100.00, 0.00, 2.25, 0, 0 
8, 73060, 430838248, 0.00, 100.00, 0.00, 2.25, 0, 0 
9, 73060, 430932506, 0.00, 100.00, 0.00, 2.25, 0, 0 
0, 73060, 431091358, 0.00, 100.00, 0.00, 2.25, 0, 0 
1, 73060, 431240572, 0.00, 100.00, 0.00, 2.25, 0, 0 
2, 73060, 431347068, 0.00, 100.00, 0.00, 2.25, 0, 0 
3, 73060, 431442805, 0.00, 100.00, 0.00, 2.25, 0, 0 
4, 73060, 431526019, 0.00, 100.00, 0.00, 2.25, 0, 0 
5, 73060, 431616722, 0.00, 100.00, 0.00, 2.25, 0, 0 
6, 73060, 431714502, 0.00, 100.00, 0.00, 2.25, 0, 0 
7, 73060, 431783703, 0.00, 100.00, 0.00, 2.25, 0, 0 
8, 73060, 431848256, 0.00, 100.00, 0.00, 2.25, 0, 0 
9, 73060, 431911723, 0.00, 100.00, 0.00, 2.25, 0, 0 
0, 73060, 432060317, 0.00, 100.00, 0.00, 2.25, 0, 0 
1, 73060, 432209730, 0.00, 100.00, 0.00, 2.25, 0, 0 
2, 73060, 432276114, 0.00, 100.00, 0.00, 2.25, 0, 0 
3, 73060, 432351763, 0.00, 100.00, 0.00, 2.25, 0, 0 
4, 73060, 432418846, 0.00, 100.00, 0.00, 2.25, 0, 0 
5, 73060, 432481488, 0.00, 100.00, 0.00, 2.25, 0, 0 
6, 73060, 432544229, 0.00, 100.00, 0.00, 2.25, 0, 0 
7, 73060, 432606769, 0.00, 100.00, 0.00, 2.25, 0, 0 
8, 73060, 432669782, 0.00, 100.00, 0.00, 2.25, 0, 0 
9, 73060, 432732078, 0.00, 100.00, 0.00, 2.25, 0, 0 
0, 73060, 432853489, 0.00, 100.00, 0.00, 2.25, 0, 0 
1, 73060, 432959479, 0.00, 100.00, 0.00, 2.25, 0, 0 
2, 73060, 433034924, 0.00, 100.00, 0.00, 2.25, 0, 0 
3, 73060, 433100218, 0.00, 100.00, 0.00, 2.25, 0, 0 
4, 73060, 433191051, 0.00, 100.00, 0.00, 2.25, 0, 0 
5, 73060, 433274370, 0.00, 100.00, 0.00, 2.25, 0, 0 
6, 73060, 433339302, 0.00, 100.00, 0.00, 2.25, 0, 0 
7, 73060, 433401818, 0.00, 100.00, 0.00, 2.25, 0, 0 
8, 73060, 433464656, 0.00, 100.00, 0.00, 2.25, 0, 0 
9, 73060, 433537564, 0.00, 100.00, 0.00, 2.25, 0, 0 
0, 73060, 433684698, 0.00, 100.00, 0.00, 2.25, 0, 0 
1, 73060, 433792381, 0.00, 100.00, 0.00, 2.25, 0, 0 
2, 73060, 433853661, 0.00, 100.00, 0.00, 2.25, 0, 0 
3, 73060, 433930593, 0.00, 100.00, 0.00, 2.25, 0, 0 
4, 73060, 433995160, 0.00, 100.00, 0.00, 2.25, 0, 0 
5, 73060, 434058238, 0.00, 100.00, 0.00, 2.25, 0, 0 
6, 73060, 434120712, 0.00, 100.00, 0.00, 2.25, 0, 0 
7, 73060, 434183324, 0.00, 100.00, 0.00, 2.25, 0, 0 
8, 73060, 434245943, 0.00, 100.00, 0.00, 2.25, 0, 0 
9, 73060, 434329245, 0.00, 100.00, 0.00, 2.25, 0, 0 
0, 73060, 434453328, 0.00, 100.00, 0.00, 2.25, 0, 0 
1, 73060, 434556152, 0.00, 100.00, 0.00, 2.25, 0, 0 
2, 73060, 434622513, 0.00, 100.00, 0.00, 2.25, 0, 0 
3, 73060, 434705797, 0.00, 100.00, 0.00, 2.25, 0, 0 
4, 73060, 434772573, 0.00, 100.00, 0.00, 2.25, 0, 0 
5, 73060, 434835216, 0.00, 100.00, 0.00, 2.25, 0, 0 
6, 73060, 434897589, 0.00, 100.00, 0.00, 2.25, 0, 0 
7, 73060, 434960453, 0.00, 100.00, 0.00, 2.25, 0, 0 
8, 73060, 435022589, 0.00, 100.00, 0.00, 2.25, 0, 0 
9, 73060, 435084640, 0.00, 100.00, 0.00, 2.25, 0, 0 
0, 73060, 435206756, 0.00, 100.00, 0.00, 2.25, 0, 0 
1, 73060, 435308960, 0.00, 100.00, 0.00, 2.25, 0, 0 
2, 73060, 435371604, 0.00, 100.00, 0.00, 2.25, 0, 0 
3, 73060, 435445813, 0.00, 100.00, 0.00, 2.25, 0, 0 
4, 73060, 435513155, 0.00, 100.00, 0.00, 2.25, 0, 0 
5, 73060, 435576297, 0.00, 100.00, 0.00, 2.25, 0, 0 
6, 73060, 435639479, 0.00, 100.00, 0.00, 2.25, 0, 0 
7, 73060, 435701457, 0.00, 100.00, 0.00, 2.25, 0, 0 
8, 73060, 435763806, 0.00, 100.00, 0.00, 2.25, 0, 0 
9, 73060, 435825870, 0.00, 100.00, 0.00, 2.25, 0, 0 
0, 73060, 435947519, 0.00, 100.00, 0.00, 2.25, 0, 0 
1, 73060, 436089451, 0.00, 100.00, 0.00, 2.25, 0, 0 
2, 73060, 436161201, 0.00, 100.00, 0.00, 2.25, 0, 0 
3, 73060, 436222701, 0.00, 100.00, 0.00, 2.25, 0, 0 
4, 73060, 436286460, 0.00, 100.00, 0.00, 2.25, 0, 0 
5, 73060, 436349424, 0.00, 100.00, 0.00, 2.25, 0, 0 
6, 73060, 436411082, 0.00, 100.00, 0.00, 2.25, 0, 0 
7, 73060, 436473714, 0.00, 100.00, 0.00, 2.25, 0, 0 
8, 73060, 436535993, 0.00, 100.00, 0.00, 2.25, 0, 0 
9, 73060, 436598151, 0.00, 100.00, 0.00, 2.25, 0, 0 
0, 73060, 436717624, 0.00, 100.00, 0.00, 2.25, 0, 0 
1, 73060, 436822239, 0.00, 100.00, 0.00, 2.25, 0, 0 
2, 73060, 436883134, 0.00, 100.00, 0.00, 2.25, 0, 0 
3, 73060, 436958547, 0.00, 100.00, 0.00, 2.25, 0, 0 
4, 73060, 437025256, 0.00, 100.00, 0.00, 2.25, 0, 0 
5, 73060, 437088245, 0.00, 100.00, 0.00, 2.25, 0, 0 
6, 73060, 437150526, 0.00, 100.00, 0.00, 2.25, 0, 0 
7, 73060, 437213142, 0.00, 100.00, 0.00, 2.25, 0, 0 
8, 73060, 437295723, 0.00, 100.00, 0.00, 2.25, 0, 0 
9, 73060, 437385027, 0.00, 100.00, 0.00, 2.25, 0, 0 
0, 73060, 437537040, 0.00, 100.00, 0.00, 2.25, 0, 0 
1, 73060, 437697514, 0.00, 100.00, 0.00, 2.25, 0, 0 
2, 73060, 437796846, 0.00, 100.00, 0.00, 2.25, 0, 0 
3, 73060, 437902145, 0.00, 100.00, 0.00, 2.25, 0, 0 
4, 73060, 438009068, 0.00, 100.00, 0.00, 2.25, 0, 0 
5, 73060, 438114002, 0.00, 100.00, 0.00, 2.25, 0, 0 
6, 73060, 438221375, 0.00, 100.00, 0.00, 2.25, 0, 0 
7, 73060, 438329725, 0.00, 100.00, 0.00, 2.25, 0, 0 
8, 73060, 438433620, 0.00, 100.00, 0.00, 2.25, 0, 0 
9, 73060, 438529683, 0.00, 100.00, 0.00, 2.25, 0, 0 
0, 73060, 438721558, 0.00, 100.00, 0.00, 2.25, 0, 0 
1, 73060, 438873625, 0.00, 100.00, 0.00, 2.25, 0, 0 
2, 73060, 438936879, 0.00, 100.00, 0.00, 2.25, 0, 0 
3, 73060, 439019360, 0.00, 100.00, 0.00, 2.25, 0, 0 
4, 73060, 439122519, 0.00, 100.00, 0.00, 2.25, 0, 0 
5, 73060, 439221897, 0.00, 100.00, 0.00, 2.25, 0, 0 
6, 73060, 439307889, 0.00, 100.00, 0.00, 2.25, 0, 0 
7, 73060, 439392192, 0.00, 100.00, 0.00, 2.25, 0, 0 
8, 73060, 439455355, 0.00, 100.00, 0.00, 2.25, 0, 0 
9, 73060, 439517662, 0.00, 100.00, 0.00, 2.25, 0, 0 
0, 73060, 439652771, 0.00, 100.00, 0.00, 2.25, 0, 0 
1, 73060, 439796105, 0.00, 100.00, 0.00, 2.25, 0, 0 
2, 73060, 439893693, 0.00, 100.00, 0.00, 2.25, 0, 0 
3, 73060, 439959647, 0.00, 100.00, 0.00, 2.25, 0, 0 
4, 73060, 440053014, 0.00, 100.00, 0.00, 2.25, 0, 0 
5, 73060, 440145718, 0.00, 100.00, 0.00, 2.25, 0, 0 
6, 73060, 440210631, 0.00, 100.00, 0.00, 2.25, 0, 0 
7, 73060, 440274423, 0.00, 100.00, 0.00, 2.25, 0, 0 
8, 73060, 440336703, 0.00, 100.00, 0.00, 2.25, 0, 0 
9, 73060, 440399328, 0.00, 100.00, 0.00, 2.25, 0, 0 
0, 73060, 440527000, 0.00, 100.00, 0.00, 2.25, 0, 0 
1, 73060, 440635703, 0.00, 100.00, 0.00, 2.25, 0, 0 
2, 73060, 440687739, 0.00, 100.00, 0.00, 2.25, 0, 0 
3, 73060, 440748125, 0.00, 100.00, 0.00, 2.25, 0, 0 
4, 73060, 440844328, 0.00, 100.00, 0.00, 2.25, 0, 0 
5, 73060, 440935837, 0.00, 100.00, 0.00, 2.25, 0, 0 
6, 73060, 441002799, 0.00, 100.00, 0.00, 2.25, 0, 0 
7, 73060, 441069129, 0.00, 100.00, 0.00, 2.25, 0, 0 
8, 73060, 441150240, 0.00, 100.00, 0.00, 2.25, 0, 0 
9, 73060, 441214133, 0.00, 100.00, 0.00, 2.25, 0, 0 
0, 73060, 441343402, 0.00, 100.00, 0.00, 2.25, 0, 0 
1, 73060, 441452806, 0.00, 100.00, 0.00, 2.25, 0, 0 
2, 73060, 441521490, 0.00, 100.00, 0.00, 2.25, 0, 0 
3, 73060, 441586055, 0.00, 100.00, 0.00, 2.25, 0, 0 
4, 73060, 441649000, 0.00, 100.00, 0.00, 2.25, 0, 0 
5, 73060, 441710962, 0.00, 100.00, 0.00, 2.25, 0, 0 
6, 73060, 441772763, 0.00, 100.00, 0.00, 2.25, 0, 0 
7, 73060, 441835068, 0.00, 100.00, 0.00, 2.25, 0, 0 
8, 73060, 441897587, 0.00, 100.00, 0.00, 2.25, 0, 0 
9, 73060, 441959874, 0.00, 100.00, 0.00, 2.25, 0, 0 
0, 73060, 442084517, 0.00, 100.00, 0.00, 2.25, 0, 0 
1, 73060, 442191495, 0.00, 100.00, 0.00, 2.25, 0, 0 
2, 73060, 442225500, 0.00, 100.00, 0.00, 2.25, 0, 0 
3, 73060, 442266529, 0.00, 100.00, 0.00, 2.25, 0, 0 
4, 73060, 442331397, 0.00, 100.00, 0.00, 2.25, 0, 0 
5, 73060, 442392250, 0.00, 100.00, 0.00, 2.25, 0, 0 
6, 73060, 442436394, 0.00, 100.00, 0.00, 2.25, 0, 0 
7, 73060, 442477854, 0.00, 100.00, 0.00, 2.25, 0, 0 
8, 73060, 442519439, 0.00, 100.00, 0.00, 2.25, 0, 0 
9, 73060, 442561249, 0.00, 100.00, 0.00, 2.25, 0, 0 
0, 73060, 442644312, 0.00, 100.00, 0.00, 2.25, 0, 0 
1, 73060, 442715690, 0.00, 100.00, 0.00, 2.25, 0, 0 
2, 73060, 442761295, 0.00, 100.00, 0.00, 2.25, 0, 0 
3, 73060, 442803981, 0.00, 100.00, 0.00, 2.25, 0, 0 
4, 73060, 442846017, 0.00, 100.00, 0.00, 2.25, 0, 0 
5, 73060, 442887292, 0.00, 100.00, 0.00, 2.25, 0, 0 
6, 73060, 442928491, 0.00, 100.00, 0.00, 2.25, 0, 0 
7, 73060, 442970052, 0.00, 100.00, 0.00, 2.25, 0, 0 
8, 73060, 443011025, 0.00, 100.00, 0.00, 2.25, 0, 0 
9, 73060, 443052235, 0.00, 100.00, 0.00, 2.25, 0, 0 
0, 73060, 443134513, 0.00, 100.00, 0.00, 2.25, 0, 0 
1, 73060, 443207757, 0.00, 100.00, 0.00, 2.25, 0, 0 
2, 73060, 443241662, 0.00, 100.00, 0.00, 2.25, 0, 0 
3, 73060, 443284542, 0.00, 100.00, 0.00, 2.25, 0, 0 
4, 73060, 443334652, 0.00, 100.00, 0.00, 2.25, 0, 0 
5, 73060, 443376699, 0.00, 100.00, 0.00, 2.25, 0, 0 
6, 73060, 443413400, 0.00, 100.00, 0.00, 2.25, 0, 0 
7, 73060, 443449920, 0.00, 100.00, 0.00, 2.25, 0, 0 
8, 73060, 443486945, 0.00, 100.00, 0.00, 2.25, 0, 0 
9, 73060, 443527735, 0.00, 100.00, 0.00, 2.25, 0, 0 
0, 73060, 443633565, 0.00, 100.00, 0.00, 2.25, 0, 0 
1, 73060, 443700953, 0.00, 100.00, 0.00, 2.25, 0, 0 
2, 73060, 443744682, 0.00, 100.00, 0.00, 2.25, 0, 0 
3, 73060, 443793227, 0.00, 100.00, 0.00, 2.25, 0, 0 
4, 73060, 443842280, 0.00, 100.00, 0.00, 2.25, 0, 0 
5, 73060, 443883927, 0.00, 100.00, 0.00, 2.25, 0, 0 
6, 73060, 443925152, 0.00, 100.00, 0.00, 2.25, 0, 0 
7, 73060, 443966565, 0.00, 100.00, 0.00, 2.25, 0, 0 
8, 73060, 444020770, 0.00, 100.00, 0.00, 2.25, 0, 0 
9, 73060, 444083979, 0.00, 100.00, 0.00, 2.25, 0, 0 
0, 73060, 444170342, 0.00, 100.00, 0.00, 2.25, 0, 0 
1, 73060, 444239532, 0.00, 100.00, 0.00, 2.25, 0, 0 
2, 73060, 444285174, 0.00, 100.00, 0.00, 2.25, 0, 0 
3, 73060, 444339735, 0.00, 100.00, 0.00, 2.25, 0, 0 
4, 73060, 444383739, 0.00, 100.00, 0.00, 2.25, 0, 0 
5, 73060, 444425382, 0.00, 100.00, 0.00, 2.25, 0, 0 
6, 73060, 444466693, 0.00, 100.00, 0.00, 2.25, 0, 0 
7, 73060, 444508050, 0.00, 100.00, 0.00, 2.25, 0, 0 
8, 73060, 444549387, 0.00, 100.00, 0.00, 2.25, 0, 0 
9, 73060, 444590419, 0.00, 100.00, 0.00, 2.25, 0, 0 
0, 73060, 444671912, 0.00, 100.00, 0.00, 2.25, 0, 0 
1, 73060, 444741318, 0.00, 100.00, 0.00, 2.25, 0, 0 
2, 73060, 444794487, 0.00, 100.00, 0.00, 2.25, 0, 0 
3, 73060, 444848262, 0.00, 100.00, 0.00, 2.25, 0, 0 
4, 73060, 444890955, 0.00, 100.00, 0.00, 2.25, 0, 0 
5, 73060, 444932805, 0.00, 100.00, 0.00, 2.25, 0, 0 
6, 73060, 444974042, 0.00, 100.00, 0.00, 2.25, 0, 0 
7, 73060, 445015027, 0.00, 100.00, 0.00, 2.25, 0, 0 
8, 73060, 445056387, 0.00, 100.00, 0.00, 2.25, 0, 0 
9, 73060, 445097433, 0.00, 100.00, 0.00, 2.25, 0, 0 
0, 73060, 445177545, 0.00, 100.00, 0.00, 2.25, 0, 0 
1, 73060, 445245461, 0.00, 100.00, 0.00, 2.25, 0, 0 
2, 73060, 445297499, 0.00, 100.00, 0.00, 2.25, 0, 0 
3, 73060, 445351080, 0.00, 100.00, 0.00, 2.25, 0, 0 
4, 73060, 445393977, 0.00, 100.00, 0.00, 2.25, 0, 0 
5, 73060, 445435596, 0.00, 100.00, 0.00, 2.25, 0, 0 
6, 73060, 445476695, 0.00, 100.00, 0.00, 2.25, 0, 0 
7, 73060, 445518108, 0.00, 100.00, 0.00, 2.25, 0, 0 
8, 73060, 445559604, 0.00, 100.00, 0.00, 2.25, 0, 0 
9, 73060, 445600753, 0.00, 100.00, 0.00, 2.25, 0, 0 
0, 73060, 445679898, 0.00, 100.00, 0.00, 2.25, 0, 0 
1, 73060, 445747945, 0.00, 100.00, 0.00, 2.25, 0, 0 
2, 73060, 445800544, 0.00, 100.00, 0.00, 2.25, 0, 0 
3, 73060, 445854239, 0.00, 100.00, 0.00, 2.25, 0, 0 
4, 73060, 445896727, 0.00, 100.00, 0.00, 2.25, 0, 0 
5, 73060, 445938337, 0.00, 100.00, 0.00, 2.25, 0, 0 
6, 73060, 445979608, 0.00, 100.00, 0.00, 2.25, 0, 0 
7, 73060, 446020822, 0.00, 100.00, 0.00, 2.25, 0, 0 
8, 73060, 446062439, 0.00, 100.00, 0.00, 2.25, 0, 0 
9, 73060, 446103600, 0.00, 100.00, 0.00, 2.25, 0, 0 
0, 73060, 446182512, 0.00, 100.00, 0.00, 2.25, 0, 0 
1, 73060, 446250745, 0.00, 100.00, 0.00, 2.25, 0, 0 
2, 73060, 446302881, 0.00, 100.00, 0.00, 2.25, 0, 0 
3, 73060, 446356215, 0.00, 100.00, 0.00, 2.25, 0, 0 
4, 73060, 446399227, 0.00, 100.00, 0.00, 2.25, 0, 0 
5, 73060, 446441067, 0.00, 100.00, 0.00, 2.25, 0, 0 
6, 73060, 446482495, 0.00, 100.00, 0.00, 2.25, 0, 0 
7, 73060, 446523780, 0.00, 100.00, 0.00, 2.25, 0, 0 
8, 73060, 446564935, 0.00, 100.00, 0.00, 2.25, 0, 0 
9, 73060, 446606455, 0.00, 100.00, 0.00, 2.25, 0, 0 
0, 73060, 446685664, 0.00, 100.00, 0.00, 2.25, 0, 0 
1, 73060, 446766682, 0.00, 100.00, 0.00, 2.25, 0, 0 
2, 73060, 446818145, 0.00, 100.00, 0.00, 2.25, 0, 0 
3, 73060, 446874719, 0.00, 100.00, 0.00, 2.25, 0, 0 
4, 73060, 446918550, 0.00, 100.00, 0.00, 2.25, 0, 0 
5, 73060, 446960164, 0.00, 100.00, 0.00, 2.25, 0, 0 
6, 73060, 447001574, 0.00, 100.00, 0.00, 2.25, 0, 0 
7, 73060, 447042973, 0.00, 100.00, 0.00, 2.25, 0, 0 
8, 73060, 447084219, 0.00, 100.00, 0.00, 2.25, 0, 0 
9, 73060, 447133124, 0.00, 100.00, 0.00, 2.25, 0, 0 
0, 73060, 447192261, 0.00, 100.00, 0.00, 2.25, 0, 0 
1, 73060, 447242981, 0.00, 100.00, 0.00, 2.25, 0, 0 
2, 73060, 447282023, 0.00, 100.00, 0.00, 2.25, 0, 0 
3, 73060, 447322574, 0.00, 100.00, 0.00, 2.25, 0, 0 
4, 73060, 447351173, 0.00, 100.00, 0.00, 2.25, 0, 0 
5, 73060, 447378909, 0.00, 100.00, 0.00, 2.25, 0, 0 
6, 73060, 447406440, 0.00, 100.00, 0.00, 2.25, 0, 0 
7, 73060, 447453517, 0.00, 100.00, 0.00, 2.25, 0, 0 
8, 73060, 447494652, 0.00, 100.00, 0.00, 2.25, 0, 0 
9, 73060, 447526694, 0.00, 100.00, 0.00, 2.25, 0, 0 
0, 73060, 447586405, 0.00, 100.00, 0.00, 2.25, 0, 0 
1, 73060, 447639128, 0.00, 100.00, 0.00, 2.25, 0, 0 
2, 73060, 447678146, 0.00, 100.00, 0.00, 2.25, 0, 0 
3, 73060, 447720105, 0.00, 100.00, 0.00, 2.25, 0, 0 
4, 73060, 447753309, 0.00, 100.00, 0.00, 2.25, 0, 0 
5, 73060, 447784126, 0.00, 100.00, 0.00, 2.25, 0, 0 
6, 73060, 447815398, 0.00, 100.00, 0.00, 2.25, 0, 0 
7, 73060, 447846391, 0.00, 100.00, 0.00, 2.25, 0, 0 
8, 73060, 447877411, 0.00, 100.00, 0.00, 2.25, 0, 0 
9, 73060, 447908194, 0.00, 100.00, 0.00, 2.25, 0, 0 
0, 73060, 447967292, 0.00, 100.00, 0.00, 2.25, 0, 0 
1, 73060, 448024515, 0.00, 100.00, 0.00, 2.25, 0, 0 
2, 73060, 448064227, 0.00, 100.00, 0.00, 2.25, 0, 0 
3, 73060, 448104670, 0.00, 100.00, 0.00, 2.25, 0, 0 
4, 73060, 448136580, 0.00, 100.00, 0.00, 2.25, 0, 0 
5, 73060, 448167982, 0.00, 100.00, 0.00, 2.25, 0, 0 
6, 73060, 448199142, 0.00, 100.00, 0.00, 2.25, 0, 0 
7, 73060, 448229837, 0.00, 100.00, 0.00, 2.25, 0, 0 
8, 73060, 448260650, 0.00, 100.00, 0.00, 2.25, 0, 0 
9, 73060, 448291898, 0.00, 100.00, 0.00, 2.25, 0, 0 
0, 73060, 448351157, 0.00, 100.00, 0.00, 2.25, 0, 0 
1, 73060, 448401844, 0.00, 100.00, 0.00, 2.25, 0, 0 
2, 73060, 448440926, 0.00, 100.00, 0.00, 2.25, 0, 0 
3, 73060, 448481204, 0.00, 100.00, 0.00, 2.25, 0, 0 
4, 73060, 448513370, 0.00, 100.00, 0.00, 2.25, 0, 0 
5, 73060, 448544552, 0.00, 100.00, 0.00, 2.25, 0, 0 
6, 73060, 448575587, 0.00, 100.00, 0.00, 2.25, 0, 0 
7, 73060, 448606460, 0.00, 100.00, 0.00, 2.25, 0, 0 
8, 73060, 448637574, 0.00, 100.00, 0.00, 2.25, 0, 0 
9, 73060, 448668474, 0.00, 100.00, 0.00, 2.25, 0, 0 
0, 73060, 448727650, 0.00, 100.00, 0.00, 2.25, 0, 0 
1, 73060, 448778143, 0.00, 100.00, 0.00, 2.25, 0, 0 
2, 73060, 448816852, 0.00, 100.00, 0.00, 2.25, 0, 0 
3, 73060, 448857579, 0.00, 100.00, 0.00, 2.25, 0, 0 
4, 73060, 448888879, 0.00, 100.00, 0.00, 2.25, 0, 0 
5, 73060, 448919933, 0.00, 100.00, 0.00, 2.25, 0, 0 
6, 73060, 448950874, 0.00, 100.00, 0.00, 2.25, 0, 0 
7, 73060, 448982199, 0.00, 100.00, 0.00, 2.25, 0, 0 
8, 73060, 449013022, 0.00, 100.00, 0.00, 2.25, 0, 0 
9, 73060, 449043890, 0.00, 100.00, 0.00, 2.25, 0, 0 
0, 73060, 449103108, 0.00, 100.00, 0.00, 2.25, 0, 0 
1, 73060, 449155360, 0.00, 100.00, 0.00, 2.25, 0, 0 
2, 73060, 449194934, 0.00, 100.00, 0.00, 2.25, 0, 0 
3, 73060, 449235581, 0.00, 100.00, 0.00, 2.25, 0, 0 
4, 73060, 449267372, 0.00, 100.00, 0.00, 2.25, 0, 0 
5, 73060, 449298342, 0.00, 100.00, 0.00, 2.25, 0, 0 
6, 73060, 449329352, 0.00, 100.00, 0.00, 2.25, 0, 0 
7, 73060, 449360117, 0.00, 100.00, 0.00, 2.25, 0, 0 
8, 73060, 449390694, 0.00, 100.00, 0.00, 2.25, 0, 0 
9, 73060, 449421488, 0.00, 100.00, 0.00, 2.25, 0, 0 
0, 73060, 449480292, 0.00, 100.00, 0.00, 2.25, 0, 0 
1, 73060, 449532468, 0.00, 100.00, 0.00, 2.25, 0, 0 
2, 73060, 449571701, 0.00, 100.00, 0.00, 2.25, 0, 0 
3, 73060, 449611778, 0.00, 100.00, 0.00, 2.25, 0, 0 
4, 73060, 449643870, 0.00, 100.00, 0.00, 2.25, 0, 0 
5, 73060, 449674721, 0.00, 100.00, 0.00, 2.25, 0, 0 
6, 73060, 449705201, 0.00, 100.00, 0.00, 2.25, 0, 0 
7, 73060, 449736173, 0.00, 100.00, 0.00, 2.25, 0, 0 
8, 73060, 449766908, 0.00, 100.00, 0.00, 2.25, 0, 0 
9, 73060, 449797516, 0.00, 100.00, 0.00, 2.25, 0, 0 
0, 73060, 449856155, 0.00, 100.00, 0.00, 2.25, 0, 0 
1, 73060, 449908387, 0.00, 100.00, 0.00, 2.25, 0, 0 
2, 73060, 449947033, 0.00, 100.00, 0.00, 2.25, 0, 0 
3, 73060, 449987390, 0.00, 100.00, 0.00, 2.25, 0, 0 
4, 73060, 450019329, 0.00, 100.00, 0.00, 2.25, 0, 0 
5, 73060, 450050430, 0.00, 100.00, 0.00, 2.25, 0, 0 
6, 73060, 450081179, 0.00, 100.00, 0.00, 2.25, 0, 0 
7, 73060, 450111935, 0.00, 100.00, 0.00, 2.25, 0, 0 
8, 73060, 450142738, 0.00, 100.00, 0.00, 2.25, 0, 0 
9, 73060, 450173370, 0.00, 100.00, 0.00, 2.25, 0, 0 
0, 73060, 450234482, 0.00, 100.00, 0.00, 2.25, 0, 0 
1, 73060, 450286108, 0.00, 100.00, 0.00, 2.25, 0, 0 
2, 73060, 450316256, 0.00, 100.00, 0.00, 2.25, 0, 0 
3, 73060, 450370214, 0.00, 100.00, 0.00, 2.25, 0, 0 
4, 73060, 450417727, 0.00, 100.00, 0.00, 2.25, 0, 0 
5, 73060, 450457916, 0.00, 100.00, 0.00, 2.25, 0, 0 
6, 73060, 450490673, 0.00, 100.00, 0.00, 2.25, 0, 0 
7, 73060, 450521697, 0.00, 100.00, 0.00, 2.25, 0, 0 
8, 73060, 450552453, 0.00, 100.00, 0.00, 2.25, 0, 0 
9, 73060, 450583459, 0.00, 100.00, 0.00, 2.25, 0, 0 
0, 73060, 450643554, 0.00, 100.00, 0.00, 2.25, 0, 0 
1, 73060, 450698472, 0.00, 100.00, 0.00, 2.25, 0, 0 
2, 73060, 450727695, 0.00, 100.00, 0.00, 2.25, 0, 0 
3, 73060, 450764554, 0.00, 100.00, 0.00, 2.25, 0, 0 
4, 73060, 450801734, 0.00, 100.00, 0.00, 2.25, 0, 0 
5, 73060, 450833261, 0.00, 100.00, 0.00, 2.25, 0, 0 
6, 73060, 450864111, 0.00, 100.00, 0.00, 2.25, 0, 0 
7, 73060, 450894909, 0.00, 100.00, 0.00, 2.25, 0, 0 
8, 73060, 450925745, 0.00, 100.00, 0.00, 2.25, 0, 0 
9, 73060, 450956582, 0.00, 100.00, 0.00, 2.25, 0, 0 
0, 73060, 451015406, 0.00, 100.00, 0.00, 2.25, 0, 0 
1, 73060, 451066446, 0.00, 100.00, 0.00, 2.25, 0, 0 
2, 73060, 451096993, 0.00, 100.00, 0.00, 2.25, 0, 0 
3, 73060, 451133664, 0.00, 100.00, 0.00, 2.25, 0, 0 
4, 73060, 451167677, 0.00, 100.00, 0.00, 2.25, 0, 0 
5, 73060, 451198798, 0.00, 100.00, 0.00, 2.25, 0, 0 
6, 73060, 451229915, 0.00, 100.00, 0.00, 2.25, 0, 0 
7, 73060, 451261015, 0.00, 100.00, 0.00, 2.25, 0, 0 
8, 73060, 451291921, 0.00, 100.00, 0.00, 2.25, 0, 0 
9, 73060, 451323050, 0.00, 100.00, 0.00, 2.25, 0, 0 
0, 73060, 451384199, 0.00, 100.00, 0.00, 2.25, 0, 0 
1, 73060, 451436590, 0.00, 100.00, 0.00, 2.25, 0, 0 
2, 73060, 451478079, 0.00, 100.00, 0.00, 2.25, 0, 0 
3, 73060, 451527529, 0.00, 100.00, 0.00, 2.25, 0, 0 
4, 73060, 451576904, 0.00, 100.00, 0.00, 2.25, 0, 0 
5, 73060, 451626831, 0.00, 100.00, 0.00, 2.25, 0, 0 
6, 73060, 451677460, 0.00, 100.00, 0.00, 2.25, 0, 0 
7, 73060, 451725956, 0.00, 100.00, 0.00, 2.25, 0, 0 
8, 73060, 451772426, 0.00, 100.00, 0.00, 2.25, 0, 0 
9, 73060, 451818704, 0.00, 100.00, 0.00, 2.25, 0, 0 
0, 73060, 451904855, 0.00, 100.00, 0.00, 2.25, 0, 0 
1, 73060, 451980897, 0.00, 100.00, 0.00, 2.25, 0, 0 
2, 73060, 452048843, 0.00, 100.00, 0.00, 2.25, 0, 0 
3, 73060, 452119022, 0.00, 100.00, 0.00, 2.25, 0, 0 
4, 73060, 452157084, 0.00, 100.00, 0.00, 2.25, 0, 0 
5, 73060, 452194089, 0.00, 100.00, 0.00, 2.25, 0, 0 
6, 73060, 452230574, 0.00, 100.00, 0.00, 2.25, 0, 0 
7, 73060, 452263813, 0.00, 100.00, 0.00, 2.25, 0, 0 
8, 73060, 452296255, 0.00, 100.00, 0.00, 2.25, 0, 0 
9, 73060, 452328541, 0.00, 100.00, 0.00, 2.25, 0, 0 
0, 73060, 452407058, 0.00, 100.00, 0.00, 2.25, 0, 0 
1, 73060, 452457630, 0.00, 100.00, 0.00, 2.25, 0, 0 
2, 73060, 452490310, 0.00, 100.00, 0.00, 2.25, 0, 0 
3, 73060, 452527015, 0.00, 100.00, 0.00, 2.25, 0, 0 
4, 73060, 452565085, 0.00, 100.00, 0.00, 2.25, 0, 0 
5, 73060, 452615216, 0.00, 100.00, 0.00, 2.25, 0, 0 
6, 73060, 452678783, 0.00, 100.00, 0.00, 2.25, 0, 0 
7, 73060, 452737783, 0.00, 100.00, 0.00, 2.25, 0, 0 
8, 73060, 452803724, 0.00, 100.00, 0.00, 2.25, 0, 0 
9, 73060, 452863470, 0.00, 100.00, 0.00, 2.25, 0, 0 
0, 73060, 452957195, 0.00, 100.00, 0.00, 2.25, 0, 0 
1, 73060, 453067282, 0.00, 100.00, 0.00, 2.25, 0, 0 
2, 73060, 453115249, 0.00, 100.00, 0.00, 2.25, 0, 0 
3, 73060, 453154624, 0.00, 100.00, 0.00, 2.25, 0, 0 
4, 73060, 453192080, 0.00, 100.00, 0.00, 2.25, 0, 0 
5, 73060, 453231322, 0.00, 100.00, 0.00, 2.25, 0, 0 
6, 73060, 453332313, 0.00, 100.00, 0.00, 2.25, 0, 0 
7, 73060, 453358037, 0.00, 100.00, 0.00, 2.25, 0, 0 
8, 73060, 453382972, 0.00, 100.00, 0.00, 2.25, 0, 0 
9, 73060, 453407751, 0.00, 100.00, 0.00, 2.25, 0, 0 
0, 73060, 453459253, 0.00, 100.00, 0.00, 2.25, 0, 0 
1, 73060, 453501935, 0.00, 100.00, 0.00, 2.25, 0, 0 
2, 73060, 453528705, 0.00, 100.00, 0.00, 2.25, 0, 0 
3, 73060, 453559334, 0.00, 100.00, 0.00, 2.25, 0, 0 
4, 73060, 453585991, 0.00, 100.00, 0.00, 2.25, 0, 0 
5, 73060, 453610812, 0.00, 100.00, 0.00, 2.25, 0, 0 
6, 73060, 453635600, 0.00, 100.00, 0.00, 2.25, 0, 0 
7, 73060, 453660393, 0.00, 100.00, 0.00, 2.25, 0, 0 
8, 73060, 453682672, 0.00, 100.00, 0.00, 2.25, 0, 0 
9, 73060, 453704751, 0.00, 100.00, 0.00, 2.25, 0, 0 
0, 73060, 453753138, 0.00, 100.00, 0.00, 2.25, 0, 0 
1, 73060, 453807995, 0.00, 100.00, 0.00, 2.25, 0, 0 
2, 73060, 453842984, 0.00, 100.00, 0.00, 2.25, 0, 0 
3, 73060, 453873747, 0.00, 100.00, 0.00, 2.25, 0, 0 
4, 73060, 453899205, 0.00, 100.00, 0.00, 2.25, 0, 0 
5, 73060, 453924054, 0.00, 100.00, 0.00, 2.25, 0, 0 
6, 73060, 453948962, 0.00, 100.00, 0.00, 2.25, 0, 0 
7, 73060, 453973653, 0.00, 100.00, 0.00, 2.25, 0, 0 
8, 73060, 453998380, 0.00, 100.00, 0.00, 2.25, 0, 0 
9, 73060, 454023104, 0.00, 100.00, 0.00, 2.25, 0, 0 
0, 73060, 454070487, 0.00, 100.00, 0.00, 2.25, 0, 0 
1, 73060, 454111997, 0.00, 100.00, 0.00, 2.25, 0, 0 
2, 73060, 454142885, 0.00, 100.00, 0.00, 2.25, 0, 0 
3, 73060, 454177739, 0.00, 100.00, 0.00, 2.25, 0, 0 
4, 73060, 454203597, 0.00, 100.00, 0.00, 2.25, 0, 0 
5, 73060, 454228445, 0.00, 100.00, 0.00, 2.25, 0, 0 
6, 73060, 454253110, 0.00, 100.00, 0.00, 2.25, 0, 0 
7, 73060, 454277733, 0.00, 100.00, 0.00, 2.25, 0, 0 
8, 73060, 454302387, 0.00, 100.00, 0.00, 2.25, 0, 0 
9, 73060, 454326978, 0.00, 100.00, 0.00, 2.25, 0, 0 
0, 73060, 454374091, 0.00, 100.00, 0.00, 2.25, 0, 0 
1, 73060, 454415820, 0.00, 100.00, 0.00, 2.25, 0, 0 
2, 73060, 454452871, 0.00, 100.00, 0.00, 2.25, 0, 0 
3, 73060, 454482417, 0.00, 100.00, 0.00, 2.25, 0, 0 
4, 73060, 454507532, 0.00, 100.00, 0.00, 2.25, 0, 0 
5, 73060, 454532337, 0.00, 100.00, 0.00, 2.25, 0, 0 
6, 73060, 454557082, 0.00, 100.00, 0.00, 2.25, 0, 0 
7, 73060, 454581640, 0.00, 100.00, 0.00, 2.25, 0, 0 
8, 73060, 454606292, 0.00, 100.00, 0.00, 2.25, 0, 0 
9, 73060, 454630914, 0.00, 100.00, 0.00, 2.25, 0, 0 
0, 73060, 454680353, 0.00, 100.00, 0.00, 2.25, 0, 0 
1, 73060, 454722551, 0.00, 100.00, 0.00, 2.25, 0, 0 
2, 73060, 454753580, 0.00, 100.00, 0.00, 2.25, 0, 0 
3, 73060, 454787228, 0.00, 100.00, 0.00, 2.25, 0, 0 
4, 73060, 454813059, 0.00, 100.00, 0.00, 2.25, 0, 0 
5, 73060, 454837859, 0.00, 100.00, 0.00, 2.25, 0, 0 
6, 73060, 454862554, 0.00, 100.00, 0.00, 2.25, 0, 0 
7, 73060, 454887225, 0.00, 100.00, 0.00, 2.25, 0, 0 
8, 73060, 454911775, 0.00, 100.00, 0.00, 2.25, 0, 0 
9, 73060, 454936383, 0.00, 100.00, 0.00, 2.25, 0, 0 
0, 73060, 454983188, 0.00, 100.00, 0.00, 2.25, 0, 0 
1, 73060, 455024955, 0.00, 100.00, 0.00, 2.25, 0, 0 
2, 73060, 455056137, 0.00, 100.00, 0.00, 2.25, 0, 0 
3, 73060, 455088476, 0.00, 100.00, 0.00, 2.25, 0, 0 
4, 73060, 455114175, 0.00, 100.00, 0.00, 2.25, 0, 0 
5, 73060, 455139079, 0.00, 100.00, 0.00, 2.25, 0, 0 
6, 73060, 455163767, 0.00, 100.00, 0.00, 2.25, 0, 0 
7, 73060, 455188558, 0.00, 100.00, 0.00, 2.25, 0, 0 
8, 73060, 455213166, 0.00, 100.00, 0.00, 2.25, 0, 0 
9, 73060, 455237921, 0.00, 100.00, 0.00, 2.25, 0, 0 
0, 73060, 455285792, 0.00, 100.00, 0.00, 2.25, 0, 0 
1, 73060, 455327767, 0.00, 100.00, 0.00, 2.25, 0, 0 
2, 73060, 455358925, 0.00, 100.00, 0.00, 2.25, 0, 0 
3, 73060, 455391468, 0.00, 100.00, 0.00, 2.25, 0, 0 
4, 73060, 455417243, 0.00, 100.00, 0.00, 2.25, 0, 0 
5, 73060, 455442053, 0.00, 100.00, 0.00, 2.25, 0, 0 
6, 73060, 455466912, 0.00, 100.00, 0.00, 2.25, 0, 0 
7, 73060, 455491726, 0.00, 100.00, 0.00, 2.25, 0, 0 
8, 73060, 455516734, 0.00, 100.00, 0.00, 2.25, 0, 0 
9, 73060, 455541620, 0.00, 100.00, 0.00, 2.25, 0, 0 
0, 73060, 455589070, 0.00, 100.00, 0.00, 2.25, 0, 0 
1, 73060, 455631029, 0.00, 100.00, 0.00, 2.25, 0, 0 
2, 73060, 455662383, 0.00, 100.00, 0.00, 2.25, 0, 0 
3, 73060, 455694741, 0.00, 100.00, 0.00, 2.25, 0, 0 
4, 73060, 455720464, 0.00, 100.00, 0.00, 2.25, 0, 0 
5, 73060, 455745309, 0.00, 100.00, 0.00, 2.25, 0, 0 
6, 73060, 455770003, 0.00, 100.00, 0.00, 2.25, 0, 0 
7, 73060, 455794809, 0.00, 100.00, 0.00, 2.25, 0, 0 
8, 73060, 455819584, 0.00, 100.00, 0.00, 2.25, 0, 0 
9, 73060, 455844263, 0.00, 100.00, 0.00, 2.25, 0, 0 
0, 73060, 455891065, 0.00, 100.00, 0.00, 2.25, 0, 0 
1, 73060, 455933042, 0.00, 100.00, 0.00, 2.25, 0, 0 
2, 73060, 455964346, 0.00, 100.00, 0.00, 2.25, 0, 0 
3, 73060, 455996734, 0.00, 100.00, 0.00, 2.25, 0, 0 
4, 73060, 456042767, 0.00, 100.00, 0.00, 2.25, 0, 0 
5, 73060, 456069691, 0.00, 100.00, 0.00, 2.25, 0, 0 
6, 73060, 456091898, 0.00, 100.00, 0.00, 2.25, 0, 0 
7, 73060, 456113896, 0.00, 100.00, 0.00, 2.25, 0, 0 
8, 73060, 456136295, 0.00, 100.00, 0.00, 2.25, 0, 0 
9, 73060, 456173483, 0.00, 100.00, 0.00, 2.25, 0, 0 
0, 73060, 456230130, 0.00, 100.00, 0.00, 2.25, 0, 0 
1, 73060, 456271699, 0.00, 100.00, 0.00, 2.25, 0, 0 
2, 73060, 456303033, 0.00, 100.00, 0.00, 2.25, 0, 0 
3, 73060, 456335345, 0.00, 100.00, 0.00, 2.25, 0, 0 
4, 73060, 456361037, 0.00, 100.00, 0.00, 2.25, 0, 0 
5, 73060, 456386099, 0.00, 100.00, 0.00, 2.25, 0, 0 
6, 73060, 456411071, 0.00, 100.00, 0.00, 2.25, 0, 0 
7, 73060, 456435789, 0.00, 100.00, 0.00, 2.25, 0, 0 
8, 73060, 456460487, 0.00, 100.00, 0.00, 2.25, 0, 0 
9, 73060, 456485318, 0.00, 100.00, 0.00, 2.25, 0, 0 
0, 73060, 456532390, 0.00, 100.00, 0.00, 2.25, 0, 0 
1, 73060, 456573033, 0.00, 100.00, 0.00, 2.25, 0, 0 
2, 73060, 456603849, 0.00, 100.00, 0.00, 2.25, 0, 0 
3, 73060, 456635787, 0.00, 100.00, 0.00, 2.25, 0, 0 
4, 73060, 456661503, 0.00, 100.00, 0.00, 2.25, 0, 0 
5, 73060, 456686664, 0.00, 100.00, 0.00, 2.25, 0, 0 
6, 73060, 456711253, 0.00, 100.00, 0.00, 2.25, 0, 0 
7, 73060, 456735948, 0.00, 100.00, 0.00, 2.25, 0, 0 
8, 73060, 456760716, 0.00, 100.00, 0.00, 2.25, 0, 0 
9, 73060, 456785471, 0.00, 100.00, 0.00, 2.25, 0, 0 
0, 73060, 456832385, 0.00, 100.00, 0.00, 2.25, 0, 0 
1, 73060, 456874103, 0.00, 100.00, 0.00, 2.25, 0, 0 
2, 73060, 456905376, 0.00, 100.00, 0.00, 2.25, 0, 0 
3, 73060, 456937467, 0.00, 100.00, 0.00, 2.25, 0, 0 
4, 73060, 456974496, 0.00, 100.00, 0.00, 2.25, 0, 0 
5, 73060, 456995363, 0.00, 100.00, 0.00, 2.25, 0, 0 
6, 73060, 457016009, 0.00, 100.00, 0.00, 2.25, 0, 0 
7, 73060, 457036562, 0.00, 100.00, 0.00, 2.25, 0, 0 
8, 73060, 457057153, 0.00, 100.00, 0.00, 2.25, 0, 0 
9, 73060, 457077635, 0.00, 100.00, 0.00, 2.25, 0, 0 
0, 73060, 457116989, 0.00, 100.00, 0.00, 2.25, 0, 0 
1, 73060, 457151692, 0.00, 100.00, 0.00, 2.25, 0, 0 
2, 73060, 457177728, 0.00, 100.00, 0.00, 2.25, 0, 0 
3, 73060, 457204558, 0.00, 100.00, 0.00, 2.25, 0, 0 
4, 73060, 457225965, 0.00, 100.00, 0.00, 2.25, 0, 0 
5, 73060, 457246662, 0.00, 100.00, 0.00, 2.25, 0, 0 
6, 73060, 457267284, 0.00, 100.00, 0.00, 2.25, 0, 0 
7, 73060, 457287951, 0.00, 100.00, 0.00, 2.25, 0, 0 
8, 73060, 457308574, 0.00, 100.00, 0.00, 2.25, 0, 0 
9, 73060, 457329075, 0.00, 100.00, 0.00, 2.25, 0, 0 
0, 73060, 457368361, 0.00, 100.00, 0.00, 2.25, 0, 0 
1, 73060, 457403067, 0.00, 100.00, 0.00, 2.25, 0, 0 
2, 73060, 457428932, 0.00, 100.00, 0.00, 2.25, 0, 0 
3, 73060, 457455648, 0.00, 100.00, 0.00, 2.25, 0, 0 
4, 73060, 457477067, 0.00, 100.00, 0.00, 2.25, 0, 0 
5, 73060, 457497766, 0.00, 100.00, 0.00, 2.25, 0, 0 
6, 73060, 457518296, 0.00, 100.00, 0.00, 2.25, 0, 0 
7, 73060, 457538829, 0.00, 100.00, 0.00, 2.25, 0, 0 
8, 73060, 457559246, 0.00, 100.00, 0.00, 2.25, 0, 0 
9, 73060, 457579920, 0.00, 100.00, 0.00, 2.25, 0, 0 
0, 73060, 457619094, 0.00, 100.00, 0.00, 2.25, 0, 0 
1, 73060, 457653739, 0.00, 100.00, 0.00, 2.25, 0, 0 
2, 73060, 457679909, 0.00, 100.00, 0.00, 2.25, 0, 0 
3, 73060, 457706646, 0.00, 100.00, 0.00, 2.25, 0, 0 
4, 73060, 457728024, 0.00, 100.00, 0.00, 2.25, 0, 0 
5, 73060, 457748675, 0.00, 100.00, 0.00, 2.25, 0, 0 
6, 73060, 457769374, 0.00, 100.00, 0.00, 2.25, 0, 0 
7, 73060, 457789951, 0.00, 100.00, 0.00, 2.25, 0, 0 
8, 73060, 457810567, 0.00, 100.00, 0.00, 2.25, 0, 0 
9, 73060, 457831146, 0.00, 100.00, 0.00, 2.25, 0, 0 
0, 73060, 457870244, 0.00, 100.00, 0.00, 2.25, 0, 0 
1, 73060, 457905014, 0.00, 100.00, 0.00, 2.25, 0, 0 
2, 73060, 457931044, 0.00, 100.00, 0.00, 2.25, 0, 0 
3, 73060, 457958028, 0.00, 100.00, 0.00, 2.25, 0, 0 
4, 73060, 457979290, 0.00, 100.00, 0.00, 2.25, 0, 0 
5, 73060, 458000271, 0.00, 100.00, 0.00, 2.25, 0, 0 
6, 73060, 458021077, 0.00, 100.00, 0.00, 2.25, 0, 0 
7, 73060, 458041619, 0.00, 100.00, 0.00, 2.25, 0, 0 
8, 73060, 458062441, 0.00, 100.00, 0.00, 2.25, 0, 0 
9, 73060, 458083062, 0.00, 100.00, 0.00, 2.25, 0, 0 
0, 73060, 458122110, 0.00, 100.00, 0.00, 2.25, 0, 0 
1, 73060, 458156998, 0.00, 100.00, 0.00, 2.25, 0, 0 
2, 73060, 458182870, 0.00, 100.00, 0.00, 2.25, 0, 0 
3, 73060, 458207591, 0.00, 100.00, 0.00, 2.25, 0, 0 
4, 73060, 458226566, 0.00, 100.00, 0.00, 2.25, 0, 0 
5, 73060, 458246604, 0.00, 100.00, 0.00, 2.25, 0, 0 
6, 73060, 458276545, 0.00, 100.00, 0.00, 2.25, 0, 0 
7, 73060, 458303403, 0.00, 100.00, 0.00, 2.25, 0, 0 
8, 73060, 458324723, 0.00, 100.00, 0.00, 2.25, 0, 0 
9, 73060, 458345459, 0.00, 100.00, 0.00, 2.25, 0, 0 
0, 73060, 458385087, 0.00, 100.00, 0.00, 2.25, 0, 0 
1, 73060, 458420137, 0.00, 100.00, 0.00, 2.25, 0, 0 
2, 73060, 458446356, 0.00, 100.00, 0.00, 2.25, 0, 0 
3, 73060, 458473306, 0.00, 100.00, 0.00, 2.25, 0, 0 
4, 73060, 458494886, 0.00, 100.00, 0.00, 2.25, 0, 0 
5, 73060, 458515689, 0.00, 100.00, 0.00, 2.25, 0, 0 
6, 73060, 458536555, 0.00, 100.00, 0.00, 2.25, 0, 0 
7, 73060, 458557379, 0.00, 100.00, 0.00, 2.25, 0, 0 
8, 73060, 458578045, 0.00, 100.00, 0.00, 2.25, 0, 0 
9, 73060, 458598829, 0.00, 100.00, 0.00, 2.25, 0, 0 
0, 73060, 458638043, 0.00, 100.00, 0.00, 2.25, 0, 0 
1, 73060, 458672816, 0.00, 100.00, 0.00, 2.25, 0, 0 
2, 73060, 458698754, 0.00, 100.00, 0.00, 2.25, 0, 0 
3, 73060, 458725581, 0.00, 100.00, 0.00, 2.25, 0, 0 
4, 73060, 458747162, 0.00, 100.00, 0.00, 2.25, 0, 0 
5, 73060, 458767874, 0.00, 100.00, 0.00, 2.25, 0, 0 
6, 73060, 458788479, 0.00, 100.00, 0.00, 2.25, 0, 0 
7, 73060, 458809114, 0.00, 100.00, 0.00, 2.25, 0, 0 
8, 73060, 458829726, 0.00, 100.00, 0.00, 2.25, 0, 0 
9, 73060, 458850149, 0.00, 100.00, 0.00, 2.25, 0, 0 
0, 73060, 458889182, 0.00, 100.00, 0.00, 2.25, 0, 0 
1, 73060, 458923916, 0.00, 100.00, 0.00, 2.25, 0, 0 
2, 73060, 458949807, 0.00, 100.00, 0.00, 2.25, 0, 0 
3, 73060, 458976619, 0.00, 100.00, 0.00, 2.25, 0, 0 
4, 73060, 458998194, 0.00, 100.00, 0.00, 2.25, 0, 0 
5, 73060, 459018937, 0.00, 100.00, 0.00, 2.25, 0, 0 
6, 73060, 459039618, 0.00, 100.00, 0.00, 2.25, 0, 0 
7, 73060, 459060263, 0.00, 100.00, 0.00, 2.25, 0, 0 
8, 73060, 459080871, 0.00, 100.00, 0.00, 2.25, 0, 0 
9, 73060, 459101541, 0.00, 100.00, 0.00, 2.25, 0, 0 
0, 73060, 459140879, 0.00, 100.00, 0.00, 2.25, 0, 0 
1, 73060, 459175787, 0.00, 100.00, 0.00, 2.25, 0, 0 
2, 73060, 459201613, 0.00, 100.00, 0.00, 2.25, 0, 0 
3, 73060, 459228370, 0.00, 100.00, 0.00, 2.25, 0, 0 
4, 73060, 459249926, 0.00, 100.00, 0.00, 2.25, 0, 0 
5, 73060, 459270879, 0.00, 100.00, 0.00, 2.25, 0, 0 
6, 73060, 459291285, 0.00, 100.00, 0.00, 2.25, 0, 0 
7, 73060, 459311798, 0.00, 100.00, 0.00, 2.25, 0, 0 
8, 73060, 459332340, 0.00, 100.00, 0.00, 2.25, 0, 0 
9, 73060, 459353070, 0.00, 100.00, 0.00, 2.25, 0, 0 
0, 73060, 459392240, 0.00, 100.00, 0.00, 2.25, 0, 0 
1, 73060, 459426805, 0.00, 100.00, 0.00, 2.25, 0, 0 
2, 73060, 459452569, 0.00, 100.00, 0.00, 2.25, 0, 0 
3, 73060, 459479507, 0.00, 100.00, 0.00, 2.25, 0, 0 
4, 73060, 459501468, 0.00, 100.00, 0.00, 2.25, 0, 0 
5, 73060, 459522185, 0.00, 100.00, 0.00, 2.25, 0, 0 
6, 73060, 459542923, 0.00, 100.00, 0.00, 2.25, 0, 0 
7, 73060, 459563658, 0.00, 100.00, 0.00, 2.25, 0, 0 
8, 73060, 459584329, 0.00, 100.00, 0.00, 2.25, 0, 0 
9, 73060, 459604941, 0.00, 100.00, 0.00, 2.25, 0, 0 
0, 73060, 459644028, 0.00, 100.00, 0.00, 2.25, 0, 0 
1, 73060, 459678695, 0.00, 100.00, 0.00, 2.25, 0, 0 
2, 73060, 459704729, 0.00, 100.00, 0.00, 2.25, 0, 0 
3, 73060, 459731657, 0.00, 100.00, 0.00, 2.25, 0, 0 
4, 73060, 459753457, 0.00, 100.00, 0.00, 2.25, 0, 0 
5, 73060, 459774217, 0.00, 100.00, 0.00, 2.25, 0, 0 
6, 73060, 459794825, 0.00, 100.00, 0.00, 2.25, 0, 0 
7, 73060, 459815523, 0.00, 100.00, 0.00, 2.25, 0, 0 
8, 73060, 459835956, 0.00, 100.00, 0.00, 2.25, 0, 0 
9, 73060, 459856651, 0.00, 100.00, 0.00, 2.25, 0, 0 
0, 73060, 459895794, 0.00, 100.00, 0.00, 2.25, 0, 0 
1, 73060, 459930533, 0.00, 100.00, 0.00, 2.25, 0, 0 
2, 73060, 459956478, 0.00, 100.00, 0.00, 2.25, 0, 0 
3, 73060, 459983525, 0.00, 100.00, 0.00, 2.25, 0, 0 
4, 73060, 460011983, 0.00, 100.00, 0.00, 2.25, 0, 0 
5, 73060, 460040735, 0.00, 100.00, 0.00, 2.25, 0, 0 
6, 73060, 460061534, 0.00, 100.00, 0.00, 2.25, 0, 0 
7, 73060, 460082386, 0.00, 100.00, 0.00, 2.25, 0, 0 
8, 73060, 460103130, 0.00, 100.00, 0.00, 2.25, 0, 0 
9, 73060, 460123764, 0.00, 100.00, 0.00, 2.25, 0, 0 
0, 73060, 460160284, 0.00, 100.00, 0.00, 2.25, 0, 0 
1, 73060, 460196772, 0.00, 100.00, 0.00, 2.25, 0, 0 
2, 73060, 460230454, 0.00, 100.00, 0.00, 2.25, 0, 0 
3, 73060, 460252251, 0.00, 100.00, 0.00, 2.25, 0, 0 
4, 73060, 460273420, 0.00, 100.00, 0.00, 2.25, 0, 0 
5, 73060, 460294412, 0.00, 100.00, 0.00, 2.25, 0, 0 
6, 73060, 460314942, 0.00, 100.00, 0.00, 2.25, 0, 0 
7, 73060, 460335754, 0.00, 100.00, 0.00, 2.25, 0, 0 
8, 73060, 460356512, 0.00, 100.00, 0.00, 2.25, 0, 0 
9, 73060, 460377139, 0.00, 100.00, 0.00, 2.25, 0, 0 
0, 73060, 460416470, 0.00, 100.00, 0.00, 2.25, 0, 0 
1, 73060, 460451158, 0.00, 100.00, 0.00, 2.25, 0, 0 
2, 73060, 460472943, 0.00, 100.00, 0.00, 2.25, 0, 0 
3, 73060, 460492666, 0.00, 100.00, 0.00, 2.25, 0, 0 
4, 73060, 460513258, 0.00, 100.00, 0.00, 2.25, 0, 0 
5, 73060, 460534064, 0.00, 100.00, 0.00, 2.25, 0, 0 
6, 73060, 460554726, 0.00, 100.00, 0.00, 2.25, 0, 0 
7, 73060, 460575530, 0.00, 100.00, 0.00, 2.25, 0, 0 
8, 73060, 460596075, 0.00, 100.00, 0.00, 2.25, 0, 0 
9, 73060, 460616713, 0.00, 100.00, 0.00, 2.25, 0, 0 
0, 73060, 460657493, 0.00, 100.00, 0.00, 2.25, 0, 0 
1, 73060, 460692613, 0.00, 100.00, 0.00, 2.25, 0, 0 
2, 73060, 460718514, 0.00, 100.00, 0.00, 2.25, 0, 0 
3, 73060, 460741073, 0.00, 100.00, 0.00, 2.25, 0, 0 
4, 73060, 460762022, 0.00, 100.00, 0.00, 2.25, 0, 0 
5, 73060, 460782995, 0.00, 100.00, 0.00, 2.25, 0, 0 
6, 73060, 460803537, 0.00, 100.00, 0.00, 2.25, 0, 0 
7, 73060, 460824165, 0.00, 100.00, 0.00, 2.25, 0, 0 
8, 73060, 460844777, 0.00, 100.00, 0.00, 2.25, 0, 0 
9, 73060, 460865316, 0.00, 100.00, 0.00, 2.25, 0, 0 
0, 73060, 460906243, 0.00, 100.00, 0.00, 2.25, 0, 0 
1, 73060, 460941222, 0.00, 100.00, 0.00, 2.25, 0, 0 
2, 73060, 460966111, 0.00, 100.00, 0.00, 2.25, 0, 0 
3, 73060, 460988222, 0.00, 100.00, 0.00, 2.25, 0, 0 
4, 73060, 461009316, 0.00, 100.00, 0.00, 2.25, 0, 0 
5, 73060, 461030599, 0.00, 100.00, 0.00, 2.25, 0, 0 
6, 73060, 461051282, 0.00, 100.00, 0.00, 2.25, 0, 0 
7, 73060, 461071965, 0.00, 100.00, 0.00, 2.25, 0, 0 
8, 73060, 461092692, 0.00, 100.00, 0.00, 2.25, 0, 0 
9, 73060, 461113277, 0.00, 100.00, 0.00, 2.25, 0, 0 
0, 73060, 461154251, 0.00, 100.00, 0.00, 2.25, 0, 0 
1, 73060, 461188097, 0.00, 100.00, 0.00, 2.25, 0, 0 
2, 73060, 461212980, 0.00, 100.00, 0.00, 2.25, 0, 0 
3, 73060, 461235206, 0.00, 100.00, 0.00, 2.25, 0, 0 
4, 73060, 461256103, 0.00, 100.00, 0.00, 2.25, 0, 0 
5, 73060, 461276868, 0.00, 100.00, 0.00, 2.25, 0, 0 
6, 73060, 461297423, 0.00, 100.00, 0.00, 2.25, 0, 0 
7, 73060, 461317941, 0.00, 100.00, 0.00, 2.25, 0, 0 
8, 73060, 461338535, 0.00, 100.00, 0.00, 2.25, 0, 0 
9, 73060, 461359125, 0.00, 100.00, 0.00, 2.25, 0, 0 
0, 73060, 461399601, 0.00, 100.00, 0.00, 2.25, 0, 0 
1, 73060, 461434813, 0.00, 100.00, 0.00, 2.25, 0, 0 
2, 73060, 461459623, 0.00, 100.00, 0.00, 2.25, 0, 0 
3, 73060, 461481154, 0.00, 100.00, 0.00, 2.25, 0, 0 
4, 73060, 461501973, 0.00, 100.00, 0.00, 2.25, 0, 0 
5, 73060, 461522993, 0.00, 100.00, 0.00, 2.25, 0, 0 
6, 73060, 461543722, 0.00, 100.00, 0.00, 2.25, 0, 0 
7, 73060, 461564442, 0.00, 100.00, 0.00, 2.25, 0, 0 
8, 73060, 461585162, 0.00, 100.00, 0.00, 2.25, 0, 0 
9, 73060, 461605771, 0.00, 100.00, 0.00, 2.25, 0, 0 
0, 73060, 461646625, 0.00, 100.00, 0.00, 2.25, 0, 0 
1, 73060, 461681904, 0.00, 100.00, 0.00, 2.25, 0, 0 
2, 73060, 461706899, 0.00, 100.00, 0.00, 2.25, 0, 0 
3, 73060, 461728292, 0.00, 100.00, 0.00, 2.25, 0, 0 
4, 73060, 461752672, 0.00, 100.00, 0.00, 2.25, 0, 0 
5, 73060, 461780526, 0.00, 100.00, 0.00, 2.25, 0, 0 
6, 73060, 461811812, 0.00, 100.00, 0.00, 2.25, 0, 0 
7, 73060, 461843351, 0.00, 100.00, 0.00, 2.25, 0, 0 
8, 73060, 461876765, 0.00, 100.00, 0.00, 2.25, 0, 0 
9, 73060, 461904550, 0.00, 100.00, 0.00, 2.25, 0, 0 
0, 73060, 461947678, 0.00, 100.00, 0.00, 2.25, 0, 0 
1, 73060, 461994251, 0.00, 100.00, 0.00, 2.25, 0, 0 
2, 73060, 462011732, 0.00, 100.00, 0.00, 2.25, 0, 0 
3, 73060, 462030757, 0.00, 100.00, 0.00, 2.25, 0, 0 
4, 73060, 462048563, 0.00, 100.00, 0.00, 2.25, 0, 0 
5, 73060, 462066227, 0.00, 100.00, 0.00, 2.25, 0, 0 
6, 73060, 462083945, 0.00, 100.00, 0.00, 2.25, 0, 0 
7, 73060, 462099695, 0.00, 100.00, 0.00, 2.25, 0, 0 
8, 73060, 462115475, 0.00, 100.00, 0.00, 2.25, 0, 0 
9, 73060, 462131950, 0.00, 100.00, 0.00, 2.25, 0, 0 
0, 73060, 462166924, 0.00, 100.00, 0.00, 2.25, 0, 0 
1, 73060, 462196656, 0.00, 100.00, 0.00, 2.25, 0, 0 
2, 73060, 462214458, 0.00, 100.00, 0.00, 2.25, 0, 0 
3, 73060, 462235276, 0.00, 100.00, 0.00, 2.25, 0, 0 
4, 73060, 462254092, 0.00, 100.00, 0.00, 2.25, 0, 0 
5, 73060, 462271866, 0.00, 100.00, 0.00, 2.25, 0, 0 
6, 73060, 462289734, 0.00, 100.00, 0.00, 2.25, 0, 0 
7, 73060, 462307476, 0.00, 100.00, 0.00, 2.25, 0, 0 
8, 73060, 462325261, 0.00, 100.00, 0.00, 2.25, 0, 0 
9, 73060, 462342923, 0.00, 100.00, 0.00, 2.25, 0, 0 
0, 73060, 462377730, 0.00, 100.00, 0.00, 2.25, 0, 0 
1, 73060, 462409022, 0.00, 100.00, 0.00, 2.25, 0, 0 
2, 73060, 462423430, 0.00, 100.00, 0.00, 2.25, 0, 0 
3, 73060, 462442178, 0.00, 100.00, 0.00, 2.25, 0, 0 
4, 73060, 462462273, 0.00, 100.00, 0.00, 2.25, 0, 0 
5, 73060, 462480376, 0.00, 100.00, 0.00, 2.25, 0, 0 
6, 73060, 462498044, 0.00, 100.00, 0.00, 2.25, 0, 0 
7, 73060, 462515856, 0.00, 100.00, 0.00, 2.25, 0, 0 
8, 73060, 462533621, 0.00, 100.00, 0.00, 2.25, 0, 0 
9, 73060, 462551226, 0.00, 100.00, 0.00, 2.25, 0, 0 
0, 73060, 462586255, 0.00, 100.00, 0.00, 2.25, 0, 0 
1, 73060, 462615279, 0.00, 100.00, 0.00, 2.25, 0, 0 
2, 73060, 462637648, 0.00, 100.00, 0.00, 2.25, 0, 0 
3, 73060, 462660642, 0.00, 100.00, 0.00, 2.25, 0, 0 
4, 73060, 462679122, 0.00, 100.00, 0.00, 2.25, 0, 0 
5, 73060, 462697044, 0.00, 100.00, 0.00, 2.25, 0, 0 
6, 73060, 462714882, 0.00, 100.00, 0.00, 2.25, 0, 0 
7, 73060, 462732563, 0.00, 100.00, 0.00, 2.25, 0, 0 
8, 73060, 462750147, 0.00, 100.00, 0.00, 2.25, 0, 0 
9, 73060, 462767667, 0.00, 100.00, 0.00, 2.25, 0, 0 
0, 73060, 462801672, 0.00, 100.00, 0.00, 2.25, 0, 0 
1, 73060, 462831585, 0.00, 100.00, 0.00, 2.25, 0, 0 
2, 73060, 462853785, 0.00, 100.00, 0.00, 2.25, 0, 0 
3, 73060, 462876908, 0.00, 100.00, 0.00, 2.25, 0, 0 
4, 73060, 462895182, 0.00, 100.00, 0.00, 2.25, 0, 0 
5, 73060, 462912807, 0.00, 100.00, 0.00, 2.25, 0, 0 
6, 73060, 462930483, 0.00, 100.00, 0.00, 2.25, 0, 0 
7, 73060, 462948085, 0.00, 100.00, 0.00, 2.25, 0, 0 
8, 73060, 462965831, 0.00, 100.00, 0.00, 2.25, 0, 0 
9, 73060, 462983468, 0.00, 100.00, 0.00, 2.25, 0, 0 
0, 73060, 463048305, 0.00, 100.00, 0.00, 2.25, 0, 0 
1, 73060, 463078357, 0.00, 100.00, 0.00, 2.25, 0, 0 
2, 73060, 463100466, 0.00, 100.00, 0.00, 2.25, 0, 0 
3, 73060, 463123678, 0.00, 100.00, 0.00, 2.25, 0, 0 
4, 73060, 463142202, 0.00, 100.00, 0.00, 2.25, 0, 0 
5, 73060, 463160024, 0.00, 100.00, 0.00, 2.25, 0, 0 
6, 73060, 463177746, 0.00, 100.00, 0.00, 2.25, 0, 0 
7, 73060, 463195506, 0.00, 100.00, 0.00, 2.25, 0, 0 
8, 73060, 463213234, 0.00, 100.00, 0.00, 2.25, 0, 0 
9, 73060, 463230968, 0.00, 100.00, 0.00, 2.25, 0, 0 
0, 73060, 463264544, 0.00, 100.00, 0.00, 2.25, 0, 0 
1, 73060, 463294324, 0.00, 100.00, 0.00, 2.25, 0, 0 
2, 73060, 463316671, 0.00, 100.00, 0.00, 2.25, 0, 0 
3, 73060, 463339509, 0.00, 100.00, 0.00, 2.25, 0, 0 
4, 73060, 463357971, 0.00, 100.00, 0.00, 2.25, 0, 0 
5, 73060, 463375707, 0.00, 100.00, 0.00, 2.25, 0, 0 
6, 73060, 463393438, 0.00, 100.00, 0.00, 2.25, 0, 0 
7, 73060, 463420304, 0.00, 100.00, 0.00, 2.25, 0, 0 
8, 73060, 463449096, 0.00, 100.00, 0.00, 2.25, 0, 0 
9, 73060, 463469951, 0.00, 100.00, 0.00, 2.25, 0, 0 
0, 73060, 463508979, 0.00, 100.00, 0.00, 2.25, 0, 0 
1, 73060, 463546192, 0.00, 100.00, 0.00, 2.25, 0, 0 
2, 73060, 463573048, 0.00, 100.00, 0.00, 2.25, 0, 0 
3, 73060, 463600238, 0.00, 100.00, 0.00, 2.25, 0, 0 
4, 73060, 463628074, 0.00, 100.00, 0.00, 2.25, 0, 0 
5, 73060, 463657080, 0.00, 100.00, 0.00, 2.25, 0, 0 
6, 73060, 463684513, 0.00, 100.00, 0.00, 2.25, 0, 0 
7, 73060, 463704864, 0.00, 100.00, 0.00, 2.25, 0, 0 
8, 73060, 463723313, 0.00, 100.00, 0.00, 2.25, 0, 0 
9, 73060, 463741102, 0.00, 100.00, 0.00, 2.25, 0, 0 
0, 73060, 463777426, 0.00, 100.00, 0.00, 2.25, 0, 0 
1, 73060, 463808887, 0.00, 100.00, 0.00, 2.25, 0, 0 
2, 73060, 463831519, 0.00, 100.00, 0.00, 2.25, 0, 0 
3, 73060, 463854817, 0.00, 100.00, 0.00, 2.25, 0, 0 
4, 73060, 463872993, 0.00, 100.00, 0.00, 2.25, 0, 0 
5, 73060, 463888900, 0.00, 100.00, 0.00, 2.25, 0, 0 
6, 73060, 463904746, 0.00, 100.00, 0.00, 2.25, 0, 0 
7, 73060, 463920489, 0.00, 100.00, 0.00, 2.25, 0, 0 
8, 73060, 463938398, 0.00, 100.00, 0.00, 2.25, 0, 0 
9, 73060, 463956112, 0.00, 100.00, 0.00, 2.25, 0, 0 
