Wed Nov 28 13:27:23 2018
StepTime, x, v, f, xdes, vdes, fdes, cmd, IR, LSB, LSF
0, 73984, 437389109, 0.00, 100.00, 0.00, 2.25, 0, 0 
1, 73984, 440084011, 0.00, 100.00, 0.00, 2.25, 0, 0 
2, 73984, 442706582, 0.00, 100.00, 0.00, 2.25, 0, 0 
3, 73984, 444988259, 0.00, 100.00, 0.00, 2.25, 0, 0 
4, 73984, 447075906, 0.00, 100.00, 0.00, 2.25, 0, 0 
5, 73984, 449240731, 0.00, 100.00, 0.00, 2.25, 0, 0 
6, 73984, 451375513, 0.00, 100.00, 0.00, 2.25, 0, 0 
7, 73984, 453539946, 0.00, 100.00, 0.00, 2.25, 0, 0 
8, 73984, 455334169, 0.00, 100.00, 0.00, 2.25, 0, 0 
9, 73984, 457357502, 0.00, 100.00, 0.00, 2.25, 0, 0 
0, 73984, 459553532, 0.00, 100.00, 0.00, 2.25, 0, 0 
1, 73984, 461749073, 0.00, 100.00, 0.00, 2.25, 0, 0 
2, 73984, 463944122, 0.00, 100.00, 0.00, 2.25, 0, 0 
3, 73984, 466006175, 0.00, 100.00, 0.00, 2.25, 0, 0 
4, 73984, 467947459, 0.00, 100.00, 0.00, 2.25, 0, 0 
5, 73984, 469961746, 0.00, 100.00, 0.00, 2.25, 0, 0 
6, 73984, 472127452, 0.00, 100.00, 0.00, 2.25, 0, 0 
7, 73984, 474234157, 0.00, 100.00, 0.00, 2.25, 0, 0 
8, 73984, 476046612, 0.00, 100.00, 0.00, 2.25, 0, 0 
9, 73984, 477635914, 0.00, 100.00, 0.00, 2.25, 0, 0 
0, 73984, 479256191, 0.00, 100.00, 0.00, 2.25, 0, 0 
1, 73984, 480824792, 0.00, 100.00, 0.00, 2.25, 0, 0 
2, 73984, 482441158, 0.00, 100.00, 0.00, 2.25, 0, 0 
3, 73984, 484026637, 0.00, 100.00, 0.00, 2.25, 0, 0 
4, 73984, 485624632, 0.00, 100.00, 0.00, 2.25, 0, 0 
5, 73984, 487220097, 0.00, 100.00, 0.00, 2.25, 0, 0 
6, 73984, 488814720, 0.00, 100.00, 0.00, 2.25, 0, 0 
7, 73984, 490408789, 0.00, 100.00, 0.00, 2.25, 0, 0 
8, 73984, 491960016, 0.00, 100.00, 0.00, 2.25, 0, 0 
9, 73984, 493415194, 0.00, 100.00, 0.00, 2.25, 0, 0 
0, 73984, 494880826, 0.00, 100.00, 0.00, 2.25, 0, 0 
1, 73984, 496339919, 0.00, 100.00, 0.00, 2.25, 0, 0 
2, 73984, 497771955, 0.00, 100.00, 0.00, 2.25, 0, 0 
3, 73984, 499261534, 0.00, 100.00, 0.00, 2.25, 0, 0 
4, 73984, 500906321, 0.00, 100.00, 0.00, 2.25, 0, 0 
5, 73984, 502517387, 0.00, 100.00, 0.00, 2.25, 0, 0 
6, 73984, 504125893, 0.00, 100.00, 0.00, 2.25, 0, 0 
7, 73984, 505698477, 0.00, 100.00, 0.00, 2.25, 0, 0 
8, 73984, 507301878, 0.00, 100.00, 0.00, 2.25, 0, 0 
9, 73984, 508929427, 0.00, 100.00, 0.00, 2.25, 0, 0 
0, 73984, 510539328, 0.00, 100.00, 0.00, 2.25, 0, 0 
1, 73984, 512201746, 0.00, 100.00, 0.00, 2.25, 0, 0 
2, 73984, 514008488, 0.00, 100.00, 0.00, 2.25, 0, 0 
3, 73984, 515599619, 0.00, 100.00, 0.00, 2.25, 0, 0 
4, 73984, 517469057, 0.00, 100.00, 0.00, 2.25, 0, 0 
5, 73984, 519218164, 0.00, 100.00, 0.00, 2.25, 0, 0 
6, 73984, 520956942, 0.00, 100.00, 0.00, 2.25, 0, 0 
7, 73984, 522692541, 0.00, 100.00, 0.00, 2.25, 0, 0 
8, 73984, 524430927, 0.00, 100.00, 0.00, 2.25, 0, 0 
9, 73984, 526277854, 0.00, 100.00, 0.00, 2.25, 0, 0 
0, 73984, 528163098, 0.00, 100.00, 0.00, 2.25, 0, 0 
1, 73984, 529879150, 0.00, 100.00, 0.00, 2.25, 0, 0 
2, 73984, 531560305, 0.00, 100.00, 0.00, 2.25, 0, 0 
3, 73984, 533230838, 0.00, 100.00, 0.00, 2.25, 0, 0 
4, 73984, 535109816, 0.00, 100.00, 0.00, 2.25, 0, 0 
5, 73984, 536973169, 0.00, 100.00, 0.00, 2.25, 0, 0 
6, 73984, 538745908, 0.00, 100.00, 0.00, 2.25, 0, 0 
7, 73984, 540439387, 0.00, 100.00, 0.00, 2.25, 0, 0 
8, 73984, 542325426, 0.00, 100.00, 0.00, 2.25, 0, 0 
9, 73984, 544062314, 0.00, 100.00, 0.00, 2.25, 0, 0 
0, 73984, 545752621, 0.00, 100.00, 0.00, 2.25, 0, 0 
1, 73984, 547520512, 0.00, 100.00, 0.00, 2.25, 0, 0 
2, 73984, 549307805, 0.00, 100.00, 0.00, 2.25, 0, 0 
3, 73984, 551173754, 0.00, 100.00, 0.00, 2.25, 0, 0 
4, 73984, 553072249, 0.00, 100.00, 0.00, 2.25, 0, 0 
5, 73984, 555080742, 0.00, 100.00, 0.00, 2.25, 0, 0 
6, 73984, 557173189, 0.00, 100.00, 0.00, 2.25, 0, 0 
7, 73984, 559145483, 0.00, 100.00, 0.00, 2.25, 0, 0 
8, 73984, 560987337, 0.00, 100.00, 0.00, 2.25, 0, 0 
9, 73984, 562845997, 0.00, 100.00, 0.00, 2.25, 0, 0 
0, 73984, 564958321, 0.00, 100.00, 0.00, 2.25, 0, 0 
1, 73984, 566983723, 0.00, 100.00, 0.00, 2.25, 0, 0 
2, 73984, 568913900, 0.00, 100.00, 0.00, 2.25, 0, 0 
3, 73984, 570801382, 0.00, 100.00, 0.00, 2.25, 0, 0 
4, 73984, 572755879, 0.00, 100.00, 0.00, 2.25, 0, 0 
5, 73984, 574727737, 0.00, 100.00, 0.00, 2.25, 0, 0 
6, 73984, 576796663, 0.00, 100.00, 0.00, 2.25, 0, 0 
7, 73984, 578833753, 0.00, 100.00, 0.00, 2.25, 0, 0 
8, 73984, 580739089, 0.00, 100.00, 0.00, 2.25, 0, 0 
9, 73984, 582627512, 0.00, 100.00, 0.00, 2.25, 0, 0 
0, 73984, 584505013, 0.00, 100.00, 0.00, 2.25, 0, 0 
1, 73984, 586426498, 0.00, 100.00, 0.00, 2.25, 0, 0 
2, 73984, 588278255, 0.00, 100.00, 0.00, 2.25, 0, 0 
3, 73984, 590070110, 0.00, 100.00, 0.00, 2.25, 0, 0 
4, 73984, 591909288, 0.00, 100.00, 0.00, 2.25, 0, 0 
5, 73984, 593812424, 0.00, 100.00, 0.00, 2.25, 0, 0 
6, 73984, 595705682, 0.00, 100.00, 0.00, 2.25, 0, 0 
7, 73984, 597635422, 0.00, 100.00, 0.00, 2.25, 0, 0 
8, 73984, 599588262, 0.00, 100.00, 0.00, 2.25, 0, 0 
9, 73984, 601461356, 0.00, 100.00, 0.00, 2.25, 0, 0 
0, 73984, 603496482, 0.00, 100.00, 0.00, 2.25, 0, 0 
1, 73984, 605487929, 0.00, 100.00, 0.00, 2.25, 0, 0 
2, 73984, 607465227, 0.00, 100.00, 0.00, 2.25, 0, 0 
3, 73984, 609476102, 0.00, 100.00, 0.00, 2.25, 0, 0 
4, 73984, 611423723, 0.00, 100.00, 0.00, 2.25, 0, 0 
5, 73984, 613362096, 0.00, 100.00, 0.00, 2.25, 0, 0 
6, 73984, 615354186, 0.00, 100.00, 0.00, 2.25, 0, 0 
7, 73984, 617566542, 0.00, 100.00, 0.00, 2.25, 0, 0 
8, 73984, 619503744, 0.00, 100.00, 0.00, 2.25, 0, 0 
9, 73984, 621542509, 0.00, 100.00, 0.00, 2.25, 0, 0 
0, 73984, 623550209, 0.00, 100.00, 0.00, 2.25, 0, 0 
1, 73984, 625565169, 0.00, 100.00, 0.00, 2.25, 0, 0 
2, 73984, 627587818, 0.00, 100.00, 0.00, 2.25, 0, 0 
3, 73984, 629496926, 0.00, 100.00, 0.00, 2.25, 0, 0 
4, 73984, 631273869, 0.00, 100.00, 0.00, 2.25, 0, 0 
5, 73984, 633048799, 0.00, 100.00, 0.00, 2.25, 0, 0 
6, 73984, 634969180, 0.00, 100.00, 0.00, 2.25, 0, 0 
7, 73984, 636936077, 0.00, 100.00, 0.00, 2.25, 0, 0 
8, 73984, 638834717, 0.00, 100.00, 0.00, 2.25, 0, 0 
9, 73984, 640728983, 0.00, 100.00, 0.00, 2.25, 0, 0 
0, 73984, 642736493, 0.00, 100.00, 0.00, 2.25, 0, 0 
1, 73984, 644727640, 0.00, 100.00, 0.00, 2.25, 0, 0 
2, 73984, 646489891, 0.00, 100.00, 0.00, 2.25, 0, 0 
3, 73984, 648292000, 0.00, 100.00, 0.00, 2.25, 0, 0 
4, 73984, 650225168, 0.00, 100.00, 0.00, 2.25, 0, 0 
5, 73984, 652114681, 0.00, 100.00, 0.00, 2.25, 0, 0 
6, 73984, 654008025, 0.00, 100.00, 0.00, 2.25, 0, 0 
7, 73984, 655968109, 0.00, 100.00, 0.00, 2.25, 0, 0 
8, 73984, 657999040, 0.00, 100.00, 0.00, 2.25, 0, 0 
9, 73984, 660082139, 0.00, 100.00, 0.00, 2.25, 0, 0 
0, 73984, 662114744, 0.00, 100.00, 0.00, 2.25, 0, 0 
1, 73984, 664121881, 0.00, 100.00, 0.00, 2.25, 0, 0 
2, 73984, 666088844, 0.00, 100.00, 0.00, 2.25, 0, 0 
3, 73984, 668113545, 0.00, 100.00, 0.00, 2.25, 0, 0 
4, 73984, 670183806, 0.00, 100.00, 0.00, 2.25, 0, 0 
5, 73984, 672131328, 0.00, 100.00, 0.00, 2.25, 0, 0 
6, 73984, 674205865, 0.00, 100.00, 0.00, 2.25, 0, 0 
7, 73984, 676321870, 0.00, 100.00, 0.00, 2.25, 0, 0 
8, 73984, 678326464, 0.00, 100.00, 0.00, 2.25, 0, 0 
9, 73984, 680367718, 0.00, 100.00, 0.00, 2.25, 0, 0 
0, 73984, 682538637, 0.00, 100.00, 0.00, 2.25, 0, 0 
1, 73984, 684457345, 0.00, 100.00, 0.00, 2.25, 0, 0 
2, 73984, 686417888, 0.00, 100.00, 0.00, 2.25, 0, 0 
3, 73984, 688346563, 0.00, 100.00, 0.00, 2.25, 0, 0 
4, 73984, 690443673, 0.00, 100.00, 0.00, 2.25, 0, 0 
5, 73984, 692526141, 0.00, 100.00, 0.00, 2.25, 0, 0 
6, 73984, 694662112, 0.00, 100.00, 0.00, 2.25, 0, 0 
7, 73984, 696663213, 0.00, 100.00, 0.00, 2.25, 0, 0 
8, 73984, 698805737, 0.00, 100.00, 0.00, 2.25, 0, 0 
9, 73984, 700798375, 0.00, 100.00, 0.00, 2.25, 0, 0 
0, 73984, 702789432, 0.00, 100.00, 0.00, 2.25, 0, 0 
1, 73984, 704872708, 0.00, 100.00, 0.00, 2.25, 0, 0 
2, 73984, 706712175, 0.00, 100.00, 0.00, 2.25, 0, 0 
3, 73984, 708518958, 0.00, 100.00, 0.00, 2.25, 0, 0 
4, 73984, 710347928, 0.00, 100.00, 0.00, 2.25, 0, 0 
5, 73984, 712279022, 0.00, 100.00, 0.00, 2.25, 0, 0 
6, 73984, 714184560, 0.00, 100.00, 0.00, 2.25, 0, 0 
7, 73984, 716085224, 0.00, 100.00, 0.00, 2.25, 0, 0 
8, 73984, 717893442, 0.00, 100.00, 0.00, 2.25, 0, 0 
9, 73984, 719802355, 0.00, 100.00, 0.00, 2.25, 0, 0 
0, 73984, 721849875, 0.00, 100.00, 0.00, 2.25, 0, 0 
1, 73984, 723973018, 0.00, 100.00, 0.00, 2.25, 0, 0 
2, 73984, 726008543, 0.00, 100.00, 0.00, 2.25, 0, 0 
3, 73984, 727983116, 0.00, 100.00, 0.00, 2.25, 0, 0 
4, 73984, 729935617, 0.00, 100.00, 0.00, 2.25, 0, 0 
5, 73984, 731790509, 0.00, 100.00, 0.00, 2.25, 0, 0 
6, 73984, 733782247, 0.00, 100.00, 0.00, 2.25, 0, 0 
7, 73984, 735848133, 0.00, 100.00, 0.00, 2.25, 0, 0 
8, 73984, 737847055, 0.00, 100.00, 0.00, 2.25, 0, 0 
9, 73984, 739830247, 0.00, 100.00, 0.00, 2.25, 0, 0 
0, 73984, 741751486, 0.00, 100.00, 0.00, 2.25, 0, 0 
1, 73984, 743629560, 0.00, 100.00, 0.00, 2.25, 0, 0 
2, 73984, 745416747, 0.00, 100.00, 0.00, 2.25, 0, 0 
3, 73984, 747265607, 0.00, 100.00, 0.00, 2.25, 0, 0 
4, 73984, 748987380, 0.00, 100.00, 0.00, 2.25, 0, 0 
5, 73984, 750753349, 0.00, 100.00, 0.00, 2.25, 0, 0 
6, 73984, 752701889, 0.00, 100.00, 0.00, 2.25, 0, 0 
7, 73984, 754881452, 0.00, 100.00, 0.00, 2.25, 0, 0 
8, 73984, 756801745, 0.00, 100.00, 0.00, 2.25, 0, 0 
9, 73984, 758641456, 0.00, 100.00, 0.00, 2.25, 0, 0 
0, 73984, 760584874, 0.00, 100.00, 0.00, 2.25, 0, 0 
1, 73984, 762417701, 0.00, 100.00, 0.00, 2.25, 0, 0 
2, 73984, 764262448, 0.00, 100.00, 0.00, 2.25, 0, 0 
3, 73984, 766209403, 0.00, 100.00, 0.00, 2.25, 0, 0 
4, 73984, 768038190, 0.00, 100.00, 0.00, 2.25, 0, 0 
5, 73984, 769953535, 0.00, 100.00, 0.00, 2.25, 0, 0 
6, 73984, 772130149, 0.00, 100.00, 0.00, 2.25, 0, 0 
7, 73984, 774079173, 0.00, 100.00, 0.00, 2.25, 0, 0 
8, 73984, 775879248, 0.00, 100.00, 0.00, 2.25, 0, 0 
9, 73984, 777781831, 0.00, 100.00, 0.00, 2.25, 0, 0 
0, 73984, 779703684, 0.00, 100.00, 0.00, 2.25, 0, 0 
1, 73984, 781530622, 0.00, 100.00, 0.00, 2.25, 0, 0 
2, 73984, 783489656, 0.00, 100.00, 0.00, 2.25, 0, 0 
3, 73984, 785547319, 0.00, 100.00, 0.00, 2.25, 0, 0 
4, 73984, 787330296, 0.00, 100.00, 0.00, 2.25, 0, 0 
5, 73984, 789278840, 0.00, 100.00, 0.00, 2.25, 0, 0 
6, 73984, 791311840, 0.00, 100.00, 0.00, 2.25, 0, 0 
7, 73984, 793283206, 0.00, 100.00, 0.00, 2.25, 0, 0 
8, 73984, 795505441, 0.00, 100.00, 0.00, 2.25, 0, 0 
9, 73984, 797399669, 0.00, 100.00, 0.00, 2.25, 0, 0 
0, 73984, 799271713, 0.00, 100.00, 0.00, 2.25, 0, 0 
1, 73984, 801418554, 0.00, 100.00, 0.00, 2.25, 0, 0 
2, 73984, 803418153, 0.00, 100.00, 0.00, 2.25, 0, 0 
3, 73984, 805220477, 0.00, 100.00, 0.00, 2.25, 0, 0 
4, 73984, 807224207, 0.00, 100.00, 0.00, 2.25, 0, 0 
5, 73984, 809137544, 0.00, 100.00, 0.00, 2.25, 0, 0 
6, 73984, 811049014, 0.00, 100.00, 0.00, 2.25, 0, 0 
7, 73984, 812906488, 0.00, 100.00, 0.00, 2.25, 0, 0 
8, 73984, 814784525, 0.00, 100.00, 0.00, 2.25, 0, 0 
9, 73984, 816881097, 0.00, 100.00, 0.00, 2.25, 0, 0 
0, 73984, 818744347, 0.00, 100.00, 0.00, 2.25, 0, 0 
1, 73984, 820895399, 0.00, 100.00, 0.00, 2.25, 0, 0 
2, 73984, 822732099, 0.00, 100.00, 0.00, 2.25, 0, 0 
3, 73984, 824644457, 0.00, 100.00, 0.00, 2.25, 0, 0 
4, 73984, 826504717, 0.00, 100.00, 0.00, 2.25, 0, 0 
5, 73984, 828711486, 0.00, 100.00, 0.00, 2.25, 0, 0 
6, 73984, 830713180, 0.00, 100.00, 0.00, 2.25, 0, 0 
7, 73984, 832752832, 0.00, 100.00, 0.00, 2.25, 0, 0 
8, 73984, 834765624, 0.00, 100.00, 0.00, 2.25, 0, 0 
9, 73984, 836783525, 0.00, 100.00, 0.00, 2.25, 0, 0 
0, 73984, 838814696, 0.00, 100.00, 0.00, 2.25, 0, 0 
1, 73984, 840874249, 0.00, 100.00, 0.00, 2.25, 0, 0 
2, 73984, 842934631, 0.00, 100.00, 0.00, 2.25, 0, 0 
3, 73984, 844821712, 0.00, 100.00, 0.00, 2.25, 0, 0 
4, 73984, 846817280, 0.00, 100.00, 0.00, 2.25, 0, 0 
5, 73984, 848791157, 0.00, 100.00, 0.00, 2.25, 0, 0 
6, 73984, 850669947, 0.00, 100.00, 0.00, 2.25, 0, 0 
7, 73984, 852515760, 0.00, 100.00, 0.00, 2.25, 0, 0 
8, 73984, 854730676, 0.00, 100.00, 0.00, 2.25, 0, 0 
9, 73984, 856646561, 0.00, 100.00, 0.00, 2.25, 0, 0 
0, 73984, 858643158, 0.00, 100.00, 0.00, 2.25, 0, 0 
1, 73984, 860757011, 0.00, 100.00, 0.00, 2.25, 0, 0 
2, 73984, 862860568, 0.00, 100.00, 0.00, 2.25, 0, 0 
3, 73984, 864846511, 0.00, 100.00, 0.00, 2.25, 0, 0 
4, 73984, 866851022, 0.00, 100.00, 0.00, 2.25, 0, 0 
5, 73984, 868853283, 0.00, 100.00, 0.00, 2.25, 0, 0 
6, 73984, 870837692, 0.00, 100.00, 0.00, 2.25, 0, 0 
7, 73984, 872844506, 0.00, 100.00, 0.00, 2.25, 0, 0 
8, 73984, 874828072, 0.00, 100.00, 0.00, 2.25, 0, 0 
9, 73984, 876862923, 0.00, 100.00, 0.00, 2.25, 0, 0 
0, 73984, 878872651, 0.00, 100.00, 0.00, 2.25, 0, 0 
1, 73984, 880969885, 0.00, 100.00, 0.00, 2.25, 0, 0 
2, 73984, 882939984, 0.00, 100.00, 0.00, 2.25, 0, 0 
3, 73984, 884757158, 0.00, 100.00, 0.00, 2.25, 0, 0 
4, 73984, 886894530, 0.00, 100.00, 0.00, 2.25, 0, 0 
5, 73984, 888936890, 0.00, 100.00, 0.00, 2.25, 0, 0 
6, 73984, 890892025, 0.00, 100.00, 0.00, 2.25, 0, 0 
7, 73984, 892869296, 0.00, 100.00, 0.00, 2.25, 0, 0 
8, 73984, 894905364, 0.00, 100.00, 0.00, 2.25, 0, 0 
9, 73984, 896889995, 0.00, 100.00, 0.00, 2.25, 0, 0 
0, 73984, 898978251, 0.00, 100.00, 0.00, 2.25, 0, 0 
1, 73984, 900973782, 0.00, 100.00, 0.00, 2.25, 0, 0 
2, 73984, 902850204, 0.00, 100.00, 0.00, 2.25, 0, 0 
3, 73984, 904673932, 0.00, 100.00, 0.00, 2.25, 0, 0 
4, 73984, 906546579, 0.00, 100.00, 0.00, 2.25, 0, 0 
5, 73984, 908455131, 0.00, 100.00, 0.00, 2.25, 0, 0 
6, 73984, 910328645, 0.00, 100.00, 0.00, 2.25, 0, 0 
7, 73984, 912356610, 0.00, 100.00, 0.00, 2.25, 0, 0 
8, 73984, 914158199, 0.00, 100.00, 0.00, 2.25, 0, 0 
9, 73984, 916039614, 0.00, 100.00, 0.00, 2.25, 0, 0 
0, 73984, 917917762, 0.00, 100.00, 0.00, 2.25, 0, 0 
1, 73984, 919982385, 0.00, 100.00, 0.00, 2.25, 0, 0 
2, 73984, 921978199, 0.00, 100.00, 0.00, 2.25, 0, 0 
3, 73984, 923927947, 0.00, 100.00, 0.00, 2.25, 0, 0 
4, 73984, 925838645, 0.00, 100.00, 0.00, 2.25, 0, 0 
5, 73984, 927837693, 0.00, 100.00, 0.00, 2.25, 0, 0 
6, 73984, 929788621, 0.00, 100.00, 0.00, 2.25, 0, 0 
7, 73984, 931733039, 0.00, 100.00, 0.00, 2.25, 0, 0 
8, 73984, 933533508, 0.00, 100.00, 0.00, 2.25, 0, 0 
9, 73984, 935381012, 0.00, 100.00, 0.00, 2.25, 0, 0 
0, 73984, 937431175, 0.00, 100.00, 0.00, 2.25, 0, 0 
1, 73984, 939480585, 0.00, 100.00, 0.00, 2.25, 0, 0 
2, 73984, 941478741, 0.00, 100.00, 0.00, 2.25, 0, 0 
3, 73984, 943526236, 0.00, 100.00, 0.00, 2.25, 0, 0 
4, 73984, 945520705, 0.00, 100.00, 0.00, 2.25, 0, 0 
5, 73984, 947502960, 0.00, 100.00, 0.00, 2.25, 0, 0 
6, 73984, 949500402, 0.00, 100.00, 0.00, 2.25, 0, 0 
7, 73984, 951688668, 0.00, 100.00, 0.00, 2.25, 0, 0 
8, 73984, 953838616, 0.00, 100.00, 0.00, 2.25, 0, 0 
9, 73984, 955811663, 0.00, 100.00, 0.00, 2.25, 0, 0 
0, 73984, 957883033, 0.00, 100.00, 0.00, 2.25, 0, 0 
1, 73984, 959990699, 0.00, 100.00, 0.00, 2.25, 0, 0 
2, 73984, 962144565, 0.00, 100.00, 0.00, 2.25, 0, 0 
3, 73984, 964101544, 0.00, 100.00, 0.00, 2.25, 0, 0 
4, 73985, 6491147, 0.00, 100.00, 0.00, 2.25, 0, 0 
5, 73985, 176065386, 0.00, 100.00, 0.00, 2.25, 0, 0 
6, 73985, 854489171, 0.00, 100.00, 0.00, 2.25, 0, 0 
7, 73985, 857019041, 0.00, 100.00, 0.00, 2.25, 0, 0 
8, 73985, 859469892, 0.00, 100.00, 0.00, 2.25, 0, 0 
9, 73985, 861638383, 0.00, 100.00, 0.00, 2.25, 0, 0 
0, 73985, 863779762, 0.00, 100.00, 0.00, 2.25, 0, 0 
1, 73985, 865934708, 0.00, 100.00, 0.00, 2.25, 0, 0 
2, 73985, 868121514, 0.00, 100.00, 0.00, 2.25, 0, 0 
3, 73985, 870397081, 0.00, 100.00, 0.00, 2.25, 0, 0 
4, 73985, 872513487, 0.00, 100.00, 0.00, 2.25, 0, 0 
5, 73985, 874756373, 0.00, 100.00, 0.00, 2.25, 0, 0 
6, 73985, 877154337, 0.00, 100.00, 0.00, 2.25, 0, 0 
7, 73985, 879698898, 0.00, 100.00, 0.00, 2.25, 0, 0 
8, 73985, 881750329, 0.00, 100.00, 0.00, 2.25, 0, 0 
9, 73985, 884027851, 0.00, 100.00, 0.00, 2.25, 0, 0 
0, 73985, 886343683, 0.00, 100.00, 0.00, 2.25, 0, 0 
1, 73985, 888603683, 0.00, 100.00, 0.00, 2.25, 0, 0 
2, 73985, 891126103, 0.00, 100.00, 0.00, 2.25, 0, 0 
3, 73985, 893442678, 0.00, 100.00, 0.00, 2.25, 0, 0 
4, 73985, 895521561, 0.00, 100.00, 0.00, 2.25, 0, 0 
5, 73985, 897562294, 0.00, 100.00, 0.00, 2.25, 0, 0 
6, 73985, 899798269, 0.00, 100.00, 0.00, 2.25, 0, 0 
7, 73985, 901963989, 0.00, 100.00, 0.00, 2.25, 0, 0 
8, 73985, 904115384, 0.00, 100.00, 0.00, 2.25, 0, 0 
9, 73985, 906358747, 0.00, 100.00, 0.00, 2.25, 0, 0 
0, 73985, 908644936, 0.00, 100.00, 0.00, 2.25, 0, 0 
1, 73985, 910905624, 0.00, 100.00, 0.00, 2.25, 0, 0 
2, 73985, 913014442, 0.00, 100.00, 0.00, 2.25, 0, 0 
3, 73985, 915030641, 0.00, 100.00, 0.00, 2.25, 0, 0 
4, 73985, 917005002, 0.00, 100.00, 0.00, 2.25, 0, 0 
5, 73985, 919135276, 0.00, 100.00, 0.00, 2.25, 0, 0 
6, 73985, 921294739, 0.00, 100.00, 0.00, 2.25, 0, 0 
7, 73985, 923245359, 0.00, 100.00, 0.00, 2.25, 0, 0 
8, 73985, 925262544, 0.00, 100.00, 0.00, 2.25, 0, 0 
9, 73985, 927329219, 0.00, 100.00, 0.00, 2.25, 0, 0 
0, 73985, 929328776, 0.00, 100.00, 0.00, 2.25, 0, 0 
1, 73985, 931517499, 0.00, 100.00, 0.00, 2.25, 0, 0 
2, 73985, 933584598, 0.00, 100.00, 0.00, 2.25, 0, 0 
3, 73985, 935609322, 0.00, 100.00, 0.00, 2.25, 0, 0 
4, 73985, 937584162, 0.00, 100.00, 0.00, 2.25, 0, 0 
5, 73985, 939554505, 0.00, 100.00, 0.00, 2.25, 0, 0 
6, 73985, 941612756, 0.00, 100.00, 0.00, 2.25, 0, 0 
7, 73985, 943726397, 0.00, 100.00, 0.00, 2.25, 0, 0 
8, 73985, 945803856, 0.00, 100.00, 0.00, 2.25, 0, 0 
9, 73985, 947771006, 0.00, 100.00, 0.00, 2.25, 0, 0 
0, 73985, 949844193, 0.00, 100.00, 0.00, 2.25, 0, 0 
1, 73985, 951968569, 0.00, 100.00, 0.00, 2.25, 0, 0 
2, 73985, 953928807, 0.00, 100.00, 0.00, 2.25, 0, 0 
3, 73985, 955785501, 0.00, 100.00, 0.00, 2.25, 0, 0 
4, 73985, 957634281, 0.00, 100.00, 0.00, 2.25, 0, 0 
5, 73985, 959875397, 0.00, 100.00, 0.00, 2.25, 0, 0 
6, 73985, 962186089, 0.00, 100.00, 0.00, 2.25, 0, 0 
7, 73985, 964351043, 0.00, 100.00, 0.00, 2.25, 0, 0 
8, 73986, 7492956, 0.00, 100.00, 0.00, 2.25, 0, 0 
9, 73986, 180162536, 0.00, 100.00, 0.00, 2.25, 0, 0 
0, 73986, 870990691, 0.00, 100.00, 0.00, 2.25, 0, 0 
1, 73986, 873883542, 0.00, 100.00, 0.00, 2.25, 0, 0 
2, 73986, 876543499, 0.00, 100.00, 0.00, 2.25, 0, 0 
3, 73986, 879175941, 0.00, 100.00, 0.00, 2.25, 0, 0 
4, 73986, 881776762, 0.00, 100.00, 0.00, 2.25, 0, 0 
5, 73986, 883847720, 0.00, 100.00, 0.00, 2.25, 0, 0 
6, 73986, 886121758, 0.00, 100.00, 0.00, 2.25, 0, 0 
7, 73986, 888379925, 0.00, 100.00, 0.00, 2.25, 0, 0 
8, 73986, 890602470, 0.00, 100.00, 0.00, 2.25, 0, 0 
9, 73986, 892904295, 0.00, 100.00, 0.00, 2.25, 0, 0 
0, 73986, 895327378, 0.00, 100.00, 0.00, 2.25, 0, 0 
1, 73986, 897623940, 0.00, 100.00, 0.00, 2.25, 0, 0 
2, 73986, 899820657, 0.00, 100.00, 0.00, 2.25, 0, 0 
3, 73986, 902117744, 0.00, 100.00, 0.00, 2.25, 0, 0 
4, 73986, 904362710, 0.00, 100.00, 0.00, 2.25, 0, 0 
5, 73986, 906664878, 0.00, 100.00, 0.00, 2.25, 0, 0 
6, 73986, 908852641, 0.00, 100.00, 0.00, 2.25, 0, 0 
7, 73986, 911051398, 0.00, 100.00, 0.00, 2.25, 0, 0 
8, 73986, 913148397, 0.00, 100.00, 0.00, 2.25, 0, 0 
9, 73986, 915186888, 0.00, 100.00, 0.00, 2.25, 0, 0 
0, 73986, 917394815, 0.00, 100.00, 0.00, 2.25, 0, 0 
1, 73986, 919379944, 0.00, 100.00, 0.00, 2.25, 0, 0 
2, 73986, 921339243, 0.00, 100.00, 0.00, 2.25, 0, 0 
3, 73986, 923288551, 0.00, 100.00, 0.00, 2.25, 0, 0 
4, 73986, 925338040, 0.00, 100.00, 0.00, 2.25, 0, 0 
5, 73986, 927472343, 0.00, 100.00, 0.00, 2.25, 0, 0 
6, 73986, 929494711, 0.00, 100.00, 0.00, 2.25, 0, 0 
7, 73986, 931516703, 0.00, 100.00, 0.00, 2.25, 0, 0 
8, 73986, 933627988, 0.00, 100.00, 0.00, 2.25, 0, 0 
9, 73986, 935638566, 0.00, 100.00, 0.00, 2.25, 0, 0 
0, 73986, 937567088, 0.00, 100.00, 0.00, 2.25, 0, 0 
1, 73986, 939362524, 0.00, 100.00, 0.00, 2.25, 0, 0 
2, 73986, 941172947, 0.00, 100.00, 0.00, 2.25, 0, 0 
3, 73986, 943165439, 0.00, 100.00, 0.00, 2.25, 0, 0 
4, 73986, 945221696, 0.00, 100.00, 0.00, 2.25, 0, 0 
5, 73986, 947180796, 0.00, 100.00, 0.00, 2.25, 0, 0 
6, 73986, 949218348, 0.00, 100.00, 0.00, 2.25, 0, 0 
7, 73986, 951228082, 0.00, 100.00, 0.00, 2.25, 0, 0 
8, 73986, 953187677, 0.00, 100.00, 0.00, 2.25, 0, 0 
9, 73986, 955196488, 0.00, 100.00, 0.00, 2.25, 0, 0 
0, 73986, 957234862, 0.00, 100.00, 0.00, 2.25, 0, 0 
1, 73986, 959191458, 0.00, 100.00, 0.00, 2.25, 0, 0 
2, 73986, 961203657, 0.00, 100.00, 0.00, 2.25, 0, 0 
3, 73986, 963132410, 0.00, 100.00, 0.00, 2.25, 0, 0 
4, 73987, 2720580, 0.00, 100.00, 0.00, 2.25, 0, 0 
5, 73987, 160931616, 0.00, 100.00, 0.00, 2.25, 0, 0 
6, 73987, 793777354, 0.00, 100.00, 0.00, 2.25, 0, 0 
7, 73987, 795482801, 0.00, 100.00, 0.00, 2.25, 0, 0 
8, 73987, 797079554, 0.00, 100.00, 0.00, 2.25, 0, 0 
9, 73987, 798683372, 0.00, 100.00, 0.00, 2.25, 0, 0 
0, 73987, 800246733, 0.00, 100.00, 0.00, 2.25, 0, 0 
1, 73987, 801848549, 0.00, 100.00, 0.00, 2.25, 0, 0 
2, 73987, 803434900, 0.00, 100.00, 0.00, 2.25, 0, 0 
3, 73987, 804936672, 0.00, 100.00, 0.00, 2.25, 0, 0 
4, 73987, 806498833, 0.00, 100.00, 0.00, 2.25, 0, 0 
5, 73987, 808140567, 0.00, 100.00, 0.00, 2.25, 0, 0 
6, 73987, 809687883, 0.00, 100.00, 0.00, 2.25, 0, 0 
7, 73987, 811150310, 0.00, 100.00, 0.00, 2.25, 0, 0 
8, 73987, 812781252, 0.00, 100.00, 0.00, 2.25, 0, 0 
9, 73987, 814376016, 0.00, 100.00, 0.00, 2.25, 0, 0 
0, 73987, 815992440, 0.00, 100.00, 0.00, 2.25, 0, 0 
1, 73987, 817579409, 0.00, 100.00, 0.00, 2.25, 0, 0 
2, 73987, 819167541, 0.00, 100.00, 0.00, 2.25, 0, 0 
3, 73987, 820765654, 0.00, 100.00, 0.00, 2.25, 0, 0 
4, 73987, 822322050, 0.00, 100.00, 0.00, 2.25, 0, 0 
5, 73987, 823878858, 0.00, 100.00, 0.00, 2.25, 0, 0 
6, 73987, 825389473, 0.00, 100.00, 0.00, 2.25, 0, 0 
7, 73987, 827016597, 0.00, 100.00, 0.00, 2.25, 0, 0 
8, 73987, 828607856, 0.00, 100.00, 0.00, 2.25, 0, 0 
9, 73987, 830196900, 0.00, 100.00, 0.00, 2.25, 0, 0 
0, 73987, 831808274, 0.00, 100.00, 0.00, 2.25, 0, 0 
1, 73987, 833410508, 0.00, 100.00, 0.00, 2.25, 0, 0 
2, 73987, 834987121, 0.00, 100.00, 0.00, 2.25, 0, 0 
3, 73987, 836589250, 0.00, 100.00, 0.00, 2.25, 0, 0 
4, 73987, 838164432, 0.00, 100.00, 0.00, 2.25, 0, 0 
5, 73987, 839790986, 0.00, 100.00, 0.00, 2.25, 0, 0 
6, 73987, 841392201, 0.00, 100.00, 0.00, 2.25, 0, 0 
7, 73987, 842967152, 0.00, 100.00, 0.00, 2.25, 0, 0 
8, 73987, 844565846, 0.00, 100.00, 0.00, 2.25, 0, 0 
9, 73987, 846174923, 0.00, 100.00, 0.00, 2.25, 0, 0 
0, 73987, 847778568, 0.00, 100.00, 0.00, 2.25, 0, 0 
1, 73987, 849378705, 0.00, 100.00, 0.00, 2.25, 0, 0 
2, 73987, 850961896, 0.00, 100.00, 0.00, 2.25, 0, 0 
3, 73987, 852556536, 0.00, 100.00, 0.00, 2.25, 0, 0 
4, 73987, 854170032, 0.00, 100.00, 0.00, 2.25, 0, 0 
5, 73987, 855757254, 0.00, 100.00, 0.00, 2.25, 0, 0 
6, 73987, 857336072, 0.00, 100.00, 0.00, 2.25, 0, 0 
7, 73987, 858894005, 0.00, 100.00, 0.00, 2.25, 0, 0 
8, 73987, 860407748, 0.00, 100.00, 0.00, 2.25, 0, 0 
9, 73987, 861990125, 0.00, 100.00, 0.00, 2.25, 0, 0 
0, 73987, 863593854, 0.00, 100.00, 0.00, 2.25, 0, 0 
1, 73987, 865192370, 0.00, 100.00, 0.00, 2.25, 0, 0 
2, 73987, 866760862, 0.00, 100.00, 0.00, 2.25, 0, 0 
3, 73987, 868363518, 0.00, 100.00, 0.00, 2.25, 0, 0 
4, 73987, 869960496, 0.00, 100.00, 0.00, 2.25, 0, 0 
5, 73987, 871562686, 0.00, 100.00, 0.00, 2.25, 0, 0 
6, 73987, 873284016, 0.00, 100.00, 0.00, 2.25, 0, 0 
7, 73987, 875019976, 0.00, 100.00, 0.00, 2.25, 0, 0 
8, 73987, 876696515, 0.00, 100.00, 0.00, 2.25, 0, 0 
9, 73987, 878354312, 0.00, 100.00, 0.00, 2.25, 0, 0 
0, 73987, 880101903, 0.00, 100.00, 0.00, 2.25, 0, 0 
1, 73987, 881793461, 0.00, 100.00, 0.00, 2.25, 0, 0 
2, 73987, 883417073, 0.00, 100.00, 0.00, 2.25, 0, 0 
3, 73987, 885030875, 0.00, 100.00, 0.00, 2.25, 0, 0 
4, 73987, 886694408, 0.00, 100.00, 0.00, 2.25, 0, 0 
5, 73987, 888212023, 0.00, 100.00, 0.00, 2.25, 0, 0 
6, 73987, 889968246, 0.00, 100.00, 0.00, 2.25, 0, 0 
7, 73987, 891663181, 0.00, 100.00, 0.00, 2.25, 0, 0 
8, 73987, 893258698, 0.00, 100.00, 0.00, 2.25, 0, 0 
9, 73987, 895100835, 0.00, 100.00, 0.00, 2.25, 0, 0 
0, 73987, 896936421, 0.00, 100.00, 0.00, 2.25, 0, 0 
1, 73987, 898949814, 0.00, 100.00, 0.00, 2.25, 0, 0 
2, 73987, 900905465, 0.00, 100.00, 0.00, 2.25, 0, 0 
3, 73987, 902900367, 0.00, 100.00, 0.00, 2.25, 0, 0 
4, 73987, 904921942, 0.00, 100.00, 0.00, 2.25, 0, 0 
5, 73987, 906928654, 0.00, 100.00, 0.00, 2.25, 0, 0 
6, 73987, 908992753, 0.00, 100.00, 0.00, 2.25, 0, 0 
7, 73987, 910948804, 0.00, 100.00, 0.00, 2.25, 0, 0 
8, 73987, 912941955, 0.00, 100.00, 0.00, 2.25, 0, 0 
9, 73987, 914830233, 0.00, 100.00, 0.00, 2.25, 0, 0 
0, 73987, 916886284, 0.00, 100.00, 0.00, 2.25, 0, 0 
1, 73987, 919073481, 0.00, 100.00, 0.00, 2.25, 0, 0 
2, 73987, 921154809, 0.00, 100.00, 0.00, 2.25, 0, 0 
3, 73987, 923144711, 0.00, 100.00, 0.00, 2.25, 0, 0 
4, 73987, 925090435, 0.00, 100.00, 0.00, 2.25, 0, 0 
5, 73987, 927076326, 0.00, 100.00, 0.00, 2.25, 0, 0 
6, 73987, 929120205, 0.00, 100.00, 0.00, 2.25, 0, 0 
7, 73987, 931466965, 0.00, 100.00, 0.00, 2.25, 0, 0 
8, 73987, 933415178, 0.00, 100.00, 0.00, 2.25, 0, 0 
9, 73987, 935343794, 0.00, 100.00, 0.00, 2.25, 0, 0 
0, 73987, 937401065, 0.00, 100.00, 0.00, 2.25, 0, 0 
1, 73987, 939552231, 0.00, 100.00, 0.00, 2.25, 0, 0 
2, 73987, 941484019, 0.00, 100.00, 0.00, 2.25, 0, 0 
3, 73987, 943401640, 0.00, 100.00, 0.00, 2.25, 0, 0 
4, 73987, 945293422, 0.00, 100.00, 0.00, 2.25, 0, 0 
5, 73987, 947237810, 0.00, 100.00, 0.00, 2.25, 0, 0 
6, 73987, 949216356, 0.00, 100.00, 0.00, 2.25, 0, 0 
7, 73987, 951222618, 0.00, 100.00, 0.00, 2.25, 0, 0 
8, 73987, 953157499, 0.00, 100.00, 0.00, 2.25, 0, 0 
9, 73987, 954924781, 0.00, 100.00, 0.00, 2.25, 0, 0 
0, 73987, 956720066, 0.00, 100.00, 0.00, 2.25, 0, 0 
1, 73987, 958616330, 0.00, 100.00, 0.00, 2.25, 0, 0 
2, 73987, 960640234, 0.00, 100.00, 0.00, 2.25, 0, 0 
3, 73987, 962592638, 0.00, 100.00, 0.00, 2.25, 0, 0 
4, 73988, 411828, 0.00, 100.00, 0.00, 2.25, 0, 0 
5, 73988, 151851052, 0.00, 100.00, 0.00, 2.25, 0, 0 
6, 73988, 757667513, 0.00, 100.00, 0.00, 2.25, 0, 0 
7, 73988, 760456667, 0.00, 100.00, 0.00, 2.25, 0, 0 
8, 73988, 762923325, 0.00, 100.00, 0.00, 2.25, 0, 0 
9, 73988, 765475225, 0.00, 100.00, 0.00, 2.25, 0, 0 
0, 73988, 767675272, 0.00, 100.00, 0.00, 2.25, 0, 0 
1, 73988, 769763734, 0.00, 100.00, 0.00, 2.25, 0, 0 
2, 73988, 771874187, 0.00, 100.00, 0.00, 2.25, 0, 0 
3, 73988, 773975638, 0.00, 100.00, 0.00, 2.25, 0, 0 
4, 73988, 776314461, 0.00, 100.00, 0.00, 2.25, 0, 0 
5, 73988, 778457253, 0.00, 100.00, 0.00, 2.25, 0, 0 
6, 73988, 780616996, 0.00, 100.00, 0.00, 2.25, 0, 0 
7, 73988, 782906713, 0.00, 100.00, 0.00, 2.25, 0, 0 
8, 73988, 785050409, 0.00, 100.00, 0.00, 2.25, 0, 0 
9, 73988, 787466483, 0.00, 100.00, 0.00, 2.25, 0, 0 
0, 73988, 789761657, 0.00, 100.00, 0.00, 2.25, 0, 0 
1, 73988, 791923244, 0.00, 100.00, 0.00, 2.25, 0, 0 
2, 73988, 794128987, 0.00, 100.00, 0.00, 2.25, 0, 0 
3, 73988, 796337070, 0.00, 100.00, 0.00, 2.25, 0, 0 
4, 73988, 798640741, 0.00, 100.00, 0.00, 2.25, 0, 0 
5, 73988, 800718527, 0.00, 100.00, 0.00, 2.25, 0, 0 
6, 73988, 802847991, 0.00, 100.00, 0.00, 2.25, 0, 0 
7, 73988, 804925367, 0.00, 100.00, 0.00, 2.25, 0, 0 
8, 73988, 807097071, 0.00, 100.00, 0.00, 2.25, 0, 0 
9, 73988, 809411779, 0.00, 100.00, 0.00, 2.25, 0, 0 
0, 73988, 811469728, 0.00, 100.00, 0.00, 2.25, 0, 0 
1, 73988, 813443540, 0.00, 100.00, 0.00, 2.25, 0, 0 
2, 73988, 815377588, 0.00, 100.00, 0.00, 2.25, 0, 0 
3, 73988, 817541033, 0.00, 100.00, 0.00, 2.25, 0, 0 
4, 73988, 819485336, 0.00, 100.00, 0.00, 2.25, 0, 0 
5, 73988, 821486977, 0.00, 100.00, 0.00, 2.25, 0, 0 
6, 73988, 823724015, 0.00, 100.00, 0.00, 2.25, 0, 0 
7, 73988, 825905399, 0.00, 100.00, 0.00, 2.25, 0, 0 
8, 73988, 828031243, 0.00, 100.00, 0.00, 2.25, 0, 0 
9, 73988, 830256537, 0.00, 100.00, 0.00, 2.25, 0, 0 
0, 73988, 832330468, 0.00, 100.00, 0.00, 2.25, 0, 0 
1, 73988, 834494359, 0.00, 100.00, 0.00, 2.25, 0, 0 
2, 73988, 836728550, 0.00, 100.00, 0.00, 2.25, 0, 0 
3, 73988, 838736307, 0.00, 100.00, 0.00, 2.25, 0, 0 
4, 73988, 840693188, 0.00, 100.00, 0.00, 2.25, 0, 0 
5, 73988, 842709587, 0.00, 100.00, 0.00, 2.25, 0, 0 
6, 73988, 844777484, 0.00, 100.00, 0.00, 2.25, 0, 0 
7, 73988, 846913952, 0.00, 100.00, 0.00, 2.25, 0, 0 
8, 73988, 848905052, 0.00, 100.00, 0.00, 2.25, 0, 0 
9, 73988, 850934379, 0.00, 100.00, 0.00, 2.25, 0, 0 
0, 73988, 852874536, 0.00, 100.00, 0.00, 2.25, 0, 0 
1, 73988, 854979868, 0.00, 100.00, 0.00, 2.25, 0, 0 
2, 73988, 857239774, 0.00, 100.00, 0.00, 2.25, 0, 0 
3, 73988, 859334948, 0.00, 100.00, 0.00, 2.25, 0, 0 
4, 73988, 861349343, 0.00, 100.00, 0.00, 2.25, 0, 0 
5, 73988, 863339370, 0.00, 100.00, 0.00, 2.25, 0, 0 
6, 73988, 865289202, 0.00, 100.00, 0.00, 2.25, 0, 0 
7, 73988, 867474869, 0.00, 100.00, 0.00, 2.25, 0, 0 
8, 73988, 869631683, 0.00, 100.00, 0.00, 2.25, 0, 0 
9, 73988, 871772687, 0.00, 100.00, 0.00, 2.25, 0, 0 
0, 73988, 873902104, 0.00, 100.00, 0.00, 2.25, 0, 0 
1, 73988, 875952038, 0.00, 100.00, 0.00, 2.25, 0, 0 
2, 73988, 878028505, 0.00, 100.00, 0.00, 2.25, 0, 0 
3, 73988, 879936492, 0.00, 100.00, 0.00, 2.25, 0, 0 
4, 73988, 881801518, 0.00, 100.00, 0.00, 2.25, 0, 0 
5, 73988, 883718302, 0.00, 100.00, 0.00, 2.25, 0, 0 
6, 73988, 885712697, 0.00, 100.00, 0.00, 2.25, 0, 0 
7, 73988, 887635136, 0.00, 100.00, 0.00, 2.25, 0, 0 
8, 73988, 889510826, 0.00, 100.00, 0.00, 2.25, 0, 0 
9, 73988, 891531412, 0.00, 100.00, 0.00, 2.25, 0, 0 
0, 73988, 893628308, 0.00, 100.00, 0.00, 2.25, 0, 0 
1, 73988, 895637412, 0.00, 100.00, 0.00, 2.25, 0, 0 
2, 73988, 897705656, 0.00, 100.00, 0.00, 2.25, 0, 0 
3, 73988, 899549137, 0.00, 100.00, 0.00, 2.25, 0, 0 
4, 73988, 901527125, 0.00, 100.00, 0.00, 2.25, 0, 0 
5, 73988, 903403003, 0.00, 100.00, 0.00, 2.25, 0, 0 
6, 73988, 905142352, 0.00, 100.00, 0.00, 2.25, 0, 0 
7, 73988, 906861977, 0.00, 100.00, 0.00, 2.25, 0, 0 
8, 73988, 908669952, 0.00, 100.00, 0.00, 2.25, 0, 0 
9, 73988, 910541128, 0.00, 100.00, 0.00, 2.25, 0, 0 
0, 73988, 912417727, 0.00, 100.00, 0.00, 2.25, 0, 0 
1, 73988, 914425789, 0.00, 100.00, 0.00, 2.25, 0, 0 
2, 73988, 916368789, 0.00, 100.00, 0.00, 2.25, 0, 0 
3, 73988, 918464237, 0.00, 100.00, 0.00, 2.25, 0, 0 
4, 73988, 920277737, 0.00, 100.00, 0.00, 2.25, 0, 0 
5, 73988, 922077577, 0.00, 100.00, 0.00, 2.25, 0, 0 
6, 73988, 923851096, 0.00, 100.00, 0.00, 2.25, 0, 0 
7, 73988, 925672463, 0.00, 100.00, 0.00, 2.25, 0, 0 
8, 73988, 927456696, 0.00, 100.00, 0.00, 2.25, 0, 0 
9, 73988, 929465109, 0.00, 100.00, 0.00, 2.25, 0, 0 
0, 73988, 931399120, 0.00, 100.00, 0.00, 2.25, 0, 0 
1, 73988, 933606805, 0.00, 100.00, 0.00, 2.25, 0, 0 
2, 73988, 935533083, 0.00, 100.00, 0.00, 2.25, 0, 0 
3, 73988, 937515706, 0.00, 100.00, 0.00, 2.25, 0, 0 
4, 73988, 939392899, 0.00, 100.00, 0.00, 2.25, 0, 0 
5, 73988, 941307524, 0.00, 100.00, 0.00, 2.25, 0, 0 
6, 73988, 943404452, 0.00, 100.00, 0.00, 2.25, 0, 0 
7, 73988, 945324838, 0.00, 100.00, 0.00, 2.25, 0, 0 
8, 73988, 947356716, 0.00, 100.00, 0.00, 2.25, 0, 0 
9, 73988, 949495443, 0.00, 100.00, 0.00, 2.25, 0, 0 
0, 73988, 951212706, 0.00, 100.00, 0.00, 2.25, 0, 0 
1, 73988, 952985748, 0.00, 100.00, 0.00, 2.25, 0, 0 
2, 73988, 954881238, 0.00, 100.00, 0.00, 2.25, 0, 0 
3, 73988, 956741591, 0.00, 100.00, 0.00, 2.25, 0, 0 
4, 73988, 958555532, 0.00, 100.00, 0.00, 2.25, 0, 0 
5, 73988, 960245018, 0.00, 100.00, 0.00, 2.25, 0, 0 
6, 73988, 962165671, 0.00, 100.00, 0.00, 2.25, 0, 0 
7, 73988, 964084768, 0.00, 100.00, 0.00, 2.25, 0, 0 
8, 73989, 6438425, 0.00, 100.00, 0.00, 2.25, 0, 0 
9, 73989, 175943460, 0.00, 100.00, 0.00, 2.25, 0, 0 
0, 73989, 854095379, 0.00, 100.00, 0.00, 2.25, 0, 0 
1, 73989, 856793999, 0.00, 100.00, 0.00, 2.25, 0, 0 
2, 73989, 859148343, 0.00, 100.00, 0.00, 2.25, 0, 0 
3, 73989, 861505897, 0.00, 100.00, 0.00, 2.25, 0, 0 
4, 73989, 863898791, 0.00, 100.00, 0.00, 2.25, 0, 0 
5, 73989, 866370311, 0.00, 100.00, 0.00, 2.25, 0, 0 
6, 73989, 868482026, 0.00, 100.00, 0.00, 2.25, 0, 0 
7, 73989, 870401472, 0.00, 100.00, 0.00, 2.25, 0, 0 
8, 73989, 872419260, 0.00, 100.00, 0.00, 2.25, 0, 0 
9, 73989, 874465972, 0.00, 100.00, 0.00, 2.25, 0, 0 
0, 73989, 876688660, 0.00, 100.00, 0.00, 2.25, 0, 0 
1, 73989, 878935179, 0.00, 100.00, 0.00, 2.25, 0, 0 
2, 73989, 881239133, 0.00, 100.00, 0.00, 2.25, 0, 0 
3, 73989, 883412117, 0.00, 100.00, 0.00, 2.25, 0, 0 
4, 73989, 885363024, 0.00, 100.00, 0.00, 2.25, 0, 0 
5, 73989, 887240234, 0.00, 100.00, 0.00, 2.25, 0, 0 
6, 73989, 889037972, 0.00, 100.00, 0.00, 2.25, 0, 0 
7, 73989, 890916990, 0.00, 100.00, 0.00, 2.25, 0, 0 
8, 73989, 892808885, 0.00, 100.00, 0.00, 2.25, 0, 0 
9, 73989, 894796833, 0.00, 100.00, 0.00, 2.25, 0, 0 
0, 73989, 896830136, 0.00, 100.00, 0.00, 2.25, 0, 0 
1, 73989, 898691234, 0.00, 100.00, 0.00, 2.25, 0, 0 
2, 73989, 900536596, 0.00, 100.00, 0.00, 2.25, 0, 0 
3, 73989, 902390806, 0.00, 100.00, 0.00, 2.25, 0, 0 
4, 73989, 904343561, 0.00, 100.00, 0.00, 2.25, 0, 0 
5, 73989, 906429490, 0.00, 100.00, 0.00, 2.25, 0, 0 
6, 73989, 908423051, 0.00, 100.00, 0.00, 2.25, 0, 0 
7, 73989, 910333593, 0.00, 100.00, 0.00, 2.25, 0, 0 
8, 73989, 912448986, 0.00, 100.00, 0.00, 2.25, 0, 0 
9, 73989, 914532511, 0.00, 100.00, 0.00, 2.25, 0, 0 
0, 73989, 916523921, 0.00, 100.00, 0.00, 2.25, 0, 0 
1, 73989, 918553255, 0.00, 100.00, 0.00, 2.25, 0, 0 
2, 73989, 920513905, 0.00, 100.00, 0.00, 2.25, 0, 0 
3, 73989, 922584056, 0.00, 100.00, 0.00, 2.25, 0, 0 
4, 73989, 924429312, 0.00, 100.00, 0.00, 2.25, 0, 0 
5, 73989, 926441546, 0.00, 100.00, 0.00, 2.25, 0, 0 
6, 73989, 928485615, 0.00, 100.00, 0.00, 2.25, 0, 0 
7, 73989, 930503500, 0.00, 100.00, 0.00, 2.25, 0, 0 
8, 73989, 932579203, 0.00, 100.00, 0.00, 2.25, 0, 0 
9, 73989, 934454175, 0.00, 100.00, 0.00, 2.25, 0, 0 
0, 73989, 936385447, 0.00, 100.00, 0.00, 2.25, 0, 0 
1, 73989, 938297375, 0.00, 100.00, 0.00, 2.25, 0, 0 
2, 73989, 940302629, 0.00, 100.00, 0.00, 2.25, 0, 0 
3, 73989, 942237125, 0.00, 100.00, 0.00, 2.25, 0, 0 
4, 73989, 944227822, 0.00, 100.00, 0.00, 2.25, 0, 0 
5, 73989, 946307100, 0.00, 100.00, 0.00, 2.25, 0, 0 
6, 73989, 948325084, 0.00, 100.00, 0.00, 2.25, 0, 0 
7, 73989, 950345344, 0.00, 100.00, 0.00, 2.25, 0, 0 
8, 73989, 952327198, 0.00, 100.00, 0.00, 2.25, 0, 0 
9, 73989, 954312537, 0.00, 100.00, 0.00, 2.25, 0, 0 
0, 73989, 956429709, 0.00, 100.00, 0.00, 2.25, 0, 0 
1, 73989, 958642217, 0.00, 100.00, 0.00, 2.25, 0, 0 
2, 73989, 960750256, 0.00, 100.00, 0.00, 2.25, 0, 0 
3, 73989, 962794751, 0.00, 100.00, 0.00, 2.25, 0, 0 
4, 73990, 1272125, 0.00, 100.00, 0.00, 2.25, 0, 0 
5, 73990, 155306890, 0.00, 100.00, 0.00, 2.25, 0, 0 
6, 73990, 771499208, 0.00, 100.00, 0.00, 2.25, 0, 0 
7, 73990, 774315512, 0.00, 100.00, 0.00, 2.25, 0, 0 
8, 73990, 777127438, 0.00, 100.00, 0.00, 2.25, 0, 0 
9, 73990, 779283072, 0.00, 100.00, 0.00, 2.25, 0, 0 
0, 73990, 781739567, 0.00, 100.00, 0.00, 2.25, 0, 0 
1, 73990, 784114487, 0.00, 100.00, 0.00, 2.25, 0, 0 
2, 73990, 786189054, 0.00, 100.00, 0.00, 2.25, 0, 0 
3, 73990, 788356623, 0.00, 100.00, 0.00, 2.25, 0, 0 
4, 73990, 790467721, 0.00, 100.00, 0.00, 2.25, 0, 0 
5, 73990, 792821248, 0.00, 100.00, 0.00, 2.25, 0, 0 
6, 73990, 795008772, 0.00, 100.00, 0.00, 2.25, 0, 0 
7, 73990, 797135888, 0.00, 100.00, 0.00, 2.25, 0, 0 
8, 73990, 799209287, 0.00, 100.00, 0.00, 2.25, 0, 0 
9, 73990, 801159145, 0.00, 100.00, 0.00, 2.25, 0, 0 
0, 73990, 803184832, 0.00, 100.00, 0.00, 2.25, 0, 0 
1, 73990, 805451124, 0.00, 100.00, 0.00, 2.25, 0, 0 
2, 73990, 807583484, 0.00, 100.00, 0.00, 2.25, 0, 0 
3, 73990, 809585684, 0.00, 100.00, 0.00, 2.25, 0, 0 
4, 73990, 811538231, 0.00, 100.00, 0.00, 2.25, 0, 0 
5, 73990, 813538877, 0.00, 100.00, 0.00, 2.25, 0, 0 
6, 73990, 815786125, 0.00, 100.00, 0.00, 2.25, 0, 0 
7, 73990, 817900583, 0.00, 100.00, 0.00, 2.25, 0, 0 
8, 73990, 819867679, 0.00, 100.00, 0.00, 2.25, 0, 0 
9, 73990, 821866869, 0.00, 100.00, 0.00, 2.25, 0, 0 
0, 73990, 823736992, 0.00, 100.00, 0.00, 2.25, 0, 0 
1, 73990, 825762382, 0.00, 100.00, 0.00, 2.25, 0, 0 
2, 73990, 827728613, 0.00, 100.00, 0.00, 2.25, 0, 0 
3, 73990, 829713083, 0.00, 100.00, 0.00, 2.25, 0, 0 
4, 73990, 831713475, 0.00, 100.00, 0.00, 2.25, 0, 0 
5, 73990, 833816111, 0.00, 100.00, 0.00, 2.25, 0, 0 
6, 73990, 835732037, 0.00, 100.00, 0.00, 2.25, 0, 0 
7, 73990, 837832470, 0.00, 100.00, 0.00, 2.25, 0, 0 
8, 73990, 839827085, 0.00, 100.00, 0.00, 2.25, 0, 0 
9, 73990, 841931550, 0.00, 100.00, 0.00, 2.25, 0, 0 
0, 73990, 843979876, 0.00, 100.00, 0.00, 2.25, 0, 0 
1, 73990, 846110710, 0.00, 100.00, 0.00, 2.25, 0, 0 
2, 73990, 848308555, 0.00, 100.00, 0.00, 2.25, 0, 0 
3, 73990, 850395472, 0.00, 100.00, 0.00, 2.25, 0, 0 
4, 73990, 852396882, 0.00, 100.00, 0.00, 2.25, 0, 0 
5, 73990, 854348085, 0.00, 100.00, 0.00, 2.25, 0, 0 
6, 73990, 856356194, 0.00, 100.00, 0.00, 2.25, 0, 0 
7, 73990, 858535524, 0.00, 100.00, 0.00, 2.25, 0, 0 
8, 73990, 860695703, 0.00, 100.00, 0.00, 2.25, 0, 0 
9, 73990, 862702252, 0.00, 100.00, 0.00, 2.25, 0, 0 
0, 73990, 864783918, 0.00, 100.00, 0.00, 2.25, 0, 0 
1, 73990, 866834956, 0.00, 100.00, 0.00, 2.25, 0, 0 
2, 73990, 868779811, 0.00, 100.00, 0.00, 2.25, 0, 0 
3, 73990, 870881383, 0.00, 100.00, 0.00, 2.25, 0, 0 
4, 73990, 872954056, 0.00, 100.00, 0.00, 2.25, 0, 0 
5, 73990, 874988101, 0.00, 100.00, 0.00, 2.25, 0, 0 
6, 73990, 877017530, 0.00, 100.00, 0.00, 2.25, 0, 0 
7, 73990, 878929269, 0.00, 100.00, 0.00, 2.25, 0, 0 
8, 73990, 880764160, 0.00, 100.00, 0.00, 2.25, 0, 0 
9, 73990, 882634524, 0.00, 100.00, 0.00, 2.25, 0, 0 
0, 73990, 884742050, 0.00, 100.00, 0.00, 2.25, 0, 0 
1, 73990, 886677180, 0.00, 100.00, 0.00, 2.25, 0, 0 
2, 73990, 888595967, 0.00, 100.00, 0.00, 2.25, 0, 0 
3, 73990, 890424591, 0.00, 100.00, 0.00, 2.25, 0, 0 
4, 73990, 892258524, 0.00, 100.00, 0.00, 2.25, 0, 0 
5, 73990, 894070168, 0.00, 100.00, 0.00, 2.25, 0, 0 
6, 73990, 896101221, 0.00, 100.00, 0.00, 2.25, 0, 0 
7, 73990, 897995926, 0.00, 100.00, 0.00, 2.25, 0, 0 
8, 73990, 899964122, 0.00, 100.00, 0.00, 2.25, 0, 0 
9, 73990, 902108316, 0.00, 100.00, 0.00, 2.25, 0, 0 
0, 73990, 904380669, 0.00, 100.00, 0.00, 2.25, 0, 0 
1, 73990, 906547961, 0.00, 100.00, 0.00, 2.25, 0, 0 
2, 73990, 908517289, 0.00, 100.00, 0.00, 2.25, 0, 0 
3, 73990, 910399900, 0.00, 100.00, 0.00, 2.25, 0, 0 
4, 73990, 912363925, 0.00, 100.00, 0.00, 2.25, 0, 0 
5, 73990, 914311284, 0.00, 100.00, 0.00, 2.25, 0, 0 
6, 73990, 916379181, 0.00, 100.00, 0.00, 2.25, 0, 0 
7, 73990, 918486691, 0.00, 100.00, 0.00, 2.25, 0, 0 
8, 73990, 920644070, 0.00, 100.00, 0.00, 2.25, 0, 0 
9, 73990, 922776271, 0.00, 100.00, 0.00, 2.25, 0, 0 
0, 73990, 924844604, 0.00, 100.00, 0.00, 2.25, 0, 0 
1, 73990, 926954805, 0.00, 100.00, 0.00, 2.25, 0, 0 
2, 73990, 929072242, 0.00, 100.00, 0.00, 2.25, 0, 0 
3, 73990, 931054478, 0.00, 100.00, 0.00, 2.25, 0, 0 
4, 73990, 933119760, 0.00, 100.00, 0.00, 2.25, 0, 0 
5, 73990, 935126291, 0.00, 100.00, 0.00, 2.25, 0, 0 
6, 73990, 936934902, 0.00, 100.00, 0.00, 2.25, 0, 0 
7, 73990, 938665854, 0.00, 100.00, 0.00, 2.25, 0, 0 
8, 73990, 940404736, 0.00, 100.00, 0.00, 2.25, 0, 0 
9, 73990, 942173841, 0.00, 100.00, 0.00, 2.25, 0, 0 
0, 73990, 944144817, 0.00, 100.00, 0.00, 2.25, 0, 0 
1, 73990, 945966401, 0.00, 100.00, 0.00, 2.25, 0, 0 
2, 73990, 947789413, 0.00, 100.00, 0.00, 2.25, 0, 0 
3, 73990, 949705496, 0.00, 100.00, 0.00, 2.25, 0, 0 
4, 73990, 951729711, 0.00, 100.00, 0.00, 2.25, 0, 0 
5, 73990, 953766490, 0.00, 100.00, 0.00, 2.25, 0, 0 
6, 73990, 955708790, 0.00, 100.00, 0.00, 2.25, 0, 0 
7, 73990, 957728663, 0.00, 100.00, 0.00, 2.25, 0, 0 
8, 73990, 959809387, 0.00, 100.00, 0.00, 2.25, 0, 0 
9, 73990, 961638023, 0.00, 100.00, 0.00, 2.25, 0, 0 
0, 73990, 963716449, 0.00, 100.00, 0.00, 2.25, 0, 0 
1, 73991, 4959792, 0.00, 100.00, 0.00, 2.25, 0, 0 
2, 73991, 170099098, 0.00, 100.00, 0.00, 2.25, 0, 0 
3, 73991, 830607645, 0.00, 100.00, 0.00, 2.25, 0, 0 
4, 73991, 833271138, 0.00, 100.00, 0.00, 2.25, 0, 0 
5, 73991, 836093048, 0.00, 100.00, 0.00, 2.25, 0, 0 
6, 73991, 838353765, 0.00, 100.00, 0.00, 2.25, 0, 0 
7, 73991, 840346655, 0.00, 100.00, 0.00, 2.25, 0, 0 
8, 73991, 842257262, 0.00, 100.00, 0.00, 2.25, 0, 0 
9, 73991, 844406316, 0.00, 100.00, 0.00, 2.25, 0, 0 
0, 73991, 846531715, 0.00, 100.00, 0.00, 2.25, 0, 0 
1, 73991, 848666535, 0.00, 100.00, 0.00, 2.25, 0, 0 
2, 73991, 850746147, 0.00, 100.00, 0.00, 2.25, 0, 0 
3, 73991, 852513084, 0.00, 100.00, 0.00, 2.25, 0, 0 
4, 73991, 854216642, 0.00, 100.00, 0.00, 2.25, 0, 0 
5, 73991, 855942353, 0.00, 100.00, 0.00, 2.25, 0, 0 
6, 73991, 857683895, 0.00, 100.00, 0.00, 2.25, 0, 0 
7, 73991, 859434810, 0.00, 100.00, 0.00, 2.25, 0, 0 
8, 73991, 861172168, 0.00, 100.00, 0.00, 2.25, 0, 0 
9, 73991, 862952669, 0.00, 100.00, 0.00, 2.25, 0, 0 
0, 73991, 864667996, 0.00, 100.00, 0.00, 2.25, 0, 0 
1, 73991, 866307659, 0.00, 100.00, 0.00, 2.25, 0, 0 
2, 73991, 867844645, 0.00, 100.00, 0.00, 2.25, 0, 0 
3, 73991, 869435014, 0.00, 100.00, 0.00, 2.25, 0, 0 
4, 73991, 871072930, 0.00, 100.00, 0.00, 2.25, 0, 0 
5, 73991, 872781100, 0.00, 100.00, 0.00, 2.25, 0, 0 
6, 73991, 874681791, 0.00, 100.00, 0.00, 2.25, 0, 0 
7, 73991, 876533429, 0.00, 100.00, 0.00, 2.25, 0, 0 
8, 73991, 878422534, 0.00, 100.00, 0.00, 2.25, 0, 0 
9, 73991, 880271737, 0.00, 100.00, 0.00, 2.25, 0, 0 
0, 73991, 882072743, 0.00, 100.00, 0.00, 2.25, 0, 0 
1, 73991, 883988247, 0.00, 100.00, 0.00, 2.25, 0, 0 
2, 73991, 885843497, 0.00, 100.00, 0.00, 2.25, 0, 0 
3, 73991, 887611605, 0.00, 100.00, 0.00, 2.25, 0, 0 
4, 73991, 889340585, 0.00, 100.00, 0.00, 2.25, 0, 0 
5, 73991, 891147012, 0.00, 100.00, 0.00, 2.25, 0, 0 
6, 73991, 893096685, 0.00, 100.00, 0.00, 2.25, 0, 0 
7, 73991, 895381180, 0.00, 100.00, 0.00, 2.25, 0, 0 
8, 73991, 897438373, 0.00, 100.00, 0.00, 2.25, 0, 0 
9, 73991, 899815529, 0.00, 100.00, 0.00, 2.25, 0, 0 
0, 73991, 901978404, 0.00, 100.00, 0.00, 2.25, 0, 0 
1, 73991, 903987307, 0.00, 100.00, 0.00, 2.25, 0, 0 
2, 73991, 906267310, 0.00, 100.00, 0.00, 2.25, 0, 0 
3, 73991, 908549133, 0.00, 100.00, 0.00, 2.25, 0, 0 
4, 73991, 910782314, 0.00, 100.00, 0.00, 2.25, 0, 0 
5, 73991, 912787013, 0.00, 100.00, 0.00, 2.25, 0, 0 
6, 73991, 914854428, 0.00, 100.00, 0.00, 2.25, 0, 0 
7, 73991, 916950033, 0.00, 100.00, 0.00, 2.25, 0, 0 
8, 73991, 918913170, 0.00, 100.00, 0.00, 2.25, 0, 0 
9, 73991, 920915777, 0.00, 100.00, 0.00, 2.25, 0, 0 
0, 73991, 922957253, 0.00, 100.00, 0.00, 2.25, 0, 0 
1, 73991, 924921085, 0.00, 100.00, 0.00, 2.25, 0, 0 
2, 73991, 926929211, 0.00, 100.00, 0.00, 2.25, 0, 0 
3, 73991, 928912493, 0.00, 100.00, 0.00, 2.25, 0, 0 
4, 73991, 930905555, 0.00, 100.00, 0.00, 2.25, 0, 0 
5, 73991, 932837083, 0.00, 100.00, 0.00, 2.25, 0, 0 
6, 73991, 934776106, 0.00, 100.00, 0.00, 2.25, 0, 0 
7, 73991, 936822785, 0.00, 100.00, 0.00, 2.25, 0, 0 
8, 73991, 938803955, 0.00, 100.00, 0.00, 2.25, 0, 0 
9, 73991, 940793975, 0.00, 100.00, 0.00, 2.25, 0, 0 
0, 73991, 942939669, 0.00, 100.00, 0.00, 2.25, 0, 0 
1, 73991, 945041237, 0.00, 100.00, 0.00, 2.25, 0, 0 
2, 73991, 947089213, 0.00, 100.00, 0.00, 2.25, 0, 0 
3, 73991, 949254978, 0.00, 100.00, 0.00, 2.25, 0, 0 
4, 73991, 951412333, 0.00, 100.00, 0.00, 2.25, 0, 0 
5, 73991, 953559706, 0.00, 100.00, 0.00, 2.25, 0, 0 
6, 73991, 955592055, 0.00, 100.00, 0.00, 2.25, 0, 0 
7, 73991, 957633145, 0.00, 100.00, 0.00, 2.25, 0, 0 
8, 73991, 959869801, 0.00, 100.00, 0.00, 2.25, 0, 0 
9, 73991, 961793676, 0.00, 100.00, 0.00, 2.25, 0, 0 
0, 73991, 963709805, 0.00, 100.00, 0.00, 2.25, 0, 0 
1, 73992, 4867958, 0.00, 100.00, 0.00, 2.25, 0, 0 
2, 73992, 169674424, 0.00, 100.00, 0.00, 2.25, 0, 0 
3, 73992, 828742322, 0.00, 100.00, 0.00, 2.25, 0, 0 
4, 73992, 831126781, 0.00, 100.00, 0.00, 2.25, 0, 0 
5, 73992, 833417781, 0.00, 100.00, 0.00, 2.25, 0, 0 
6, 73992, 835880451, 0.00, 100.00, 0.00, 2.25, 0, 0 
7, 73992, 838592516, 0.00, 100.00, 0.00, 2.25, 0, 0 
8, 73992, 841118120, 0.00, 100.00, 0.00, 2.25, 0, 0 
9, 73992, 843565102, 0.00, 100.00, 0.00, 2.25, 0, 0 
0, 73992, 845812888, 0.00, 100.00, 0.00, 2.25, 0, 0 
1, 73992, 848162990, 0.00, 100.00, 0.00, 2.25, 0, 0 
2, 73992, 850261356, 0.00, 100.00, 0.00, 2.25, 0, 0 
3, 73992, 852305337, 0.00, 100.00, 0.00, 2.25, 0, 0 
4, 73992, 854165478, 0.00, 100.00, 0.00, 2.25, 0, 0 
5, 73992, 856029955, 0.00, 100.00, 0.00, 2.25, 0, 0 
6, 73992, 858021344, 0.00, 100.00, 0.00, 2.25, 0, 0 
7, 73992, 860073906, 0.00, 100.00, 0.00, 2.25, 0, 0 
8, 73992, 862196662, 0.00, 100.00, 0.00, 2.25, 0, 0 
9, 73992, 864299755, 0.00, 100.00, 0.00, 2.25, 0, 0 
0, 73992, 866430193, 0.00, 100.00, 0.00, 2.25, 0, 0 
1, 73992, 868391168, 0.00, 100.00, 0.00, 2.25, 0, 0 
2, 73992, 870359892, 0.00, 100.00, 0.00, 2.25, 0, 0 
3, 73992, 872363217, 0.00, 100.00, 0.00, 2.25, 0, 0 
4, 73992, 874613099, 0.00, 100.00, 0.00, 2.25, 0, 0 
5, 73992, 876822010, 0.00, 100.00, 0.00, 2.25, 0, 0 
6, 73992, 878850083, 0.00, 100.00, 0.00, 2.25, 0, 0 
7, 73992, 880909032, 0.00, 100.00, 0.00, 2.25, 0, 0 
8, 73992, 883040300, 0.00, 100.00, 0.00, 2.25, 0, 0 
9, 73992, 885311539, 0.00, 100.00, 0.00, 2.25, 0, 0 
0, 73992, 887686276, 0.00, 100.00, 0.00, 2.25, 0, 0 
1, 73992, 889767324, 0.00, 100.00, 0.00, 2.25, 0, 0 
2, 73992, 891875887, 0.00, 100.00, 0.00, 2.25, 0, 0 
3, 73992, 894062018, 0.00, 100.00, 0.00, 2.25, 0, 0 
4, 73992, 896292456, 0.00, 100.00, 0.00, 2.25, 0, 0 
5, 73992, 898392666, 0.00, 100.00, 0.00, 2.25, 0, 0 
6, 73992, 900487869, 0.00, 100.00, 0.00, 2.25, 0, 0 
7, 73992, 902572021, 0.00, 100.00, 0.00, 2.25, 0, 0 
8, 73992, 904420043, 0.00, 100.00, 0.00, 2.25, 0, 0 
9, 73992, 906265568, 0.00, 100.00, 0.00, 2.25, 0, 0 
0, 73992, 908220500, 0.00, 100.00, 0.00, 2.25, 0, 0 
1, 73992, 910258818, 0.00, 100.00, 0.00, 2.25, 0, 0 
2, 73992, 912201741, 0.00, 100.00, 0.00, 2.25, 0, 0 
3, 73992, 914028161, 0.00, 100.00, 0.00, 2.25, 0, 0 
4, 73992, 915884825, 0.00, 100.00, 0.00, 2.25, 0, 0 
5, 73992, 917816195, 0.00, 100.00, 0.00, 2.25, 0, 0 
6, 73992, 919624642, 0.00, 100.00, 0.00, 2.25, 0, 0 
7, 73992, 921522892, 0.00, 100.00, 0.00, 2.25, 0, 0 
8, 73992, 923378479, 0.00, 100.00, 0.00, 2.25, 0, 0 
9, 73992, 925512453, 0.00, 100.00, 0.00, 2.25, 0, 0 
0, 73992, 927739627, 0.00, 100.00, 0.00, 2.25, 0, 0 
1, 73992, 929846302, 0.00, 100.00, 0.00, 2.25, 0, 0 
2, 73992, 931655146, 0.00, 100.00, 0.00, 2.25, 0, 0 
3, 73992, 933572120, 0.00, 100.00, 0.00, 2.25, 0, 0 
4, 73992, 935625033, 0.00, 100.00, 0.00, 2.25, 0, 0 
5, 73992, 937476290, 0.00, 100.00, 0.00, 2.25, 0, 0 
6, 73992, 939515273, 0.00, 100.00, 0.00, 2.25, 0, 0 
7, 73992, 941379938, 0.00, 100.00, 0.00, 2.25, 0, 0 
8, 73992, 943449105, 0.00, 100.00, 0.00, 2.25, 0, 0 
9, 73992, 945318480, 0.00, 100.00, 0.00, 2.25, 0, 0 
0, 73992, 947185992, 0.00, 100.00, 0.00, 2.25, 0, 0 
1, 73992, 949098909, 0.00, 100.00, 0.00, 2.25, 0, 0 
2, 73992, 951059080, 0.00, 100.00, 0.00, 2.25, 0, 0 
3, 73992, 952945836, 0.00, 100.00, 0.00, 2.25, 0, 0 
4, 73992, 954948329, 0.00, 100.00, 0.00, 2.25, 0, 0 
5, 73992, 957046663, 0.00, 100.00, 0.00, 2.25, 0, 0 
6, 73992, 959028488, 0.00, 100.00, 0.00, 2.25, 0, 0 
7, 73992, 961055439, 0.00, 100.00, 0.00, 2.25, 0, 0 
8, 73992, 962951764, 0.00, 100.00, 0.00, 2.25, 0, 0 
9, 73993, 1838607, 0.00, 100.00, 0.00, 2.25, 0, 0 
0, 73993, 157673673, 0.00, 100.00, 0.00, 2.25, 0, 0 
1, 73993, 780970804, 0.00, 100.00, 0.00, 2.25, 0, 0 
2, 73993, 783596212, 0.00, 100.00, 0.00, 2.25, 0, 0 
3, 73993, 786234073, 0.00, 100.00, 0.00, 2.25, 0, 0 
4, 73993, 788914958, 0.00, 100.00, 0.00, 2.25, 0, 0 
5, 73993, 791419277, 0.00, 100.00, 0.00, 2.25, 0, 0 
6, 73993, 793642290, 0.00, 100.00, 0.00, 2.25, 0, 0 
7, 73993, 795788767, 0.00, 100.00, 0.00, 2.25, 0, 0 
8, 73993, 798020656, 0.00, 100.00, 0.00, 2.25, 0, 0 
9, 73993, 800088769, 0.00, 100.00, 0.00, 2.25, 0, 0 
0, 73993, 802354455, 0.00, 100.00, 0.00, 2.25, 0, 0 
1, 73993, 804687535, 0.00, 100.00, 0.00, 2.25, 0, 0 
2, 73993, 806711097, 0.00, 100.00, 0.00, 2.25, 0, 0 
3, 73993, 808704079, 0.00, 100.00, 0.00, 2.25, 0, 0 
4, 73993, 810916827, 0.00, 100.00, 0.00, 2.25, 0, 0 
5, 73993, 813193803, 0.00, 100.00, 0.00, 2.25, 0, 0 
6, 73993, 815255477, 0.00, 100.00, 0.00, 2.25, 0, 0 
7, 73993, 817471680, 0.00, 100.00, 0.00, 2.25, 0, 0 
8, 73993, 819643222, 0.00, 100.00, 0.00, 2.25, 0, 0 
9, 73993, 821835952, 0.00, 100.00, 0.00, 2.25, 0, 0 
0, 73993, 823824116, 0.00, 100.00, 0.00, 2.25, 0, 0 
1, 73993, 825859629, 0.00, 100.00, 0.00, 2.25, 0, 0 
2, 73993, 827801711, 0.00, 100.00, 0.00, 2.25, 0, 0 
3, 73993, 829759788, 0.00, 100.00, 0.00, 2.25, 0, 0 
4, 73993, 831813749, 0.00, 100.00, 0.00, 2.25, 0, 0 
5, 73993, 833930074, 0.00, 100.00, 0.00, 2.25, 0, 0 
6, 73993, 835947070, 0.00, 100.00, 0.00, 2.25, 0, 0 
7, 73993, 838237327, 0.00, 100.00, 0.00, 2.25, 0, 0 
8, 73993, 840318686, 0.00, 100.00, 0.00, 2.25, 0, 0 
9, 73993, 842390726, 0.00, 100.00, 0.00, 2.25, 0, 0 
0, 73993, 844331003, 0.00, 100.00, 0.00, 2.25, 0, 0 
1, 73993, 846404091, 0.00, 100.00, 0.00, 2.25, 0, 0 
2, 73993, 848295352, 0.00, 100.00, 0.00, 2.25, 0, 0 
3, 73993, 850166897, 0.00, 100.00, 0.00, 2.25, 0, 0 
4, 73993, 852209027, 0.00, 100.00, 0.00, 2.25, 0, 0 
5, 73993, 854343056, 0.00, 100.00, 0.00, 2.25, 0, 0 
6, 73993, 856480223, 0.00, 100.00, 0.00, 2.25, 0, 0 
7, 73993, 858534212, 0.00, 100.00, 0.00, 2.25, 0, 0 
8, 73993, 860444156, 0.00, 100.00, 0.00, 2.25, 0, 0 
9, 73993, 862309222, 0.00, 100.00, 0.00, 2.25, 0, 0 
0, 73993, 864327200, 0.00, 100.00, 0.00, 2.25, 0, 0 
1, 73993, 866288298, 0.00, 100.00, 0.00, 2.25, 0, 0 
2, 73993, 868206632, 0.00, 100.00, 0.00, 2.25, 0, 0 
3, 73993, 870074118, 0.00, 100.00, 0.00, 2.25, 0, 0 
4, 73993, 871935295, 0.00, 100.00, 0.00, 2.25, 0, 0 
5, 73993, 873941057, 0.00, 100.00, 0.00, 2.25, 0, 0 
6, 73993, 876108322, 0.00, 100.00, 0.00, 2.25, 0, 0 
7, 73993, 878224238, 0.00, 100.00, 0.00, 2.25, 0, 0 
8, 73993, 880315868, 0.00, 100.00, 0.00, 2.25, 0, 0 
9, 73993, 882342915, 0.00, 100.00, 0.00, 2.25, 0, 0 
0, 73993, 884344973, 0.00, 100.00, 0.00, 2.25, 0, 0 
1, 73993, 886597525, 0.00, 100.00, 0.00, 2.25, 0, 0 
2, 73993, 888600294, 0.00, 100.00, 0.00, 2.25, 0, 0 
3, 73993, 890589583, 0.00, 100.00, 0.00, 2.25, 0, 0 
4, 73993, 892596045, 0.00, 100.00, 0.00, 2.25, 0, 0 
5, 73993, 894475491, 0.00, 100.00, 0.00, 2.25, 0, 0 
6, 73993, 896361799, 0.00, 100.00, 0.00, 2.25, 0, 0 
7, 73993, 898326697, 0.00, 100.00, 0.00, 2.25, 0, 0 
8, 73993, 900266932, 0.00, 100.00, 0.00, 2.25, 0, 0 
9, 73993, 902130452, 0.00, 100.00, 0.00, 2.25, 0, 0 
0, 73993, 904079822, 0.00, 100.00, 0.00, 2.25, 0, 0 
1, 73993, 906110890, 0.00, 100.00, 0.00, 2.25, 0, 0 
2, 73993, 907976004, 0.00, 100.00, 0.00, 2.25, 0, 0 
3, 73993, 909990957, 0.00, 100.00, 0.00, 2.25, 0, 0 
4, 73993, 911899693, 0.00, 100.00, 0.00, 2.25, 0, 0 
5, 73993, 913766984, 0.00, 100.00, 0.00, 2.25, 0, 0 
6, 73993, 915599683, 0.00, 100.00, 0.00, 2.25, 0, 0 
7, 73993, 917520406, 0.00, 100.00, 0.00, 2.25, 0, 0 
8, 73993, 919380124, 0.00, 100.00, 0.00, 2.25, 0, 0 
9, 73993, 921189387, 0.00, 100.00, 0.00, 2.25, 0, 0 
0, 73993, 923086916, 0.00, 100.00, 0.00, 2.25, 0, 0 
1, 73993, 925193072, 0.00, 100.00, 0.00, 2.25, 0, 0 
2, 73993, 927057528, 0.00, 100.00, 0.00, 2.25, 0, 0 
3, 73993, 928782730, 0.00, 100.00, 0.00, 2.25, 0, 0 
4, 73993, 930725705, 0.00, 100.00, 0.00, 2.25, 0, 0 
5, 73993, 932554863, 0.00, 100.00, 0.00, 2.25, 0, 0 
6, 73993, 934429225, 0.00, 100.00, 0.00, 2.25, 0, 0 
7, 73993, 936346183, 0.00, 100.00, 0.00, 2.25, 0, 0 
8, 73993, 938283752, 0.00, 100.00, 0.00, 2.25, 0, 0 
9, 73993, 940394280, 0.00, 100.00, 0.00, 2.25, 0, 0 
0, 73993, 942557057, 0.00, 100.00, 0.00, 2.25, 0, 0 
1, 73993, 944538134, 0.00, 100.00, 0.00, 2.25, 0, 0 
2, 73993, 946452273, 0.00, 100.00, 0.00, 2.25, 0, 0 
3, 73993, 948354414, 0.00, 100.00, 0.00, 2.25, 0, 0 
4, 73993, 950227892, 0.00, 100.00, 0.00, 2.25, 0, 0 
5, 73993, 952284550, 0.00, 100.00, 0.00, 2.25, 0, 0 
6, 73993, 954414877, 0.00, 100.00, 0.00, 2.25, 0, 0 
7, 73993, 956337314, 0.00, 100.00, 0.00, 2.25, 0, 0 
8, 73993, 958425775, 0.00, 100.00, 0.00, 2.25, 0, 0 
9, 73993, 960344796, 0.00, 100.00, 0.00, 2.25, 0, 0 
0, 73993, 962495009, 0.00, 100.00, 0.00, 2.25, 0, 0 
1, 73993, 964434234, 0.00, 100.00, 0.00, 2.25, 0, 0 
2, 73994, 7928295, 0.00, 100.00, 0.00, 2.25, 0, 0 
3, 73994, 181939914, 0.00, 100.00, 0.00, 2.25, 0, 0 
4, 73994, 878029770, 0.00, 100.00, 0.00, 2.25, 0, 0 
5, 73994, 880455111, 0.00, 100.00, 0.00, 2.25, 0, 0 
6, 73994, 882582761, 0.00, 100.00, 0.00, 2.25, 0, 0 
7, 73994, 884780946, 0.00, 100.00, 0.00, 2.25, 0, 0 
8, 73994, 886986921, 0.00, 100.00, 0.00, 2.25, 0, 0 
9, 73994, 889110767, 0.00, 100.00, 0.00, 2.25, 0, 0 
0, 73994, 891205321, 0.00, 100.00, 0.00, 2.25, 0, 0 
1, 73994, 893446113, 0.00, 100.00, 0.00, 2.25, 0, 0 
2, 73994, 895633921, 0.00, 100.00, 0.00, 2.25, 0, 0 
3, 73994, 897385394, 0.00, 100.00, 0.00, 2.25, 0, 0 
4, 73994, 899069133, 0.00, 100.00, 0.00, 2.25, 0, 0 
5, 73994, 900911266, 0.00, 100.00, 0.00, 2.25, 0, 0 
6, 73994, 902628358, 0.00, 100.00, 0.00, 2.25, 0, 0 
7, 73994, 904534332, 0.00, 100.00, 0.00, 2.25, 0, 0 
8, 73994, 906332982, 0.00, 100.00, 0.00, 2.25, 0, 0 
9, 73994, 908017907, 0.00, 100.00, 0.00, 2.25, 0, 0 
0, 73994, 909650119, 0.00, 100.00, 0.00, 2.25, 0, 0 
1, 73994, 911490002, 0.00, 100.00, 0.00, 2.25, 0, 0 
2, 73994, 913367241, 0.00, 100.00, 0.00, 2.25, 0, 0 
3, 73994, 915053732, 0.00, 100.00, 0.00, 2.25, 0, 0 
4, 73994, 916944762, 0.00, 100.00, 0.00, 2.25, 0, 0 
5, 73994, 918467808, 0.00, 100.00, 0.00, 2.25, 0, 0 
6, 73994, 920161420, 0.00, 100.00, 0.00, 2.25, 0, 0 
7, 73994, 921881227, 0.00, 100.00, 0.00, 2.25, 0, 0 
8, 73994, 923574319, 0.00, 100.00, 0.00, 2.25, 0, 0 
9, 73994, 925192232, 0.00, 100.00, 0.00, 2.25, 0, 0 
0, 73994, 927023837, 0.00, 100.00, 0.00, 2.25, 0, 0 
1, 73994, 928708851, 0.00, 100.00, 0.00, 2.25, 0, 0 
2, 73994, 930443507, 0.00, 100.00, 0.00, 2.25, 0, 0 
3, 73994, 932228243, 0.00, 100.00, 0.00, 2.25, 0, 0 
4, 73994, 934045615, 0.00, 100.00, 0.00, 2.25, 0, 0 
5, 73994, 935950979, 0.00, 100.00, 0.00, 2.25, 0, 0 
6, 73994, 937916092, 0.00, 100.00, 0.00, 2.25, 0, 0 
7, 73994, 939943243, 0.00, 100.00, 0.00, 2.25, 0, 0 
8, 73994, 942045827, 0.00, 100.00, 0.00, 2.25, 0, 0 
9, 73994, 944335740, 0.00, 100.00, 0.00, 2.25, 0, 0 
0, 73994, 946558681, 0.00, 100.00, 0.00, 2.25, 0, 0 
1, 73994, 948721185, 0.00, 100.00, 0.00, 2.25, 0, 0 
2, 73994, 950810410, 0.00, 100.00, 0.00, 2.25, 0, 0 
3, 73994, 952731162, 0.00, 100.00, 0.00, 2.25, 0, 0 
4, 73994, 954694296, 0.00, 100.00, 0.00, 2.25, 0, 0 
5, 73994, 956888054, 0.00, 100.00, 0.00, 2.25, 0, 0 
6, 73994, 958718542, 0.00, 100.00, 0.00, 2.25, 0, 0 
7, 73994, 960614430, 0.00, 100.00, 0.00, 2.25, 0, 0 
8, 73994, 962487348, 0.00, 100.00, 0.00, 2.25, 0, 0 
9, 73994, 964389181, 0.00, 100.00, 0.00, 2.25, 0, 0 
