Wed Nov 28 13:29:29 2018
StepTime, x, v, f, xdes, vdes, fdes, cmd, IR, LSB, LSF
0, 74110, 168803250, 0.00, 100.00, 0.00, 2.25, 0, 0 
1, 74110, 825425147, 0.00, 100.00, 0.00, 2.25, 0, 0 
2, 74110, 826874960, 0.00, 100.00, 0.00, 2.25, 0, 0 
3, 74110, 828341433, 0.00, 100.00, 0.00, 2.25, 0, 0 
4, 74110, 829701391, 0.00, 100.00, 0.00, 2.25, 0, 0 
5, 74110, 831026495, 0.00, 100.00, 0.00, 2.25, 0, 0 
6, 74110, 832361765, 0.00, 100.00, 0.00, 2.25, 0, 0 
7, 74110, 833548707, 0.00, 100.00, 0.00, 2.25, 0, 0 
8, 74110, 834817165, 0.00, 100.00, 0.00, 2.25, 0, 0 
9, 74110, 835898007, 0.00, 100.00, 0.00, 2.25, 0, 0 
0, 74110, 836924837, 0.00, 100.00, 0.00, 2.25, 0, 0 
1, 74110, 837911776, 0.00, 100.00, 0.00, 2.25, 0, 0 
2, 74110, 838931966, 0.00, 100.00, 0.00, 2.25, 0, 0 
3, 74110, 839886413, 0.00, 100.00, 0.00, 2.25, 0, 0 
4, 74110, 840845241, 0.00, 100.00, 0.00, 2.25, 0, 0 
5, 74110, 841700701, 0.00, 100.00, 0.00, 2.25, 0, 0 
6, 74110, 842779982, 0.00, 100.00, 0.00, 2.25, 0, 0 
7, 74110, 843725424, 0.00, 100.00, 0.00, 2.25, 0, 0 
8, 74110, 844737749, 0.00, 100.00, 0.00, 2.25, 0, 0 
9, 74110, 845718249, 0.00, 100.00, 0.00, 2.25, 0, 0 
0, 74110, 846763946, 0.00, 100.00, 0.00, 2.25, 0, 0 
1, 74110, 847859139, 0.00, 100.00, 0.00, 2.25, 0, 0 
2, 74110, 848887624, 0.00, 100.00, 0.00, 2.25, 0, 0 
3, 74110, 849851718, 0.00, 100.00, 0.00, 2.25, 0, 0 
4, 74110, 850849560, 0.00, 100.00, 0.00, 2.25, 0, 0 
5, 74110, 851777957, 0.00, 100.00, 0.00, 2.25, 0, 0 
6, 74110, 852689164, 0.00, 100.00, 0.00, 2.25, 0, 0 
7, 74110, 853609939, 0.00, 100.00, 0.00, 2.25, 0, 0 
8, 74110, 854766602, 0.00, 100.00, 0.00, 2.25, 0, 0 
9, 74110, 855855184, 0.00, 100.00, 0.00, 2.25, 0, 0 
0, 74110, 856897974, 0.00, 100.00, 0.00, 2.25, 0, 0 
1, 74110, 857900903, 0.00, 100.00, 0.00, 2.25, 0, 0 
2, 74110, 858782506, 0.00, 100.00, 0.00, 2.25, 0, 0 
3, 74110, 859699677, 0.00, 100.00, 0.00, 2.25, 0, 0 
4, 74110, 860514707, 0.00, 100.00, 0.00, 2.25, 0, 0 
5, 74110, 861320524, 0.00, 100.00, 0.00, 2.25, 0, 0 
6, 74110, 862134317, 0.00, 100.00, 0.00, 2.25, 0, 0 
7, 74110, 862923005, 0.00, 100.00, 0.00, 2.25, 0, 0 
8, 74110, 863793979, 0.00, 100.00, 0.00, 2.25, 0, 0 
9, 74110, 864865086, 0.00, 100.00, 0.00, 2.25, 0, 0 
0, 74110, 865757686, 0.00, 100.00, 0.00, 2.25, 0, 0 
1, 74110, 866637485, 0.00, 100.00, 0.00, 2.25, 0, 0 
2, 74110, 867499208, 0.00, 100.00, 0.00, 2.25, 0, 0 
3, 74110, 868333133, 0.00, 100.00, 0.00, 2.25, 0, 0 
4, 74110, 869169956, 0.00, 100.00, 0.00, 2.25, 0, 0 
5, 74110, 869920744, 0.00, 100.00, 0.00, 2.25, 0, 0 
6, 74110, 870697868, 0.00, 100.00, 0.00, 2.25, 0, 0 
7, 74110, 871361194, 0.00, 100.00, 0.00, 2.25, 0, 0 
8, 74110, 871984681, 0.00, 100.00, 0.00, 2.25, 0, 0 
9, 74110, 872639291, 0.00, 100.00, 0.00, 2.25, 0, 0 
0, 74110, 873246558, 0.00, 100.00, 0.00, 2.25, 0, 0 
1, 74110, 873899009, 0.00, 100.00, 0.00, 2.25, 0, 0 
2, 74110, 874515471, 0.00, 100.00, 0.00, 2.25, 0, 0 
3, 74110, 875161533, 0.00, 100.00, 0.00, 2.25, 0, 0 
4, 74110, 875788052, 0.00, 100.00, 0.00, 2.25, 0, 0 
5, 74110, 876322146, 0.00, 100.00, 0.00, 2.25, 0, 0 
6, 74110, 876846368, 0.00, 100.00, 0.00, 2.25, 0, 0 
7, 74110, 877374624, 0.00, 100.00, 0.00, 2.25, 0, 0 
8, 74110, 877925219, 0.00, 100.00, 0.00, 2.25, 0, 0 
9, 74110, 878465159, 0.00, 100.00, 0.00, 2.25, 0, 0 
0, 74110, 878993901, 0.00, 100.00, 0.00, 2.25, 0, 0 
1, 74110, 879567847, 0.00, 100.00, 0.00, 2.25, 0, 0 
2, 74110, 880120660, 0.00, 100.00, 0.00, 2.25, 0, 0 
3, 74110, 880682406, 0.00, 100.00, 0.00, 2.25, 0, 0 
4, 74110, 881214992, 0.00, 100.00, 0.00, 2.25, 0, 0 
5, 74110, 881779600, 0.00, 100.00, 0.00, 2.25, 0, 0 
6, 74110, 882305178, 0.00, 100.00, 0.00, 2.25, 0, 0 
7, 74110, 882839050, 0.00, 100.00, 0.00, 2.25, 0, 0 
8, 74110, 883388080, 0.00, 100.00, 0.00, 2.25, 0, 0 
9, 74110, 883918095, 0.00, 100.00, 0.00, 2.25, 0, 0 
0, 74110, 884462335, 0.00, 100.00, 0.00, 2.25, 0, 0 
1, 74110, 885024252, 0.00, 100.00, 0.00, 2.25, 0, 0 
2, 74110, 885555791, 0.00, 100.00, 0.00, 2.25, 0, 0 
3, 74110, 886134457, 0.00, 100.00, 0.00, 2.25, 0, 0 
4, 74110, 886685789, 0.00, 100.00, 0.00, 2.25, 0, 0 
5, 74110, 887253381, 0.00, 100.00, 0.00, 2.25, 0, 0 
6, 74110, 887799832, 0.00, 100.00, 0.00, 2.25, 0, 0 
7, 74110, 888416079, 0.00, 100.00, 0.00, 2.25, 0, 0 
8, 74110, 889005425, 0.00, 100.00, 0.00, 2.25, 0, 0 
9, 74110, 889555233, 0.00, 100.00, 0.00, 2.25, 0, 0 
0, 74110, 890147858, 0.00, 100.00, 0.00, 2.25, 0, 0 
1, 74110, 890785528, 0.00, 100.00, 0.00, 2.25, 0, 0 
2, 74110, 891392430, 0.00, 100.00, 0.00, 2.25, 0, 0 
3, 74110, 891932659, 0.00, 100.00, 0.00, 2.25, 0, 0 
4, 74110, 892512983, 0.00, 100.00, 0.00, 2.25, 0, 0 
5, 74110, 893063692, 0.00, 100.00, 0.00, 2.25, 0, 0 
6, 74110, 893619653, 0.00, 100.00, 0.00, 2.25, 0, 0 
7, 74110, 894169991, 0.00, 100.00, 0.00, 2.25, 0, 0 
8, 74110, 894747388, 0.00, 100.00, 0.00, 2.25, 0, 0 
9, 74110, 895304503, 0.00, 100.00, 0.00, 2.25, 0, 0 
0, 74110, 895882630, 0.00, 100.00, 0.00, 2.25, 0, 0 
1, 74110, 896521693, 0.00, 100.00, 0.00, 2.25, 0, 0 
2, 74110, 897128079, 0.00, 100.00, 0.00, 2.25, 0, 0 
3, 74110, 897677113, 0.00, 100.00, 0.00, 2.25, 0, 0 
4, 74110, 898246560, 0.00, 100.00, 0.00, 2.25, 0, 0 
5, 74110, 898763246, 0.00, 100.00, 0.00, 2.25, 0, 0 
6, 74110, 899368938, 0.00, 100.00, 0.00, 2.25, 0, 0 
7, 74110, 899960555, 0.00, 100.00, 0.00, 2.25, 0, 0 
8, 74110, 900540857, 0.00, 100.00, 0.00, 2.25, 0, 0 
9, 74110, 901108096, 0.00, 100.00, 0.00, 2.25, 0, 0 
0, 74110, 901676469, 0.00, 100.00, 0.00, 2.25, 0, 0 
1, 74110, 902248469, 0.00, 100.00, 0.00, 2.25, 0, 0 
2, 74110, 902862344, 0.00, 100.00, 0.00, 2.25, 0, 0 
3, 74110, 903417496, 0.00, 100.00, 0.00, 2.25, 0, 0 
4, 74110, 903973452, 0.00, 100.00, 0.00, 2.25, 0, 0 
5, 74110, 904611222, 0.00, 100.00, 0.00, 2.25, 0, 0 
6, 74110, 905156039, 0.00, 100.00, 0.00, 2.25, 0, 0 
7, 74110, 905724809, 0.00, 100.00, 0.00, 2.25, 0, 0 
8, 74110, 906265347, 0.00, 100.00, 0.00, 2.25, 0, 0 
9, 74110, 906845303, 0.00, 100.00, 0.00, 2.25, 0, 0 
0, 74110, 907411042, 0.00, 100.00, 0.00, 2.25, 0, 0 
1, 74110, 907982840, 0.00, 100.00, 0.00, 2.25, 0, 0 
2, 74110, 908600912, 0.00, 100.00, 0.00, 2.25, 0, 0 
3, 74110, 909141414, 0.00, 100.00, 0.00, 2.25, 0, 0 
4, 74110, 909714169, 0.00, 100.00, 0.00, 2.25, 0, 0 
5, 74110, 910247645, 0.00, 100.00, 0.00, 2.25, 0, 0 
6, 74110, 910837729, 0.00, 100.00, 0.00, 2.25, 0, 0 
7, 74110, 911376208, 0.00, 100.00, 0.00, 2.25, 0, 0 
8, 74110, 911956903, 0.00, 100.00, 0.00, 2.25, 0, 0 
9, 74110, 912502768, 0.00, 100.00, 0.00, 2.25, 0, 0 
0, 74110, 913141911, 0.00, 100.00, 0.00, 2.25, 0, 0 
1, 74110, 913806929, 0.00, 100.00, 0.00, 2.25, 0, 0 
2, 74110, 914519060, 0.00, 100.00, 0.00, 2.25, 0, 0 
3, 74110, 915123413, 0.00, 100.00, 0.00, 2.25, 0, 0 
4, 74110, 915756970, 0.00, 100.00, 0.00, 2.25, 0, 0 
5, 74110, 916361597, 0.00, 100.00, 0.00, 2.25, 0, 0 
6, 74110, 916918243, 0.00, 100.00, 0.00, 2.25, 0, 0 
7, 74110, 917531661, 0.00, 100.00, 0.00, 2.25, 0, 0 
8, 74110, 918121323, 0.00, 100.00, 0.00, 2.25, 0, 0 
9, 74110, 918665520, 0.00, 100.00, 0.00, 2.25, 0, 0 
0, 74110, 919260709, 0.00, 100.00, 0.00, 2.25, 0, 0 
1, 74110, 919801467, 0.00, 100.00, 0.00, 2.25, 0, 0 
2, 74110, 920364631, 0.00, 100.00, 0.00, 2.25, 0, 0 
3, 74110, 920896928, 0.00, 100.00, 0.00, 2.25, 0, 0 
4, 74110, 921419830, 0.00, 100.00, 0.00, 2.25, 0, 0 
5, 74110, 921978559, 0.00, 100.00, 0.00, 2.25, 0, 0 
6, 74110, 922480386, 0.00, 100.00, 0.00, 2.25, 0, 0 
7, 74110, 923025158, 0.00, 100.00, 0.00, 2.25, 0, 0 
8, 74110, 923585485, 0.00, 100.00, 0.00, 2.25, 0, 0 
9, 74110, 924093098, 0.00, 100.00, 0.00, 2.25, 0, 0 
0, 74110, 924704959, 0.00, 100.00, 0.00, 2.25, 0, 0 
1, 74110, 925242300, 0.00, 100.00, 0.00, 2.25, 0, 0 
2, 74110, 925807366, 0.00, 100.00, 0.00, 2.25, 0, 0 
3, 74110, 926352528, 0.00, 100.00, 0.00, 2.25, 0, 0 
4, 74110, 926877760, 0.00, 100.00, 0.00, 2.25, 0, 0 
5, 74110, 927406366, 0.00, 100.00, 0.00, 2.25, 0, 0 
6, 74110, 927945733, 0.00, 100.00, 0.00, 2.25, 0, 0 
7, 74110, 928507072, 0.00, 100.00, 0.00, 2.25, 0, 0 
8, 74110, 929118022, 0.00, 100.00, 0.00, 2.25, 0, 0 
9, 74110, 929722403, 0.00, 100.00, 0.00, 2.25, 0, 0 
0, 74110, 930309542, 0.00, 100.00, 0.00, 2.25, 0, 0 
1, 74110, 931148001, 0.00, 100.00, 0.00, 2.25, 0, 0 
2, 74110, 931751001, 0.00, 100.00, 0.00, 2.25, 0, 0 
3, 74110, 932304365, 0.00, 100.00, 0.00, 2.25, 0, 0 
4, 74110, 932851092, 0.00, 100.00, 0.00, 2.25, 0, 0 
5, 74110, 933428613, 0.00, 100.00, 0.00, 2.25, 0, 0 
6, 74110, 933980325, 0.00, 100.00, 0.00, 2.25, 0, 0 
7, 74110, 934478073, 0.00, 100.00, 0.00, 2.25, 0, 0 
8, 74110, 935035172, 0.00, 100.00, 0.00, 2.25, 0, 0 
9, 74110, 935601857, 0.00, 100.00, 0.00, 2.25, 0, 0 
0, 74110, 936162876, 0.00, 100.00, 0.00, 2.25, 0, 0 
1, 74110, 936735274, 0.00, 100.00, 0.00, 2.25, 0, 0 
2, 74110, 937274359, 0.00, 100.00, 0.00, 2.25, 0, 0 
3, 74110, 937831557, 0.00, 100.00, 0.00, 2.25, 0, 0 
4, 74110, 938363497, 0.00, 100.00, 0.00, 2.25, 0, 0 
5, 74110, 938863327, 0.00, 100.00, 0.00, 2.25, 0, 0 
6, 74110, 939492342, 0.00, 100.00, 0.00, 2.25, 0, 0 
7, 74110, 940090907, 0.00, 100.00, 0.00, 2.25, 0, 0 
8, 74110, 940600180, 0.00, 100.00, 0.00, 2.25, 0, 0 
9, 74110, 941145328, 0.00, 100.00, 0.00, 2.25, 0, 0 
0, 74110, 941745078, 0.00, 100.00, 0.00, 2.25, 0, 0 
1, 74110, 942357362, 0.00, 100.00, 0.00, 2.25, 0, 0 
2, 74110, 942938114, 0.00, 100.00, 0.00, 2.25, 0, 0 
3, 74110, 943476138, 0.00, 100.00, 0.00, 2.25, 0, 0 
4, 74110, 944026151, 0.00, 100.00, 0.00, 2.25, 0, 0 
5, 74110, 944575325, 0.00, 100.00, 0.00, 2.25, 0, 0 
6, 74110, 945105279, 0.00, 100.00, 0.00, 2.25, 0, 0 
7, 74110, 945660831, 0.00, 100.00, 0.00, 2.25, 0, 0 
8, 74110, 946199215, 0.00, 100.00, 0.00, 2.25, 0, 0 
9, 74110, 946738712, 0.00, 100.00, 0.00, 2.25, 0, 0 
0, 74110, 947315909, 0.00, 100.00, 0.00, 2.25, 0, 0 
1, 74110, 947867073, 0.00, 100.00, 0.00, 2.25, 0, 0 
2, 74110, 948412748, 0.00, 100.00, 0.00, 2.25, 0, 0 
3, 74110, 948952654, 0.00, 100.00, 0.00, 2.25, 0, 0 
4, 74110, 949547255, 0.00, 100.00, 0.00, 2.25, 0, 0 
5, 74110, 950095798, 0.00, 100.00, 0.00, 2.25, 0, 0 
6, 74110, 950659991, 0.00, 100.00, 0.00, 2.25, 0, 0 
7, 74110, 951200754, 0.00, 100.00, 0.00, 2.25, 0, 0 
8, 74110, 951782259, 0.00, 100.00, 0.00, 2.25, 0, 0 
9, 74110, 952335290, 0.00, 100.00, 0.00, 2.25, 0, 0 
0, 74110, 952929613, 0.00, 100.00, 0.00, 2.25, 0, 0 
1, 74110, 953565366, 0.00, 100.00, 0.00, 2.25, 0, 0 
2, 74110, 954171968, 0.00, 100.00, 0.00, 2.25, 0, 0 
3, 74110, 954718198, 0.00, 100.00, 0.00, 2.25, 0, 0 
4, 74110, 955286907, 0.00, 100.00, 0.00, 2.25, 0, 0 
5, 74110, 955834473, 0.00, 100.00, 0.00, 2.25, 0, 0 
6, 74110, 956405513, 0.00, 100.00, 0.00, 2.25, 0, 0 
7, 74110, 956948940, 0.00, 100.00, 0.00, 2.25, 0, 0 
8, 74110, 957531734, 0.00, 100.00, 0.00, 2.25, 0, 0 
9, 74110, 958074023, 0.00, 100.00, 0.00, 2.25, 0, 0 
0, 74110, 958674980, 0.00, 100.00, 0.00, 2.25, 0, 0 
1, 74110, 959310305, 0.00, 100.00, 0.00, 2.25, 0, 0 
2, 74110, 959919712, 0.00, 100.00, 0.00, 2.25, 0, 0 
3, 74110, 960474310, 0.00, 100.00, 0.00, 2.25, 0, 0 
4, 74110, 961039933, 0.00, 100.00, 0.00, 2.25, 0, 0 
5, 74110, 961581563, 0.00, 100.00, 0.00, 2.25, 0, 0 
6, 74110, 962156396, 0.00, 100.00, 0.00, 2.25, 0, 0 
7, 74110, 962716357, 0.00, 100.00, 0.00, 2.25, 0, 0 
8, 74111, 938432, 0.00, 100.00, 0.00, 2.25, 0, 0 
9, 74111, 154014985, 0.00, 100.00, 0.00, 2.25, 0, 0 
0, 74111, 766337438, 0.00, 100.00, 0.00, 2.25, 0, 0 
1, 74111, 767922779, 0.00, 100.00, 0.00, 2.25, 0, 0 
2, 74111, 769055063, 0.00, 100.00, 0.00, 2.25, 0, 0 
3, 74111, 770040215, 0.00, 100.00, 0.00, 2.25, 0, 0 
4, 74111, 771131402, 0.00, 100.00, 0.00, 2.25, 0, 0 
5, 74111, 772246299, 0.00, 100.00, 0.00, 2.25, 0, 0 
6, 74111, 773344313, 0.00, 100.00, 0.00, 2.25, 0, 0 
7, 74111, 774270444, 0.00, 100.00, 0.00, 2.25, 0, 0 
8, 74111, 775231949, 0.00, 100.00, 0.00, 2.25, 0, 0 
9, 74111, 776187625, 0.00, 100.00, 0.00, 2.25, 0, 0 
0, 74111, 777207882, 0.00, 100.00, 0.00, 2.25, 0, 0 
1, 74111, 778274384, 0.00, 100.00, 0.00, 2.25, 0, 0 
2, 74111, 779298279, 0.00, 100.00, 0.00, 2.25, 0, 0 
3, 74111, 780435138, 0.00, 100.00, 0.00, 2.25, 0, 0 
4, 74111, 781418328, 0.00, 100.00, 0.00, 2.25, 0, 0 
5, 74111, 782427321, 0.00, 100.00, 0.00, 2.25, 0, 0 
6, 74111, 783526455, 0.00, 100.00, 0.00, 2.25, 0, 0 
7, 74111, 784880823, 0.00, 100.00, 0.00, 2.25, 0, 0 
8, 74111, 786095631, 0.00, 100.00, 0.00, 2.25, 0, 0 
9, 74111, 787187939, 0.00, 100.00, 0.00, 2.25, 0, 0 
0, 74111, 788297406, 0.00, 100.00, 0.00, 2.25, 0, 0 
1, 74111, 789310924, 0.00, 100.00, 0.00, 2.25, 0, 0 
2, 74111, 790358864, 0.00, 100.00, 0.00, 2.25, 0, 0 
3, 74111, 791232569, 0.00, 100.00, 0.00, 2.25, 0, 0 
4, 74111, 792247974, 0.00, 100.00, 0.00, 2.25, 0, 0 
5, 74111, 793178329, 0.00, 100.00, 0.00, 2.25, 0, 0 
6, 74111, 794039439, 0.00, 100.00, 0.00, 2.25, 0, 0 
7, 74111, 794994564, 0.00, 100.00, 0.00, 2.25, 0, 0 
8, 74111, 795974366, 0.00, 100.00, 0.00, 2.25, 0, 0 
9, 74111, 796862669, 0.00, 100.00, 0.00, 2.25, 0, 0 
0, 74111, 797783970, 0.00, 100.00, 0.00, 2.25, 0, 0 
1, 74111, 798621964, 0.00, 100.00, 0.00, 2.25, 0, 0 
2, 74111, 799399963, 0.00, 100.00, 0.00, 2.25, 0, 0 
3, 74111, 800243111, 0.00, 100.00, 0.00, 2.25, 0, 0 
4, 74111, 801031325, 0.00, 100.00, 0.00, 2.25, 0, 0 
5, 74111, 801867001, 0.00, 100.00, 0.00, 2.25, 0, 0 
6, 74111, 802602457, 0.00, 100.00, 0.00, 2.25, 0, 0 
7, 74111, 803358359, 0.00, 100.00, 0.00, 2.25, 0, 0 
8, 74111, 804174974, 0.00, 100.00, 0.00, 2.25, 0, 0 
9, 74111, 805004891, 0.00, 100.00, 0.00, 2.25, 0, 0 
0, 74111, 805877017, 0.00, 100.00, 0.00, 2.25, 0, 0 
1, 74111, 806693283, 0.00, 100.00, 0.00, 2.25, 0, 0 
2, 74111, 807447434, 0.00, 100.00, 0.00, 2.25, 0, 0 
3, 74111, 808334053, 0.00, 100.00, 0.00, 2.25, 0, 0 
4, 74111, 809203361, 0.00, 100.00, 0.00, 2.25, 0, 0 
5, 74111, 809943766, 0.00, 100.00, 0.00, 2.25, 0, 0 
6, 74111, 810729481, 0.00, 100.00, 0.00, 2.25, 0, 0 
7, 74111, 811510167, 0.00, 100.00, 0.00, 2.25, 0, 0 
8, 74111, 812330628, 0.00, 100.00, 0.00, 2.25, 0, 0 
9, 74111, 813130258, 0.00, 100.00, 0.00, 2.25, 0, 0 
0, 74111, 813953550, 0.00, 100.00, 0.00, 2.25, 0, 0 
1, 74111, 814862008, 0.00, 100.00, 0.00, 2.25, 0, 0 
2, 74111, 815704428, 0.00, 100.00, 0.00, 2.25, 0, 0 
3, 74111, 816381098, 0.00, 100.00, 0.00, 2.25, 0, 0 
4, 74111, 817060977, 0.00, 100.00, 0.00, 2.25, 0, 0 
5, 74111, 817793844, 0.00, 100.00, 0.00, 2.25, 0, 0 
6, 74111, 818531189, 0.00, 100.00, 0.00, 2.25, 0, 0 
7, 74111, 819427643, 0.00, 100.00, 0.00, 2.25, 0, 0 
8, 74111, 820060421, 0.00, 100.00, 0.00, 2.25, 0, 0 
9, 74111, 820651570, 0.00, 100.00, 0.00, 2.25, 0, 0 
0, 74111, 821246972, 0.00, 100.00, 0.00, 2.25, 0, 0 
1, 74111, 821800157, 0.00, 100.00, 0.00, 2.25, 0, 0 
2, 74111, 822366315, 0.00, 100.00, 0.00, 2.25, 0, 0 
3, 74111, 822911005, 0.00, 100.00, 0.00, 2.25, 0, 0 
4, 74111, 823478639, 0.00, 100.00, 0.00, 2.25, 0, 0 
5, 74111, 824028212, 0.00, 100.00, 0.00, 2.25, 0, 0 
6, 74111, 824616143, 0.00, 100.00, 0.00, 2.25, 0, 0 
7, 74111, 825245065, 0.00, 100.00, 0.00, 2.25, 0, 0 
8, 74111, 825841506, 0.00, 100.00, 0.00, 2.25, 0, 0 
9, 74111, 826364961, 0.00, 100.00, 0.00, 2.25, 0, 0 
0, 74111, 826920845, 0.00, 100.00, 0.00, 2.25, 0, 0 
1, 74111, 827470773, 0.00, 100.00, 0.00, 2.25, 0, 0 
2, 74111, 827957496, 0.00, 100.00, 0.00, 2.25, 0, 0 
3, 74111, 828490856, 0.00, 100.00, 0.00, 2.25, 0, 0 
4, 74111, 829008981, 0.00, 100.00, 0.00, 2.25, 0, 0 
5, 74111, 829539657, 0.00, 100.00, 0.00, 2.25, 0, 0 
6, 74111, 830078975, 0.00, 100.00, 0.00, 2.25, 0, 0 
7, 74111, 830608125, 0.00, 100.00, 0.00, 2.25, 0, 0 
8, 74111, 831128070, 0.00, 100.00, 0.00, 2.25, 0, 0 
9, 74111, 831815253, 0.00, 100.00, 0.00, 2.25, 0, 0 
0, 74111, 832286238, 0.00, 100.00, 0.00, 2.25, 0, 0 
1, 74111, 832813301, 0.00, 100.00, 0.00, 2.25, 0, 0 
2, 74111, 833318358, 0.00, 100.00, 0.00, 2.25, 0, 0 
3, 74111, 834141947, 0.00, 100.00, 0.00, 2.25, 0, 0 
4, 74111, 834673698, 0.00, 100.00, 0.00, 2.25, 0, 0 
5, 74111, 835165347, 0.00, 100.00, 0.00, 2.25, 0, 0 
6, 74111, 835699176, 0.00, 100.00, 0.00, 2.25, 0, 0 
7, 74111, 836201134, 0.00, 100.00, 0.00, 2.25, 0, 0 
8, 74111, 836722114, 0.00, 100.00, 0.00, 2.25, 0, 0 
9, 74111, 837245853, 0.00, 100.00, 0.00, 2.25, 0, 0 
0, 74111, 837783068, 0.00, 100.00, 0.00, 2.25, 0, 0 
1, 74111, 838305704, 0.00, 100.00, 0.00, 2.25, 0, 0 
2, 74111, 838814526, 0.00, 100.00, 0.00, 2.25, 0, 0 
3, 74111, 839337005, 0.00, 100.00, 0.00, 2.25, 0, 0 
4, 74111, 840021289, 0.00, 100.00, 0.00, 2.25, 0, 0 
5, 74111, 840500847, 0.00, 100.00, 0.00, 2.25, 0, 0 
6, 74111, 840984827, 0.00, 100.00, 0.00, 2.25, 0, 0 
7, 74111, 841466464, 0.00, 100.00, 0.00, 2.25, 0, 0 
8, 74111, 841948838, 0.00, 100.00, 0.00, 2.25, 0, 0 
9, 74111, 842629751, 0.00, 100.00, 0.00, 2.25, 0, 0 
0, 74111, 843298067, 0.00, 100.00, 0.00, 2.25, 0, 0 
1, 74111, 843790265, 0.00, 100.00, 0.00, 2.25, 0, 0 
2, 74111, 844310809, 0.00, 100.00, 0.00, 2.25, 0, 0 
3, 74111, 844825444, 0.00, 100.00, 0.00, 2.25, 0, 0 
4, 74111, 845347481, 0.00, 100.00, 0.00, 2.25, 0, 0 
5, 74111, 846165846, 0.00, 100.00, 0.00, 2.25, 0, 0 
6, 74111, 846532037, 0.00, 100.00, 0.00, 2.25, 0, 0 
7, 74111, 847024701, 0.00, 100.00, 0.00, 2.25, 0, 0 
8, 74111, 847383781, 0.00, 100.00, 0.00, 2.25, 0, 0 
9, 74111, 847737793, 0.00, 100.00, 0.00, 2.25, 0, 0 
0, 74111, 848524177, 0.00, 100.00, 0.00, 2.25, 0, 0 
1, 74111, 849377061, 0.00, 100.00, 0.00, 2.25, 0, 0 
2, 74111, 850126938, 0.00, 100.00, 0.00, 2.25, 0, 0 
3, 74111, 850512782, 0.00, 100.00, 0.00, 2.25, 0, 0 
4, 74111, 851318718, 0.00, 100.00, 0.00, 2.25, 0, 0 
5, 74111, 852155746, 0.00, 100.00, 0.00, 2.25, 0, 0 
6, 74111, 852537888, 0.00, 100.00, 0.00, 2.25, 0, 0 
7, 74111, 852915851, 0.00, 100.00, 0.00, 2.25, 0, 0 
8, 74111, 853659180, 0.00, 100.00, 0.00, 2.25, 0, 0 
9, 74111, 854048079, 0.00, 100.00, 0.00, 2.25, 0, 0 
0, 74111, 854782419, 0.00, 100.00, 0.00, 2.25, 0, 0 
1, 74111, 855138303, 0.00, 100.00, 0.00, 2.25, 0, 0 
2, 74111, 855650333, 0.00, 100.00, 0.00, 2.25, 0, 0 
3, 74111, 856173901, 0.00, 100.00, 0.00, 2.25, 0, 0 
4, 74111, 856695238, 0.00, 100.00, 0.00, 2.25, 0, 0 
5, 74111, 857447276, 0.00, 100.00, 0.00, 2.25, 0, 0 
6, 74111, 858010117, 0.00, 100.00, 0.00, 2.25, 0, 0 
7, 74111, 858547895, 0.00, 100.00, 0.00, 2.25, 0, 0 
8, 74111, 859079478, 0.00, 100.00, 0.00, 2.25, 0, 0 
9, 74111, 859762771, 0.00, 100.00, 0.00, 2.25, 0, 0 
0, 74111, 860450694, 0.00, 100.00, 0.00, 2.25, 0, 0 
1, 74111, 860911107, 0.00, 100.00, 0.00, 2.25, 0, 0 
2, 74111, 861395277, 0.00, 100.00, 0.00, 2.25, 0, 0 
3, 74111, 861918909, 0.00, 100.00, 0.00, 2.25, 0, 0 
4, 74111, 862437669, 0.00, 100.00, 0.00, 2.25, 0, 0 
5, 74111, 862959974, 0.00, 100.00, 0.00, 2.25, 0, 0 
6, 74111, 863511179, 0.00, 100.00, 0.00, 2.25, 0, 0 
7, 74111, 864049111, 0.00, 100.00, 0.00, 2.25, 0, 0 
8, 74111, 864752790, 0.00, 100.00, 0.00, 2.25, 0, 0 
9, 74111, 865406129, 0.00, 100.00, 0.00, 2.25, 0, 0 
0, 74111, 865937121, 0.00, 100.00, 0.00, 2.25, 0, 0 
1, 74111, 866461641, 0.00, 100.00, 0.00, 2.25, 0, 0 
2, 74111, 866967608, 0.00, 100.00, 0.00, 2.25, 0, 0 
3, 74111, 867490294, 0.00, 100.00, 0.00, 2.25, 0, 0 
4, 74111, 868021348, 0.00, 100.00, 0.00, 2.25, 0, 0 
5, 74111, 868561522, 0.00, 100.00, 0.00, 2.25, 0, 0 
6, 74111, 869083067, 0.00, 100.00, 0.00, 2.25, 0, 0 
7, 74111, 869632336, 0.00, 100.00, 0.00, 2.25, 0, 0 
8, 74111, 870155747, 0.00, 100.00, 0.00, 2.25, 0, 0 
9, 74111, 870700614, 0.00, 100.00, 0.00, 2.25, 0, 0 
0, 74111, 871237131, 0.00, 100.00, 0.00, 2.25, 0, 0 
1, 74111, 871764607, 0.00, 100.00, 0.00, 2.25, 0, 0 
2, 74111, 872296472, 0.00, 100.00, 0.00, 2.25, 0, 0 
3, 74111, 872817719, 0.00, 100.00, 0.00, 2.25, 0, 0 
4, 74111, 873339739, 0.00, 100.00, 0.00, 2.25, 0, 0 
5, 74111, 873863046, 0.00, 100.00, 0.00, 2.25, 0, 0 
6, 74111, 874411035, 0.00, 100.00, 0.00, 2.25, 0, 0 
7, 74111, 874932277, 0.00, 100.00, 0.00, 2.25, 0, 0 
8, 74111, 875480126, 0.00, 100.00, 0.00, 2.25, 0, 0 
9, 74111, 876007229, 0.00, 100.00, 0.00, 2.25, 0, 0 
0, 74111, 876558106, 0.00, 100.00, 0.00, 2.25, 0, 0 
1, 74111, 877078903, 0.00, 100.00, 0.00, 2.25, 0, 0 
2, 74111, 877581535, 0.00, 100.00, 0.00, 2.25, 0, 0 
3, 74111, 878106222, 0.00, 100.00, 0.00, 2.25, 0, 0 
4, 74111, 878627017, 0.00, 100.00, 0.00, 2.25, 0, 0 
5, 74111, 879148565, 0.00, 100.00, 0.00, 2.25, 0, 0 
6, 74111, 879672147, 0.00, 100.00, 0.00, 2.25, 0, 0 
7, 74111, 880198291, 0.00, 100.00, 0.00, 2.25, 0, 0 
8, 74111, 880720169, 0.00, 100.00, 0.00, 2.25, 0, 0 
9, 74111, 881250317, 0.00, 100.00, 0.00, 2.25, 0, 0 
0, 74111, 881780015, 0.00, 100.00, 0.00, 2.25, 0, 0 
1, 74111, 882311624, 0.00, 100.00, 0.00, 2.25, 0, 0 
2, 74111, 882821228, 0.00, 100.00, 0.00, 2.25, 0, 0 
3, 74111, 883338002, 0.00, 100.00, 0.00, 2.25, 0, 0 
4, 74111, 883865407, 0.00, 100.00, 0.00, 2.25, 0, 0 
5, 74111, 884381728, 0.00, 100.00, 0.00, 2.25, 0, 0 
6, 74111, 884955319, 0.00, 100.00, 0.00, 2.25, 0, 0 
7, 74111, 885466865, 0.00, 100.00, 0.00, 2.25, 0, 0 
8, 74111, 885994559, 0.00, 100.00, 0.00, 2.25, 0, 0 
9, 74111, 886518326, 0.00, 100.00, 0.00, 2.25, 0, 0 
0, 74111, 887045149, 0.00, 100.00, 0.00, 2.25, 0, 0 
1, 74111, 887574544, 0.00, 100.00, 0.00, 2.25, 0, 0 
2, 74111, 888100244, 0.00, 100.00, 0.00, 2.25, 0, 0 
3, 74111, 888602006, 0.00, 100.00, 0.00, 2.25, 0, 0 
4, 74111, 889127726, 0.00, 100.00, 0.00, 2.25, 0, 0 
5, 74111, 889671238, 0.00, 100.00, 0.00, 2.25, 0, 0 
6, 74111, 890207264, 0.00, 100.00, 0.00, 2.25, 0, 0 
7, 74111, 890700802, 0.00, 100.00, 0.00, 2.25, 0, 0 
8, 74111, 891242472, 0.00, 100.00, 0.00, 2.25, 0, 0 
9, 74111, 891729189, 0.00, 100.00, 0.00, 2.25, 0, 0 
0, 74111, 892325459, 0.00, 100.00, 0.00, 2.25, 0, 0 
1, 74111, 892898285, 0.00, 100.00, 0.00, 2.25, 0, 0 
2, 74111, 893432456, 0.00, 100.00, 0.00, 2.25, 0, 0 
3, 74111, 893953145, 0.00, 100.00, 0.00, 2.25, 0, 0 
4, 74111, 894475709, 0.00, 100.00, 0.00, 2.25, 0, 0 
5, 74111, 894998511, 0.00, 100.00, 0.00, 2.25, 0, 0 
6, 74111, 895522660, 0.00, 100.00, 0.00, 2.25, 0, 0 
7, 74111, 896067027, 0.00, 100.00, 0.00, 2.25, 0, 0 
8, 74111, 896563856, 0.00, 100.00, 0.00, 2.25, 0, 0 
9, 74111, 897075804, 0.00, 100.00, 0.00, 2.25, 0, 0 
0, 74111, 897778110, 0.00, 100.00, 0.00, 2.25, 0, 0 
1, 74111, 898307035, 0.00, 100.00, 0.00, 2.25, 0, 0 
2, 74111, 898825199, 0.00, 100.00, 0.00, 2.25, 0, 0 
3, 74111, 899339653, 0.00, 100.00, 0.00, 2.25, 0, 0 
4, 74111, 899867815, 0.00, 100.00, 0.00, 2.25, 0, 0 
5, 74111, 900448839, 0.00, 100.00, 0.00, 2.25, 0, 0 
6, 74111, 900930166, 0.00, 100.00, 0.00, 2.25, 0, 0 
7, 74111, 901451617, 0.00, 100.00, 0.00, 2.25, 0, 0 
8, 74111, 901974370, 0.00, 100.00, 0.00, 2.25, 0, 0 
9, 74111, 902497023, 0.00, 100.00, 0.00, 2.25, 0, 0 
0, 74111, 903034490, 0.00, 100.00, 0.00, 2.25, 0, 0 
1, 74111, 903561805, 0.00, 100.00, 0.00, 2.25, 0, 0 
2, 74111, 904072202, 0.00, 100.00, 0.00, 2.25, 0, 0 
3, 74111, 904594587, 0.00, 100.00, 0.00, 2.25, 0, 0 
4, 74111, 905115486, 0.00, 100.00, 0.00, 2.25, 0, 0 
5, 74111, 905637764, 0.00, 100.00, 0.00, 2.25, 0, 0 
6, 74111, 906155808, 0.00, 100.00, 0.00, 2.25, 0, 0 
7, 74111, 906683616, 0.00, 100.00, 0.00, 2.25, 0, 0 
8, 74111, 907197751, 0.00, 100.00, 0.00, 2.25, 0, 0 
9, 74111, 907724937, 0.00, 100.00, 0.00, 2.25, 0, 0 
0, 74111, 908267328, 0.00, 100.00, 0.00, 2.25, 0, 0 
1, 74111, 908785567, 0.00, 100.00, 0.00, 2.25, 0, 0 
2, 74111, 909293211, 0.00, 100.00, 0.00, 2.25, 0, 0 
3, 74111, 909849120, 0.00, 100.00, 0.00, 2.25, 0, 0 
4, 74111, 910352748, 0.00, 100.00, 0.00, 2.25, 0, 0 
5, 74111, 910876805, 0.00, 100.00, 0.00, 2.25, 0, 0 
6, 74111, 911400154, 0.00, 100.00, 0.00, 2.25, 0, 0 
7, 74111, 911919783, 0.00, 100.00, 0.00, 2.25, 0, 0 
8, 74111, 912444317, 0.00, 100.00, 0.00, 2.25, 0, 0 
9, 74111, 912968660, 0.00, 100.00, 0.00, 2.25, 0, 0 
0, 74111, 913499233, 0.00, 100.00, 0.00, 2.25, 0, 0 
1, 74111, 914021244, 0.00, 100.00, 0.00, 2.25, 0, 0 
2, 74111, 914543837, 0.00, 100.00, 0.00, 2.25, 0, 0 
3, 74111, 915065224, 0.00, 100.00, 0.00, 2.25, 0, 0 
4, 74111, 915578653, 0.00, 100.00, 0.00, 2.25, 0, 0 
5, 74111, 916114416, 0.00, 100.00, 0.00, 2.25, 0, 0 
6, 74111, 916632720, 0.00, 100.00, 0.00, 2.25, 0, 0 
7, 74111, 917153183, 0.00, 100.00, 0.00, 2.25, 0, 0 
8, 74111, 917676124, 0.00, 100.00, 0.00, 2.25, 0, 0 
9, 74111, 918197413, 0.00, 100.00, 0.00, 2.25, 0, 0 
0, 74111, 918740843, 0.00, 100.00, 0.00, 2.25, 0, 0 
1, 74111, 919252224, 0.00, 100.00, 0.00, 2.25, 0, 0 
2, 74111, 919771094, 0.00, 100.00, 0.00, 2.25, 0, 0 
3, 74111, 920313092, 0.00, 100.00, 0.00, 2.25, 0, 0 
4, 74111, 920857442, 0.00, 100.00, 0.00, 2.25, 0, 0 
5, 74111, 921364155, 0.00, 100.00, 0.00, 2.25, 0, 0 
6, 74111, 921938534, 0.00, 100.00, 0.00, 2.25, 0, 0 
7, 74111, 922490084, 0.00, 100.00, 0.00, 2.25, 0, 0 
8, 74111, 923000858, 0.00, 100.00, 0.00, 2.25, 0, 0 
9, 74111, 923520205, 0.00, 100.00, 0.00, 2.25, 0, 0 
0, 74111, 924074274, 0.00, 100.00, 0.00, 2.25, 0, 0 
1, 74111, 924583371, 0.00, 100.00, 0.00, 2.25, 0, 0 
2, 74111, 925088780, 0.00, 100.00, 0.00, 2.25, 0, 0 
3, 74111, 925616667, 0.00, 100.00, 0.00, 2.25, 0, 0 
4, 74111, 926136356, 0.00, 100.00, 0.00, 2.25, 0, 0 
5, 74111, 926658467, 0.00, 100.00, 0.00, 2.25, 0, 0 
6, 74111, 927181018, 0.00, 100.00, 0.00, 2.25, 0, 0 
7, 74111, 927702141, 0.00, 100.00, 0.00, 2.25, 0, 0 
8, 74111, 928229354, 0.00, 100.00, 0.00, 2.25, 0, 0 
9, 74111, 928750083, 0.00, 100.00, 0.00, 2.25, 0, 0 
0, 74111, 929294734, 0.00, 100.00, 0.00, 2.25, 0, 0 
1, 74111, 929819597, 0.00, 100.00, 0.00, 2.25, 0, 0 
2, 74111, 930342438, 0.00, 100.00, 0.00, 2.25, 0, 0 
3, 74111, 930959240, 0.00, 100.00, 0.00, 2.25, 0, 0 
4, 74111, 931400185, 0.00, 100.00, 0.00, 2.25, 0, 0 
5, 74111, 931921133, 0.00, 100.00, 0.00, 2.25, 0, 0 
6, 74111, 932444767, 0.00, 100.00, 0.00, 2.25, 0, 0 
7, 74111, 932960820, 0.00, 100.00, 0.00, 2.25, 0, 0 
8, 74111, 933482548, 0.00, 100.00, 0.00, 2.25, 0, 0 
9, 74111, 933965598, 0.00, 100.00, 0.00, 2.25, 0, 0 
0, 74111, 934417847, 0.00, 100.00, 0.00, 2.25, 0, 0 
1, 74111, 935155900, 0.00, 100.00, 0.00, 2.25, 0, 0 
2, 74111, 935659978, 0.00, 100.00, 0.00, 2.25, 0, 0 
3, 74111, 936248395, 0.00, 100.00, 0.00, 2.25, 0, 0 
4, 74111, 936883888, 0.00, 100.00, 0.00, 2.25, 0, 0 
5, 74111, 937318551, 0.00, 100.00, 0.00, 2.25, 0, 0 
6, 74111, 938124951, 0.00, 100.00, 0.00, 2.25, 0, 0 
7, 74111, 938610507, 0.00, 100.00, 0.00, 2.25, 0, 0 
8, 74111, 939093355, 0.00, 100.00, 0.00, 2.25, 0, 0 
9, 74111, 939577389, 0.00, 100.00, 0.00, 2.25, 0, 0 
0, 74111, 940116515, 0.00, 100.00, 0.00, 2.25, 0, 0 
1, 74111, 940714345, 0.00, 100.00, 0.00, 2.25, 0, 0 
2, 74111, 941253135, 0.00, 100.00, 0.00, 2.25, 0, 0 
3, 74111, 941845180, 0.00, 100.00, 0.00, 2.25, 0, 0 
4, 74111, 942418779, 0.00, 100.00, 0.00, 2.25, 0, 0 
5, 74111, 942994215, 0.00, 100.00, 0.00, 2.25, 0, 0 
6, 74111, 943547703, 0.00, 100.00, 0.00, 2.25, 0, 0 
7, 74111, 944081868, 0.00, 100.00, 0.00, 2.25, 0, 0 
8, 74111, 944590813, 0.00, 100.00, 0.00, 2.25, 0, 0 
9, 74111, 945114136, 0.00, 100.00, 0.00, 2.25, 0, 0 
0, 74111, 945649984, 0.00, 100.00, 0.00, 2.25, 0, 0 
1, 74111, 946165593, 0.00, 100.00, 0.00, 2.25, 0, 0 
2, 74111, 946681707, 0.00, 100.00, 0.00, 2.25, 0, 0 
3, 74111, 947206467, 0.00, 100.00, 0.00, 2.25, 0, 0 
4, 74111, 947752193, 0.00, 100.00, 0.00, 2.25, 0, 0 
5, 74111, 948278568, 0.00, 100.00, 0.00, 2.25, 0, 0 
6, 74111, 948805725, 0.00, 100.00, 0.00, 2.25, 0, 0 
7, 74111, 949330445, 0.00, 100.00, 0.00, 2.25, 0, 0 
8, 74111, 949846760, 0.00, 100.00, 0.00, 2.25, 0, 0 
9, 74111, 950368794, 0.00, 100.00, 0.00, 2.25, 0, 0 
0, 74111, 950902120, 0.00, 100.00, 0.00, 2.25, 0, 0 
1, 74111, 951449332, 0.00, 100.00, 0.00, 2.25, 0, 0 
2, 74111, 951982811, 0.00, 100.00, 0.00, 2.25, 0, 0 
3, 74111, 952485515, 0.00, 100.00, 0.00, 2.25, 0, 0 
4, 74111, 952992194, 0.00, 100.00, 0.00, 2.25, 0, 0 
5, 74111, 953514936, 0.00, 100.00, 0.00, 2.25, 0, 0 
6, 74111, 954042876, 0.00, 100.00, 0.00, 2.25, 0, 0 
7, 74111, 954556609, 0.00, 100.00, 0.00, 2.25, 0, 0 
8, 74111, 955087807, 0.00, 100.00, 0.00, 2.25, 0, 0 
9, 74111, 955609753, 0.00, 100.00, 0.00, 2.25, 0, 0 
0, 74111, 956145090, 0.00, 100.00, 0.00, 2.25, 0, 0 
1, 74111, 956668919, 0.00, 100.00, 0.00, 2.25, 0, 0 
2, 74111, 957179594, 0.00, 100.00, 0.00, 2.25, 0, 0 
3, 74111, 957699806, 0.00, 100.00, 0.00, 2.25, 0, 0 
4, 74111, 958202769, 0.00, 100.00, 0.00, 2.25, 0, 0 
5, 74111, 958723940, 0.00, 100.00, 0.00, 2.25, 0, 0 
6, 74111, 959212957, 0.00, 100.00, 0.00, 2.25, 0, 0 
7, 74111, 959749848, 0.00, 100.00, 0.00, 2.25, 0, 0 
8, 74111, 960276338, 0.00, 100.00, 0.00, 2.25, 0, 0 
9, 74111, 960780722, 0.00, 100.00, 0.00, 2.25, 0, 0 
0, 74111, 961318746, 0.00, 100.00, 0.00, 2.25, 0, 0 
1, 74111, 961856849, 0.00, 100.00, 0.00, 2.25, 0, 0 
2, 74111, 962342762, 0.00, 100.00, 0.00, 2.25, 0, 0 
3, 74111, 962869939, 0.00, 100.00, 0.00, 2.25, 0, 0 
4, 74112, 1567949, 0.00, 100.00, 0.00, 2.25, 0, 0 
5, 74112, 156385781, 0.00, 100.00, 0.00, 2.25, 0, 0 
6, 74112, 775799016, 0.00, 100.00, 0.00, 2.25, 0, 0 
7, 74112, 777185565, 0.00, 100.00, 0.00, 2.25, 0, 0 
8, 74112, 778403224, 0.00, 100.00, 0.00, 2.25, 0, 0 
9, 74112, 779321630, 0.00, 100.00, 0.00, 2.25, 0, 0 
0, 74112, 780476248, 0.00, 100.00, 0.00, 2.25, 0, 0 
1, 74112, 781584056, 0.00, 100.00, 0.00, 2.25, 0, 0 
2, 74112, 782508520, 0.00, 100.00, 0.00, 2.25, 0, 0 
3, 74112, 783365679, 0.00, 100.00, 0.00, 2.25, 0, 0 
4, 74112, 784265011, 0.00, 100.00, 0.00, 2.25, 0, 0 
5, 74112, 785163453, 0.00, 100.00, 0.00, 2.25, 0, 0 
6, 74112, 786025505, 0.00, 100.00, 0.00, 2.25, 0, 0 
7, 74112, 786898994, 0.00, 100.00, 0.00, 2.25, 0, 0 
8, 74112, 787794514, 0.00, 100.00, 0.00, 2.25, 0, 0 
9, 74112, 788708610, 0.00, 100.00, 0.00, 2.25, 0, 0 
0, 74112, 789659273, 0.00, 100.00, 0.00, 2.25, 0, 0 
1, 74112, 790639380, 0.00, 100.00, 0.00, 2.25, 0, 0 
2, 74112, 791613942, 0.00, 100.00, 0.00, 2.25, 0, 0 
3, 74112, 792535545, 0.00, 100.00, 0.00, 2.25, 0, 0 
4, 74112, 793174811, 0.00, 100.00, 0.00, 2.25, 0, 0 
5, 74112, 793686014, 0.00, 100.00, 0.00, 2.25, 0, 0 
6, 74112, 794405013, 0.00, 100.00, 0.00, 2.25, 0, 0 
7, 74112, 794811557, 0.00, 100.00, 0.00, 2.25, 0, 0 
8, 74112, 795412706, 0.00, 100.00, 0.00, 2.25, 0, 0 
9, 74112, 795771976, 0.00, 100.00, 0.00, 2.25, 0, 0 
0, 74112, 796278494, 0.00, 100.00, 0.00, 2.25, 0, 0 
1, 74112, 796653706, 0.00, 100.00, 0.00, 2.25, 0, 0 
2, 74112, 797183600, 0.00, 100.00, 0.00, 2.25, 0, 0 
3, 74112, 797707174, 0.00, 100.00, 0.00, 2.25, 0, 0 
4, 74112, 798228201, 0.00, 100.00, 0.00, 2.25, 0, 0 
5, 74112, 798748921, 0.00, 100.00, 0.00, 2.25, 0, 0 
6, 74112, 799270507, 0.00, 100.00, 0.00, 2.25, 0, 0 
7, 74112, 799792056, 0.00, 100.00, 0.00, 2.25, 0, 0 
8, 74112, 800314858, 0.00, 100.00, 0.00, 2.25, 0, 0 
9, 74112, 800836350, 0.00, 100.00, 0.00, 2.25, 0, 0 
0, 74112, 801367694, 0.00, 100.00, 0.00, 2.25, 0, 0 
1, 74112, 801889964, 0.00, 100.00, 0.00, 2.25, 0, 0 
2, 74112, 802382881, 0.00, 100.00, 0.00, 2.25, 0, 0 
3, 74112, 802923844, 0.00, 100.00, 0.00, 2.25, 0, 0 
4, 74112, 803448989, 0.00, 100.00, 0.00, 2.25, 0, 0 
5, 74112, 803977554, 0.00, 100.00, 0.00, 2.25, 0, 0 
6, 74112, 804480611, 0.00, 100.00, 0.00, 2.25, 0, 0 
7, 74112, 805046791, 0.00, 100.00, 0.00, 2.25, 0, 0 
8, 74112, 805559365, 0.00, 100.00, 0.00, 2.25, 0, 0 
9, 74112, 806074734, 0.00, 100.00, 0.00, 2.25, 0, 0 
0, 74112, 806607209, 0.00, 100.00, 0.00, 2.25, 0, 0 
1, 74112, 807137411, 0.00, 100.00, 0.00, 2.25, 0, 0 
2, 74112, 807620810, 0.00, 100.00, 0.00, 2.25, 0, 0 
3, 74112, 808141892, 0.00, 100.00, 0.00, 2.25, 0, 0 
4, 74112, 808663113, 0.00, 100.00, 0.00, 2.25, 0, 0 
5, 74112, 809158397, 0.00, 100.00, 0.00, 2.25, 0, 0 
6, 74112, 809528754, 0.00, 100.00, 0.00, 2.25, 0, 0 
7, 74112, 810025270, 0.00, 100.00, 0.00, 2.25, 0, 0 
8, 74112, 810524585, 0.00, 100.00, 0.00, 2.25, 0, 0 
9, 74112, 811126842, 0.00, 100.00, 0.00, 2.25, 0, 0 
0, 74112, 811656681, 0.00, 100.00, 0.00, 2.25, 0, 0 
1, 74112, 812278777, 0.00, 100.00, 0.00, 2.25, 0, 0 
2, 74112, 812889272, 0.00, 100.00, 0.00, 2.25, 0, 0 
3, 74112, 813566127, 0.00, 100.00, 0.00, 2.25, 0, 0 
4, 74112, 814086616, 0.00, 100.00, 0.00, 2.25, 0, 0 
5, 74112, 814608846, 0.00, 100.00, 0.00, 2.25, 0, 0 
6, 74112, 815105930, 0.00, 100.00, 0.00, 2.25, 0, 0 
7, 74112, 815605217, 0.00, 100.00, 0.00, 2.25, 0, 0 
8, 74112, 816121907, 0.00, 100.00, 0.00, 2.25, 0, 0 
9, 74112, 816598977, 0.00, 100.00, 0.00, 2.25, 0, 0 
0, 74112, 817112953, 0.00, 100.00, 0.00, 2.25, 0, 0 
1, 74112, 817624016, 0.00, 100.00, 0.00, 2.25, 0, 0 
2, 74112, 818464341, 0.00, 100.00, 0.00, 2.25, 0, 0 
3, 74112, 818909051, 0.00, 100.00, 0.00, 2.25, 0, 0 
4, 74112, 819343293, 0.00, 100.00, 0.00, 2.25, 0, 0 
5, 74112, 820122223, 0.00, 100.00, 0.00, 2.25, 0, 0 
6, 74112, 820563053, 0.00, 100.00, 0.00, 2.25, 0, 0 
7, 74112, 820993948, 0.00, 100.00, 0.00, 2.25, 0, 0 
8, 74112, 821415270, 0.00, 100.00, 0.00, 2.25, 0, 0 
9, 74112, 821865511, 0.00, 100.00, 0.00, 2.25, 0, 0 
0, 74112, 822367786, 0.00, 100.00, 0.00, 2.25, 0, 0 
1, 74112, 823287107, 0.00, 100.00, 0.00, 2.25, 0, 0 
2, 74112, 823772092, 0.00, 100.00, 0.00, 2.25, 0, 0 
3, 74112, 824292218, 0.00, 100.00, 0.00, 2.25, 0, 0 
4, 74112, 824814281, 0.00, 100.00, 0.00, 2.25, 0, 0 
5, 74112, 825337233, 0.00, 100.00, 0.00, 2.25, 0, 0 
6, 74112, 825859207, 0.00, 100.00, 0.00, 2.25, 0, 0 
7, 74112, 826454644, 0.00, 100.00, 0.00, 2.25, 0, 0 
8, 74112, 827011331, 0.00, 100.00, 0.00, 2.25, 0, 0 
9, 74112, 827552620, 0.00, 100.00, 0.00, 2.25, 0, 0 
0, 74112, 828140271, 0.00, 100.00, 0.00, 2.25, 0, 0 
1, 74112, 828660799, 0.00, 100.00, 0.00, 2.25, 0, 0 
2, 74112, 829226349, 0.00, 100.00, 0.00, 2.25, 0, 0 
3, 74112, 829803892, 0.00, 100.00, 0.00, 2.25, 0, 0 
4, 74112, 830327831, 0.00, 100.00, 0.00, 2.25, 0, 0 
5, 74112, 830847393, 0.00, 100.00, 0.00, 2.25, 0, 0 
6, 74112, 831371178, 0.00, 100.00, 0.00, 2.25, 0, 0 
7, 74112, 831894227, 0.00, 100.00, 0.00, 2.25, 0, 0 
8, 74112, 832417364, 0.00, 100.00, 0.00, 2.25, 0, 0 
9, 74112, 833003463, 0.00, 100.00, 0.00, 2.25, 0, 0 
0, 74112, 833559290, 0.00, 100.00, 0.00, 2.25, 0, 0 
1, 74112, 834096626, 0.00, 100.00, 0.00, 2.25, 0, 0 
2, 74112, 834579616, 0.00, 100.00, 0.00, 2.25, 0, 0 
3, 74112, 835099798, 0.00, 100.00, 0.00, 2.25, 0, 0 
4, 74112, 835698392, 0.00, 100.00, 0.00, 2.25, 0, 0 
5, 74112, 836267678, 0.00, 100.00, 0.00, 2.25, 0, 0 
6, 74112, 836827284, 0.00, 100.00, 0.00, 2.25, 0, 0 
7, 74112, 837356818, 0.00, 100.00, 0.00, 2.25, 0, 0 
8, 74112, 837874048, 0.00, 100.00, 0.00, 2.25, 0, 0 
9, 74112, 838396105, 0.00, 100.00, 0.00, 2.25, 0, 0 
0, 74112, 838921019, 0.00, 100.00, 0.00, 2.25, 0, 0 
1, 74112, 839445794, 0.00, 100.00, 0.00, 2.25, 0, 0 
2, 74112, 839958064, 0.00, 100.00, 0.00, 2.25, 0, 0 
3, 74112, 840482147, 0.00, 100.00, 0.00, 2.25, 0, 0 
4, 74112, 840999301, 0.00, 100.00, 0.00, 2.25, 0, 0 
5, 74112, 841522281, 0.00, 100.00, 0.00, 2.25, 0, 0 
6, 74112, 842026861, 0.00, 100.00, 0.00, 2.25, 0, 0 
7, 74112, 842566898, 0.00, 100.00, 0.00, 2.25, 0, 0 
8, 74112, 843088528, 0.00, 100.00, 0.00, 2.25, 0, 0 
9, 74112, 843609809, 0.00, 100.00, 0.00, 2.25, 0, 0 
0, 74112, 844149369, 0.00, 100.00, 0.00, 2.25, 0, 0 
1, 74112, 844643853, 0.00, 100.00, 0.00, 2.25, 0, 0 
2, 74112, 845154906, 0.00, 100.00, 0.00, 2.25, 0, 0 
3, 74112, 845676469, 0.00, 100.00, 0.00, 2.25, 0, 0 
4, 74112, 846455169, 0.00, 100.00, 0.00, 2.25, 0, 0 
5, 74112, 847053149, 0.00, 100.00, 0.00, 2.25, 0, 0 
6, 74112, 847586849, 0.00, 100.00, 0.00, 2.25, 0, 0 
7, 74112, 848218864, 0.00, 100.00, 0.00, 2.25, 0, 0 
8, 74112, 848910120, 0.00, 100.00, 0.00, 2.25, 0, 0 
9, 74112, 849359632, 0.00, 100.00, 0.00, 2.25, 0, 0 
0, 74112, 849892342, 0.00, 100.00, 0.00, 2.25, 0, 0 
1, 74112, 850415668, 0.00, 100.00, 0.00, 2.25, 0, 0 
2, 74112, 850926039, 0.00, 100.00, 0.00, 2.25, 0, 0 
3, 74112, 851445922, 0.00, 100.00, 0.00, 2.25, 0, 0 
4, 74112, 851968031, 0.00, 100.00, 0.00, 2.25, 0, 0 
5, 74112, 852517114, 0.00, 100.00, 0.00, 2.25, 0, 0 
6, 74112, 853037682, 0.00, 100.00, 0.00, 2.25, 0, 0 
7, 74112, 853612798, 0.00, 100.00, 0.00, 2.25, 0, 0 
8, 74112, 854133269, 0.00, 100.00, 0.00, 2.25, 0, 0 
9, 74112, 854696750, 0.00, 100.00, 0.00, 2.25, 0, 0 
0, 74112, 855264362, 0.00, 100.00, 0.00, 2.25, 0, 0 
1, 74112, 855857420, 0.00, 100.00, 0.00, 2.25, 0, 0 
2, 74112, 856429301, 0.00, 100.00, 0.00, 2.25, 0, 0 
3, 74112, 857006902, 0.00, 100.00, 0.00, 2.25, 0, 0 
4, 74112, 857574460, 0.00, 100.00, 0.00, 2.25, 0, 0 
5, 74112, 858142414, 0.00, 100.00, 0.00, 2.25, 0, 0 
6, 74112, 858689014, 0.00, 100.00, 0.00, 2.25, 0, 0 
7, 74112, 859233990, 0.00, 100.00, 0.00, 2.25, 0, 0 
8, 74112, 859755945, 0.00, 100.00, 0.00, 2.25, 0, 0 
9, 74112, 860315919, 0.00, 100.00, 0.00, 2.25, 0, 0 
0, 74112, 860886180, 0.00, 100.00, 0.00, 2.25, 0, 0 
1, 74112, 861377154, 0.00, 100.00, 0.00, 2.25, 0, 0 
2, 74112, 861885294, 0.00, 100.00, 0.00, 2.25, 0, 0 
3, 74112, 862405954, 0.00, 100.00, 0.00, 2.25, 0, 0 
4, 74112, 862927317, 0.00, 100.00, 0.00, 2.25, 0, 0 
5, 74112, 863450644, 0.00, 100.00, 0.00, 2.25, 0, 0 
6, 74112, 864024864, 0.00, 100.00, 0.00, 2.25, 0, 0 
7, 74112, 864574853, 0.00, 100.00, 0.00, 2.25, 0, 0 
8, 74112, 865101537, 0.00, 100.00, 0.00, 2.25, 0, 0 
9, 74112, 865621611, 0.00, 100.00, 0.00, 2.25, 0, 0 
0, 74112, 866154509, 0.00, 100.00, 0.00, 2.25, 0, 0 
1, 74112, 866678528, 0.00, 100.00, 0.00, 2.25, 0, 0 
2, 74112, 867188382, 0.00, 100.00, 0.00, 2.25, 0, 0 
3, 74112, 867712272, 0.00, 100.00, 0.00, 2.25, 0, 0 
4, 74112, 868216907, 0.00, 100.00, 0.00, 2.25, 0, 0 
5, 74112, 868799442, 0.00, 100.00, 0.00, 2.25, 0, 0 
6, 74112, 869168925, 0.00, 100.00, 0.00, 2.25, 0, 0 
7, 74112, 869544713, 0.00, 100.00, 0.00, 2.25, 0, 0 
8, 74112, 870071723, 0.00, 100.00, 0.00, 2.25, 0, 0 
9, 74112, 870570813, 0.00, 100.00, 0.00, 2.25, 0, 0 
0, 74112, 871115516, 0.00, 100.00, 0.00, 2.25, 0, 0 
1, 74112, 871641558, 0.00, 100.00, 0.00, 2.25, 0, 0 
2, 74112, 872153654, 0.00, 100.00, 0.00, 2.25, 0, 0 
3, 74112, 872674441, 0.00, 100.00, 0.00, 2.25, 0, 0 
4, 74112, 873197900, 0.00, 100.00, 0.00, 2.25, 0, 0 
5, 74112, 873720364, 0.00, 100.00, 0.00, 2.25, 0, 0 
6, 74112, 874222765, 0.00, 100.00, 0.00, 2.25, 0, 0 
7, 74112, 874762555, 0.00, 100.00, 0.00, 2.25, 0, 0 
8, 74112, 875284235, 0.00, 100.00, 0.00, 2.25, 0, 0 
9, 74112, 875806261, 0.00, 100.00, 0.00, 2.25, 0, 0 
0, 74112, 876341310, 0.00, 100.00, 0.00, 2.25, 0, 0 
1, 74112, 876863972, 0.00, 100.00, 0.00, 2.25, 0, 0 
2, 74112, 877354638, 0.00, 100.00, 0.00, 2.25, 0, 0 
3, 74112, 877878036, 0.00, 100.00, 0.00, 2.25, 0, 0 
4, 74112, 878399489, 0.00, 100.00, 0.00, 2.25, 0, 0 
5, 74112, 878922210, 0.00, 100.00, 0.00, 2.25, 0, 0 
6, 74112, 879422895, 0.00, 100.00, 0.00, 2.25, 0, 0 
7, 74112, 879920882, 0.00, 100.00, 0.00, 2.25, 0, 0 
8, 74112, 880471683, 0.00, 100.00, 0.00, 2.25, 0, 0 
9, 74112, 880994747, 0.00, 100.00, 0.00, 2.25, 0, 0 
0, 74112, 881635337, 0.00, 100.00, 0.00, 2.25, 0, 0 
1, 74112, 882218374, 0.00, 100.00, 0.00, 2.25, 0, 0 
2, 74112, 882723613, 0.00, 100.00, 0.00, 2.25, 0, 0 
3, 74112, 883244743, 0.00, 100.00, 0.00, 2.25, 0, 0 
4, 74112, 883765161, 0.00, 100.00, 0.00, 2.25, 0, 0 
5, 74112, 884292236, 0.00, 100.00, 0.00, 2.25, 0, 0 
6, 74112, 884807261, 0.00, 100.00, 0.00, 2.25, 0, 0 
7, 74112, 885328224, 0.00, 100.00, 0.00, 2.25, 0, 0 
8, 74112, 885849242, 0.00, 100.00, 0.00, 2.25, 0, 0 
9, 74112, 886370057, 0.00, 100.00, 0.00, 2.25, 0, 0 
0, 74112, 886902674, 0.00, 100.00, 0.00, 2.25, 0, 0 
1, 74112, 887404211, 0.00, 100.00, 0.00, 2.25, 0, 0 
2, 74112, 887913525, 0.00, 100.00, 0.00, 2.25, 0, 0 
3, 74112, 888654966, 0.00, 100.00, 0.00, 2.25, 0, 0 
4, 74112, 889173122, 0.00, 100.00, 0.00, 2.25, 0, 0 
5, 74112, 889710763, 0.00, 100.00, 0.00, 2.25, 0, 0 
6, 74112, 890231629, 0.00, 100.00, 0.00, 2.25, 0, 0 
7, 74112, 890755077, 0.00, 100.00, 0.00, 2.25, 0, 0 
8, 74112, 891274540, 0.00, 100.00, 0.00, 2.25, 0, 0 
9, 74112, 891802308, 0.00, 100.00, 0.00, 2.25, 0, 0 
0, 74112, 892327145, 0.00, 100.00, 0.00, 2.25, 0, 0 
1, 74112, 892850782, 0.00, 100.00, 0.00, 2.25, 0, 0 
2, 74112, 893340070, 0.00, 100.00, 0.00, 2.25, 0, 0 
3, 74112, 893861476, 0.00, 100.00, 0.00, 2.25, 0, 0 
4, 74112, 894411962, 0.00, 100.00, 0.00, 2.25, 0, 0 
5, 74112, 894957418, 0.00, 100.00, 0.00, 2.25, 0, 0 
6, 74112, 895506993, 0.00, 100.00, 0.00, 2.25, 0, 0 
7, 74112, 896045886, 0.00, 100.00, 0.00, 2.25, 0, 0 
8, 74112, 896600111, 0.00, 100.00, 0.00, 2.25, 0, 0 
9, 74112, 897124270, 0.00, 100.00, 0.00, 2.25, 0, 0 
0, 74112, 897647200, 0.00, 100.00, 0.00, 2.25, 0, 0 
1, 74112, 898182484, 0.00, 100.00, 0.00, 2.25, 0, 0 
2, 74112, 898677485, 0.00, 100.00, 0.00, 2.25, 0, 0 
3, 74112, 899184767, 0.00, 100.00, 0.00, 2.25, 0, 0 
4, 74112, 899701598, 0.00, 100.00, 0.00, 2.25, 0, 0 
5, 74112, 900465887, 0.00, 100.00, 0.00, 2.25, 0, 0 
6, 74112, 900965791, 0.00, 100.00, 0.00, 2.25, 0, 0 
7, 74112, 901733017, 0.00, 100.00, 0.00, 2.25, 0, 0 
8, 74112, 902252990, 0.00, 100.00, 0.00, 2.25, 0, 0 
9, 74112, 902774090, 0.00, 100.00, 0.00, 2.25, 0, 0 
0, 74112, 903248682, 0.00, 100.00, 0.00, 2.25, 0, 0 
1, 74112, 903816827, 0.00, 100.00, 0.00, 2.25, 0, 0 
2, 74112, 904331193, 0.00, 100.00, 0.00, 2.25, 0, 0 
3, 74112, 904846186, 0.00, 100.00, 0.00, 2.25, 0, 0 
4, 74112, 905368383, 0.00, 100.00, 0.00, 2.25, 0, 0 
5, 74112, 905891518, 0.00, 100.00, 0.00, 2.25, 0, 0 
6, 74112, 906438488, 0.00, 100.00, 0.00, 2.25, 0, 0 
7, 74112, 907035706, 0.00, 100.00, 0.00, 2.25, 0, 0 
8, 74112, 907540247, 0.00, 100.00, 0.00, 2.25, 0, 0 
9, 74112, 908089776, 0.00, 100.00, 0.00, 2.25, 0, 0 
0, 74112, 908680541, 0.00, 100.00, 0.00, 2.25, 0, 0 
1, 74112, 909202167, 0.00, 100.00, 0.00, 2.25, 0, 0 
2, 74112, 909713314, 0.00, 100.00, 0.00, 2.25, 0, 0 
3, 74112, 910266717, 0.00, 100.00, 0.00, 2.25, 0, 0 
4, 74112, 910788776, 0.00, 100.00, 0.00, 2.25, 0, 0 
5, 74112, 911366420, 0.00, 100.00, 0.00, 2.25, 0, 0 
6, 74112, 911916869, 0.00, 100.00, 0.00, 2.25, 0, 0 
7, 74112, 912493550, 0.00, 100.00, 0.00, 2.25, 0, 0 
8, 74112, 913015464, 0.00, 100.00, 0.00, 2.25, 0, 0 
9, 74112, 913593989, 0.00, 100.00, 0.00, 2.25, 0, 0 
0, 74112, 914130724, 0.00, 100.00, 0.00, 2.25, 0, 0 
1, 74112, 914627648, 0.00, 100.00, 0.00, 2.25, 0, 0 
2, 74112, 915189699, 0.00, 100.00, 0.00, 2.25, 0, 0 
3, 74112, 915812955, 0.00, 100.00, 0.00, 2.25, 0, 0 
4, 74112, 916385354, 0.00, 100.00, 0.00, 2.25, 0, 0 
5, 74112, 916980705, 0.00, 100.00, 0.00, 2.25, 0, 0 
6, 74112, 917610934, 0.00, 100.00, 0.00, 2.25, 0, 0 
7, 74112, 918116034, 0.00, 100.00, 0.00, 2.25, 0, 0 
8, 74112, 918617148, 0.00, 100.00, 0.00, 2.25, 0, 0 
9, 74112, 919486926, 0.00, 100.00, 0.00, 2.25, 0, 0 
0, 74112, 919935335, 0.00, 100.00, 0.00, 2.25, 0, 0 
1, 74112, 920378263, 0.00, 100.00, 0.00, 2.25, 0, 0 
2, 74112, 921188516, 0.00, 100.00, 0.00, 2.25, 0, 0 
3, 74112, 921705334, 0.00, 100.00, 0.00, 2.25, 0, 0 
4, 74112, 922226195, 0.00, 100.00, 0.00, 2.25, 0, 0 
5, 74112, 922748245, 0.00, 100.00, 0.00, 2.25, 0, 0 
6, 74112, 923269334, 0.00, 100.00, 0.00, 2.25, 0, 0 
7, 74112, 923790389, 0.00, 100.00, 0.00, 2.25, 0, 0 
8, 74112, 924313445, 0.00, 100.00, 0.00, 2.25, 0, 0 
9, 74112, 924834462, 0.00, 100.00, 0.00, 2.25, 0, 0 
0, 74112, 925375201, 0.00, 100.00, 0.00, 2.25, 0, 0 
1, 74112, 925872567, 0.00, 100.00, 0.00, 2.25, 0, 0 
2, 74112, 926410890, 0.00, 100.00, 0.00, 2.25, 0, 0 
3, 74112, 926932967, 0.00, 100.00, 0.00, 2.25, 0, 0 
4, 74112, 927449884, 0.00, 100.00, 0.00, 2.25, 0, 0 
5, 74112, 927980055, 0.00, 100.00, 0.00, 2.25, 0, 0 
6, 74112, 928517888, 0.00, 100.00, 0.00, 2.25, 0, 0 
7, 74112, 929071836, 0.00, 100.00, 0.00, 2.25, 0, 0 
8, 74112, 929536264, 0.00, 100.00, 0.00, 2.25, 0, 0 
9, 74112, 930074371, 0.00, 100.00, 0.00, 2.25, 0, 0 
0, 74112, 930616840, 0.00, 100.00, 0.00, 2.25, 0, 0 
1, 74112, 931144812, 0.00, 100.00, 0.00, 2.25, 0, 0 
2, 74112, 931640114, 0.00, 100.00, 0.00, 2.25, 0, 0 
3, 74112, 932284233, 0.00, 100.00, 0.00, 2.25, 0, 0 
4, 74112, 932978559, 0.00, 100.00, 0.00, 2.25, 0, 0 
5, 74112, 933464857, 0.00, 100.00, 0.00, 2.25, 0, 0 
6, 74112, 933987269, 0.00, 100.00, 0.00, 2.25, 0, 0 
7, 74112, 934508738, 0.00, 100.00, 0.00, 2.25, 0, 0 
8, 74112, 935031436, 0.00, 100.00, 0.00, 2.25, 0, 0 
9, 74112, 935551966, 0.00, 100.00, 0.00, 2.25, 0, 0 
0, 74112, 936080643, 0.00, 100.00, 0.00, 2.25, 0, 0 
1, 74112, 936584920, 0.00, 100.00, 0.00, 2.25, 0, 0 
2, 74112, 937098287, 0.00, 100.00, 0.00, 2.25, 0, 0 
3, 74112, 937619847, 0.00, 100.00, 0.00, 2.25, 0, 0 
4, 74112, 938142081, 0.00, 100.00, 0.00, 2.25, 0, 0 
5, 74112, 938566525, 0.00, 100.00, 0.00, 2.25, 0, 0 
6, 74112, 938991980, 0.00, 100.00, 0.00, 2.25, 0, 0 
7, 74112, 939482662, 0.00, 100.00, 0.00, 2.25, 0, 0 
8, 74112, 939974888, 0.00, 100.00, 0.00, 2.25, 0, 0 
9, 74112, 940667063, 0.00, 100.00, 0.00, 2.25, 0, 0 
0, 74112, 941171821, 0.00, 100.00, 0.00, 2.25, 0, 0 
1, 74112, 941835787, 0.00, 100.00, 0.00, 2.25, 0, 0 
2, 74112, 942398539, 0.00, 100.00, 0.00, 2.25, 0, 0 
3, 74112, 942910413, 0.00, 100.00, 0.00, 2.25, 0, 0 
4, 74112, 943432436, 0.00, 100.00, 0.00, 2.25, 0, 0 
5, 74112, 943955626, 0.00, 100.00, 0.00, 2.25, 0, 0 
6, 74112, 944483832, 0.00, 100.00, 0.00, 2.25, 0, 0 
7, 74112, 945001891, 0.00, 100.00, 0.00, 2.25, 0, 0 
8, 74112, 945523096, 0.00, 100.00, 0.00, 2.25, 0, 0 
9, 74112, 946046174, 0.00, 100.00, 0.00, 2.25, 0, 0 
0, 74112, 946583441, 0.00, 100.00, 0.00, 2.25, 0, 0 
1, 74112, 947106525, 0.00, 100.00, 0.00, 2.25, 0, 0 
2, 74112, 947616447, 0.00, 100.00, 0.00, 2.25, 0, 0 
3, 74112, 948188828, 0.00, 100.00, 0.00, 2.25, 0, 0 
4, 74112, 948748916, 0.00, 100.00, 0.00, 2.25, 0, 0 
5, 74112, 949347467, 0.00, 100.00, 0.00, 2.25, 0, 0 
6, 74112, 949908362, 0.00, 100.00, 0.00, 2.25, 0, 0 
7, 74112, 950485327, 0.00, 100.00, 0.00, 2.25, 0, 0 
8, 74112, 951035584, 0.00, 100.00, 0.00, 2.25, 0, 0 
9, 74112, 951557606, 0.00, 100.00, 0.00, 2.25, 0, 0 
0, 74112, 952109801, 0.00, 100.00, 0.00, 2.25, 0, 0 
1, 74112, 952617518, 0.00, 100.00, 0.00, 2.25, 0, 0 
2, 74112, 953127402, 0.00, 100.00, 0.00, 2.25, 0, 0 
3, 74112, 953649794, 0.00, 100.00, 0.00, 2.25, 0, 0 
4, 74112, 954171446, 0.00, 100.00, 0.00, 2.25, 0, 0 
5, 74112, 954694993, 0.00, 100.00, 0.00, 2.25, 0, 0 
6, 74112, 955216484, 0.00, 100.00, 0.00, 2.25, 0, 0 
7, 74112, 955740812, 0.00, 100.00, 0.00, 2.25, 0, 0 
8, 74112, 956263030, 0.00, 100.00, 0.00, 2.25, 0, 0 
9, 74112, 956786881, 0.00, 100.00, 0.00, 2.25, 0, 0 
0, 74112, 957372936, 0.00, 100.00, 0.00, 2.25, 0, 0 
1, 74112, 957915230, 0.00, 100.00, 0.00, 2.25, 0, 0 
2, 74112, 958419022, 0.00, 100.00, 0.00, 2.25, 0, 0 
3, 74112, 958953708, 0.00, 100.00, 0.00, 2.25, 0, 0 
4, 74112, 959478395, 0.00, 100.00, 0.00, 2.25, 0, 0 
5, 74112, 959994819, 0.00, 100.00, 0.00, 2.25, 0, 0 
6, 74112, 960532232, 0.00, 100.00, 0.00, 2.25, 0, 0 
7, 74112, 961040533, 0.00, 100.00, 0.00, 2.25, 0, 0 
8, 74112, 961563759, 0.00, 100.00, 0.00, 2.25, 0, 0 
9, 74112, 962085817, 0.00, 100.00, 0.00, 2.25, 0, 0 
0, 74112, 962618597, 0.00, 100.00, 0.00, 2.25, 0, 0 
1, 74113, 559570, 0.00, 100.00, 0.00, 2.25, 0, 0 
2, 74113, 152485703, 0.00, 100.00, 0.00, 2.25, 0, 0 
3, 74113, 760194200, 0.00, 100.00, 0.00, 2.25, 0, 0 
4, 74113, 761515783, 0.00, 100.00, 0.00, 2.25, 0, 0 
5, 74113, 762775828, 0.00, 100.00, 0.00, 2.25, 0, 0 
6, 74113, 764183216, 0.00, 100.00, 0.00, 2.25, 0, 0 
7, 74113, 765436086, 0.00, 100.00, 0.00, 2.25, 0, 0 
8, 74113, 766674846, 0.00, 100.00, 0.00, 2.25, 0, 0 
9, 74113, 767991584, 0.00, 100.00, 0.00, 2.25, 0, 0 
0, 74113, 769447850, 0.00, 100.00, 0.00, 2.25, 0, 0 
1, 74113, 770701754, 0.00, 100.00, 0.00, 2.25, 0, 0 
2, 74113, 771790245, 0.00, 100.00, 0.00, 2.25, 0, 0 
3, 74113, 772661247, 0.00, 100.00, 0.00, 2.25, 0, 0 
4, 74113, 773533352, 0.00, 100.00, 0.00, 2.25, 0, 0 
5, 74113, 774455762, 0.00, 100.00, 0.00, 2.25, 0, 0 
6, 74113, 775324171, 0.00, 100.00, 0.00, 2.25, 0, 0 
7, 74113, 776372675, 0.00, 100.00, 0.00, 2.25, 0, 0 
8, 74113, 777381974, 0.00, 100.00, 0.00, 2.25, 0, 0 
9, 74113, 778404062, 0.00, 100.00, 0.00, 2.25, 0, 0 
0, 74113, 779475262, 0.00, 100.00, 0.00, 2.25, 0, 0 
1, 74113, 780760503, 0.00, 100.00, 0.00, 2.25, 0, 0 
2, 74113, 781660309, 0.00, 100.00, 0.00, 2.25, 0, 0 
3, 74113, 782586946, 0.00, 100.00, 0.00, 2.25, 0, 0 
4, 74113, 783478412, 0.00, 100.00, 0.00, 2.25, 0, 0 
5, 74113, 784431260, 0.00, 100.00, 0.00, 2.25, 0, 0 
6, 74113, 785281177, 0.00, 100.00, 0.00, 2.25, 0, 0 
7, 74113, 786198293, 0.00, 100.00, 0.00, 2.25, 0, 0 
8, 74113, 787078930, 0.00, 100.00, 0.00, 2.25, 0, 0 
9, 74113, 787912686, 0.00, 100.00, 0.00, 2.25, 0, 0 
0, 74113, 788865644, 0.00, 100.00, 0.00, 2.25, 0, 0 
1, 74113, 789820974, 0.00, 100.00, 0.00, 2.25, 0, 0 
2, 74113, 790717293, 0.00, 100.00, 0.00, 2.25, 0, 0 
3, 74113, 791635912, 0.00, 100.00, 0.00, 2.25, 0, 0 
4, 74113, 792564447, 0.00, 100.00, 0.00, 2.25, 0, 0 
5, 74113, 793418483, 0.00, 100.00, 0.00, 2.25, 0, 0 
6, 74113, 794260621, 0.00, 100.00, 0.00, 2.25, 0, 0 
7, 74113, 795013598, 0.00, 100.00, 0.00, 2.25, 0, 0 
8, 74113, 795856557, 0.00, 100.00, 0.00, 2.25, 0, 0 
9, 74113, 796785141, 0.00, 100.00, 0.00, 2.25, 0, 0 
0, 74113, 797719829, 0.00, 100.00, 0.00, 2.25, 0, 0 
1, 74113, 798659937, 0.00, 100.00, 0.00, 2.25, 0, 0 
2, 74113, 799847903, 0.00, 100.00, 0.00, 2.25, 0, 0 
3, 74113, 800820682, 0.00, 100.00, 0.00, 2.25, 0, 0 
4, 74113, 801685507, 0.00, 100.00, 0.00, 2.25, 0, 0 
5, 74113, 802531791, 0.00, 100.00, 0.00, 2.25, 0, 0 
6, 74113, 803361594, 0.00, 100.00, 0.00, 2.25, 0, 0 
7, 74113, 804228388, 0.00, 100.00, 0.00, 2.25, 0, 0 
8, 74113, 805103835, 0.00, 100.00, 0.00, 2.25, 0, 0 
9, 74113, 805935145, 0.00, 100.00, 0.00, 2.25, 0, 0 
0, 74113, 806804333, 0.00, 100.00, 0.00, 2.25, 0, 0 
1, 74113, 807718453, 0.00, 100.00, 0.00, 2.25, 0, 0 
2, 74113, 808584375, 0.00, 100.00, 0.00, 2.25, 0, 0 
3, 74113, 809472972, 0.00, 100.00, 0.00, 2.25, 0, 0 
4, 74113, 810351041, 0.00, 100.00, 0.00, 2.25, 0, 0 
5, 74113, 811176425, 0.00, 100.00, 0.00, 2.25, 0, 0 
6, 74113, 812021057, 0.00, 100.00, 0.00, 2.25, 0, 0 
7, 74113, 812838006, 0.00, 100.00, 0.00, 2.25, 0, 0 
8, 74113, 813539886, 0.00, 100.00, 0.00, 2.25, 0, 0 
9, 74113, 814293459, 0.00, 100.00, 0.00, 2.25, 0, 0 
0, 74113, 815017767, 0.00, 100.00, 0.00, 2.25, 0, 0 
1, 74113, 815706186, 0.00, 100.00, 0.00, 2.25, 0, 0 
2, 74113, 816411090, 0.00, 100.00, 0.00, 2.25, 0, 0 
3, 74113, 817070499, 0.00, 100.00, 0.00, 2.25, 0, 0 
4, 74113, 817706220, 0.00, 100.00, 0.00, 2.25, 0, 0 
5, 74113, 818249265, 0.00, 100.00, 0.00, 2.25, 0, 0 
6, 74113, 818823895, 0.00, 100.00, 0.00, 2.25, 0, 0 
7, 74113, 819355855, 0.00, 100.00, 0.00, 2.25, 0, 0 
8, 74113, 819957338, 0.00, 100.00, 0.00, 2.25, 0, 0 
9, 74113, 820820510, 0.00, 100.00, 0.00, 2.25, 0, 0 
0, 74113, 821426454, 0.00, 100.00, 0.00, 2.25, 0, 0 
1, 74113, 822037064, 0.00, 100.00, 0.00, 2.25, 0, 0 
2, 74113, 822565560, 0.00, 100.00, 0.00, 2.25, 0, 0 
3, 74113, 823077087, 0.00, 100.00, 0.00, 2.25, 0, 0 
4, 74113, 823616350, 0.00, 100.00, 0.00, 2.25, 0, 0 
5, 74113, 824151449, 0.00, 100.00, 0.00, 2.25, 0, 0 
6, 74113, 824670921, 0.00, 100.00, 0.00, 2.25, 0, 0 
7, 74113, 825168851, 0.00, 100.00, 0.00, 2.25, 0, 0 
8, 74113, 825717544, 0.00, 100.00, 0.00, 2.25, 0, 0 
9, 74113, 826252344, 0.00, 100.00, 0.00, 2.25, 0, 0 
0, 74113, 826791054, 0.00, 100.00, 0.00, 2.25, 0, 0 
1, 74113, 827314637, 0.00, 100.00, 0.00, 2.25, 0, 0 
2, 74113, 827814181, 0.00, 100.00, 0.00, 2.25, 0, 0 
3, 74113, 828339384, 0.00, 100.00, 0.00, 2.25, 0, 0 
4, 74113, 828865022, 0.00, 100.00, 0.00, 2.25, 0, 0 
5, 74113, 829388469, 0.00, 100.00, 0.00, 2.25, 0, 0 
6, 74113, 829915001, 0.00, 100.00, 0.00, 2.25, 0, 0 
7, 74113, 830436219, 0.00, 100.00, 0.00, 2.25, 0, 0 
8, 74113, 830958269, 0.00, 100.00, 0.00, 2.25, 0, 0 
9, 74113, 831484583, 0.00, 100.00, 0.00, 2.25, 0, 0 
0, 74113, 832040216, 0.00, 100.00, 0.00, 2.25, 0, 0 
1, 74113, 832601678, 0.00, 100.00, 0.00, 2.25, 0, 0 
2, 74113, 833134681, 0.00, 100.00, 0.00, 2.25, 0, 0 
3, 74113, 833705338, 0.00, 100.00, 0.00, 2.25, 0, 0 
4, 74113, 834222283, 0.00, 100.00, 0.00, 2.25, 0, 0 
5, 74113, 834745768, 0.00, 100.00, 0.00, 2.25, 0, 0 
6, 74113, 835269528, 0.00, 100.00, 0.00, 2.25, 0, 0 
7, 74113, 835792931, 0.00, 100.00, 0.00, 2.25, 0, 0 
8, 74113, 836319925, 0.00, 100.00, 0.00, 2.25, 0, 0 
9, 74113, 836845231, 0.00, 100.00, 0.00, 2.25, 0, 0 
0, 74113, 837382011, 0.00, 100.00, 0.00, 2.25, 0, 0 
1, 74113, 837921648, 0.00, 100.00, 0.00, 2.25, 0, 0 
2, 74113, 838433156, 0.00, 100.00, 0.00, 2.25, 0, 0 
3, 74113, 838950566, 0.00, 100.00, 0.00, 2.25, 0, 0 
4, 74113, 839476158, 0.00, 100.00, 0.00, 2.25, 0, 0 
5, 74113, 840008561, 0.00, 100.00, 0.00, 2.25, 0, 0 
6, 74113, 840526694, 0.00, 100.00, 0.00, 2.25, 0, 0 
7, 74113, 841057983, 0.00, 100.00, 0.00, 2.25, 0, 0 
8, 74113, 841573709, 0.00, 100.00, 0.00, 2.25, 0, 0 
9, 74113, 842094234, 0.00, 100.00, 0.00, 2.25, 0, 0 
0, 74113, 842634449, 0.00, 100.00, 0.00, 2.25, 0, 0 
1, 74113, 843210963, 0.00, 100.00, 0.00, 2.25, 0, 0 
2, 74113, 843771307, 0.00, 100.00, 0.00, 2.25, 0, 0 
3, 74113, 844394841, 0.00, 100.00, 0.00, 2.25, 0, 0 
4, 74113, 844933230, 0.00, 100.00, 0.00, 2.25, 0, 0 
5, 74113, 845498695, 0.00, 100.00, 0.00, 2.25, 0, 0 
6, 74113, 845989415, 0.00, 100.00, 0.00, 2.25, 0, 0 
7, 74113, 846509039, 0.00, 100.00, 0.00, 2.25, 0, 0 
8, 74113, 847055205, 0.00, 100.00, 0.00, 2.25, 0, 0 
9, 74113, 847582065, 0.00, 100.00, 0.00, 2.25, 0, 0 
0, 74113, 848137546, 0.00, 100.00, 0.00, 2.25, 0, 0 
1, 74113, 848679430, 0.00, 100.00, 0.00, 2.25, 0, 0 
2, 74113, 849185422, 0.00, 100.00, 0.00, 2.25, 0, 0 
3, 74113, 849708468, 0.00, 100.00, 0.00, 2.25, 0, 0 
4, 74113, 850232931, 0.00, 100.00, 0.00, 2.25, 0, 0 
5, 74113, 850762445, 0.00, 100.00, 0.00, 2.25, 0, 0 
6, 74113, 851282061, 0.00, 100.00, 0.00, 2.25, 0, 0 
7, 74113, 851806349, 0.00, 100.00, 0.00, 2.25, 0, 0 
8, 74113, 852360938, 0.00, 100.00, 0.00, 2.25, 0, 0 
9, 74113, 852898659, 0.00, 100.00, 0.00, 2.25, 0, 0 
0, 74113, 853482118, 0.00, 100.00, 0.00, 2.25, 0, 0 
1, 74113, 854008815, 0.00, 100.00, 0.00, 2.25, 0, 0 
2, 74113, 854540885, 0.00, 100.00, 0.00, 2.25, 0, 0 
3, 74113, 855058758, 0.00, 100.00, 0.00, 2.25, 0, 0 
4, 74113, 855576486, 0.00, 100.00, 0.00, 2.25, 0, 0 
5, 74113, 856106792, 0.00, 100.00, 0.00, 2.25, 0, 0 
6, 74113, 856620541, 0.00, 100.00, 0.00, 2.25, 0, 0 
7, 74113, 857144716, 0.00, 100.00, 0.00, 2.25, 0, 0 
8, 74113, 857664099, 0.00, 100.00, 0.00, 2.25, 0, 0 
9, 74113, 858185701, 0.00, 100.00, 0.00, 2.25, 0, 0 
