Wed Nov 28 13:37:06 2018
StepTime, x, v, f, xdes, vdes, fdes, cmd, IR, LSB, LSF
0, 74567, 623480762, 0.00, 100.00, 0.00, 2.25, 0, 0 
1, 74567, 624734328, 0.00, 100.00, 0.00, 2.25, 0, 0 
2, 74567, 625710894, 0.00, 100.00, 0.00, 2.25, 0, 0 
3, 74567, 626802511, 0.00, 100.00, 0.00, 2.25, 0, 0 
4, 74567, 627786627, 0.00, 100.00, 0.00, 2.25, 0, 0 
5, 74567, 628884107, 0.00, 100.00, 0.00, 2.25, 0, 0 
6, 74567, 630008985, 0.00, 100.00, 0.00, 2.25, 0, 0 
7, 74567, 630920064, 0.00, 100.00, 0.00, 2.25, 0, 0 
8, 74567, 631885063, 0.00, 100.00, 0.00, 2.25, 0, 0 
9, 74567, 632832367, 0.00, 100.00, 0.00, 2.25, 0, 0 
0, 74567, 633726262, 0.00, 100.00, 0.00, 2.25, 0, 0 
1, 74567, 634543016, 0.00, 100.00, 0.00, 2.25, 0, 0 
2, 74567, 635374927, 0.00, 100.00, 0.00, 2.25, 0, 0 
3, 74567, 636222439, 0.00, 100.00, 0.00, 2.25, 0, 0 
4, 74567, 637018513, 0.00, 100.00, 0.00, 2.25, 0, 0 
5, 74567, 637851392, 0.00, 100.00, 0.00, 2.25, 0, 0 
6, 74567, 638699470, 0.00, 100.00, 0.00, 2.25, 0, 0 
7, 74567, 639520742, 0.00, 100.00, 0.00, 2.25, 0, 0 
8, 74567, 640327819, 0.00, 100.00, 0.00, 2.25, 0, 0 
9, 74567, 641167965, 0.00, 100.00, 0.00, 2.25, 0, 0 
0, 74567, 642017694, 0.00, 100.00, 0.00, 2.25, 0, 0 
1, 74567, 642827477, 0.00, 100.00, 0.00, 2.25, 0, 0 
2, 74567, 643573308, 0.00, 100.00, 0.00, 2.25, 0, 0 
3, 74567, 644318704, 0.00, 100.00, 0.00, 2.25, 0, 0 
4, 74567, 645062075, 0.00, 100.00, 0.00, 2.25, 0, 0 
5, 74567, 645908029, 0.00, 100.00, 0.00, 2.25, 0, 0 
6, 74567, 646715423, 0.00, 100.00, 0.00, 2.25, 0, 0 
7, 74567, 647575461, 0.00, 100.00, 0.00, 2.25, 0, 0 
8, 74567, 648474694, 0.00, 100.00, 0.00, 2.25, 0, 0 
9, 74567, 649279965, 0.00, 100.00, 0.00, 2.25, 0, 0 
0, 74567, 650094345, 0.00, 100.00, 0.00, 2.25, 0, 0 
1, 74567, 650935907, 0.00, 100.00, 0.00, 2.25, 0, 0 
2, 74567, 651805647, 0.00, 100.00, 0.00, 2.25, 0, 0 
3, 74567, 652796444, 0.00, 100.00, 0.00, 2.25, 0, 0 
4, 74567, 653638371, 0.00, 100.00, 0.00, 2.25, 0, 0 
5, 74567, 654917465, 0.00, 100.00, 0.00, 2.25, 0, 0 
6, 74567, 655893628, 0.00, 100.00, 0.00, 2.25, 0, 0 
7, 74567, 656866295, 0.00, 100.00, 0.00, 2.25, 0, 0 
8, 74567, 657757136, 0.00, 100.00, 0.00, 2.25, 0, 0 
9, 74567, 658633347, 0.00, 100.00, 0.00, 2.25, 0, 0 
0, 74567, 659520659, 0.00, 100.00, 0.00, 2.25, 0, 0 
1, 74567, 660399534, 0.00, 100.00, 0.00, 2.25, 0, 0 
2, 74567, 661231659, 0.00, 100.00, 0.00, 2.25, 0, 0 
3, 74567, 662108715, 0.00, 100.00, 0.00, 2.25, 0, 0 
4, 74567, 662967793, 0.00, 100.00, 0.00, 2.25, 0, 0 
5, 74567, 663777940, 0.00, 100.00, 0.00, 2.25, 0, 0 
6, 74567, 664698920, 0.00, 100.00, 0.00, 2.25, 0, 0 
7, 74567, 665584541, 0.00, 100.00, 0.00, 2.25, 0, 0 
8, 74567, 666395873, 0.00, 100.00, 0.00, 2.25, 0, 0 
9, 74567, 667165159, 0.00, 100.00, 0.00, 2.25, 0, 0 
0, 74567, 667820471, 0.00, 100.00, 0.00, 2.25, 0, 0 
1, 74567, 668495041, 0.00, 100.00, 0.00, 2.25, 0, 0 
2, 74567, 669189935, 0.00, 100.00, 0.00, 2.25, 0, 0 
3, 74567, 669815056, 0.00, 100.00, 0.00, 2.25, 0, 0 
4, 74567, 670452511, 0.00, 100.00, 0.00, 2.25, 0, 0 
5, 74567, 671109917, 0.00, 100.00, 0.00, 2.25, 0, 0 
6, 74567, 671730701, 0.00, 100.00, 0.00, 2.25, 0, 0 
7, 74567, 672297984, 0.00, 100.00, 0.00, 2.25, 0, 0 
8, 74567, 672899147, 0.00, 100.00, 0.00, 2.25, 0, 0 
9, 74567, 673428632, 0.00, 100.00, 0.00, 2.25, 0, 0 
0, 74567, 674047859, 0.00, 100.00, 0.00, 2.25, 0, 0 
1, 74567, 674606706, 0.00, 100.00, 0.00, 2.25, 0, 0 
2, 74567, 675146697, 0.00, 100.00, 0.00, 2.25, 0, 0 
3, 74567, 675676903, 0.00, 100.00, 0.00, 2.25, 0, 0 
4, 74567, 676271879, 0.00, 100.00, 0.00, 2.25, 0, 0 
5, 74567, 676813073, 0.00, 100.00, 0.00, 2.25, 0, 0 
6, 74567, 677356296, 0.00, 100.00, 0.00, 2.25, 0, 0 
7, 74567, 677883533, 0.00, 100.00, 0.00, 2.25, 0, 0 
8, 74567, 678402420, 0.00, 100.00, 0.00, 2.25, 0, 0 
9, 74567, 679000156, 0.00, 100.00, 0.00, 2.25, 0, 0 
0, 74567, 679503751, 0.00, 100.00, 0.00, 2.25, 0, 0 
1, 74567, 680061236, 0.00, 100.00, 0.00, 2.25, 0, 0 
2, 74567, 680570536, 0.00, 100.00, 0.00, 2.25, 0, 0 
3, 74567, 681087841, 0.00, 100.00, 0.00, 2.25, 0, 0 
4, 74567, 681618478, 0.00, 100.00, 0.00, 2.25, 0, 0 
5, 74567, 682117784, 0.00, 100.00, 0.00, 2.25, 0, 0 
6, 74567, 682646588, 0.00, 100.00, 0.00, 2.25, 0, 0 
7, 74567, 683173040, 0.00, 100.00, 0.00, 2.25, 0, 0 
8, 74567, 683693587, 0.00, 100.00, 0.00, 2.25, 0, 0 
9, 74567, 684242970, 0.00, 100.00, 0.00, 2.25, 0, 0 
0, 74567, 684775994, 0.00, 100.00, 0.00, 2.25, 0, 0 
1, 74567, 685492637, 0.00, 100.00, 0.00, 2.25, 0, 0 
2, 74567, 686164564, 0.00, 100.00, 0.00, 2.25, 0, 0 
3, 74567, 686675257, 0.00, 100.00, 0.00, 2.25, 0, 0 
4, 74567, 687187209, 0.00, 100.00, 0.00, 2.25, 0, 0 
5, 74567, 687708353, 0.00, 100.00, 0.00, 2.25, 0, 0 
6, 74567, 688213770, 0.00, 100.00, 0.00, 2.25, 0, 0 
7, 74567, 688760366, 0.00, 100.00, 0.00, 2.25, 0, 0 
8, 74567, 689333083, 0.00, 100.00, 0.00, 2.25, 0, 0 
9, 74567, 689907239, 0.00, 100.00, 0.00, 2.25, 0, 0 
0, 74567, 690488464, 0.00, 100.00, 0.00, 2.25, 0, 0 
1, 74567, 691060400, 0.00, 100.00, 0.00, 2.25, 0, 0 
2, 74567, 691575980, 0.00, 100.00, 0.00, 2.25, 0, 0 
3, 74567, 692083050, 0.00, 100.00, 0.00, 2.25, 0, 0 
4, 74567, 692604561, 0.00, 100.00, 0.00, 2.25, 0, 0 
5, 74567, 693149942, 0.00, 100.00, 0.00, 2.25, 0, 0 
6, 74567, 693703910, 0.00, 100.00, 0.00, 2.25, 0, 0 
7, 74567, 694262459, 0.00, 100.00, 0.00, 2.25, 0, 0 
8, 74567, 694857477, 0.00, 100.00, 0.00, 2.25, 0, 0 
9, 74567, 695431181, 0.00, 100.00, 0.00, 2.25, 0, 0 
0, 74567, 696128333, 0.00, 100.00, 0.00, 2.25, 0, 0 
1, 74567, 696634048, 0.00, 100.00, 0.00, 2.25, 0, 0 
2, 74567, 697143784, 0.00, 100.00, 0.00, 2.25, 0, 0 
3, 74567, 697640269, 0.00, 100.00, 0.00, 2.25, 0, 0 
4, 74567, 698161637, 0.00, 100.00, 0.00, 2.25, 0, 0 
5, 74567, 698668788, 0.00, 100.00, 0.00, 2.25, 0, 0 
6, 74567, 699189311, 0.00, 100.00, 0.00, 2.25, 0, 0 
7, 74567, 699973714, 0.00, 100.00, 0.00, 2.25, 0, 0 
8, 74567, 700513136, 0.00, 100.00, 0.00, 2.25, 0, 0 
9, 74567, 701075570, 0.00, 100.00, 0.00, 2.25, 0, 0 
0, 74567, 701662452, 0.00, 100.00, 0.00, 2.25, 0, 0 
1, 74567, 702250607, 0.00, 100.00, 0.00, 2.25, 0, 0 
2, 74567, 702942866, 0.00, 100.00, 0.00, 2.25, 0, 0 
3, 74567, 703477151, 0.00, 100.00, 0.00, 2.25, 0, 0 
4, 74567, 704109454, 0.00, 100.00, 0.00, 2.25, 0, 0 
5, 74567, 704669849, 0.00, 100.00, 0.00, 2.25, 0, 0 
6, 74567, 705200478, 0.00, 100.00, 0.00, 2.25, 0, 0 
7, 74567, 705758089, 0.00, 100.00, 0.00, 2.25, 0, 0 
8, 74567, 706041692, 0.00, 100.00, 0.00, 2.25, 0, 0 
9, 74567, 706679412, 0.00, 100.00, 0.00, 2.25, 0, 0 
0, 74567, 707160881, 0.00, 100.00, 0.00, 2.25, 0, 0 
1, 74567, 707917368, 0.00, 100.00, 0.00, 2.25, 0, 0 
2, 74567, 708640613, 0.00, 100.00, 0.00, 2.25, 0, 0 
3, 74567, 709503532, 0.00, 100.00, 0.00, 2.25, 0, 0 
4, 74567, 710006018, 0.00, 100.00, 0.00, 2.25, 0, 0 
5, 74567, 710505443, 0.00, 100.00, 0.00, 2.25, 0, 0 
6, 74567, 710992698, 0.00, 100.00, 0.00, 2.25, 0, 0 
7, 74567, 711490886, 0.00, 100.00, 0.00, 2.25, 0, 0 
8, 74567, 712094821, 0.00, 100.00, 0.00, 2.25, 0, 0 
9, 74567, 712587314, 0.00, 100.00, 0.00, 2.25, 0, 0 
0, 74567, 713101940, 0.00, 100.00, 0.00, 2.25, 0, 0 
1, 74567, 713665089, 0.00, 100.00, 0.00, 2.25, 0, 0 
2, 74567, 714206804, 0.00, 100.00, 0.00, 2.25, 0, 0 
3, 74567, 714693883, 0.00, 100.00, 0.00, 2.25, 0, 0 
4, 74567, 715200054, 0.00, 100.00, 0.00, 2.25, 0, 0 
5, 74567, 715745220, 0.00, 100.00, 0.00, 2.25, 0, 0 
6, 74567, 716273147, 0.00, 100.00, 0.00, 2.25, 0, 0 
7, 74567, 716648162, 0.00, 100.00, 0.00, 2.25, 0, 0 
8, 74567, 717133875, 0.00, 100.00, 0.00, 2.25, 0, 0 
9, 74567, 717710027, 0.00, 100.00, 0.00, 2.25, 0, 0 
0, 74567, 718252682, 0.00, 100.00, 0.00, 2.25, 0, 0 
1, 74567, 718820195, 0.00, 100.00, 0.00, 2.25, 0, 0 
2, 74567, 719273465, 0.00, 100.00, 0.00, 2.25, 0, 0 
3, 74567, 719794428, 0.00, 100.00, 0.00, 2.25, 0, 0 
4, 74567, 720310819, 0.00, 100.00, 0.00, 2.25, 0, 0 
5, 74567, 720835231, 0.00, 100.00, 0.00, 2.25, 0, 0 
6, 74567, 721357106, 0.00, 100.00, 0.00, 2.25, 0, 0 
7, 74567, 721880368, 0.00, 100.00, 0.00, 2.25, 0, 0 
8, 74567, 722398486, 0.00, 100.00, 0.00, 2.25, 0, 0 
9, 74567, 722922562, 0.00, 100.00, 0.00, 2.25, 0, 0 
0, 74567, 723452522, 0.00, 100.00, 0.00, 2.25, 0, 0 
1, 74567, 723994852, 0.00, 100.00, 0.00, 2.25, 0, 0 
2, 74567, 724497331, 0.00, 100.00, 0.00, 2.25, 0, 0 
3, 74567, 725042121, 0.00, 100.00, 0.00, 2.25, 0, 0 
4, 74567, 725676990, 0.00, 100.00, 0.00, 2.25, 0, 0 
5, 74567, 726551030, 0.00, 100.00, 0.00, 2.25, 0, 0 
6, 74567, 727057136, 0.00, 100.00, 0.00, 2.25, 0, 0 
7, 74567, 727558303, 0.00, 100.00, 0.00, 2.25, 0, 0 
8, 74567, 728060860, 0.00, 100.00, 0.00, 2.25, 0, 0 
9, 74567, 728561039, 0.00, 100.00, 0.00, 2.25, 0, 0 
0, 74567, 729123934, 0.00, 100.00, 0.00, 2.25, 0, 0 
1, 74567, 729827863, 0.00, 100.00, 0.00, 2.25, 0, 0 
2, 74567, 730581817, 0.00, 100.00, 0.00, 2.25, 0, 0 
3, 74567, 731232196, 0.00, 100.00, 0.00, 2.25, 0, 0 
4, 74567, 731752358, 0.00, 100.00, 0.00, 2.25, 0, 0 
5, 74567, 732233300, 0.00, 100.00, 0.00, 2.25, 0, 0 
6, 74567, 732755467, 0.00, 100.00, 0.00, 2.25, 0, 0 
7, 74567, 733305857, 0.00, 100.00, 0.00, 2.25, 0, 0 
8, 74567, 733872914, 0.00, 100.00, 0.00, 2.25, 0, 0 
9, 74567, 734453529, 0.00, 100.00, 0.00, 2.25, 0, 0 
0, 74567, 734995074, 0.00, 100.00, 0.00, 2.25, 0, 0 
1, 74567, 735737480, 0.00, 100.00, 0.00, 2.25, 0, 0 
2, 74567, 736275745, 0.00, 100.00, 0.00, 2.25, 0, 0 
3, 74567, 736837634, 0.00, 100.00, 0.00, 2.25, 0, 0 
4, 74567, 737414834, 0.00, 100.00, 0.00, 2.25, 0, 0 
5, 74567, 737994248, 0.00, 100.00, 0.00, 2.25, 0, 0 
6, 74567, 738517932, 0.00, 100.00, 0.00, 2.25, 0, 0 
7, 74567, 739024398, 0.00, 100.00, 0.00, 2.25, 0, 0 
8, 74567, 739539881, 0.00, 100.00, 0.00, 2.25, 0, 0 
9, 74567, 740180935, 0.00, 100.00, 0.00, 2.25, 0, 0 
0, 74567, 740597528, 0.00, 100.00, 0.00, 2.25, 0, 0 
1, 74567, 741516002, 0.00, 100.00, 0.00, 2.25, 0, 0 
2, 74567, 742010938, 0.00, 100.00, 0.00, 2.25, 0, 0 
3, 74567, 742526981, 0.00, 100.00, 0.00, 2.25, 0, 0 
4, 74567, 743096049, 0.00, 100.00, 0.00, 2.25, 0, 0 
5, 74567, 743682536, 0.00, 100.00, 0.00, 2.25, 0, 0 
6, 74567, 744349322, 0.00, 100.00, 0.00, 2.25, 0, 0 
7, 74567, 744701147, 0.00, 100.00, 0.00, 2.25, 0, 0 
8, 74567, 745383141, 0.00, 100.00, 0.00, 2.25, 0, 0 
9, 74567, 746232192, 0.00, 100.00, 0.00, 2.25, 0, 0 
0, 74567, 746603134, 0.00, 100.00, 0.00, 2.25, 0, 0 
1, 74567, 747311136, 0.00, 100.00, 0.00, 2.25, 0, 0 
2, 74567, 747861503, 0.00, 100.00, 0.00, 2.25, 0, 0 
3, 74567, 748381226, 0.00, 100.00, 0.00, 2.25, 0, 0 
4, 74567, 748865209, 0.00, 100.00, 0.00, 2.25, 0, 0 
5, 74567, 749381187, 0.00, 100.00, 0.00, 2.25, 0, 0 
6, 74567, 749953380, 0.00, 100.00, 0.00, 2.25, 0, 0 
7, 74567, 750472774, 0.00, 100.00, 0.00, 2.25, 0, 0 
8, 74567, 750987582, 0.00, 100.00, 0.00, 2.25, 0, 0 
9, 74567, 751662543, 0.00, 100.00, 0.00, 2.25, 0, 0 
0, 74567, 752264765, 0.00, 100.00, 0.00, 2.25, 0, 0 
1, 74567, 752952089, 0.00, 100.00, 0.00, 2.25, 0, 0 
2, 74567, 753463856, 0.00, 100.00, 0.00, 2.25, 0, 0 
3, 74567, 754027601, 0.00, 100.00, 0.00, 2.25, 0, 0 
4, 74567, 754581977, 0.00, 100.00, 0.00, 2.25, 0, 0 
5, 74567, 755151849, 0.00, 100.00, 0.00, 2.25, 0, 0 
6, 74567, 755564089, 0.00, 100.00, 0.00, 2.25, 0, 0 
7, 74567, 756031746, 0.00, 100.00, 0.00, 2.25, 0, 0 
8, 74567, 756768649, 0.00, 100.00, 0.00, 2.25, 0, 0 
9, 74567, 757244083, 0.00, 100.00, 0.00, 2.25, 0, 0 
0, 74567, 757987864, 0.00, 100.00, 0.00, 2.25, 0, 0 
1, 74567, 758474118, 0.00, 100.00, 0.00, 2.25, 0, 0 
2, 74567, 759343945, 0.00, 100.00, 0.00, 2.25, 0, 0 
3, 74567, 760207947, 0.00, 100.00, 0.00, 2.25, 0, 0 
4, 74567, 760727775, 0.00, 100.00, 0.00, 2.25, 0, 0 
5, 74567, 761295027, 0.00, 100.00, 0.00, 2.25, 0, 0 
6, 74567, 762212742, 0.00, 100.00, 0.00, 2.25, 0, 0 
7, 74567, 763055591, 0.00, 100.00, 0.00, 2.25, 0, 0 
8, 74567, 763802360, 0.00, 100.00, 0.00, 2.25, 0, 0 
9, 74567, 764364719, 0.00, 100.00, 0.00, 2.25, 0, 0 
0, 74567, 765084410, 0.00, 100.00, 0.00, 2.25, 0, 0 
1, 74567, 765628927, 0.00, 100.00, 0.00, 2.25, 0, 0 
2, 74567, 766172958, 0.00, 100.00, 0.00, 2.25, 0, 0 
3, 74567, 766746826, 0.00, 100.00, 0.00, 2.25, 0, 0 
4, 74567, 767254160, 0.00, 100.00, 0.00, 2.25, 0, 0 
5, 74567, 767775955, 0.00, 100.00, 0.00, 2.25, 0, 0 
6, 74567, 768298115, 0.00, 100.00, 0.00, 2.25, 0, 0 
7, 74567, 768819453, 0.00, 100.00, 0.00, 2.25, 0, 0 
8, 74567, 769340404, 0.00, 100.00, 0.00, 2.25, 0, 0 
9, 74567, 769862549, 0.00, 100.00, 0.00, 2.25, 0, 0 
0, 74567, 770390678, 0.00, 100.00, 0.00, 2.25, 0, 0 
1, 74567, 770910047, 0.00, 100.00, 0.00, 2.25, 0, 0 
2, 74567, 771432660, 0.00, 100.00, 0.00, 2.25, 0, 0 
3, 74567, 771947175, 0.00, 100.00, 0.00, 2.25, 0, 0 
4, 74567, 772469561, 0.00, 100.00, 0.00, 2.25, 0, 0 
5, 74567, 772988690, 0.00, 100.00, 0.00, 2.25, 0, 0 
6, 74567, 773513306, 0.00, 100.00, 0.00, 2.25, 0, 0 
7, 74567, 774058469, 0.00, 100.00, 0.00, 2.25, 0, 0 
8, 74567, 774579803, 0.00, 100.00, 0.00, 2.25, 0, 0 
9, 74567, 775108008, 0.00, 100.00, 0.00, 2.25, 0, 0 
0, 74567, 775679905, 0.00, 100.00, 0.00, 2.25, 0, 0 
1, 74567, 776204384, 0.00, 100.00, 0.00, 2.25, 0, 0 
2, 74567, 776719587, 0.00, 100.00, 0.00, 2.25, 0, 0 
3, 74567, 777236223, 0.00, 100.00, 0.00, 2.25, 0, 0 
4, 74567, 777754883, 0.00, 100.00, 0.00, 2.25, 0, 0 
5, 74567, 778277172, 0.00, 100.00, 0.00, 2.25, 0, 0 
6, 74567, 778798863, 0.00, 100.00, 0.00, 2.25, 0, 0 
7, 74567, 779322157, 0.00, 100.00, 0.00, 2.25, 0, 0 
8, 74567, 779841620, 0.00, 100.00, 0.00, 2.25, 0, 0 
9, 74567, 780362418, 0.00, 100.00, 0.00, 2.25, 0, 0 
0, 74567, 780890923, 0.00, 100.00, 0.00, 2.25, 0, 0 
1, 74567, 781411664, 0.00, 100.00, 0.00, 2.25, 0, 0 
2, 74567, 781924016, 0.00, 100.00, 0.00, 2.25, 0, 0 
3, 74567, 782446029, 0.00, 100.00, 0.00, 2.25, 0, 0 
4, 74567, 782965565, 0.00, 100.00, 0.00, 2.25, 0, 0 
5, 74567, 783498864, 0.00, 100.00, 0.00, 2.25, 0, 0 
6, 74567, 784026279, 0.00, 100.00, 0.00, 2.25, 0, 0 
7, 74567, 784669050, 0.00, 100.00, 0.00, 2.25, 0, 0 
8, 74567, 785208627, 0.00, 100.00, 0.00, 2.25, 0, 0 
9, 74567, 785724500, 0.00, 100.00, 0.00, 2.25, 0, 0 
0, 74567, 786269797, 0.00, 100.00, 0.00, 2.25, 0, 0 
1, 74567, 786775952, 0.00, 100.00, 0.00, 2.25, 0, 0 
2, 74567, 787288508, 0.00, 100.00, 0.00, 2.25, 0, 0 
3, 74567, 787808211, 0.00, 100.00, 0.00, 2.25, 0, 0 
4, 74567, 788340954, 0.00, 100.00, 0.00, 2.25, 0, 0 
5, 74567, 788863188, 0.00, 100.00, 0.00, 2.25, 0, 0 
6, 74567, 789386085, 0.00, 100.00, 0.00, 2.25, 0, 0 
7, 74567, 789902928, 0.00, 100.00, 0.00, 2.25, 0, 0 
8, 74567, 790426904, 0.00, 100.00, 0.00, 2.25, 0, 0 
9, 74567, 790947171, 0.00, 100.00, 0.00, 2.25, 0, 0 
0, 74567, 791474735, 0.00, 100.00, 0.00, 2.25, 0, 0 
1, 74567, 791999151, 0.00, 100.00, 0.00, 2.25, 0, 0 
2, 74567, 792512675, 0.00, 100.00, 0.00, 2.25, 0, 0 
3, 74567, 793030602, 0.00, 100.00, 0.00, 2.25, 0, 0 
4, 74567, 793550602, 0.00, 100.00, 0.00, 2.25, 0, 0 
5, 74567, 794082454, 0.00, 100.00, 0.00, 2.25, 0, 0 
6, 74567, 794595587, 0.00, 100.00, 0.00, 2.25, 0, 0 
7, 74567, 795113986, 0.00, 100.00, 0.00, 2.25, 0, 0 
8, 74567, 795642480, 0.00, 100.00, 0.00, 2.25, 0, 0 
9, 74567, 796161247, 0.00, 100.00, 0.00, 2.25, 0, 0 
0, 74567, 796691855, 0.00, 100.00, 0.00, 2.25, 0, 0 
1, 74567, 797212127, 0.00, 100.00, 0.00, 2.25, 0, 0 
2, 74567, 797726264, 0.00, 100.00, 0.00, 2.25, 0, 0 
3, 74567, 798248216, 0.00, 100.00, 0.00, 2.25, 0, 0 
4, 74567, 798771116, 0.00, 100.00, 0.00, 2.25, 0, 0 
5, 74567, 799291431, 0.00, 100.00, 0.00, 2.25, 0, 0 
6, 74567, 799813011, 0.00, 100.00, 0.00, 2.25, 0, 0 
7, 74567, 800333347, 0.00, 100.00, 0.00, 2.25, 0, 0 
8, 74567, 800858229, 0.00, 100.00, 0.00, 2.25, 0, 0 
9, 74567, 801379469, 0.00, 100.00, 0.00, 2.25, 0, 0 
0, 74567, 801909622, 0.00, 100.00, 0.00, 2.25, 0, 0 
1, 74567, 802429892, 0.00, 100.00, 0.00, 2.25, 0, 0 
2, 74567, 802941564, 0.00, 100.00, 0.00, 2.25, 0, 0 
3, 74567, 803461845, 0.00, 100.00, 0.00, 2.25, 0, 0 
4, 74567, 803988090, 0.00, 100.00, 0.00, 2.25, 0, 0 
5, 74567, 804526593, 0.00, 100.00, 0.00, 2.25, 0, 0 
6, 74567, 805038293, 0.00, 100.00, 0.00, 2.25, 0, 0 
7, 74567, 805565002, 0.00, 100.00, 0.00, 2.25, 0, 0 
8, 74567, 806088774, 0.00, 100.00, 0.00, 2.25, 0, 0 
9, 74567, 806604159, 0.00, 100.00, 0.00, 2.25, 0, 0 
0, 74567, 807132902, 0.00, 100.00, 0.00, 2.25, 0, 0 
1, 74567, 807657269, 0.00, 100.00, 0.00, 2.25, 0, 0 
2, 74567, 808167473, 0.00, 100.00, 0.00, 2.25, 0, 0 
3, 74567, 808694252, 0.00, 100.00, 0.00, 2.25, 0, 0 
4, 74567, 809214044, 0.00, 100.00, 0.00, 2.25, 0, 0 
5, 74567, 809735546, 0.00, 100.00, 0.00, 2.25, 0, 0 
6, 74567, 810256049, 0.00, 100.00, 0.00, 2.25, 0, 0 
7, 74567, 810779230, 0.00, 100.00, 0.00, 2.25, 0, 0 
8, 74567, 811298652, 0.00, 100.00, 0.00, 2.25, 0, 0 
9, 74567, 811823769, 0.00, 100.00, 0.00, 2.25, 0, 0 
0, 74567, 812357441, 0.00, 100.00, 0.00, 2.25, 0, 0 
1, 74567, 812876534, 0.00, 100.00, 0.00, 2.25, 0, 0 
2, 74567, 813387025, 0.00, 100.00, 0.00, 2.25, 0, 0 
3, 74567, 813902304, 0.00, 100.00, 0.00, 2.25, 0, 0 
4, 74567, 814450707, 0.00, 100.00, 0.00, 2.25, 0, 0 
5, 74567, 814949439, 0.00, 100.00, 0.00, 2.25, 0, 0 
6, 74567, 815472851, 0.00, 100.00, 0.00, 2.25, 0, 0 
7, 74567, 815988457, 0.00, 100.00, 0.00, 2.25, 0, 0 
8, 74567, 816511859, 0.00, 100.00, 0.00, 2.25, 0, 0 
9, 74567, 817045214, 0.00, 100.00, 0.00, 2.25, 0, 0 
0, 74567, 817592645, 0.00, 100.00, 0.00, 2.25, 0, 0 
1, 74567, 818261828, 0.00, 100.00, 0.00, 2.25, 0, 0 
2, 74567, 819028167, 0.00, 100.00, 0.00, 2.25, 0, 0 
3, 74567, 819499734, 0.00, 100.00, 0.00, 2.25, 0, 0 
4, 74567, 820023596, 0.00, 100.00, 0.00, 2.25, 0, 0 
5, 74567, 820541936, 0.00, 100.00, 0.00, 2.25, 0, 0 
6, 74567, 821063349, 0.00, 100.00, 0.00, 2.25, 0, 0 
7, 74567, 821583413, 0.00, 100.00, 0.00, 2.25, 0, 0 
8, 74567, 822140091, 0.00, 100.00, 0.00, 2.25, 0, 0 
9, 74567, 822627835, 0.00, 100.00, 0.00, 2.25, 0, 0 
0, 74567, 823159899, 0.00, 100.00, 0.00, 2.25, 0, 0 
1, 74567, 823680793, 0.00, 100.00, 0.00, 2.25, 0, 0 
2, 74567, 824193290, 0.00, 100.00, 0.00, 2.25, 0, 0 
3, 74567, 824717970, 0.00, 100.00, 0.00, 2.25, 0, 0 
4, 74567, 825234168, 0.00, 100.00, 0.00, 2.25, 0, 0 
5, 74567, 825757356, 0.00, 100.00, 0.00, 2.25, 0, 0 
6, 74567, 826278924, 0.00, 100.00, 0.00, 2.25, 0, 0 
7, 74567, 826800165, 0.00, 100.00, 0.00, 2.25, 0, 0 
8, 74567, 827319833, 0.00, 100.00, 0.00, 2.25, 0, 0 
9, 74567, 827842404, 0.00, 100.00, 0.00, 2.25, 0, 0 
0, 74567, 828377716, 0.00, 100.00, 0.00, 2.25, 0, 0 
1, 74567, 828927646, 0.00, 100.00, 0.00, 2.25, 0, 0 
2, 74567, 829436803, 0.00, 100.00, 0.00, 2.25, 0, 0 
3, 74567, 829955448, 0.00, 100.00, 0.00, 2.25, 0, 0 
4, 74567, 830476475, 0.00, 100.00, 0.00, 2.25, 0, 0 
5, 74567, 831007026, 0.00, 100.00, 0.00, 2.25, 0, 0 
6, 74567, 831522607, 0.00, 100.00, 0.00, 2.25, 0, 0 
7, 74567, 832054619, 0.00, 100.00, 0.00, 2.25, 0, 0 
8, 74567, 832570582, 0.00, 100.00, 0.00, 2.25, 0, 0 
9, 74567, 833120227, 0.00, 100.00, 0.00, 2.25, 0, 0 
0, 74567, 833649122, 0.00, 100.00, 0.00, 2.25, 0, 0 
1, 74567, 834175200, 0.00, 100.00, 0.00, 2.25, 0, 0 
2, 74567, 834660940, 0.00, 100.00, 0.00, 2.25, 0, 0 
3, 74567, 835189872, 0.00, 100.00, 0.00, 2.25, 0, 0 
4, 74567, 835713296, 0.00, 100.00, 0.00, 2.25, 0, 0 
5, 74567, 836228904, 0.00, 100.00, 0.00, 2.25, 0, 0 
6, 74567, 836745193, 0.00, 100.00, 0.00, 2.25, 0, 0 
7, 74567, 837264506, 0.00, 100.00, 0.00, 2.25, 0, 0 
8, 74567, 837782819, 0.00, 100.00, 0.00, 2.25, 0, 0 
9, 74567, 838307620, 0.00, 100.00, 0.00, 2.25, 0, 0 
0, 74567, 838835775, 0.00, 100.00, 0.00, 2.25, 0, 0 
1, 74567, 839357590, 0.00, 100.00, 0.00, 2.25, 0, 0 
2, 74567, 839873710, 0.00, 100.00, 0.00, 2.25, 0, 0 
3, 74567, 840393576, 0.00, 100.00, 0.00, 2.25, 0, 0 
4, 74567, 840915398, 0.00, 100.00, 0.00, 2.25, 0, 0 
5, 74567, 841436406, 0.00, 100.00, 0.00, 2.25, 0, 0 
6, 74567, 841954170, 0.00, 100.00, 0.00, 2.25, 0, 0 
7, 74567, 842478836, 0.00, 100.00, 0.00, 2.25, 0, 0 
8, 74567, 842997269, 0.00, 100.00, 0.00, 2.25, 0, 0 
9, 74567, 843517462, 0.00, 100.00, 0.00, 2.25, 0, 0 
0, 74567, 844075067, 0.00, 100.00, 0.00, 2.25, 0, 0 
1, 74567, 844581847, 0.00, 100.00, 0.00, 2.25, 0, 0 
2, 74567, 845090385, 0.00, 100.00, 0.00, 2.25, 0, 0 
3, 74567, 845609693, 0.00, 100.00, 0.00, 2.25, 0, 0 
4, 74567, 846195014, 0.00, 100.00, 0.00, 2.25, 0, 0 
5, 74567, 846714027, 0.00, 100.00, 0.00, 2.25, 0, 0 
6, 74567, 847232658, 0.00, 100.00, 0.00, 2.25, 0, 0 
7, 74567, 847758145, 0.00, 100.00, 0.00, 2.25, 0, 0 
8, 74567, 848277158, 0.00, 100.00, 0.00, 2.25, 0, 0 
9, 74567, 848796037, 0.00, 100.00, 0.00, 2.25, 0, 0 
0, 74567, 849331630, 0.00, 100.00, 0.00, 2.25, 0, 0 
1, 74567, 849852190, 0.00, 100.00, 0.00, 2.25, 0, 0 
2, 74567, 850378405, 0.00, 100.00, 0.00, 2.25, 0, 0 
3, 74567, 850863852, 0.00, 100.00, 0.00, 2.25, 0, 0 
4, 74567, 851407038, 0.00, 100.00, 0.00, 2.25, 0, 0 
5, 74567, 851909686, 0.00, 100.00, 0.00, 2.25, 0, 0 
6, 74567, 852633057, 0.00, 100.00, 0.00, 2.25, 0, 0 
7, 74567, 853134627, 0.00, 100.00, 0.00, 2.25, 0, 0 
8, 74567, 853657689, 0.00, 100.00, 0.00, 2.25, 0, 0 
9, 74567, 854182375, 0.00, 100.00, 0.00, 2.25, 0, 0 
0, 74567, 854713309, 0.00, 100.00, 0.00, 2.25, 0, 0 
1, 74567, 855233016, 0.00, 100.00, 0.00, 2.25, 0, 0 
2, 74567, 855737493, 0.00, 100.00, 0.00, 2.25, 0, 0 
3, 74567, 856277051, 0.00, 100.00, 0.00, 2.25, 0, 0 
4, 74567, 856799244, 0.00, 100.00, 0.00, 2.25, 0, 0 
5, 74567, 857320359, 0.00, 100.00, 0.00, 2.25, 0, 0 
6, 74567, 857840450, 0.00, 100.00, 0.00, 2.25, 0, 0 
7, 74567, 858360619, 0.00, 100.00, 0.00, 2.25, 0, 0 
8, 74567, 858878474, 0.00, 100.00, 0.00, 2.25, 0, 0 
9, 74567, 859402001, 0.00, 100.00, 0.00, 2.25, 0, 0 
0, 74567, 859908894, 0.00, 100.00, 0.00, 2.25, 0, 0 
1, 74567, 860446793, 0.00, 100.00, 0.00, 2.25, 0, 0 
2, 74567, 860935605, 0.00, 100.00, 0.00, 2.25, 0, 0 
3, 74567, 861478299, 0.00, 100.00, 0.00, 2.25, 0, 0 
4, 74567, 862009882, 0.00, 100.00, 0.00, 2.25, 0, 0 
5, 74567, 862530402, 0.00, 100.00, 0.00, 2.25, 0, 0 
6, 74567, 863054577, 0.00, 100.00, 0.00, 2.25, 0, 0 
7, 74567, 863560342, 0.00, 100.00, 0.00, 2.25, 0, 0 
8, 74567, 864084129, 0.00, 100.00, 0.00, 2.25, 0, 0 
9, 74567, 864583183, 0.00, 100.00, 0.00, 2.25, 0, 0 
0, 74567, 865136188, 0.00, 100.00, 0.00, 2.25, 0, 0 
1, 74567, 865644149, 0.00, 100.00, 0.00, 2.25, 0, 0 
2, 74567, 866149835, 0.00, 100.00, 0.00, 2.25, 0, 0 
3, 74567, 866672702, 0.00, 100.00, 0.00, 2.25, 0, 0 
4, 74567, 867187493, 0.00, 100.00, 0.00, 2.25, 0, 0 
5, 74567, 867723855, 0.00, 100.00, 0.00, 2.25, 0, 0 
6, 74567, 868234147, 0.00, 100.00, 0.00, 2.25, 0, 0 
7, 74567, 868756599, 0.00, 100.00, 0.00, 2.25, 0, 0 
8, 74567, 869274511, 0.00, 100.00, 0.00, 2.25, 0, 0 
9, 74567, 869795876, 0.00, 100.00, 0.00, 2.25, 0, 0 
0, 74567, 870324791, 0.00, 100.00, 0.00, 2.25, 0, 0 
1, 74567, 870848907, 0.00, 100.00, 0.00, 2.25, 0, 0 
2, 74567, 871359199, 0.00, 100.00, 0.00, 2.25, 0, 0 
3, 74567, 871883064, 0.00, 100.00, 0.00, 2.25, 0, 0 
4, 74567, 872401952, 0.00, 100.00, 0.00, 2.25, 0, 0 
5, 74567, 872946729, 0.00, 100.00, 0.00, 2.25, 0, 0 
6, 74567, 873442474, 0.00, 100.00, 0.00, 2.25, 0, 0 
7, 74567, 873961712, 0.00, 100.00, 0.00, 2.25, 0, 0 
8, 74567, 874484373, 0.00, 100.00, 0.00, 2.25, 0, 0 
9, 74567, 875004203, 0.00, 100.00, 0.00, 2.25, 0, 0 
0, 74567, 875534518, 0.00, 100.00, 0.00, 2.25, 0, 0 
1, 74567, 876082039, 0.00, 100.00, 0.00, 2.25, 0, 0 
2, 74567, 876573962, 0.00, 100.00, 0.00, 2.25, 0, 0 
3, 74567, 877095334, 0.00, 100.00, 0.00, 2.25, 0, 0 
4, 74567, 877617850, 0.00, 100.00, 0.00, 2.25, 0, 0 
5, 74567, 878173635, 0.00, 100.00, 0.00, 2.25, 0, 0 
6, 74567, 878695399, 0.00, 100.00, 0.00, 2.25, 0, 0 
7, 74567, 879217045, 0.00, 100.00, 0.00, 2.25, 0, 0 
8, 74567, 879765201, 0.00, 100.00, 0.00, 2.25, 0, 0 
9, 74567, 880298520, 0.00, 100.00, 0.00, 2.25, 0, 0 
0, 74567, 880808949, 0.00, 100.00, 0.00, 2.25, 0, 0 
1, 74567, 881356047, 0.00, 100.00, 0.00, 2.25, 0, 0 
2, 74567, 881866818, 0.00, 100.00, 0.00, 2.25, 0, 0 
3, 74567, 882375022, 0.00, 100.00, 0.00, 2.25, 0, 0 
4, 74567, 882893843, 0.00, 100.00, 0.00, 2.25, 0, 0 
5, 74567, 883430339, 0.00, 100.00, 0.00, 2.25, 0, 0 
6, 74567, 883915990, 0.00, 100.00, 0.00, 2.25, 0, 0 
7, 74567, 884441232, 0.00, 100.00, 0.00, 2.25, 0, 0 
8, 74567, 885021886, 0.00, 100.00, 0.00, 2.25, 0, 0 
9, 74567, 885667280, 0.00, 100.00, 0.00, 2.25, 0, 0 
0, 74567, 886148031, 0.00, 100.00, 0.00, 2.25, 0, 0 
1, 74567, 886667006, 0.00, 100.00, 0.00, 2.25, 0, 0 
2, 74567, 887151286, 0.00, 100.00, 0.00, 2.25, 0, 0 
3, 74567, 887695360, 0.00, 100.00, 0.00, 2.25, 0, 0 
4, 74567, 888218839, 0.00, 100.00, 0.00, 2.25, 0, 0 
5, 74567, 888751331, 0.00, 100.00, 0.00, 2.25, 0, 0 
6, 74567, 889270911, 0.00, 100.00, 0.00, 2.25, 0, 0 
7, 74567, 889763072, 0.00, 100.00, 0.00, 2.25, 0, 0 
8, 74567, 890305425, 0.00, 100.00, 0.00, 2.25, 0, 0 
9, 74567, 890824054, 0.00, 100.00, 0.00, 2.25, 0, 0 
0, 74567, 891334965, 0.00, 100.00, 0.00, 2.25, 0, 0 
1, 74567, 891873145, 0.00, 100.00, 0.00, 2.25, 0, 0 
2, 74567, 892384230, 0.00, 100.00, 0.00, 2.25, 0, 0 
3, 74567, 892901760, 0.00, 100.00, 0.00, 2.25, 0, 0 
4, 74567, 893436747, 0.00, 100.00, 0.00, 2.25, 0, 0 
5, 74567, 893960397, 0.00, 100.00, 0.00, 2.25, 0, 0 
6, 74567, 894480512, 0.00, 100.00, 0.00, 2.25, 0, 0 
7, 74567, 894986966, 0.00, 100.00, 0.00, 2.25, 0, 0 
8, 74567, 895522091, 0.00, 100.00, 0.00, 2.25, 0, 0 
9, 74567, 896041440, 0.00, 100.00, 0.00, 2.25, 0, 0 
0, 74567, 896550725, 0.00, 100.00, 0.00, 2.25, 0, 0 
1, 74567, 897109378, 0.00, 100.00, 0.00, 2.25, 0, 0 
2, 74567, 897595026, 0.00, 100.00, 0.00, 2.25, 0, 0 
3, 74567, 898123225, 0.00, 100.00, 0.00, 2.25, 0, 0 
4, 74567, 898630523, 0.00, 100.00, 0.00, 2.25, 0, 0 
5, 74567, 899150156, 0.00, 100.00, 0.00, 2.25, 0, 0 
6, 74567, 899672763, 0.00, 100.00, 0.00, 2.25, 0, 0 
7, 74567, 900193893, 0.00, 100.00, 0.00, 2.25, 0, 0 
8, 74567, 900711522, 0.00, 100.00, 0.00, 2.25, 0, 0 
9, 74567, 901243201, 0.00, 100.00, 0.00, 2.25, 0, 0 
0, 74567, 901776853, 0.00, 100.00, 0.00, 2.25, 0, 0 
1, 74567, 902479917, 0.00, 100.00, 0.00, 2.25, 0, 0 
2, 74567, 902950492, 0.00, 100.00, 0.00, 2.25, 0, 0 
3, 74567, 903454292, 0.00, 100.00, 0.00, 2.25, 0, 0 
4, 74567, 903976155, 0.00, 100.00, 0.00, 2.25, 0, 0 
5, 74567, 904499638, 0.00, 100.00, 0.00, 2.25, 0, 0 
6, 74567, 905020076, 0.00, 100.00, 0.00, 2.25, 0, 0 
7, 74567, 905539380, 0.00, 100.00, 0.00, 2.25, 0, 0 
8, 74567, 906070842, 0.00, 100.00, 0.00, 2.25, 0, 0 
9, 74567, 906594014, 0.00, 100.00, 0.00, 2.25, 0, 0 
0, 74567, 907116089, 0.00, 100.00, 0.00, 2.25, 0, 0 
1, 74567, 907638770, 0.00, 100.00, 0.00, 2.25, 0, 0 
2, 74567, 908153030, 0.00, 100.00, 0.00, 2.25, 0, 0 
3, 74567, 908679518, 0.00, 100.00, 0.00, 2.25, 0, 0 
4, 74567, 909197404, 0.00, 100.00, 0.00, 2.25, 0, 0 
5, 74567, 909720652, 0.00, 100.00, 0.00, 2.25, 0, 0 
6, 74567, 910239652, 0.00, 100.00, 0.00, 2.25, 0, 0 
7, 74567, 910788497, 0.00, 100.00, 0.00, 2.25, 0, 0 
8, 74567, 911282303, 0.00, 100.00, 0.00, 2.25, 0, 0 
9, 74567, 911826298, 0.00, 100.00, 0.00, 2.25, 0, 0 
0, 74567, 912340695, 0.00, 100.00, 0.00, 2.25, 0, 0 
1, 74567, 912914862, 0.00, 100.00, 0.00, 2.25, 0, 0 
2, 74567, 913367990, 0.00, 100.00, 0.00, 2.25, 0, 0 
3, 74567, 913893582, 0.00, 100.00, 0.00, 2.25, 0, 0 
4, 74567, 914447183, 0.00, 100.00, 0.00, 2.25, 0, 0 
5, 74567, 914960238, 0.00, 100.00, 0.00, 2.25, 0, 0 
6, 74567, 915483893, 0.00, 100.00, 0.00, 2.25, 0, 0 
7, 74567, 916008146, 0.00, 100.00, 0.00, 2.25, 0, 0 
8, 74567, 916534595, 0.00, 100.00, 0.00, 2.25, 0, 0 
9, 74567, 917056391, 0.00, 100.00, 0.00, 2.25, 0, 0 
0, 74567, 917588665, 0.00, 100.00, 0.00, 2.25, 0, 0 
1, 74567, 918114562, 0.00, 100.00, 0.00, 2.25, 0, 0 
2, 74567, 918621747, 0.00, 100.00, 0.00, 2.25, 0, 0 
3, 74567, 919127346, 0.00, 100.00, 0.00, 2.25, 0, 0 
4, 74567, 919661866, 0.00, 100.00, 0.00, 2.25, 0, 0 
5, 74567, 920189568, 0.00, 100.00, 0.00, 2.25, 0, 0 
6, 74567, 920698982, 0.00, 100.00, 0.00, 2.25, 0, 0 
7, 74567, 921213152, 0.00, 100.00, 0.00, 2.25, 0, 0 
8, 74567, 921746971, 0.00, 100.00, 0.00, 2.25, 0, 0 
9, 74567, 922226287, 0.00, 100.00, 0.00, 2.25, 0, 0 
0, 74567, 922797626, 0.00, 100.00, 0.00, 2.25, 0, 0 
1, 74567, 923302598, 0.00, 100.00, 0.00, 2.25, 0, 0 
2, 74567, 923827875, 0.00, 100.00, 0.00, 2.25, 0, 0 
3, 74567, 924346422, 0.00, 100.00, 0.00, 2.25, 0, 0 
4, 74567, 924857327, 0.00, 100.00, 0.00, 2.25, 0, 0 
5, 74567, 925376682, 0.00, 100.00, 0.00, 2.25, 0, 0 
6, 74567, 925880826, 0.00, 100.00, 0.00, 2.25, 0, 0 
7, 74567, 926434574, 0.00, 100.00, 0.00, 2.25, 0, 0 
8, 74567, 926949632, 0.00, 100.00, 0.00, 2.25, 0, 0 
9, 74567, 927428490, 0.00, 100.00, 0.00, 2.25, 0, 0 
0, 74567, 927996686, 0.00, 100.00, 0.00, 2.25, 0, 0 
1, 74567, 928541985, 0.00, 100.00, 0.00, 2.25, 0, 0 
2, 74567, 929012167, 0.00, 100.00, 0.00, 2.25, 0, 0 
3, 74567, 929537658, 0.00, 100.00, 0.00, 2.25, 0, 0 
4, 74567, 930054759, 0.00, 100.00, 0.00, 2.25, 0, 0 
5, 74567, 930574327, 0.00, 100.00, 0.00, 2.25, 0, 0 
6, 74567, 931096398, 0.00, 100.00, 0.00, 2.25, 0, 0 
7, 74567, 931616467, 0.00, 100.00, 0.00, 2.25, 0, 0 
8, 74567, 932141466, 0.00, 100.00, 0.00, 2.25, 0, 0 
9, 74567, 932660170, 0.00, 100.00, 0.00, 2.25, 0, 0 
0, 74567, 933193380, 0.00, 100.00, 0.00, 2.25, 0, 0 
1, 74567, 933714470, 0.00, 100.00, 0.00, 2.25, 0, 0 
2, 74567, 934241364, 0.00, 100.00, 0.00, 2.25, 0, 0 
3, 74567, 934765573, 0.00, 100.00, 0.00, 2.25, 0, 0 
4, 74567, 935396098, 0.00, 100.00, 0.00, 2.25, 0, 0 
5, 74567, 935811568, 0.00, 100.00, 0.00, 2.25, 0, 0 
6, 74567, 936373193, 0.00, 100.00, 0.00, 2.25, 0, 0 
7, 74567, 936852132, 0.00, 100.00, 0.00, 2.25, 0, 0 
8, 74567, 937373056, 0.00, 100.00, 0.00, 2.25, 0, 0 
9, 74567, 937892954, 0.00, 100.00, 0.00, 2.25, 0, 0 
0, 74567, 938419987, 0.00, 100.00, 0.00, 2.25, 0, 0 
1, 74567, 938943638, 0.00, 100.00, 0.00, 2.25, 0, 0 
2, 74567, 939457648, 0.00, 100.00, 0.00, 2.25, 0, 0 
3, 74567, 939977602, 0.00, 100.00, 0.00, 2.25, 0, 0 
4, 74567, 940498524, 0.00, 100.00, 0.00, 2.25, 0, 0 
5, 74567, 941019817, 0.00, 100.00, 0.00, 2.25, 0, 0 
6, 74567, 941540446, 0.00, 100.00, 0.00, 2.25, 0, 0 
7, 74567, 942064116, 0.00, 100.00, 0.00, 2.25, 0, 0 
8, 74567, 942582565, 0.00, 100.00, 0.00, 2.25, 0, 0 
9, 74567, 943103645, 0.00, 100.00, 0.00, 2.25, 0, 0 
0, 74567, 943634242, 0.00, 100.00, 0.00, 2.25, 0, 0 
1, 74567, 944162307, 0.00, 100.00, 0.00, 2.25, 0, 0 
2, 74567, 944674498, 0.00, 100.00, 0.00, 2.25, 0, 0 
3, 74567, 945189212, 0.00, 100.00, 0.00, 2.25, 0, 0 
4, 74567, 945708386, 0.00, 100.00, 0.00, 2.25, 0, 0 
5, 74567, 946229569, 0.00, 100.00, 0.00, 2.25, 0, 0 
6, 74567, 946750616, 0.00, 100.00, 0.00, 2.25, 0, 0 
7, 74567, 947272493, 0.00, 100.00, 0.00, 2.25, 0, 0 
8, 74567, 947791797, 0.00, 100.00, 0.00, 2.25, 0, 0 
9, 74567, 948338742, 0.00, 100.00, 0.00, 2.25, 0, 0 
0, 74567, 948890755, 0.00, 100.00, 0.00, 2.25, 0, 0 
1, 74567, 949379498, 0.00, 100.00, 0.00, 2.25, 0, 0 
2, 74567, 949885432, 0.00, 100.00, 0.00, 2.25, 0, 0 
3, 74567, 950406712, 0.00, 100.00, 0.00, 2.25, 0, 0 
4, 74567, 950928953, 0.00, 100.00, 0.00, 2.25, 0, 0 
5, 74567, 951448128, 0.00, 100.00, 0.00, 2.25, 0, 0 
6, 74567, 951969208, 0.00, 100.00, 0.00, 2.25, 0, 0 
7, 74567, 952498628, 0.00, 100.00, 0.00, 2.25, 0, 0 
8, 74567, 953014319, 0.00, 100.00, 0.00, 2.25, 0, 0 
9, 74567, 953537125, 0.00, 100.00, 0.00, 2.25, 0, 0 
0, 74567, 954064966, 0.00, 100.00, 0.00, 2.25, 0, 0 
1, 74567, 954589576, 0.00, 100.00, 0.00, 2.25, 0, 0 
2, 74567, 955101568, 0.00, 100.00, 0.00, 2.25, 0, 0 
3, 74567, 955620005, 0.00, 100.00, 0.00, 2.25, 0, 0 
4, 74567, 956145547, 0.00, 100.00, 0.00, 2.25, 0, 0 
5, 74567, 956667581, 0.00, 100.00, 0.00, 2.25, 0, 0 
6, 74567, 957186114, 0.00, 100.00, 0.00, 2.25, 0, 0 
7, 74567, 957706453, 0.00, 100.00, 0.00, 2.25, 0, 0 
8, 74567, 958232916, 0.00, 100.00, 0.00, 2.25, 0, 0 
9, 74567, 958755713, 0.00, 100.00, 0.00, 2.25, 0, 0 
0, 74567, 959291835, 0.00, 100.00, 0.00, 2.25, 0, 0 
1, 74567, 959828968, 0.00, 100.00, 0.00, 2.25, 0, 0 
2, 74567, 960331153, 0.00, 100.00, 0.00, 2.25, 0, 0 
3, 74567, 960850837, 0.00, 100.00, 0.00, 2.25, 0, 0 
4, 74567, 961390736, 0.00, 100.00, 0.00, 2.25, 0, 0 
5, 74567, 961918895, 0.00, 100.00, 0.00, 2.25, 0, 0 
6, 74567, 962435139, 0.00, 100.00, 0.00, 2.25, 0, 0 
7, 74567, 962955175, 0.00, 100.00, 0.00, 2.25, 0, 0 
8, 74567, 963493801, 0.00, 100.00, 0.00, 2.25, 0, 0 
9, 74567, 964023381, 0.00, 100.00, 0.00, 2.25, 0, 0 
0, 74567, 964550569, 0.00, 100.00, 0.00, 2.25, 0, 0 
1, 74567, 965067367, 0.00, 100.00, 0.00, 2.25, 0, 0 
2, 74567, 965580725, 0.00, 100.00, 0.00, 2.25, 0, 0 
3, 74567, 966099584, 0.00, 100.00, 0.00, 2.25, 0, 0 
4, 74567, 966618125, 0.00, 100.00, 0.00, 2.25, 0, 0 
5, 74567, 967138348, 0.00, 100.00, 0.00, 2.25, 0, 0 
6, 74567, 967625745, 0.00, 100.00, 0.00, 2.25, 0, 0 
7, 74567, 968196731, 0.00, 100.00, 0.00, 2.25, 0, 0 
8, 74567, 968773903, 0.00, 100.00, 0.00, 2.25, 0, 0 
9, 74567, 969394137, 0.00, 100.00, 0.00, 2.25, 0, 0 
0, 74567, 969923485, 0.00, 100.00, 0.00, 2.25, 0, 0 
1, 74567, 970440022, 0.00, 100.00, 0.00, 2.25, 0, 0 
2, 74567, 970950955, 0.00, 100.00, 0.00, 2.25, 0, 0 
3, 74567, 971471725, 0.00, 100.00, 0.00, 2.25, 0, 0 
4, 74567, 971989522, 0.00, 100.00, 0.00, 2.25, 0, 0 
5, 74567, 972525701, 0.00, 100.00, 0.00, 2.25, 0, 0 
6, 74567, 973045203, 0.00, 100.00, 0.00, 2.25, 0, 0 
7, 74567, 973568507, 0.00, 100.00, 0.00, 2.25, 0, 0 
8, 74567, 974087245, 0.00, 100.00, 0.00, 2.25, 0, 0 
9, 74567, 974609798, 0.00, 100.00, 0.00, 2.25, 0, 0 
0, 74567, 975144353, 0.00, 100.00, 0.00, 2.25, 0, 0 
1, 74567, 975663177, 0.00, 100.00, 0.00, 2.25, 0, 0 
2, 74567, 976179250, 0.00, 100.00, 0.00, 2.25, 0, 0 
3, 74567, 976694156, 0.00, 100.00, 0.00, 2.25, 0, 0 
4, 74567, 977214721, 0.00, 100.00, 0.00, 2.25, 0, 0 
5, 74567, 977739873, 0.00, 100.00, 0.00, 2.25, 0, 0 
6, 74567, 978257985, 0.00, 100.00, 0.00, 2.25, 0, 0 
7, 74567, 978777401, 0.00, 100.00, 0.00, 2.25, 0, 0 
8, 74567, 979297285, 0.00, 100.00, 0.00, 2.25, 0, 0 
9, 74567, 979818704, 0.00, 100.00, 0.00, 2.25, 0, 0 
0, 74567, 980361850, 0.00, 100.00, 0.00, 2.25, 0, 0 
1, 74567, 980869190, 0.00, 100.00, 0.00, 2.25, 0, 0 
2, 74567, 981391265, 0.00, 100.00, 0.00, 2.25, 0, 0 
3, 74567, 981910267, 0.00, 100.00, 0.00, 2.25, 0, 0 
4, 74567, 982435355, 0.00, 100.00, 0.00, 2.25, 0, 0 
5, 74567, 982954941, 0.00, 100.00, 0.00, 2.25, 0, 0 
6, 74567, 983475722, 0.00, 100.00, 0.00, 2.25, 0, 0 
7, 74567, 983974671, 0.00, 100.00, 0.00, 2.25, 0, 0 
8, 74567, 984480242, 0.00, 100.00, 0.00, 2.25, 0, 0 
9, 74567, 985000035, 0.00, 100.00, 0.00, 2.25, 0, 0 
0, 74567, 985530042, 0.00, 100.00, 0.00, 2.25, 0, 0 
1, 74567, 986049352, 0.00, 100.00, 0.00, 2.25, 0, 0 
2, 74567, 986567804, 0.00, 100.00, 0.00, 2.25, 0, 0 
3, 74567, 987087612, 0.00, 100.00, 0.00, 2.25, 0, 0 
4, 74567, 987604873, 0.00, 100.00, 0.00, 2.25, 0, 0 
5, 74567, 988126615, 0.00, 100.00, 0.00, 2.25, 0, 0 
6, 74567, 988649552, 0.00, 100.00, 0.00, 2.25, 0, 0 
7, 74567, 989170029, 0.00, 100.00, 0.00, 2.25, 0, 0 
8, 74567, 989699552, 0.00, 100.00, 0.00, 2.25, 0, 0 
9, 74567, 990238259, 0.00, 100.00, 0.00, 2.25, 0, 0 
0, 74567, 990762965, 0.00, 100.00, 0.00, 2.25, 0, 0 
1, 74567, 991287452, 0.00, 100.00, 0.00, 2.25, 0, 0 
2, 74567, 991789914, 0.00, 100.00, 0.00, 2.25, 0, 0 
3, 74567, 992311013, 0.00, 100.00, 0.00, 2.25, 0, 0 
4, 74567, 992830873, 0.00, 100.00, 0.00, 2.25, 0, 0 
5, 74567, 993396097, 0.00, 100.00, 0.00, 2.25, 0, 0 
6, 74567, 993876747, 0.00, 100.00, 0.00, 2.25, 0, 0 
7, 74567, 994394542, 0.00, 100.00, 0.00, 2.25, 0, 0 
8, 74567, 994916047, 0.00, 100.00, 0.00, 2.25, 0, 0 
9, 74567, 995437274, 0.00, 100.00, 0.00, 2.25, 0, 0 
0, 74567, 995973963, 0.00, 100.00, 0.00, 2.25, 0, 0 
1, 74567, 996492486, 0.00, 100.00, 0.00, 2.25, 0, 0 
2, 74567, 997003821, 0.00, 100.00, 0.00, 2.25, 0, 0 
3, 74567, 997525136, 0.00, 100.00, 0.00, 2.25, 0, 0 
4, 74567, 998046560, 0.00, 100.00, 0.00, 2.25, 0, 0 
5, 74567, 998564638, 0.00, 100.00, 0.00, 2.25, 0, 0 
6, 74567, 999086395, 0.00, 100.00, 0.00, 2.25, 0, 0 
7, 74567, 999621464, 0.00, 100.00, 0.00, 2.25, 0, 0 
8, 74568, 147539, 0.00, 100.00, 0.00, 2.25, 0, 0 
9, 74568, 690962, 0.00, 100.00, 0.00, 2.25, 0, 0 
0, 74568, 1236863, 0.00, 100.00, 0.00, 2.25, 0, 0 
1, 74568, 1759862, 0.00, 100.00, 0.00, 2.25, 0, 0 
2, 74568, 2423013, 0.00, 100.00, 0.00, 2.25, 0, 0 
3, 74568, 2865937, 0.00, 100.00, 0.00, 2.25, 0, 0 
4, 74568, 3362073, 0.00, 100.00, 0.00, 2.25, 0, 0 
5, 74568, 3883350, 0.00, 100.00, 0.00, 2.25, 0, 0 
6, 74568, 4407219, 0.00, 100.00, 0.00, 2.25, 0, 0 
7, 74568, 4940124, 0.00, 100.00, 0.00, 2.25, 0, 0 
8, 74568, 5447961, 0.00, 100.00, 0.00, 2.25, 0, 0 
9, 74568, 5973835, 0.00, 100.00, 0.00, 2.25, 0, 0 
0, 74568, 6501556, 0.00, 100.00, 0.00, 2.25, 0, 0 
1, 74568, 7021270, 0.00, 100.00, 0.00, 2.25, 0, 0 
2, 74568, 7539844, 0.00, 100.00, 0.00, 2.25, 0, 0 
3, 74568, 8061683, 0.00, 100.00, 0.00, 2.25, 0, 0 
4, 74568, 8580563, 0.00, 100.00, 0.00, 2.25, 0, 0 
5, 74568, 9098732, 0.00, 100.00, 0.00, 2.25, 0, 0 
6, 74568, 9620454, 0.00, 100.00, 0.00, 2.25, 0, 0 
7, 74568, 10141579, 0.00, 100.00, 0.00, 2.25, 0, 0 
8, 74568, 10662816, 0.00, 100.00, 0.00, 2.25, 0, 0 
9, 74568, 11183544, 0.00, 100.00, 0.00, 2.25, 0, 0 
0, 74568, 11723466, 0.00, 100.00, 0.00, 2.25, 0, 0 
1, 74568, 12245923, 0.00, 100.00, 0.00, 2.25, 0, 0 
2, 74568, 12756023, 0.00, 100.00, 0.00, 2.25, 0, 0 
3, 74568, 13272527, 0.00, 100.00, 0.00, 2.25, 0, 0 
4, 74568, 13793174, 0.00, 100.00, 0.00, 2.25, 0, 0 
5, 74568, 14318662, 0.00, 100.00, 0.00, 2.25, 0, 0 
6, 74568, 14842839, 0.00, 100.00, 0.00, 2.25, 0, 0 
7, 74568, 15359747, 0.00, 100.00, 0.00, 2.25, 0, 0 
8, 74568, 15884622, 0.00, 100.00, 0.00, 2.25, 0, 0 
9, 74568, 16405841, 0.00, 100.00, 0.00, 2.25, 0, 0 
0, 74568, 16934195, 0.00, 100.00, 0.00, 2.25, 0, 0 
1, 74568, 17457354, 0.00, 100.00, 0.00, 2.25, 0, 0 
2, 74568, 17975704, 0.00, 100.00, 0.00, 2.25, 0, 0 
3, 74568, 18492799, 0.00, 100.00, 0.00, 2.25, 0, 0 
4, 74568, 19012878, 0.00, 100.00, 0.00, 2.25, 0, 0 
5, 74568, 19534071, 0.00, 100.00, 0.00, 2.25, 0, 0 
6, 74568, 20066881, 0.00, 100.00, 0.00, 2.25, 0, 0 
7, 74568, 20586751, 0.00, 100.00, 0.00, 2.25, 0, 0 
8, 74568, 21121620, 0.00, 100.00, 0.00, 2.25, 0, 0 
9, 74568, 21636972, 0.00, 100.00, 0.00, 2.25, 0, 0 
0, 74568, 22167677, 0.00, 100.00, 0.00, 2.25, 0, 0 
1, 74568, 22688252, 0.00, 100.00, 0.00, 2.25, 0, 0 
2, 74568, 23201790, 0.00, 100.00, 0.00, 2.25, 0, 0 
3, 74568, 23718793, 0.00, 100.00, 0.00, 2.25, 0, 0 
4, 74568, 24241528, 0.00, 100.00, 0.00, 2.25, 0, 0 
5, 74568, 24765156, 0.00, 100.00, 0.00, 2.25, 0, 0 
6, 74568, 25283718, 0.00, 100.00, 0.00, 2.25, 0, 0 
7, 74568, 25812631, 0.00, 100.00, 0.00, 2.25, 0, 0 
8, 74568, 26332871, 0.00, 100.00, 0.00, 2.25, 0, 0 
9, 74568, 26853010, 0.00, 100.00, 0.00, 2.25, 0, 0 
0, 74568, 27385946, 0.00, 100.00, 0.00, 2.25, 0, 0 
1, 74568, 27915199, 0.00, 100.00, 0.00, 2.25, 0, 0 
2, 74568, 28418356, 0.00, 100.00, 0.00, 2.25, 0, 0 
3, 74568, 28935665, 0.00, 100.00, 0.00, 2.25, 0, 0 
4, 74568, 29458220, 0.00, 100.00, 0.00, 2.25, 0, 0 
5, 74568, 29981786, 0.00, 100.00, 0.00, 2.25, 0, 0 
6, 74568, 30501780, 0.00, 100.00, 0.00, 2.25, 0, 0 
7, 74568, 31026452, 0.00, 100.00, 0.00, 2.25, 0, 0 
8, 74568, 31547969, 0.00, 100.00, 0.00, 2.25, 0, 0 
9, 74568, 32068177, 0.00, 100.00, 0.00, 2.25, 0, 0 
0, 74568, 32599208, 0.00, 100.00, 0.00, 2.25, 0, 0 
1, 74568, 33120621, 0.00, 100.00, 0.00, 2.25, 0, 0 
2, 74568, 33655500, 0.00, 100.00, 0.00, 2.25, 0, 0 
3, 74568, 34179760, 0.00, 100.00, 0.00, 2.25, 0, 0 
4, 74568, 34718118, 0.00, 100.00, 0.00, 2.25, 0, 0 
5, 74568, 35340578, 0.00, 100.00, 0.00, 2.25, 0, 0 
6, 74568, 35878666, 0.00, 100.00, 0.00, 2.25, 0, 0 
7, 74568, 36406492, 0.00, 100.00, 0.00, 2.25, 0, 0 
8, 74568, 36927957, 0.00, 100.00, 0.00, 2.25, 0, 0 
9, 74568, 37451298, 0.00, 100.00, 0.00, 2.25, 0, 0 
0, 74568, 37977405, 0.00, 100.00, 0.00, 2.25, 0, 0 
1, 74568, 38499199, 0.00, 100.00, 0.00, 2.25, 0, 0 
2, 74568, 39013106, 0.00, 100.00, 0.00, 2.25, 0, 0 
3, 74568, 39532093, 0.00, 100.00, 0.00, 2.25, 0, 0 
4, 74568, 40066595, 0.00, 100.00, 0.00, 2.25, 0, 0 
5, 74568, 40577178, 0.00, 100.00, 0.00, 2.25, 0, 0 
6, 74568, 41092450, 0.00, 100.00, 0.00, 2.25, 0, 0 
7, 74568, 41635360, 0.00, 100.00, 0.00, 2.25, 0, 0 
8, 74568, 42149961, 0.00, 100.00, 0.00, 2.25, 0, 0 
9, 74568, 42663175, 0.00, 100.00, 0.00, 2.25, 0, 0 
0, 74568, 43193119, 0.00, 100.00, 0.00, 2.25, 0, 0 
1, 74568, 43714552, 0.00, 100.00, 0.00, 2.25, 0, 0 
2, 74568, 44227773, 0.00, 100.00, 0.00, 2.25, 0, 0 
3, 74568, 44744210, 0.00, 100.00, 0.00, 2.25, 0, 0 
4, 74568, 45265651, 0.00, 100.00, 0.00, 2.25, 0, 0 
5, 74568, 45828665, 0.00, 100.00, 0.00, 2.25, 0, 0 
6, 74568, 46310102, 0.00, 100.00, 0.00, 2.25, 0, 0 
7, 74568, 46830485, 0.00, 100.00, 0.00, 2.25, 0, 0 
8, 74568, 47353448, 0.00, 100.00, 0.00, 2.25, 0, 0 
9, 74568, 47876371, 0.00, 100.00, 0.00, 2.25, 0, 0 
0, 74568, 48408098, 0.00, 100.00, 0.00, 2.25, 0, 0 
1, 74568, 48936170, 0.00, 100.00, 0.00, 2.25, 0, 0 
2, 74568, 49439021, 0.00, 100.00, 0.00, 2.25, 0, 0 
3, 74568, 49961430, 0.00, 100.00, 0.00, 2.25, 0, 0 
4, 74568, 50485202, 0.00, 100.00, 0.00, 2.25, 0, 0 
5, 74568, 51004877, 0.00, 100.00, 0.00, 2.25, 0, 0 
6, 74568, 51527325, 0.00, 100.00, 0.00, 2.25, 0, 0 
7, 74568, 52057389, 0.00, 100.00, 0.00, 2.25, 0, 0 
8, 74568, 52587066, 0.00, 100.00, 0.00, 2.25, 0, 0 
9, 74568, 53102877, 0.00, 100.00, 0.00, 2.25, 0, 0 
0, 74568, 53659752, 0.00, 100.00, 0.00, 2.25, 0, 0 
1, 74568, 54232828, 0.00, 100.00, 0.00, 2.25, 0, 0 
2, 74568, 54672024, 0.00, 100.00, 0.00, 2.25, 0, 0 
3, 74568, 55189639, 0.00, 100.00, 0.00, 2.25, 0, 0 
4, 74568, 55709171, 0.00, 100.00, 0.00, 2.25, 0, 0 
5, 74568, 56232362, 0.00, 100.00, 0.00, 2.25, 0, 0 
6, 74568, 56754893, 0.00, 100.00, 0.00, 2.25, 0, 0 
7, 74568, 57270722, 0.00, 100.00, 0.00, 2.25, 0, 0 
8, 74568, 57789319, 0.00, 100.00, 0.00, 2.25, 0, 0 
9, 74568, 58312172, 0.00, 100.00, 0.00, 2.25, 0, 0 
0, 74568, 58839509, 0.00, 100.00, 0.00, 2.25, 0, 0 
1, 74568, 59361929, 0.00, 100.00, 0.00, 2.25, 0, 0 
2, 74568, 59874537, 0.00, 100.00, 0.00, 2.25, 0, 0 
3, 74568, 60398031, 0.00, 100.00, 0.00, 2.25, 0, 0 
4, 74568, 60916292, 0.00, 100.00, 0.00, 2.25, 0, 0 
5, 74568, 61439512, 0.00, 100.00, 0.00, 2.25, 0, 0 
6, 74568, 61964738, 0.00, 100.00, 0.00, 2.25, 0, 0 
7, 74568, 62483836, 0.00, 100.00, 0.00, 2.25, 0, 0 
8, 74568, 63001167, 0.00, 100.00, 0.00, 2.25, 0, 0 
9, 74568, 63522930, 0.00, 100.00, 0.00, 2.25, 0, 0 
0, 74568, 64066654, 0.00, 100.00, 0.00, 2.25, 0, 0 
1, 74568, 64581031, 0.00, 100.00, 0.00, 2.25, 0, 0 
2, 74568, 65090907, 0.00, 100.00, 0.00, 2.25, 0, 0 
3, 74568, 65608474, 0.00, 100.00, 0.00, 2.25, 0, 0 
4, 74568, 66131311, 0.00, 100.00, 0.00, 2.25, 0, 0 
5, 74568, 66680568, 0.00, 100.00, 0.00, 2.25, 0, 0 
6, 74568, 67172673, 0.00, 100.00, 0.00, 2.25, 0, 0 
7, 74568, 67692952, 0.00, 100.00, 0.00, 2.25, 0, 0 
8, 74568, 68245136, 0.00, 100.00, 0.00, 2.25, 0, 0 
9, 74568, 68758481, 0.00, 100.00, 0.00, 2.25, 0, 0 
0, 74568, 69415770, 0.00, 100.00, 0.00, 2.25, 0, 0 
1, 74568, 69936525, 0.00, 100.00, 0.00, 2.25, 0, 0 
2, 74568, 70434581, 0.00, 100.00, 0.00, 2.25, 0, 0 
3, 74568, 70953840, 0.00, 100.00, 0.00, 2.25, 0, 0 
4, 74568, 71481910, 0.00, 100.00, 0.00, 2.25, 0, 0 
5, 74568, 71999801, 0.00, 100.00, 0.00, 2.25, 0, 0 
6, 74568, 72529979, 0.00, 100.00, 0.00, 2.25, 0, 0 
7, 74568, 73052048, 0.00, 100.00, 0.00, 2.25, 0, 0 
8, 74568, 73575471, 0.00, 100.00, 0.00, 2.25, 0, 0 
9, 74568, 74100169, 0.00, 100.00, 0.00, 2.25, 0, 0 
0, 74568, 74629049, 0.00, 100.00, 0.00, 2.25, 0, 0 
1, 74568, 75120655, 0.00, 100.00, 0.00, 2.25, 0, 0 
2, 74568, 75657489, 0.00, 100.00, 0.00, 2.25, 0, 0 
3, 74568, 76180987, 0.00, 100.00, 0.00, 2.25, 0, 0 
4, 74568, 76705623, 0.00, 100.00, 0.00, 2.25, 0, 0 
5, 74568, 77222820, 0.00, 100.00, 0.00, 2.25, 0, 0 
6, 74568, 77741605, 0.00, 100.00, 0.00, 2.25, 0, 0 
7, 74568, 78262291, 0.00, 100.00, 0.00, 2.25, 0, 0 
8, 74568, 78785094, 0.00, 100.00, 0.00, 2.25, 0, 0 
9, 74568, 79304341, 0.00, 100.00, 0.00, 2.25, 0, 0 
0, 74568, 79859180, 0.00, 100.00, 0.00, 2.25, 0, 0 
1, 74568, 80353537, 0.00, 100.00, 0.00, 2.25, 0, 0 
2, 74568, 80834828, 0.00, 100.00, 0.00, 2.25, 0, 0 
3, 74568, 81403322, 0.00, 100.00, 0.00, 2.25, 0, 0 
4, 74568, 81884291, 0.00, 100.00, 0.00, 2.25, 0, 0 
5, 74568, 82410306, 0.00, 100.00, 0.00, 2.25, 0, 0 
6, 74568, 82927268, 0.00, 100.00, 0.00, 2.25, 0, 0 
7, 74568, 83488149, 0.00, 100.00, 0.00, 2.25, 0, 0 
8, 74568, 84037948, 0.00, 100.00, 0.00, 2.25, 0, 0 
9, 74568, 84536550, 0.00, 100.00, 0.00, 2.25, 0, 0 
0, 74568, 85067691, 0.00, 100.00, 0.00, 2.25, 0, 0 
1, 74568, 85648239, 0.00, 100.00, 0.00, 2.25, 0, 0 
2, 74568, 86253056, 0.00, 100.00, 0.00, 2.25, 0, 0 
3, 74568, 86762583, 0.00, 100.00, 0.00, 2.25, 0, 0 
4, 74568, 87289351, 0.00, 100.00, 0.00, 2.25, 0, 0 
5, 74568, 87816179, 0.00, 100.00, 0.00, 2.25, 0, 0 
6, 74568, 88330023, 0.00, 100.00, 0.00, 2.25, 0, 0 
7, 74568, 88847901, 0.00, 100.00, 0.00, 2.25, 0, 0 
8, 74568, 89371232, 0.00, 100.00, 0.00, 2.25, 0, 0 
9, 74568, 89892440, 0.00, 100.00, 0.00, 2.25, 0, 0 
0, 74568, 90421028, 0.00, 100.00, 0.00, 2.25, 0, 0 
1, 74568, 90942985, 0.00, 100.00, 0.00, 2.25, 0, 0 
2, 74568, 91455960, 0.00, 100.00, 0.00, 2.25, 0, 0 
3, 74568, 91975430, 0.00, 100.00, 0.00, 2.25, 0, 0 
4, 74568, 92498123, 0.00, 100.00, 0.00, 2.25, 0, 0 
5, 74568, 93018298, 0.00, 100.00, 0.00, 2.25, 0, 0 
6, 74568, 93538992, 0.00, 100.00, 0.00, 2.25, 0, 0 
7, 74568, 94061071, 0.00, 100.00, 0.00, 2.25, 0, 0 
8, 74568, 94582995, 0.00, 100.00, 0.00, 2.25, 0, 0 
9, 74568, 95103201, 0.00, 100.00, 0.00, 2.25, 0, 0 
0, 74568, 95634061, 0.00, 100.00, 0.00, 2.25, 0, 0 
1, 74568, 96157793, 0.00, 100.00, 0.00, 2.25, 0, 0 
2, 74568, 96668968, 0.00, 100.00, 0.00, 2.25, 0, 0 
3, 74568, 97216546, 0.00, 100.00, 0.00, 2.25, 0, 0 
4, 74568, 97744445, 0.00, 100.00, 0.00, 2.25, 0, 0 
5, 74568, 98263025, 0.00, 100.00, 0.00, 2.25, 0, 0 
6, 74568, 98781144, 0.00, 100.00, 0.00, 2.25, 0, 0 
7, 74568, 99301128, 0.00, 100.00, 0.00, 2.25, 0, 0 
8, 74568, 99830138, 0.00, 100.00, 0.00, 2.25, 0, 0 
9, 74568, 100349369, 0.00, 100.00, 0.00, 2.25, 0, 0 
0, 74568, 100878946, 0.00, 100.00, 0.00, 2.25, 0, 0 
1, 74568, 101407814, 0.00, 100.00, 0.00, 2.25, 0, 0 
2, 74568, 101912100, 0.00, 100.00, 0.00, 2.25, 0, 0 
3, 74568, 102432891, 0.00, 100.00, 0.00, 2.25, 0, 0 
4, 74568, 102956345, 0.00, 100.00, 0.00, 2.25, 0, 0 
5, 74568, 103474951, 0.00, 100.00, 0.00, 2.25, 0, 0 
6, 74568, 103996174, 0.00, 100.00, 0.00, 2.25, 0, 0 
7, 74568, 104520526, 0.00, 100.00, 0.00, 2.25, 0, 0 
8, 74568, 105039560, 0.00, 100.00, 0.00, 2.25, 0, 0 
9, 74568, 105563437, 0.00, 100.00, 0.00, 2.25, 0, 0 
0, 74568, 106095140, 0.00, 100.00, 0.00, 2.25, 0, 0 
1, 74568, 106617599, 0.00, 100.00, 0.00, 2.25, 0, 0 
2, 74568, 107127775, 0.00, 100.00, 0.00, 2.25, 0, 0 
3, 74568, 107658851, 0.00, 100.00, 0.00, 2.25, 0, 0 
4, 74568, 108177871, 0.00, 100.00, 0.00, 2.25, 0, 0 
5, 74568, 108696448, 0.00, 100.00, 0.00, 2.25, 0, 0 
6, 74568, 109212492, 0.00, 100.00, 0.00, 2.25, 0, 0 
7, 74568, 109735843, 0.00, 100.00, 0.00, 2.25, 0, 0 
8, 74568, 110256929, 0.00, 100.00, 0.00, 2.25, 0, 0 
9, 74568, 110778631, 0.00, 100.00, 0.00, 2.25, 0, 0 
0, 74568, 111308494, 0.00, 100.00, 0.00, 2.25, 0, 0 
1, 74568, 111832012, 0.00, 100.00, 0.00, 2.25, 0, 0 
2, 74568, 112335855, 0.00, 100.00, 0.00, 2.25, 0, 0 
3, 74568, 112887100, 0.00, 100.00, 0.00, 2.25, 0, 0 
4, 74568, 113400480, 0.00, 100.00, 0.00, 2.25, 0, 0 
5, 74568, 113963266, 0.00, 100.00, 0.00, 2.25, 0, 0 
6, 74568, 114449474, 0.00, 100.00, 0.00, 2.25, 0, 0 
7, 74568, 114964819, 0.00, 100.00, 0.00, 2.25, 0, 0 
8, 74568, 115484711, 0.00, 100.00, 0.00, 2.25, 0, 0 
9, 74568, 116022869, 0.00, 100.00, 0.00, 2.25, 0, 0 
0, 74568, 116545129, 0.00, 100.00, 0.00, 2.25, 0, 0 
1, 74568, 117069655, 0.00, 100.00, 0.00, 2.25, 0, 0 
2, 74568, 117592226, 0.00, 100.00, 0.00, 2.25, 0, 0 
3, 74568, 118328603, 0.00, 100.00, 0.00, 2.25, 0, 0 
4, 74568, 118869018, 0.00, 100.00, 0.00, 2.25, 0, 0 
5, 74568, 119377010, 0.00, 100.00, 0.00, 2.25, 0, 0 
6, 74568, 119903063, 0.00, 100.00, 0.00, 2.25, 0, 0 
7, 74568, 120420169, 0.00, 100.00, 0.00, 2.25, 0, 0 
8, 74568, 120940281, 0.00, 100.00, 0.00, 2.25, 0, 0 
9, 74568, 121476650, 0.00, 100.00, 0.00, 2.25, 0, 0 
0, 74568, 122009785, 0.00, 100.00, 0.00, 2.25, 0, 0 
1, 74568, 122531945, 0.00, 100.00, 0.00, 2.25, 0, 0 
2, 74568, 123036864, 0.00, 100.00, 0.00, 2.25, 0, 0 
3, 74568, 123554497, 0.00, 100.00, 0.00, 2.25, 0, 0 
4, 74568, 124084262, 0.00, 100.00, 0.00, 2.25, 0, 0 
5, 74568, 124602988, 0.00, 100.00, 0.00, 2.25, 0, 0 
6, 74568, 125091461, 0.00, 100.00, 0.00, 2.25, 0, 0 
7, 74568, 125631853, 0.00, 100.00, 0.00, 2.25, 0, 0 
8, 74568, 126149737, 0.00, 100.00, 0.00, 2.25, 0, 0 
9, 74568, 126670460, 0.00, 100.00, 0.00, 2.25, 0, 0 
0, 74568, 127204822, 0.00, 100.00, 0.00, 2.25, 0, 0 
1, 74568, 127737134, 0.00, 100.00, 0.00, 2.25, 0, 0 
2, 74568, 128236598, 0.00, 100.00, 0.00, 2.25, 0, 0 
3, 74568, 128755669, 0.00, 100.00, 0.00, 2.25, 0, 0 
4, 74568, 129279812, 0.00, 100.00, 0.00, 2.25, 0, 0 
5, 74568, 129802410, 0.00, 100.00, 0.00, 2.25, 0, 0 
6, 74568, 130338794, 0.00, 100.00, 0.00, 2.25, 0, 0 
7, 74568, 130845847, 0.00, 100.00, 0.00, 2.25, 0, 0 
8, 74568, 131386588, 0.00, 100.00, 0.00, 2.25, 0, 0 
9, 74568, 131902711, 0.00, 100.00, 0.00, 2.25, 0, 0 
0, 74568, 132394302, 0.00, 100.00, 0.00, 2.25, 0, 0 
1, 74568, 132913469, 0.00, 100.00, 0.00, 2.25, 0, 0 
2, 74568, 133428298, 0.00, 100.00, 0.00, 2.25, 0, 0 
3, 74568, 133947294, 0.00, 100.00, 0.00, 2.25, 0, 0 
4, 74568, 134470504, 0.00, 100.00, 0.00, 2.25, 0, 0 
5, 74568, 134994819, 0.00, 100.00, 0.00, 2.25, 0, 0 
6, 74568, 135510537, 0.00, 100.00, 0.00, 2.25, 0, 0 
7, 74568, 136053272, 0.00, 100.00, 0.00, 2.25, 0, 0 
8, 74568, 136560009, 0.00, 100.00, 0.00, 2.25, 0, 0 
9, 74568, 137075394, 0.00, 100.00, 0.00, 2.25, 0, 0 
0, 74568, 137617637, 0.00, 100.00, 0.00, 2.25, 0, 0 
1, 74568, 138135183, 0.00, 100.00, 0.00, 2.25, 0, 0 
2, 74568, 138640284, 0.00, 100.00, 0.00, 2.25, 0, 0 
3, 74568, 139161203, 0.00, 100.00, 0.00, 2.25, 0, 0 
4, 74568, 139681931, 0.00, 100.00, 0.00, 2.25, 0, 0 
5, 74568, 140203775, 0.00, 100.00, 0.00, 2.25, 0, 0 
6, 74568, 140727774, 0.00, 100.00, 0.00, 2.25, 0, 0 
7, 74568, 141246756, 0.00, 100.00, 0.00, 2.25, 0, 0 
8, 74568, 141769389, 0.00, 100.00, 0.00, 2.25, 0, 0 
9, 74568, 142288200, 0.00, 100.00, 0.00, 2.25, 0, 0 
0, 74568, 142818960, 0.00, 100.00, 0.00, 2.25, 0, 0 
1, 74568, 143351611, 0.00, 100.00, 0.00, 2.25, 0, 0 
2, 74568, 143867486, 0.00, 100.00, 0.00, 2.25, 0, 0 
3, 74568, 144397344, 0.00, 100.00, 0.00, 2.25, 0, 0 
4, 74568, 144922022, 0.00, 100.00, 0.00, 2.25, 0, 0 
5, 74568, 145437984, 0.00, 100.00, 0.00, 2.25, 0, 0 
6, 74568, 145991351, 0.00, 100.00, 0.00, 2.25, 0, 0 
7, 74568, 146502140, 0.00, 100.00, 0.00, 2.25, 0, 0 
8, 74568, 147019942, 0.00, 100.00, 0.00, 2.25, 0, 0 
9, 74568, 147555076, 0.00, 100.00, 0.00, 2.25, 0, 0 
0, 74568, 148093936, 0.00, 100.00, 0.00, 2.25, 0, 0 
1, 74568, 148600368, 0.00, 100.00, 0.00, 2.25, 0, 0 
2, 74568, 149108589, 0.00, 100.00, 0.00, 2.25, 0, 0 
3, 74568, 149626723, 0.00, 100.00, 0.00, 2.25, 0, 0 
4, 74568, 150124236, 0.00, 100.00, 0.00, 2.25, 0, 0 
5, 74568, 150641446, 0.00, 100.00, 0.00, 2.25, 0, 0 
6, 74568, 151163078, 0.00, 100.00, 0.00, 2.25, 0, 0 
7, 74568, 151700907, 0.00, 100.00, 0.00, 2.25, 0, 0 
8, 74568, 152335374, 0.00, 100.00, 0.00, 2.25, 0, 0 
9, 74568, 152998306, 0.00, 100.00, 0.00, 2.25, 0, 0 
0, 74568, 153511859, 0.00, 100.00, 0.00, 2.25, 0, 0 
1, 74568, 154030707, 0.00, 100.00, 0.00, 2.25, 0, 0 
2, 74568, 154538094, 0.00, 100.00, 0.00, 2.25, 0, 0 
3, 74568, 155062065, 0.00, 100.00, 0.00, 2.25, 0, 0 
4, 74568, 155582366, 0.00, 100.00, 0.00, 2.25, 0, 0 
5, 74568, 156101767, 0.00, 100.00, 0.00, 2.25, 0, 0 
6, 74568, 156637360, 0.00, 100.00, 0.00, 2.25, 0, 0 
7, 74568, 157162081, 0.00, 100.00, 0.00, 2.25, 0, 0 
8, 74568, 157668007, 0.00, 100.00, 0.00, 2.25, 0, 0 
9, 74568, 158193798, 0.00, 100.00, 0.00, 2.25, 0, 0 
0, 74568, 158718098, 0.00, 100.00, 0.00, 2.25, 0, 0 
1, 74568, 159216093, 0.00, 100.00, 0.00, 2.25, 0, 0 
2, 74568, 159727948, 0.00, 100.00, 0.00, 2.25, 0, 0 
3, 74568, 160253574, 0.00, 100.00, 0.00, 2.25, 0, 0 
4, 74568, 160768897, 0.00, 100.00, 0.00, 2.25, 0, 0 
5, 74568, 161291591, 0.00, 100.00, 0.00, 2.25, 0, 0 
6, 74568, 161811135, 0.00, 100.00, 0.00, 2.25, 0, 0 
7, 74568, 162334440, 0.00, 100.00, 0.00, 2.25, 0, 0 
8, 74568, 162912361, 0.00, 100.00, 0.00, 2.25, 0, 0 
9, 74568, 163377667, 0.00, 100.00, 0.00, 2.25, 0, 0 
0, 74568, 163906196, 0.00, 100.00, 0.00, 2.25, 0, 0 
1, 74568, 164454888, 0.00, 100.00, 0.00, 2.25, 0, 0 
2, 74568, 164947335, 0.00, 100.00, 0.00, 2.25, 0, 0 
3, 74568, 165462556, 0.00, 100.00, 0.00, 2.25, 0, 0 
4, 74568, 165993179, 0.00, 100.00, 0.00, 2.25, 0, 0 
5, 74568, 166508733, 0.00, 100.00, 0.00, 2.25, 0, 0 
6, 74568, 167035045, 0.00, 100.00, 0.00, 2.25, 0, 0 
7, 74568, 167551467, 0.00, 100.00, 0.00, 2.25, 0, 0 
8, 74568, 168083646, 0.00, 100.00, 0.00, 2.25, 0, 0 
9, 74568, 168598774, 0.00, 100.00, 0.00, 2.25, 0, 0 
0, 74568, 169126058, 0.00, 100.00, 0.00, 2.25, 0, 0 
1, 74568, 169650846, 0.00, 100.00, 0.00, 2.25, 0, 0 
2, 74568, 170164542, 0.00, 100.00, 0.00, 2.25, 0, 0 
3, 74568, 170681415, 0.00, 100.00, 0.00, 2.25, 0, 0 
4, 74568, 171202756, 0.00, 100.00, 0.00, 2.25, 0, 0 
5, 74568, 171728519, 0.00, 100.00, 0.00, 2.25, 0, 0 
6, 74568, 172247431, 0.00, 100.00, 0.00, 2.25, 0, 0 
7, 74568, 172767498, 0.00, 100.00, 0.00, 2.25, 0, 0 
8, 74568, 173289145, 0.00, 100.00, 0.00, 2.25, 0, 0 
9, 74568, 173815270, 0.00, 100.00, 0.00, 2.25, 0, 0 
0, 74568, 174340952, 0.00, 100.00, 0.00, 2.25, 0, 0 
1, 74568, 174871431, 0.00, 100.00, 0.00, 2.25, 0, 0 
2, 74568, 175399708, 0.00, 100.00, 0.00, 2.25, 0, 0 
3, 74568, 175908547, 0.00, 100.00, 0.00, 2.25, 0, 0 
4, 74568, 176533004, 0.00, 100.00, 0.00, 2.25, 0, 0 
5, 74568, 177011619, 0.00, 100.00, 0.00, 2.25, 0, 0 
6, 74568, 177527998, 0.00, 100.00, 0.00, 2.25, 0, 0 
7, 74568, 178048441, 0.00, 100.00, 0.00, 2.25, 0, 0 
8, 74568, 178568216, 0.00, 100.00, 0.00, 2.25, 0, 0 
9, 74568, 179092350, 0.00, 100.00, 0.00, 2.25, 0, 0 
