Wed Nov 28 13:46:37 2018
StepTime, x, v, f, xdes, vdes, fdes, cmd, IR, LSB, LSF
0, 75138, 651323815, 0.00, 100.00, 0.00, 2.25, 0, 0 
1, 75138, 651609312, 0.00, 100.00, 0.00, 2.25, 0, 0 
2, 75138, 651862817, 0.00, 100.00, 0.00, 2.25, 0, 0 
3, 75138, 652175087, 0.00, 100.00, 0.00, 2.25, 0, 0 
4, 75138, 652499203, 0.00, 100.00, 0.00, 2.25, 0, 0 
5, 75138, 652826701, 0.00, 100.00, 0.00, 2.25, 0, 0 
6, 75138, 653144862, 0.00, 100.00, 0.00, 2.25, 0, 0 
7, 75138, 653504793, 0.00, 100.00, 0.00, 2.25, 0, 0 
8, 75138, 653780232, 0.00, 100.00, 0.00, 2.25, 0, 0 
9, 75138, 654057589, 0.00, 100.00, 0.00, 2.25, 0, 0 
0, 75138, 654367734, 0.00, 100.00, 0.00, 2.25, 0, 0 
1, 75138, 654581207, 0.00, 100.00, 0.00, 2.25, 0, 0 
2, 75138, 654766951, 0.00, 100.00, 0.00, 2.25, 0, 0 
3, 75138, 655106424, 0.00, 100.00, 0.00, 2.25, 0, 0 
4, 75138, 655432734, 0.00, 100.00, 0.00, 2.25, 0, 0 
5, 75138, 655655348, 0.00, 100.00, 0.00, 2.25, 0, 0 
6, 75138, 655943698, 0.00, 100.00, 0.00, 2.25, 0, 0 
7, 75138, 656269886, 0.00, 100.00, 0.00, 2.25, 0, 0 
8, 75138, 656528832, 0.00, 100.00, 0.00, 2.25, 0, 0 
9, 75138, 656763973, 0.00, 100.00, 0.00, 2.25, 0, 0 
0, 75138, 657066312, 0.00, 100.00, 0.00, 2.25, 0, 0 
1, 75138, 657349031, 0.00, 100.00, 0.00, 2.25, 0, 0 
2, 75138, 657600133, 0.00, 100.00, 0.00, 2.25, 0, 0 
3, 75138, 657937790, 0.00, 100.00, 0.00, 2.25, 0, 0 
4, 75138, 658168609, 0.00, 100.00, 0.00, 2.25, 0, 0 
5, 75138, 658349432, 0.00, 100.00, 0.00, 2.25, 0, 0 
6, 75138, 658526806, 0.00, 100.00, 0.00, 2.25, 0, 0 
7, 75138, 658711690, 0.00, 100.00, 0.00, 2.25, 0, 0 
8, 75138, 658887982, 0.00, 100.00, 0.00, 2.25, 0, 0 
9, 75138, 659063055, 0.00, 100.00, 0.00, 2.25, 0, 0 
0, 75138, 659279016, 0.00, 100.00, 0.00, 2.25, 0, 0 
1, 75138, 659473848, 0.00, 100.00, 0.00, 2.25, 0, 0 
2, 75138, 659656406, 0.00, 100.00, 0.00, 2.25, 0, 0 
3, 75138, 659954146, 0.00, 100.00, 0.00, 2.25, 0, 0 
4, 75138, 660255984, 0.00, 100.00, 0.00, 2.25, 0, 0 
5, 75138, 660509182, 0.00, 100.00, 0.00, 2.25, 0, 0 
6, 75138, 660789573, 0.00, 100.00, 0.00, 2.25, 0, 0 
7, 75138, 660993859, 0.00, 100.00, 0.00, 2.25, 0, 0 
8, 75138, 661226594, 0.00, 100.00, 0.00, 2.25, 0, 0 
9, 75138, 661456074, 0.00, 100.00, 0.00, 2.25, 0, 0 
0, 75138, 661736915, 0.00, 100.00, 0.00, 2.25, 0, 0 
1, 75138, 662058372, 0.00, 100.00, 0.00, 2.25, 0, 0 
2, 75138, 662306290, 0.00, 100.00, 0.00, 2.25, 0, 0 
3, 75138, 662613978, 0.00, 100.00, 0.00, 2.25, 0, 0 
4, 75138, 662909783, 0.00, 100.00, 0.00, 2.25, 0, 0 
5, 75138, 663159776, 0.00, 100.00, 0.00, 2.25, 0, 0 
6, 75138, 663399080, 0.00, 100.00, 0.00, 2.25, 0, 0 
7, 75138, 663639151, 0.00, 100.00, 0.00, 2.25, 0, 0 
8, 75138, 663868631, 0.00, 100.00, 0.00, 2.25, 0, 0 
9, 75138, 664152203, 0.00, 100.00, 0.00, 2.25, 0, 0 
0, 75138, 664438692, 0.00, 100.00, 0.00, 2.25, 0, 0 
1, 75138, 664738089, 0.00, 100.00, 0.00, 2.25, 0, 0 
2, 75138, 664996516, 0.00, 100.00, 0.00, 2.25, 0, 0 
3, 75138, 665280241, 0.00, 100.00, 0.00, 2.25, 0, 0 
4, 75138, 665567921, 0.00, 100.00, 0.00, 2.25, 0, 0 
5, 75138, 665797658, 0.00, 100.00, 0.00, 2.25, 0, 0 
6, 75138, 666035394, 0.00, 100.00, 0.00, 2.25, 0, 0 
7, 75138, 666278228, 0.00, 100.00, 0.00, 2.25, 0, 0 
8, 75138, 666512297, 0.00, 100.00, 0.00, 2.25, 0, 0 
9, 75138, 666755450, 0.00, 100.00, 0.00, 2.25, 0, 0 
0, 75138, 667030973, 0.00, 100.00, 0.00, 2.25, 0, 0 
1, 75138, 667311317, 0.00, 100.00, 0.00, 2.25, 0, 0 
2, 75138, 667563837, 0.00, 100.00, 0.00, 2.25, 0, 0 
3, 75138, 667915363, 0.00, 100.00, 0.00, 2.25, 0, 0 
4, 75138, 668253836, 0.00, 100.00, 0.00, 2.25, 0, 0 
5, 75138, 668436912, 0.00, 100.00, 0.00, 2.25, 0, 0 
6, 75138, 668578627, 0.00, 100.00, 0.00, 2.25, 0, 0 
7, 75138, 668719256, 0.00, 100.00, 0.00, 2.25, 0, 0 
8, 75138, 668860038, 0.00, 100.00, 0.00, 2.25, 0, 0 
9, 75138, 669000890, 0.00, 100.00, 0.00, 2.25, 0, 0 
0, 75138, 669167567, 0.00, 100.00, 0.00, 2.25, 0, 0 
1, 75138, 669336754, 0.00, 100.00, 0.00, 2.25, 0, 0 
2, 75138, 669499344, 0.00, 100.00, 0.00, 2.25, 0, 0 
3, 75138, 669817343, 0.00, 100.00, 0.00, 2.25, 0, 0 
4, 75138, 670150625, 0.00, 100.00, 0.00, 2.25, 0, 0 
5, 75138, 670424766, 0.00, 100.00, 0.00, 2.25, 0, 0 
6, 75138, 670676442, 0.00, 100.00, 0.00, 2.25, 0, 0 
7, 75138, 670990769, 0.00, 100.00, 0.00, 2.25, 0, 0 
8, 75138, 671290094, 0.00, 100.00, 0.00, 2.25, 0, 0 
9, 75138, 671568497, 0.00, 100.00, 0.00, 2.25, 0, 0 
0, 75138, 671839540, 0.00, 100.00, 0.00, 2.25, 0, 0 
1, 75138, 672150828, 0.00, 100.00, 0.00, 2.25, 0, 0 
2, 75138, 672395631, 0.00, 100.00, 0.00, 2.25, 0, 0 
3, 75138, 672752029, 0.00, 100.00, 0.00, 2.25, 0, 0 
4, 75138, 673162609, 0.00, 100.00, 0.00, 2.25, 0, 0 
5, 75138, 673549325, 0.00, 100.00, 0.00, 2.25, 0, 0 
6, 75138, 673770245, 0.00, 100.00, 0.00, 2.25, 0, 0 
7, 75138, 673974228, 0.00, 100.00, 0.00, 2.25, 0, 0 
8, 75138, 674196696, 0.00, 100.00, 0.00, 2.25, 0, 0 
9, 75138, 674373115, 0.00, 100.00, 0.00, 2.25, 0, 0 
0, 75138, 674656421, 0.00, 100.00, 0.00, 2.25, 0, 0 
1, 75138, 674922651, 0.00, 100.00, 0.00, 2.25, 0, 0 
2, 75138, 675184604, 0.00, 100.00, 0.00, 2.25, 0, 0 
3, 75138, 675525823, 0.00, 100.00, 0.00, 2.25, 0, 0 
4, 75138, 675782946, 0.00, 100.00, 0.00, 2.25, 0, 0 
5, 75138, 676036682, 0.00, 100.00, 0.00, 2.25, 0, 0 
6, 75138, 676303021, 0.00, 100.00, 0.00, 2.25, 0, 0 
7, 75138, 676518613, 0.00, 100.00, 0.00, 2.25, 0, 0 
8, 75138, 676660176, 0.00, 100.00, 0.00, 2.25, 0, 0 
9, 75138, 676801370, 0.00, 100.00, 0.00, 2.25, 0, 0 
0, 75138, 676969359, 0.00, 100.00, 0.00, 2.25, 0, 0 
1, 75138, 677138207, 0.00, 100.00, 0.00, 2.25, 0, 0 
2, 75138, 677300207, 0.00, 100.00, 0.00, 2.25, 0, 0 
3, 75138, 677629086, 0.00, 100.00, 0.00, 2.25, 0, 0 
4, 75138, 677937506, 0.00, 100.00, 0.00, 2.25, 0, 0 
5, 75138, 678189921, 0.00, 100.00, 0.00, 2.25, 0, 0 
6, 75138, 678438295, 0.00, 100.00, 0.00, 2.25, 0, 0 
7, 75138, 678686552, 0.00, 100.00, 0.00, 2.25, 0, 0 
8, 75138, 678928389, 0.00, 100.00, 0.00, 2.25, 0, 0 
9, 75138, 679100825, 0.00, 100.00, 0.00, 2.25, 0, 0 
0, 75138, 679326734, 0.00, 100.00, 0.00, 2.25, 0, 0 
1, 75138, 679535385, 0.00, 100.00, 0.00, 2.25, 0, 0 
2, 75138, 679725463, 0.00, 100.00, 0.00, 2.25, 0, 0 
3, 75138, 679961926, 0.00, 100.00, 0.00, 2.25, 0, 0 
4, 75138, 680189260, 0.00, 100.00, 0.00, 2.25, 0, 0 
5, 75138, 680357504, 0.00, 100.00, 0.00, 2.25, 0, 0 
6, 75138, 680506395, 0.00, 100.00, 0.00, 2.25, 0, 0 
7, 75138, 680655377, 0.00, 100.00, 0.00, 2.25, 0, 0 
8, 75138, 680809768, 0.00, 100.00, 0.00, 2.25, 0, 0 
9, 75138, 680941750, 0.00, 100.00, 0.00, 2.25, 0, 0 
0, 75138, 681123060, 0.00, 100.00, 0.00, 2.25, 0, 0 
1, 75138, 681319294, 0.00, 100.00, 0.00, 2.25, 0, 0 
2, 75138, 681498813, 0.00, 100.00, 0.00, 2.25, 0, 0 
3, 75138, 681740875, 0.00, 100.00, 0.00, 2.25, 0, 0 
4, 75138, 681961175, 0.00, 100.00, 0.00, 2.25, 0, 0 
5, 75138, 682150463, 0.00, 100.00, 0.00, 2.25, 0, 0 
6, 75138, 682337881, 0.00, 100.00, 0.00, 2.25, 0, 0 
7, 75138, 682525474, 0.00, 100.00, 0.00, 2.25, 0, 0 
8, 75138, 682711871, 0.00, 100.00, 0.00, 2.25, 0, 0 
9, 75138, 682876873, 0.00, 100.00, 0.00, 2.25, 0, 0 
0, 75138, 683092688, 0.00, 100.00, 0.00, 2.25, 0, 0 
1, 75138, 683288128, 0.00, 100.00, 0.00, 2.25, 0, 0 
2, 75138, 683458806, 0.00, 100.00, 0.00, 2.25, 0, 0 
3, 75138, 683685772, 0.00, 100.00, 0.00, 2.25, 0, 0 
4, 75138, 683889321, 0.00, 100.00, 0.00, 2.25, 0, 0 
5, 75138, 684081144, 0.00, 100.00, 0.00, 2.25, 0, 0 
6, 75138, 684218631, 0.00, 100.00, 0.00, 2.25, 0, 0 
7, 75138, 684329446, 0.00, 100.00, 0.00, 2.25, 0, 0 
8, 75138, 684439773, 0.00, 100.00, 0.00, 2.25, 0, 0 
9, 75138, 684550466, 0.00, 100.00, 0.00, 2.25, 0, 0 
0, 75138, 684681415, 0.00, 100.00, 0.00, 2.25, 0, 0 
1, 75138, 684814332, 0.00, 100.00, 0.00, 2.25, 0, 0 
2, 75138, 684935083, 0.00, 100.00, 0.00, 2.25, 0, 0 
3, 75138, 685099253, 0.00, 100.00, 0.00, 2.25, 0, 0 
4, 75138, 685233249, 0.00, 100.00, 0.00, 2.25, 0, 0 
5, 75138, 685343168, 0.00, 100.00, 0.00, 2.25, 0, 0 
6, 75138, 685453390, 0.00, 100.00, 0.00, 2.25, 0, 0 
7, 75138, 685574225, 0.00, 100.00, 0.00, 2.25, 0, 0 
8, 75138, 685683538, 0.00, 100.00, 0.00, 2.25, 0, 0 
9, 75138, 685808602, 0.00, 100.00, 0.00, 2.25, 0, 0 
0, 75138, 685962888, 0.00, 100.00, 0.00, 2.25, 0, 0 
1, 75138, 686094952, 0.00, 100.00, 0.00, 2.25, 0, 0 
2, 75138, 686214954, 0.00, 100.00, 0.00, 2.25, 0, 0 
3, 75138, 686371434, 0.00, 100.00, 0.00, 2.25, 0, 0 
4, 75138, 686506000, 0.00, 100.00, 0.00, 2.25, 0, 0 
5, 75138, 686616290, 0.00, 100.00, 0.00, 2.25, 0, 0 
6, 75138, 686726213, 0.00, 100.00, 0.00, 2.25, 0, 0 
7, 75138, 686836532, 0.00, 100.00, 0.00, 2.25, 0, 0 
8, 75138, 686946981, 0.00, 100.00, 0.00, 2.25, 0, 0 
9, 75138, 687056853, 0.00, 100.00, 0.00, 2.25, 0, 0 
0, 75138, 687186873, 0.00, 100.00, 0.00, 2.25, 0, 0 
1, 75138, 687318061, 0.00, 100.00, 0.00, 2.25, 0, 0 
2, 75138, 687437877, 0.00, 100.00, 0.00, 2.25, 0, 0 
3, 75138, 687596360, 0.00, 100.00, 0.00, 2.25, 0, 0 
4, 75138, 687730434, 0.00, 100.00, 0.00, 2.25, 0, 0 
5, 75138, 687840346, 0.00, 100.00, 0.00, 2.25, 0, 0 
6, 75138, 687950451, 0.00, 100.00, 0.00, 2.25, 0, 0 
7, 75138, 688080366, 0.00, 100.00, 0.00, 2.25, 0, 0 
8, 75138, 688185752, 0.00, 100.00, 0.00, 2.25, 0, 0 
9, 75138, 688256547, 0.00, 100.00, 0.00, 2.25, 0, 0 
0, 75138, 688340486, 0.00, 100.00, 0.00, 2.25, 0, 0 
1, 75138, 688425410, 0.00, 100.00, 0.00, 2.25, 0, 0 
2, 75138, 688506342, 0.00, 100.00, 0.00, 2.25, 0, 0 
3, 75138, 688620398, 0.00, 100.00, 0.00, 2.25, 0, 0 
4, 75138, 688710605, 0.00, 100.00, 0.00, 2.25, 0, 0 
5, 75138, 688781491, 0.00, 100.00, 0.00, 2.25, 0, 0 
6, 75138, 688851933, 0.00, 100.00, 0.00, 2.25, 0, 0 
7, 75138, 688936774, 0.00, 100.00, 0.00, 2.25, 0, 0 
8, 75138, 688993246, 0.00, 100.00, 0.00, 2.25, 0, 0 
9, 75138, 689049630, 0.00, 100.00, 0.00, 2.25, 0, 0 
0, 75138, 689116313, 0.00, 100.00, 0.00, 2.25, 0, 0 
1, 75138, 689183322, 0.00, 100.00, 0.00, 2.25, 0, 0 
2, 75138, 689249386, 0.00, 100.00, 0.00, 2.25, 0, 0 
3, 75138, 689339543, 0.00, 100.00, 0.00, 2.25, 0, 0 
4, 75138, 689412818, 0.00, 100.00, 0.00, 2.25, 0, 0 
5, 75138, 689469476, 0.00, 100.00, 0.00, 2.25, 0, 0 
6, 75138, 689525957, 0.00, 100.00, 0.00, 2.25, 0, 0 
7, 75138, 689582680, 0.00, 100.00, 0.00, 2.25, 0, 0 
8, 75138, 689639065, 0.00, 100.00, 0.00, 2.25, 0, 0 
9, 75138, 689695382, 0.00, 100.00, 0.00, 2.25, 0, 0 
0, 75138, 689762139, 0.00, 100.00, 0.00, 2.25, 0, 0 
1, 75138, 689828938, 0.00, 100.00, 0.00, 2.25, 0, 0 
2, 75138, 689893598, 0.00, 100.00, 0.00, 2.25, 0, 0 
3, 75138, 689984200, 0.00, 100.00, 0.00, 2.25, 0, 0 
4, 75138, 690084465, 0.00, 100.00, 0.00, 2.25, 0, 0 
5, 75138, 690141113, 0.00, 100.00, 0.00, 2.25, 0, 0 
6, 75138, 690197585, 0.00, 100.00, 0.00, 2.25, 0, 0 
7, 75138, 690254059, 0.00, 100.00, 0.00, 2.25, 0, 0 
8, 75138, 690310536, 0.00, 100.00, 0.00, 2.25, 0, 0 
9, 75138, 690366822, 0.00, 100.00, 0.00, 2.25, 0, 0 
0, 75138, 690433515, 0.00, 100.00, 0.00, 2.25, 0, 0 
1, 75138, 690500476, 0.00, 100.00, 0.00, 2.25, 0, 0 
2, 75138, 690564993, 0.00, 100.00, 0.00, 2.25, 0, 0 
3, 75138, 690715421, 0.00, 100.00, 0.00, 2.25, 0, 0 
4, 75138, 690832999, 0.00, 100.00, 0.00, 2.25, 0, 0 
5, 75138, 690934911, 0.00, 100.00, 0.00, 2.25, 0, 0 
6, 75138, 691041826, 0.00, 100.00, 0.00, 2.25, 0, 0 
7, 75138, 691149082, 0.00, 100.00, 0.00, 2.25, 0, 0 
8, 75138, 691255542, 0.00, 100.00, 0.00, 2.25, 0, 0 
9, 75138, 691362488, 0.00, 100.00, 0.00, 2.25, 0, 0 
0, 75138, 691491515, 0.00, 100.00, 0.00, 2.25, 0, 0 
1, 75138, 691615088, 0.00, 100.00, 0.00, 2.25, 0, 0 
2, 75138, 691731428, 0.00, 100.00, 0.00, 2.25, 0, 0 
3, 75138, 691874940, 0.00, 100.00, 0.00, 2.25, 0, 0 
4, 75138, 691957931, 0.00, 100.00, 0.00, 2.25, 0, 0 
5, 75138, 692033019, 0.00, 100.00, 0.00, 2.25, 0, 0 
6, 75138, 692138944, 0.00, 100.00, 0.00, 2.25, 0, 0 
7, 75138, 692226065, 0.00, 100.00, 0.00, 2.25, 0, 0 
8, 75138, 692337975, 0.00, 100.00, 0.00, 2.25, 0, 0 
9, 75138, 692444606, 0.00, 100.00, 0.00, 2.25, 0, 0 
0, 75138, 692572756, 0.00, 100.00, 0.00, 2.25, 0, 0 
1, 75138, 692695805, 0.00, 100.00, 0.00, 2.25, 0, 0 
2, 75138, 692809943, 0.00, 100.00, 0.00, 2.25, 0, 0 
3, 75138, 692943193, 0.00, 100.00, 0.00, 2.25, 0, 0 
4, 75138, 693068409, 0.00, 100.00, 0.00, 2.25, 0, 0 
5, 75138, 693179756, 0.00, 100.00, 0.00, 2.25, 0, 0 
6, 75138, 693288621, 0.00, 100.00, 0.00, 2.25, 0, 0 
7, 75138, 693391873, 0.00, 100.00, 0.00, 2.25, 0, 0 
8, 75138, 693496794, 0.00, 100.00, 0.00, 2.25, 0, 0 
9, 75138, 693606580, 0.00, 100.00, 0.00, 2.25, 0, 0 
0, 75138, 693698427, 0.00, 100.00, 0.00, 2.25, 0, 0 
1, 75138, 693782669, 0.00, 100.00, 0.00, 2.25, 0, 0 
2, 75138, 693895620, 0.00, 100.00, 0.00, 2.25, 0, 0 
3, 75138, 694037791, 0.00, 100.00, 0.00, 2.25, 0, 0 
4, 75138, 694139275, 0.00, 100.00, 0.00, 2.25, 0, 0 
5, 75138, 694205861, 0.00, 100.00, 0.00, 2.25, 0, 0 
6, 75138, 694295276, 0.00, 100.00, 0.00, 2.25, 0, 0 
7, 75138, 694381633, 0.00, 100.00, 0.00, 2.25, 0, 0 
8, 75138, 694470345, 0.00, 100.00, 0.00, 2.25, 0, 0 
9, 75138, 694558326, 0.00, 100.00, 0.00, 2.25, 0, 0 
0, 75138, 694661420, 0.00, 100.00, 0.00, 2.25, 0, 0 
1, 75138, 694765993, 0.00, 100.00, 0.00, 2.25, 0, 0 
2, 75138, 694859735, 0.00, 100.00, 0.00, 2.25, 0, 0 
3, 75138, 694980546, 0.00, 100.00, 0.00, 2.25, 0, 0 
4, 75138, 695090898, 0.00, 100.00, 0.00, 2.25, 0, 0 
5, 75138, 695178860, 0.00, 100.00, 0.00, 2.25, 0, 0 
6, 75138, 695267061, 0.00, 100.00, 0.00, 2.25, 0, 0 
7, 75138, 695355472, 0.00, 100.00, 0.00, 2.25, 0, 0 
8, 75138, 695429362, 0.00, 100.00, 0.00, 2.25, 0, 0 
9, 75138, 695516553, 0.00, 100.00, 0.00, 2.25, 0, 0 
0, 75138, 695623428, 0.00, 100.00, 0.00, 2.25, 0, 0 
1, 75138, 695727110, 0.00, 100.00, 0.00, 2.25, 0, 0 
2, 75138, 695822662, 0.00, 100.00, 0.00, 2.25, 0, 0 
3, 75138, 695943111, 0.00, 100.00, 0.00, 2.25, 0, 0 
4, 75138, 696050370, 0.00, 100.00, 0.00, 2.25, 0, 0 
5, 75138, 696121141, 0.00, 100.00, 0.00, 2.25, 0, 0 
6, 75138, 696180518, 0.00, 100.00, 0.00, 2.25, 0, 0 
7, 75138, 696240834, 0.00, 100.00, 0.00, 2.25, 0, 0 
8, 75138, 696300124, 0.00, 100.00, 0.00, 2.25, 0, 0 
9, 75138, 696360123, 0.00, 100.00, 0.00, 2.25, 0, 0 
0, 75138, 696429370, 0.00, 100.00, 0.00, 2.25, 0, 0 
1, 75138, 696502460, 0.00, 100.00, 0.00, 2.25, 0, 0 
2, 75138, 696575860, 0.00, 100.00, 0.00, 2.25, 0, 0 
3, 75138, 696662866, 0.00, 100.00, 0.00, 2.25, 0, 0 
4, 75138, 696743967, 0.00, 100.00, 0.00, 2.25, 0, 0 
5, 75138, 696803286, 0.00, 100.00, 0.00, 2.25, 0, 0 
6, 75138, 696862688, 0.00, 100.00, 0.00, 2.25, 0, 0 
7, 75138, 696922337, 0.00, 100.00, 0.00, 2.25, 0, 0 
8, 75138, 696981888, 0.00, 100.00, 0.00, 2.25, 0, 0 
9, 75138, 697041899, 0.00, 100.00, 0.00, 2.25, 0, 0 
0, 75138, 697111368, 0.00, 100.00, 0.00, 2.25, 0, 0 
1, 75138, 697184204, 0.00, 100.00, 0.00, 2.25, 0, 0 
2, 75138, 697256493, 0.00, 100.00, 0.00, 2.25, 0, 0 
3, 75138, 697341983, 0.00, 100.00, 0.00, 2.25, 0, 0 
4, 75138, 697420676, 0.00, 100.00, 0.00, 2.25, 0, 0 
5, 75138, 697480965, 0.00, 100.00, 0.00, 2.25, 0, 0 
6, 75138, 697540500, 0.00, 100.00, 0.00, 2.25, 0, 0 
7, 75138, 697599916, 0.00, 100.00, 0.00, 2.25, 0, 0 
8, 75138, 697659586, 0.00, 100.00, 0.00, 2.25, 0, 0 
9, 75138, 697719151, 0.00, 100.00, 0.00, 2.25, 0, 0 
0, 75138, 697788360, 0.00, 100.00, 0.00, 2.25, 0, 0 
1, 75138, 697861666, 0.00, 100.00, 0.00, 2.25, 0, 0 
2, 75138, 697936143, 0.00, 100.00, 0.00, 2.25, 0, 0 
3, 75138, 698022352, 0.00, 100.00, 0.00, 2.25, 0, 0 
4, 75138, 698100578, 0.00, 100.00, 0.00, 2.25, 0, 0 
5, 75138, 698161488, 0.00, 100.00, 0.00, 2.25, 0, 0 
6, 75138, 698221049, 0.00, 100.00, 0.00, 2.25, 0, 0 
7, 75138, 698280873, 0.00, 100.00, 0.00, 2.25, 0, 0 
8, 75138, 698340363, 0.00, 100.00, 0.00, 2.25, 0, 0 
9, 75138, 698399755, 0.00, 100.00, 0.00, 2.25, 0, 0 
0, 75138, 698471812, 0.00, 100.00, 0.00, 2.25, 0, 0 
1, 75138, 698545134, 0.00, 100.00, 0.00, 2.25, 0, 0 
2, 75138, 698618940, 0.00, 100.00, 0.00, 2.25, 0, 0 
3, 75138, 698705469, 0.00, 100.00, 0.00, 2.25, 0, 0 
4, 75138, 698784133, 0.00, 100.00, 0.00, 2.25, 0, 0 
5, 75138, 698842533, 0.00, 100.00, 0.00, 2.25, 0, 0 
6, 75138, 698900408, 0.00, 100.00, 0.00, 2.25, 0, 0 
7, 75138, 698970941, 0.00, 100.00, 0.00, 2.25, 0, 0 
8, 75138, 699020485, 0.00, 100.00, 0.00, 2.25, 0, 0 
9, 75138, 699070306, 0.00, 100.00, 0.00, 2.25, 0, 0 
0, 75138, 699128269, 0.00, 100.00, 0.00, 2.25, 0, 0 
1, 75138, 699188105, 0.00, 100.00, 0.00, 2.25, 0, 0 
2, 75138, 699247995, 0.00, 100.00, 0.00, 2.25, 0, 0 
3, 75138, 699321309, 0.00, 100.00, 0.00, 2.25, 0, 0 
4, 75138, 699394519, 0.00, 100.00, 0.00, 2.25, 0, 0 
5, 75138, 699453804, 0.00, 100.00, 0.00, 2.25, 0, 0 
6, 75138, 699517766, 0.00, 100.00, 0.00, 2.25, 0, 0 
7, 75138, 699589173, 0.00, 100.00, 0.00, 2.25, 0, 0 
8, 75138, 699660997, 0.00, 100.00, 0.00, 2.25, 0, 0 
9, 75138, 699710582, 0.00, 100.00, 0.00, 2.25, 0, 0 
0, 75138, 699779849, 0.00, 100.00, 0.00, 2.25, 0, 0 
1, 75138, 699840415, 0.00, 100.00, 0.00, 2.25, 0, 0 
2, 75138, 699902863, 0.00, 100.00, 0.00, 2.25, 0, 0 
3, 75138, 699976513, 0.00, 100.00, 0.00, 2.25, 0, 0 
4, 75138, 700064301, 0.00, 100.00, 0.00, 2.25, 0, 0 
5, 75138, 700137307, 0.00, 100.00, 0.00, 2.25, 0, 0 
6, 75138, 700206632, 0.00, 100.00, 0.00, 2.25, 0, 0 
7, 75138, 700278629, 0.00, 100.00, 0.00, 2.25, 0, 0 
8, 75138, 700355433, 0.00, 100.00, 0.00, 2.25, 0, 0 
9, 75138, 700432270, 0.00, 100.00, 0.00, 2.25, 0, 0 
0, 75138, 700526583, 0.00, 100.00, 0.00, 2.25, 0, 0 
1, 75138, 700621266, 0.00, 100.00, 0.00, 2.25, 0, 0 
2, 75138, 700712682, 0.00, 100.00, 0.00, 2.25, 0, 0 
3, 75138, 700822594, 0.00, 100.00, 0.00, 2.25, 0, 0 
4, 75138, 700910373, 0.00, 100.00, 0.00, 2.25, 0, 0 
5, 75138, 700994116, 0.00, 100.00, 0.00, 2.25, 0, 0 
6, 75138, 701074638, 0.00, 100.00, 0.00, 2.25, 0, 0 
7, 75138, 701152372, 0.00, 100.00, 0.00, 2.25, 0, 0 
8, 75138, 701234185, 0.00, 100.00, 0.00, 2.25, 0, 0 
9, 75138, 701313275, 0.00, 100.00, 0.00, 2.25, 0, 0 
0, 75138, 701406283, 0.00, 100.00, 0.00, 2.25, 0, 0 
1, 75138, 701496263, 0.00, 100.00, 0.00, 2.25, 0, 0 
2, 75138, 701579786, 0.00, 100.00, 0.00, 2.25, 0, 0 
3, 75138, 701665342, 0.00, 100.00, 0.00, 2.25, 0, 0 
4, 75138, 701754446, 0.00, 100.00, 0.00, 2.25, 0, 0 
5, 75138, 701817890, 0.00, 100.00, 0.00, 2.25, 0, 0 
6, 75138, 701879314, 0.00, 100.00, 0.00, 2.25, 0, 0 
7, 75138, 701939596, 0.00, 100.00, 0.00, 2.25, 0, 0 
8, 75138, 702013840, 0.00, 100.00, 0.00, 2.25, 0, 0 
9, 75138, 702093325, 0.00, 100.00, 0.00, 2.25, 0, 0 
0, 75138, 702184115, 0.00, 100.00, 0.00, 2.25, 0, 0 
1, 75138, 702273633, 0.00, 100.00, 0.00, 2.25, 0, 0 
2, 75138, 702357272, 0.00, 100.00, 0.00, 2.25, 0, 0 
3, 75138, 702463811, 0.00, 100.00, 0.00, 2.25, 0, 0 
4, 75138, 702554290, 0.00, 100.00, 0.00, 2.25, 0, 0 
5, 75138, 702632575, 0.00, 100.00, 0.00, 2.25, 0, 0 
6, 75138, 702713306, 0.00, 100.00, 0.00, 2.25, 0, 0 
7, 75138, 702790220, 0.00, 100.00, 0.00, 2.25, 0, 0 
8, 75138, 702872116, 0.00, 100.00, 0.00, 2.25, 0, 0 
9, 75138, 702951241, 0.00, 100.00, 0.00, 2.25, 0, 0 
0, 75138, 703048331, 0.00, 100.00, 0.00, 2.25, 0, 0 
1, 75138, 703138053, 0.00, 100.00, 0.00, 2.25, 0, 0 
2, 75138, 703219738, 0.00, 100.00, 0.00, 2.25, 0, 0 
3, 75138, 703322980, 0.00, 100.00, 0.00, 2.25, 0, 0 
4, 75138, 703408174, 0.00, 100.00, 0.00, 2.25, 0, 0 
5, 75138, 703487932, 0.00, 100.00, 0.00, 2.25, 0, 0 
6, 75138, 703567431, 0.00, 100.00, 0.00, 2.25, 0, 0 
7, 75138, 703643205, 0.00, 100.00, 0.00, 2.25, 0, 0 
8, 75138, 703719527, 0.00, 100.00, 0.00, 2.25, 0, 0 
9, 75138, 703796845, 0.00, 100.00, 0.00, 2.25, 0, 0 
0, 75138, 703893642, 0.00, 100.00, 0.00, 2.25, 0, 0 
1, 75138, 703992755, 0.00, 100.00, 0.00, 2.25, 0, 0 
2, 75138, 704073314, 0.00, 100.00, 0.00, 2.25, 0, 0 
3, 75138, 704137874, 0.00, 100.00, 0.00, 2.25, 0, 0 
4, 75138, 704208903, 0.00, 100.00, 0.00, 2.25, 0, 0 
5, 75138, 704263799, 0.00, 100.00, 0.00, 2.25, 0, 0 
6, 75138, 704319632, 0.00, 100.00, 0.00, 2.25, 0, 0 
7, 75138, 704373966, 0.00, 100.00, 0.00, 2.25, 0, 0 
8, 75138, 704434544, 0.00, 100.00, 0.00, 2.25, 0, 0 
9, 75138, 704501518, 0.00, 100.00, 0.00, 2.25, 0, 0 
0, 75138, 704563709, 0.00, 100.00, 0.00, 2.25, 0, 0 
1, 75138, 704627395, 0.00, 100.00, 0.00, 2.25, 0, 0 
2, 75138, 704688684, 0.00, 100.00, 0.00, 2.25, 0, 0 
3, 75138, 704767666, 0.00, 100.00, 0.00, 2.25, 0, 0 
4, 75138, 704836882, 0.00, 100.00, 0.00, 2.25, 0, 0 
5, 75138, 704895086, 0.00, 100.00, 0.00, 2.25, 0, 0 
6, 75138, 704951814, 0.00, 100.00, 0.00, 2.25, 0, 0 
7, 75138, 704999262, 0.00, 100.00, 0.00, 2.25, 0, 0 
8, 75138, 705054637, 0.00, 100.00, 0.00, 2.25, 0, 0 
9, 75138, 705112243, 0.00, 100.00, 0.00, 2.25, 0, 0 
0, 75138, 705175003, 0.00, 100.00, 0.00, 2.25, 0, 0 
1, 75138, 705241919, 0.00, 100.00, 0.00, 2.25, 0, 0 
2, 75138, 705302653, 0.00, 100.00, 0.00, 2.25, 0, 0 
3, 75138, 705377247, 0.00, 100.00, 0.00, 2.25, 0, 0 
4, 75138, 705448940, 0.00, 100.00, 0.00, 2.25, 0, 0 
5, 75138, 705508444, 0.00, 100.00, 0.00, 2.25, 0, 0 
6, 75138, 705565942, 0.00, 100.00, 0.00, 2.25, 0, 0 
7, 75138, 705627624, 0.00, 100.00, 0.00, 2.25, 0, 0 
8, 75138, 705686256, 0.00, 100.00, 0.00, 2.25, 0, 0 
9, 75138, 705743679, 0.00, 100.00, 0.00, 2.25, 0, 0 
0, 75138, 705811057, 0.00, 100.00, 0.00, 2.25, 0, 0 
1, 75138, 705880443, 0.00, 100.00, 0.00, 2.25, 0, 0 
2, 75138, 705942245, 0.00, 100.00, 0.00, 2.25, 0, 0 
3, 75138, 706017548, 0.00, 100.00, 0.00, 2.25, 0, 0 
4, 75138, 706089304, 0.00, 100.00, 0.00, 2.25, 0, 0 
5, 75138, 706148184, 0.00, 100.00, 0.00, 2.25, 0, 0 
6, 75138, 706204154, 0.00, 100.00, 0.00, 2.25, 0, 0 
7, 75138, 706259345, 0.00, 100.00, 0.00, 2.25, 0, 0 
8, 75138, 706312787, 0.00, 100.00, 0.00, 2.25, 0, 0 
9, 75138, 706370157, 0.00, 100.00, 0.00, 2.25, 0, 0 
0, 75138, 706436151, 0.00, 100.00, 0.00, 2.25, 0, 0 
1, 75138, 706501836, 0.00, 100.00, 0.00, 2.25, 0, 0 
2, 75138, 706562364, 0.00, 100.00, 0.00, 2.25, 0, 0 
3, 75138, 706637747, 0.00, 100.00, 0.00, 2.25, 0, 0 
4, 75138, 706706632, 0.00, 100.00, 0.00, 2.25, 0, 0 
5, 75138, 706759840, 0.00, 100.00, 0.00, 2.25, 0, 0 
6, 75138, 706815982, 0.00, 100.00, 0.00, 2.25, 0, 0 
7, 75138, 706876548, 0.00, 100.00, 0.00, 2.25, 0, 0 
8, 75138, 706930236, 0.00, 100.00, 0.00, 2.25, 0, 0 
9, 75138, 706984591, 0.00, 100.00, 0.00, 2.25, 0, 0 
0, 75138, 707050497, 0.00, 100.00, 0.00, 2.25, 0, 0 
1, 75138, 707118908, 0.00, 100.00, 0.00, 2.25, 0, 0 
2, 75138, 707178686, 0.00, 100.00, 0.00, 2.25, 0, 0 
3, 75138, 707255765, 0.00, 100.00, 0.00, 2.25, 0, 0 
4, 75138, 707322992, 0.00, 100.00, 0.00, 2.25, 0, 0 
5, 75138, 707380354, 0.00, 100.00, 0.00, 2.25, 0, 0 
6, 75138, 707434872, 0.00, 100.00, 0.00, 2.25, 0, 0 
7, 75138, 707488367, 0.00, 100.00, 0.00, 2.25, 0, 0 
8, 75138, 707545052, 0.00, 100.00, 0.00, 2.25, 0, 0 
9, 75138, 707593600, 0.00, 100.00, 0.00, 2.25, 0, 0 
0, 75138, 707661828, 0.00, 100.00, 0.00, 2.25, 0, 0 
1, 75138, 707729451, 0.00, 100.00, 0.00, 2.25, 0, 0 
2, 75138, 707789404, 0.00, 100.00, 0.00, 2.25, 0, 0 
3, 75138, 707867528, 0.00, 100.00, 0.00, 2.25, 0, 0 
4, 75138, 707938106, 0.00, 100.00, 0.00, 2.25, 0, 0 
5, 75138, 707995786, 0.00, 100.00, 0.00, 2.25, 0, 0 
6, 75138, 708059635, 0.00, 100.00, 0.00, 2.25, 0, 0 
7, 75138, 708105823, 0.00, 100.00, 0.00, 2.25, 0, 0 
8, 75138, 708141535, 0.00, 100.00, 0.00, 2.25, 0, 0 
9, 75138, 708180459, 0.00, 100.00, 0.00, 2.25, 0, 0 
0, 75138, 708222725, 0.00, 100.00, 0.00, 2.25, 0, 0 
1, 75138, 708265005, 0.00, 100.00, 0.00, 2.25, 0, 0 
2, 75138, 708305695, 0.00, 100.00, 0.00, 2.25, 0, 0 
3, 75138, 708383917, 0.00, 100.00, 0.00, 2.25, 0, 0 
4, 75138, 708451039, 0.00, 100.00, 0.00, 2.25, 0, 0 
5, 75138, 708508047, 0.00, 100.00, 0.00, 2.25, 0, 0 
6, 75138, 708564929, 0.00, 100.00, 0.00, 2.25, 0, 0 
7, 75138, 708622547, 0.00, 100.00, 0.00, 2.25, 0, 0 
8, 75138, 708683642, 0.00, 100.00, 0.00, 2.25, 0, 0 
9, 75138, 708742030, 0.00, 100.00, 0.00, 2.25, 0, 0 
0, 75138, 708809414, 0.00, 100.00, 0.00, 2.25, 0, 0 
1, 75138, 708878691, 0.00, 100.00, 0.00, 2.25, 0, 0 
2, 75138, 708939391, 0.00, 100.00, 0.00, 2.25, 0, 0 
3, 75138, 709017501, 0.00, 100.00, 0.00, 2.25, 0, 0 
4, 75138, 709084024, 0.00, 100.00, 0.00, 2.25, 0, 0 
5, 75138, 709140304, 0.00, 100.00, 0.00, 2.25, 0, 0 
6, 75138, 709196252, 0.00, 100.00, 0.00, 2.25, 0, 0 
7, 75138, 709253207, 0.00, 100.00, 0.00, 2.25, 0, 0 
8, 75138, 709310710, 0.00, 100.00, 0.00, 2.25, 0, 0 
9, 75138, 709366992, 0.00, 100.00, 0.00, 2.25, 0, 0 
0, 75138, 709432134, 0.00, 100.00, 0.00, 2.25, 0, 0 
1, 75138, 709498708, 0.00, 100.00, 0.00, 2.25, 0, 0 
2, 75138, 709560883, 0.00, 100.00, 0.00, 2.25, 0, 0 
3, 75138, 709628924, 0.00, 100.00, 0.00, 2.25, 0, 0 
4, 75138, 709683297, 0.00, 100.00, 0.00, 2.25, 0, 0 
5, 75138, 709733860, 0.00, 100.00, 0.00, 2.25, 0, 0 
6, 75138, 709793227, 0.00, 100.00, 0.00, 2.25, 0, 0 
7, 75138, 709846312, 0.00, 100.00, 0.00, 2.25, 0, 0 
8, 75138, 709902249, 0.00, 100.00, 0.00, 2.25, 0, 0 
9, 75138, 709959369, 0.00, 100.00, 0.00, 2.25, 0, 0 
0, 75138, 710036225, 0.00, 100.00, 0.00, 2.25, 0, 0 
1, 75138, 710100148, 0.00, 100.00, 0.00, 2.25, 0, 0 
2, 75138, 710159248, 0.00, 100.00, 0.00, 2.25, 0, 0 
3, 75138, 710227929, 0.00, 100.00, 0.00, 2.25, 0, 0 
4, 75138, 710299513, 0.00, 100.00, 0.00, 2.25, 0, 0 
5, 75138, 710351597, 0.00, 100.00, 0.00, 2.25, 0, 0 
6, 75138, 710407852, 0.00, 100.00, 0.00, 2.25, 0, 0 
7, 75138, 710451782, 0.00, 100.00, 0.00, 2.25, 0, 0 
8, 75138, 710503058, 0.00, 100.00, 0.00, 2.25, 0, 0 
9, 75138, 710554799, 0.00, 100.00, 0.00, 2.25, 0, 0 
0, 75138, 710612757, 0.00, 100.00, 0.00, 2.25, 0, 0 
1, 75138, 710672770, 0.00, 100.00, 0.00, 2.25, 0, 0 
2, 75138, 710729254, 0.00, 100.00, 0.00, 2.25, 0, 0 
3, 75138, 710793224, 0.00, 100.00, 0.00, 2.25, 0, 0 
4, 75138, 710860202, 0.00, 100.00, 0.00, 2.25, 0, 0 
5, 75138, 710904087, 0.00, 100.00, 0.00, 2.25, 0, 0 
6, 75138, 710953188, 0.00, 100.00, 0.00, 2.25, 0, 0 
7, 75138, 711006665, 0.00, 100.00, 0.00, 2.25, 0, 0 
8, 75138, 711065355, 0.00, 100.00, 0.00, 2.25, 0, 0 
9, 75138, 711117500, 0.00, 100.00, 0.00, 2.25, 0, 0 
0, 75138, 711184977, 0.00, 100.00, 0.00, 2.25, 0, 0 
1, 75138, 711246785, 0.00, 100.00, 0.00, 2.25, 0, 0 
2, 75138, 711304454, 0.00, 100.00, 0.00, 2.25, 0, 0 
3, 75138, 711377727, 0.00, 100.00, 0.00, 2.25, 0, 0 
4, 75138, 711446578, 0.00, 100.00, 0.00, 2.25, 0, 0 
5, 75138, 711499978, 0.00, 100.00, 0.00, 2.25, 0, 0 
6, 75138, 711554638, 0.00, 100.00, 0.00, 2.25, 0, 0 
7, 75138, 711608897, 0.00, 100.00, 0.00, 2.25, 0, 0 
8, 75138, 711660053, 0.00, 100.00, 0.00, 2.25, 0, 0 
9, 75138, 711713924, 0.00, 100.00, 0.00, 2.25, 0, 0 
0, 75138, 711780337, 0.00, 100.00, 0.00, 2.25, 0, 0 
1, 75138, 711846081, 0.00, 100.00, 0.00, 2.25, 0, 0 
2, 75138, 711906232, 0.00, 100.00, 0.00, 2.25, 0, 0 
3, 75138, 711979553, 0.00, 100.00, 0.00, 2.25, 0, 0 
4, 75138, 712056376, 0.00, 100.00, 0.00, 2.25, 0, 0 
5, 75138, 712097686, 0.00, 100.00, 0.00, 2.25, 0, 0 
6, 75138, 712131254, 0.00, 100.00, 0.00, 2.25, 0, 0 
7, 75138, 712168568, 0.00, 100.00, 0.00, 2.25, 0, 0 
8, 75138, 712202456, 0.00, 100.00, 0.00, 2.25, 0, 0 
9, 75138, 712236287, 0.00, 100.00, 0.00, 2.25, 0, 0 
0, 75138, 712276022, 0.00, 100.00, 0.00, 2.25, 0, 0 
1, 75138, 712316115, 0.00, 100.00, 0.00, 2.25, 0, 0 
2, 75138, 712354663, 0.00, 100.00, 0.00, 2.25, 0, 0 
3, 75138, 712430495, 0.00, 100.00, 0.00, 2.25, 0, 0 
4, 75138, 712495211, 0.00, 100.00, 0.00, 2.25, 0, 0 
5, 75138, 712533867, 0.00, 100.00, 0.00, 2.25, 0, 0 
6, 75138, 712567377, 0.00, 100.00, 0.00, 2.25, 0, 0 
7, 75138, 712600915, 0.00, 100.00, 0.00, 2.25, 0, 0 
8, 75138, 712634547, 0.00, 100.00, 0.00, 2.25, 0, 0 
9, 75138, 712670588, 0.00, 100.00, 0.00, 2.25, 0, 0 
0, 75138, 712710363, 0.00, 100.00, 0.00, 2.25, 0, 0 
1, 75138, 712750174, 0.00, 100.00, 0.00, 2.25, 0, 0 
2, 75138, 712788650, 0.00, 100.00, 0.00, 2.25, 0, 0 
3, 75138, 712862087, 0.00, 100.00, 0.00, 2.25, 0, 0 
4, 75138, 712928352, 0.00, 100.00, 0.00, 2.25, 0, 0 
5, 75138, 712979996, 0.00, 100.00, 0.00, 2.25, 0, 0 
6, 75138, 713031290, 0.00, 100.00, 0.00, 2.25, 0, 0 
7, 75138, 713080612, 0.00, 100.00, 0.00, 2.25, 0, 0 
8, 75138, 713134320, 0.00, 100.00, 0.00, 2.25, 0, 0 
9, 75138, 713187502, 0.00, 100.00, 0.00, 2.25, 0, 0 
0, 75138, 713250108, 0.00, 100.00, 0.00, 2.25, 0, 0 
1, 75138, 713313362, 0.00, 100.00, 0.00, 2.25, 0, 0 
2, 75138, 713371512, 0.00, 100.00, 0.00, 2.25, 0, 0 
3, 75138, 713445665, 0.00, 100.00, 0.00, 2.25, 0, 0 
4, 75138, 713509516, 0.00, 100.00, 0.00, 2.25, 0, 0 
5, 75138, 713562582, 0.00, 100.00, 0.00, 2.25, 0, 0 
6, 75138, 713615483, 0.00, 100.00, 0.00, 2.25, 0, 0 
7, 75138, 713668904, 0.00, 100.00, 0.00, 2.25, 0, 0 
8, 75138, 713722099, 0.00, 100.00, 0.00, 2.25, 0, 0 
9, 75138, 713775587, 0.00, 100.00, 0.00, 2.25, 0, 0 
0, 75138, 713838509, 0.00, 100.00, 0.00, 2.25, 0, 0 
1, 75138, 713901968, 0.00, 100.00, 0.00, 2.25, 0, 0 
2, 75138, 713959595, 0.00, 100.00, 0.00, 2.25, 0, 0 
3, 75138, 714032695, 0.00, 100.00, 0.00, 2.25, 0, 0 
4, 75138, 714097121, 0.00, 100.00, 0.00, 2.25, 0, 0 
5, 75138, 714150532, 0.00, 100.00, 0.00, 2.25, 0, 0 
6, 75138, 714204311, 0.00, 100.00, 0.00, 2.25, 0, 0 
7, 75138, 714257551, 0.00, 100.00, 0.00, 2.25, 0, 0 
8, 75138, 714310860, 0.00, 100.00, 0.00, 2.25, 0, 0 
9, 75138, 714364550, 0.00, 100.00, 0.00, 2.25, 0, 0 
0, 75138, 714430145, 0.00, 100.00, 0.00, 2.25, 0, 0 
1, 75138, 714494005, 0.00, 100.00, 0.00, 2.25, 0, 0 
2, 75138, 714552383, 0.00, 100.00, 0.00, 2.25, 0, 0 
3, 75138, 714626969, 0.00, 100.00, 0.00, 2.25, 0, 0 
4, 75138, 714691422, 0.00, 100.00, 0.00, 2.25, 0, 0 
5, 75138, 714744327, 0.00, 100.00, 0.00, 2.25, 0, 0 
6, 75138, 714797415, 0.00, 100.00, 0.00, 2.25, 0, 0 
7, 75138, 714850837, 0.00, 100.00, 0.00, 2.25, 0, 0 
8, 75138, 714906638, 0.00, 100.00, 0.00, 2.25, 0, 0 
9, 75138, 714955615, 0.00, 100.00, 0.00, 2.25, 0, 0 
0, 75138, 714999963, 0.00, 100.00, 0.00, 2.25, 0, 0 
1, 75138, 715040031, 0.00, 100.00, 0.00, 2.25, 0, 0 
2, 75138, 715080834, 0.00, 100.00, 0.00, 2.25, 0, 0 
3, 75138, 715155180, 0.00, 100.00, 0.00, 2.25, 0, 0 
4, 75138, 715214719, 0.00, 100.00, 0.00, 2.25, 0, 0 
5, 75138, 715265877, 0.00, 100.00, 0.00, 2.25, 0, 0 
6, 75138, 715316787, 0.00, 100.00, 0.00, 2.25, 0, 0 
7, 75138, 715367856, 0.00, 100.00, 0.00, 2.25, 0, 0 
8, 75138, 715418291, 0.00, 100.00, 0.00, 2.25, 0, 0 
9, 75138, 715468425, 0.00, 100.00, 0.00, 2.25, 0, 0 
0, 75138, 715527580, 0.00, 100.00, 0.00, 2.25, 0, 0 
1, 75138, 715587179, 0.00, 100.00, 0.00, 2.25, 0, 0 
2, 75138, 715642809, 0.00, 100.00, 0.00, 2.25, 0, 0 
3, 75138, 715713544, 0.00, 100.00, 0.00, 2.25, 0, 0 
4, 75138, 715774178, 0.00, 100.00, 0.00, 2.25, 0, 0 
5, 75138, 715824347, 0.00, 100.00, 0.00, 2.25, 0, 0 
6, 75138, 715874190, 0.00, 100.00, 0.00, 2.25, 0, 0 
7, 75138, 715924459, 0.00, 100.00, 0.00, 2.25, 0, 0 
8, 75138, 715974294, 0.00, 100.00, 0.00, 2.25, 0, 0 
9, 75138, 716037122, 0.00, 100.00, 0.00, 2.25, 0, 0 
0, 75138, 716093617, 0.00, 100.00, 0.00, 2.25, 0, 0 
1, 75138, 716133581, 0.00, 100.00, 0.00, 2.25, 0, 0 
2, 75138, 716173541, 0.00, 100.00, 0.00, 2.25, 0, 0 
3, 75138, 716248633, 0.00, 100.00, 0.00, 2.25, 0, 0 
4, 75138, 716313587, 0.00, 100.00, 0.00, 2.25, 0, 0 
5, 75138, 716366775, 0.00, 100.00, 0.00, 2.25, 0, 0 
6, 75138, 716419520, 0.00, 100.00, 0.00, 2.25, 0, 0 
7, 75138, 716472173, 0.00, 100.00, 0.00, 2.25, 0, 0 
8, 75138, 716525298, 0.00, 100.00, 0.00, 2.25, 0, 0 
9, 75138, 716578152, 0.00, 100.00, 0.00, 2.25, 0, 0 
0, 75138, 716640435, 0.00, 100.00, 0.00, 2.25, 0, 0 
1, 75138, 716703801, 0.00, 100.00, 0.00, 2.25, 0, 0 
2, 75138, 716760809, 0.00, 100.00, 0.00, 2.25, 0, 0 
3, 75138, 716835633, 0.00, 100.00, 0.00, 2.25, 0, 0 
4, 75138, 716900777, 0.00, 100.00, 0.00, 2.25, 0, 0 
5, 75138, 716953979, 0.00, 100.00, 0.00, 2.25, 0, 0 
6, 75138, 717006744, 0.00, 100.00, 0.00, 2.25, 0, 0 
7, 75138, 717059891, 0.00, 100.00, 0.00, 2.25, 0, 0 
8, 75138, 717112465, 0.00, 100.00, 0.00, 2.25, 0, 0 
9, 75138, 717165063, 0.00, 100.00, 0.00, 2.25, 0, 0 
0, 75138, 717227181, 0.00, 100.00, 0.00, 2.25, 0, 0 
1, 75138, 717290632, 0.00, 100.00, 0.00, 2.25, 0, 0 
2, 75138, 717348245, 0.00, 100.00, 0.00, 2.25, 0, 0 
3, 75138, 717429110, 0.00, 100.00, 0.00, 2.25, 0, 0 
4, 75138, 717482491, 0.00, 100.00, 0.00, 2.25, 0, 0 
5, 75138, 717522595, 0.00, 100.00, 0.00, 2.25, 0, 0 
6, 75138, 717578774, 0.00, 100.00, 0.00, 2.25, 0, 0 
7, 75138, 717648666, 0.00, 100.00, 0.00, 2.25, 0, 0 
8, 75138, 717722723, 0.00, 100.00, 0.00, 2.25, 0, 0 
9, 75138, 717853915, 0.00, 100.00, 0.00, 2.25, 0, 0 
0, 75138, 717986029, 0.00, 100.00, 0.00, 2.25, 0, 0 
1, 75138, 718134364, 0.00, 100.00, 0.00, 2.25, 0, 0 
2, 75138, 718220852, 0.00, 100.00, 0.00, 2.25, 0, 0 
3, 75138, 718304053, 0.00, 100.00, 0.00, 2.25, 0, 0 
4, 75138, 718372541, 0.00, 100.00, 0.00, 2.25, 0, 0 
5, 75138, 718408131, 0.00, 100.00, 0.00, 2.25, 0, 0 
6, 75138, 718442109, 0.00, 100.00, 0.00, 2.25, 0, 0 
7, 75138, 718475996, 0.00, 100.00, 0.00, 2.25, 0, 0 
8, 75138, 718510049, 0.00, 100.00, 0.00, 2.25, 0, 0 
9, 75138, 718551151, 0.00, 100.00, 0.00, 2.25, 0, 0 
0, 75138, 718591448, 0.00, 100.00, 0.00, 2.25, 0, 0 
1, 75138, 718632327, 0.00, 100.00, 0.00, 2.25, 0, 0 
2, 75138, 718678705, 0.00, 100.00, 0.00, 2.25, 0, 0 
3, 75138, 718737408, 0.00, 100.00, 0.00, 2.25, 0, 0 
4, 75138, 718805090, 0.00, 100.00, 0.00, 2.25, 0, 0 
5, 75138, 718858218, 0.00, 100.00, 0.00, 2.25, 0, 0 
6, 75138, 718911177, 0.00, 100.00, 0.00, 2.25, 0, 0 
7, 75138, 718964442, 0.00, 100.00, 0.00, 2.25, 0, 0 
8, 75138, 719017670, 0.00, 100.00, 0.00, 2.25, 0, 0 
9, 75138, 719070946, 0.00, 100.00, 0.00, 2.25, 0, 0 
0, 75138, 719133458, 0.00, 100.00, 0.00, 2.25, 0, 0 
1, 75138, 719196252, 0.00, 100.00, 0.00, 2.25, 0, 0 
2, 75138, 719273634, 0.00, 100.00, 0.00, 2.25, 0, 0 
3, 75138, 719358295, 0.00, 100.00, 0.00, 2.25, 0, 0 
4, 75138, 719433647, 0.00, 100.00, 0.00, 2.25, 0, 0 
5, 75138, 719498774, 0.00, 100.00, 0.00, 2.25, 0, 0 
6, 75138, 719567457, 0.00, 100.00, 0.00, 2.25, 0, 0 
7, 75138, 719632110, 0.00, 100.00, 0.00, 2.25, 0, 0 
8, 75138, 719698655, 0.00, 100.00, 0.00, 2.25, 0, 0 
9, 75138, 719768648, 0.00, 100.00, 0.00, 2.25, 0, 0 
0, 75138, 719848335, 0.00, 100.00, 0.00, 2.25, 0, 0 
1, 75138, 719926300, 0.00, 100.00, 0.00, 2.25, 0, 0 
2, 75138, 719997565, 0.00, 100.00, 0.00, 2.25, 0, 0 
3, 75138, 720103728, 0.00, 100.00, 0.00, 2.25, 0, 0 
4, 75138, 720171865, 0.00, 100.00, 0.00, 2.25, 0, 0 
5, 75138, 720219117, 0.00, 100.00, 0.00, 2.25, 0, 0 
6, 75138, 720273259, 0.00, 100.00, 0.00, 2.25, 0, 0 
7, 75138, 720327534, 0.00, 100.00, 0.00, 2.25, 0, 0 
8, 75138, 720381219, 0.00, 100.00, 0.00, 2.25, 0, 0 
9, 75138, 720435940, 0.00, 100.00, 0.00, 2.25, 0, 0 
0, 75138, 720499944, 0.00, 100.00, 0.00, 2.25, 0, 0 
1, 75138, 720563299, 0.00, 100.00, 0.00, 2.25, 0, 0 
2, 75138, 720616503, 0.00, 100.00, 0.00, 2.25, 0, 0 
3, 75138, 720685984, 0.00, 100.00, 0.00, 2.25, 0, 0 
4, 75138, 720751638, 0.00, 100.00, 0.00, 2.25, 0, 0 
5, 75138, 720804132, 0.00, 100.00, 0.00, 2.25, 0, 0 
6, 75138, 720857337, 0.00, 100.00, 0.00, 2.25, 0, 0 
7, 75138, 720909369, 0.00, 100.00, 0.00, 2.25, 0, 0 
8, 75138, 720956907, 0.00, 100.00, 0.00, 2.25, 0, 0 
9, 75138, 720999092, 0.00, 100.00, 0.00, 2.25, 0, 0 
0, 75138, 721058029, 0.00, 100.00, 0.00, 2.25, 0, 0 
1, 75138, 721115071, 0.00, 100.00, 0.00, 2.25, 0, 0 
2, 75138, 721173210, 0.00, 100.00, 0.00, 2.25, 0, 0 
3, 75138, 721247292, 0.00, 100.00, 0.00, 2.25, 0, 0 
4, 75138, 721312362, 0.00, 100.00, 0.00, 2.25, 0, 0 
5, 75138, 721359365, 0.00, 100.00, 0.00, 2.25, 0, 0 
6, 75138, 721411337, 0.00, 100.00, 0.00, 2.25, 0, 0 
7, 75138, 721464907, 0.00, 100.00, 0.00, 2.25, 0, 0 
8, 75138, 721512728, 0.00, 100.00, 0.00, 2.25, 0, 0 
9, 75138, 721553704, 0.00, 100.00, 0.00, 2.25, 0, 0 
0, 75138, 721601659, 0.00, 100.00, 0.00, 2.25, 0, 0 
1, 75138, 721666172, 0.00, 100.00, 0.00, 2.25, 0, 0 
2, 75138, 721719795, 0.00, 100.00, 0.00, 2.25, 0, 0 
3, 75138, 721788846, 0.00, 100.00, 0.00, 2.25, 0, 0 
4, 75138, 721853581, 0.00, 100.00, 0.00, 2.25, 0, 0 
5, 75138, 721905408, 0.00, 100.00, 0.00, 2.25, 0, 0 
6, 75138, 721958527, 0.00, 100.00, 0.00, 2.25, 0, 0 
7, 75138, 722010032, 0.00, 100.00, 0.00, 2.25, 0, 0 
8, 75138, 722062190, 0.00, 100.00, 0.00, 2.25, 0, 0 
9, 75138, 722113158, 0.00, 100.00, 0.00, 2.25, 0, 0 
0, 75138, 722174416, 0.00, 100.00, 0.00, 2.25, 0, 0 
1, 75138, 722240321, 0.00, 100.00, 0.00, 2.25, 0, 0 
2, 75138, 722297286, 0.00, 100.00, 0.00, 2.25, 0, 0 
3, 75138, 722369889, 0.00, 100.00, 0.00, 2.25, 0, 0 
4, 75138, 722435069, 0.00, 100.00, 0.00, 2.25, 0, 0 
5, 75138, 722488204, 0.00, 100.00, 0.00, 2.25, 0, 0 
6, 75138, 722540373, 0.00, 100.00, 0.00, 2.25, 0, 0 
7, 75138, 722594151, 0.00, 100.00, 0.00, 2.25, 0, 0 
8, 75138, 722645812, 0.00, 100.00, 0.00, 2.25, 0, 0 
9, 75138, 722691837, 0.00, 100.00, 0.00, 2.25, 0, 0 
0, 75138, 722746877, 0.00, 100.00, 0.00, 2.25, 0, 0 
1, 75138, 722810100, 0.00, 100.00, 0.00, 2.25, 0, 0 
2, 75138, 722867308, 0.00, 100.00, 0.00, 2.25, 0, 0 
3, 75138, 722940377, 0.00, 100.00, 0.00, 2.25, 0, 0 
4, 75138, 723006601, 0.00, 100.00, 0.00, 2.25, 0, 0 
5, 75138, 723058499, 0.00, 100.00, 0.00, 2.25, 0, 0 
6, 75138, 723104934, 0.00, 100.00, 0.00, 2.25, 0, 0 
7, 75138, 723153127, 0.00, 100.00, 0.00, 2.25, 0, 0 
8, 75138, 723199960, 0.00, 100.00, 0.00, 2.25, 0, 0 
9, 75138, 723252575, 0.00, 100.00, 0.00, 2.25, 0, 0 
0, 75138, 723314916, 0.00, 100.00, 0.00, 2.25, 0, 0 
1, 75138, 723379867, 0.00, 100.00, 0.00, 2.25, 0, 0 
2, 75138, 723434370, 0.00, 100.00, 0.00, 2.25, 0, 0 
3, 75138, 723507657, 0.00, 100.00, 0.00, 2.25, 0, 0 
4, 75138, 723577475, 0.00, 100.00, 0.00, 2.25, 0, 0 
5, 75138, 723632035, 0.00, 100.00, 0.00, 2.25, 0, 0 
6, 75138, 723683431, 0.00, 100.00, 0.00, 2.25, 0, 0 
7, 75138, 723730637, 0.00, 100.00, 0.00, 2.25, 0, 0 
8, 75138, 723785496, 0.00, 100.00, 0.00, 2.25, 0, 0 
9, 75138, 723838843, 0.00, 100.00, 0.00, 2.25, 0, 0 
0, 75138, 723902302, 0.00, 100.00, 0.00, 2.25, 0, 0 
1, 75138, 723968030, 0.00, 100.00, 0.00, 2.25, 0, 0 
2, 75138, 724038080, 0.00, 100.00, 0.00, 2.25, 0, 0 
3, 75138, 724109317, 0.00, 100.00, 0.00, 2.25, 0, 0 
4, 75138, 724172793, 0.00, 100.00, 0.00, 2.25, 0, 0 
5, 75138, 724229763, 0.00, 100.00, 0.00, 2.25, 0, 0 
6, 75138, 724286771, 0.00, 100.00, 0.00, 2.25, 0, 0 
7, 75138, 724343968, 0.00, 100.00, 0.00, 2.25, 0, 0 
8, 75138, 724401015, 0.00, 100.00, 0.00, 2.25, 0, 0 
9, 75138, 724458252, 0.00, 100.00, 0.00, 2.25, 0, 0 
0, 75138, 724526071, 0.00, 100.00, 0.00, 2.25, 0, 0 
1, 75138, 724594604, 0.00, 100.00, 0.00, 2.25, 0, 0 
2, 75138, 724657300, 0.00, 100.00, 0.00, 2.25, 0, 0 
3, 75138, 724728679, 0.00, 100.00, 0.00, 2.25, 0, 0 
4, 75138, 724805802, 0.00, 100.00, 0.00, 2.25, 0, 0 
5, 75138, 724871558, 0.00, 100.00, 0.00, 2.25, 0, 0 
6, 75138, 724938224, 0.00, 100.00, 0.00, 2.25, 0, 0 
7, 75138, 725004562, 0.00, 100.00, 0.00, 2.25, 0, 0 
8, 75138, 725069530, 0.00, 100.00, 0.00, 2.25, 0, 0 
9, 75138, 725135755, 0.00, 100.00, 0.00, 2.25, 0, 0 
0, 75138, 725214268, 0.00, 100.00, 0.00, 2.25, 0, 0 
1, 75138, 725293063, 0.00, 100.00, 0.00, 2.25, 0, 0 
2, 75138, 725363841, 0.00, 100.00, 0.00, 2.25, 0, 0 
3, 75138, 725450303, 0.00, 100.00, 0.00, 2.25, 0, 0 
4, 75138, 725525497, 0.00, 100.00, 0.00, 2.25, 0, 0 
5, 75138, 725590755, 0.00, 100.00, 0.00, 2.25, 0, 0 
6, 75138, 725655495, 0.00, 100.00, 0.00, 2.25, 0, 0 
7, 75138, 725719745, 0.00, 100.00, 0.00, 2.25, 0, 0 
8, 75138, 725784444, 0.00, 100.00, 0.00, 2.25, 0, 0 
9, 75138, 725849049, 0.00, 100.00, 0.00, 2.25, 0, 0 
0, 75138, 725926889, 0.00, 100.00, 0.00, 2.25, 0, 0 
1, 75138, 726003203, 0.00, 100.00, 0.00, 2.25, 0, 0 
2, 75138, 726072761, 0.00, 100.00, 0.00, 2.25, 0, 0 
3, 75138, 726159841, 0.00, 100.00, 0.00, 2.25, 0, 0 
4, 75138, 726236207, 0.00, 100.00, 0.00, 2.25, 0, 0 
5, 75138, 726302958, 0.00, 100.00, 0.00, 2.25, 0, 0 
6, 75138, 726367625, 0.00, 100.00, 0.00, 2.25, 0, 0 
7, 75138, 726434107, 0.00, 100.00, 0.00, 2.25, 0, 0 
8, 75138, 726498993, 0.00, 100.00, 0.00, 2.25, 0, 0 
9, 75138, 726566116, 0.00, 100.00, 0.00, 2.25, 0, 0 
0, 75138, 726645449, 0.00, 100.00, 0.00, 2.25, 0, 0 
1, 75138, 726726432, 0.00, 100.00, 0.00, 2.25, 0, 0 
2, 75138, 726796291, 0.00, 100.00, 0.00, 2.25, 0, 0 
3, 75138, 726885949, 0.00, 100.00, 0.00, 2.25, 0, 0 
4, 75138, 726961447, 0.00, 100.00, 0.00, 2.25, 0, 0 
5, 75138, 727027662, 0.00, 100.00, 0.00, 2.25, 0, 0 
6, 75138, 727097024, 0.00, 100.00, 0.00, 2.25, 0, 0 
7, 75138, 727161789, 0.00, 100.00, 0.00, 2.25, 0, 0 
8, 75138, 727226887, 0.00, 100.00, 0.00, 2.25, 0, 0 
9, 75138, 727292253, 0.00, 100.00, 0.00, 2.25, 0, 0 
0, 75138, 727370154, 0.00, 100.00, 0.00, 2.25, 0, 0 
1, 75138, 727446807, 0.00, 100.00, 0.00, 2.25, 0, 0 
2, 75138, 727516582, 0.00, 100.00, 0.00, 2.25, 0, 0 
3, 75138, 727605237, 0.00, 100.00, 0.00, 2.25, 0, 0 
4, 75138, 727681967, 0.00, 100.00, 0.00, 2.25, 0, 0 
5, 75138, 727750327, 0.00, 100.00, 0.00, 2.25, 0, 0 
6, 75138, 727815740, 0.00, 100.00, 0.00, 2.25, 0, 0 
7, 75138, 727881946, 0.00, 100.00, 0.00, 2.25, 0, 0 
8, 75138, 727947438, 0.00, 100.00, 0.00, 2.25, 0, 0 
9, 75138, 728017621, 0.00, 100.00, 0.00, 2.25, 0, 0 
0, 75138, 728081036, 0.00, 100.00, 0.00, 2.25, 0, 0 
1, 75138, 728145146, 0.00, 100.00, 0.00, 2.25, 0, 0 
2, 75138, 728198242, 0.00, 100.00, 0.00, 2.25, 0, 0 
3, 75138, 728267423, 0.00, 100.00, 0.00, 2.25, 0, 0 
4, 75138, 728333373, 0.00, 100.00, 0.00, 2.25, 0, 0 
5, 75138, 728388662, 0.00, 100.00, 0.00, 2.25, 0, 0 
6, 75138, 728441137, 0.00, 100.00, 0.00, 2.25, 0, 0 
7, 75138, 728497999, 0.00, 100.00, 0.00, 2.25, 0, 0 
8, 75138, 728552140, 0.00, 100.00, 0.00, 2.25, 0, 0 
9, 75138, 728609874, 0.00, 100.00, 0.00, 2.25, 0, 0 
0, 75138, 728673239, 0.00, 100.00, 0.00, 2.25, 0, 0 
1, 75138, 728738734, 0.00, 100.00, 0.00, 2.25, 0, 0 
2, 75138, 728796349, 0.00, 100.00, 0.00, 2.25, 0, 0 
3, 75138, 728862814, 0.00, 100.00, 0.00, 2.25, 0, 0 
4, 75138, 728964132, 0.00, 100.00, 0.00, 2.25, 0, 0 
5, 75138, 729015319, 0.00, 100.00, 0.00, 2.25, 0, 0 
6, 75138, 729084435, 0.00, 100.00, 0.00, 2.25, 0, 0 
7, 75138, 729151853, 0.00, 100.00, 0.00, 2.25, 0, 0 
8, 75138, 729218960, 0.00, 100.00, 0.00, 2.25, 0, 0 
9, 75138, 729283687, 0.00, 100.00, 0.00, 2.25, 0, 0 
0, 75138, 729364111, 0.00, 100.00, 0.00, 2.25, 0, 0 
1, 75138, 729442255, 0.00, 100.00, 0.00, 2.25, 0, 0 
2, 75138, 729511154, 0.00, 100.00, 0.00, 2.25, 0, 0 
3, 75138, 729593350, 0.00, 100.00, 0.00, 2.25, 0, 0 
4, 75138, 729665717, 0.00, 100.00, 0.00, 2.25, 0, 0 
5, 75138, 729729367, 0.00, 100.00, 0.00, 2.25, 0, 0 
6, 75138, 729793510, 0.00, 100.00, 0.00, 2.25, 0, 0 
7, 75138, 729857298, 0.00, 100.00, 0.00, 2.25, 0, 0 
8, 75138, 729922234, 0.00, 100.00, 0.00, 2.25, 0, 0 
9, 75138, 729986890, 0.00, 100.00, 0.00, 2.25, 0, 0 
0, 75138, 730068588, 0.00, 100.00, 0.00, 2.25, 0, 0 
1, 75138, 730146366, 0.00, 100.00, 0.00, 2.25, 0, 0 
2, 75138, 730215952, 0.00, 100.00, 0.00, 2.25, 0, 0 
3, 75138, 730296663, 0.00, 100.00, 0.00, 2.25, 0, 0 
4, 75138, 730365206, 0.00, 100.00, 0.00, 2.25, 0, 0 
5, 75138, 730429218, 0.00, 100.00, 0.00, 2.25, 0, 0 
6, 75138, 730497402, 0.00, 100.00, 0.00, 2.25, 0, 0 
7, 75138, 730561186, 0.00, 100.00, 0.00, 2.25, 0, 0 
8, 75138, 730625479, 0.00, 100.00, 0.00, 2.25, 0, 0 
9, 75138, 730690214, 0.00, 100.00, 0.00, 2.25, 0, 0 
0, 75138, 730769266, 0.00, 100.00, 0.00, 2.25, 0, 0 
1, 75138, 730844201, 0.00, 100.00, 0.00, 2.25, 0, 0 
2, 75138, 730913996, 0.00, 100.00, 0.00, 2.25, 0, 0 
3, 75138, 730994884, 0.00, 100.00, 0.00, 2.25, 0, 0 
4, 75138, 731068434, 0.00, 100.00, 0.00, 2.25, 0, 0 
5, 75138, 731131836, 0.00, 100.00, 0.00, 2.25, 0, 0 
6, 75138, 731196543, 0.00, 100.00, 0.00, 2.25, 0, 0 
7, 75138, 731259393, 0.00, 100.00, 0.00, 2.25, 0, 0 
8, 75138, 731323295, 0.00, 100.00, 0.00, 2.25, 0, 0 
9, 75138, 731389557, 0.00, 100.00, 0.00, 2.25, 0, 0 
0, 75138, 731466569, 0.00, 100.00, 0.00, 2.25, 0, 0 
1, 75138, 731541562, 0.00, 100.00, 0.00, 2.25, 0, 0 
2, 75138, 731614781, 0.00, 100.00, 0.00, 2.25, 0, 0 
3, 75138, 731692789, 0.00, 100.00, 0.00, 2.25, 0, 0 
4, 75138, 731766276, 0.00, 100.00, 0.00, 2.25, 0, 0 
5, 75138, 731830910, 0.00, 100.00, 0.00, 2.25, 0, 0 
6, 75138, 731894297, 0.00, 100.00, 0.00, 2.25, 0, 0 
7, 75138, 731959612, 0.00, 100.00, 0.00, 2.25, 0, 0 
8, 75138, 732027343, 0.00, 100.00, 0.00, 2.25, 0, 0 
9, 75138, 732095042, 0.00, 100.00, 0.00, 2.25, 0, 0 
0, 75138, 732173864, 0.00, 100.00, 0.00, 2.25, 0, 0 
1, 75138, 732250562, 0.00, 100.00, 0.00, 2.25, 0, 0 
2, 75138, 732320424, 0.00, 100.00, 0.00, 2.25, 0, 0 
3, 75138, 732405612, 0.00, 100.00, 0.00, 2.25, 0, 0 
4, 75138, 732481461, 0.00, 100.00, 0.00, 2.25, 0, 0 
5, 75138, 732547069, 0.00, 100.00, 0.00, 2.25, 0, 0 
6, 75138, 732612287, 0.00, 100.00, 0.00, 2.25, 0, 0 
7, 75138, 732677940, 0.00, 100.00, 0.00, 2.25, 0, 0 
8, 75138, 732743068, 0.00, 100.00, 0.00, 2.25, 0, 0 
9, 75138, 732808545, 0.00, 100.00, 0.00, 2.25, 0, 0 
0, 75138, 732887065, 0.00, 100.00, 0.00, 2.25, 0, 0 
1, 75138, 732963946, 0.00, 100.00, 0.00, 2.25, 0, 0 
2, 75138, 733033942, 0.00, 100.00, 0.00, 2.25, 0, 0 
3, 75138, 733117798, 0.00, 100.00, 0.00, 2.25, 0, 0 
4, 75138, 733193367, 0.00, 100.00, 0.00, 2.25, 0, 0 
5, 75138, 733258719, 0.00, 100.00, 0.00, 2.25, 0, 0 
6, 75138, 733324047, 0.00, 100.00, 0.00, 2.25, 0, 0 
7, 75138, 733389814, 0.00, 100.00, 0.00, 2.25, 0, 0 
8, 75138, 733455221, 0.00, 100.00, 0.00, 2.25, 0, 0 
9, 75138, 733520496, 0.00, 100.00, 0.00, 2.25, 0, 0 
0, 75138, 733598901, 0.00, 100.00, 0.00, 2.25, 0, 0 
1, 75138, 733673064, 0.00, 100.00, 0.00, 2.25, 0, 0 
2, 75138, 733743099, 0.00, 100.00, 0.00, 2.25, 0, 0 
3, 75138, 733825600, 0.00, 100.00, 0.00, 2.25, 0, 0 
4, 75138, 733902709, 0.00, 100.00, 0.00, 2.25, 0, 0 
5, 75138, 733968087, 0.00, 100.00, 0.00, 2.25, 0, 0 
6, 75138, 734033644, 0.00, 100.00, 0.00, 2.25, 0, 0 
7, 75138, 734098952, 0.00, 100.00, 0.00, 2.25, 0, 0 
8, 75138, 734163008, 0.00, 100.00, 0.00, 2.25, 0, 0 
9, 75138, 734227543, 0.00, 100.00, 0.00, 2.25, 0, 0 
0, 75138, 734299611, 0.00, 100.00, 0.00, 2.25, 0, 0 
1, 75138, 734377276, 0.00, 100.00, 0.00, 2.25, 0, 0 
2, 75138, 734449122, 0.00, 100.00, 0.00, 2.25, 0, 0 
3, 75138, 734524779, 0.00, 100.00, 0.00, 2.25, 0, 0 
4, 75138, 734601584, 0.00, 100.00, 0.00, 2.25, 0, 0 
5, 75138, 734667017, 0.00, 100.00, 0.00, 2.25, 0, 0 
6, 75138, 734732971, 0.00, 100.00, 0.00, 2.25, 0, 0 
7, 75138, 734798474, 0.00, 100.00, 0.00, 2.25, 0, 0 
8, 75138, 734866755, 0.00, 100.00, 0.00, 2.25, 0, 0 
9, 75138, 734931476, 0.00, 100.00, 0.00, 2.25, 0, 0 
0, 75138, 735006964, 0.00, 100.00, 0.00, 2.25, 0, 0 
1, 75138, 735085026, 0.00, 100.00, 0.00, 2.25, 0, 0 
2, 75138, 735156882, 0.00, 100.00, 0.00, 2.25, 0, 0 
3, 75138, 735232263, 0.00, 100.00, 0.00, 2.25, 0, 0 
4, 75138, 735308231, 0.00, 100.00, 0.00, 2.25, 0, 0 
5, 75138, 735372919, 0.00, 100.00, 0.00, 2.25, 0, 0 
6, 75138, 735437500, 0.00, 100.00, 0.00, 2.25, 0, 0 
7, 75138, 735502621, 0.00, 100.00, 0.00, 2.25, 0, 0 
8, 75138, 735572047, 0.00, 100.00, 0.00, 2.25, 0, 0 
9, 75138, 735637292, 0.00, 100.00, 0.00, 2.25, 0, 0 
0, 75138, 735719351, 0.00, 100.00, 0.00, 2.25, 0, 0 
1, 75138, 735795256, 0.00, 100.00, 0.00, 2.25, 0, 0 
2, 75138, 735867809, 0.00, 100.00, 0.00, 2.25, 0, 0 
3, 75138, 735943734, 0.00, 100.00, 0.00, 2.25, 0, 0 
4, 75138, 736022867, 0.00, 100.00, 0.00, 2.25, 0, 0 
5, 75138, 736081390, 0.00, 100.00, 0.00, 2.25, 0, 0 
6, 75138, 736132539, 0.00, 100.00, 0.00, 2.25, 0, 0 
7, 75138, 736182914, 0.00, 100.00, 0.00, 2.25, 0, 0 
8, 75138, 736234551, 0.00, 100.00, 0.00, 2.25, 0, 0 
9, 75138, 736285014, 0.00, 100.00, 0.00, 2.25, 0, 0 
0, 75138, 736349509, 0.00, 100.00, 0.00, 2.25, 0, 0 
1, 75138, 736412793, 0.00, 100.00, 0.00, 2.25, 0, 0 
2, 75138, 736469655, 0.00, 100.00, 0.00, 2.25, 0, 0 
3, 75138, 736542421, 0.00, 100.00, 0.00, 2.25, 0, 0 
4, 75138, 736608895, 0.00, 100.00, 0.00, 2.25, 0, 0 
5, 75138, 736667962, 0.00, 100.00, 0.00, 2.25, 0, 0 
6, 75138, 736727172, 0.00, 100.00, 0.00, 2.25, 0, 0 
7, 75138, 736784954, 0.00, 100.00, 0.00, 2.25, 0, 0 
8, 75138, 736833325, 0.00, 100.00, 0.00, 2.25, 0, 0 
9, 75138, 736883844, 0.00, 100.00, 0.00, 2.25, 0, 0 
0, 75138, 736948662, 0.00, 100.00, 0.00, 2.25, 0, 0 
1, 75138, 737008907, 0.00, 100.00, 0.00, 2.25, 0, 0 
2, 75138, 737069607, 0.00, 100.00, 0.00, 2.25, 0, 0 
3, 75138, 737141259, 0.00, 100.00, 0.00, 2.25, 0, 0 
4, 75138, 737209384, 0.00, 100.00, 0.00, 2.25, 0, 0 
5, 75138, 737259869, 0.00, 100.00, 0.00, 2.25, 0, 0 
6, 75138, 737313716, 0.00, 100.00, 0.00, 2.25, 0, 0 
7, 75138, 737366982, 0.00, 100.00, 0.00, 2.25, 0, 0 
8, 75138, 737420809, 0.00, 100.00, 0.00, 2.25, 0, 0 
9, 75138, 737475027, 0.00, 100.00, 0.00, 2.25, 0, 0 
0, 75138, 737537573, 0.00, 100.00, 0.00, 2.25, 0, 0 
1, 75138, 737598953, 0.00, 100.00, 0.00, 2.25, 0, 0 
2, 75138, 737657639, 0.00, 100.00, 0.00, 2.25, 0, 0 
3, 75138, 737730761, 0.00, 100.00, 0.00, 2.25, 0, 0 
4, 75138, 737795156, 0.00, 100.00, 0.00, 2.25, 0, 0 
5, 75138, 737849482, 0.00, 100.00, 0.00, 2.25, 0, 0 
6, 75138, 737901450, 0.00, 100.00, 0.00, 2.25, 0, 0 
7, 75138, 737958512, 0.00, 100.00, 0.00, 2.25, 0, 0 
8, 75138, 738008730, 0.00, 100.00, 0.00, 2.25, 0, 0 
9, 75138, 738064051, 0.00, 100.00, 0.00, 2.25, 0, 0 
0, 75138, 738129698, 0.00, 100.00, 0.00, 2.25, 0, 0 
1, 75138, 738192157, 0.00, 100.00, 0.00, 2.25, 0, 0 
2, 75138, 738252385, 0.00, 100.00, 0.00, 2.25, 0, 0 
3, 75138, 738324181, 0.00, 100.00, 0.00, 2.25, 0, 0 
4, 75138, 738389978, 0.00, 100.00, 0.00, 2.25, 0, 0 
5, 75138, 738442890, 0.00, 100.00, 0.00, 2.25, 0, 0 
6, 75138, 738495437, 0.00, 100.00, 0.00, 2.25, 0, 0 
7, 75138, 738549064, 0.00, 100.00, 0.00, 2.25, 0, 0 
8, 75138, 738599316, 0.00, 100.00, 0.00, 2.25, 0, 0 
9, 75138, 738656121, 0.00, 100.00, 0.00, 2.25, 0, 0 
0, 75138, 738720947, 0.00, 100.00, 0.00, 2.25, 0, 0 
1, 75138, 738780171, 0.00, 100.00, 0.00, 2.25, 0, 0 
2, 75138, 738841378, 0.00, 100.00, 0.00, 2.25, 0, 0 
3, 75138, 738907081, 0.00, 100.00, 0.00, 2.25, 0, 0 
4, 75138, 738972441, 0.00, 100.00, 0.00, 2.25, 0, 0 
5, 75138, 739021688, 0.00, 100.00, 0.00, 2.25, 0, 0 
6, 75138, 739073837, 0.00, 100.00, 0.00, 2.25, 0, 0 
7, 75138, 739129469, 0.00, 100.00, 0.00, 2.25, 0, 0 
8, 75138, 739182446, 0.00, 100.00, 0.00, 2.25, 0, 0 
9, 75138, 739235758, 0.00, 100.00, 0.00, 2.25, 0, 0 
0, 75138, 739292102, 0.00, 100.00, 0.00, 2.25, 0, 0 
1, 75138, 739358633, 0.00, 100.00, 0.00, 2.25, 0, 0 
2, 75138, 739417540, 0.00, 100.00, 0.00, 2.25, 0, 0 
3, 75138, 739487390, 0.00, 100.00, 0.00, 2.25, 0, 0 
4, 75138, 739558924, 0.00, 100.00, 0.00, 2.25, 0, 0 
5, 75138, 739615942, 0.00, 100.00, 0.00, 2.25, 0, 0 
6, 75138, 739666467, 0.00, 100.00, 0.00, 2.25, 0, 0 
7, 75138, 739715625, 0.00, 100.00, 0.00, 2.25, 0, 0 
8, 75138, 739762498, 0.00, 100.00, 0.00, 2.25, 0, 0 
9, 75138, 739809996, 0.00, 100.00, 0.00, 2.25, 0, 0 
0, 75138, 739872921, 0.00, 100.00, 0.00, 2.25, 0, 0 
1, 75138, 739940626, 0.00, 100.00, 0.00, 2.25, 0, 0 
2, 75138, 740004512, 0.00, 100.00, 0.00, 2.25, 0, 0 
3, 75138, 740075008, 0.00, 100.00, 0.00, 2.25, 0, 0 
4, 75138, 740148608, 0.00, 100.00, 0.00, 2.25, 0, 0 
5, 75138, 740212657, 0.00, 100.00, 0.00, 2.25, 0, 0 
6, 75138, 740276649, 0.00, 100.00, 0.00, 2.25, 0, 0 
7, 75138, 740345019, 0.00, 100.00, 0.00, 2.25, 0, 0 
8, 75138, 740411871, 0.00, 100.00, 0.00, 2.25, 0, 0 
9, 75138, 740475986, 0.00, 100.00, 0.00, 2.25, 0, 0 
0, 75138, 740554624, 0.00, 100.00, 0.00, 2.25, 0, 0 
1, 75138, 740629876, 0.00, 100.00, 0.00, 2.25, 0, 0 
2, 75138, 740700679, 0.00, 100.00, 0.00, 2.25, 0, 0 
3, 75138, 740781749, 0.00, 100.00, 0.00, 2.25, 0, 0 
4, 75138, 740853749, 0.00, 100.00, 0.00, 2.25, 0, 0 
5, 75138, 740917470, 0.00, 100.00, 0.00, 2.25, 0, 0 
6, 75138, 740982332, 0.00, 100.00, 0.00, 2.25, 0, 0 
7, 75138, 741046363, 0.00, 100.00, 0.00, 2.25, 0, 0 
8, 75138, 741110431, 0.00, 100.00, 0.00, 2.25, 0, 0 
9, 75138, 741174593, 0.00, 100.00, 0.00, 2.25, 0, 0 
0, 75138, 741255398, 0.00, 100.00, 0.00, 2.25, 0, 0 
1, 75138, 741333250, 0.00, 100.00, 0.00, 2.25, 0, 0 
2, 75138, 741403095, 0.00, 100.00, 0.00, 2.25, 0, 0 
3, 75138, 741491877, 0.00, 100.00, 0.00, 2.25, 0, 0 
4, 75138, 741569287, 0.00, 100.00, 0.00, 2.25, 0, 0 
5, 75138, 741632944, 0.00, 100.00, 0.00, 2.25, 0, 0 
6, 75138, 741698437, 0.00, 100.00, 0.00, 2.25, 0, 0 
7, 75138, 741763689, 0.00, 100.00, 0.00, 2.25, 0, 0 
8, 75138, 741829217, 0.00, 100.00, 0.00, 2.25, 0, 0 
9, 75138, 741894504, 0.00, 100.00, 0.00, 2.25, 0, 0 
0, 75138, 741972723, 0.00, 100.00, 0.00, 2.25, 0, 0 
1, 75138, 742034230, 0.00, 100.00, 0.00, 2.25, 0, 0 
2, 75138, 742089051, 0.00, 100.00, 0.00, 2.25, 0, 0 
3, 75138, 742148204, 0.00, 100.00, 0.00, 2.25, 0, 0 
4, 75138, 742201492, 0.00, 100.00, 0.00, 2.25, 0, 0 
5, 75138, 742242279, 0.00, 100.00, 0.00, 2.25, 0, 0 
6, 75138, 742293653, 0.00, 100.00, 0.00, 2.25, 0, 0 
7, 75138, 742339341, 0.00, 100.00, 0.00, 2.25, 0, 0 
8, 75138, 742386135, 0.00, 100.00, 0.00, 2.25, 0, 0 
9, 75138, 742433694, 0.00, 100.00, 0.00, 2.25, 0, 0 
0, 75138, 742523644, 0.00, 100.00, 0.00, 2.25, 0, 0 
1, 75138, 742586483, 0.00, 100.00, 0.00, 2.25, 0, 0 
2, 75138, 742642702, 0.00, 100.00, 0.00, 2.25, 0, 0 
3, 75138, 742747219, 0.00, 100.00, 0.00, 2.25, 0, 0 
4, 75138, 742812246, 0.00, 100.00, 0.00, 2.25, 0, 0 
5, 75138, 742866062, 0.00, 100.00, 0.00, 2.25, 0, 0 
6, 75138, 742919911, 0.00, 100.00, 0.00, 2.25, 0, 0 
7, 75138, 742973944, 0.00, 100.00, 0.00, 2.25, 0, 0 
8, 75138, 743027610, 0.00, 100.00, 0.00, 2.25, 0, 0 
9, 75138, 743081227, 0.00, 100.00, 0.00, 2.25, 0, 0 
0, 75138, 743144889, 0.00, 100.00, 0.00, 2.25, 0, 0 
1, 75138, 743277722, 0.00, 100.00, 0.00, 2.25, 0, 0 
2, 75138, 743341329, 0.00, 100.00, 0.00, 2.25, 0, 0 
3, 75138, 743415352, 0.00, 100.00, 0.00, 2.25, 0, 0 
4, 75138, 743481065, 0.00, 100.00, 0.00, 2.25, 0, 0 
5, 75138, 743535790, 0.00, 100.00, 0.00, 2.25, 0, 0 
6, 75138, 743590621, 0.00, 100.00, 0.00, 2.25, 0, 0 
7, 75138, 743645441, 0.00, 100.00, 0.00, 2.25, 0, 0 
8, 75138, 743699990, 0.00, 100.00, 0.00, 2.25, 0, 0 
9, 75138, 743754347, 0.00, 100.00, 0.00, 2.25, 0, 0 
