Wed Nov 28 13:34:52 2018
StepTime, x, v, f, xdes, vdes, fdes, cmd, IR, LSB, LSF
0, 74433, 554689884, 0.00, 100.00, 0.00, 2.25, 0, 0 
1, 74433, 556038301, 0.00, 100.00, 0.00, 2.25, 0, 0 
2, 74433, 557165796, 0.00, 100.00, 0.00, 2.25, 0, 0 
3, 74433, 558256640, 0.00, 100.00, 0.00, 2.25, 0, 0 
4, 74433, 559552488, 0.00, 100.00, 0.00, 2.25, 0, 0 
5, 74433, 560789482, 0.00, 100.00, 0.00, 2.25, 0, 0 
6, 74433, 561955323, 0.00, 100.00, 0.00, 2.25, 0, 0 
7, 74433, 563108171, 0.00, 100.00, 0.00, 2.25, 0, 0 
8, 74433, 564281506, 0.00, 100.00, 0.00, 2.25, 0, 0 
9, 74433, 565454059, 0.00, 100.00, 0.00, 2.25, 0, 0 
0, 74433, 566538907, 0.00, 100.00, 0.00, 2.25, 0, 0 
1, 74433, 567566042, 0.00, 100.00, 0.00, 2.25, 0, 0 
2, 74433, 568548917, 0.00, 100.00, 0.00, 2.25, 0, 0 
3, 74433, 569397675, 0.00, 100.00, 0.00, 2.25, 0, 0 
4, 74433, 570224749, 0.00, 100.00, 0.00, 2.25, 0, 0 
5, 74433, 571054209, 0.00, 100.00, 0.00, 2.25, 0, 0 
6, 74433, 571882629, 0.00, 100.00, 0.00, 2.25, 0, 0 
7, 74433, 572657555, 0.00, 100.00, 0.00, 2.25, 0, 0 
8, 74433, 573379178, 0.00, 100.00, 0.00, 2.25, 0, 0 
9, 74433, 574126911, 0.00, 100.00, 0.00, 2.25, 0, 0 
0, 74433, 574860408, 0.00, 100.00, 0.00, 2.25, 0, 0 
1, 74433, 575593866, 0.00, 100.00, 0.00, 2.25, 0, 0 
2, 74433, 576348491, 0.00, 100.00, 0.00, 2.25, 0, 0 
3, 74433, 577067840, 0.00, 100.00, 0.00, 2.25, 0, 0 
4, 74433, 577881275, 0.00, 100.00, 0.00, 2.25, 0, 0 
5, 74433, 578730272, 0.00, 100.00, 0.00, 2.25, 0, 0 
6, 74433, 579575949, 0.00, 100.00, 0.00, 2.25, 0, 0 
7, 74433, 580350749, 0.00, 100.00, 0.00, 2.25, 0, 0 
8, 74433, 581106616, 0.00, 100.00, 0.00, 2.25, 0, 0 
9, 74433, 581811173, 0.00, 100.00, 0.00, 2.25, 0, 0 
0, 74433, 582595132, 0.00, 100.00, 0.00, 2.25, 0, 0 
1, 74433, 583335949, 0.00, 100.00, 0.00, 2.25, 0, 0 
2, 74433, 584082588, 0.00, 100.00, 0.00, 2.25, 0, 0 
3, 74433, 584828043, 0.00, 100.00, 0.00, 2.25, 0, 0 
4, 74433, 585542460, 0.00, 100.00, 0.00, 2.25, 0, 0 
5, 74433, 586399556, 0.00, 100.00, 0.00, 2.25, 0, 0 
6, 74433, 587305740, 0.00, 100.00, 0.00, 2.25, 0, 0 
7, 74433, 588194407, 0.00, 100.00, 0.00, 2.25, 0, 0 
8, 74433, 589121148, 0.00, 100.00, 0.00, 2.25, 0, 0 
9, 74433, 590107320, 0.00, 100.00, 0.00, 2.25, 0, 0 
0, 74433, 591095346, 0.00, 100.00, 0.00, 2.25, 0, 0 
1, 74433, 592114895, 0.00, 100.00, 0.00, 2.25, 0, 0 
2, 74433, 593043554, 0.00, 100.00, 0.00, 2.25, 0, 0 
3, 74433, 593953115, 0.00, 100.00, 0.00, 2.25, 0, 0 
4, 74433, 594839523, 0.00, 100.00, 0.00, 2.25, 0, 0 
5, 74433, 595794481, 0.00, 100.00, 0.00, 2.25, 0, 0 
6, 74433, 596754783, 0.00, 100.00, 0.00, 2.25, 0, 0 
7, 74433, 597583987, 0.00, 100.00, 0.00, 2.25, 0, 0 
8, 74433, 598362612, 0.00, 100.00, 0.00, 2.25, 0, 0 
9, 74433, 599116011, 0.00, 100.00, 0.00, 2.25, 0, 0 
0, 74433, 599922685, 0.00, 100.00, 0.00, 2.25, 0, 0 
1, 74433, 600721654, 0.00, 100.00, 0.00, 2.25, 0, 0 
2, 74433, 601456317, 0.00, 100.00, 0.00, 2.25, 0, 0 
3, 74433, 602140600, 0.00, 100.00, 0.00, 2.25, 0, 0 
4, 74433, 602757972, 0.00, 100.00, 0.00, 2.25, 0, 0 
5, 74433, 603397157, 0.00, 100.00, 0.00, 2.25, 0, 0 
6, 74433, 604019013, 0.00, 100.00, 0.00, 2.25, 0, 0 
7, 74433, 604653124, 0.00, 100.00, 0.00, 2.25, 0, 0 
8, 74433, 605275158, 0.00, 100.00, 0.00, 2.25, 0, 0 
9, 74433, 605869747, 0.00, 100.00, 0.00, 2.25, 0, 0 
0, 74433, 606454478, 0.00, 100.00, 0.00, 2.25, 0, 0 
1, 74433, 607057832, 0.00, 100.00, 0.00, 2.25, 0, 0 
2, 74433, 607559539, 0.00, 100.00, 0.00, 2.25, 0, 0 
3, 74433, 608126076, 0.00, 100.00, 0.00, 2.25, 0, 0 
4, 74433, 608610478, 0.00, 100.00, 0.00, 2.25, 0, 0 
5, 74433, 609261577, 0.00, 100.00, 0.00, 2.25, 0, 0 
6, 74433, 609939201, 0.00, 100.00, 0.00, 2.25, 0, 0 
7, 74433, 610930053, 0.00, 100.00, 0.00, 2.25, 0, 0 
8, 74433, 611464172, 0.00, 100.00, 0.00, 2.25, 0, 0 
9, 74433, 611962619, 0.00, 100.00, 0.00, 2.25, 0, 0 
0, 74433, 612500614, 0.00, 100.00, 0.00, 2.25, 0, 0 
1, 74433, 613031260, 0.00, 100.00, 0.00, 2.25, 0, 0 
2, 74433, 613520788, 0.00, 100.00, 0.00, 2.25, 0, 0 
3, 74433, 614059849, 0.00, 100.00, 0.00, 2.25, 0, 0 
4, 74433, 614603119, 0.00, 100.00, 0.00, 2.25, 0, 0 
5, 74433, 615174317, 0.00, 100.00, 0.00, 2.25, 0, 0 
6, 74433, 615727997, 0.00, 100.00, 0.00, 2.25, 0, 0 
7, 74433, 616300215, 0.00, 100.00, 0.00, 2.25, 0, 0 
8, 74433, 616863161, 0.00, 100.00, 0.00, 2.25, 0, 0 
9, 74433, 617439828, 0.00, 100.00, 0.00, 2.25, 0, 0 
0, 74433, 617972832, 0.00, 100.00, 0.00, 2.25, 0, 0 
1, 74433, 618796233, 0.00, 100.00, 0.00, 2.25, 0, 0 
2, 74433, 619302895, 0.00, 100.00, 0.00, 2.25, 0, 0 
3, 74433, 619818257, 0.00, 100.00, 0.00, 2.25, 0, 0 
4, 74433, 620356863, 0.00, 100.00, 0.00, 2.25, 0, 0 
5, 74433, 620871500, 0.00, 100.00, 0.00, 2.25, 0, 0 
6, 74433, 621395955, 0.00, 100.00, 0.00, 2.25, 0, 0 
7, 74433, 621916579, 0.00, 100.00, 0.00, 2.25, 0, 0 
8, 74433, 622425755, 0.00, 100.00, 0.00, 2.25, 0, 0 
9, 74433, 622944757, 0.00, 100.00, 0.00, 2.25, 0, 0 
0, 74433, 623476684, 0.00, 100.00, 0.00, 2.25, 0, 0 
1, 74433, 623996008, 0.00, 100.00, 0.00, 2.25, 0, 0 
2, 74433, 624508002, 0.00, 100.00, 0.00, 2.25, 0, 0 
3, 74433, 625026964, 0.00, 100.00, 0.00, 2.25, 0, 0 
4, 74433, 625550164, 0.00, 100.00, 0.00, 2.25, 0, 0 
5, 74433, 626081475, 0.00, 100.00, 0.00, 2.25, 0, 0 
6, 74433, 626616611, 0.00, 100.00, 0.00, 2.25, 0, 0 
7, 74433, 627115584, 0.00, 100.00, 0.00, 2.25, 0, 0 
8, 74433, 627633571, 0.00, 100.00, 0.00, 2.25, 0, 0 
9, 74433, 628192156, 0.00, 100.00, 0.00, 2.25, 0, 0 
0, 74433, 628727913, 0.00, 100.00, 0.00, 2.25, 0, 0 
1, 74433, 629270661, 0.00, 100.00, 0.00, 2.25, 0, 0 
2, 74433, 629803671, 0.00, 100.00, 0.00, 2.25, 0, 0 
3, 74433, 630319411, 0.00, 100.00, 0.00, 2.25, 0, 0 
4, 74433, 630844155, 0.00, 100.00, 0.00, 2.25, 0, 0 
5, 74433, 631370535, 0.00, 100.00, 0.00, 2.25, 0, 0 
6, 74433, 631932308, 0.00, 100.00, 0.00, 2.25, 0, 0 
7, 74433, 632459719, 0.00, 100.00, 0.00, 2.25, 0, 0 
8, 74433, 632982982, 0.00, 100.00, 0.00, 2.25, 0, 0 
9, 74433, 633497254, 0.00, 100.00, 0.00, 2.25, 0, 0 
0, 74433, 634029642, 0.00, 100.00, 0.00, 2.25, 0, 0 
1, 74433, 634548606, 0.00, 100.00, 0.00, 2.25, 0, 0 
2, 74433, 635064752, 0.00, 100.00, 0.00, 2.25, 0, 0 
3, 74433, 635589144, 0.00, 100.00, 0.00, 2.25, 0, 0 
4, 74433, 636117691, 0.00, 100.00, 0.00, 2.25, 0, 0 
5, 74433, 636641453, 0.00, 100.00, 0.00, 2.25, 0, 0 
6, 74433, 637164675, 0.00, 100.00, 0.00, 2.25, 0, 0 
7, 74433, 637689407, 0.00, 100.00, 0.00, 2.25, 0, 0 
8, 74433, 638220007, 0.00, 100.00, 0.00, 2.25, 0, 0 
9, 74433, 638751196, 0.00, 100.00, 0.00, 2.25, 0, 0 
0, 74433, 639279582, 0.00, 100.00, 0.00, 2.25, 0, 0 
1, 74433, 639797401, 0.00, 100.00, 0.00, 2.25, 0, 0 
2, 74433, 640313113, 0.00, 100.00, 0.00, 2.25, 0, 0 
3, 74433, 640838743, 0.00, 100.00, 0.00, 2.25, 0, 0 
4, 74433, 641366793, 0.00, 100.00, 0.00, 2.25, 0, 0 
5, 74433, 641883724, 0.00, 100.00, 0.00, 2.25, 0, 0 
6, 74433, 642413118, 0.00, 100.00, 0.00, 2.25, 0, 0 
7, 74433, 643068205, 0.00, 100.00, 0.00, 2.25, 0, 0 
8, 74433, 643767975, 0.00, 100.00, 0.00, 2.25, 0, 0 
9, 74433, 644304369, 0.00, 100.00, 0.00, 2.25, 0, 0 
0, 74433, 644806069, 0.00, 100.00, 0.00, 2.25, 0, 0 
1, 74433, 645324810, 0.00, 100.00, 0.00, 2.25, 0, 0 
2, 74433, 645840626, 0.00, 100.00, 0.00, 2.25, 0, 0 
3, 74433, 646365646, 0.00, 100.00, 0.00, 2.25, 0, 0 
4, 74433, 646887766, 0.00, 100.00, 0.00, 2.25, 0, 0 
5, 74433, 647429049, 0.00, 100.00, 0.00, 2.25, 0, 0 
6, 74433, 647961003, 0.00, 100.00, 0.00, 2.25, 0, 0 
7, 74433, 648473155, 0.00, 100.00, 0.00, 2.25, 0, 0 
8, 74433, 648982649, 0.00, 100.00, 0.00, 2.25, 0, 0 
9, 74433, 649529816, 0.00, 100.00, 0.00, 2.25, 0, 0 
0, 74433, 650019476, 0.00, 100.00, 0.00, 2.25, 0, 0 
1, 74433, 650540691, 0.00, 100.00, 0.00, 2.25, 0, 0 
2, 74433, 651051012, 0.00, 100.00, 0.00, 2.25, 0, 0 
3, 74433, 651576931, 0.00, 100.00, 0.00, 2.25, 0, 0 
4, 74433, 652095986, 0.00, 100.00, 0.00, 2.25, 0, 0 
5, 74433, 652655037, 0.00, 100.00, 0.00, 2.25, 0, 0 
6, 74433, 653181439, 0.00, 100.00, 0.00, 2.25, 0, 0 
7, 74433, 653819968, 0.00, 100.00, 0.00, 2.25, 0, 0 
8, 74433, 654420901, 0.00, 100.00, 0.00, 2.25, 0, 0 
9, 74433, 654922551, 0.00, 100.00, 0.00, 2.25, 0, 0 
0, 74433, 655449667, 0.00, 100.00, 0.00, 2.25, 0, 0 
1, 74433, 655976718, 0.00, 100.00, 0.00, 2.25, 0, 0 
2, 74433, 656485705, 0.00, 100.00, 0.00, 2.25, 0, 0 
3, 74433, 657041224, 0.00, 100.00, 0.00, 2.25, 0, 0 
4, 74433, 657599422, 0.00, 100.00, 0.00, 2.25, 0, 0 
5, 74433, 658169739, 0.00, 100.00, 0.00, 2.25, 0, 0 
6, 74433, 658737065, 0.00, 100.00, 0.00, 2.25, 0, 0 
7, 74433, 659283366, 0.00, 100.00, 0.00, 2.25, 0, 0 
8, 74433, 659831486, 0.00, 100.00, 0.00, 2.25, 0, 0 
9, 74433, 660380388, 0.00, 100.00, 0.00, 2.25, 0, 0 
0, 74433, 660906187, 0.00, 100.00, 0.00, 2.25, 0, 0 
1, 74433, 661427214, 0.00, 100.00, 0.00, 2.25, 0, 0 
2, 74433, 662005446, 0.00, 100.00, 0.00, 2.25, 0, 0 
3, 74433, 662521962, 0.00, 100.00, 0.00, 2.25, 0, 0 
4, 74433, 663002551, 0.00, 100.00, 0.00, 2.25, 0, 0 
5, 74433, 663579406, 0.00, 100.00, 0.00, 2.25, 0, 0 
6, 74433, 664141144, 0.00, 100.00, 0.00, 2.25, 0, 0 
7, 74433, 664624133, 0.00, 100.00, 0.00, 2.25, 0, 0 
8, 74433, 665149661, 0.00, 100.00, 0.00, 2.25, 0, 0 
9, 74433, 665687612, 0.00, 100.00, 0.00, 2.25, 0, 0 
0, 74433, 666222963, 0.00, 100.00, 0.00, 2.25, 0, 0 
1, 74433, 666798173, 0.00, 100.00, 0.00, 2.25, 0, 0 
2, 74433, 667343827, 0.00, 100.00, 0.00, 2.25, 0, 0 
3, 74433, 668113143, 0.00, 100.00, 0.00, 2.25, 0, 0 
4, 74433, 668531436, 0.00, 100.00, 0.00, 2.25, 0, 0 
5, 74433, 669037317, 0.00, 100.00, 0.00, 2.25, 0, 0 
6, 74433, 669557176, 0.00, 100.00, 0.00, 2.25, 0, 0 
7, 74433, 670061278, 0.00, 100.00, 0.00, 2.25, 0, 0 
8, 74433, 670568153, 0.00, 100.00, 0.00, 2.25, 0, 0 
9, 74433, 671076191, 0.00, 100.00, 0.00, 2.25, 0, 0 
0, 74433, 671585925, 0.00, 100.00, 0.00, 2.25, 0, 0 
1, 74433, 672093942, 0.00, 100.00, 0.00, 2.25, 0, 0 
2, 74433, 672625373, 0.00, 100.00, 0.00, 2.25, 0, 0 
3, 74433, 673203848, 0.00, 100.00, 0.00, 2.25, 0, 0 
4, 74433, 673745472, 0.00, 100.00, 0.00, 2.25, 0, 0 
5, 74433, 674320722, 0.00, 100.00, 0.00, 2.25, 0, 0 
6, 74433, 674608666, 0.00, 100.00, 0.00, 2.25, 0, 0 
7, 74433, 675187275, 0.00, 100.00, 0.00, 2.25, 0, 0 
8, 74433, 675763905, 0.00, 100.00, 0.00, 2.25, 0, 0 
9, 74433, 676296630, 0.00, 100.00, 0.00, 2.25, 0, 0 
0, 74433, 676584231, 0.00, 100.00, 0.00, 2.25, 0, 0 
1, 74433, 677133227, 0.00, 100.00, 0.00, 2.25, 0, 0 
2, 74433, 677663270, 0.00, 100.00, 0.00, 2.25, 0, 0 
3, 74433, 678185802, 0.00, 100.00, 0.00, 2.25, 0, 0 
4, 74433, 678765717, 0.00, 100.00, 0.00, 2.25, 0, 0 
5, 74433, 679352350, 0.00, 100.00, 0.00, 2.25, 0, 0 
6, 74433, 679931730, 0.00, 100.00, 0.00, 2.25, 0, 0 
7, 74433, 680486648, 0.00, 100.00, 0.00, 2.25, 0, 0 
8, 74433, 681053607, 0.00, 100.00, 0.00, 2.25, 0, 0 
9, 74433, 681573637, 0.00, 100.00, 0.00, 2.25, 0, 0 
0, 74433, 682101940, 0.00, 100.00, 0.00, 2.25, 0, 0 
1, 74433, 682585191, 0.00, 100.00, 0.00, 2.25, 0, 0 
2, 74433, 683102833, 0.00, 100.00, 0.00, 2.25, 0, 0 
3, 74433, 683646636, 0.00, 100.00, 0.00, 2.25, 0, 0 
4, 74433, 684177339, 0.00, 100.00, 0.00, 2.25, 0, 0 
5, 74433, 684549455, 0.00, 100.00, 0.00, 2.25, 0, 0 
6, 74433, 685047863, 0.00, 100.00, 0.00, 2.25, 0, 0 
7, 74433, 685562696, 0.00, 100.00, 0.00, 2.25, 0, 0 
8, 74433, 686128331, 0.00, 100.00, 0.00, 2.25, 0, 0 
9, 74433, 686651268, 0.00, 100.00, 0.00, 2.25, 0, 0 
0, 74433, 687212317, 0.00, 100.00, 0.00, 2.25, 0, 0 
1, 74433, 687951640, 0.00, 100.00, 0.00, 2.25, 0, 0 
2, 74433, 688483400, 0.00, 100.00, 0.00, 2.25, 0, 0 
3, 74433, 688988243, 0.00, 100.00, 0.00, 2.25, 0, 0 
4, 74433, 689480020, 0.00, 100.00, 0.00, 2.25, 0, 0 
5, 74433, 690001567, 0.00, 100.00, 0.00, 2.25, 0, 0 
6, 74433, 690520843, 0.00, 100.00, 0.00, 2.25, 0, 0 
7, 74433, 691045288, 0.00, 100.00, 0.00, 2.25, 0, 0 
8, 74433, 691565682, 0.00, 100.00, 0.00, 2.25, 0, 0 
9, 74433, 692088998, 0.00, 100.00, 0.00, 2.25, 0, 0 
0, 74433, 692621389, 0.00, 100.00, 0.00, 2.25, 0, 0 
1, 74433, 693164070, 0.00, 100.00, 0.00, 2.25, 0, 0 
2, 74433, 693673702, 0.00, 100.00, 0.00, 2.25, 0, 0 
3, 74433, 694180334, 0.00, 100.00, 0.00, 2.25, 0, 0 
4, 74433, 694726801, 0.00, 100.00, 0.00, 2.25, 0, 0 
5, 74433, 695300507, 0.00, 100.00, 0.00, 2.25, 0, 0 
6, 74433, 695868317, 0.00, 100.00, 0.00, 2.25, 0, 0 
7, 74433, 696153314, 0.00, 100.00, 0.00, 2.25, 0, 0 
8, 74433, 696701198, 0.00, 100.00, 0.00, 2.25, 0, 0 
9, 74433, 697276933, 0.00, 100.00, 0.00, 2.25, 0, 0 
0, 74433, 697853215, 0.00, 100.00, 0.00, 2.25, 0, 0 
1, 74433, 698421688, 0.00, 100.00, 0.00, 2.25, 0, 0 
2, 74433, 698984254, 0.00, 100.00, 0.00, 2.25, 0, 0 
3, 74433, 699528582, 0.00, 100.00, 0.00, 2.25, 0, 0 
4, 74433, 700293439, 0.00, 100.00, 0.00, 2.25, 0, 0 
5, 74433, 701191146, 0.00, 100.00, 0.00, 2.25, 0, 0 
6, 74433, 701677047, 0.00, 100.00, 0.00, 2.25, 0, 0 
7, 74433, 702212033, 0.00, 100.00, 0.00, 2.25, 0, 0 
8, 74433, 702735093, 0.00, 100.00, 0.00, 2.25, 0, 0 
9, 74433, 703254593, 0.00, 100.00, 0.00, 2.25, 0, 0 
0, 74433, 703786274, 0.00, 100.00, 0.00, 2.25, 0, 0 
1, 74433, 704316941, 0.00, 100.00, 0.00, 2.25, 0, 0 
2, 74433, 704826898, 0.00, 100.00, 0.00, 2.25, 0, 0 
3, 74433, 705338816, 0.00, 100.00, 0.00, 2.25, 0, 0 
4, 74433, 705867326, 0.00, 100.00, 0.00, 2.25, 0, 0 
5, 74433, 706391152, 0.00, 100.00, 0.00, 2.25, 0, 0 
6, 74433, 706912088, 0.00, 100.00, 0.00, 2.25, 0, 0 
7, 74433, 707775989, 0.00, 100.00, 0.00, 2.25, 0, 0 
8, 74433, 708930131, 0.00, 100.00, 0.00, 2.25, 0, 0 
9, 74433, 709942392, 0.00, 100.00, 0.00, 2.25, 0, 0 
0, 74433, 710673112, 0.00, 100.00, 0.00, 2.25, 0, 0 
1, 74433, 711213869, 0.00, 100.00, 0.00, 2.25, 0, 0 
2, 74433, 711758431, 0.00, 100.00, 0.00, 2.25, 0, 0 
3, 74433, 712322538, 0.00, 100.00, 0.00, 2.25, 0, 0 
4, 74433, 713100257, 0.00, 100.00, 0.00, 2.25, 0, 0 
5, 74433, 713600296, 0.00, 100.00, 0.00, 2.25, 0, 0 
6, 74433, 714149093, 0.00, 100.00, 0.00, 2.25, 0, 0 
7, 74433, 714669238, 0.00, 100.00, 0.00, 2.25, 0, 0 
8, 74433, 715180093, 0.00, 100.00, 0.00, 2.25, 0, 0 
9, 74433, 715739225, 0.00, 100.00, 0.00, 2.25, 0, 0 
0, 74433, 716270951, 0.00, 100.00, 0.00, 2.25, 0, 0 
1, 74433, 716766292, 0.00, 100.00, 0.00, 2.25, 0, 0 
2, 74433, 717257797, 0.00, 100.00, 0.00, 2.25, 0, 0 
3, 74433, 717821107, 0.00, 100.00, 0.00, 2.25, 0, 0 
4, 74433, 718305385, 0.00, 100.00, 0.00, 2.25, 0, 0 
5, 74433, 718816949, 0.00, 100.00, 0.00, 2.25, 0, 0 
6, 74433, 719390122, 0.00, 100.00, 0.00, 2.25, 0, 0 
7, 74433, 719913421, 0.00, 100.00, 0.00, 2.25, 0, 0 
8, 74433, 720431317, 0.00, 100.00, 0.00, 2.25, 0, 0 
9, 74433, 720992901, 0.00, 100.00, 0.00, 2.25, 0, 0 
0, 74433, 721831038, 0.00, 100.00, 0.00, 2.25, 0, 0 
1, 74433, 722742864, 0.00, 100.00, 0.00, 2.25, 0, 0 
2, 74433, 723607757, 0.00, 100.00, 0.00, 2.25, 0, 0 
3, 74433, 724335581, 0.00, 100.00, 0.00, 2.25, 0, 0 
4, 74433, 724816185, 0.00, 100.00, 0.00, 2.25, 0, 0 
5, 74433, 725342990, 0.00, 100.00, 0.00, 2.25, 0, 0 
6, 74433, 725855978, 0.00, 100.00, 0.00, 2.25, 0, 0 
7, 74433, 726376093, 0.00, 100.00, 0.00, 2.25, 0, 0 
8, 74433, 726900591, 0.00, 100.00, 0.00, 2.25, 0, 0 
9, 74433, 727420536, 0.00, 100.00, 0.00, 2.25, 0, 0 
0, 74433, 727951918, 0.00, 100.00, 0.00, 2.25, 0, 0 
1, 74433, 728481938, 0.00, 100.00, 0.00, 2.25, 0, 0 
2, 74433, 728995375, 0.00, 100.00, 0.00, 2.25, 0, 0 
3, 74433, 729502497, 0.00, 100.00, 0.00, 2.25, 0, 0 
4, 74433, 730031157, 0.00, 100.00, 0.00, 2.25, 0, 0 
5, 74433, 730555128, 0.00, 100.00, 0.00, 2.25, 0, 0 
6, 74433, 731132568, 0.00, 100.00, 0.00, 2.25, 0, 0 
7, 74433, 731703616, 0.00, 100.00, 0.00, 2.25, 0, 0 
8, 74433, 732275130, 0.00, 100.00, 0.00, 2.25, 0, 0 
9, 74433, 732797641, 0.00, 100.00, 0.00, 2.25, 0, 0 
0, 74433, 733335980, 0.00, 100.00, 0.00, 2.25, 0, 0 
1, 74433, 733907901, 0.00, 100.00, 0.00, 2.25, 0, 0 
2, 74433, 734418429, 0.00, 100.00, 0.00, 2.25, 0, 0 
3, 74433, 734912834, 0.00, 100.00, 0.00, 2.25, 0, 0 
4, 74433, 735640569, 0.00, 100.00, 0.00, 2.25, 0, 0 
5, 74433, 736249878, 0.00, 100.00, 0.00, 2.25, 0, 0 
6, 74433, 736739943, 0.00, 100.00, 0.00, 2.25, 0, 0 
7, 74433, 737263928, 0.00, 100.00, 0.00, 2.25, 0, 0 
8, 74433, 737833915, 0.00, 100.00, 0.00, 2.25, 0, 0 
9, 74433, 738672327, 0.00, 100.00, 0.00, 2.25, 0, 0 
0, 74433, 739790507, 0.00, 100.00, 0.00, 2.25, 0, 0 
1, 74433, 741106810, 0.00, 100.00, 0.00, 2.25, 0, 0 
2, 74433, 741766254, 0.00, 100.00, 0.00, 2.25, 0, 0 
3, 74433, 742279011, 0.00, 100.00, 0.00, 2.25, 0, 0 
4, 74433, 742792328, 0.00, 100.00, 0.00, 2.25, 0, 0 
5, 74433, 743320565, 0.00, 100.00, 0.00, 2.25, 0, 0 
6, 74433, 743835618, 0.00, 100.00, 0.00, 2.25, 0, 0 
7, 74433, 744365402, 0.00, 100.00, 0.00, 2.25, 0, 0 
8, 74433, 744885732, 0.00, 100.00, 0.00, 2.25, 0, 0 
9, 74433, 745409310, 0.00, 100.00, 0.00, 2.25, 0, 0 
0, 74433, 745946590, 0.00, 100.00, 0.00, 2.25, 0, 0 
1, 74433, 746468887, 0.00, 100.00, 0.00, 2.25, 0, 0 
2, 74433, 746977688, 0.00, 100.00, 0.00, 2.25, 0, 0 
3, 74433, 747480178, 0.00, 100.00, 0.00, 2.25, 0, 0 
4, 74433, 748007648, 0.00, 100.00, 0.00, 2.25, 0, 0 
5, 74433, 748536906, 0.00, 100.00, 0.00, 2.25, 0, 0 
6, 74433, 749059939, 0.00, 100.00, 0.00, 2.25, 0, 0 
7, 74433, 749581413, 0.00, 100.00, 0.00, 2.25, 0, 0 
8, 74433, 750102576, 0.00, 100.00, 0.00, 2.25, 0, 0 
9, 74433, 750972656, 0.00, 100.00, 0.00, 2.25, 0, 0 
0, 74433, 751463109, 0.00, 100.00, 0.00, 2.25, 0, 0 
1, 74433, 751985797, 0.00, 100.00, 0.00, 2.25, 0, 0 
2, 74433, 752503294, 0.00, 100.00, 0.00, 2.25, 0, 0 
3, 74433, 753036962, 0.00, 100.00, 0.00, 2.25, 0, 0 
4, 74433, 753546082, 0.00, 100.00, 0.00, 2.25, 0, 0 
5, 74433, 754091529, 0.00, 100.00, 0.00, 2.25, 0, 0 
6, 74433, 754791803, 0.00, 100.00, 0.00, 2.25, 0, 0 
7, 74433, 755737200, 0.00, 100.00, 0.00, 2.25, 0, 0 
8, 74433, 756718410, 0.00, 100.00, 0.00, 2.25, 0, 0 
9, 74433, 757602441, 0.00, 100.00, 0.00, 2.25, 0, 0 
0, 74433, 758295755, 0.00, 100.00, 0.00, 2.25, 0, 0 
1, 74433, 758869309, 0.00, 100.00, 0.00, 2.25, 0, 0 
2, 74433, 759442800, 0.00, 100.00, 0.00, 2.25, 0, 0 
3, 74433, 759961861, 0.00, 100.00, 0.00, 2.25, 0, 0 
4, 74433, 760492505, 0.00, 100.00, 0.00, 2.25, 0, 0 
5, 74433, 761023478, 0.00, 100.00, 0.00, 2.25, 0, 0 
6, 74433, 761541914, 0.00, 100.00, 0.00, 2.25, 0, 0 
7, 74433, 762034218, 0.00, 100.00, 0.00, 2.25, 0, 0 
8, 74433, 762549451, 0.00, 100.00, 0.00, 2.25, 0, 0 
9, 74433, 763096226, 0.00, 100.00, 0.00, 2.25, 0, 0 
0, 74433, 763631950, 0.00, 100.00, 0.00, 2.25, 0, 0 
1, 74433, 764137107, 0.00, 100.00, 0.00, 2.25, 0, 0 
2, 74433, 765017485, 0.00, 100.00, 0.00, 2.25, 0, 0 
3, 74433, 765568705, 0.00, 100.00, 0.00, 2.25, 0, 0 
4, 74433, 766356966, 0.00, 100.00, 0.00, 2.25, 0, 0 
5, 74433, 767173886, 0.00, 100.00, 0.00, 2.25, 0, 0 
6, 74433, 767666729, 0.00, 100.00, 0.00, 2.25, 0, 0 
7, 74433, 768287244, 0.00, 100.00, 0.00, 2.25, 0, 0 
8, 74433, 768840711, 0.00, 100.00, 0.00, 2.25, 0, 0 
9, 74433, 769346672, 0.00, 100.00, 0.00, 2.25, 0, 0 
0, 74433, 769877760, 0.00, 100.00, 0.00, 2.25, 0, 0 
1, 74433, 770435265, 0.00, 100.00, 0.00, 2.25, 0, 0 
2, 74433, 770910150, 0.00, 100.00, 0.00, 2.25, 0, 0 
3, 74433, 771431381, 0.00, 100.00, 0.00, 2.25, 0, 0 
4, 74433, 771957159, 0.00, 100.00, 0.00, 2.25, 0, 0 
5, 74433, 772473560, 0.00, 100.00, 0.00, 2.25, 0, 0 
6, 74433, 773018672, 0.00, 100.00, 0.00, 2.25, 0, 0 
7, 74433, 773557807, 0.00, 100.00, 0.00, 2.25, 0, 0 
8, 74433, 774083083, 0.00, 100.00, 0.00, 2.25, 0, 0 
9, 74433, 774611365, 0.00, 100.00, 0.00, 2.25, 0, 0 
0, 74433, 775147134, 0.00, 100.00, 0.00, 2.25, 0, 0 
1, 74433, 775675170, 0.00, 100.00, 0.00, 2.25, 0, 0 
2, 74433, 776175026, 0.00, 100.00, 0.00, 2.25, 0, 0 
3, 74433, 776707577, 0.00, 100.00, 0.00, 2.25, 0, 0 
4, 74433, 777226966, 0.00, 100.00, 0.00, 2.25, 0, 0 
5, 74433, 777753478, 0.00, 100.00, 0.00, 2.25, 0, 0 
6, 74433, 778283964, 0.00, 100.00, 0.00, 2.25, 0, 0 
7, 74433, 778813405, 0.00, 100.00, 0.00, 2.25, 0, 0 
8, 74433, 779329221, 0.00, 100.00, 0.00, 2.25, 0, 0 
9, 74433, 779858277, 0.00, 100.00, 0.00, 2.25, 0, 0 
0, 74433, 780385985, 0.00, 100.00, 0.00, 2.25, 0, 0 
1, 74433, 780903455, 0.00, 100.00, 0.00, 2.25, 0, 0 
2, 74433, 781414379, 0.00, 100.00, 0.00, 2.25, 0, 0 
3, 74433, 781955853, 0.00, 100.00, 0.00, 2.25, 0, 0 
4, 74433, 782472612, 0.00, 100.00, 0.00, 2.25, 0, 0 
5, 74433, 782994459, 0.00, 100.00, 0.00, 2.25, 0, 0 
6, 74433, 783505673, 0.00, 100.00, 0.00, 2.25, 0, 0 
7, 74433, 784046985, 0.00, 100.00, 0.00, 2.25, 0, 0 
8, 74433, 784577728, 0.00, 100.00, 0.00, 2.25, 0, 0 
9, 74433, 785084430, 0.00, 100.00, 0.00, 2.25, 0, 0 
0, 74433, 785616569, 0.00, 100.00, 0.00, 2.25, 0, 0 
1, 74433, 786137570, 0.00, 100.00, 0.00, 2.25, 0, 0 
2, 74433, 786658318, 0.00, 100.00, 0.00, 2.25, 0, 0 
3, 74433, 787166772, 0.00, 100.00, 0.00, 2.25, 0, 0 
4, 74433, 787686915, 0.00, 100.00, 0.00, 2.25, 0, 0 
5, 74433, 788204926, 0.00, 100.00, 0.00, 2.25, 0, 0 
6, 74433, 788746251, 0.00, 100.00, 0.00, 2.25, 0, 0 
7, 74433, 789261946, 0.00, 100.00, 0.00, 2.25, 0, 0 
8, 74433, 789783832, 0.00, 100.00, 0.00, 2.25, 0, 0 
9, 74433, 790313369, 0.00, 100.00, 0.00, 2.25, 0, 0 
0, 74433, 790838954, 0.00, 100.00, 0.00, 2.25, 0, 0 
1, 74433, 791372235, 0.00, 100.00, 0.00, 2.25, 0, 0 
2, 74433, 791893699, 0.00, 100.00, 0.00, 2.25, 0, 0 
3, 74433, 792414183, 0.00, 100.00, 0.00, 2.25, 0, 0 
4, 74433, 792928496, 0.00, 100.00, 0.00, 2.25, 0, 0 
5, 74433, 793450810, 0.00, 100.00, 0.00, 2.25, 0, 0 
6, 74433, 793973079, 0.00, 100.00, 0.00, 2.25, 0, 0 
7, 74433, 794506255, 0.00, 100.00, 0.00, 2.25, 0, 0 
8, 74433, 795039304, 0.00, 100.00, 0.00, 2.25, 0, 0 
9, 74433, 795551986, 0.00, 100.00, 0.00, 2.25, 0, 0 
0, 74433, 796120749, 0.00, 100.00, 0.00, 2.25, 0, 0 
1, 74433, 796613592, 0.00, 100.00, 0.00, 2.25, 0, 0 
2, 74433, 797129260, 0.00, 100.00, 0.00, 2.25, 0, 0 
3, 74433, 797650500, 0.00, 100.00, 0.00, 2.25, 0, 0 
4, 74433, 798164064, 0.00, 100.00, 0.00, 2.25, 0, 0 
5, 74433, 798680343, 0.00, 100.00, 0.00, 2.25, 0, 0 
6, 74433, 799209223, 0.00, 100.00, 0.00, 2.25, 0, 0 
7, 74433, 799733740, 0.00, 100.00, 0.00, 2.25, 0, 0 
8, 74433, 800261455, 0.00, 100.00, 0.00, 2.25, 0, 0 
9, 74433, 800788566, 0.00, 100.00, 0.00, 2.25, 0, 0 
0, 74433, 801330067, 0.00, 100.00, 0.00, 2.25, 0, 0 
1, 74433, 801840555, 0.00, 100.00, 0.00, 2.25, 0, 0 
2, 74433, 802353481, 0.00, 100.00, 0.00, 2.25, 0, 0 
3, 74433, 802869517, 0.00, 100.00, 0.00, 2.25, 0, 0 
4, 74433, 803390348, 0.00, 100.00, 0.00, 2.25, 0, 0 
5, 74433, 803917558, 0.00, 100.00, 0.00, 2.25, 0, 0 
6, 74433, 804437538, 0.00, 100.00, 0.00, 2.25, 0, 0 
7, 74433, 804962080, 0.00, 100.00, 0.00, 2.25, 0, 0 
8, 74433, 805481773, 0.00, 100.00, 0.00, 2.25, 0, 0 
9, 74433, 806004394, 0.00, 100.00, 0.00, 2.25, 0, 0 
0, 74433, 806595805, 0.00, 100.00, 0.00, 2.25, 0, 0 
1, 74433, 807368704, 0.00, 100.00, 0.00, 2.25, 0, 0 
2, 74433, 808621519, 0.00, 100.00, 0.00, 2.25, 0, 0 
3, 74433, 809734419, 0.00, 100.00, 0.00, 2.25, 0, 0 
4, 74433, 810492326, 0.00, 100.00, 0.00, 2.25, 0, 0 
5, 74433, 811410230, 0.00, 100.00, 0.00, 2.25, 0, 0 
6, 74433, 812406542, 0.00, 100.00, 0.00, 2.25, 0, 0 
7, 74433, 812880243, 0.00, 100.00, 0.00, 2.25, 0, 0 
8, 74433, 813382698, 0.00, 100.00, 0.00, 2.25, 0, 0 
9, 74433, 813912020, 0.00, 100.00, 0.00, 2.25, 0, 0 
0, 74433, 814448823, 0.00, 100.00, 0.00, 2.25, 0, 0 
1, 74433, 814970289, 0.00, 100.00, 0.00, 2.25, 0, 0 
2, 74433, 815487240, 0.00, 100.00, 0.00, 2.25, 0, 0 
3, 74433, 816422805, 0.00, 100.00, 0.00, 2.25, 0, 0 
4, 74433, 817185482, 0.00, 100.00, 0.00, 2.25, 0, 0 
5, 74433, 817691992, 0.00, 100.00, 0.00, 2.25, 0, 0 
6, 74433, 818718043, 0.00, 100.00, 0.00, 2.25, 0, 0 
7, 74433, 819727265, 0.00, 100.00, 0.00, 2.25, 0, 0 
8, 74433, 820207676, 0.00, 100.00, 0.00, 2.25, 0, 0 
9, 74433, 820728423, 0.00, 100.00, 0.00, 2.25, 0, 0 
0, 74433, 821258460, 0.00, 100.00, 0.00, 2.25, 0, 0 
1, 74433, 821773302, 0.00, 100.00, 0.00, 2.25, 0, 0 
2, 74433, 822284287, 0.00, 100.00, 0.00, 2.25, 0, 0 
3, 74433, 822805279, 0.00, 100.00, 0.00, 2.25, 0, 0 
4, 74433, 823359657, 0.00, 100.00, 0.00, 2.25, 0, 0 
5, 74433, 823911059, 0.00, 100.00, 0.00, 2.25, 0, 0 
6, 74433, 824460472, 0.00, 100.00, 0.00, 2.25, 0, 0 
7, 74433, 824989867, 0.00, 100.00, 0.00, 2.25, 0, 0 
8, 74433, 825800342, 0.00, 100.00, 0.00, 2.25, 0, 0 
9, 74433, 827022277, 0.00, 100.00, 0.00, 2.25, 0, 0 
0, 74433, 828287091, 0.00, 100.00, 0.00, 2.25, 0, 0 
1, 74433, 829266426, 0.00, 100.00, 0.00, 2.25, 0, 0 
2, 74433, 829744727, 0.00, 100.00, 0.00, 2.25, 0, 0 
3, 74433, 830285158, 0.00, 100.00, 0.00, 2.25, 0, 0 
4, 74433, 830795686, 0.00, 100.00, 0.00, 2.25, 0, 0 
5, 74433, 831305550, 0.00, 100.00, 0.00, 2.25, 0, 0 
6, 74433, 831884063, 0.00, 100.00, 0.00, 2.25, 0, 0 
7, 74433, 832445186, 0.00, 100.00, 0.00, 2.25, 0, 0 
8, 74433, 833232951, 0.00, 100.00, 0.00, 2.25, 0, 0 
9, 74433, 834347538, 0.00, 100.00, 0.00, 2.25, 0, 0 
0, 74433, 834907554, 0.00, 100.00, 0.00, 2.25, 0, 0 
1, 74433, 835406981, 0.00, 100.00, 0.00, 2.25, 0, 0 
2, 74433, 835910622, 0.00, 100.00, 0.00, 2.25, 0, 0 
3, 74433, 836444949, 0.00, 100.00, 0.00, 2.25, 0, 0 
4, 74433, 836976148, 0.00, 100.00, 0.00, 2.25, 0, 0 
5, 74433, 837470632, 0.00, 100.00, 0.00, 2.25, 0, 0 
6, 74433, 838362938, 0.00, 100.00, 0.00, 2.25, 0, 0 
7, 74433, 839447704, 0.00, 100.00, 0.00, 2.25, 0, 0 
8, 74433, 840486200, 0.00, 100.00, 0.00, 2.25, 0, 0 
9, 74433, 841353603, 0.00, 100.00, 0.00, 2.25, 0, 0 
0, 74433, 842001277, 0.00, 100.00, 0.00, 2.25, 0, 0 
1, 74433, 842513764, 0.00, 100.00, 0.00, 2.25, 0, 0 
2, 74433, 842990514, 0.00, 100.00, 0.00, 2.25, 0, 0 
3, 74433, 843535717, 0.00, 100.00, 0.00, 2.25, 0, 0 
4, 74433, 844068306, 0.00, 100.00, 0.00, 2.25, 0, 0 
5, 74433, 844577851, 0.00, 100.00, 0.00, 2.25, 0, 0 
6, 74433, 845107527, 0.00, 100.00, 0.00, 2.25, 0, 0 
7, 74433, 845620079, 0.00, 100.00, 0.00, 2.25, 0, 0 
8, 74433, 846143394, 0.00, 100.00, 0.00, 2.25, 0, 0 
9, 74433, 846659001, 0.00, 100.00, 0.00, 2.25, 0, 0 
0, 74433, 847194932, 0.00, 100.00, 0.00, 2.25, 0, 0 
1, 74433, 847724974, 0.00, 100.00, 0.00, 2.25, 0, 0 
2, 74433, 848223509, 0.00, 100.00, 0.00, 2.25, 0, 0 
3, 74433, 848753980, 0.00, 100.00, 0.00, 2.25, 0, 0 
4, 74433, 849243131, 0.00, 100.00, 0.00, 2.25, 0, 0 
5, 74433, 849790425, 0.00, 100.00, 0.00, 2.25, 0, 0 
6, 74433, 850303593, 0.00, 100.00, 0.00, 2.25, 0, 0 
7, 74433, 850828400, 0.00, 100.00, 0.00, 2.25, 0, 0 
8, 74433, 851339735, 0.00, 100.00, 0.00, 2.25, 0, 0 
9, 74433, 851877972, 0.00, 100.00, 0.00, 2.25, 0, 0 
0, 74433, 852376447, 0.00, 100.00, 0.00, 2.25, 0, 0 
1, 74433, 852945693, 0.00, 100.00, 0.00, 2.25, 0, 0 
2, 74433, 853472018, 0.00, 100.00, 0.00, 2.25, 0, 0 
3, 74433, 854005106, 0.00, 100.00, 0.00, 2.25, 0, 0 
4, 74433, 854547712, 0.00, 100.00, 0.00, 2.25, 0, 0 
5, 74433, 855387123, 0.00, 100.00, 0.00, 2.25, 0, 0 
6, 74433, 856585724, 0.00, 100.00, 0.00, 2.25, 0, 0 
7, 74433, 857850748, 0.00, 100.00, 0.00, 2.25, 0, 0 
8, 74433, 858478061, 0.00, 100.00, 0.00, 2.25, 0, 0 
9, 74433, 858947512, 0.00, 100.00, 0.00, 2.25, 0, 0 
0, 74433, 859508016, 0.00, 100.00, 0.00, 2.25, 0, 0 
1, 74433, 860032367, 0.00, 100.00, 0.00, 2.25, 0, 0 
2, 74433, 860583701, 0.00, 100.00, 0.00, 2.25, 0, 0 
3, 74433, 861107587, 0.00, 100.00, 0.00, 2.25, 0, 0 
4, 74433, 861626347, 0.00, 100.00, 0.00, 2.25, 0, 0 
5, 74433, 862150239, 0.00, 100.00, 0.00, 2.25, 0, 0 
6, 74433, 862661415, 0.00, 100.00, 0.00, 2.25, 0, 0 
7, 74433, 863186320, 0.00, 100.00, 0.00, 2.25, 0, 0 
8, 74433, 863708139, 0.00, 100.00, 0.00, 2.25, 0, 0 
9, 74433, 864268084, 0.00, 100.00, 0.00, 2.25, 0, 0 
0, 74433, 864837987, 0.00, 100.00, 0.00, 2.25, 0, 0 
1, 74433, 865366639, 0.00, 100.00, 0.00, 2.25, 0, 0 
2, 74433, 865694260, 0.00, 100.00, 0.00, 2.25, 0, 0 
3, 74433, 866237023, 0.00, 100.00, 0.00, 2.25, 0, 0 
4, 74433, 866751925, 0.00, 100.00, 0.00, 2.25, 0, 0 
5, 74433, 867247812, 0.00, 100.00, 0.00, 2.25, 0, 0 
6, 74433, 867767808, 0.00, 100.00, 0.00, 2.25, 0, 0 
7, 74433, 868288540, 0.00, 100.00, 0.00, 2.25, 0, 0 
8, 74433, 868811883, 0.00, 100.00, 0.00, 2.25, 0, 0 
9, 74433, 869342842, 0.00, 100.00, 0.00, 2.25, 0, 0 
0, 74433, 869883640, 0.00, 100.00, 0.00, 2.25, 0, 0 
1, 74433, 870406654, 0.00, 100.00, 0.00, 2.25, 0, 0 
2, 74433, 870920612, 0.00, 100.00, 0.00, 2.25, 0, 0 
3, 74433, 872087978, 0.00, 100.00, 0.00, 2.25, 0, 0 
4, 74433, 873260509, 0.00, 100.00, 0.00, 2.25, 0, 0 
5, 74433, 874388499, 0.00, 100.00, 0.00, 2.25, 0, 0 
6, 74433, 875211229, 0.00, 100.00, 0.00, 2.25, 0, 0 
7, 74433, 875702345, 0.00, 100.00, 0.00, 2.25, 0, 0 
8, 74433, 876194257, 0.00, 100.00, 0.00, 2.25, 0, 0 
9, 74433, 876716567, 0.00, 100.00, 0.00, 2.25, 0, 0 
0, 74433, 877304026, 0.00, 100.00, 0.00, 2.25, 0, 0 
1, 74433, 877820045, 0.00, 100.00, 0.00, 2.25, 0, 0 
2, 74433, 878340452, 0.00, 100.00, 0.00, 2.25, 0, 0 
3, 74433, 878885586, 0.00, 100.00, 0.00, 2.25, 0, 0 
4, 74433, 879454854, 0.00, 100.00, 0.00, 2.25, 0, 0 
5, 74433, 880111694, 0.00, 100.00, 0.00, 2.25, 0, 0 
6, 74433, 880640916, 0.00, 100.00, 0.00, 2.25, 0, 0 
7, 74433, 881151181, 0.00, 100.00, 0.00, 2.25, 0, 0 
8, 74433, 881922871, 0.00, 100.00, 0.00, 2.25, 0, 0 
9, 74433, 882445676, 0.00, 100.00, 0.00, 2.25, 0, 0 
0, 74433, 883247977, 0.00, 100.00, 0.00, 2.25, 0, 0 
1, 74433, 884015165, 0.00, 100.00, 0.00, 2.25, 0, 0 
2, 74433, 884542269, 0.00, 100.00, 0.00, 2.25, 0, 0 
3, 74433, 885112116, 0.00, 100.00, 0.00, 2.25, 0, 0 
4, 74433, 885636930, 0.00, 100.00, 0.00, 2.25, 0, 0 
5, 74433, 886140767, 0.00, 100.00, 0.00, 2.25, 0, 0 
6, 74433, 886987145, 0.00, 100.00, 0.00, 2.25, 0, 0 
7, 74433, 887717287, 0.00, 100.00, 0.00, 2.25, 0, 0 
8, 74433, 888563222, 0.00, 100.00, 0.00, 2.25, 0, 0 
9, 74433, 888953437, 0.00, 100.00, 0.00, 2.25, 0, 0 
0, 74433, 889508388, 0.00, 100.00, 0.00, 2.25, 0, 0 
1, 74433, 890139695, 0.00, 100.00, 0.00, 2.25, 0, 0 
2, 74433, 890610961, 0.00, 100.00, 0.00, 2.25, 0, 0 
3, 74433, 891129962, 0.00, 100.00, 0.00, 2.25, 0, 0 
4, 74433, 891656052, 0.00, 100.00, 0.00, 2.25, 0, 0 
5, 74433, 892239430, 0.00, 100.00, 0.00, 2.25, 0, 0 
6, 74433, 892799217, 0.00, 100.00, 0.00, 2.25, 0, 0 
7, 74433, 893373354, 0.00, 100.00, 0.00, 2.25, 0, 0 
8, 74433, 894281236, 0.00, 100.00, 0.00, 2.25, 0, 0 
9, 74433, 895176514, 0.00, 100.00, 0.00, 2.25, 0, 0 
0, 74433, 896085364, 0.00, 100.00, 0.00, 2.25, 0, 0 
1, 74433, 897000801, 0.00, 100.00, 0.00, 2.25, 0, 0 
2, 74433, 897559400, 0.00, 100.00, 0.00, 2.25, 0, 0 
3, 74433, 897936282, 0.00, 100.00, 0.00, 2.25, 0, 0 
4, 74433, 898686890, 0.00, 100.00, 0.00, 2.25, 0, 0 
5, 74433, 899364946, 0.00, 100.00, 0.00, 2.25, 0, 0 
6, 74433, 899944196, 0.00, 100.00, 0.00, 2.25, 0, 0 
7, 74433, 900673914, 0.00, 100.00, 0.00, 2.25, 0, 0 
8, 74433, 901075818, 0.00, 100.00, 0.00, 2.25, 0, 0 
9, 74433, 901971182, 0.00, 100.00, 0.00, 2.25, 0, 0 
0, 74433, 902726735, 0.00, 100.00, 0.00, 2.25, 0, 0 
1, 74433, 903122647, 0.00, 100.00, 0.00, 2.25, 0, 0 
2, 74433, 903995534, 0.00, 100.00, 0.00, 2.25, 0, 0 
3, 74433, 904722117, 0.00, 100.00, 0.00, 2.25, 0, 0 
4, 74433, 905504900, 0.00, 100.00, 0.00, 2.25, 0, 0 
5, 74433, 905892259, 0.00, 100.00, 0.00, 2.25, 0, 0 
6, 74433, 906645549, 0.00, 100.00, 0.00, 2.25, 0, 0 
7, 74433, 907391132, 0.00, 100.00, 0.00, 2.25, 0, 0 
8, 74433, 907771582, 0.00, 100.00, 0.00, 2.25, 0, 0 
9, 74433, 908647415, 0.00, 100.00, 0.00, 2.25, 0, 0 
0, 74433, 909041131, 0.00, 100.00, 0.00, 2.25, 0, 0 
1, 74433, 909781549, 0.00, 100.00, 0.00, 2.25, 0, 0 
2, 74433, 910631080, 0.00, 100.00, 0.00, 2.25, 0, 0 
3, 74433, 911394124, 0.00, 100.00, 0.00, 2.25, 0, 0 
4, 74433, 912254656, 0.00, 100.00, 0.00, 2.25, 0, 0 
5, 74433, 913122073, 0.00, 100.00, 0.00, 2.25, 0, 0 
6, 74433, 914006682, 0.00, 100.00, 0.00, 2.25, 0, 0 
7, 74433, 914660834, 0.00, 100.00, 0.00, 2.25, 0, 0 
8, 74433, 915404782, 0.00, 100.00, 0.00, 2.25, 0, 0 
9, 74433, 916049476, 0.00, 100.00, 0.00, 2.25, 0, 0 
0, 74433, 916784152, 0.00, 100.00, 0.00, 2.25, 0, 0 
1, 74433, 917509585, 0.00, 100.00, 0.00, 2.25, 0, 0 
2, 74433, 918214463, 0.00, 100.00, 0.00, 2.25, 0, 0 
3, 74433, 918939533, 0.00, 100.00, 0.00, 2.25, 0, 0 
4, 74433, 919646650, 0.00, 100.00, 0.00, 2.25, 0, 0 
5, 74433, 920367509, 0.00, 100.00, 0.00, 2.25, 0, 0 
6, 74433, 921053692, 0.00, 100.00, 0.00, 2.25, 0, 0 
7, 74433, 921773668, 0.00, 100.00, 0.00, 2.25, 0, 0 
8, 74433, 922308808, 0.00, 100.00, 0.00, 2.25, 0, 0 
9, 74433, 922999247, 0.00, 100.00, 0.00, 2.25, 0, 0 
0, 74433, 923389772, 0.00, 100.00, 0.00, 2.25, 0, 0 
1, 74433, 924076240, 0.00, 100.00, 0.00, 2.25, 0, 0 
2, 74433, 924579069, 0.00, 100.00, 0.00, 2.25, 0, 0 
3, 74433, 925239605, 0.00, 100.00, 0.00, 2.25, 0, 0 
4, 74433, 925945650, 0.00, 100.00, 0.00, 2.25, 0, 0 
5, 74433, 926646852, 0.00, 100.00, 0.00, 2.25, 0, 0 
6, 74433, 927383726, 0.00, 100.00, 0.00, 2.25, 0, 0 
7, 74433, 928091203, 0.00, 100.00, 0.00, 2.25, 0, 0 
8, 74433, 928835494, 0.00, 100.00, 0.00, 2.25, 0, 0 
9, 74433, 929569233, 0.00, 100.00, 0.00, 2.25, 0, 0 
0, 74433, 930247418, 0.00, 100.00, 0.00, 2.25, 0, 0 
1, 74433, 930762648, 0.00, 100.00, 0.00, 2.25, 0, 0 
2, 74433, 931252512, 0.00, 100.00, 0.00, 2.25, 0, 0 
3, 74433, 931765995, 0.00, 100.00, 0.00, 2.25, 0, 0 
4, 74433, 932288710, 0.00, 100.00, 0.00, 2.25, 0, 0 
5, 74433, 932810891, 0.00, 100.00, 0.00, 2.25, 0, 0 
6, 74433, 933330946, 0.00, 100.00, 0.00, 2.25, 0, 0 
7, 74433, 933855028, 0.00, 100.00, 0.00, 2.25, 0, 0 
8, 74433, 934378000, 0.00, 100.00, 0.00, 2.25, 0, 0 
9, 74433, 934895999, 0.00, 100.00, 0.00, 2.25, 0, 0 
0, 74433, 935430001, 0.00, 100.00, 0.00, 2.25, 0, 0 
1, 74433, 935951086, 0.00, 100.00, 0.00, 2.25, 0, 0 
2, 74433, 936462984, 0.00, 100.00, 0.00, 2.25, 0, 0 
3, 74433, 936982912, 0.00, 100.00, 0.00, 2.25, 0, 0 
4, 74433, 937500631, 0.00, 100.00, 0.00, 2.25, 0, 0 
5, 74433, 938021996, 0.00, 100.00, 0.00, 2.25, 0, 0 
6, 74433, 938543427, 0.00, 100.00, 0.00, 2.25, 0, 0 
7, 74433, 939065203, 0.00, 100.00, 0.00, 2.25, 0, 0 
8, 74433, 939583543, 0.00, 100.00, 0.00, 2.25, 0, 0 
9, 74433, 940109527, 0.00, 100.00, 0.00, 2.25, 0, 0 
0, 74433, 940642828, 0.00, 100.00, 0.00, 2.25, 0, 0 
1, 74433, 941163715, 0.00, 100.00, 0.00, 2.25, 0, 0 
2, 74433, 941674156, 0.00, 100.00, 0.00, 2.25, 0, 0 
3, 74433, 942192548, 0.00, 100.00, 0.00, 2.25, 0, 0 
4, 74433, 942714157, 0.00, 100.00, 0.00, 2.25, 0, 0 
5, 74433, 943235810, 0.00, 100.00, 0.00, 2.25, 0, 0 
6, 74433, 943756606, 0.00, 100.00, 0.00, 2.25, 0, 0 
7, 74433, 944281637, 0.00, 100.00, 0.00, 2.25, 0, 0 
8, 74433, 944802915, 0.00, 100.00, 0.00, 2.25, 0, 0 
9, 74433, 945321273, 0.00, 100.00, 0.00, 2.25, 0, 0 
0, 74433, 945858393, 0.00, 100.00, 0.00, 2.25, 0, 0 
1, 74433, 946380752, 0.00, 100.00, 0.00, 2.25, 0, 0 
2, 74433, 946887237, 0.00, 100.00, 0.00, 2.25, 0, 0 
3, 74433, 947414235, 0.00, 100.00, 0.00, 2.25, 0, 0 
4, 74433, 947930985, 0.00, 100.00, 0.00, 2.25, 0, 0 
5, 74433, 948453416, 0.00, 100.00, 0.00, 2.25, 0, 0 
6, 74433, 948975571, 0.00, 100.00, 0.00, 2.25, 0, 0 
7, 74433, 949495844, 0.00, 100.00, 0.00, 2.25, 0, 0 
8, 74433, 950015555, 0.00, 100.00, 0.00, 2.25, 0, 0 
9, 74433, 950536525, 0.00, 100.00, 0.00, 2.25, 0, 0 
0, 74433, 951073950, 0.00, 100.00, 0.00, 2.25, 0, 0 
1, 74433, 951591966, 0.00, 100.00, 0.00, 2.25, 0, 0 
2, 74433, 952104406, 0.00, 100.00, 0.00, 2.25, 0, 0 
3, 74433, 952622285, 0.00, 100.00, 0.00, 2.25, 0, 0 
4, 74433, 953148474, 0.00, 100.00, 0.00, 2.25, 0, 0 
5, 74433, 953666267, 0.00, 100.00, 0.00, 2.25, 0, 0 
6, 74433, 954189335, 0.00, 100.00, 0.00, 2.25, 0, 0 
7, 74433, 954710271, 0.00, 100.00, 0.00, 2.25, 0, 0 
8, 74433, 955233102, 0.00, 100.00, 0.00, 2.25, 0, 0 
9, 74433, 955752970, 0.00, 100.00, 0.00, 2.25, 0, 0 
0, 74433, 956290496, 0.00, 100.00, 0.00, 2.25, 0, 0 
1, 74433, 956806105, 0.00, 100.00, 0.00, 2.25, 0, 0 
2, 74433, 957318088, 0.00, 100.00, 0.00, 2.25, 0, 0 
3, 74433, 957840215, 0.00, 100.00, 0.00, 2.25, 0, 0 
4, 74433, 958359932, 0.00, 100.00, 0.00, 2.25, 0, 0 
5, 74433, 958880397, 0.00, 100.00, 0.00, 2.25, 0, 0 
6, 74433, 959401376, 0.00, 100.00, 0.00, 2.25, 0, 0 
7, 74433, 959922568, 0.00, 100.00, 0.00, 2.25, 0, 0 
8, 74433, 960448138, 0.00, 100.00, 0.00, 2.25, 0, 0 
9, 74433, 960969200, 0.00, 100.00, 0.00, 2.25, 0, 0 
0, 74433, 961504809, 0.00, 100.00, 0.00, 2.25, 0, 0 
1, 74433, 962021814, 0.00, 100.00, 0.00, 2.25, 0, 0 
2, 74433, 962534520, 0.00, 100.00, 0.00, 2.25, 0, 0 
3, 74434, 159328, 0.00, 100.00, 0.00, 2.25, 0, 0 
4, 74434, 150677390, 0.00, 100.00, 0.00, 2.25, 0, 0 
5, 74434, 752741393, 0.00, 100.00, 0.00, 2.25, 0, 0 
6, 74434, 753866519, 0.00, 100.00, 0.00, 2.25, 0, 0 
7, 74434, 754833800, 0.00, 100.00, 0.00, 2.25, 0, 0 
8, 74434, 755847300, 0.00, 100.00, 0.00, 2.25, 0, 0 
9, 74434, 756884909, 0.00, 100.00, 0.00, 2.25, 0, 0 
0, 74434, 757935114, 0.00, 100.00, 0.00, 2.25, 0, 0 
1, 74434, 758962989, 0.00, 100.00, 0.00, 2.25, 0, 0 
2, 74434, 759896920, 0.00, 100.00, 0.00, 2.25, 0, 0 
3, 74434, 760831769, 0.00, 100.00, 0.00, 2.25, 0, 0 
4, 74434, 761615367, 0.00, 100.00, 0.00, 2.25, 0, 0 
5, 74434, 762484043, 0.00, 100.00, 0.00, 2.25, 0, 0 
6, 74434, 763391947, 0.00, 100.00, 0.00, 2.25, 0, 0 
7, 74434, 764257250, 0.00, 100.00, 0.00, 2.25, 0, 0 
8, 74434, 765003013, 0.00, 100.00, 0.00, 2.25, 0, 0 
9, 74434, 765843638, 0.00, 100.00, 0.00, 2.25, 0, 0 
0, 74434, 766817737, 0.00, 100.00, 0.00, 2.25, 0, 0 
1, 74434, 767724409, 0.00, 100.00, 0.00, 2.25, 0, 0 
2, 74434, 768542540, 0.00, 100.00, 0.00, 2.25, 0, 0 
3, 74434, 769321900, 0.00, 100.00, 0.00, 2.25, 0, 0 
4, 74434, 770137045, 0.00, 100.00, 0.00, 2.25, 0, 0 
5, 74434, 771059552, 0.00, 100.00, 0.00, 2.25, 0, 0 
6, 74434, 772081619, 0.00, 100.00, 0.00, 2.25, 0, 0 
7, 74434, 773029300, 0.00, 100.00, 0.00, 2.25, 0, 0 
8, 74434, 773808066, 0.00, 100.00, 0.00, 2.25, 0, 0 
9, 74434, 774561561, 0.00, 100.00, 0.00, 2.25, 0, 0 
0, 74434, 775358712, 0.00, 100.00, 0.00, 2.25, 0, 0 
1, 74434, 776178349, 0.00, 100.00, 0.00, 2.25, 0, 0 
2, 74434, 777023098, 0.00, 100.00, 0.00, 2.25, 0, 0 
3, 74434, 777886364, 0.00, 100.00, 0.00, 2.25, 0, 0 
4, 74434, 778756578, 0.00, 100.00, 0.00, 2.25, 0, 0 
5, 74434, 779553712, 0.00, 100.00, 0.00, 2.25, 0, 0 
6, 74434, 780423895, 0.00, 100.00, 0.00, 2.25, 0, 0 
7, 74434, 781255441, 0.00, 100.00, 0.00, 2.25, 0, 0 
8, 74434, 782098015, 0.00, 100.00, 0.00, 2.25, 0, 0 
9, 74434, 782854383, 0.00, 100.00, 0.00, 2.25, 0, 0 
0, 74434, 783655307, 0.00, 100.00, 0.00, 2.25, 0, 0 
1, 74434, 784597634, 0.00, 100.00, 0.00, 2.25, 0, 0 
2, 74434, 785470830, 0.00, 100.00, 0.00, 2.25, 0, 0 
3, 74434, 786276469, 0.00, 100.00, 0.00, 2.25, 0, 0 
4, 74434, 787047332, 0.00, 100.00, 0.00, 2.25, 0, 0 
5, 74434, 787843080, 0.00, 100.00, 0.00, 2.25, 0, 0 
6, 74434, 788596002, 0.00, 100.00, 0.00, 2.25, 0, 0 
7, 74434, 789332573, 0.00, 100.00, 0.00, 2.25, 0, 0 
8, 74434, 790145989, 0.00, 100.00, 0.00, 2.25, 0, 0 
9, 74434, 790901328, 0.00, 100.00, 0.00, 2.25, 0, 0 
0, 74434, 791684175, 0.00, 100.00, 0.00, 2.25, 0, 0 
1, 74434, 792538469, 0.00, 100.00, 0.00, 2.25, 0, 0 
2, 74434, 793473906, 0.00, 100.00, 0.00, 2.25, 0, 0 
3, 74434, 794435847, 0.00, 100.00, 0.00, 2.25, 0, 0 
4, 74434, 795308135, 0.00, 100.00, 0.00, 2.25, 0, 0 
5, 74434, 796156970, 0.00, 100.00, 0.00, 2.25, 0, 0 
6, 74434, 797083417, 0.00, 100.00, 0.00, 2.25, 0, 0 
7, 74434, 797923490, 0.00, 100.00, 0.00, 2.25, 0, 0 
8, 74434, 798810217, 0.00, 100.00, 0.00, 2.25, 0, 0 
9, 74434, 799726118, 0.00, 100.00, 0.00, 2.25, 0, 0 
0, 74434, 800669983, 0.00, 100.00, 0.00, 2.25, 0, 0 
1, 74434, 801663938, 0.00, 100.00, 0.00, 2.25, 0, 0 
2, 74434, 802527577, 0.00, 100.00, 0.00, 2.25, 0, 0 
3, 74434, 803320072, 0.00, 100.00, 0.00, 2.25, 0, 0 
4, 74434, 804143573, 0.00, 100.00, 0.00, 2.25, 0, 0 
5, 74434, 804930047, 0.00, 100.00, 0.00, 2.25, 0, 0 
6, 74434, 805673561, 0.00, 100.00, 0.00, 2.25, 0, 0 
7, 74434, 806454990, 0.00, 100.00, 0.00, 2.25, 0, 0 
8, 74434, 807141744, 0.00, 100.00, 0.00, 2.25, 0, 0 
9, 74434, 807807204, 0.00, 100.00, 0.00, 2.25, 0, 0 
0, 74434, 808550228, 0.00, 100.00, 0.00, 2.25, 0, 0 
1, 74434, 809259095, 0.00, 100.00, 0.00, 2.25, 0, 0 
2, 74434, 809952885, 0.00, 100.00, 0.00, 2.25, 0, 0 
3, 74434, 810672898, 0.00, 100.00, 0.00, 2.25, 0, 0 
4, 74434, 811362046, 0.00, 100.00, 0.00, 2.25, 0, 0 
5, 74434, 812075957, 0.00, 100.00, 0.00, 2.25, 0, 0 
6, 74434, 812867380, 0.00, 100.00, 0.00, 2.25, 0, 0 
7, 74434, 813548411, 0.00, 100.00, 0.00, 2.25, 0, 0 
8, 74434, 814250103, 0.00, 100.00, 0.00, 2.25, 0, 0 
9, 74434, 814897588, 0.00, 100.00, 0.00, 2.25, 0, 0 
0, 74434, 815611353, 0.00, 100.00, 0.00, 2.25, 0, 0 
1, 74434, 816509395, 0.00, 100.00, 0.00, 2.25, 0, 0 
2, 74434, 817276869, 0.00, 100.00, 0.00, 2.25, 0, 0 
3, 74434, 818013057, 0.00, 100.00, 0.00, 2.25, 0, 0 
4, 74434, 818728740, 0.00, 100.00, 0.00, 2.25, 0, 0 
5, 74434, 819475849, 0.00, 100.00, 0.00, 2.25, 0, 0 
6, 74434, 820175477, 0.00, 100.00, 0.00, 2.25, 0, 0 
7, 74434, 820925937, 0.00, 100.00, 0.00, 2.25, 0, 0 
8, 74434, 821730303, 0.00, 100.00, 0.00, 2.25, 0, 0 
9, 74434, 822512796, 0.00, 100.00, 0.00, 2.25, 0, 0 
0, 74434, 823362199, 0.00, 100.00, 0.00, 2.25, 0, 0 
1, 74434, 824246813, 0.00, 100.00, 0.00, 2.25, 0, 0 
2, 74434, 825087459, 0.00, 100.00, 0.00, 2.25, 0, 0 
3, 74434, 825911844, 0.00, 100.00, 0.00, 2.25, 0, 0 
4, 74434, 826676334, 0.00, 100.00, 0.00, 2.25, 0, 0 
5, 74434, 827403552, 0.00, 100.00, 0.00, 2.25, 0, 0 
6, 74434, 828207460, 0.00, 100.00, 0.00, 2.25, 0, 0 
7, 74434, 828993440, 0.00, 100.00, 0.00, 2.25, 0, 0 
8, 74434, 829845120, 0.00, 100.00, 0.00, 2.25, 0, 0 
9, 74434, 830622927, 0.00, 100.00, 0.00, 2.25, 0, 0 
0, 74434, 831661356, 0.00, 100.00, 0.00, 2.25, 0, 0 
1, 74434, 832531231, 0.00, 100.00, 0.00, 2.25, 0, 0 
2, 74434, 833321323, 0.00, 100.00, 0.00, 2.25, 0, 0 
3, 74434, 834068981, 0.00, 100.00, 0.00, 2.25, 0, 0 
4, 74434, 834810599, 0.00, 100.00, 0.00, 2.25, 0, 0 
5, 74434, 835536006, 0.00, 100.00, 0.00, 2.25, 0, 0 
6, 74434, 836284926, 0.00, 100.00, 0.00, 2.25, 0, 0 
7, 74434, 837017736, 0.00, 100.00, 0.00, 2.25, 0, 0 
8, 74434, 837795929, 0.00, 100.00, 0.00, 2.25, 0, 0 
9, 74434, 838531505, 0.00, 100.00, 0.00, 2.25, 0, 0 
0, 74434, 839319274, 0.00, 100.00, 0.00, 2.25, 0, 0 
1, 74434, 840116497, 0.00, 100.00, 0.00, 2.25, 0, 0 
2, 74434, 840806665, 0.00, 100.00, 0.00, 2.25, 0, 0 
3, 74434, 841466119, 0.00, 100.00, 0.00, 2.25, 0, 0 
4, 74434, 842183771, 0.00, 100.00, 0.00, 2.25, 0, 0 
5, 74434, 842840233, 0.00, 100.00, 0.00, 2.25, 0, 0 
6, 74434, 843490426, 0.00, 100.00, 0.00, 2.25, 0, 0 
7, 74434, 844230021, 0.00, 100.00, 0.00, 2.25, 0, 0 
8, 74434, 844962311, 0.00, 100.00, 0.00, 2.25, 0, 0 
9, 74434, 845617516, 0.00, 100.00, 0.00, 2.25, 0, 0 
0, 74434, 846437551, 0.00, 100.00, 0.00, 2.25, 0, 0 
1, 74434, 847176616, 0.00, 100.00, 0.00, 2.25, 0, 0 
2, 74434, 847885199, 0.00, 100.00, 0.00, 2.25, 0, 0 
3, 74434, 848589062, 0.00, 100.00, 0.00, 2.25, 0, 0 
4, 74434, 849282954, 0.00, 100.00, 0.00, 2.25, 0, 0 
5, 74434, 849928755, 0.00, 100.00, 0.00, 2.25, 0, 0 
6, 74434, 850569486, 0.00, 100.00, 0.00, 2.25, 0, 0 
7, 74434, 851215912, 0.00, 100.00, 0.00, 2.25, 0, 0 
8, 74434, 851918624, 0.00, 100.00, 0.00, 2.25, 0, 0 
9, 74434, 852602309, 0.00, 100.00, 0.00, 2.25, 0, 0 
0, 74434, 853342271, 0.00, 100.00, 0.00, 2.25, 0, 0 
1, 74434, 854063304, 0.00, 100.00, 0.00, 2.25, 0, 0 
2, 74434, 854948704, 0.00, 100.00, 0.00, 2.25, 0, 0 
3, 74434, 855669631, 0.00, 100.00, 0.00, 2.25, 0, 0 
4, 74434, 856453063, 0.00, 100.00, 0.00, 2.25, 0, 0 
5, 74434, 857158151, 0.00, 100.00, 0.00, 2.25, 0, 0 
6, 74434, 857821433, 0.00, 100.00, 0.00, 2.25, 0, 0 
7, 74434, 858462433, 0.00, 100.00, 0.00, 2.25, 0, 0 
8, 74434, 859171293, 0.00, 100.00, 0.00, 2.25, 0, 0 
9, 74434, 859853749, 0.00, 100.00, 0.00, 2.25, 0, 0 
0, 74434, 860698533, 0.00, 100.00, 0.00, 2.25, 0, 0 
1, 74434, 861432440, 0.00, 100.00, 0.00, 2.25, 0, 0 
2, 74434, 862103399, 0.00, 100.00, 0.00, 2.25, 0, 0 
3, 74434, 862750886, 0.00, 100.00, 0.00, 2.25, 0, 0 
4, 74434, 863396136, 0.00, 100.00, 0.00, 2.25, 0, 0 
5, 74434, 864070083, 0.00, 100.00, 0.00, 2.25, 0, 0 
6, 74434, 864800495, 0.00, 100.00, 0.00, 2.25, 0, 0 
7, 74434, 865530646, 0.00, 100.00, 0.00, 2.25, 0, 0 
8, 74434, 866299971, 0.00, 100.00, 0.00, 2.25, 0, 0 
9, 74434, 867062694, 0.00, 100.00, 0.00, 2.25, 0, 0 
0, 74434, 867906022, 0.00, 100.00, 0.00, 2.25, 0, 0 
1, 74434, 868769021, 0.00, 100.00, 0.00, 2.25, 0, 0 
2, 74434, 869438163, 0.00, 100.00, 0.00, 2.25, 0, 0 
3, 74434, 870065062, 0.00, 100.00, 0.00, 2.25, 0, 0 
4, 74434, 870840189, 0.00, 100.00, 0.00, 2.25, 0, 0 
5, 74434, 871586419, 0.00, 100.00, 0.00, 2.25, 0, 0 
6, 74434, 872447631, 0.00, 100.00, 0.00, 2.25, 0, 0 
7, 74434, 873265522, 0.00, 100.00, 0.00, 2.25, 0, 0 
8, 74434, 873938751, 0.00, 100.00, 0.00, 2.25, 0, 0 
9, 74434, 874660524, 0.00, 100.00, 0.00, 2.25, 0, 0 
0, 74434, 875389513, 0.00, 100.00, 0.00, 2.25, 0, 0 
1, 74434, 876227703, 0.00, 100.00, 0.00, 2.25, 0, 0 
2, 74434, 877029063, 0.00, 100.00, 0.00, 2.25, 0, 0 
3, 74434, 877816450, 0.00, 100.00, 0.00, 2.25, 0, 0 
4, 74434, 878559985, 0.00, 100.00, 0.00, 2.25, 0, 0 
5, 74434, 879264303, 0.00, 100.00, 0.00, 2.25, 0, 0 
6, 74434, 879965017, 0.00, 100.00, 0.00, 2.25, 0, 0 
7, 74434, 880750544, 0.00, 100.00, 0.00, 2.25, 0, 0 
8, 74434, 881417305, 0.00, 100.00, 0.00, 2.25, 0, 0 
9, 74434, 882083304, 0.00, 100.00, 0.00, 2.25, 0, 0 
0, 74434, 882762038, 0.00, 100.00, 0.00, 2.25, 0, 0 
1, 74434, 883483345, 0.00, 100.00, 0.00, 2.25, 0, 0 
2, 74434, 884312599, 0.00, 100.00, 0.00, 2.25, 0, 0 
3, 74434, 885075637, 0.00, 100.00, 0.00, 2.25, 0, 0 
4, 74434, 885784386, 0.00, 100.00, 0.00, 2.25, 0, 0 
5, 74434, 886434653, 0.00, 100.00, 0.00, 2.25, 0, 0 
6, 74434, 887081908, 0.00, 100.00, 0.00, 2.25, 0, 0 
7, 74434, 887741688, 0.00, 100.00, 0.00, 2.25, 0, 0 
8, 74434, 888546279, 0.00, 100.00, 0.00, 2.25, 0, 0 
9, 74434, 889320976, 0.00, 100.00, 0.00, 2.25, 0, 0 
0, 74434, 890072043, 0.00, 100.00, 0.00, 2.25, 0, 0 
1, 74434, 890793678, 0.00, 100.00, 0.00, 2.25, 0, 0 
2, 74434, 891514746, 0.00, 100.00, 0.00, 2.25, 0, 0 
3, 74434, 892295876, 0.00, 100.00, 0.00, 2.25, 0, 0 
4, 74434, 893045832, 0.00, 100.00, 0.00, 2.25, 0, 0 
5, 74434, 893756109, 0.00, 100.00, 0.00, 2.25, 0, 0 
6, 74434, 894441639, 0.00, 100.00, 0.00, 2.25, 0, 0 
7, 74434, 895280075, 0.00, 100.00, 0.00, 2.25, 0, 0 
8, 74434, 895982263, 0.00, 100.00, 0.00, 2.25, 0, 0 
9, 74434, 896735845, 0.00, 100.00, 0.00, 2.25, 0, 0 
0, 74434, 897418834, 0.00, 100.00, 0.00, 2.25, 0, 0 
1, 74434, 898112803, 0.00, 100.00, 0.00, 2.25, 0, 0 
2, 74434, 898796528, 0.00, 100.00, 0.00, 2.25, 0, 0 
3, 74434, 899446799, 0.00, 100.00, 0.00, 2.25, 0, 0 
4, 74434, 900220288, 0.00, 100.00, 0.00, 2.25, 0, 0 
5, 74434, 901115209, 0.00, 100.00, 0.00, 2.25, 0, 0 
6, 74434, 901885522, 0.00, 100.00, 0.00, 2.25, 0, 0 
7, 74434, 902624127, 0.00, 100.00, 0.00, 2.25, 0, 0 
8, 74434, 903346159, 0.00, 100.00, 0.00, 2.25, 0, 0 
9, 74434, 904149665, 0.00, 100.00, 0.00, 2.25, 0, 0 
0, 74434, 905005935, 0.00, 100.00, 0.00, 2.25, 0, 0 
1, 74434, 905901500, 0.00, 100.00, 0.00, 2.25, 0, 0 
2, 74434, 906712201, 0.00, 100.00, 0.00, 2.25, 0, 0 
3, 74434, 907444647, 0.00, 100.00, 0.00, 2.25, 0, 0 
4, 74434, 908348175, 0.00, 100.00, 0.00, 2.25, 0, 0 
5, 74434, 909165137, 0.00, 100.00, 0.00, 2.25, 0, 0 
6, 74434, 909935116, 0.00, 100.00, 0.00, 2.25, 0, 0 
7, 74434, 910701909, 0.00, 100.00, 0.00, 2.25, 0, 0 
8, 74434, 911481571, 0.00, 100.00, 0.00, 2.25, 0, 0 
9, 74434, 912322471, 0.00, 100.00, 0.00, 2.25, 0, 0 
0, 74434, 913179471, 0.00, 100.00, 0.00, 2.25, 0, 0 
1, 74434, 913941147, 0.00, 100.00, 0.00, 2.25, 0, 0 
2, 74434, 914696721, 0.00, 100.00, 0.00, 2.25, 0, 0 
3, 74434, 915379871, 0.00, 100.00, 0.00, 2.25, 0, 0 
4, 74434, 916098258, 0.00, 100.00, 0.00, 2.25, 0, 0 
5, 74434, 916841605, 0.00, 100.00, 0.00, 2.25, 0, 0 
6, 74434, 917607223, 0.00, 100.00, 0.00, 2.25, 0, 0 
7, 74434, 918326678, 0.00, 100.00, 0.00, 2.25, 0, 0 
8, 74434, 919126690, 0.00, 100.00, 0.00, 2.25, 0, 0 
9, 74434, 919862499, 0.00, 100.00, 0.00, 2.25, 0, 0 
0, 74434, 920615780, 0.00, 100.00, 0.00, 2.25, 0, 0 
1, 74434, 921341965, 0.00, 100.00, 0.00, 2.25, 0, 0 
2, 74434, 922039763, 0.00, 100.00, 0.00, 2.25, 0, 0 
3, 74434, 922768831, 0.00, 100.00, 0.00, 2.25, 0, 0 
4, 74434, 923437424, 0.00, 100.00, 0.00, 2.25, 0, 0 
5, 74434, 924231214, 0.00, 100.00, 0.00, 2.25, 0, 0 
6, 74434, 925077916, 0.00, 100.00, 0.00, 2.25, 0, 0 
7, 74434, 925920420, 0.00, 100.00, 0.00, 2.25, 0, 0 
8, 74434, 926690212, 0.00, 100.00, 0.00, 2.25, 0, 0 
9, 74434, 927431922, 0.00, 100.00, 0.00, 2.25, 0, 0 
0, 74434, 928209154, 0.00, 100.00, 0.00, 2.25, 0, 0 
1, 74434, 928964388, 0.00, 100.00, 0.00, 2.25, 0, 0 
2, 74434, 929713572, 0.00, 100.00, 0.00, 2.25, 0, 0 
3, 74434, 930483581, 0.00, 100.00, 0.00, 2.25, 0, 0 
4, 74434, 931282806, 0.00, 100.00, 0.00, 2.25, 0, 0 
5, 74434, 931991647, 0.00, 100.00, 0.00, 2.25, 0, 0 
6, 74434, 932749747, 0.00, 100.00, 0.00, 2.25, 0, 0 
7, 74434, 933496080, 0.00, 100.00, 0.00, 2.25, 0, 0 
8, 74434, 934260092, 0.00, 100.00, 0.00, 2.25, 0, 0 
9, 74434, 934955613, 0.00, 100.00, 0.00, 2.25, 0, 0 
0, 74434, 935750334, 0.00, 100.00, 0.00, 2.25, 0, 0 
1, 74434, 936490988, 0.00, 100.00, 0.00, 2.25, 0, 0 
2, 74434, 937205061, 0.00, 100.00, 0.00, 2.25, 0, 0 
3, 74434, 937934566, 0.00, 100.00, 0.00, 2.25, 0, 0 
4, 74434, 938714163, 0.00, 100.00, 0.00, 2.25, 0, 0 
5, 74434, 939501549, 0.00, 100.00, 0.00, 2.25, 0, 0 
6, 74434, 940305765, 0.00, 100.00, 0.00, 2.25, 0, 0 
7, 74434, 941023322, 0.00, 100.00, 0.00, 2.25, 0, 0 
8, 74434, 941727460, 0.00, 100.00, 0.00, 2.25, 0, 0 
9, 74434, 942405940, 0.00, 100.00, 0.00, 2.25, 0, 0 
0, 74434, 943149048, 0.00, 100.00, 0.00, 2.25, 0, 0 
1, 74434, 943881607, 0.00, 100.00, 0.00, 2.25, 0, 0 
2, 74434, 944659550, 0.00, 100.00, 0.00, 2.25, 0, 0 
3, 74434, 945323833, 0.00, 100.00, 0.00, 2.25, 0, 0 
4, 74434, 946071560, 0.00, 100.00, 0.00, 2.25, 0, 0 
5, 74434, 946806388, 0.00, 100.00, 0.00, 2.25, 0, 0 
6, 74434, 947607072, 0.00, 100.00, 0.00, 2.25, 0, 0 
7, 74434, 948461117, 0.00, 100.00, 0.00, 2.25, 0, 0 
8, 74434, 949283263, 0.00, 100.00, 0.00, 2.25, 0, 0 
9, 74434, 950076311, 0.00, 100.00, 0.00, 2.25, 0, 0 
0, 74434, 951430091, 0.00, 100.00, 0.00, 2.25, 0, 0 
1, 74434, 952367498, 0.00, 100.00, 0.00, 2.25, 0, 0 
2, 74434, 953169071, 0.00, 100.00, 0.00, 2.25, 0, 0 
3, 74434, 953916669, 0.00, 100.00, 0.00, 2.25, 0, 0 
4, 74434, 954680128, 0.00, 100.00, 0.00, 2.25, 0, 0 
5, 74434, 955473481, 0.00, 100.00, 0.00, 2.25, 0, 0 
6, 74434, 956306557, 0.00, 100.00, 0.00, 2.25, 0, 0 
7, 74434, 957091994, 0.00, 100.00, 0.00, 2.25, 0, 0 
8, 74434, 957826045, 0.00, 100.00, 0.00, 2.25, 0, 0 
9, 74434, 958508800, 0.00, 100.00, 0.00, 2.25, 0, 0 
0, 74434, 959262415, 0.00, 100.00, 0.00, 2.25, 0, 0 
1, 74434, 960030759, 0.00, 100.00, 0.00, 2.25, 0, 0 
2, 74434, 960778154, 0.00, 100.00, 0.00, 2.25, 0, 0 
3, 74434, 961522590, 0.00, 100.00, 0.00, 2.25, 0, 0 
4, 74434, 962295048, 0.00, 100.00, 0.00, 2.25, 0, 0 
5, 74434, 962993369, 0.00, 100.00, 0.00, 2.25, 0, 0 
6, 74435, 2046431, 0.00, 100.00, 0.00, 2.25, 0, 0 
7, 74435, 158289392, 0.00, 100.00, 0.00, 2.25, 0, 0 
8, 74435, 783169896, 0.00, 100.00, 0.00, 2.25, 0, 0 
9, 74435, 783681492, 0.00, 100.00, 0.00, 2.25, 0, 0 
0, 74435, 784193669, 0.00, 100.00, 0.00, 2.25, 0, 0 
1, 74435, 784724346, 0.00, 100.00, 0.00, 2.25, 0, 0 
2, 74435, 785246353, 0.00, 100.00, 0.00, 2.25, 0, 0 
3, 74435, 785753388, 0.00, 100.00, 0.00, 2.25, 0, 0 
4, 74435, 786293530, 0.00, 100.00, 0.00, 2.25, 0, 0 
5, 74435, 786867193, 0.00, 100.00, 0.00, 2.25, 0, 0 
6, 74435, 787339499, 0.00, 100.00, 0.00, 2.25, 0, 0 
7, 74435, 787963073, 0.00, 100.00, 0.00, 2.25, 0, 0 
8, 74435, 788700078, 0.00, 100.00, 0.00, 2.25, 0, 0 
9, 74435, 789337399, 0.00, 100.00, 0.00, 2.25, 0, 0 
0, 74435, 789847695, 0.00, 100.00, 0.00, 2.25, 0, 0 
1, 74435, 790427950, 0.00, 100.00, 0.00, 2.25, 0, 0 
2, 74435, 790953165, 0.00, 100.00, 0.00, 2.25, 0, 0 
3, 74435, 791504059, 0.00, 100.00, 0.00, 2.25, 0, 0 
4, 74435, 791972089, 0.00, 100.00, 0.00, 2.25, 0, 0 
5, 74435, 792521127, 0.00, 100.00, 0.00, 2.25, 0, 0 
6, 74435, 793039329, 0.00, 100.00, 0.00, 2.25, 0, 0 
7, 74435, 793559927, 0.00, 100.00, 0.00, 2.25, 0, 0 
8, 74435, 794085869, 0.00, 100.00, 0.00, 2.25, 0, 0 
9, 74435, 794583735, 0.00, 100.00, 0.00, 2.25, 0, 0 
0, 74435, 795120843, 0.00, 100.00, 0.00, 2.25, 0, 0 
1, 74435, 795660186, 0.00, 100.00, 0.00, 2.25, 0, 0 
2, 74435, 796179811, 0.00, 100.00, 0.00, 2.25, 0, 0 
3, 74435, 796671766, 0.00, 100.00, 0.00, 2.25, 0, 0 
4, 74435, 797203240, 0.00, 100.00, 0.00, 2.25, 0, 0 
5, 74435, 797750056, 0.00, 100.00, 0.00, 2.25, 0, 0 
6, 74435, 798259614, 0.00, 100.00, 0.00, 2.25, 0, 0 
7, 74435, 798771195, 0.00, 100.00, 0.00, 2.25, 0, 0 
8, 74435, 799271821, 0.00, 100.00, 0.00, 2.25, 0, 0 
9, 74435, 799825313, 0.00, 100.00, 0.00, 2.25, 0, 0 
0, 74435, 800348868, 0.00, 100.00, 0.00, 2.25, 0, 0 
1, 74435, 800851303, 0.00, 100.00, 0.00, 2.25, 0, 0 
2, 74435, 801372781, 0.00, 100.00, 0.00, 2.25, 0, 0 
3, 74435, 801898447, 0.00, 100.00, 0.00, 2.25, 0, 0 
4, 74435, 802843643, 0.00, 100.00, 0.00, 2.25, 0, 0 
5, 74435, 803689493, 0.00, 100.00, 0.00, 2.25, 0, 0 
6, 74435, 804164194, 0.00, 100.00, 0.00, 2.25, 0, 0 
7, 74435, 804692695, 0.00, 100.00, 0.00, 2.25, 0, 0 
8, 74435, 805215832, 0.00, 100.00, 0.00, 2.25, 0, 0 
9, 74435, 805745976, 0.00, 100.00, 0.00, 2.25, 0, 0 
0, 74435, 806316328, 0.00, 100.00, 0.00, 2.25, 0, 0 
1, 74435, 807392435, 0.00, 100.00, 0.00, 2.25, 0, 0 
2, 74435, 808557402, 0.00, 100.00, 0.00, 2.25, 0, 0 
3, 74435, 809642537, 0.00, 100.00, 0.00, 2.25, 0, 0 
4, 74435, 810117880, 0.00, 100.00, 0.00, 2.25, 0, 0 
5, 74435, 810651568, 0.00, 100.00, 0.00, 2.25, 0, 0 
6, 74435, 811172487, 0.00, 100.00, 0.00, 2.25, 0, 0 
7, 74435, 811702750, 0.00, 100.00, 0.00, 2.25, 0, 0 
8, 74435, 812231129, 0.00, 100.00, 0.00, 2.25, 0, 0 
9, 74435, 812731575, 0.00, 100.00, 0.00, 2.25, 0, 0 
0, 74435, 813268973, 0.00, 100.00, 0.00, 2.25, 0, 0 
1, 74435, 813792540, 0.00, 100.00, 0.00, 2.25, 0, 0 
2, 74435, 814295902, 0.00, 100.00, 0.00, 2.25, 0, 0 
3, 74435, 814845834, 0.00, 100.00, 0.00, 2.25, 0, 0 
4, 74435, 815362078, 0.00, 100.00, 0.00, 2.25, 0, 0 
5, 74435, 815865168, 0.00, 100.00, 0.00, 2.25, 0, 0 
6, 74435, 816403230, 0.00, 100.00, 0.00, 2.25, 0, 0 
7, 74435, 816911787, 0.00, 100.00, 0.00, 2.25, 0, 0 
8, 74435, 817441605, 0.00, 100.00, 0.00, 2.25, 0, 0 
9, 74435, 818026134, 0.00, 100.00, 0.00, 2.25, 0, 0 
