Wed Nov 28 14:18:29 2018
StepTime, x, v, f, xdes, vdes, fdes, cmd, IR, LSB, LSF
0, 77050, 749132190, 0.00, 100.00, 0.00, 2.25, 0, 0 
1, 77050, 750419190, 0.00, 100.00, 0.00, 2.25, 0, 0 
2, 77050, 751392294, 0.00, 100.00, 0.00, 2.25, 0, 0 
3, 77050, 752059943, 0.00, 100.00, 0.00, 2.25, 0, 0 
4, 77050, 752661120, 0.00, 100.00, 0.00, 2.25, 0, 0 
5, 77050, 753373302, 0.00, 100.00, 0.00, 2.25, 0, 0 
6, 77050, 754229307, 0.00, 100.00, 0.00, 2.25, 0, 0 
7, 77050, 755081870, 0.00, 100.00, 0.00, 2.25, 0, 0 
8, 77050, 755734335, 0.00, 100.00, 0.00, 2.25, 0, 0 
9, 77050, 756431624, 0.00, 100.00, 0.00, 2.25, 0, 0 
0, 77050, 757008076, 0.00, 100.00, 0.00, 2.25, 0, 0 
1, 77050, 757687015, 0.00, 100.00, 0.00, 2.25, 0, 0 
2, 77050, 758605529, 0.00, 100.00, 0.00, 2.25, 0, 0 
3, 77050, 759189136, 0.00, 100.00, 0.00, 2.25, 0, 0 
4, 77050, 759793604, 0.00, 100.00, 0.00, 2.25, 0, 0 
5, 77050, 760342378, 0.00, 100.00, 0.00, 2.25, 0, 0 
6, 77050, 760922848, 0.00, 100.00, 0.00, 2.25, 0, 0 
7, 77050, 761691381, 0.00, 100.00, 0.00, 2.25, 0, 0 
8, 77050, 762421899, 0.00, 100.00, 0.00, 2.25, 0, 0 
9, 77050, 763017212, 0.00, 100.00, 0.00, 2.25, 0, 0 
0, 77050, 763864384, 0.00, 100.00, 0.00, 2.25, 0, 0 
1, 77050, 764499184, 0.00, 100.00, 0.00, 2.25, 0, 0 
2, 77050, 765299747, 0.00, 100.00, 0.00, 2.25, 0, 0 
3, 77050, 765869328, 0.00, 100.00, 0.00, 2.25, 0, 0 
4, 77050, 766583783, 0.00, 100.00, 0.00, 2.25, 0, 0 
5, 77050, 767214739, 0.00, 100.00, 0.00, 2.25, 0, 0 
6, 77050, 767868725, 0.00, 100.00, 0.00, 2.25, 0, 0 
7, 77050, 768581007, 0.00, 100.00, 0.00, 2.25, 0, 0 
8, 77050, 769337240, 0.00, 100.00, 0.00, 2.25, 0, 0 
9, 77050, 770099205, 0.00, 100.00, 0.00, 2.25, 0, 0 
0, 77050, 770885967, 0.00, 100.00, 0.00, 2.25, 0, 0 
1, 77050, 771436305, 0.00, 100.00, 0.00, 2.25, 0, 0 
2, 77050, 772092108, 0.00, 100.00, 0.00, 2.25, 0, 0 
3, 77050, 772848193, 0.00, 100.00, 0.00, 2.25, 0, 0 
4, 77050, 773619095, 0.00, 100.00, 0.00, 2.25, 0, 0 
5, 77050, 774321378, 0.00, 100.00, 0.00, 2.25, 0, 0 
6, 77050, 774916428, 0.00, 100.00, 0.00, 2.25, 0, 0 
7, 77050, 775616841, 0.00, 100.00, 0.00, 2.25, 0, 0 
8, 77050, 776203063, 0.00, 100.00, 0.00, 2.25, 0, 0 
9, 77050, 776780190, 0.00, 100.00, 0.00, 2.25, 0, 0 
0, 77050, 777434433, 0.00, 100.00, 0.00, 2.25, 0, 0 
1, 77050, 778065920, 0.00, 100.00, 0.00, 2.25, 0, 0 
2, 77050, 778677269, 0.00, 100.00, 0.00, 2.25, 0, 0 
3, 77050, 779306016, 0.00, 100.00, 0.00, 2.25, 0, 0 
4, 77050, 779935688, 0.00, 100.00, 0.00, 2.25, 0, 0 
5, 77050, 780571722, 0.00, 100.00, 0.00, 2.25, 0, 0 
6, 77050, 781201799, 0.00, 100.00, 0.00, 2.25, 0, 0 
7, 77050, 781833798, 0.00, 100.00, 0.00, 2.25, 0, 0 
8, 77050, 782465436, 0.00, 100.00, 0.00, 2.25, 0, 0 
9, 77050, 783026378, 0.00, 100.00, 0.00, 2.25, 0, 0 
0, 77050, 783646625, 0.00, 100.00, 0.00, 2.25, 0, 0 
1, 77050, 784283014, 0.00, 100.00, 0.00, 2.25, 0, 0 
2, 77050, 784887443, 0.00, 100.00, 0.00, 2.25, 0, 0 
3, 77050, 785458198, 0.00, 100.00, 0.00, 2.25, 0, 0 
4, 77050, 786030088, 0.00, 100.00, 0.00, 2.25, 0, 0 
5, 77050, 786631915, 0.00, 100.00, 0.00, 2.25, 0, 0 
6, 77050, 787199295, 0.00, 100.00, 0.00, 2.25, 0, 0 
7, 77050, 787771417, 0.00, 100.00, 0.00, 2.25, 0, 0 
8, 77050, 788391659, 0.00, 100.00, 0.00, 2.25, 0, 0 
9, 77050, 789021894, 0.00, 100.00, 0.00, 2.25, 0, 0 
0, 77050, 789674878, 0.00, 100.00, 0.00, 2.25, 0, 0 
1, 77050, 790307422, 0.00, 100.00, 0.00, 2.25, 0, 0 
2, 77050, 790921568, 0.00, 100.00, 0.00, 2.25, 0, 0 
3, 77050, 791550558, 0.00, 100.00, 0.00, 2.25, 0, 0 
4, 77050, 792208152, 0.00, 100.00, 0.00, 2.25, 0, 0 
5, 77050, 792863094, 0.00, 100.00, 0.00, 2.25, 0, 0 
6, 77050, 793430107, 0.00, 100.00, 0.00, 2.25, 0, 0 
7, 77050, 794115033, 0.00, 100.00, 0.00, 2.25, 0, 0 
8, 77050, 794673751, 0.00, 100.00, 0.00, 2.25, 0, 0 
9, 77050, 795343248, 0.00, 100.00, 0.00, 2.25, 0, 0 
0, 77050, 796069063, 0.00, 100.00, 0.00, 2.25, 0, 0 
1, 77050, 796749088, 0.00, 100.00, 0.00, 2.25, 0, 0 
2, 77050, 797316696, 0.00, 100.00, 0.00, 2.25, 0, 0 
3, 77050, 797892846, 0.00, 100.00, 0.00, 2.25, 0, 0 
4, 77050, 798462314, 0.00, 100.00, 0.00, 2.25, 0, 0 
5, 77050, 799096829, 0.00, 100.00, 0.00, 2.25, 0, 0 
6, 77050, 799715899, 0.00, 100.00, 0.00, 2.25, 0, 0 
7, 77050, 800362732, 0.00, 100.00, 0.00, 2.25, 0, 0 
8, 77050, 800947781, 0.00, 100.00, 0.00, 2.25, 0, 0 
9, 77050, 801586311, 0.00, 100.00, 0.00, 2.25, 0, 0 
0, 77050, 802303927, 0.00, 100.00, 0.00, 2.25, 0, 0 
1, 77050, 802861887, 0.00, 100.00, 0.00, 2.25, 0, 0 
2, 77050, 803507811, 0.00, 100.00, 0.00, 2.25, 0, 0 
3, 77050, 804196328, 0.00, 100.00, 0.00, 2.25, 0, 0 
4, 77050, 804797740, 0.00, 100.00, 0.00, 2.25, 0, 0 
5, 77050, 805382311, 0.00, 100.00, 0.00, 2.25, 0, 0 
6, 77050, 806038849, 0.00, 100.00, 0.00, 2.25, 0, 0 
7, 77050, 806594657, 0.00, 100.00, 0.00, 2.25, 0, 0 
8, 77050, 807224386, 0.00, 100.00, 0.00, 2.25, 0, 0 
9, 77050, 807916099, 0.00, 100.00, 0.00, 2.25, 0, 0 
0, 77050, 808532905, 0.00, 100.00, 0.00, 2.25, 0, 0 
1, 77050, 809191518, 0.00, 100.00, 0.00, 2.25, 0, 0 
2, 77050, 809794207, 0.00, 100.00, 0.00, 2.25, 0, 0 
3, 77050, 810382532, 0.00, 100.00, 0.00, 2.25, 0, 0 
4, 77050, 810954002, 0.00, 100.00, 0.00, 2.25, 0, 0 
5, 77050, 811528215, 0.00, 100.00, 0.00, 2.25, 0, 0 
6, 77050, 812101474, 0.00, 100.00, 0.00, 2.25, 0, 0 
7, 77050, 812664317, 0.00, 100.00, 0.00, 2.25, 0, 0 
8, 77050, 813284444, 0.00, 100.00, 0.00, 2.25, 0, 0 
9, 77050, 813910286, 0.00, 100.00, 0.00, 2.25, 0, 0 
0, 77050, 814566874, 0.00, 100.00, 0.00, 2.25, 0, 0 
1, 77050, 815198935, 0.00, 100.00, 0.00, 2.25, 0, 0 
2, 77050, 815814534, 0.00, 100.00, 0.00, 2.25, 0, 0 
3, 77050, 816441267, 0.00, 100.00, 0.00, 2.25, 0, 0 
4, 77050, 817072277, 0.00, 100.00, 0.00, 2.25, 0, 0 
5, 77050, 817700504, 0.00, 100.00, 0.00, 2.25, 0, 0 
6, 77050, 818265723, 0.00, 100.00, 0.00, 2.25, 0, 0 
7, 77050, 818842022, 0.00, 100.00, 0.00, 2.25, 0, 0 
8, 77050, 819413199, 0.00, 100.00, 0.00, 2.25, 0, 0 
9, 77050, 820042782, 0.00, 100.00, 0.00, 2.25, 0, 0 
0, 77050, 820748228, 0.00, 100.00, 0.00, 2.25, 0, 0 
1, 77050, 821327358, 0.00, 100.00, 0.00, 2.25, 0, 0 
2, 77050, 822008451, 0.00, 100.00, 0.00, 2.25, 0, 0 
3, 77050, 822559180, 0.00, 100.00, 0.00, 2.25, 0, 0 
4, 77050, 823153879, 0.00, 100.00, 0.00, 2.25, 0, 0 
5, 77050, 823784836, 0.00, 100.00, 0.00, 2.25, 0, 0 
6, 77050, 824424518, 0.00, 100.00, 0.00, 2.25, 0, 0 
7, 77050, 825129664, 0.00, 100.00, 0.00, 2.25, 0, 0 
8, 77050, 825972641, 0.00, 100.00, 0.00, 2.25, 0, 0 
9, 77050, 826798085, 0.00, 100.00, 0.00, 2.25, 0, 0 
0, 77050, 827579990, 0.00, 100.00, 0.00, 2.25, 0, 0 
1, 77050, 828377501, 0.00, 100.00, 0.00, 2.25, 0, 0 
2, 77050, 829166832, 0.00, 100.00, 0.00, 2.25, 0, 0 
3, 77050, 829749231, 0.00, 100.00, 0.00, 2.25, 0, 0 
4, 77050, 830468475, 0.00, 100.00, 0.00, 2.25, 0, 0 
5, 77050, 831007388, 0.00, 100.00, 0.00, 2.25, 0, 0 
6, 77050, 831575165, 0.00, 100.00, 0.00, 2.25, 0, 0 
7, 77050, 832134384, 0.00, 100.00, 0.00, 2.25, 0, 0 
8, 77050, 832716338, 0.00, 100.00, 0.00, 2.25, 0, 0 
9, 77050, 833472617, 0.00, 100.00, 0.00, 2.25, 0, 0 
0, 77050, 834378204, 0.00, 100.00, 0.00, 2.25, 0, 0 
1, 77050, 835278182, 0.00, 100.00, 0.00, 2.25, 0, 0 
2, 77050, 835851482, 0.00, 100.00, 0.00, 2.25, 0, 0 
3, 77050, 836388156, 0.00, 100.00, 0.00, 2.25, 0, 0 
4, 77050, 836965931, 0.00, 100.00, 0.00, 2.25, 0, 0 
5, 77050, 837675119, 0.00, 100.00, 0.00, 2.25, 0, 0 
6, 77050, 838570496, 0.00, 100.00, 0.00, 2.25, 0, 0 
7, 77050, 839329878, 0.00, 100.00, 0.00, 2.25, 0, 0 
8, 77050, 840146281, 0.00, 100.00, 0.00, 2.25, 0, 0 
9, 77050, 840815994, 0.00, 100.00, 0.00, 2.25, 0, 0 
0, 77050, 841623248, 0.00, 100.00, 0.00, 2.25, 0, 0 
1, 77050, 842475794, 0.00, 100.00, 0.00, 2.25, 0, 0 
2, 77050, 843245205, 0.00, 100.00, 0.00, 2.25, 0, 0 
3, 77050, 844022690, 0.00, 100.00, 0.00, 2.25, 0, 0 
4, 77050, 844860700, 0.00, 100.00, 0.00, 2.25, 0, 0 
5, 77050, 845479596, 0.00, 100.00, 0.00, 2.25, 0, 0 
6, 77050, 846081496, 0.00, 100.00, 0.00, 2.25, 0, 0 
7, 77050, 846710735, 0.00, 100.00, 0.00, 2.25, 0, 0 
8, 77050, 847250072, 0.00, 100.00, 0.00, 2.25, 0, 0 
9, 77050, 847838701, 0.00, 100.00, 0.00, 2.25, 0, 0 
0, 77050, 848518270, 0.00, 100.00, 0.00, 2.25, 0, 0 
1, 77050, 849075483, 0.00, 100.00, 0.00, 2.25, 0, 0 
2, 77050, 849842748, 0.00, 100.00, 0.00, 2.25, 0, 0 
3, 77050, 850732240, 0.00, 100.00, 0.00, 2.25, 0, 0 
4, 77050, 851654189, 0.00, 100.00, 0.00, 2.25, 0, 0 
5, 77050, 852279434, 0.00, 100.00, 0.00, 2.25, 0, 0 
6, 77050, 852840179, 0.00, 100.00, 0.00, 2.25, 0, 0 
7, 77050, 853522892, 0.00, 100.00, 0.00, 2.25, 0, 0 
8, 77050, 854417079, 0.00, 100.00, 0.00, 2.25, 0, 0 
9, 77050, 855331818, 0.00, 100.00, 0.00, 2.25, 0, 0 
0, 77050, 856006623, 0.00, 100.00, 0.00, 2.25, 0, 0 
1, 77050, 856602051, 0.00, 100.00, 0.00, 2.25, 0, 0 
2, 77050, 857464184, 0.00, 100.00, 0.00, 2.25, 0, 0 
3, 77050, 858341017, 0.00, 100.00, 0.00, 2.25, 0, 0 
4, 77050, 858929876, 0.00, 100.00, 0.00, 2.25, 0, 0 
5, 77050, 859617801, 0.00, 100.00, 0.00, 2.25, 0, 0 
6, 77050, 860260086, 0.00, 100.00, 0.00, 2.25, 0, 0 
7, 77050, 860812633, 0.00, 100.00, 0.00, 2.25, 0, 0 
8, 77050, 861563787, 0.00, 100.00, 0.00, 2.25, 0, 0 
9, 77050, 862118497, 0.00, 100.00, 0.00, 2.25, 0, 0 
0, 77050, 862786858, 0.00, 100.00, 0.00, 2.25, 0, 0 
1, 77050, 863640809, 0.00, 100.00, 0.00, 2.25, 0, 0 
2, 77050, 864383256, 0.00, 100.00, 0.00, 2.25, 0, 0 
3, 77050, 864981954, 0.00, 100.00, 0.00, 2.25, 0, 0 
4, 77050, 865561898, 0.00, 100.00, 0.00, 2.25, 0, 0 
5, 77050, 866168788, 0.00, 100.00, 0.00, 2.25, 0, 0 
6, 77050, 866726282, 0.00, 100.00, 0.00, 2.25, 0, 0 
7, 77050, 867324943, 0.00, 100.00, 0.00, 2.25, 0, 0 
8, 77050, 868071218, 0.00, 100.00, 0.00, 2.25, 0, 0 
9, 77050, 868844587, 0.00, 100.00, 0.00, 2.25, 0, 0 
0, 77050, 869650232, 0.00, 100.00, 0.00, 2.25, 0, 0 
1, 77050, 870463192, 0.00, 100.00, 0.00, 2.25, 0, 0 
2, 77050, 871045336, 0.00, 100.00, 0.00, 2.25, 0, 0 
3, 77050, 871639110, 0.00, 100.00, 0.00, 2.25, 0, 0 
4, 77050, 872432280, 0.00, 100.00, 0.00, 2.25, 0, 0 
5, 77050, 873305494, 0.00, 100.00, 0.00, 2.25, 0, 0 
6, 77050, 874181706, 0.00, 100.00, 0.00, 2.25, 0, 0 
7, 77050, 875067318, 0.00, 100.00, 0.00, 2.25, 0, 0 
8, 77050, 875750182, 0.00, 100.00, 0.00, 2.25, 0, 0 
9, 77050, 876324337, 0.00, 100.00, 0.00, 2.25, 0, 0 
0, 77050, 877072791, 0.00, 100.00, 0.00, 2.25, 0, 0 
1, 77050, 877857857, 0.00, 100.00, 0.00, 2.25, 0, 0 
2, 77050, 878586979, 0.00, 100.00, 0.00, 2.25, 0, 0 
3, 77050, 879550598, 0.00, 100.00, 0.00, 2.25, 0, 0 
4, 77050, 880366172, 0.00, 100.00, 0.00, 2.25, 0, 0 
5, 77050, 881043533, 0.00, 100.00, 0.00, 2.25, 0, 0 
6, 77050, 881650608, 0.00, 100.00, 0.00, 2.25, 0, 0 
7, 77050, 882198051, 0.00, 100.00, 0.00, 2.25, 0, 0 
8, 77050, 882793394, 0.00, 100.00, 0.00, 2.25, 0, 0 
9, 77050, 883607593, 0.00, 100.00, 0.00, 2.25, 0, 0 
0, 77050, 884339857, 0.00, 100.00, 0.00, 2.25, 0, 0 
1, 77050, 885016581, 0.00, 100.00, 0.00, 2.25, 0, 0 
2, 77050, 885884078, 0.00, 100.00, 0.00, 2.25, 0, 0 
3, 77050, 886628849, 0.00, 100.00, 0.00, 2.25, 0, 0 
4, 77050, 887323501, 0.00, 100.00, 0.00, 2.25, 0, 0 
5, 77050, 888215380, 0.00, 100.00, 0.00, 2.25, 0, 0 
6, 77050, 889117981, 0.00, 100.00, 0.00, 2.25, 0, 0 
7, 77050, 889699222, 0.00, 100.00, 0.00, 2.25, 0, 0 
8, 77050, 890268372, 0.00, 100.00, 0.00, 2.25, 0, 0 
9, 77050, 891049673, 0.00, 100.00, 0.00, 2.25, 0, 0 
0, 77050, 891957602, 0.00, 100.00, 0.00, 2.25, 0, 0 
1, 77050, 892802156, 0.00, 100.00, 0.00, 2.25, 0, 0 
2, 77050, 893700276, 0.00, 100.00, 0.00, 2.25, 0, 0 
3, 77050, 894275440, 0.00, 100.00, 0.00, 2.25, 0, 0 
4, 77050, 894916571, 0.00, 100.00, 0.00, 2.25, 0, 0 
5, 77050, 895514165, 0.00, 100.00, 0.00, 2.25, 0, 0 
6, 77050, 896087340, 0.00, 100.00, 0.00, 2.25, 0, 0 
7, 77050, 896691978, 0.00, 100.00, 0.00, 2.25, 0, 0 
8, 77050, 897345936, 0.00, 100.00, 0.00, 2.25, 0, 0 
9, 77050, 898205189, 0.00, 100.00, 0.00, 2.25, 0, 0 
0, 77050, 898789471, 0.00, 100.00, 0.00, 2.25, 0, 0 
1, 77050, 899502435, 0.00, 100.00, 0.00, 2.25, 0, 0 
2, 77050, 900276072, 0.00, 100.00, 0.00, 2.25, 0, 0 
3, 77050, 901020710, 0.00, 100.00, 0.00, 2.25, 0, 0 
4, 77050, 901758275, 0.00, 100.00, 0.00, 2.25, 0, 0 
5, 77050, 902303824, 0.00, 100.00, 0.00, 2.25, 0, 0 
6, 77050, 902890081, 0.00, 100.00, 0.00, 2.25, 0, 0 
7, 77050, 903459692, 0.00, 100.00, 0.00, 2.25, 0, 0 
8, 77050, 904027539, 0.00, 100.00, 0.00, 2.25, 0, 0 
9, 77050, 904720828, 0.00, 100.00, 0.00, 2.25, 0, 0 
0, 77050, 905585580, 0.00, 100.00, 0.00, 2.25, 0, 0 
1, 77050, 906402810, 0.00, 100.00, 0.00, 2.25, 0, 0 
2, 77050, 907045252, 0.00, 100.00, 0.00, 2.25, 0, 0 
3, 77050, 907731174, 0.00, 100.00, 0.00, 2.25, 0, 0 
4, 77050, 908411823, 0.00, 100.00, 0.00, 2.25, 0, 0 
5, 77050, 909311707, 0.00, 100.00, 0.00, 2.25, 0, 0 
6, 77050, 910175326, 0.00, 100.00, 0.00, 2.25, 0, 0 
7, 77050, 911106774, 0.00, 100.00, 0.00, 2.25, 0, 0 
8, 77050, 911748549, 0.00, 100.00, 0.00, 2.25, 0, 0 
9, 77050, 912339992, 0.00, 100.00, 0.00, 2.25, 0, 0 
0, 77050, 913203080, 0.00, 100.00, 0.00, 2.25, 0, 0 
1, 77050, 913750861, 0.00, 100.00, 0.00, 2.25, 0, 0 
2, 77050, 914559142, 0.00, 100.00, 0.00, 2.25, 0, 0 
3, 77050, 915206253, 0.00, 100.00, 0.00, 2.25, 0, 0 
4, 77050, 915866902, 0.00, 100.00, 0.00, 2.25, 0, 0 
5, 77050, 916567539, 0.00, 100.00, 0.00, 2.25, 0, 0 
6, 77050, 917191667, 0.00, 100.00, 0.00, 2.25, 0, 0 
7, 77050, 917787564, 0.00, 100.00, 0.00, 2.25, 0, 0 
8, 77050, 918582637, 0.00, 100.00, 0.00, 2.25, 0, 0 
9, 77050, 919176369, 0.00, 100.00, 0.00, 2.25, 0, 0 
0, 77050, 919817533, 0.00, 100.00, 0.00, 2.25, 0, 0 
1, 77050, 920540964, 0.00, 100.00, 0.00, 2.25, 0, 0 
2, 77050, 921108416, 0.00, 100.00, 0.00, 2.25, 0, 0 
3, 77050, 921652976, 0.00, 100.00, 0.00, 2.25, 0, 0 
4, 77050, 922246346, 0.00, 100.00, 0.00, 2.25, 0, 0 
5, 77050, 922902740, 0.00, 100.00, 0.00, 2.25, 0, 0 
6, 77050, 923662928, 0.00, 100.00, 0.00, 2.25, 0, 0 
7, 77050, 924366969, 0.00, 100.00, 0.00, 2.25, 0, 0 
8, 77050, 924968965, 0.00, 100.00, 0.00, 2.25, 0, 0 
9, 77050, 925784052, 0.00, 100.00, 0.00, 2.25, 0, 0 
0, 77050, 926423959, 0.00, 100.00, 0.00, 2.25, 0, 0 
1, 77050, 927014424, 0.00, 100.00, 0.00, 2.25, 0, 0 
2, 77050, 927742560, 0.00, 100.00, 0.00, 2.25, 0, 0 
3, 77050, 928466870, 0.00, 100.00, 0.00, 2.25, 0, 0 
4, 77050, 929063375, 0.00, 100.00, 0.00, 2.25, 0, 0 
5, 77050, 929625860, 0.00, 100.00, 0.00, 2.25, 0, 0 
6, 77050, 930242777, 0.00, 100.00, 0.00, 2.25, 0, 0 
7, 77050, 931010570, 0.00, 100.00, 0.00, 2.25, 0, 0 
8, 77050, 931697637, 0.00, 100.00, 0.00, 2.25, 0, 0 
9, 77050, 932408762, 0.00, 100.00, 0.00, 2.25, 0, 0 
0, 77050, 933127592, 0.00, 100.00, 0.00, 2.25, 0, 0 
1, 77050, 933671857, 0.00, 100.00, 0.00, 2.25, 0, 0 
2, 77050, 934341595, 0.00, 100.00, 0.00, 2.25, 0, 0 
3, 77050, 935192314, 0.00, 100.00, 0.00, 2.25, 0, 0 
4, 77050, 935815016, 0.00, 100.00, 0.00, 2.25, 0, 0 
5, 77050, 936454576, 0.00, 100.00, 0.00, 2.25, 0, 0 
6, 77050, 937134093, 0.00, 100.00, 0.00, 2.25, 0, 0 
7, 77050, 937708009, 0.00, 100.00, 0.00, 2.25, 0, 0 
8, 77050, 938270788, 0.00, 100.00, 0.00, 2.25, 0, 0 
9, 77050, 938841650, 0.00, 100.00, 0.00, 2.25, 0, 0 
0, 77050, 939576101, 0.00, 100.00, 0.00, 2.25, 0, 0 
1, 77050, 940225930, 0.00, 100.00, 0.00, 2.25, 0, 0 
2, 77050, 940991173, 0.00, 100.00, 0.00, 2.25, 0, 0 
3, 77050, 941794183, 0.00, 100.00, 0.00, 2.25, 0, 0 
4, 77050, 942604577, 0.00, 100.00, 0.00, 2.25, 0, 0 
5, 77050, 943240356, 0.00, 100.00, 0.00, 2.25, 0, 0 
6, 77050, 943886745, 0.00, 100.00, 0.00, 2.25, 0, 0 
7, 77050, 944568317, 0.00, 100.00, 0.00, 2.25, 0, 0 
8, 77050, 945345739, 0.00, 100.00, 0.00, 2.25, 0, 0 
9, 77050, 946197721, 0.00, 100.00, 0.00, 2.25, 0, 0 
0, 77050, 946757117, 0.00, 100.00, 0.00, 2.25, 0, 0 
1, 77050, 947334131, 0.00, 100.00, 0.00, 2.25, 0, 0 
2, 77050, 947933130, 0.00, 100.00, 0.00, 2.25, 0, 0 
3, 77050, 948563900, 0.00, 100.00, 0.00, 2.25, 0, 0 
4, 77050, 949187243, 0.00, 100.00, 0.00, 2.25, 0, 0 
5, 77050, 949833064, 0.00, 100.00, 0.00, 2.25, 0, 0 
6, 77050, 950499117, 0.00, 100.00, 0.00, 2.25, 0, 0 
7, 77050, 951303415, 0.00, 100.00, 0.00, 2.25, 0, 0 
8, 77050, 952158359, 0.00, 100.00, 0.00, 2.25, 0, 0 
9, 77050, 952734939, 0.00, 100.00, 0.00, 2.25, 0, 0 
0, 77050, 953504234, 0.00, 100.00, 0.00, 2.25, 0, 0 
1, 77050, 954052032, 0.00, 100.00, 0.00, 2.25, 0, 0 
2, 77050, 954796831, 0.00, 100.00, 0.00, 2.25, 0, 0 
3, 77050, 955614406, 0.00, 100.00, 0.00, 2.25, 0, 0 
4, 77050, 956474336, 0.00, 100.00, 0.00, 2.25, 0, 0 
5, 77050, 957103935, 0.00, 100.00, 0.00, 2.25, 0, 0 
6, 77050, 957772550, 0.00, 100.00, 0.00, 2.25, 0, 0 
7, 77050, 958530309, 0.00, 100.00, 0.00, 2.25, 0, 0 
8, 77050, 959105489, 0.00, 100.00, 0.00, 2.25, 0, 0 
9, 77050, 959836236, 0.00, 100.00, 0.00, 2.25, 0, 0 
0, 77050, 960580690, 0.00, 100.00, 0.00, 2.25, 0, 0 
1, 77050, 961249471, 0.00, 100.00, 0.00, 2.25, 0, 0 
2, 77050, 962039111, 0.00, 100.00, 0.00, 2.25, 0, 0 
3, 77050, 962850971, 0.00, 100.00, 0.00, 2.25, 0, 0 
4, 77050, 963448747, 0.00, 100.00, 0.00, 2.25, 0, 0 
5, 77050, 964046275, 0.00, 100.00, 0.00, 2.25, 0, 0 
6, 77050, 964846467, 0.00, 100.00, 0.00, 2.25, 0, 0 
7, 77050, 965503651, 0.00, 100.00, 0.00, 2.25, 0, 0 
8, 77050, 966086812, 0.00, 100.00, 0.00, 2.25, 0, 0 
9, 77050, 966716678, 0.00, 100.00, 0.00, 2.25, 0, 0 
0, 77050, 967466721, 0.00, 100.00, 0.00, 2.25, 0, 0 
1, 77050, 968205430, 0.00, 100.00, 0.00, 2.25, 0, 0 
2, 77050, 969034353, 0.00, 100.00, 0.00, 2.25, 0, 0 
3, 77050, 969724719, 0.00, 100.00, 0.00, 2.25, 0, 0 
4, 77050, 970359301, 0.00, 100.00, 0.00, 2.25, 0, 0 
5, 77050, 970947750, 0.00, 100.00, 0.00, 2.25, 0, 0 
6, 77050, 971581880, 0.00, 100.00, 0.00, 2.25, 0, 0 
7, 77050, 972192060, 0.00, 100.00, 0.00, 2.25, 0, 0 
8, 77050, 972991020, 0.00, 100.00, 0.00, 2.25, 0, 0 
9, 77050, 973850533, 0.00, 100.00, 0.00, 2.25, 0, 0 
0, 77050, 974504335, 0.00, 100.00, 0.00, 2.25, 0, 0 
1, 77050, 975078811, 0.00, 100.00, 0.00, 2.25, 0, 0 
2, 77050, 975869196, 0.00, 100.00, 0.00, 2.25, 0, 0 
3, 77050, 976677502, 0.00, 100.00, 0.00, 2.25, 0, 0 
4, 77050, 977289653, 0.00, 100.00, 0.00, 2.25, 0, 0 
5, 77050, 978103928, 0.00, 100.00, 0.00, 2.25, 0, 0 
6, 77050, 978820077, 0.00, 100.00, 0.00, 2.25, 0, 0 
7, 77050, 979638105, 0.00, 100.00, 0.00, 2.25, 0, 0 
8, 77050, 980369071, 0.00, 100.00, 0.00, 2.25, 0, 0 
9, 77050, 980946420, 0.00, 100.00, 0.00, 2.25, 0, 0 
0, 77050, 981640630, 0.00, 100.00, 0.00, 2.25, 0, 0 
1, 77050, 982323023, 0.00, 100.00, 0.00, 2.25, 0, 0 
2, 77050, 983040173, 0.00, 100.00, 0.00, 2.25, 0, 0 
3, 77050, 983700502, 0.00, 100.00, 0.00, 2.25, 0, 0 
4, 77050, 984461998, 0.00, 100.00, 0.00, 2.25, 0, 0 
5, 77050, 985221604, 0.00, 100.00, 0.00, 2.25, 0, 0 
6, 77050, 985964322, 0.00, 100.00, 0.00, 2.25, 0, 0 
7, 77050, 986633214, 0.00, 100.00, 0.00, 2.25, 0, 0 
8, 77050, 987421895, 0.00, 100.00, 0.00, 2.25, 0, 0 
9, 77050, 988280962, 0.00, 100.00, 0.00, 2.25, 0, 0 
0, 77050, 988852523, 0.00, 100.00, 0.00, 2.25, 0, 0 
1, 77050, 989444886, 0.00, 100.00, 0.00, 2.25, 0, 0 
2, 77050, 990255148, 0.00, 100.00, 0.00, 2.25, 0, 0 
3, 77050, 991071733, 0.00, 100.00, 0.00, 2.25, 0, 0 
4, 77050, 991827668, 0.00, 100.00, 0.00, 2.25, 0, 0 
5, 77050, 992547581, 0.00, 100.00, 0.00, 2.25, 0, 0 
6, 77050, 993135163, 0.00, 100.00, 0.00, 2.25, 0, 0 
7, 77050, 993908037, 0.00, 100.00, 0.00, 2.25, 0, 0 
8, 77050, 994661811, 0.00, 100.00, 0.00, 2.25, 0, 0 
9, 77050, 995504076, 0.00, 100.00, 0.00, 2.25, 0, 0 
0, 77050, 996121651, 0.00, 100.00, 0.00, 2.25, 0, 0 
1, 77050, 996699538, 0.00, 100.00, 0.00, 2.25, 0, 0 
2, 77050, 997506968, 0.00, 100.00, 0.00, 2.25, 0, 0 
3, 77050, 998108772, 0.00, 100.00, 0.00, 2.25, 0, 0 
4, 77050, 998896559, 0.00, 100.00, 0.00, 2.25, 0, 0 
5, 77050, 999510088, 0.00, 100.00, 0.00, 2.25, 0, 0 
6, 77051, 329957, 0.00, 100.00, 0.00, 2.25, 0, 0 
7, 77051, 1052775, 0.00, 100.00, 0.00, 2.25, 0, 0 
8, 77051, 1702988, 0.00, 100.00, 0.00, 2.25, 0, 0 
9, 77051, 2279991, 0.00, 100.00, 0.00, 2.25, 0, 0 
0, 77051, 2885454, 0.00, 100.00, 0.00, 2.25, 0, 0 
1, 77051, 3647375, 0.00, 100.00, 0.00, 2.25, 0, 0 
2, 77051, 4429474, 0.00, 100.00, 0.00, 2.25, 0, 0 
3, 77051, 5236238, 0.00, 100.00, 0.00, 2.25, 0, 0 
4, 77051, 5833675, 0.00, 100.00, 0.00, 2.25, 0, 0 
5, 77051, 6642130, 0.00, 100.00, 0.00, 2.25, 0, 0 
6, 77051, 7312418, 0.00, 100.00, 0.00, 2.25, 0, 0 
7, 77051, 8042995, 0.00, 100.00, 0.00, 2.25, 0, 0 
8, 77051, 8659357, 0.00, 100.00, 0.00, 2.25, 0, 0 
9, 77051, 9380990, 0.00, 100.00, 0.00, 2.25, 0, 0 
0, 77051, 9982635, 0.00, 100.00, 0.00, 2.25, 0, 0 
1, 77051, 10715773, 0.00, 100.00, 0.00, 2.25, 0, 0 
2, 77051, 11449595, 0.00, 100.00, 0.00, 2.25, 0, 0 
3, 77051, 12102706, 0.00, 100.00, 0.00, 2.25, 0, 0 
4, 77051, 12853035, 0.00, 100.00, 0.00, 2.25, 0, 0 
5, 77051, 13453075, 0.00, 100.00, 0.00, 2.25, 0, 0 
6, 77051, 14239704, 0.00, 100.00, 0.00, 2.25, 0, 0 
7, 77051, 14840847, 0.00, 100.00, 0.00, 2.25, 0, 0 
8, 77051, 15390160, 0.00, 100.00, 0.00, 2.25, 0, 0 
9, 77051, 16098136, 0.00, 100.00, 0.00, 2.25, 0, 0 
0, 77051, 16658242, 0.00, 100.00, 0.00, 2.25, 0, 0 
1, 77051, 17278397, 0.00, 100.00, 0.00, 2.25, 0, 0 
2, 77051, 18011514, 0.00, 100.00, 0.00, 2.25, 0, 0 
3, 77051, 18564940, 0.00, 100.00, 0.00, 2.25, 0, 0 
4, 77051, 19130649, 0.00, 100.00, 0.00, 2.25, 0, 0 
5, 77051, 19677444, 0.00, 100.00, 0.00, 2.25, 0, 0 
6, 77051, 20225144, 0.00, 100.00, 0.00, 2.25, 0, 0 
7, 77051, 20831005, 0.00, 100.00, 0.00, 2.25, 0, 0 
8, 77051, 21637779, 0.00, 100.00, 0.00, 2.25, 0, 0 
9, 77051, 22193978, 0.00, 100.00, 0.00, 2.25, 0, 0 
0, 77051, 22762934, 0.00, 100.00, 0.00, 2.25, 0, 0 
1, 77051, 23315848, 0.00, 100.00, 0.00, 2.25, 0, 0 
2, 77051, 23979137, 0.00, 100.00, 0.00, 2.25, 0, 0 
3, 77051, 24724253, 0.00, 100.00, 0.00, 2.25, 0, 0 
4, 77051, 25522867, 0.00, 100.00, 0.00, 2.25, 0, 0 
5, 77051, 26322612, 0.00, 100.00, 0.00, 2.25, 0, 0 
6, 77051, 26907358, 0.00, 100.00, 0.00, 2.25, 0, 0 
7, 77051, 27621548, 0.00, 100.00, 0.00, 2.25, 0, 0 
8, 77051, 28311624, 0.00, 100.00, 0.00, 2.25, 0, 0 
9, 77051, 29199844, 0.00, 100.00, 0.00, 2.25, 0, 0 
0, 77051, 30131264, 0.00, 100.00, 0.00, 2.25, 0, 0 
1, 77051, 31014703, 0.00, 100.00, 0.00, 2.25, 0, 0 
2, 77051, 31863042, 0.00, 100.00, 0.00, 2.25, 0, 0 
3, 77051, 32727963, 0.00, 100.00, 0.00, 2.25, 0, 0 
4, 77051, 33713075, 0.00, 100.00, 0.00, 2.25, 0, 0 
5, 77051, 34690454, 0.00, 100.00, 0.00, 2.25, 0, 0 
6, 77051, 35508843, 0.00, 100.00, 0.00, 2.25, 0, 0 
7, 77051, 36324140, 0.00, 100.00, 0.00, 2.25, 0, 0 
8, 77051, 37128001, 0.00, 100.00, 0.00, 2.25, 0, 0 
9, 77051, 37938027, 0.00, 100.00, 0.00, 2.25, 0, 0 
0, 77051, 38739797, 0.00, 100.00, 0.00, 2.25, 0, 0 
1, 77051, 39566818, 0.00, 100.00, 0.00, 2.25, 0, 0 
2, 77051, 40392125, 0.00, 100.00, 0.00, 2.25, 0, 0 
3, 77051, 41155006, 0.00, 100.00, 0.00, 2.25, 0, 0 
4, 77051, 41898599, 0.00, 100.00, 0.00, 2.25, 0, 0 
5, 77051, 42683980, 0.00, 100.00, 0.00, 2.25, 0, 0 
6, 77051, 43427672, 0.00, 100.00, 0.00, 2.25, 0, 0 
7, 77051, 44241906, 0.00, 100.00, 0.00, 2.25, 0, 0 
8, 77051, 45080898, 0.00, 100.00, 0.00, 2.25, 0, 0 
9, 77051, 45908053, 0.00, 100.00, 0.00, 2.25, 0, 0 
0, 77051, 46779017, 0.00, 100.00, 0.00, 2.25, 0, 0 
1, 77051, 47644861, 0.00, 100.00, 0.00, 2.25, 0, 0 
2, 77051, 48532627, 0.00, 100.00, 0.00, 2.25, 0, 0 
3, 77051, 49399793, 0.00, 100.00, 0.00, 2.25, 0, 0 
4, 77051, 50239189, 0.00, 100.00, 0.00, 2.25, 0, 0 
5, 77051, 51045824, 0.00, 100.00, 0.00, 2.25, 0, 0 
6, 77051, 51881236, 0.00, 100.00, 0.00, 2.25, 0, 0 
7, 77051, 52743422, 0.00, 100.00, 0.00, 2.25, 0, 0 
8, 77051, 53596001, 0.00, 100.00, 0.00, 2.25, 0, 0 
9, 77051, 54412297, 0.00, 100.00, 0.00, 2.25, 0, 0 
0, 77051, 55322381, 0.00, 100.00, 0.00, 2.25, 0, 0 
1, 77051, 56261424, 0.00, 100.00, 0.00, 2.25, 0, 0 
2, 77051, 57100742, 0.00, 100.00, 0.00, 2.25, 0, 0 
3, 77051, 58005326, 0.00, 100.00, 0.00, 2.25, 0, 0 
4, 77051, 58904903, 0.00, 100.00, 0.00, 2.25, 0, 0 
5, 77051, 59780365, 0.00, 100.00, 0.00, 2.25, 0, 0 
6, 77051, 60551740, 0.00, 100.00, 0.00, 2.25, 0, 0 
7, 77051, 61356262, 0.00, 100.00, 0.00, 2.25, 0, 0 
8, 77051, 62185793, 0.00, 100.00, 0.00, 2.25, 0, 0 
9, 77051, 63029278, 0.00, 100.00, 0.00, 2.25, 0, 0 
0, 77051, 63858215, 0.00, 100.00, 0.00, 2.25, 0, 0 
1, 77051, 64574084, 0.00, 100.00, 0.00, 2.25, 0, 0 
2, 77051, 65217582, 0.00, 100.00, 0.00, 2.25, 0, 0 
3, 77051, 65898469, 0.00, 100.00, 0.00, 2.25, 0, 0 
4, 77051, 66956732, 0.00, 100.00, 0.00, 2.25, 0, 0 
5, 77051, 67586677, 0.00, 100.00, 0.00, 2.25, 0, 0 
6, 77051, 68259897, 0.00, 100.00, 0.00, 2.25, 0, 0 
7, 77051, 68832216, 0.00, 100.00, 0.00, 2.25, 0, 0 
8, 77051, 69431637, 0.00, 100.00, 0.00, 2.25, 0, 0 
9, 77051, 70084074, 0.00, 100.00, 0.00, 2.25, 0, 0 
0, 77051, 70746353, 0.00, 100.00, 0.00, 2.25, 0, 0 
1, 77051, 71327278, 0.00, 100.00, 0.00, 2.25, 0, 0 
2, 77051, 71971448, 0.00, 100.00, 0.00, 2.25, 0, 0 
3, 77051, 72574238, 0.00, 100.00, 0.00, 2.25, 0, 0 
4, 77051, 73221153, 0.00, 100.00, 0.00, 2.25, 0, 0 
5, 77051, 73874410, 0.00, 100.00, 0.00, 2.25, 0, 0 
6, 77051, 74459054, 0.00, 100.00, 0.00, 2.25, 0, 0 
7, 77051, 75105439, 0.00, 100.00, 0.00, 2.25, 0, 0 
8, 77051, 75804271, 0.00, 100.00, 0.00, 2.25, 0, 0 
9, 77051, 76422028, 0.00, 100.00, 0.00, 2.25, 0, 0 
0, 77051, 77027261, 0.00, 100.00, 0.00, 2.25, 0, 0 
1, 77051, 77619790, 0.00, 100.00, 0.00, 2.25, 0, 0 
2, 77051, 78256573, 0.00, 100.00, 0.00, 2.25, 0, 0 
3, 77051, 78840602, 0.00, 100.00, 0.00, 2.25, 0, 0 
4, 77051, 79408892, 0.00, 100.00, 0.00, 2.25, 0, 0 
5, 77051, 80011629, 0.00, 100.00, 0.00, 2.25, 0, 0 
6, 77051, 80652953, 0.00, 100.00, 0.00, 2.25, 0, 0 
7, 77051, 81292629, 0.00, 100.00, 0.00, 2.25, 0, 0 
8, 77051, 81919417, 0.00, 100.00, 0.00, 2.25, 0, 0 
9, 77051, 82551994, 0.00, 100.00, 0.00, 2.25, 0, 0 
0, 77051, 83219210, 0.00, 100.00, 0.00, 2.25, 0, 0 
1, 77051, 83810403, 0.00, 100.00, 0.00, 2.25, 0, 0 
2, 77051, 84424043, 0.00, 100.00, 0.00, 2.25, 0, 0 
3, 77051, 85029345, 0.00, 100.00, 0.00, 2.25, 0, 0 
4, 77051, 85659910, 0.00, 100.00, 0.00, 2.25, 0, 0 
5, 77051, 86309616, 0.00, 100.00, 0.00, 2.25, 0, 0 
6, 77051, 86948972, 0.00, 100.00, 0.00, 2.25, 0, 0 
7, 77051, 87547536, 0.00, 100.00, 0.00, 2.25, 0, 0 
8, 77051, 88120860, 0.00, 100.00, 0.00, 2.25, 0, 0 
9, 77051, 88693950, 0.00, 100.00, 0.00, 2.25, 0, 0 
0, 77051, 89328012, 0.00, 100.00, 0.00, 2.25, 0, 0 
1, 77051, 90011371, 0.00, 100.00, 0.00, 2.25, 0, 0 
2, 77051, 90620877, 0.00, 100.00, 0.00, 2.25, 0, 0 
3, 77051, 91210911, 0.00, 100.00, 0.00, 2.25, 0, 0 
4, 77051, 91814862, 0.00, 100.00, 0.00, 2.25, 0, 0 
5, 77051, 92390654, 0.00, 100.00, 0.00, 2.25, 0, 0 
6, 77051, 92960226, 0.00, 100.00, 0.00, 2.25, 0, 0 
7, 77051, 93561023, 0.00, 100.00, 0.00, 2.25, 0, 0 
8, 77051, 94196262, 0.00, 100.00, 0.00, 2.25, 0, 0 
9, 77051, 94824301, 0.00, 100.00, 0.00, 2.25, 0, 0 
0, 77051, 95557136, 0.00, 100.00, 0.00, 2.25, 0, 0 
1, 77051, 96133311, 0.00, 100.00, 0.00, 2.25, 0, 0 
2, 77051, 96699813, 0.00, 100.00, 0.00, 2.25, 0, 0 
3, 77051, 97295859, 0.00, 100.00, 0.00, 2.25, 0, 0 
4, 77051, 97972973, 0.00, 100.00, 0.00, 2.25, 0, 0 
5, 77051, 98609704, 0.00, 100.00, 0.00, 2.25, 0, 0 
6, 77051, 99238623, 0.00, 100.00, 0.00, 2.25, 0, 0 
7, 77051, 99925914, 0.00, 100.00, 0.00, 2.25, 0, 0 
8, 77051, 100492461, 0.00, 100.00, 0.00, 2.25, 0, 0 
9, 77051, 101090549, 0.00, 100.00, 0.00, 2.25, 0, 0 
0, 77051, 101688203, 0.00, 100.00, 0.00, 2.25, 0, 0 
1, 77051, 102255717, 0.00, 100.00, 0.00, 2.25, 0, 0 
2, 77051, 102831907, 0.00, 100.00, 0.00, 2.25, 0, 0 
3, 77051, 103451915, 0.00, 100.00, 0.00, 2.25, 0, 0 
4, 77051, 104121364, 0.00, 100.00, 0.00, 2.25, 0, 0 
5, 77051, 104755492, 0.00, 100.00, 0.00, 2.25, 0, 0 
6, 77051, 105339101, 0.00, 100.00, 0.00, 2.25, 0, 0 
7, 77051, 105944880, 0.00, 100.00, 0.00, 2.25, 0, 0 
8, 77051, 106583145, 0.00, 100.00, 0.00, 2.25, 0, 0 
9, 77051, 107227311, 0.00, 100.00, 0.00, 2.25, 0, 0 
0, 77051, 107908919, 0.00, 100.00, 0.00, 2.25, 0, 0 
1, 77051, 108503659, 0.00, 100.00, 0.00, 2.25, 0, 0 
2, 77051, 109128203, 0.00, 100.00, 0.00, 2.25, 0, 0 
3, 77051, 109690804, 0.00, 100.00, 0.00, 2.25, 0, 0 
4, 77051, 110305364, 0.00, 100.00, 0.00, 2.25, 0, 0 
5, 77051, 110862621, 0.00, 100.00, 0.00, 2.25, 0, 0 
6, 77051, 111427961, 0.00, 100.00, 0.00, 2.25, 0, 0 
7, 77051, 111991064, 0.00, 100.00, 0.00, 2.25, 0, 0 
8, 77051, 112617687, 0.00, 100.00, 0.00, 2.25, 0, 0 
9, 77051, 113263604, 0.00, 100.00, 0.00, 2.25, 0, 0 
0, 77051, 113953536, 0.00, 100.00, 0.00, 2.25, 0, 0 
1, 77051, 114539904, 0.00, 100.00, 0.00, 2.25, 0, 0 
2, 77051, 115152049, 0.00, 100.00, 0.00, 2.25, 0, 0 
3, 77051, 115785236, 0.00, 100.00, 0.00, 2.25, 0, 0 
4, 77051, 116393216, 0.00, 100.00, 0.00, 2.25, 0, 0 
5, 77051, 116964159, 0.00, 100.00, 0.00, 2.25, 0, 0 
6, 77051, 117560529, 0.00, 100.00, 0.00, 2.25, 0, 0 
7, 77051, 118132383, 0.00, 100.00, 0.00, 2.25, 0, 0 
8, 77051, 118764989, 0.00, 100.00, 0.00, 2.25, 0, 0 
9, 77051, 119428794, 0.00, 100.00, 0.00, 2.25, 0, 0 
0, 77051, 120181348, 0.00, 100.00, 0.00, 2.25, 0, 0 
1, 77051, 120817310, 0.00, 100.00, 0.00, 2.25, 0, 0 
2, 77051, 121411002, 0.00, 100.00, 0.00, 2.25, 0, 0 
3, 77051, 122051520, 0.00, 100.00, 0.00, 2.25, 0, 0 
4, 77051, 122685365, 0.00, 100.00, 0.00, 2.25, 0, 0 
5, 77051, 123317481, 0.00, 100.00, 0.00, 2.25, 0, 0 
6, 77051, 123943571, 0.00, 100.00, 0.00, 2.25, 0, 0 
7, 77051, 124536607, 0.00, 100.00, 0.00, 2.25, 0, 0 
8, 77051, 125111032, 0.00, 100.00, 0.00, 2.25, 0, 0 
9, 77051, 125703470, 0.00, 100.00, 0.00, 2.25, 0, 0 
0, 77051, 126352125, 0.00, 100.00, 0.00, 2.25, 0, 0 
1, 77051, 126980613, 0.00, 100.00, 0.00, 2.25, 0, 0 
2, 77051, 127554178, 0.00, 100.00, 0.00, 2.25, 0, 0 
3, 77051, 128115465, 0.00, 100.00, 0.00, 2.25, 0, 0 
4, 77051, 128699703, 0.00, 100.00, 0.00, 2.25, 0, 0 
5, 77051, 129347946, 0.00, 100.00, 0.00, 2.25, 0, 0 
6, 77051, 130019411, 0.00, 100.00, 0.00, 2.25, 0, 0 
7, 77051, 130660187, 0.00, 100.00, 0.00, 2.25, 0, 0 
8, 77051, 131219380, 0.00, 100.00, 0.00, 2.25, 0, 0 
9, 77051, 131790797, 0.00, 100.00, 0.00, 2.25, 0, 0 
0, 77051, 132441610, 0.00, 100.00, 0.00, 2.25, 0, 0 
1, 77051, 133030143, 0.00, 100.00, 0.00, 2.25, 0, 0 
2, 77051, 133602935, 0.00, 100.00, 0.00, 2.25, 0, 0 
3, 77051, 134274368, 0.00, 100.00, 0.00, 2.25, 0, 0 
4, 77051, 134982214, 0.00, 100.00, 0.00, 2.25, 0, 0 
5, 77051, 135623390, 0.00, 100.00, 0.00, 2.25, 0, 0 
6, 77051, 136194287, 0.00, 100.00, 0.00, 2.25, 0, 0 
7, 77051, 136825787, 0.00, 100.00, 0.00, 2.25, 0, 0 
8, 77051, 137526162, 0.00, 100.00, 0.00, 2.25, 0, 0 
9, 77051, 138146041, 0.00, 100.00, 0.00, 2.25, 0, 0 
0, 77051, 138759347, 0.00, 100.00, 0.00, 2.25, 0, 0 
1, 77051, 139336087, 0.00, 100.00, 0.00, 2.25, 0, 0 
2, 77051, 139992133, 0.00, 100.00, 0.00, 2.25, 0, 0 
3, 77051, 140633425, 0.00, 100.00, 0.00, 2.25, 0, 0 
4, 77051, 141262238, 0.00, 100.00, 0.00, 2.25, 0, 0 
5, 77051, 141969320, 0.00, 100.00, 0.00, 2.25, 0, 0 
6, 77051, 142579712, 0.00, 100.00, 0.00, 2.25, 0, 0 
7, 77051, 143185411, 0.00, 100.00, 0.00, 2.25, 0, 0 
8, 77051, 143791394, 0.00, 100.00, 0.00, 2.25, 0, 0 
9, 77051, 144437991, 0.00, 100.00, 0.00, 2.25, 0, 0 
0, 77051, 145258389, 0.00, 100.00, 0.00, 2.25, 0, 0 
1, 77051, 145814782, 0.00, 100.00, 0.00, 2.25, 0, 0 
2, 77051, 146455238, 0.00, 100.00, 0.00, 2.25, 0, 0 
3, 77051, 147093155, 0.00, 100.00, 0.00, 2.25, 0, 0 
4, 77051, 147681133, 0.00, 100.00, 0.00, 2.25, 0, 0 
5, 77051, 148308706, 0.00, 100.00, 0.00, 2.25, 0, 0 
6, 77051, 148974381, 0.00, 100.00, 0.00, 2.25, 0, 0 
7, 77051, 149561113, 0.00, 100.00, 0.00, 2.25, 0, 0 
8, 77051, 150162365, 0.00, 100.00, 0.00, 2.25, 0, 0 
9, 77051, 150811897, 0.00, 100.00, 0.00, 2.25, 0, 0 
0, 77051, 151467151, 0.00, 100.00, 0.00, 2.25, 0, 0 
1, 77051, 152048910, 0.00, 100.00, 0.00, 2.25, 0, 0 
2, 77051, 152628703, 0.00, 100.00, 0.00, 2.25, 0, 0 
3, 77051, 153211983, 0.00, 100.00, 0.00, 2.25, 0, 0 
4, 77051, 153855124, 0.00, 100.00, 0.00, 2.25, 0, 0 
5, 77051, 154513810, 0.00, 100.00, 0.00, 2.25, 0, 0 
6, 77051, 155080133, 0.00, 100.00, 0.00, 2.25, 0, 0 
7, 77051, 155673185, 0.00, 100.00, 0.00, 2.25, 0, 0 
8, 77051, 156257824, 0.00, 100.00, 0.00, 2.25, 0, 0 
9, 77051, 156872510, 0.00, 100.00, 0.00, 2.25, 0, 0 
0, 77051, 157506538, 0.00, 100.00, 0.00, 2.25, 0, 0 
1, 77051, 158130095, 0.00, 100.00, 0.00, 2.25, 0, 0 
2, 77051, 158747766, 0.00, 100.00, 0.00, 2.25, 0, 0 
3, 77051, 159374605, 0.00, 100.00, 0.00, 2.25, 0, 0 
4, 77051, 160013587, 0.00, 100.00, 0.00, 2.25, 0, 0 
5, 77051, 160632361, 0.00, 100.00, 0.00, 2.25, 0, 0 
6, 77051, 161209236, 0.00, 100.00, 0.00, 2.25, 0, 0 
7, 77051, 161785810, 0.00, 100.00, 0.00, 2.25, 0, 0 
8, 77051, 162381056, 0.00, 100.00, 0.00, 2.25, 0, 0 
9, 77051, 162984413, 0.00, 100.00, 0.00, 2.25, 0, 0 
0, 77051, 163642355, 0.00, 100.00, 0.00, 2.25, 0, 0 
1, 77051, 164296468, 0.00, 100.00, 0.00, 2.25, 0, 0 
2, 77051, 164912352, 0.00, 100.00, 0.00, 2.25, 0, 0 
3, 77051, 165521414, 0.00, 100.00, 0.00, 2.25, 0, 0 
4, 77051, 166256954, 0.00, 100.00, 0.00, 2.25, 0, 0 
5, 77051, 166811589, 0.00, 100.00, 0.00, 2.25, 0, 0 
6, 77051, 167441940, 0.00, 100.00, 0.00, 2.25, 0, 0 
7, 77051, 168099285, 0.00, 100.00, 0.00, 2.25, 0, 0 
8, 77051, 168681617, 0.00, 100.00, 0.00, 2.25, 0, 0 
9, 77051, 169323596, 0.00, 100.00, 0.00, 2.25, 0, 0 
0, 77051, 170013089, 0.00, 100.00, 0.00, 2.25, 0, 0 
1, 77051, 170598541, 0.00, 100.00, 0.00, 2.25, 0, 0 
2, 77051, 171236647, 0.00, 100.00, 0.00, 2.25, 0, 0 
3, 77051, 171900391, 0.00, 100.00, 0.00, 2.25, 0, 0 
4, 77051, 172465683, 0.00, 100.00, 0.00, 2.25, 0, 0 
5, 77051, 173100101, 0.00, 100.00, 0.00, 2.25, 0, 0 
6, 77051, 173750916, 0.00, 100.00, 0.00, 2.25, 0, 0 
7, 77051, 174352747, 0.00, 100.00, 0.00, 2.25, 0, 0 
8, 77051, 175005452, 0.00, 100.00, 0.00, 2.25, 0, 0 
9, 77051, 175666080, 0.00, 100.00, 0.00, 2.25, 0, 0 
0, 77051, 176253616, 0.00, 100.00, 0.00, 2.25, 0, 0 
1, 77051, 176816504, 0.00, 100.00, 0.00, 2.25, 0, 0 
2, 77051, 177438302, 0.00, 100.00, 0.00, 2.25, 0, 0 
3, 77051, 178036444, 0.00, 100.00, 0.00, 2.25, 0, 0 
4, 77051, 178619269, 0.00, 100.00, 0.00, 2.25, 0, 0 
5, 77051, 179230645, 0.00, 100.00, 0.00, 2.25, 0, 0 
6, 77051, 179825212, 0.00, 100.00, 0.00, 2.25, 0, 0 
7, 77051, 180400982, 0.00, 100.00, 0.00, 2.25, 0, 0 
8, 77051, 180995777, 0.00, 100.00, 0.00, 2.25, 0, 0 
9, 77051, 181598719, 0.00, 100.00, 0.00, 2.25, 0, 0 
0, 77051, 182246746, 0.00, 100.00, 0.00, 2.25, 0, 0 
1, 77051, 182833875, 0.00, 100.00, 0.00, 2.25, 0, 0 
2, 77051, 183406811, 0.00, 100.00, 0.00, 2.25, 0, 0 
3, 77051, 183990853, 0.00, 100.00, 0.00, 2.25, 0, 0 
4, 77051, 184622141, 0.00, 100.00, 0.00, 2.25, 0, 0 
5, 77051, 185207878, 0.00, 100.00, 0.00, 2.25, 0, 0 
6, 77051, 185793948, 0.00, 100.00, 0.00, 2.25, 0, 0 
7, 77051, 186379188, 0.00, 100.00, 0.00, 2.25, 0, 0 
8, 77051, 187007061, 0.00, 100.00, 0.00, 2.25, 0, 0 
9, 77051, 187626948, 0.00, 100.00, 0.00, 2.25, 0, 0 
0, 77051, 188310744, 0.00, 100.00, 0.00, 2.25, 0, 0 
1, 77051, 188912616, 0.00, 100.00, 0.00, 2.25, 0, 0 
2, 77051, 189530621, 0.00, 100.00, 0.00, 2.25, 0, 0 
3, 77051, 190195781, 0.00, 100.00, 0.00, 2.25, 0, 0 
4, 77051, 190782151, 0.00, 100.00, 0.00, 2.25, 0, 0 
5, 77051, 191420528, 0.00, 100.00, 0.00, 2.25, 0, 0 
6, 77051, 192028415, 0.00, 100.00, 0.00, 2.25, 0, 0 
7, 77051, 192730644, 0.00, 100.00, 0.00, 2.25, 0, 0 
8, 77051, 193336149, 0.00, 100.00, 0.00, 2.25, 0, 0 
9, 77051, 193915601, 0.00, 100.00, 0.00, 2.25, 0, 0 
0, 77051, 194584759, 0.00, 100.00, 0.00, 2.25, 0, 0 
1, 77051, 195194119, 0.00, 100.00, 0.00, 2.25, 0, 0 
2, 77051, 195838025, 0.00, 100.00, 0.00, 2.25, 0, 0 
3, 77051, 196429580, 0.00, 100.00, 0.00, 2.25, 0, 0 
4, 77051, 197010161, 0.00, 100.00, 0.00, 2.25, 0, 0 
5, 77051, 197612485, 0.00, 100.00, 0.00, 2.25, 0, 0 
6, 77051, 198196894, 0.00, 100.00, 0.00, 2.25, 0, 0 
7, 77051, 198801327, 0.00, 100.00, 0.00, 2.25, 0, 0 
8, 77051, 199521109, 0.00, 100.00, 0.00, 2.25, 0, 0 
9, 77051, 200114524, 0.00, 100.00, 0.00, 2.25, 0, 0 
0, 77051, 200752616, 0.00, 100.00, 0.00, 2.25, 0, 0 
1, 77051, 201365715, 0.00, 100.00, 0.00, 2.25, 0, 0 
2, 77051, 201973320, 0.00, 100.00, 0.00, 2.25, 0, 0 
3, 77051, 202579607, 0.00, 100.00, 0.00, 2.25, 0, 0 
4, 77051, 203218361, 0.00, 100.00, 0.00, 2.25, 0, 0 
5, 77051, 203861703, 0.00, 100.00, 0.00, 2.25, 0, 0 
6, 77051, 204432429, 0.00, 100.00, 0.00, 2.25, 0, 0 
7, 77051, 205035151, 0.00, 100.00, 0.00, 2.25, 0, 0 
8, 77051, 205610270, 0.00, 100.00, 0.00, 2.25, 0, 0 
9, 77051, 206252122, 0.00, 100.00, 0.00, 2.25, 0, 0 
0, 77051, 206901640, 0.00, 100.00, 0.00, 2.25, 0, 0 
1, 77051, 207506073, 0.00, 100.00, 0.00, 2.25, 0, 0 
2, 77051, 208134997, 0.00, 100.00, 0.00, 2.25, 0, 0 
3, 77051, 208753212, 0.00, 100.00, 0.00, 2.25, 0, 0 
4, 77051, 209327677, 0.00, 100.00, 0.00, 2.25, 0, 0 
5, 77051, 209943658, 0.00, 100.00, 0.00, 2.25, 0, 0 
6, 77051, 210541271, 0.00, 100.00, 0.00, 2.25, 0, 0 
7, 77051, 211130110, 0.00, 100.00, 0.00, 2.25, 0, 0 
8, 77051, 211761441, 0.00, 100.00, 0.00, 2.25, 0, 0 
9, 77051, 212363360, 0.00, 100.00, 0.00, 2.25, 0, 0 
0, 77051, 213025514, 0.00, 100.00, 0.00, 2.25, 0, 0 
1, 77051, 213610097, 0.00, 100.00, 0.00, 2.25, 0, 0 
2, 77051, 214244404, 0.00, 100.00, 0.00, 2.25, 0, 0 
3, 77051, 214898291, 0.00, 100.00, 0.00, 2.25, 0, 0 
4, 77051, 215555159, 0.00, 100.00, 0.00, 2.25, 0, 0 
5, 77051, 216134459, 0.00, 100.00, 0.00, 2.25, 0, 0 
6, 77051, 216735919, 0.00, 100.00, 0.00, 2.25, 0, 0 
7, 77051, 217380967, 0.00, 100.00, 0.00, 2.25, 0, 0 
8, 77051, 218039732, 0.00, 100.00, 0.00, 2.25, 0, 0 
9, 77051, 218676631, 0.00, 100.00, 0.00, 2.25, 0, 0 
0, 77051, 219293830, 0.00, 100.00, 0.00, 2.25, 0, 0 
1, 77051, 219921779, 0.00, 100.00, 0.00, 2.25, 0, 0 
2, 77051, 220557434, 0.00, 100.00, 0.00, 2.25, 0, 0 
3, 77051, 221165163, 0.00, 100.00, 0.00, 2.25, 0, 0 
4, 77051, 221803303, 0.00, 100.00, 0.00, 2.25, 0, 0 
5, 77051, 222401949, 0.00, 100.00, 0.00, 2.25, 0, 0 
6, 77051, 223016851, 0.00, 100.00, 0.00, 2.25, 0, 0 
7, 77051, 223587387, 0.00, 100.00, 0.00, 2.25, 0, 0 
8, 77051, 224169180, 0.00, 100.00, 0.00, 2.25, 0, 0 
9, 77051, 224715101, 0.00, 100.00, 0.00, 2.25, 0, 0 
0, 77051, 225330078, 0.00, 100.00, 0.00, 2.25, 0, 0 
1, 77051, 225930943, 0.00, 100.00, 0.00, 2.25, 0, 0 
2, 77051, 226554482, 0.00, 100.00, 0.00, 2.25, 0, 0 
3, 77051, 227214334, 0.00, 100.00, 0.00, 2.25, 0, 0 
4, 77051, 227798212, 0.00, 100.00, 0.00, 2.25, 0, 0 
5, 77051, 228429115, 0.00, 100.00, 0.00, 2.25, 0, 0 
6, 77051, 229081028, 0.00, 100.00, 0.00, 2.25, 0, 0 
7, 77051, 229765547, 0.00, 100.00, 0.00, 2.25, 0, 0 
8, 77051, 230398743, 0.00, 100.00, 0.00, 2.25, 0, 0 
9, 77051, 231022201, 0.00, 100.00, 0.00, 2.25, 0, 0 
0, 77051, 231686432, 0.00, 100.00, 0.00, 2.25, 0, 0 
1, 77051, 232375368, 0.00, 100.00, 0.00, 2.25, 0, 0 
2, 77051, 233113240, 0.00, 100.00, 0.00, 2.25, 0, 0 
3, 77051, 233946095, 0.00, 100.00, 0.00, 2.25, 0, 0 
4, 77051, 234752278, 0.00, 100.00, 0.00, 2.25, 0, 0 
5, 77051, 235575756, 0.00, 100.00, 0.00, 2.25, 0, 0 
6, 77051, 236351542, 0.00, 100.00, 0.00, 2.25, 0, 0 
7, 77051, 237132161, 0.00, 100.00, 0.00, 2.25, 0, 0 
8, 77051, 237925262, 0.00, 100.00, 0.00, 2.25, 0, 0 
9, 77051, 238750094, 0.00, 100.00, 0.00, 2.25, 0, 0 
0, 77051, 239545649, 0.00, 100.00, 0.00, 2.25, 0, 0 
1, 77051, 240408240, 0.00, 100.00, 0.00, 2.25, 0, 0 
2, 77051, 241220756, 0.00, 100.00, 0.00, 2.25, 0, 0 
3, 77051, 241977350, 0.00, 100.00, 0.00, 2.25, 0, 0 
4, 77051, 242776641, 0.00, 100.00, 0.00, 2.25, 0, 0 
5, 77051, 243531344, 0.00, 100.00, 0.00, 2.25, 0, 0 
6, 77051, 244359647, 0.00, 100.00, 0.00, 2.25, 0, 0 
7, 77051, 245177087, 0.00, 100.00, 0.00, 2.25, 0, 0 
8, 77051, 245931291, 0.00, 100.00, 0.00, 2.25, 0, 0 
9, 77051, 246682690, 0.00, 100.00, 0.00, 2.25, 0, 0 
0, 77051, 247475354, 0.00, 100.00, 0.00, 2.25, 0, 0 
1, 77051, 248327291, 0.00, 100.00, 0.00, 2.25, 0, 0 
2, 77051, 249141729, 0.00, 100.00, 0.00, 2.25, 0, 0 
3, 77051, 249969229, 0.00, 100.00, 0.00, 2.25, 0, 0 
4, 77051, 250730991, 0.00, 100.00, 0.00, 2.25, 0, 0 
5, 77051, 251495653, 0.00, 100.00, 0.00, 2.25, 0, 0 
6, 77051, 252292152, 0.00, 100.00, 0.00, 2.25, 0, 0 
7, 77051, 253079357, 0.00, 100.00, 0.00, 2.25, 0, 0 
8, 77051, 253844307, 0.00, 100.00, 0.00, 2.25, 0, 0 
9, 77051, 254499107, 0.00, 100.00, 0.00, 2.25, 0, 0 
0, 77051, 255156313, 0.00, 100.00, 0.00, 2.25, 0, 0 
1, 77051, 255903297, 0.00, 100.00, 0.00, 2.25, 0, 0 
2, 77051, 256639432, 0.00, 100.00, 0.00, 2.25, 0, 0 
3, 77051, 257287072, 0.00, 100.00, 0.00, 2.25, 0, 0 
4, 77051, 257915843, 0.00, 100.00, 0.00, 2.25, 0, 0 
5, 77051, 258542487, 0.00, 100.00, 0.00, 2.25, 0, 0 
6, 77051, 259114891, 0.00, 100.00, 0.00, 2.25, 0, 0 
7, 77051, 259690461, 0.00, 100.00, 0.00, 2.25, 0, 0 
8, 77051, 260308021, 0.00, 100.00, 0.00, 2.25, 0, 0 
9, 77051, 260934693, 0.00, 100.00, 0.00, 2.25, 0, 0 
0, 77051, 261643664, 0.00, 100.00, 0.00, 2.25, 0, 0 
1, 77051, 262259236, 0.00, 100.00, 0.00, 2.25, 0, 0 
2, 77051, 262847037, 0.00, 100.00, 0.00, 2.25, 0, 0 
3, 77051, 263483215, 0.00, 100.00, 0.00, 2.25, 0, 0 
4, 77051, 264153857, 0.00, 100.00, 0.00, 2.25, 0, 0 
5, 77051, 264794047, 0.00, 100.00, 0.00, 2.25, 0, 0 
6, 77051, 265407297, 0.00, 100.00, 0.00, 2.25, 0, 0 
7, 77051, 266061696, 0.00, 100.00, 0.00, 2.25, 0, 0 
8, 77051, 266831025, 0.00, 100.00, 0.00, 2.25, 0, 0 
9, 77051, 267452731, 0.00, 100.00, 0.00, 2.25, 0, 0 
0, 77051, 268113807, 0.00, 100.00, 0.00, 2.25, 0, 0 
1, 77051, 268736581, 0.00, 100.00, 0.00, 2.25, 0, 0 
2, 77051, 269334560, 0.00, 100.00, 0.00, 2.25, 0, 0 
3, 77051, 269963621, 0.00, 100.00, 0.00, 2.25, 0, 0 
4, 77051, 270587124, 0.00, 100.00, 0.00, 2.25, 0, 0 
5, 77051, 271167648, 0.00, 100.00, 0.00, 2.25, 0, 0 
6, 77051, 271759169, 0.00, 100.00, 0.00, 2.25, 0, 0 
7, 77051, 272341538, 0.00, 100.00, 0.00, 2.25, 0, 0 
8, 77051, 272932435, 0.00, 100.00, 0.00, 2.25, 0, 0 
9, 77051, 273540903, 0.00, 100.00, 0.00, 2.25, 0, 0 
0, 77051, 274129375, 0.00, 100.00, 0.00, 2.25, 0, 0 
1, 77051, 274743222, 0.00, 100.00, 0.00, 2.25, 0, 0 
2, 77051, 275348799, 0.00, 100.00, 0.00, 2.25, 0, 0 
3, 77051, 275973012, 0.00, 100.00, 0.00, 2.25, 0, 0 
4, 77051, 276673984, 0.00, 100.00, 0.00, 2.25, 0, 0 
5, 77051, 277253183, 0.00, 100.00, 0.00, 2.25, 0, 0 
6, 77051, 277887561, 0.00, 100.00, 0.00, 2.25, 0, 0 
7, 77051, 278505531, 0.00, 100.00, 0.00, 2.25, 0, 0 
8, 77051, 279131619, 0.00, 100.00, 0.00, 2.25, 0, 0 
9, 77051, 279723782, 0.00, 100.00, 0.00, 2.25, 0, 0 
0, 77051, 280339566, 0.00, 100.00, 0.00, 2.25, 0, 0 
1, 77051, 280924762, 0.00, 100.00, 0.00, 2.25, 0, 0 
2, 77051, 281501217, 0.00, 100.00, 0.00, 2.25, 0, 0 
3, 77051, 282091614, 0.00, 100.00, 0.00, 2.25, 0, 0 
4, 77051, 282699849, 0.00, 100.00, 0.00, 2.25, 0, 0 
5, 77051, 283309727, 0.00, 100.00, 0.00, 2.25, 0, 0 
6, 77051, 283895040, 0.00, 100.00, 0.00, 2.25, 0, 0 
7, 77051, 284522983, 0.00, 100.00, 0.00, 2.25, 0, 0 
8, 77051, 285124640, 0.00, 100.00, 0.00, 2.25, 0, 0 
9, 77051, 285726621, 0.00, 100.00, 0.00, 2.25, 0, 0 
0, 77051, 286309119, 0.00, 100.00, 0.00, 2.25, 0, 0 
1, 77051, 286893596, 0.00, 100.00, 0.00, 2.25, 0, 0 
2, 77051, 287503002, 0.00, 100.00, 0.00, 2.25, 0, 0 
3, 77051, 288125762, 0.00, 100.00, 0.00, 2.25, 0, 0 
4, 77051, 288753003, 0.00, 100.00, 0.00, 2.25, 0, 0 
5, 77051, 289494200, 0.00, 100.00, 0.00, 2.25, 0, 0 
6, 77051, 290236353, 0.00, 100.00, 0.00, 2.25, 0, 0 
7, 77051, 290906895, 0.00, 100.00, 0.00, 2.25, 0, 0 
8, 77051, 291696591, 0.00, 100.00, 0.00, 2.25, 0, 0 
9, 77051, 292347416, 0.00, 100.00, 0.00, 2.25, 0, 0 
0, 77051, 292952253, 0.00, 100.00, 0.00, 2.25, 0, 0 
1, 77051, 293701410, 0.00, 100.00, 0.00, 2.25, 0, 0 
2, 77051, 294414518, 0.00, 100.00, 0.00, 2.25, 0, 0 
3, 77051, 295093784, 0.00, 100.00, 0.00, 2.25, 0, 0 
4, 77051, 295934802, 0.00, 100.00, 0.00, 2.25, 0, 0 
5, 77051, 296642301, 0.00, 100.00, 0.00, 2.25, 0, 0 
6, 77051, 297262531, 0.00, 100.00, 0.00, 2.25, 0, 0 
7, 77051, 297838103, 0.00, 100.00, 0.00, 2.25, 0, 0 
8, 77051, 298548230, 0.00, 100.00, 0.00, 2.25, 0, 0 
9, 77051, 299132397, 0.00, 100.00, 0.00, 2.25, 0, 0 
0, 77051, 299734899, 0.00, 100.00, 0.00, 2.25, 0, 0 
1, 77051, 300369688, 0.00, 100.00, 0.00, 2.25, 0, 0 
2, 77051, 300988373, 0.00, 100.00, 0.00, 2.25, 0, 0 
3, 77051, 301743574, 0.00, 100.00, 0.00, 2.25, 0, 0 
4, 77051, 302531460, 0.00, 100.00, 0.00, 2.25, 0, 0 
5, 77051, 303171822, 0.00, 100.00, 0.00, 2.25, 0, 0 
6, 77051, 303764480, 0.00, 100.00, 0.00, 2.25, 0, 0 
7, 77051, 304538724, 0.00, 100.00, 0.00, 2.25, 0, 0 
8, 77051, 305281207, 0.00, 100.00, 0.00, 2.25, 0, 0 
9, 77051, 305971163, 0.00, 100.00, 0.00, 2.25, 0, 0 
0, 77051, 306750385, 0.00, 100.00, 0.00, 2.25, 0, 0 
1, 77051, 307459833, 0.00, 100.00, 0.00, 2.25, 0, 0 
2, 77051, 308153965, 0.00, 100.00, 0.00, 2.25, 0, 0 
3, 77051, 308711418, 0.00, 100.00, 0.00, 2.25, 0, 0 
4, 77051, 309352912, 0.00, 100.00, 0.00, 2.25, 0, 0 
5, 77051, 310103792, 0.00, 100.00, 0.00, 2.25, 0, 0 
6, 77051, 310821782, 0.00, 100.00, 0.00, 2.25, 0, 0 
7, 77051, 311385317, 0.00, 100.00, 0.00, 2.25, 0, 0 
8, 77051, 311958745, 0.00, 100.00, 0.00, 2.25, 0, 0 
9, 77051, 312514093, 0.00, 100.00, 0.00, 2.25, 0, 0 
0, 77051, 313142380, 0.00, 100.00, 0.00, 2.25, 0, 0 
1, 77051, 313766349, 0.00, 100.00, 0.00, 2.25, 0, 0 
2, 77051, 314446167, 0.00, 100.00, 0.00, 2.25, 0, 0 
3, 77051, 315024354, 0.00, 100.00, 0.00, 2.25, 0, 0 
4, 77051, 315572330, 0.00, 100.00, 0.00, 2.25, 0, 0 
5, 77051, 316140959, 0.00, 100.00, 0.00, 2.25, 0, 0 
6, 77051, 316828194, 0.00, 100.00, 0.00, 2.25, 0, 0 
7, 77051, 317415224, 0.00, 100.00, 0.00, 2.25, 0, 0 
8, 77051, 318071123, 0.00, 100.00, 0.00, 2.25, 0, 0 
9, 77051, 318682477, 0.00, 100.00, 0.00, 2.25, 0, 0 
0, 77051, 319363654, 0.00, 100.00, 0.00, 2.25, 0, 0 
1, 77051, 320016984, 0.00, 100.00, 0.00, 2.25, 0, 0 
2, 77051, 320725725, 0.00, 100.00, 0.00, 2.25, 0, 0 
3, 77051, 321314576, 0.00, 100.00, 0.00, 2.25, 0, 0 
4, 77051, 321963451, 0.00, 100.00, 0.00, 2.25, 0, 0 
5, 77051, 322767637, 0.00, 100.00, 0.00, 2.25, 0, 0 
6, 77051, 323371942, 0.00, 100.00, 0.00, 2.25, 0, 0 
7, 77051, 324118327, 0.00, 100.00, 0.00, 2.25, 0, 0 
8, 77051, 324868928, 0.00, 100.00, 0.00, 2.25, 0, 0 
9, 77051, 325675864, 0.00, 100.00, 0.00, 2.25, 0, 0 
0, 77051, 326421774, 0.00, 100.00, 0.00, 2.25, 0, 0 
1, 77051, 326970478, 0.00, 100.00, 0.00, 2.25, 0, 0 
2, 77051, 327642163, 0.00, 100.00, 0.00, 2.25, 0, 0 
3, 77051, 328349602, 0.00, 100.00, 0.00, 2.25, 0, 0 
4, 77051, 328903869, 0.00, 100.00, 0.00, 2.25, 0, 0 
5, 77051, 329613679, 0.00, 100.00, 0.00, 2.25, 0, 0 
6, 77051, 330152124, 0.00, 100.00, 0.00, 2.25, 0, 0 
7, 77051, 330855514, 0.00, 100.00, 0.00, 2.25, 0, 0 
8, 77051, 331497145, 0.00, 100.00, 0.00, 2.25, 0, 0 
9, 77051, 332099752, 0.00, 100.00, 0.00, 2.25, 0, 0 
0, 77051, 332828030, 0.00, 100.00, 0.00, 2.25, 0, 0 
1, 77051, 333486381, 0.00, 100.00, 0.00, 2.25, 0, 0 
2, 77051, 334039654, 0.00, 100.00, 0.00, 2.25, 0, 0 
3, 77051, 334684075, 0.00, 100.00, 0.00, 2.25, 0, 0 
4, 77051, 335427951, 0.00, 100.00, 0.00, 2.25, 0, 0 
5, 77051, 336068839, 0.00, 100.00, 0.00, 2.25, 0, 0 
6, 77051, 336715774, 0.00, 100.00, 0.00, 2.25, 0, 0 
7, 77051, 337363993, 0.00, 100.00, 0.00, 2.25, 0, 0 
8, 77051, 338027041, 0.00, 100.00, 0.00, 2.25, 0, 0 
9, 77051, 338605223, 0.00, 100.00, 0.00, 2.25, 0, 0 
0, 77051, 339253367, 0.00, 100.00, 0.00, 2.25, 0, 0 
1, 77051, 339805977, 0.00, 100.00, 0.00, 2.25, 0, 0 
2, 77051, 340364259, 0.00, 100.00, 0.00, 2.25, 0, 0 
3, 77051, 340958883, 0.00, 100.00, 0.00, 2.25, 0, 0 
4, 77051, 341706310, 0.00, 100.00, 0.00, 2.25, 0, 0 
5, 77051, 342352162, 0.00, 100.00, 0.00, 2.25, 0, 0 
6, 77051, 343023143, 0.00, 100.00, 0.00, 2.25, 0, 0 
7, 77051, 343799721, 0.00, 100.00, 0.00, 2.25, 0, 0 
8, 77051, 344413480, 0.00, 100.00, 0.00, 2.25, 0, 0 
9, 77051, 345148481, 0.00, 100.00, 0.00, 2.25, 0, 0 
0, 77051, 345932129, 0.00, 100.00, 0.00, 2.25, 0, 0 
1, 77051, 346519589, 0.00, 100.00, 0.00, 2.25, 0, 0 
2, 77051, 347069044, 0.00, 100.00, 0.00, 2.25, 0, 0 
3, 77051, 347642200, 0.00, 100.00, 0.00, 2.25, 0, 0 
4, 77051, 348249649, 0.00, 100.00, 0.00, 2.25, 0, 0 
5, 77051, 348927225, 0.00, 100.00, 0.00, 2.25, 0, 0 
6, 77051, 349652058, 0.00, 100.00, 0.00, 2.25, 0, 0 
7, 77051, 350468295, 0.00, 100.00, 0.00, 2.25, 0, 0 
8, 77051, 351031931, 0.00, 100.00, 0.00, 2.25, 0, 0 
9, 77051, 351577462, 0.00, 100.00, 0.00, 2.25, 0, 0 
0, 77051, 352215015, 0.00, 100.00, 0.00, 2.25, 0, 0 
1, 77051, 352863464, 0.00, 100.00, 0.00, 2.25, 0, 0 
2, 77051, 353440878, 0.00, 100.00, 0.00, 2.25, 0, 0 
3, 77051, 354088796, 0.00, 100.00, 0.00, 2.25, 0, 0 
4, 77051, 354739312, 0.00, 100.00, 0.00, 2.25, 0, 0 
5, 77051, 355324689, 0.00, 100.00, 0.00, 2.25, 0, 0 
6, 77051, 355962571, 0.00, 100.00, 0.00, 2.25, 0, 0 
7, 77051, 356604407, 0.00, 100.00, 0.00, 2.25, 0, 0 
8, 77051, 357275339, 0.00, 100.00, 0.00, 2.25, 0, 0 
9, 77051, 357937024, 0.00, 100.00, 0.00, 2.25, 0, 0 
0, 77051, 358565207, 0.00, 100.00, 0.00, 2.25, 0, 0 
1, 77051, 359121847, 0.00, 100.00, 0.00, 2.25, 0, 0 
2, 77051, 359808832, 0.00, 100.00, 0.00, 2.25, 0, 0 
3, 77051, 360359947, 0.00, 100.00, 0.00, 2.25, 0, 0 
4, 77051, 360947293, 0.00, 100.00, 0.00, 2.25, 0, 0 
5, 77051, 361532049, 0.00, 100.00, 0.00, 2.25, 0, 0 
6, 77051, 362090939, 0.00, 100.00, 0.00, 2.25, 0, 0 
7, 77051, 362684022, 0.00, 100.00, 0.00, 2.25, 0, 0 
8, 77051, 363273897, 0.00, 100.00, 0.00, 2.25, 0, 0 
9, 77051, 363911877, 0.00, 100.00, 0.00, 2.25, 0, 0 
0, 77051, 364678466, 0.00, 100.00, 0.00, 2.25, 0, 0 
1, 77051, 365297685, 0.00, 100.00, 0.00, 2.25, 0, 0 
2, 77051, 366010756, 0.00, 100.00, 0.00, 2.25, 0, 0 
3, 77051, 366610279, 0.00, 100.00, 0.00, 2.25, 0, 0 
4, 77051, 367168209, 0.00, 100.00, 0.00, 2.25, 0, 0 
5, 77051, 367850336, 0.00, 100.00, 0.00, 2.25, 0, 0 
6, 77051, 368413766, 0.00, 100.00, 0.00, 2.25, 0, 0 
7, 77051, 369115468, 0.00, 100.00, 0.00, 2.25, 0, 0 
8, 77051, 369713741, 0.00, 100.00, 0.00, 2.25, 0, 0 
9, 77051, 370486008, 0.00, 100.00, 0.00, 2.25, 0, 0 
0, 77051, 371233351, 0.00, 100.00, 0.00, 2.25, 0, 0 
1, 77051, 371799622, 0.00, 100.00, 0.00, 2.25, 0, 0 
2, 77051, 372414574, 0.00, 100.00, 0.00, 2.25, 0, 0 
3, 77051, 373027037, 0.00, 100.00, 0.00, 2.25, 0, 0 
4, 77051, 373589863, 0.00, 100.00, 0.00, 2.25, 0, 0 
5, 77051, 374229824, 0.00, 100.00, 0.00, 2.25, 0, 0 
6, 77051, 374908915, 0.00, 100.00, 0.00, 2.25, 0, 0 
7, 77051, 375466566, 0.00, 100.00, 0.00, 2.25, 0, 0 
8, 77051, 376054591, 0.00, 100.00, 0.00, 2.25, 0, 0 
9, 77051, 376644835, 0.00, 100.00, 0.00, 2.25, 0, 0 
0, 77051, 377237390, 0.00, 100.00, 0.00, 2.25, 0, 0 
1, 77051, 377792411, 0.00, 100.00, 0.00, 2.25, 0, 0 
2, 77051, 378368595, 0.00, 100.00, 0.00, 2.25, 0, 0 
3, 77051, 378955910, 0.00, 100.00, 0.00, 2.25, 0, 0 
4, 77051, 379593411, 0.00, 100.00, 0.00, 2.25, 0, 0 
5, 77051, 380167942, 0.00, 100.00, 0.00, 2.25, 0, 0 
6, 77051, 380801651, 0.00, 100.00, 0.00, 2.25, 0, 0 
7, 77051, 381442525, 0.00, 100.00, 0.00, 2.25, 0, 0 
8, 77051, 382052701, 0.00, 100.00, 0.00, 2.25, 0, 0 
9, 77051, 382645604, 0.00, 100.00, 0.00, 2.25, 0, 0 
0, 77051, 383481939, 0.00, 100.00, 0.00, 2.25, 0, 0 
1, 77051, 384156847, 0.00, 100.00, 0.00, 2.25, 0, 0 
2, 77051, 384882607, 0.00, 100.00, 0.00, 2.25, 0, 0 
3, 77051, 385639005, 0.00, 100.00, 0.00, 2.25, 0, 0 
4, 77051, 386378675, 0.00, 100.00, 0.00, 2.25, 0, 0 
5, 77051, 387035386, 0.00, 100.00, 0.00, 2.25, 0, 0 
6, 77051, 387768757, 0.00, 100.00, 0.00, 2.25, 0, 0 
7, 77051, 388314752, 0.00, 100.00, 0.00, 2.25, 0, 0 
8, 77051, 388935121, 0.00, 100.00, 0.00, 2.25, 0, 0 
9, 77051, 389711963, 0.00, 100.00, 0.00, 2.25, 0, 0 
0, 77051, 390327861, 0.00, 100.00, 0.00, 2.25, 0, 0 
1, 77051, 391037007, 0.00, 100.00, 0.00, 2.25, 0, 0 
2, 77051, 391605507, 0.00, 100.00, 0.00, 2.25, 0, 0 
3, 77051, 392282459, 0.00, 100.00, 0.00, 2.25, 0, 0 
4, 77051, 392857176, 0.00, 100.00, 0.00, 2.25, 0, 0 
5, 77051, 393487359, 0.00, 100.00, 0.00, 2.25, 0, 0 
6, 77051, 394180650, 0.00, 100.00, 0.00, 2.25, 0, 0 
7, 77051, 394748108, 0.00, 100.00, 0.00, 2.25, 0, 0 
8, 77051, 395454904, 0.00, 100.00, 0.00, 2.25, 0, 0 
9, 77051, 396085722, 0.00, 100.00, 0.00, 2.25, 0, 0 
0, 77051, 396722357, 0.00, 100.00, 0.00, 2.25, 0, 0 
1, 77051, 397315022, 0.00, 100.00, 0.00, 2.25, 0, 0 
2, 77051, 397992288, 0.00, 100.00, 0.00, 2.25, 0, 0 
3, 77051, 398550924, 0.00, 100.00, 0.00, 2.25, 0, 0 
4, 77051, 399237714, 0.00, 100.00, 0.00, 2.25, 0, 0 
5, 77051, 399828822, 0.00, 100.00, 0.00, 2.25, 0, 0 
6, 77051, 400393319, 0.00, 100.00, 0.00, 2.25, 0, 0 
7, 77051, 400958025, 0.00, 100.00, 0.00, 2.25, 0, 0 
8, 77051, 401648884, 0.00, 100.00, 0.00, 2.25, 0, 0 
9, 77051, 402310612, 0.00, 100.00, 0.00, 2.25, 0, 0 
0, 77051, 403022339, 0.00, 100.00, 0.00, 2.25, 0, 0 
1, 77051, 403649275, 0.00, 100.00, 0.00, 2.25, 0, 0 
2, 77051, 404303672, 0.00, 100.00, 0.00, 2.25, 0, 0 
3, 77051, 405055066, 0.00, 100.00, 0.00, 2.25, 0, 0 
4, 77051, 405775905, 0.00, 100.00, 0.00, 2.25, 0, 0 
5, 77051, 406342245, 0.00, 100.00, 0.00, 2.25, 0, 0 
6, 77051, 407039029, 0.00, 100.00, 0.00, 2.25, 0, 0 
7, 77051, 407611095, 0.00, 100.00, 0.00, 2.25, 0, 0 
8, 77051, 408303381, 0.00, 100.00, 0.00, 2.25, 0, 0 
9, 77051, 408893613, 0.00, 100.00, 0.00, 2.25, 0, 0 
0, 77051, 409694787, 0.00, 100.00, 0.00, 2.25, 0, 0 
1, 77051, 410248527, 0.00, 100.00, 0.00, 2.25, 0, 0 
2, 77051, 410906918, 0.00, 100.00, 0.00, 2.25, 0, 0 
3, 77051, 411561044, 0.00, 100.00, 0.00, 2.25, 0, 0 
4, 77051, 412202540, 0.00, 100.00, 0.00, 2.25, 0, 0 
5, 77051, 412791968, 0.00, 100.00, 0.00, 2.25, 0, 0 
6, 77051, 413512275, 0.00, 100.00, 0.00, 2.25, 0, 0 
7, 77051, 414239065, 0.00, 100.00, 0.00, 2.25, 0, 0 
8, 77051, 414811838, 0.00, 100.00, 0.00, 2.25, 0, 0 
9, 77051, 415543826, 0.00, 100.00, 0.00, 2.25, 0, 0 
0, 77051, 416297450, 0.00, 100.00, 0.00, 2.25, 0, 0 
1, 77051, 416989876, 0.00, 100.00, 0.00, 2.25, 0, 0 
2, 77051, 417554981, 0.00, 100.00, 0.00, 2.25, 0, 0 
3, 77051, 418174097, 0.00, 100.00, 0.00, 2.25, 0, 0 
4, 77051, 418871026, 0.00, 100.00, 0.00, 2.25, 0, 0 
5, 77051, 419653682, 0.00, 100.00, 0.00, 2.25, 0, 0 
6, 77051, 420239468, 0.00, 100.00, 0.00, 2.25, 0, 0 
7, 77051, 421014258, 0.00, 100.00, 0.00, 2.25, 0, 0 
8, 77051, 421723295, 0.00, 100.00, 0.00, 2.25, 0, 0 
9, 77051, 422379724, 0.00, 100.00, 0.00, 2.25, 0, 0 
