Wed Nov 28 15:22:40 2018
StepTime, x, v, f, xdes, vdes, fdes, cmd, IR, LSB, LSF
0, 80901, 345179690, 0.00, 100.00, 0.00, 2.25, 0, 0 
1, 80901, 346735585, 0.00, 100.00, 0.00, 2.25, 0, 0 
2, 80901, 347926655, 0.00, 100.00, 0.00, 2.25, 0, 0 
3, 80901, 349133289, 0.00, 100.00, 0.00, 2.25, 0, 0 
4, 80901, 350250768, 0.00, 100.00, 0.00, 2.25, 0, 0 
5, 80901, 351293485, 0.00, 100.00, 0.00, 2.25, 0, 0 
6, 80901, 352315820, 0.00, 100.00, 0.00, 2.25, 0, 0 
7, 80901, 353407924, 0.00, 100.00, 0.00, 2.25, 0, 0 
8, 80901, 354450960, 0.00, 100.00, 0.00, 2.25, 0, 0 
9, 80901, 355471637, 0.00, 100.00, 0.00, 2.25, 0, 0 
0, 80901, 356582632, 0.00, 100.00, 0.00, 2.25, 0, 0 
1, 80901, 357756549, 0.00, 100.00, 0.00, 2.25, 0, 0 
2, 80901, 358778340, 0.00, 100.00, 0.00, 2.25, 0, 0 
3, 80901, 359802257, 0.00, 100.00, 0.00, 2.25, 0, 0 
4, 80901, 361022956, 0.00, 100.00, 0.00, 2.25, 0, 0 
5, 80901, 362046132, 0.00, 100.00, 0.00, 2.25, 0, 0 
6, 80901, 363067623, 0.00, 100.00, 0.00, 2.25, 0, 0 
7, 80901, 364095451, 0.00, 100.00, 0.00, 2.25, 0, 0 
8, 80901, 365117201, 0.00, 100.00, 0.00, 2.25, 0, 0 
9, 80901, 366227147, 0.00, 100.00, 0.00, 2.25, 0, 0 
0, 80901, 367317185, 0.00, 100.00, 0.00, 2.25, 0, 0 
1, 80901, 368426585, 0.00, 100.00, 0.00, 2.25, 0, 0 
2, 80901, 369501826, 0.00, 100.00, 0.00, 2.25, 0, 0 
3, 80901, 370625118, 0.00, 100.00, 0.00, 2.25, 0, 0 
4, 80901, 371763879, 0.00, 100.00, 0.00, 2.25, 0, 0 
5, 80901, 372842030, 0.00, 100.00, 0.00, 2.25, 0, 0 
6, 80901, 373921790, 0.00, 100.00, 0.00, 2.25, 0, 0 
7, 80901, 374982998, 0.00, 100.00, 0.00, 2.25, 0, 0 
8, 80901, 376085256, 0.00, 100.00, 0.00, 2.25, 0, 0 
9, 80901, 377104212, 0.00, 100.00, 0.00, 2.25, 0, 0 
0, 80901, 378167372, 0.00, 100.00, 0.00, 2.25, 0, 0 
1, 80901, 379185258, 0.00, 100.00, 0.00, 2.25, 0, 0 
2, 80901, 380206163, 0.00, 100.00, 0.00, 2.25, 0, 0 
3, 80901, 381226173, 0.00, 100.00, 0.00, 2.25, 0, 0 
4, 80901, 382245714, 0.00, 100.00, 0.00, 2.25, 0, 0 
5, 80901, 383265178, 0.00, 100.00, 0.00, 2.25, 0, 0 
6, 80901, 384282415, 0.00, 100.00, 0.00, 2.25, 0, 0 
7, 80901, 385302811, 0.00, 100.00, 0.00, 2.25, 0, 0 
8, 80901, 386320014, 0.00, 100.00, 0.00, 2.25, 0, 0 
9, 80901, 387339957, 0.00, 100.00, 0.00, 2.25, 0, 0 
0, 80901, 388399525, 0.00, 100.00, 0.00, 2.25, 0, 0 
1, 80901, 389419718, 0.00, 100.00, 0.00, 2.25, 0, 0 
2, 80901, 390439290, 0.00, 100.00, 0.00, 2.25, 0, 0 
3, 80901, 391456798, 0.00, 100.00, 0.00, 2.25, 0, 0 
4, 80901, 392476843, 0.00, 100.00, 0.00, 2.25, 0, 0 
5, 80901, 393496463, 0.00, 100.00, 0.00, 2.25, 0, 0 
6, 80901, 394515010, 0.00, 100.00, 0.00, 2.25, 0, 0 
7, 80901, 395535154, 0.00, 100.00, 0.00, 2.25, 0, 0 
8, 80901, 396552513, 0.00, 100.00, 0.00, 2.25, 0, 0 
9, 80901, 397571878, 0.00, 100.00, 0.00, 2.25, 0, 0 
0, 80901, 398638196, 0.00, 100.00, 0.00, 2.25, 0, 0 
1, 80901, 399656274, 0.00, 100.00, 0.00, 2.25, 0, 0 
2, 80901, 400679118, 0.00, 100.00, 0.00, 2.25, 0, 0 
3, 80901, 401701758, 0.00, 100.00, 0.00, 2.25, 0, 0 
4, 80901, 402722006, 0.00, 100.00, 0.00, 2.25, 0, 0 
5, 80901, 403745869, 0.00, 100.00, 0.00, 2.25, 0, 0 
6, 80901, 404764269, 0.00, 100.00, 0.00, 2.25, 0, 0 
7, 80901, 405785052, 0.00, 100.00, 0.00, 2.25, 0, 0 
8, 80901, 406806078, 0.00, 100.00, 0.00, 2.25, 0, 0 
9, 80901, 407824332, 0.00, 100.00, 0.00, 2.25, 0, 0 
0, 80901, 408953149, 0.00, 100.00, 0.00, 2.25, 0, 0 
1, 80901, 409974197, 0.00, 100.00, 0.00, 2.25, 0, 0 
2, 80901, 410994054, 0.00, 100.00, 0.00, 2.25, 0, 0 
3, 80901, 412018583, 0.00, 100.00, 0.00, 2.25, 0, 0 
4, 80901, 413041654, 0.00, 100.00, 0.00, 2.25, 0, 0 
5, 80901, 414127389, 0.00, 100.00, 0.00, 2.25, 0, 0 
6, 80901, 415145768, 0.00, 100.00, 0.00, 2.25, 0, 0 
7, 80901, 416169320, 0.00, 100.00, 0.00, 2.25, 0, 0 
8, 80901, 417189107, 0.00, 100.00, 0.00, 2.25, 0, 0 
9, 80901, 418209907, 0.00, 100.00, 0.00, 2.25, 0, 0 
0, 80901, 419269166, 0.00, 100.00, 0.00, 2.25, 0, 0 
1, 80901, 420286946, 0.00, 100.00, 0.00, 2.25, 0, 0 
2, 80901, 421305541, 0.00, 100.00, 0.00, 2.25, 0, 0 
3, 80901, 422325026, 0.00, 100.00, 0.00, 2.25, 0, 0 
4, 80901, 423351061, 0.00, 100.00, 0.00, 2.25, 0, 0 
5, 80901, 424367890, 0.00, 100.00, 0.00, 2.25, 0, 0 
6, 80901, 425385533, 0.00, 100.00, 0.00, 2.25, 0, 0 
7, 80901, 426406096, 0.00, 100.00, 0.00, 2.25, 0, 0 
8, 80901, 427423381, 0.00, 100.00, 0.00, 2.25, 0, 0 
9, 80901, 428440041, 0.00, 100.00, 0.00, 2.25, 0, 0 
0, 80901, 429503048, 0.00, 100.00, 0.00, 2.25, 0, 0 
1, 80901, 430519276, 0.00, 100.00, 0.00, 2.25, 0, 0 
2, 80901, 431537478, 0.00, 100.00, 0.00, 2.25, 0, 0 
3, 80901, 432621186, 0.00, 100.00, 0.00, 2.25, 0, 0 
4, 80901, 433638900, 0.00, 100.00, 0.00, 2.25, 0, 0 
5, 80901, 434656333, 0.00, 100.00, 0.00, 2.25, 0, 0 
6, 80901, 435681120, 0.00, 100.00, 0.00, 2.25, 0, 0 
7, 80901, 436698910, 0.00, 100.00, 0.00, 2.25, 0, 0 
8, 80901, 437716011, 0.00, 100.00, 0.00, 2.25, 0, 0 
9, 80901, 438733818, 0.00, 100.00, 0.00, 2.25, 0, 0 
0, 80901, 439792746, 0.00, 100.00, 0.00, 2.25, 0, 0 
1, 80901, 440810822, 0.00, 100.00, 0.00, 2.25, 0, 0 
2, 80901, 441826242, 0.00, 100.00, 0.00, 2.25, 0, 0 
3, 80901, 442846037, 0.00, 100.00, 0.00, 2.25, 0, 0 
4, 80901, 443863187, 0.00, 100.00, 0.00, 2.25, 0, 0 
5, 80901, 444880546, 0.00, 100.00, 0.00, 2.25, 0, 0 
6, 80901, 445897677, 0.00, 100.00, 0.00, 2.25, 0, 0 
7, 80901, 446915053, 0.00, 100.00, 0.00, 2.25, 0, 0 
8, 80901, 447932322, 0.00, 100.00, 0.00, 2.25, 0, 0 
9, 80901, 448950078, 0.00, 100.00, 0.00, 2.25, 0, 0 
0, 80901, 450008327, 0.00, 100.00, 0.00, 2.25, 0, 0 
1, 80901, 451025671, 0.00, 100.00, 0.00, 2.25, 0, 0 
2, 80901, 452045020, 0.00, 100.00, 0.00, 2.25, 0, 0 
3, 80901, 453060617, 0.00, 100.00, 0.00, 2.25, 0, 0 
4, 80901, 454077777, 0.00, 100.00, 0.00, 2.25, 0, 0 
5, 80901, 455094661, 0.00, 100.00, 0.00, 2.25, 0, 0 
6, 80901, 456114436, 0.00, 100.00, 0.00, 2.25, 0, 0 
7, 80901, 457131672, 0.00, 100.00, 0.00, 2.25, 0, 0 
8, 80901, 458153068, 0.00, 100.00, 0.00, 2.25, 0, 0 
9, 80901, 459169268, 0.00, 100.00, 0.00, 2.25, 0, 0 
0, 80901, 460223181, 0.00, 100.00, 0.00, 2.25, 0, 0 
1, 80901, 461240772, 0.00, 100.00, 0.00, 2.25, 0, 0 
2, 80901, 462334769, 0.00, 100.00, 0.00, 2.25, 0, 0 
3, 80901, 463350288, 0.00, 100.00, 0.00, 2.25, 0, 0 
4, 80901, 464367292, 0.00, 100.00, 0.00, 2.25, 0, 0 
5, 80901, 465383390, 0.00, 100.00, 0.00, 2.25, 0, 0 
6, 80901, 466399149, 0.00, 100.00, 0.00, 2.25, 0, 0 
7, 80901, 467414929, 0.00, 100.00, 0.00, 2.25, 0, 0 
8, 80901, 468428513, 0.00, 100.00, 0.00, 2.25, 0, 0 
9, 80901, 469444358, 0.00, 100.00, 0.00, 2.25, 0, 0 
0, 80901, 470496211, 0.00, 100.00, 0.00, 2.25, 0, 0 
1, 80901, 471512126, 0.00, 100.00, 0.00, 2.25, 0, 0 
2, 80901, 472533825, 0.00, 100.00, 0.00, 2.25, 0, 0 
3, 80901, 473553446, 0.00, 100.00, 0.00, 2.25, 0, 0 
4, 80901, 474573913, 0.00, 100.00, 0.00, 2.25, 0, 0 
5, 80901, 475593804, 0.00, 100.00, 0.00, 2.25, 0, 0 
6, 80901, 476611139, 0.00, 100.00, 0.00, 2.25, 0, 0 
7, 80901, 477631273, 0.00, 100.00, 0.00, 2.25, 0, 0 
8, 80901, 478647929, 0.00, 100.00, 0.00, 2.25, 0, 0 
9, 80901, 479667106, 0.00, 100.00, 0.00, 2.25, 0, 0 
0, 80901, 480723189, 0.00, 100.00, 0.00, 2.25, 0, 0 
1, 80901, 481737640, 0.00, 100.00, 0.00, 2.25, 0, 0 
2, 80901, 482753191, 0.00, 100.00, 0.00, 2.25, 0, 0 
3, 80901, 483769358, 0.00, 100.00, 0.00, 2.25, 0, 0 
4, 80901, 484784681, 0.00, 100.00, 0.00, 2.25, 0, 0 
5, 80901, 485894930, 0.00, 100.00, 0.00, 2.25, 0, 0 
6, 80901, 486967117, 0.00, 100.00, 0.00, 2.25, 0, 0 
7, 80901, 488017108, 0.00, 100.00, 0.00, 2.25, 0, 0 
8, 80901, 489033660, 0.00, 100.00, 0.00, 2.25, 0, 0 
9, 80901, 490083335, 0.00, 100.00, 0.00, 2.25, 0, 0 
0, 80901, 491136543, 0.00, 100.00, 0.00, 2.25, 0, 0 
1, 80901, 492152753, 0.00, 100.00, 0.00, 2.25, 0, 0 
2, 80901, 493175508, 0.00, 100.00, 0.00, 2.25, 0, 0 
3, 80901, 494250716, 0.00, 100.00, 0.00, 2.25, 0, 0 
4, 80901, 495269727, 0.00, 100.00, 0.00, 2.25, 0, 0 
5, 80901, 496288946, 0.00, 100.00, 0.00, 2.25, 0, 0 
6, 80901, 497305807, 0.00, 100.00, 0.00, 2.25, 0, 0 
7, 80901, 498322945, 0.00, 100.00, 0.00, 2.25, 0, 0 
8, 80901, 499342533, 0.00, 100.00, 0.00, 2.25, 0, 0 
9, 80901, 500359442, 0.00, 100.00, 0.00, 2.25, 0, 0 
0, 80901, 501410145, 0.00, 100.00, 0.00, 2.25, 0, 0 
1, 80901, 502428388, 0.00, 100.00, 0.00, 2.25, 0, 0 
2, 80901, 503449144, 0.00, 100.00, 0.00, 2.25, 0, 0 
3, 80901, 504495398, 0.00, 100.00, 0.00, 2.25, 0, 0 
4, 80901, 505515043, 0.00, 100.00, 0.00, 2.25, 0, 0 
5, 80901, 506531290, 0.00, 100.00, 0.00, 2.25, 0, 0 
6, 80901, 507549795, 0.00, 100.00, 0.00, 2.25, 0, 0 
7, 80901, 508564177, 0.00, 100.00, 0.00, 2.25, 0, 0 
8, 80901, 509619533, 0.00, 100.00, 0.00, 2.25, 0, 0 
9, 80901, 510708952, 0.00, 100.00, 0.00, 2.25, 0, 0 
0, 80901, 511804321, 0.00, 100.00, 0.00, 2.25, 0, 0 
1, 80901, 512824728, 0.00, 100.00, 0.00, 2.25, 0, 0 
2, 80901, 513841905, 0.00, 100.00, 0.00, 2.25, 0, 0 
3, 80901, 514862135, 0.00, 100.00, 0.00, 2.25, 0, 0 
4, 80901, 515879694, 0.00, 100.00, 0.00, 2.25, 0, 0 
5, 80901, 516960285, 0.00, 100.00, 0.00, 2.25, 0, 0 
6, 80901, 517976424, 0.00, 100.00, 0.00, 2.25, 0, 0 
7, 80901, 518992710, 0.00, 100.00, 0.00, 2.25, 0, 0 
8, 80901, 520030036, 0.00, 100.00, 0.00, 2.25, 0, 0 
9, 80901, 521047460, 0.00, 100.00, 0.00, 2.25, 0, 0 
0, 80901, 522101816, 0.00, 100.00, 0.00, 2.25, 0, 0 
1, 80901, 523122764, 0.00, 100.00, 0.00, 2.25, 0, 0 
2, 80901, 524140901, 0.00, 100.00, 0.00, 2.25, 0, 0 
3, 80901, 525154373, 0.00, 100.00, 0.00, 2.25, 0, 0 
4, 80901, 526176332, 0.00, 100.00, 0.00, 2.25, 0, 0 
5, 80901, 527202692, 0.00, 100.00, 0.00, 2.25, 0, 0 
6, 80901, 528225390, 0.00, 100.00, 0.00, 2.25, 0, 0 
7, 80901, 529245072, 0.00, 100.00, 0.00, 2.25, 0, 0 
8, 80901, 530263516, 0.00, 100.00, 0.00, 2.25, 0, 0 
9, 80901, 531279337, 0.00, 100.00, 0.00, 2.25, 0, 0 
0, 80901, 532336914, 0.00, 100.00, 0.00, 2.25, 0, 0 
1, 80901, 533354014, 0.00, 100.00, 0.00, 2.25, 0, 0 
2, 80901, 534371063, 0.00, 100.00, 0.00, 2.25, 0, 0 
3, 80901, 535388431, 0.00, 100.00, 0.00, 2.25, 0, 0 
4, 80901, 536408134, 0.00, 100.00, 0.00, 2.25, 0, 0 
5, 80901, 537424118, 0.00, 100.00, 0.00, 2.25, 0, 0 
6, 80901, 538440129, 0.00, 100.00, 0.00, 2.25, 0, 0 
7, 80901, 539457546, 0.00, 100.00, 0.00, 2.25, 0, 0 
8, 80901, 540473711, 0.00, 100.00, 0.00, 2.25, 0, 0 
9, 80901, 541491841, 0.00, 100.00, 0.00, 2.25, 0, 0 
0, 80901, 542544577, 0.00, 100.00, 0.00, 2.25, 0, 0 
1, 80901, 543565961, 0.00, 100.00, 0.00, 2.25, 0, 0 
2, 80901, 544581286, 0.00, 100.00, 0.00, 2.25, 0, 0 
3, 80901, 545600469, 0.00, 100.00, 0.00, 2.25, 0, 0 
4, 80901, 546617608, 0.00, 100.00, 0.00, 2.25, 0, 0 
5, 80901, 547636058, 0.00, 100.00, 0.00, 2.25, 0, 0 
6, 80901, 548653169, 0.00, 100.00, 0.00, 2.25, 0, 0 
7, 80901, 549669978, 0.00, 100.00, 0.00, 2.25, 0, 0 
8, 80901, 550692578, 0.00, 100.00, 0.00, 2.25, 0, 0 
9, 80901, 551745489, 0.00, 100.00, 0.00, 2.25, 0, 0 
0, 80901, 552796553, 0.00, 100.00, 0.00, 2.25, 0, 0 
1, 80901, 553813640, 0.00, 100.00, 0.00, 2.25, 0, 0 
2, 80901, 554854905, 0.00, 100.00, 0.00, 2.25, 0, 0 
3, 80901, 555872437, 0.00, 100.00, 0.00, 2.25, 0, 0 
4, 80901, 556901868, 0.00, 100.00, 0.00, 2.25, 0, 0 
5, 80901, 557923295, 0.00, 100.00, 0.00, 2.25, 0, 0 
6, 80901, 558939791, 0.00, 100.00, 0.00, 2.25, 0, 0 
7, 80901, 559955918, 0.00, 100.00, 0.00, 2.25, 0, 0 
8, 80901, 561004915, 0.00, 100.00, 0.00, 2.25, 0, 0 
9, 80901, 562021499, 0.00, 100.00, 0.00, 2.25, 0, 0 
0, 80901, 563074063, 0.00, 100.00, 0.00, 2.25, 0, 0 
1, 80901, 564092910, 0.00, 100.00, 0.00, 2.25, 0, 0 
2, 80901, 565109225, 0.00, 100.00, 0.00, 2.25, 0, 0 
3, 80901, 566155378, 0.00, 100.00, 0.00, 2.25, 0, 0 
4, 80901, 567177467, 0.00, 100.00, 0.00, 2.25, 0, 0 
5, 80901, 568197337, 0.00, 100.00, 0.00, 2.25, 0, 0 
6, 80901, 569215317, 0.00, 100.00, 0.00, 2.25, 0, 0 
7, 80901, 570232045, 0.00, 100.00, 0.00, 2.25, 0, 0 
8, 80901, 571255952, 0.00, 100.00, 0.00, 2.25, 0, 0 
9, 80901, 572273402, 0.00, 100.00, 0.00, 2.25, 0, 0 
0, 80901, 573338584, 0.00, 100.00, 0.00, 2.25, 0, 0 
1, 80901, 574354776, 0.00, 100.00, 0.00, 2.25, 0, 0 
2, 80901, 575371954, 0.00, 100.00, 0.00, 2.25, 0, 0 
3, 80901, 576399295, 0.00, 100.00, 0.00, 2.25, 0, 0 
4, 80901, 577462150, 0.00, 100.00, 0.00, 2.25, 0, 0 
5, 80901, 578478579, 0.00, 100.00, 0.00, 2.25, 0, 0 
6, 80901, 579494208, 0.00, 100.00, 0.00, 2.25, 0, 0 
7, 80901, 580510869, 0.00, 100.00, 0.00, 2.25, 0, 0 
8, 80901, 581526970, 0.00, 100.00, 0.00, 2.25, 0, 0 
9, 80901, 582543865, 0.00, 100.00, 0.00, 2.25, 0, 0 
0, 80901, 583605707, 0.00, 100.00, 0.00, 2.25, 0, 0 
1, 80901, 584620952, 0.00, 100.00, 0.00, 2.25, 0, 0 
2, 80901, 585643734, 0.00, 100.00, 0.00, 2.25, 0, 0 
3, 80901, 586693010, 0.00, 100.00, 0.00, 2.25, 0, 0 
4, 80901, 587710004, 0.00, 100.00, 0.00, 2.25, 0, 0 
5, 80901, 588756819, 0.00, 100.00, 0.00, 2.25, 0, 0 
6, 80901, 589778202, 0.00, 100.00, 0.00, 2.25, 0, 0 
7, 80901, 590800314, 0.00, 100.00, 0.00, 2.25, 0, 0 
8, 80901, 591819349, 0.00, 100.00, 0.00, 2.25, 0, 0 
9, 80901, 592838885, 0.00, 100.00, 0.00, 2.25, 0, 0 
0, 80901, 593905214, 0.00, 100.00, 0.00, 2.25, 0, 0 
1, 80901, 594921376, 0.00, 100.00, 0.00, 2.25, 0, 0 
2, 80901, 595936980, 0.00, 100.00, 0.00, 2.25, 0, 0 
3, 80901, 596952272, 0.00, 100.00, 0.00, 2.25, 0, 0 
4, 80901, 597967337, 0.00, 100.00, 0.00, 2.25, 0, 0 
5, 80901, 598982879, 0.00, 100.00, 0.00, 2.25, 0, 0 
6, 80901, 600067932, 0.00, 100.00, 0.00, 2.25, 0, 0 
7, 80901, 601139504, 0.00, 100.00, 0.00, 2.25, 0, 0 
8, 80901, 602196879, 0.00, 100.00, 0.00, 2.25, 0, 0 
9, 80901, 603211861, 0.00, 100.00, 0.00, 2.25, 0, 0 
0, 80901, 604324433, 0.00, 100.00, 0.00, 2.25, 0, 0 
1, 80901, 605342093, 0.00, 100.00, 0.00, 2.25, 0, 0 
2, 80901, 606358221, 0.00, 100.00, 0.00, 2.25, 0, 0 
3, 80901, 607373778, 0.00, 100.00, 0.00, 2.25, 0, 0 
4, 80901, 608389934, 0.00, 100.00, 0.00, 2.25, 0, 0 
5, 80901, 609478606, 0.00, 100.00, 0.00, 2.25, 0, 0 
6, 80901, 610493579, 0.00, 100.00, 0.00, 2.25, 0, 0 
7, 80901, 611509448, 0.00, 100.00, 0.00, 2.25, 0, 0 
8, 80901, 612559450, 0.00, 100.00, 0.00, 2.25, 0, 0 
9, 80901, 613577946, 0.00, 100.00, 0.00, 2.25, 0, 0 
0, 80901, 614637022, 0.00, 100.00, 0.00, 2.25, 0, 0 
1, 80901, 615652891, 0.00, 100.00, 0.00, 2.25, 0, 0 
2, 80901, 616667860, 0.00, 100.00, 0.00, 2.25, 0, 0 
3, 80901, 617685856, 0.00, 100.00, 0.00, 2.25, 0, 0 
4, 80901, 618698891, 0.00, 100.00, 0.00, 2.25, 0, 0 
5, 80901, 619717657, 0.00, 100.00, 0.00, 2.25, 0, 0 
6, 80901, 620734143, 0.00, 100.00, 0.00, 2.25, 0, 0 
7, 80901, 621751667, 0.00, 100.00, 0.00, 2.25, 0, 0 
8, 80901, 622773678, 0.00, 100.00, 0.00, 2.25, 0, 0 
9, 80901, 623790102, 0.00, 100.00, 0.00, 2.25, 0, 0 
0, 80901, 624846783, 0.00, 100.00, 0.00, 2.25, 0, 0 
1, 80901, 625863421, 0.00, 100.00, 0.00, 2.25, 0, 0 
2, 80901, 626903185, 0.00, 100.00, 0.00, 2.25, 0, 0 
3, 80901, 627923526, 0.00, 100.00, 0.00, 2.25, 0, 0 
4, 80901, 628939834, 0.00, 100.00, 0.00, 2.25, 0, 0 
5, 80901, 629956183, 0.00, 100.00, 0.00, 2.25, 0, 0 
6, 80901, 630972933, 0.00, 100.00, 0.00, 2.25, 0, 0 
7, 80901, 631989135, 0.00, 100.00, 0.00, 2.25, 0, 0 
8, 80901, 633005407, 0.00, 100.00, 0.00, 2.25, 0, 0 
9, 80901, 634022713, 0.00, 100.00, 0.00, 2.25, 0, 0 
0, 80901, 635073886, 0.00, 100.00, 0.00, 2.25, 0, 0 
1, 80901, 636093044, 0.00, 100.00, 0.00, 2.25, 0, 0 
2, 80901, 637119940, 0.00, 100.00, 0.00, 2.25, 0, 0 
3, 80901, 638139558, 0.00, 100.00, 0.00, 2.25, 0, 0 
4, 80901, 639162455, 0.00, 100.00, 0.00, 2.25, 0, 0 
5, 80901, 640181219, 0.00, 100.00, 0.00, 2.25, 0, 0 
6, 80901, 641196953, 0.00, 100.00, 0.00, 2.25, 0, 0 
7, 80901, 642245532, 0.00, 100.00, 0.00, 2.25, 0, 0 
8, 80901, 643267158, 0.00, 100.00, 0.00, 2.25, 0, 0 
9, 80901, 644283576, 0.00, 100.00, 0.00, 2.25, 0, 0 
0, 80901, 645414836, 0.00, 100.00, 0.00, 2.25, 0, 0 
1, 80901, 646431459, 0.00, 100.00, 0.00, 2.25, 0, 0 
2, 80901, 647447412, 0.00, 100.00, 0.00, 2.25, 0, 0 
3, 80901, 648466299, 0.00, 100.00, 0.00, 2.25, 0, 0 
4, 80901, 649480620, 0.00, 100.00, 0.00, 2.25, 0, 0 
5, 80901, 650496959, 0.00, 100.00, 0.00, 2.25, 0, 0 
6, 80901, 651594475, 0.00, 100.00, 0.00, 2.25, 0, 0 
7, 80901, 652611690, 0.00, 100.00, 0.00, 2.25, 0, 0 
8, 80901, 653701870, 0.00, 100.00, 0.00, 2.25, 0, 0 
9, 80901, 654719132, 0.00, 100.00, 0.00, 2.25, 0, 0 
0, 80901, 655771662, 0.00, 100.00, 0.00, 2.25, 0, 0 
1, 80901, 656788408, 0.00, 100.00, 0.00, 2.25, 0, 0 
2, 80901, 657811283, 0.00, 100.00, 0.00, 2.25, 0, 0 
3, 80901, 658833287, 0.00, 100.00, 0.00, 2.25, 0, 0 
4, 80901, 659855200, 0.00, 100.00, 0.00, 2.25, 0, 0 
5, 80901, 660872621, 0.00, 100.00, 0.00, 2.25, 0, 0 
6, 80901, 661890168, 0.00, 100.00, 0.00, 2.25, 0, 0 
7, 80901, 662895582, 0.00, 100.00, 0.00, 2.25, 0, 0 
8, 80901, 663901017, 0.00, 100.00, 0.00, 2.25, 0, 0 
9, 80901, 664935103, 0.00, 100.00, 0.00, 2.25, 0, 0 
0, 80901, 665980254, 0.00, 100.00, 0.00, 2.25, 0, 0 
1, 80901, 666986673, 0.00, 100.00, 0.00, 2.25, 0, 0 
2, 80901, 668069476, 0.00, 100.00, 0.00, 2.25, 0, 0 
3, 80901, 669113284, 0.00, 100.00, 0.00, 2.25, 0, 0 
4, 80901, 670238920, 0.00, 100.00, 0.00, 2.25, 0, 0 
5, 80901, 671280118, 0.00, 100.00, 0.00, 2.25, 0, 0 
6, 80901, 672361047, 0.00, 100.00, 0.00, 2.25, 0, 0 
7, 80901, 673485507, 0.00, 100.00, 0.00, 2.25, 0, 0 
8, 80901, 674553031, 0.00, 100.00, 0.00, 2.25, 0, 0 
9, 80901, 675589051, 0.00, 100.00, 0.00, 2.25, 0, 0 
0, 80901, 676696987, 0.00, 100.00, 0.00, 2.25, 0, 0 
1, 80901, 677701659, 0.00, 100.00, 0.00, 2.25, 0, 0 
2, 80901, 678709376, 0.00, 100.00, 0.00, 2.25, 0, 0 
3, 80901, 679778131, 0.00, 100.00, 0.00, 2.25, 0, 0 
4, 80901, 680812037, 0.00, 100.00, 0.00, 2.25, 0, 0 
5, 80901, 681880555, 0.00, 100.00, 0.00, 2.25, 0, 0 
6, 80901, 682947173, 0.00, 100.00, 0.00, 2.25, 0, 0 
7, 80901, 683952041, 0.00, 100.00, 0.00, 2.25, 0, 0 
8, 80901, 685016445, 0.00, 100.00, 0.00, 2.25, 0, 0 
9, 80901, 686023423, 0.00, 100.00, 0.00, 2.25, 0, 0 
0, 80901, 687068836, 0.00, 100.00, 0.00, 2.25, 0, 0 
1, 80901, 688074446, 0.00, 100.00, 0.00, 2.25, 0, 0 
2, 80901, 689111510, 0.00, 100.00, 0.00, 2.25, 0, 0 
3, 80901, 690148150, 0.00, 100.00, 0.00, 2.25, 0, 0 
4, 80901, 691184947, 0.00, 100.00, 0.00, 2.25, 0, 0 
5, 80901, 692191168, 0.00, 100.00, 0.00, 2.25, 0, 0 
6, 80901, 693261668, 0.00, 100.00, 0.00, 2.25, 0, 0 
7, 80901, 694267748, 0.00, 100.00, 0.00, 2.25, 0, 0 
8, 80901, 695273612, 0.00, 100.00, 0.00, 2.25, 0, 0 
9, 80901, 696307508, 0.00, 100.00, 0.00, 2.25, 0, 0 
0, 80901, 697323645, 0.00, 100.00, 0.00, 2.25, 0, 0 
1, 80901, 698357699, 0.00, 100.00, 0.00, 2.25, 0, 0 
2, 80901, 699362959, 0.00, 100.00, 0.00, 2.25, 0, 0 
3, 80901, 700397519, 0.00, 100.00, 0.00, 2.25, 0, 0 
4, 80901, 701403011, 0.00, 100.00, 0.00, 2.25, 0, 0 
5, 80901, 702408601, 0.00, 100.00, 0.00, 2.25, 0, 0 
6, 80901, 703443388, 0.00, 100.00, 0.00, 2.25, 0, 0 
7, 80901, 704479310, 0.00, 100.00, 0.00, 2.25, 0, 0 
8, 80901, 705514801, 0.00, 100.00, 0.00, 2.25, 0, 0 
9, 80901, 706520271, 0.00, 100.00, 0.00, 2.25, 0, 0 
0, 80901, 707573125, 0.00, 100.00, 0.00, 2.25, 0, 0 
1, 80901, 708644181, 0.00, 100.00, 0.00, 2.25, 0, 0 
2, 80901, 709680353, 0.00, 100.00, 0.00, 2.25, 0, 0 
3, 80901, 710715202, 0.00, 100.00, 0.00, 2.25, 0, 0 
4, 80901, 711749312, 0.00, 100.00, 0.00, 2.25, 0, 0 
5, 80901, 712754946, 0.00, 100.00, 0.00, 2.25, 0, 0 
6, 80901, 713789607, 0.00, 100.00, 0.00, 2.25, 0, 0 
7, 80901, 714825211, 0.00, 100.00, 0.00, 2.25, 0, 0 
8, 80901, 715859196, 0.00, 100.00, 0.00, 2.25, 0, 0 
9, 80901, 716864622, 0.00, 100.00, 0.00, 2.25, 0, 0 
0, 80901, 717912757, 0.00, 100.00, 0.00, 2.25, 0, 0 
1, 80901, 718947419, 0.00, 100.00, 0.00, 2.25, 0, 0 
2, 80901, 719982018, 0.00, 100.00, 0.00, 2.25, 0, 0 
3, 80901, 721016804, 0.00, 100.00, 0.00, 2.25, 0, 0 
4, 80901, 722052526, 0.00, 100.00, 0.00, 2.25, 0, 0 
5, 80901, 723057551, 0.00, 100.00, 0.00, 2.25, 0, 0 
6, 80901, 724091419, 0.00, 100.00, 0.00, 2.25, 0, 0 
7, 80901, 725096365, 0.00, 100.00, 0.00, 2.25, 0, 0 
8, 80901, 726101043, 0.00, 100.00, 0.00, 2.25, 0, 0 
9, 80901, 727139182, 0.00, 100.00, 0.00, 2.25, 0, 0 
0, 80901, 728153556, 0.00, 100.00, 0.00, 2.25, 0, 0 
1, 80901, 729192955, 0.00, 100.00, 0.00, 2.25, 0, 0 
2, 80901, 730227292, 0.00, 100.00, 0.00, 2.25, 0, 0 
3, 80901, 731232808, 0.00, 100.00, 0.00, 2.25, 0, 0 
4, 80901, 732267692, 0.00, 100.00, 0.00, 2.25, 0, 0 
5, 80901, 733302966, 0.00, 100.00, 0.00, 2.25, 0, 0 
6, 80901, 734339664, 0.00, 100.00, 0.00, 2.25, 0, 0 
7, 80901, 735377438, 0.00, 100.00, 0.00, 2.25, 0, 0 
8, 80901, 736413351, 0.00, 100.00, 0.00, 2.25, 0, 0 
9, 80901, 737487132, 0.00, 100.00, 0.00, 2.25, 0, 0 
0, 80901, 738508210, 0.00, 100.00, 0.00, 2.25, 0, 0 
1, 80901, 739544172, 0.00, 100.00, 0.00, 2.25, 0, 0 
2, 80901, 740549050, 0.00, 100.00, 0.00, 2.25, 0, 0 
3, 80901, 741553631, 0.00, 100.00, 0.00, 2.25, 0, 0 
4, 80901, 742587906, 0.00, 100.00, 0.00, 2.25, 0, 0 
5, 80901, 743592728, 0.00, 100.00, 0.00, 2.25, 0, 0 
6, 80901, 744597428, 0.00, 100.00, 0.00, 2.25, 0, 0 
7, 80901, 745602047, 0.00, 100.00, 0.00, 2.25, 0, 0 
8, 80901, 746637885, 0.00, 100.00, 0.00, 2.25, 0, 0 
9, 80901, 747671643, 0.00, 100.00, 0.00, 2.25, 0, 0 
0, 80901, 748685769, 0.00, 100.00, 0.00, 2.25, 0, 0 
1, 80901, 749690538, 0.00, 100.00, 0.00, 2.25, 0, 0 
2, 80901, 750722143, 0.00, 100.00, 0.00, 2.25, 0, 0 
3, 80901, 751758764, 0.00, 100.00, 0.00, 2.25, 0, 0 
4, 80901, 752793758, 0.00, 100.00, 0.00, 2.25, 0, 0 
5, 80901, 753829871, 0.00, 100.00, 0.00, 2.25, 0, 0 
6, 80901, 754862544, 0.00, 100.00, 0.00, 2.25, 0, 0 
7, 80901, 755898324, 0.00, 100.00, 0.00, 2.25, 0, 0 
8, 80901, 756940334, 0.00, 100.00, 0.00, 2.25, 0, 0 
9, 80901, 757983948, 0.00, 100.00, 0.00, 2.25, 0, 0 
0, 80901, 759041315, 0.00, 100.00, 0.00, 2.25, 0, 0 
1, 80901, 760063271, 0.00, 100.00, 0.00, 2.25, 0, 0 
2, 80901, 761068529, 0.00, 100.00, 0.00, 2.25, 0, 0 
3, 80901, 762102647, 0.00, 100.00, 0.00, 2.25, 0, 0 
4, 80901, 763108062, 0.00, 100.00, 0.00, 2.25, 0, 0 
5, 80901, 764190269, 0.00, 100.00, 0.00, 2.25, 0, 0 
6, 80901, 765195826, 0.00, 100.00, 0.00, 2.25, 0, 0 
7, 80901, 766230601, 0.00, 100.00, 0.00, 2.25, 0, 0 
8, 80901, 767265131, 0.00, 100.00, 0.00, 2.25, 0, 0 
9, 80901, 768270832, 0.00, 100.00, 0.00, 2.25, 0, 0 
0, 80901, 769314030, 0.00, 100.00, 0.00, 2.25, 0, 0 
1, 80901, 770318804, 0.00, 100.00, 0.00, 2.25, 0, 0 
2, 80901, 771324266, 0.00, 100.00, 0.00, 2.25, 0, 0 
3, 80901, 772356870, 0.00, 100.00, 0.00, 2.25, 0, 0 
4, 80901, 773391743, 0.00, 100.00, 0.00, 2.25, 0, 0 
5, 80901, 774397735, 0.00, 100.00, 0.00, 2.25, 0, 0 
6, 80901, 775433699, 0.00, 100.00, 0.00, 2.25, 0, 0 
7, 80901, 776468296, 0.00, 100.00, 0.00, 2.25, 0, 0 
8, 80901, 777503065, 0.00, 100.00, 0.00, 2.25, 0, 0 
9, 80901, 778508536, 0.00, 100.00, 0.00, 2.25, 0, 0 
0, 80901, 779525497, 0.00, 100.00, 0.00, 2.25, 0, 0 
1, 80901, 780567384, 0.00, 100.00, 0.00, 2.25, 0, 0 
2, 80901, 781572102, 0.00, 100.00, 0.00, 2.25, 0, 0 
3, 80901, 782610989, 0.00, 100.00, 0.00, 2.25, 0, 0 
4, 80901, 783615705, 0.00, 100.00, 0.00, 2.25, 0, 0 
5, 80901, 784620560, 0.00, 100.00, 0.00, 2.25, 0, 0 
6, 80901, 785626154, 0.00, 100.00, 0.00, 2.25, 0, 0 
7, 80901, 786698934, 0.00, 100.00, 0.00, 2.25, 0, 0 
8, 80901, 787733718, 0.00, 100.00, 0.00, 2.25, 0, 0 
9, 80901, 788767777, 0.00, 100.00, 0.00, 2.25, 0, 0 
0, 80901, 789876882, 0.00, 100.00, 0.00, 2.25, 0, 0 
1, 80901, 790969011, 0.00, 100.00, 0.00, 2.25, 0, 0 
2, 80901, 792053474, 0.00, 100.00, 0.00, 2.25, 0, 0 
3, 80901, 793059050, 0.00, 100.00, 0.00, 2.25, 0, 0 
4, 80901, 794101192, 0.00, 100.00, 0.00, 2.25, 0, 0 
5, 80901, 795107788, 0.00, 100.00, 0.00, 2.25, 0, 0 
6, 80901, 796113496, 0.00, 100.00, 0.00, 2.25, 0, 0 
7, 80901, 797118625, 0.00, 100.00, 0.00, 2.25, 0, 0 
8, 80901, 798154220, 0.00, 100.00, 0.00, 2.25, 0, 0 
9, 80901, 799231705, 0.00, 100.00, 0.00, 2.25, 0, 0 
0, 80901, 800348015, 0.00, 100.00, 0.00, 2.25, 0, 0 
1, 80901, 801352862, 0.00, 100.00, 0.00, 2.25, 0, 0 
2, 80901, 802393051, 0.00, 100.00, 0.00, 2.25, 0, 0 
3, 80901, 803427210, 0.00, 100.00, 0.00, 2.25, 0, 0 
4, 80901, 804432254, 0.00, 100.00, 0.00, 2.25, 0, 0 
5, 80901, 805500080, 0.00, 100.00, 0.00, 2.25, 0, 0 
6, 80901, 806566444, 0.00, 100.00, 0.00, 2.25, 0, 0 
7, 80901, 807633027, 0.00, 100.00, 0.00, 2.25, 0, 0 
8, 80901, 808700884, 0.00, 100.00, 0.00, 2.25, 0, 0 
9, 80901, 809737191, 0.00, 100.00, 0.00, 2.25, 0, 0 
0, 80901, 810780091, 0.00, 100.00, 0.00, 2.25, 0, 0 
1, 80901, 811784867, 0.00, 100.00, 0.00, 2.25, 0, 0 
2, 80901, 812789654, 0.00, 100.00, 0.00, 2.25, 0, 0 
3, 80901, 813828417, 0.00, 100.00, 0.00, 2.25, 0, 0 
4, 80901, 814833422, 0.00, 100.00, 0.00, 2.25, 0, 0 
5, 80901, 815916251, 0.00, 100.00, 0.00, 2.25, 0, 0 
6, 80901, 816960059, 0.00, 100.00, 0.00, 2.25, 0, 0 
7, 80901, 817965317, 0.00, 100.00, 0.00, 2.25, 0, 0 
8, 80901, 818969820, 0.00, 100.00, 0.00, 2.25, 0, 0 
9, 80901, 820007385, 0.00, 100.00, 0.00, 2.25, 0, 0 
0, 80901, 821096478, 0.00, 100.00, 0.00, 2.25, 0, 0 
1, 80901, 822101245, 0.00, 100.00, 0.00, 2.25, 0, 0 
2, 80901, 823106039, 0.00, 100.00, 0.00, 2.25, 0, 0 
3, 80901, 824151569, 0.00, 100.00, 0.00, 2.25, 0, 0 
4, 80901, 825188072, 0.00, 100.00, 0.00, 2.25, 0, 0 
5, 80901, 826223881, 0.00, 100.00, 0.00, 2.25, 0, 0 
6, 80901, 827259306, 0.00, 100.00, 0.00, 2.25, 0, 0 
7, 80901, 828264578, 0.00, 100.00, 0.00, 2.25, 0, 0 
8, 80901, 829269252, 0.00, 100.00, 0.00, 2.25, 0, 0 
9, 80901, 830335276, 0.00, 100.00, 0.00, 2.25, 0, 0 
0, 80901, 831400286, 0.00, 100.00, 0.00, 2.25, 0, 0 
1, 80901, 832405496, 0.00, 100.00, 0.00, 2.25, 0, 0 
2, 80901, 833410490, 0.00, 100.00, 0.00, 2.25, 0, 0 
3, 80901, 834476622, 0.00, 100.00, 0.00, 2.25, 0, 0 
4, 80901, 835542760, 0.00, 100.00, 0.00, 2.25, 0, 0 
5, 80901, 836609975, 0.00, 100.00, 0.00, 2.25, 0, 0 
6, 80901, 837675186, 0.00, 100.00, 0.00, 2.25, 0, 0 
7, 80901, 838680043, 0.00, 100.00, 0.00, 2.25, 0, 0 
8, 80901, 839684734, 0.00, 100.00, 0.00, 2.25, 0, 0 
9, 80901, 840750494, 0.00, 100.00, 0.00, 2.25, 0, 0 
0, 80901, 841858107, 0.00, 100.00, 0.00, 2.25, 0, 0 
1, 80901, 842863127, 0.00, 100.00, 0.00, 2.25, 0, 0 
2, 80901, 843898405, 0.00, 100.00, 0.00, 2.25, 0, 0 
3, 80901, 844907330, 0.00, 100.00, 0.00, 2.25, 0, 0 
4, 80901, 845937603, 0.00, 100.00, 0.00, 2.25, 0, 0 
5, 80901, 846967657, 0.00, 100.00, 0.00, 2.25, 0, 0 
6, 80901, 847972455, 0.00, 100.00, 0.00, 2.25, 0, 0 
7, 80901, 849088177, 0.00, 100.00, 0.00, 2.25, 0, 0 
8, 80901, 850155177, 0.00, 100.00, 0.00, 2.25, 0, 0 
9, 80901, 851159873, 0.00, 100.00, 0.00, 2.25, 0, 0 
0, 80901, 852175950, 0.00, 100.00, 0.00, 2.25, 0, 0 
1, 80901, 853181243, 0.00, 100.00, 0.00, 2.25, 0, 0 
2, 80901, 854186094, 0.00, 100.00, 0.00, 2.25, 0, 0 
3, 80901, 855191318, 0.00, 100.00, 0.00, 2.25, 0, 0 
4, 80901, 856196710, 0.00, 100.00, 0.00, 2.25, 0, 0 
5, 80901, 857201508, 0.00, 100.00, 0.00, 2.25, 0, 0 
6, 80901, 858206207, 0.00, 100.00, 0.00, 2.25, 0, 0 
7, 80901, 859244085, 0.00, 100.00, 0.00, 2.25, 0, 0 
8, 80901, 860325824, 0.00, 100.00, 0.00, 2.25, 0, 0 
9, 80901, 861398335, 0.00, 100.00, 0.00, 2.25, 0, 0 
0, 80901, 862413030, 0.00, 100.00, 0.00, 2.25, 0, 0 
1, 80901, 863417830, 0.00, 100.00, 0.00, 2.25, 0, 0 
2, 80901, 864422963, 0.00, 100.00, 0.00, 2.25, 0, 0 
3, 80901, 865495146, 0.00, 100.00, 0.00, 2.25, 0, 0 
4, 80901, 866500142, 0.00, 100.00, 0.00, 2.25, 0, 0 
5, 80901, 867567677, 0.00, 100.00, 0.00, 2.25, 0, 0 
6, 80901, 868572343, 0.00, 100.00, 0.00, 2.25, 0, 0 
7, 80901, 869635152, 0.00, 100.00, 0.00, 2.25, 0, 0 
8, 80901, 870639776, 0.00, 100.00, 0.00, 2.25, 0, 0 
9, 80901, 871644099, 0.00, 100.00, 0.00, 2.25, 0, 0 
0, 80901, 872752723, 0.00, 100.00, 0.00, 2.25, 0, 0 
1, 80901, 873757707, 0.00, 100.00, 0.00, 2.25, 0, 0 
2, 80901, 874791074, 0.00, 100.00, 0.00, 2.25, 0, 0 
3, 80901, 875822410, 0.00, 100.00, 0.00, 2.25, 0, 0 
4, 80901, 876889237, 0.00, 100.00, 0.00, 2.25, 0, 0 
5, 80901, 877923840, 0.00, 100.00, 0.00, 2.25, 0, 0 
6, 80901, 878990102, 0.00, 100.00, 0.00, 2.25, 0, 0 
7, 80901, 880059123, 0.00, 100.00, 0.00, 2.25, 0, 0 
8, 80901, 881125631, 0.00, 100.00, 0.00, 2.25, 0, 0 
9, 80901, 882190719, 0.00, 100.00, 0.00, 2.25, 0, 0 
0, 80901, 883298444, 0.00, 100.00, 0.00, 2.25, 0, 0 
1, 80901, 884369752, 0.00, 100.00, 0.00, 2.25, 0, 0 
2, 80901, 885374707, 0.00, 100.00, 0.00, 2.25, 0, 0 
3, 80901, 886413363, 0.00, 100.00, 0.00, 2.25, 0, 0 
4, 80901, 887417998, 0.00, 100.00, 0.00, 2.25, 0, 0 
5, 80901, 888422756, 0.00, 100.00, 0.00, 2.25, 0, 0 
6, 80901, 889489428, 0.00, 100.00, 0.00, 2.25, 0, 0 
7, 80901, 890523764, 0.00, 100.00, 0.00, 2.25, 0, 0 
8, 80901, 891589294, 0.00, 100.00, 0.00, 2.25, 0, 0 
9, 80901, 892654819, 0.00, 100.00, 0.00, 2.25, 0, 0 
0, 80901, 893697304, 0.00, 100.00, 0.00, 2.25, 0, 0 
1, 80901, 894764499, 0.00, 100.00, 0.00, 2.25, 0, 0 
2, 80901, 895769763, 0.00, 100.00, 0.00, 2.25, 0, 0 
3, 80901, 896774385, 0.00, 100.00, 0.00, 2.25, 0, 0 
4, 80901, 897840905, 0.00, 100.00, 0.00, 2.25, 0, 0 
5, 80901, 898875021, 0.00, 100.00, 0.00, 2.25, 0, 0 
6, 80901, 899940144, 0.00, 100.00, 0.00, 2.25, 0, 0 
7, 80901, 900989484, 0.00, 100.00, 0.00, 2.25, 0, 0 
8, 80901, 902098646, 0.00, 100.00, 0.00, 2.25, 0, 0 
9, 80901, 903104995, 0.00, 100.00, 0.00, 2.25, 0, 0 
0, 80901, 904121086, 0.00, 100.00, 0.00, 2.25, 0, 0 
1, 80901, 905156373, 0.00, 100.00, 0.00, 2.25, 0, 0 
2, 80901, 906161079, 0.00, 100.00, 0.00, 2.25, 0, 0 
3, 80901, 907195638, 0.00, 100.00, 0.00, 2.25, 0, 0 
4, 80901, 908229890, 0.00, 100.00, 0.00, 2.25, 0, 0 
5, 80901, 909295916, 0.00, 100.00, 0.00, 2.25, 0, 0 
6, 80901, 910364686, 0.00, 100.00, 0.00, 2.25, 0, 0 
7, 80901, 911430227, 0.00, 100.00, 0.00, 2.25, 0, 0 
8, 80901, 912496822, 0.00, 100.00, 0.00, 2.25, 0, 0 
9, 80901, 913562162, 0.00, 100.00, 0.00, 2.25, 0, 0 
0, 80901, 914674753, 0.00, 100.00, 0.00, 2.25, 0, 0 
1, 80901, 915679888, 0.00, 100.00, 0.00, 2.25, 0, 0 
2, 80901, 916684619, 0.00, 100.00, 0.00, 2.25, 0, 0 
3, 80901, 917722530, 0.00, 100.00, 0.00, 2.25, 0, 0 
4, 80901, 918788519, 0.00, 100.00, 0.00, 2.25, 0, 0 
5, 80901, 919853804, 0.00, 100.00, 0.00, 2.25, 0, 0 
6, 80901, 920918450, 0.00, 100.00, 0.00, 2.25, 0, 0 
7, 80901, 921985354, 0.00, 100.00, 0.00, 2.25, 0, 0 
8, 80901, 923050345, 0.00, 100.00, 0.00, 2.25, 0, 0 
9, 80901, 924089253, 0.00, 100.00, 0.00, 2.25, 0, 0 
0, 80901, 925103740, 0.00, 100.00, 0.00, 2.25, 0, 0 
1, 80901, 926108448, 0.00, 100.00, 0.00, 2.25, 0, 0 
2, 80901, 927113012, 0.00, 100.00, 0.00, 2.25, 0, 0 
3, 80901, 928157458, 0.00, 100.00, 0.00, 2.25, 0, 0 
4, 80901, 929191724, 0.00, 100.00, 0.00, 2.25, 0, 0 
5, 80901, 930222603, 0.00, 100.00, 0.00, 2.25, 0, 0 
6, 80901, 931289471, 0.00, 100.00, 0.00, 2.25, 0, 0 
7, 80901, 932294536, 0.00, 100.00, 0.00, 2.25, 0, 0 
8, 80901, 933344730, 0.00, 100.00, 0.00, 2.25, 0, 0 
9, 80901, 934378850, 0.00, 100.00, 0.00, 2.25, 0, 0 
0, 80901, 935466862, 0.00, 100.00, 0.00, 2.25, 0, 0 
1, 80901, 936473461, 0.00, 100.00, 0.00, 2.25, 0, 0 
2, 80901, 937540929, 0.00, 100.00, 0.00, 2.25, 0, 0 
3, 80901, 938607670, 0.00, 100.00, 0.00, 2.25, 0, 0 
4, 80901, 939686311, 0.00, 100.00, 0.00, 2.25, 0, 0 
5, 80901, 940716953, 0.00, 100.00, 0.00, 2.25, 0, 0 
6, 80901, 941721489, 0.00, 100.00, 0.00, 2.25, 0, 0 
7, 80901, 942759333, 0.00, 100.00, 0.00, 2.25, 0, 0 
8, 80901, 943764025, 0.00, 100.00, 0.00, 2.25, 0, 0 
9, 80901, 944768656, 0.00, 100.00, 0.00, 2.25, 0, 0 
0, 80901, 945905901, 0.00, 100.00, 0.00, 2.25, 0, 0 
1, 80901, 946912332, 0.00, 100.00, 0.00, 2.25, 0, 0 
2, 80901, 947980049, 0.00, 100.00, 0.00, 2.25, 0, 0 
3, 80901, 949014063, 0.00, 100.00, 0.00, 2.25, 0, 0 
4, 80901, 950081493, 0.00, 100.00, 0.00, 2.25, 0, 0 
5, 80901, 951116058, 0.00, 100.00, 0.00, 2.25, 0, 0 
6, 80901, 952188237, 0.00, 100.00, 0.00, 2.25, 0, 0 
7, 80901, 953254375, 0.00, 100.00, 0.00, 2.25, 0, 0 
8, 80901, 954321406, 0.00, 100.00, 0.00, 2.25, 0, 0 
9, 80901, 955386288, 0.00, 100.00, 0.00, 2.25, 0, 0 
0, 80901, 956496583, 0.00, 100.00, 0.00, 2.25, 0, 0 
1, 80901, 957528074, 0.00, 100.00, 0.00, 2.25, 0, 0 
2, 80901, 958533714, 0.00, 100.00, 0.00, 2.25, 0, 0 
3, 80901, 959539155, 0.00, 100.00, 0.00, 2.25, 0, 0 
4, 80901, 960573325, 0.00, 100.00, 0.00, 2.25, 0, 0 
5, 80901, 961607795, 0.00, 100.00, 0.00, 2.25, 0, 0 
6, 80901, 962679531, 0.00, 100.00, 0.00, 2.25, 0, 0 
7, 80901, 963716400, 0.00, 100.00, 0.00, 2.25, 0, 0 
8, 80901, 964757967, 0.00, 100.00, 0.00, 2.25, 0, 0 
9, 80901, 965764636, 0.00, 100.00, 0.00, 2.25, 0, 0 
0, 80901, 966811397, 0.00, 100.00, 0.00, 2.25, 0, 0 
1, 80901, 967816758, 0.00, 100.00, 0.00, 2.25, 0, 0 
2, 80901, 968821958, 0.00, 100.00, 0.00, 2.25, 0, 0 
3, 80901, 969859600, 0.00, 100.00, 0.00, 2.25, 0, 0 
4, 80901, 970894578, 0.00, 100.00, 0.00, 2.25, 0, 0 
5, 80901, 971928549, 0.00, 100.00, 0.00, 2.25, 0, 0 
6, 80901, 972962490, 0.00, 100.00, 0.00, 2.25, 0, 0 
7, 80901, 973998818, 0.00, 100.00, 0.00, 2.25, 0, 0 
8, 80901, 975033124, 0.00, 100.00, 0.00, 2.25, 0, 0 
9, 80901, 976067675, 0.00, 100.00, 0.00, 2.25, 0, 0 
0, 80901, 977114987, 0.00, 100.00, 0.00, 2.25, 0, 0 
1, 80901, 978149012, 0.00, 100.00, 0.00, 2.25, 0, 0 
2, 80901, 979210138, 0.00, 100.00, 0.00, 2.25, 0, 0 
3, 80901, 980253937, 0.00, 100.00, 0.00, 2.25, 0, 0 
4, 80901, 981319689, 0.00, 100.00, 0.00, 2.25, 0, 0 
5, 80901, 982384459, 0.00, 100.00, 0.00, 2.25, 0, 0 
6, 80901, 983449963, 0.00, 100.00, 0.00, 2.25, 0, 0 
7, 80901, 984517014, 0.00, 100.00, 0.00, 2.25, 0, 0 
8, 80901, 985583389, 0.00, 100.00, 0.00, 2.25, 0, 0 
9, 80901, 986649097, 0.00, 100.00, 0.00, 2.25, 0, 0 
0, 80901, 987696363, 0.00, 100.00, 0.00, 2.25, 0, 0 
1, 80901, 988733990, 0.00, 100.00, 0.00, 2.25, 0, 0 
2, 80901, 989738657, 0.00, 100.00, 0.00, 2.25, 0, 0 
3, 80901, 990743197, 0.00, 100.00, 0.00, 2.25, 0, 0 
4, 80901, 991747986, 0.00, 100.00, 0.00, 2.25, 0, 0 
5, 80901, 992813514, 0.00, 100.00, 0.00, 2.25, 0, 0 
6, 80901, 993879796, 0.00, 100.00, 0.00, 2.25, 0, 0 
7, 80901, 994945088, 0.00, 100.00, 0.00, 2.25, 0, 0 
8, 80901, 995981841, 0.00, 100.00, 0.00, 2.25, 0, 0 
9, 80901, 996986653, 0.00, 100.00, 0.00, 2.25, 0, 0 
0, 80901, 998002663, 0.00, 100.00, 0.00, 2.25, 0, 0 
1, 80901, 999007367, 0.00, 100.00, 0.00, 2.25, 0, 0 
2, 80902, 60918, 0.00, 100.00, 0.00, 2.25, 0, 0 
3, 80902, 1192318, 0.00, 100.00, 0.00, 2.25, 0, 0 
4, 80902, 2317801, 0.00, 100.00, 0.00, 2.25, 0, 0 
5, 80902, 3354707, 0.00, 100.00, 0.00, 2.25, 0, 0 
6, 80902, 4388231, 0.00, 100.00, 0.00, 2.25, 0, 0 
7, 80902, 5394673, 0.00, 100.00, 0.00, 2.25, 0, 0 
8, 80902, 6426077, 0.00, 100.00, 0.00, 2.25, 0, 0 
9, 80902, 7440090, 0.00, 100.00, 0.00, 2.25, 0, 0 
0, 80902, 8530963, 0.00, 100.00, 0.00, 2.25, 0, 0 
1, 80902, 9537471, 0.00, 100.00, 0.00, 2.25, 0, 0 
2, 80902, 10621448, 0.00, 100.00, 0.00, 2.25, 0, 0 
3, 80902, 11655981, 0.00, 100.00, 0.00, 2.25, 0, 0 
4, 80902, 12723880, 0.00, 100.00, 0.00, 2.25, 0, 0 
5, 80902, 13728655, 0.00, 100.00, 0.00, 2.25, 0, 0 
6, 80902, 14733350, 0.00, 100.00, 0.00, 2.25, 0, 0 
7, 80902, 15774067, 0.00, 100.00, 0.00, 2.25, 0, 0 
8, 80902, 16845181, 0.00, 100.00, 0.00, 2.25, 0, 0 
9, 80902, 17913147, 0.00, 100.00, 0.00, 2.25, 0, 0 
0, 80902, 19021816, 0.00, 100.00, 0.00, 2.25, 0, 0 
1, 80902, 20026898, 0.00, 100.00, 0.00, 2.25, 0, 0 
2, 80902, 21031679, 0.00, 100.00, 0.00, 2.25, 0, 0 
3, 80902, 22070214, 0.00, 100.00, 0.00, 2.25, 0, 0 
4, 80902, 23194009, 0.00, 100.00, 0.00, 2.25, 0, 0 
5, 80902, 24200551, 0.00, 100.00, 0.00, 2.25, 0, 0 
6, 80902, 25268172, 0.00, 100.00, 0.00, 2.25, 0, 0 
7, 80902, 26302051, 0.00, 100.00, 0.00, 2.25, 0, 0 
8, 80902, 27307045, 0.00, 100.00, 0.00, 2.25, 0, 0 
9, 80902, 28312443, 0.00, 100.00, 0.00, 2.25, 0, 0 
0, 80902, 29327135, 0.00, 100.00, 0.00, 2.25, 0, 0 
1, 80902, 30331624, 0.00, 100.00, 0.00, 2.25, 0, 0 
2, 80902, 31366899, 0.00, 100.00, 0.00, 2.25, 0, 0 
3, 80902, 32372190, 0.00, 100.00, 0.00, 2.25, 0, 0 
4, 80902, 33377111, 0.00, 100.00, 0.00, 2.25, 0, 0 
5, 80902, 34449140, 0.00, 100.00, 0.00, 2.25, 0, 0 
6, 80902, 35454181, 0.00, 100.00, 0.00, 2.25, 0, 0 
7, 80902, 36459841, 0.00, 100.00, 0.00, 2.25, 0, 0 
8, 80902, 37498723, 0.00, 100.00, 0.00, 2.25, 0, 0 
9, 80902, 38536689, 0.00, 100.00, 0.00, 2.25, 0, 0 
0, 80902, 39555529, 0.00, 100.00, 0.00, 2.25, 0, 0 
1, 80902, 40562089, 0.00, 100.00, 0.00, 2.25, 0, 0 
2, 80902, 41567136, 0.00, 100.00, 0.00, 2.25, 0, 0 
3, 80902, 42595000, 0.00, 100.00, 0.00, 2.25, 0, 0 
4, 80902, 43631780, 0.00, 100.00, 0.00, 2.25, 0, 0 
5, 80902, 44638251, 0.00, 100.00, 0.00, 2.25, 0, 0 
6, 80902, 45672060, 0.00, 100.00, 0.00, 2.25, 0, 0 
7, 80902, 46676939, 0.00, 100.00, 0.00, 2.25, 0, 0 
8, 80902, 47681646, 0.00, 100.00, 0.00, 2.25, 0, 0 
9, 80902, 48686336, 0.00, 100.00, 0.00, 2.25, 0, 0 
0, 80902, 49699936, 0.00, 100.00, 0.00, 2.25, 0, 0 
1, 80902, 50704617, 0.00, 100.00, 0.00, 2.25, 0, 0 
2, 80902, 51710288, 0.00, 100.00, 0.00, 2.25, 0, 0 
3, 80902, 52715200, 0.00, 100.00, 0.00, 2.25, 0, 0 
4, 80902, 53720198, 0.00, 100.00, 0.00, 2.25, 0, 0 
5, 80902, 54724851, 0.00, 100.00, 0.00, 2.25, 0, 0 
6, 80902, 55729432, 0.00, 100.00, 0.00, 2.25, 0, 0 
7, 80902, 56772592, 0.00, 100.00, 0.00, 2.25, 0, 0 
8, 80902, 57817997, 0.00, 100.00, 0.00, 2.25, 0, 0 
9, 80902, 58823488, 0.00, 100.00, 0.00, 2.25, 0, 0 
0, 80902, 59866474, 0.00, 100.00, 0.00, 2.25, 0, 0 
1, 80902, 60871407, 0.00, 100.00, 0.00, 2.25, 0, 0 
2, 80902, 61877251, 0.00, 100.00, 0.00, 2.25, 0, 0 
3, 80902, 62882976, 0.00, 100.00, 0.00, 2.25, 0, 0 
4, 80902, 63917934, 0.00, 100.00, 0.00, 2.25, 0, 0 
5, 80902, 64951784, 0.00, 100.00, 0.00, 2.25, 0, 0 
6, 80902, 65988706, 0.00, 100.00, 0.00, 2.25, 0, 0 
7, 80902, 66994752, 0.00, 100.00, 0.00, 2.25, 0, 0 
8, 80902, 68110757, 0.00, 100.00, 0.00, 2.25, 0, 0 
9, 80902, 69147425, 0.00, 100.00, 0.00, 2.25, 0, 0 
0, 80902, 70195727, 0.00, 100.00, 0.00, 2.25, 0, 0 
1, 80902, 71277737, 0.00, 100.00, 0.00, 2.25, 0, 0 
2, 80902, 72313263, 0.00, 100.00, 0.00, 2.25, 0, 0 
3, 80902, 73318335, 0.00, 100.00, 0.00, 2.25, 0, 0 
4, 80902, 74323098, 0.00, 100.00, 0.00, 2.25, 0, 0 
5, 80902, 75391481, 0.00, 100.00, 0.00, 2.25, 0, 0 
6, 80902, 76396327, 0.00, 100.00, 0.00, 2.25, 0, 0 
7, 80902, 77400867, 0.00, 100.00, 0.00, 2.25, 0, 0 
8, 80902, 78468038, 0.00, 100.00, 0.00, 2.25, 0, 0 
9, 80902, 79535027, 0.00, 100.00, 0.00, 2.25, 0, 0 
0, 80902, 80644425, 0.00, 100.00, 0.00, 2.25, 0, 0 
1, 80902, 81678335, 0.00, 100.00, 0.00, 2.25, 0, 0 
2, 80902, 82682975, 0.00, 100.00, 0.00, 2.25, 0, 0 
3, 80902, 83720856, 0.00, 100.00, 0.00, 2.25, 0, 0 
4, 80902, 84729384, 0.00, 100.00, 0.00, 2.25, 0, 0 
5, 80902, 85766619, 0.00, 100.00, 0.00, 2.25, 0, 0 
6, 80902, 86771518, 0.00, 100.00, 0.00, 2.25, 0, 0 
7, 80902, 87810357, 0.00, 100.00, 0.00, 2.25, 0, 0 
8, 80902, 88850538, 0.00, 100.00, 0.00, 2.25, 0, 0 
9, 80902, 89881406, 0.00, 100.00, 0.00, 2.25, 0, 0 
0, 80902, 90898100, 0.00, 100.00, 0.00, 2.25, 0, 0 
1, 80902, 91902831, 0.00, 100.00, 0.00, 2.25, 0, 0 
2, 80902, 92907564, 0.00, 100.00, 0.00, 2.25, 0, 0 
3, 80902, 93973649, 0.00, 100.00, 0.00, 2.25, 0, 0 
4, 80902, 95039433, 0.00, 100.00, 0.00, 2.25, 0, 0 
5, 80902, 96113058, 0.00, 100.00, 0.00, 2.25, 0, 0 
6, 80902, 97118268, 0.00, 100.00, 0.00, 2.25, 0, 0 
7, 80902, 98185841, 0.00, 100.00, 0.00, 2.25, 0, 0 
8, 80902, 99190441, 0.00, 100.00, 0.00, 2.25, 0, 0 
9, 80902, 100195853, 0.00, 100.00, 0.00, 2.25, 0, 0 
0, 80902, 101212365, 0.00, 100.00, 0.00, 2.25, 0, 0 
1, 80902, 102278660, 0.00, 100.00, 0.00, 2.25, 0, 0 
2, 80902, 103311725, 0.00, 100.00, 0.00, 2.25, 0, 0 
3, 80902, 104316475, 0.00, 100.00, 0.00, 2.25, 0, 0 
4, 80902, 105354205, 0.00, 100.00, 0.00, 2.25, 0, 0 
5, 80902, 106419743, 0.00, 100.00, 0.00, 2.25, 0, 0 
6, 80902, 107452997, 0.00, 100.00, 0.00, 2.25, 0, 0 
7, 80902, 108488863, 0.00, 100.00, 0.00, 2.25, 0, 0 
8, 80902, 109493425, 0.00, 100.00, 0.00, 2.25, 0, 0 
9, 80902, 110497965, 0.00, 100.00, 0.00, 2.25, 0, 0 
0, 80902, 111513878, 0.00, 100.00, 0.00, 2.25, 0, 0 
1, 80902, 112518709, 0.00, 100.00, 0.00, 2.25, 0, 0 
2, 80902, 113555833, 0.00, 100.00, 0.00, 2.25, 0, 0 
3, 80902, 114595476, 0.00, 100.00, 0.00, 2.25, 0, 0 
4, 80902, 115636766, 0.00, 100.00, 0.00, 2.25, 0, 0 
5, 80902, 116682460, 0.00, 100.00, 0.00, 2.25, 0, 0 
6, 80902, 117807685, 0.00, 100.00, 0.00, 2.25, 0, 0 
7, 80902, 118850285, 0.00, 100.00, 0.00, 2.25, 0, 0 
8, 80902, 119893926, 0.00, 100.00, 0.00, 2.25, 0, 0 
9, 80902, 120936069, 0.00, 100.00, 0.00, 2.25, 0, 0 
0, 80902, 121993786, 0.00, 100.00, 0.00, 2.25, 0, 0 
1, 80902, 123000118, 0.00, 100.00, 0.00, 2.25, 0, 0 
2, 80902, 124005740, 0.00, 100.00, 0.00, 2.25, 0, 0 
3, 80902, 125010272, 0.00, 100.00, 0.00, 2.25, 0, 0 
4, 80902, 126036748, 0.00, 100.00, 0.00, 2.25, 0, 0 
5, 80902, 127085440, 0.00, 100.00, 0.00, 2.25, 0, 0 
6, 80902, 128090847, 0.00, 100.00, 0.00, 2.25, 0, 0 
7, 80902, 129095409, 0.00, 100.00, 0.00, 2.25, 0, 0 
8, 80902, 130099711, 0.00, 100.00, 0.00, 2.25, 0, 0 
9, 80902, 131104199, 0.00, 100.00, 0.00, 2.25, 0, 0 
0, 80902, 132119926, 0.00, 100.00, 0.00, 2.25, 0, 0 
1, 80902, 133124722, 0.00, 100.00, 0.00, 2.25, 0, 0 
2, 80902, 134129795, 0.00, 100.00, 0.00, 2.25, 0, 0 
3, 80902, 135134487, 0.00, 100.00, 0.00, 2.25, 0, 0 
4, 80902, 136139995, 0.00, 100.00, 0.00, 2.25, 0, 0 
5, 80902, 137144664, 0.00, 100.00, 0.00, 2.25, 0, 0 
6, 80902, 138149087, 0.00, 100.00, 0.00, 2.25, 0, 0 
7, 80902, 139153657, 0.00, 100.00, 0.00, 2.25, 0, 0 
8, 80902, 140158611, 0.00, 100.00, 0.00, 2.25, 0, 0 
9, 80902, 141163214, 0.00, 100.00, 0.00, 2.25, 0, 0 
0, 80902, 142179641, 0.00, 100.00, 0.00, 2.25, 0, 0 
1, 80902, 143184186, 0.00, 100.00, 0.00, 2.25, 0, 0 
2, 80902, 144189373, 0.00, 100.00, 0.00, 2.25, 0, 0 
3, 80902, 145193815, 0.00, 100.00, 0.00, 2.25, 0, 0 
4, 80902, 146198316, 0.00, 100.00, 0.00, 2.25, 0, 0 
5, 80902, 147202555, 0.00, 100.00, 0.00, 2.25, 0, 0 
6, 80902, 148207729, 0.00, 100.00, 0.00, 2.25, 0, 0 
7, 80902, 149212241, 0.00, 100.00, 0.00, 2.25, 0, 0 
8, 80902, 150216729, 0.00, 100.00, 0.00, 2.25, 0, 0 
9, 80902, 151221224, 0.00, 100.00, 0.00, 2.25, 0, 0 
0, 80902, 152238167, 0.00, 100.00, 0.00, 2.25, 0, 0 
1, 80902, 153242726, 0.00, 100.00, 0.00, 2.25, 0, 0 
2, 80902, 154247203, 0.00, 100.00, 0.00, 2.25, 0, 0 
3, 80902, 155251673, 0.00, 100.00, 0.00, 2.25, 0, 0 
4, 80902, 156256838, 0.00, 100.00, 0.00, 2.25, 0, 0 
5, 80902, 157261749, 0.00, 100.00, 0.00, 2.25, 0, 0 
6, 80902, 158266228, 0.00, 100.00, 0.00, 2.25, 0, 0 
7, 80902, 159270704, 0.00, 100.00, 0.00, 2.25, 0, 0 
8, 80902, 160275786, 0.00, 100.00, 0.00, 2.25, 0, 0 
9, 80902, 161280151, 0.00, 100.00, 0.00, 2.25, 0, 0 
0, 80902, 162296090, 0.00, 100.00, 0.00, 2.25, 0, 0 
1, 80902, 163300681, 0.00, 100.00, 0.00, 2.25, 0, 0 
2, 80902, 164305824, 0.00, 100.00, 0.00, 2.25, 0, 0 
3, 80902, 165310299, 0.00, 100.00, 0.00, 2.25, 0, 0 
4, 80902, 166315792, 0.00, 100.00, 0.00, 2.25, 0, 0 
5, 80902, 167324869, 0.00, 100.00, 0.00, 2.25, 0, 0 
6, 80902, 168401620, 0.00, 100.00, 0.00, 2.25, 0, 0 
7, 80902, 169406294, 0.00, 100.00, 0.00, 2.25, 0, 0 
8, 80902, 170410905, 0.00, 100.00, 0.00, 2.25, 0, 0 
9, 80902, 171415458, 0.00, 100.00, 0.00, 2.25, 0, 0 
0, 80902, 172432205, 0.00, 100.00, 0.00, 2.25, 0, 0 
1, 80902, 173464833, 0.00, 100.00, 0.00, 2.25, 0, 0 
2, 80902, 174522922, 0.00, 100.00, 0.00, 2.25, 0, 0 
3, 80902, 175527138, 0.00, 100.00, 0.00, 2.25, 0, 0 
4, 80902, 176531731, 0.00, 100.00, 0.00, 2.25, 0, 0 
5, 80902, 177536252, 0.00, 100.00, 0.00, 2.25, 0, 0 
6, 80902, 178540770, 0.00, 100.00, 0.00, 2.25, 0, 0 
7, 80902, 179545327, 0.00, 100.00, 0.00, 2.25, 0, 0 
8, 80902, 180549884, 0.00, 100.00, 0.00, 2.25, 0, 0 
9, 80902, 181554432, 0.00, 100.00, 0.00, 2.25, 0, 0 
0, 80902, 182569797, 0.00, 100.00, 0.00, 2.25, 0, 0 
1, 80902, 183573860, 0.00, 100.00, 0.00, 2.25, 0, 0 
2, 80902, 184578247, 0.00, 100.00, 0.00, 2.25, 0, 0 
3, 80902, 185582562, 0.00, 100.00, 0.00, 2.25, 0, 0 
4, 80902, 186586987, 0.00, 100.00, 0.00, 2.25, 0, 0 
5, 80902, 187591544, 0.00, 100.00, 0.00, 2.25, 0, 0 
6, 80902, 188596077, 0.00, 100.00, 0.00, 2.25, 0, 0 
7, 80902, 189600786, 0.00, 100.00, 0.00, 2.25, 0, 0 
8, 80902, 190605343, 0.00, 100.00, 0.00, 2.25, 0, 0 
9, 80902, 191609800, 0.00, 100.00, 0.00, 2.25, 0, 0 
0, 80902, 192626775, 0.00, 100.00, 0.00, 2.25, 0, 0 
1, 80902, 193663412, 0.00, 100.00, 0.00, 2.25, 0, 0 
2, 80902, 194668848, 0.00, 100.00, 0.00, 2.25, 0, 0 
3, 80902, 195673094, 0.00, 100.00, 0.00, 2.25, 0, 0 
4, 80902, 196677829, 0.00, 100.00, 0.00, 2.25, 0, 0 
5, 80902, 197682388, 0.00, 100.00, 0.00, 2.25, 0, 0 
6, 80902, 198686931, 0.00, 100.00, 0.00, 2.25, 0, 0 
7, 80902, 199691330, 0.00, 100.00, 0.00, 2.25, 0, 0 
8, 80902, 200695772, 0.00, 100.00, 0.00, 2.25, 0, 0 
9, 80902, 201700424, 0.00, 100.00, 0.00, 2.25, 0, 0 
0, 80902, 202716517, 0.00, 100.00, 0.00, 2.25, 0, 0 
1, 80902, 203721347, 0.00, 100.00, 0.00, 2.25, 0, 0 
2, 80902, 204726894, 0.00, 100.00, 0.00, 2.25, 0, 0 
3, 80902, 205731775, 0.00, 100.00, 0.00, 2.25, 0, 0 
4, 80902, 206736489, 0.00, 100.00, 0.00, 2.25, 0, 0 
5, 80902, 207741017, 0.00, 100.00, 0.00, 2.25, 0, 0 
6, 80902, 208745813, 0.00, 100.00, 0.00, 2.25, 0, 0 
7, 80902, 209750555, 0.00, 100.00, 0.00, 2.25, 0, 0 
8, 80902, 210755232, 0.00, 100.00, 0.00, 2.25, 0, 0 
9, 80902, 211759972, 0.00, 100.00, 0.00, 2.25, 0, 0 
0, 80902, 212776517, 0.00, 100.00, 0.00, 2.25, 0, 0 
1, 80902, 213781325, 0.00, 100.00, 0.00, 2.25, 0, 0 
2, 80902, 214786014, 0.00, 100.00, 0.00, 2.25, 0, 0 
3, 80902, 215790752, 0.00, 100.00, 0.00, 2.25, 0, 0 
4, 80902, 216795484, 0.00, 100.00, 0.00, 2.25, 0, 0 
5, 80902, 217800429, 0.00, 100.00, 0.00, 2.25, 0, 0 
6, 80902, 218805005, 0.00, 100.00, 0.00, 2.25, 0, 0 
7, 80902, 219809560, 0.00, 100.00, 0.00, 2.25, 0, 0 
8, 80902, 220814037, 0.00, 100.00, 0.00, 2.25, 0, 0 
9, 80902, 221818514, 0.00, 100.00, 0.00, 2.25, 0, 0 
0, 80902, 222834379, 0.00, 100.00, 0.00, 2.25, 0, 0 
1, 80902, 223838906, 0.00, 100.00, 0.00, 2.25, 0, 0 
2, 80902, 224843580, 0.00, 100.00, 0.00, 2.25, 0, 0 
3, 80902, 225848007, 0.00, 100.00, 0.00, 2.25, 0, 0 
4, 80902, 226853139, 0.00, 100.00, 0.00, 2.25, 0, 0 
5, 80902, 227857738, 0.00, 100.00, 0.00, 2.25, 0, 0 
6, 80902, 228862204, 0.00, 100.00, 0.00, 2.25, 0, 0 
7, 80902, 229866595, 0.00, 100.00, 0.00, 2.25, 0, 0 
8, 80902, 230871135, 0.00, 100.00, 0.00, 2.25, 0, 0 
9, 80902, 231875621, 0.00, 100.00, 0.00, 2.25, 0, 0 
0, 80902, 232891384, 0.00, 100.00, 0.00, 2.25, 0, 0 
1, 80902, 233895974, 0.00, 100.00, 0.00, 2.25, 0, 0 
2, 80902, 234900406, 0.00, 100.00, 0.00, 2.25, 0, 0 
3, 80902, 235904884, 0.00, 100.00, 0.00, 2.25, 0, 0 
4, 80902, 236909560, 0.00, 100.00, 0.00, 2.25, 0, 0 
5, 80902, 237914103, 0.00, 100.00, 0.00, 2.25, 0, 0 
6, 80902, 238918596, 0.00, 100.00, 0.00, 2.25, 0, 0 
7, 80902, 239923161, 0.00, 100.00, 0.00, 2.25, 0, 0 
8, 80902, 240927716, 0.00, 100.00, 0.00, 2.25, 0, 0 
9, 80902, 241932268, 0.00, 100.00, 0.00, 2.25, 0, 0 
0, 80902, 242948508, 0.00, 100.00, 0.00, 2.25, 0, 0 
1, 80902, 243952933, 0.00, 100.00, 0.00, 2.25, 0, 0 
2, 80902, 244957086, 0.00, 100.00, 0.00, 2.25, 0, 0 
3, 80902, 245962734, 0.00, 100.00, 0.00, 2.25, 0, 0 
4, 80902, 246967275, 0.00, 100.00, 0.00, 2.25, 0, 0 
5, 80902, 247972118, 0.00, 100.00, 0.00, 2.25, 0, 0 
6, 80902, 248976543, 0.00, 100.00, 0.00, 2.25, 0, 0 
7, 80902, 250047062, 0.00, 100.00, 0.00, 2.25, 0, 0 
8, 80902, 251051663, 0.00, 100.00, 0.00, 2.25, 0, 0 
9, 80902, 252056953, 0.00, 100.00, 0.00, 2.25, 0, 0 
0, 80902, 253071877, 0.00, 100.00, 0.00, 2.25, 0, 0 
1, 80902, 254076496, 0.00, 100.00, 0.00, 2.25, 0, 0 
2, 80902, 255080960, 0.00, 100.00, 0.00, 2.25, 0, 0 
3, 80902, 256086150, 0.00, 100.00, 0.00, 2.25, 0, 0 
4, 80902, 257090630, 0.00, 100.00, 0.00, 2.25, 0, 0 
5, 80902, 258095158, 0.00, 100.00, 0.00, 2.25, 0, 0 
6, 80902, 259099564, 0.00, 100.00, 0.00, 2.25, 0, 0 
7, 80902, 260104789, 0.00, 100.00, 0.00, 2.25, 0, 0 
8, 80902, 261109272, 0.00, 100.00, 0.00, 2.25, 0, 0 
9, 80902, 262113820, 0.00, 100.00, 0.00, 2.25, 0, 0 
0, 80902, 263129312, 0.00, 100.00, 0.00, 2.25, 0, 0 
1, 80902, 264134183, 0.00, 100.00, 0.00, 2.25, 0, 0 
2, 80902, 265138683, 0.00, 100.00, 0.00, 2.25, 0, 0 
3, 80902, 266143031, 0.00, 100.00, 0.00, 2.25, 0, 0 
4, 80902, 267147409, 0.00, 100.00, 0.00, 2.25, 0, 0 
5, 80902, 268152436, 0.00, 100.00, 0.00, 2.25, 0, 0 
6, 80902, 269156900, 0.00, 100.00, 0.00, 2.25, 0, 0 
7, 80902, 270161376, 0.00, 100.00, 0.00, 2.25, 0, 0 
8, 80902, 271165886, 0.00, 100.00, 0.00, 2.25, 0, 0 
9, 80902, 272170517, 0.00, 100.00, 0.00, 2.25, 0, 0 
0, 80902, 273186938, 0.00, 100.00, 0.00, 2.25, 0, 0 
1, 80902, 274191926, 0.00, 100.00, 0.00, 2.25, 0, 0 
2, 80902, 275196460, 0.00, 100.00, 0.00, 2.25, 0, 0 
3, 80902, 276201781, 0.00, 100.00, 0.00, 2.25, 0, 0 
4, 80902, 277206232, 0.00, 100.00, 0.00, 2.25, 0, 0 
5, 80902, 278211006, 0.00, 100.00, 0.00, 2.25, 0, 0 
6, 80902, 279215427, 0.00, 100.00, 0.00, 2.25, 0, 0 
7, 80902, 280220678, 0.00, 100.00, 0.00, 2.25, 0, 0 
8, 80902, 281225166, 0.00, 100.00, 0.00, 2.25, 0, 0 
9, 80902, 282229649, 0.00, 100.00, 0.00, 2.25, 0, 0 
0, 80902, 283246609, 0.00, 100.00, 0.00, 2.25, 0, 0 
1, 80902, 284321362, 0.00, 100.00, 0.00, 2.25, 0, 0 
2, 80902, 285325458, 0.00, 100.00, 0.00, 2.25, 0, 0 
3, 80902, 286330200, 0.00, 100.00, 0.00, 2.25, 0, 0 
4, 80902, 287334854, 0.00, 100.00, 0.00, 2.25, 0, 0 
5, 80902, 288340126, 0.00, 100.00, 0.00, 2.25, 0, 0 
6, 80902, 289344718, 0.00, 100.00, 0.00, 2.25, 0, 0 
7, 80902, 290349332, 0.00, 100.00, 0.00, 2.25, 0, 0 
8, 80902, 291353952, 0.00, 100.00, 0.00, 2.25, 0, 0 
9, 80902, 292359180, 0.00, 100.00, 0.00, 2.25, 0, 0 
0, 80902, 293374419, 0.00, 100.00, 0.00, 2.25, 0, 0 
1, 80902, 294378940, 0.00, 100.00, 0.00, 2.25, 0, 0 
2, 80902, 295383662, 0.00, 100.00, 0.00, 2.25, 0, 0 
3, 80902, 296389131, 0.00, 100.00, 0.00, 2.25, 0, 0 
4, 80902, 297393676, 0.00, 100.00, 0.00, 2.25, 0, 0 
5, 80902, 298397948, 0.00, 100.00, 0.00, 2.25, 0, 0 
6, 80902, 299402538, 0.00, 100.00, 0.00, 2.25, 0, 0 
7, 80902, 300407183, 0.00, 100.00, 0.00, 2.25, 0, 0 
8, 80902, 301411841, 0.00, 100.00, 0.00, 2.25, 0, 0 
9, 80902, 302416541, 0.00, 100.00, 0.00, 2.25, 0, 0 
0, 80902, 303432949, 0.00, 100.00, 0.00, 2.25, 0, 0 
1, 80902, 304438440, 0.00, 100.00, 0.00, 2.25, 0, 0 
2, 80902, 305443156, 0.00, 100.00, 0.00, 2.25, 0, 0 
3, 80902, 306447632, 0.00, 100.00, 0.00, 2.25, 0, 0 
4, 80902, 307452341, 0.00, 100.00, 0.00, 2.25, 0, 0 
5, 80902, 308487216, 0.00, 100.00, 0.00, 2.25, 0, 0 
6, 80902, 309521629, 0.00, 100.00, 0.00, 2.25, 0, 0 
7, 80902, 310527429, 0.00, 100.00, 0.00, 2.25, 0, 0 
8, 80902, 311532806, 0.00, 100.00, 0.00, 2.25, 0, 0 
9, 80902, 312537857, 0.00, 100.00, 0.00, 2.25, 0, 0 
0, 80902, 313554212, 0.00, 100.00, 0.00, 2.25, 0, 0 
1, 80902, 314558834, 0.00, 100.00, 0.00, 2.25, 0, 0 
2, 80902, 315563805, 0.00, 100.00, 0.00, 2.25, 0, 0 
3, 80902, 316568557, 0.00, 100.00, 0.00, 2.25, 0, 0 
4, 80902, 317573013, 0.00, 100.00, 0.00, 2.25, 0, 0 
5, 80902, 318577656, 0.00, 100.00, 0.00, 2.25, 0, 0 
6, 80902, 319582173, 0.00, 100.00, 0.00, 2.25, 0, 0 
7, 80902, 320586869, 0.00, 100.00, 0.00, 2.25, 0, 0 
8, 80902, 321591473, 0.00, 100.00, 0.00, 2.25, 0, 0 
9, 80902, 322596061, 0.00, 100.00, 0.00, 2.25, 0, 0 
0, 80902, 323612217, 0.00, 100.00, 0.00, 2.25, 0, 0 
1, 80902, 324616903, 0.00, 100.00, 0.00, 2.25, 0, 0 
2, 80902, 325622589, 0.00, 100.00, 0.00, 2.25, 0, 0 
3, 80902, 326626837, 0.00, 100.00, 0.00, 2.25, 0, 0 
4, 80902, 327631066, 0.00, 100.00, 0.00, 2.25, 0, 0 
5, 80902, 328635393, 0.00, 100.00, 0.00, 2.25, 0, 0 
6, 80902, 329639653, 0.00, 100.00, 0.00, 2.25, 0, 0 
7, 80902, 330644204, 0.00, 100.00, 0.00, 2.25, 0, 0 
8, 80902, 331648313, 0.00, 100.00, 0.00, 2.25, 0, 0 
9, 80902, 332652150, 0.00, 100.00, 0.00, 2.25, 0, 0 
0, 80902, 333666723, 0.00, 100.00, 0.00, 2.25, 0, 0 
1, 80902, 334671060, 0.00, 100.00, 0.00, 2.25, 0, 0 
2, 80902, 335675370, 0.00, 100.00, 0.00, 2.25, 0, 0 
3, 80902, 336707132, 0.00, 100.00, 0.00, 2.25, 0, 0 
4, 80902, 337775314, 0.00, 100.00, 0.00, 2.25, 0, 0 
5, 80902, 338779624, 0.00, 100.00, 0.00, 2.25, 0, 0 
6, 80902, 339783810, 0.00, 100.00, 0.00, 2.25, 0, 0 
7, 80902, 340788166, 0.00, 100.00, 0.00, 2.25, 0, 0 
8, 80902, 341792384, 0.00, 100.00, 0.00, 2.25, 0, 0 
9, 80902, 342796605, 0.00, 100.00, 0.00, 2.25, 0, 0 
0, 80902, 343811557, 0.00, 100.00, 0.00, 2.25, 0, 0 
1, 80902, 344815581, 0.00, 100.00, 0.00, 2.25, 0, 0 
2, 80902, 345820076, 0.00, 100.00, 0.00, 2.25, 0, 0 
3, 80902, 346824638, 0.00, 100.00, 0.00, 2.25, 0, 0 
4, 80902, 347829076, 0.00, 100.00, 0.00, 2.25, 0, 0 
5, 80902, 348833841, 0.00, 100.00, 0.00, 2.25, 0, 0 
6, 80902, 349838437, 0.00, 100.00, 0.00, 2.25, 0, 0 
7, 80902, 350843067, 0.00, 100.00, 0.00, 2.25, 0, 0 
8, 80902, 351847738, 0.00, 100.00, 0.00, 2.25, 0, 0 
9, 80902, 352852368, 0.00, 100.00, 0.00, 2.25, 0, 0 
0, 80902, 353867339, 0.00, 100.00, 0.00, 2.25, 0, 0 
1, 80902, 354871682, 0.00, 100.00, 0.00, 2.25, 0, 0 
2, 80902, 355876202, 0.00, 100.00, 0.00, 2.25, 0, 0 
3, 80902, 356880761, 0.00, 100.00, 0.00, 2.25, 0, 0 
4, 80902, 357885383, 0.00, 100.00, 0.00, 2.25, 0, 0 
5, 80902, 358889979, 0.00, 100.00, 0.00, 2.25, 0, 0 
6, 80902, 359894407, 0.00, 100.00, 0.00, 2.25, 0, 0 
7, 80902, 360898977, 0.00, 100.00, 0.00, 2.25, 0, 0 
8, 80902, 361903576, 0.00, 100.00, 0.00, 2.25, 0, 0 
9, 80902, 362908162, 0.00, 100.00, 0.00, 2.25, 0, 0 
0, 80902, 363923650, 0.00, 100.00, 0.00, 2.25, 0, 0 
1, 80902, 364928283, 0.00, 100.00, 0.00, 2.25, 0, 0 
2, 80902, 365932526, 0.00, 100.00, 0.00, 2.25, 0, 0 
3, 80902, 366937103, 0.00, 100.00, 0.00, 2.25, 0, 0 
4, 80902, 367941651, 0.00, 100.00, 0.00, 2.25, 0, 0 
5, 80902, 368946106, 0.00, 100.00, 0.00, 2.25, 0, 0 
6, 80902, 369950649, 0.00, 100.00, 0.00, 2.25, 0, 0 
7, 80902, 370955174, 0.00, 100.00, 0.00, 2.25, 0, 0 
8, 80902, 371959791, 0.00, 100.00, 0.00, 2.25, 0, 0 
9, 80902, 372964316, 0.00, 100.00, 0.00, 2.25, 0, 0 
0, 80902, 373980383, 0.00, 100.00, 0.00, 2.25, 0, 0 
1, 80902, 374985015, 0.00, 100.00, 0.00, 2.25, 0, 0 
2, 80902, 376019780, 0.00, 100.00, 0.00, 2.25, 0, 0 
3, 80902, 377056463, 0.00, 100.00, 0.00, 2.25, 0, 0 
4, 80902, 378135302, 0.00, 100.00, 0.00, 2.25, 0, 0 
5, 80902, 379139864, 0.00, 100.00, 0.00, 2.25, 0, 0 
6, 80902, 380145260, 0.00, 100.00, 0.00, 2.25, 0, 0 
7, 80902, 381149780, 0.00, 100.00, 0.00, 2.25, 0, 0 
8, 80902, 382154233, 0.00, 100.00, 0.00, 2.25, 0, 0 
9, 80902, 383158621, 0.00, 100.00, 0.00, 2.25, 0, 0 
