Wed Nov 28 14:14:52 2018
StepTime, x, v, f, xdes, vdes, fdes, cmd, IR, LSB, LSF
0, 76833, 32756383, 0.00, 100.00, 0.00, 2.25, 0, 0 
1, 76833, 34391049, 0.00, 100.00, 0.00, 2.25, 0, 0 
2, 76833, 35589948, 0.00, 100.00, 0.00, 2.25, 0, 0 
3, 76833, 36815006, 0.00, 100.00, 0.00, 2.25, 0, 0 
4, 76833, 38014089, 0.00, 100.00, 0.00, 2.25, 0, 0 
5, 76833, 39006212, 0.00, 100.00, 0.00, 2.25, 0, 0 
6, 76833, 40063260, 0.00, 100.00, 0.00, 2.25, 0, 0 
7, 76833, 41093240, 0.00, 100.00, 0.00, 2.25, 0, 0 
8, 76833, 42113068, 0.00, 100.00, 0.00, 2.25, 0, 0 
9, 76833, 43066836, 0.00, 100.00, 0.00, 2.25, 0, 0 
0, 76833, 44162622, 0.00, 100.00, 0.00, 2.25, 0, 0 
1, 76833, 45457550, 0.00, 100.00, 0.00, 2.25, 0, 0 
2, 76833, 46595269, 0.00, 100.00, 0.00, 2.25, 0, 0 
3, 76833, 47629801, 0.00, 100.00, 0.00, 2.25, 0, 0 
4, 76833, 48772756, 0.00, 100.00, 0.00, 2.25, 0, 0 
5, 76833, 49951932, 0.00, 100.00, 0.00, 2.25, 0, 0 
6, 76833, 51161604, 0.00, 100.00, 0.00, 2.25, 0, 0 
7, 76833, 52341664, 0.00, 100.00, 0.00, 2.25, 0, 0 
8, 76833, 53492905, 0.00, 100.00, 0.00, 2.25, 0, 0 
9, 76833, 54603028, 0.00, 100.00, 0.00, 2.25, 0, 0 
0, 76833, 55873751, 0.00, 100.00, 0.00, 2.25, 0, 0 
1, 76833, 57309741, 0.00, 100.00, 0.00, 2.25, 0, 0 
2, 76833, 58281237, 0.00, 100.00, 0.00, 2.25, 0, 0 
3, 76833, 59132783, 0.00, 100.00, 0.00, 2.25, 0, 0 
4, 76833, 60072593, 0.00, 100.00, 0.00, 2.25, 0, 0 
5, 76833, 61144798, 0.00, 100.00, 0.00, 2.25, 0, 0 
6, 76833, 62166849, 0.00, 100.00, 0.00, 2.25, 0, 0 
7, 76833, 63093190, 0.00, 100.00, 0.00, 2.25, 0, 0 
8, 76833, 63995033, 0.00, 100.00, 0.00, 2.25, 0, 0 
9, 76833, 64978508, 0.00, 100.00, 0.00, 2.25, 0, 0 
0, 76833, 65909016, 0.00, 100.00, 0.00, 2.25, 0, 0 
1, 76833, 66821302, 0.00, 100.00, 0.00, 2.25, 0, 0 
2, 76833, 67815857, 0.00, 100.00, 0.00, 2.25, 0, 0 
3, 76833, 68778685, 0.00, 100.00, 0.00, 2.25, 0, 0 
4, 76833, 69763186, 0.00, 100.00, 0.00, 2.25, 0, 0 
5, 76833, 70663262, 0.00, 100.00, 0.00, 2.25, 0, 0 
6, 76833, 71535465, 0.00, 100.00, 0.00, 2.25, 0, 0 
7, 76833, 72391956, 0.00, 100.00, 0.00, 2.25, 0, 0 
8, 76833, 73318611, 0.00, 100.00, 0.00, 2.25, 0, 0 
9, 76833, 74088995, 0.00, 100.00, 0.00, 2.25, 0, 0 
0, 76833, 74796486, 0.00, 100.00, 0.00, 2.25, 0, 0 
1, 76833, 75513813, 0.00, 100.00, 0.00, 2.25, 0, 0 
2, 76833, 76289241, 0.00, 100.00, 0.00, 2.25, 0, 0 
3, 76833, 77021474, 0.00, 100.00, 0.00, 2.25, 0, 0 
4, 76833, 77699492, 0.00, 100.00, 0.00, 2.25, 0, 0 
5, 76833, 78406071, 0.00, 100.00, 0.00, 2.25, 0, 0 
6, 76833, 78992771, 0.00, 100.00, 0.00, 2.25, 0, 0 
7, 76833, 79588828, 0.00, 100.00, 0.00, 2.25, 0, 0 
8, 76833, 80237704, 0.00, 100.00, 0.00, 2.25, 0, 0 
9, 76833, 80852647, 0.00, 100.00, 0.00, 2.25, 0, 0 
0, 76833, 81507667, 0.00, 100.00, 0.00, 2.25, 0, 0 
1, 76833, 82136195, 0.00, 100.00, 0.00, 2.25, 0, 0 
2, 76833, 82742112, 0.00, 100.00, 0.00, 2.25, 0, 0 
3, 76833, 83385734, 0.00, 100.00, 0.00, 2.25, 0, 0 
4, 76833, 83969014, 0.00, 100.00, 0.00, 2.25, 0, 0 
5, 76833, 84560974, 0.00, 100.00, 0.00, 2.25, 0, 0 
6, 76833, 85137994, 0.00, 100.00, 0.00, 2.25, 0, 0 
7, 76833, 85841258, 0.00, 100.00, 0.00, 2.25, 0, 0 
8, 76833, 86556620, 0.00, 100.00, 0.00, 2.25, 0, 0 
9, 76833, 87148359, 0.00, 100.00, 0.00, 2.25, 0, 0 
0, 76833, 87890601, 0.00, 100.00, 0.00, 2.25, 0, 0 
1, 76833, 88547706, 0.00, 100.00, 0.00, 2.25, 0, 0 
2, 76833, 89308064, 0.00, 100.00, 0.00, 2.25, 0, 0 
3, 76833, 89890899, 0.00, 100.00, 0.00, 2.25, 0, 0 
4, 76833, 90606853, 0.00, 100.00, 0.00, 2.25, 0, 0 
5, 76833, 91287386, 0.00, 100.00, 0.00, 2.25, 0, 0 
6, 76833, 91942234, 0.00, 100.00, 0.00, 2.25, 0, 0 
7, 76833, 92627083, 0.00, 100.00, 0.00, 2.25, 0, 0 
8, 76833, 93307713, 0.00, 100.00, 0.00, 2.25, 0, 0 
9, 76833, 94116695, 0.00, 100.00, 0.00, 2.25, 0, 0 
0, 76833, 94983743, 0.00, 100.00, 0.00, 2.25, 0, 0 
1, 76833, 95800237, 0.00, 100.00, 0.00, 2.25, 0, 0 
2, 76833, 96502372, 0.00, 100.00, 0.00, 2.25, 0, 0 
3, 76833, 97114230, 0.00, 100.00, 0.00, 2.25, 0, 0 
4, 76833, 97944284, 0.00, 100.00, 0.00, 2.25, 0, 0 
5, 76833, 98788838, 0.00, 100.00, 0.00, 2.25, 0, 0 
6, 76833, 99676697, 0.00, 100.00, 0.00, 2.25, 0, 0 
7, 76833, 100509816, 0.00, 100.00, 0.00, 2.25, 0, 0 
8, 76833, 101058992, 0.00, 100.00, 0.00, 2.25, 0, 0 
9, 76833, 101756203, 0.00, 100.00, 0.00, 2.25, 0, 0 
0, 76833, 102646906, 0.00, 100.00, 0.00, 2.25, 0, 0 
1, 76833, 103491542, 0.00, 100.00, 0.00, 2.25, 0, 0 
2, 76833, 104181728, 0.00, 100.00, 0.00, 2.25, 0, 0 
3, 76833, 104783835, 0.00, 100.00, 0.00, 2.25, 0, 0 
4, 76833, 105634385, 0.00, 100.00, 0.00, 2.25, 0, 0 
5, 76833, 106421586, 0.00, 100.00, 0.00, 2.25, 0, 0 
6, 76833, 107275824, 0.00, 100.00, 0.00, 2.25, 0, 0 
7, 76833, 107841318, 0.00, 100.00, 0.00, 2.25, 0, 0 
8, 76833, 108410785, 0.00, 100.00, 0.00, 2.25, 0, 0 
9, 76833, 109134313, 0.00, 100.00, 0.00, 2.25, 0, 0 
0, 76833, 110065042, 0.00, 100.00, 0.00, 2.25, 0, 0 
1, 76833, 110800288, 0.00, 100.00, 0.00, 2.25, 0, 0 
2, 76833, 111726660, 0.00, 100.00, 0.00, 2.25, 0, 0 
3, 76833, 112442491, 0.00, 100.00, 0.00, 2.25, 0, 0 
4, 76833, 113068646, 0.00, 100.00, 0.00, 2.25, 0, 0 
5, 76833, 113656290, 0.00, 100.00, 0.00, 2.25, 0, 0 
6, 76833, 114328226, 0.00, 100.00, 0.00, 2.25, 0, 0 
7, 76833, 115080939, 0.00, 100.00, 0.00, 2.25, 0, 0 
8, 76833, 115690957, 0.00, 100.00, 0.00, 2.25, 0, 0 
9, 76833, 116304050, 0.00, 100.00, 0.00, 2.25, 0, 0 
0, 76833, 117109636, 0.00, 100.00, 0.00, 2.25, 0, 0 
1, 76833, 117779261, 0.00, 100.00, 0.00, 2.25, 0, 0 
2, 76833, 118490754, 0.00, 100.00, 0.00, 2.25, 0, 0 
3, 76833, 119255894, 0.00, 100.00, 0.00, 2.25, 0, 0 
4, 76833, 119806058, 0.00, 100.00, 0.00, 2.25, 0, 0 
5, 76833, 120396907, 0.00, 100.00, 0.00, 2.25, 0, 0 
6, 76833, 121204929, 0.00, 100.00, 0.00, 2.25, 0, 0 
7, 76833, 122124636, 0.00, 100.00, 0.00, 2.25, 0, 0 
8, 76833, 122874734, 0.00, 100.00, 0.00, 2.25, 0, 0 
9, 76833, 123578427, 0.00, 100.00, 0.00, 2.25, 0, 0 
0, 76833, 124506762, 0.00, 100.00, 0.00, 2.25, 0, 0 
1, 76833, 125304713, 0.00, 100.00, 0.00, 2.25, 0, 0 
2, 76833, 126010706, 0.00, 100.00, 0.00, 2.25, 0, 0 
3, 76833, 126894289, 0.00, 100.00, 0.00, 2.25, 0, 0 
4, 76833, 127773537, 0.00, 100.00, 0.00, 2.25, 0, 0 
5, 76833, 128587919, 0.00, 100.00, 0.00, 2.25, 0, 0 
6, 76833, 129541255, 0.00, 100.00, 0.00, 2.25, 0, 0 
7, 76833, 130068584, 0.00, 100.00, 0.00, 2.25, 0, 0 
8, 76833, 130798426, 0.00, 100.00, 0.00, 2.25, 0, 0 
9, 76833, 131340952, 0.00, 100.00, 0.00, 2.25, 0, 0 
0, 76833, 132061033, 0.00, 100.00, 0.00, 2.25, 0, 0 
1, 76833, 132757418, 0.00, 100.00, 0.00, 2.25, 0, 0 
2, 76833, 133665979, 0.00, 100.00, 0.00, 2.25, 0, 0 
3, 76833, 134313474, 0.00, 100.00, 0.00, 2.25, 0, 0 
4, 76833, 134920499, 0.00, 100.00, 0.00, 2.25, 0, 0 
5, 76833, 135753562, 0.00, 100.00, 0.00, 2.25, 0, 0 
6, 76833, 136455495, 0.00, 100.00, 0.00, 2.25, 0, 0 
7, 76833, 137376264, 0.00, 100.00, 0.00, 2.25, 0, 0 
8, 76833, 138307487, 0.00, 100.00, 0.00, 2.25, 0, 0 
9, 76833, 139239402, 0.00, 100.00, 0.00, 2.25, 0, 0 
0, 76833, 140015582, 0.00, 100.00, 0.00, 2.25, 0, 0 
1, 76833, 140639172, 0.00, 100.00, 0.00, 2.25, 0, 0 
2, 76833, 141422777, 0.00, 100.00, 0.00, 2.25, 0, 0 
3, 76833, 142263565, 0.00, 100.00, 0.00, 2.25, 0, 0 
4, 76833, 143165063, 0.00, 100.00, 0.00, 2.25, 0, 0 
5, 76833, 144081621, 0.00, 100.00, 0.00, 2.25, 0, 0 
6, 76833, 144788585, 0.00, 100.00, 0.00, 2.25, 0, 0 
7, 76833, 145705720, 0.00, 100.00, 0.00, 2.25, 0, 0 
8, 76833, 146620673, 0.00, 100.00, 0.00, 2.25, 0, 0 
9, 76833, 147537284, 0.00, 100.00, 0.00, 2.25, 0, 0 
0, 76833, 148475353, 0.00, 100.00, 0.00, 2.25, 0, 0 
1, 76833, 149310708, 0.00, 100.00, 0.00, 2.25, 0, 0 
2, 76833, 149926063, 0.00, 100.00, 0.00, 2.25, 0, 0 
3, 76833, 150803662, 0.00, 100.00, 0.00, 2.25, 0, 0 
4, 76833, 151502938, 0.00, 100.00, 0.00, 2.25, 0, 0 
5, 76833, 152424579, 0.00, 100.00, 0.00, 2.25, 0, 0 
6, 76833, 153042164, 0.00, 100.00, 0.00, 2.25, 0, 0 
7, 76833, 153688319, 0.00, 100.00, 0.00, 2.25, 0, 0 
8, 76833, 154594549, 0.00, 100.00, 0.00, 2.25, 0, 0 
9, 76833, 155265879, 0.00, 100.00, 0.00, 2.25, 0, 0 
0, 76833, 156078071, 0.00, 100.00, 0.00, 2.25, 0, 0 
1, 76833, 156903800, 0.00, 100.00, 0.00, 2.25, 0, 0 
2, 76833, 157640242, 0.00, 100.00, 0.00, 2.25, 0, 0 
3, 76833, 158266321, 0.00, 100.00, 0.00, 2.25, 0, 0 
4, 76833, 159157268, 0.00, 100.00, 0.00, 2.25, 0, 0 
5, 76833, 159736827, 0.00, 100.00, 0.00, 2.25, 0, 0 
6, 76833, 160328063, 0.00, 100.00, 0.00, 2.25, 0, 0 
7, 76833, 160961020, 0.00, 100.00, 0.00, 2.25, 0, 0 
8, 76833, 161642776, 0.00, 100.00, 0.00, 2.25, 0, 0 
9, 76833, 162422076, 0.00, 100.00, 0.00, 2.25, 0, 0 
0, 76833, 163178982, 0.00, 100.00, 0.00, 2.25, 0, 0 
1, 76833, 163852994, 0.00, 100.00, 0.00, 2.25, 0, 0 
2, 76833, 164465793, 0.00, 100.00, 0.00, 2.25, 0, 0 
3, 76833, 165286819, 0.00, 100.00, 0.00, 2.25, 0, 0 
4, 76833, 166032826, 0.00, 100.00, 0.00, 2.25, 0, 0 
5, 76833, 166715363, 0.00, 100.00, 0.00, 2.25, 0, 0 
6, 76833, 167526061, 0.00, 100.00, 0.00, 2.25, 0, 0 
7, 76833, 168341140, 0.00, 100.00, 0.00, 2.25, 0, 0 
8, 76833, 169071600, 0.00, 100.00, 0.00, 2.25, 0, 0 
9, 76833, 169689699, 0.00, 100.00, 0.00, 2.25, 0, 0 
0, 76833, 170516951, 0.00, 100.00, 0.00, 2.25, 0, 0 
1, 76833, 171260103, 0.00, 100.00, 0.00, 2.25, 0, 0 
2, 76833, 171976407, 0.00, 100.00, 0.00, 2.25, 0, 0 
3, 76833, 172762421, 0.00, 100.00, 0.00, 2.25, 0, 0 
4, 76833, 173331306, 0.00, 100.00, 0.00, 2.25, 0, 0 
5, 76833, 174044919, 0.00, 100.00, 0.00, 2.25, 0, 0 
6, 76833, 174683453, 0.00, 100.00, 0.00, 2.25, 0, 0 
7, 76833, 175353658, 0.00, 100.00, 0.00, 2.25, 0, 0 
8, 76833, 175919478, 0.00, 100.00, 0.00, 2.25, 0, 0 
9, 76833, 176549286, 0.00, 100.00, 0.00, 2.25, 0, 0 
0, 76833, 177135254, 0.00, 100.00, 0.00, 2.25, 0, 0 
1, 76833, 177727518, 0.00, 100.00, 0.00, 2.25, 0, 0 
2, 76833, 178402134, 0.00, 100.00, 0.00, 2.25, 0, 0 
3, 76833, 179185262, 0.00, 100.00, 0.00, 2.25, 0, 0 
4, 76833, 179794271, 0.00, 100.00, 0.00, 2.25, 0, 0 
5, 76833, 180579803, 0.00, 100.00, 0.00, 2.25, 0, 0 
6, 76833, 181183750, 0.00, 100.00, 0.00, 2.25, 0, 0 
7, 76833, 181964728, 0.00, 100.00, 0.00, 2.25, 0, 0 
8, 76833, 182546931, 0.00, 100.00, 0.00, 2.25, 0, 0 
9, 76833, 183291415, 0.00, 100.00, 0.00, 2.25, 0, 0 
0, 76833, 184098530, 0.00, 100.00, 0.00, 2.25, 0, 0 
1, 76833, 184838437, 0.00, 100.00, 0.00, 2.25, 0, 0 
2, 76833, 185535653, 0.00, 100.00, 0.00, 2.25, 0, 0 
3, 76833, 186149095, 0.00, 100.00, 0.00, 2.25, 0, 0 
4, 76833, 186717630, 0.00, 100.00, 0.00, 2.25, 0, 0 
5, 76833, 187387654, 0.00, 100.00, 0.00, 2.25, 0, 0 
6, 76833, 187972529, 0.00, 100.00, 0.00, 2.25, 0, 0 
7, 76833, 188544305, 0.00, 100.00, 0.00, 2.25, 0, 0 
8, 76833, 189114896, 0.00, 100.00, 0.00, 2.25, 0, 0 
9, 76833, 189855208, 0.00, 100.00, 0.00, 2.25, 0, 0 
0, 76833, 190649373, 0.00, 100.00, 0.00, 2.25, 0, 0 
1, 76833, 191274552, 0.00, 100.00, 0.00, 2.25, 0, 0 
2, 76833, 191895799, 0.00, 100.00, 0.00, 2.25, 0, 0 
3, 76833, 192571469, 0.00, 100.00, 0.00, 2.25, 0, 0 
4, 76833, 193165320, 0.00, 100.00, 0.00, 2.25, 0, 0 
5, 76833, 193795336, 0.00, 100.00, 0.00, 2.25, 0, 0 
6, 76833, 194427849, 0.00, 100.00, 0.00, 2.25, 0, 0 
7, 76833, 195061619, 0.00, 100.00, 0.00, 2.25, 0, 0 
8, 76833, 195696068, 0.00, 100.00, 0.00, 2.25, 0, 0 
9, 76833, 196329488, 0.00, 100.00, 0.00, 2.25, 0, 0 
0, 76833, 196976670, 0.00, 100.00, 0.00, 2.25, 0, 0 
1, 76833, 197611074, 0.00, 100.00, 0.00, 2.25, 0, 0 
2, 76833, 198225898, 0.00, 100.00, 0.00, 2.25, 0, 0 
3, 76833, 198852104, 0.00, 100.00, 0.00, 2.25, 0, 0 
4, 76833, 199478701, 0.00, 100.00, 0.00, 2.25, 0, 0 
5, 76833, 200173621, 0.00, 100.00, 0.00, 2.25, 0, 0 
6, 76833, 200797860, 0.00, 100.00, 0.00, 2.25, 0, 0 
7, 76833, 201491746, 0.00, 100.00, 0.00, 2.25, 0, 0 
8, 76833, 202173933, 0.00, 100.00, 0.00, 2.25, 0, 0 
9, 76833, 202713876, 0.00, 100.00, 0.00, 2.25, 0, 0 
0, 76833, 203356618, 0.00, 100.00, 0.00, 2.25, 0, 0 
1, 76833, 203961812, 0.00, 100.00, 0.00, 2.25, 0, 0 
2, 76833, 204590458, 0.00, 100.00, 0.00, 2.25, 0, 0 
3, 76833, 205352921, 0.00, 100.00, 0.00, 2.25, 0, 0 
4, 76833, 206116386, 0.00, 100.00, 0.00, 2.25, 0, 0 
5, 76833, 206829737, 0.00, 100.00, 0.00, 2.25, 0, 0 
6, 76833, 207387620, 0.00, 100.00, 0.00, 2.25, 0, 0 
7, 76833, 208070456, 0.00, 100.00, 0.00, 2.25, 0, 0 
8, 76833, 208634312, 0.00, 100.00, 0.00, 2.25, 0, 0 
9, 76833, 209292645, 0.00, 100.00, 0.00, 2.25, 0, 0 
0, 76833, 210106974, 0.00, 100.00, 0.00, 2.25, 0, 0 
1, 76833, 210670537, 0.00, 100.00, 0.00, 2.25, 0, 0 
2, 76833, 211364799, 0.00, 100.00, 0.00, 2.25, 0, 0 
3, 76833, 211931233, 0.00, 100.00, 0.00, 2.25, 0, 0 
4, 76833, 212626854, 0.00, 100.00, 0.00, 2.25, 0, 0 
5, 76833, 213209029, 0.00, 100.00, 0.00, 2.25, 0, 0 
6, 76833, 213951947, 0.00, 100.00, 0.00, 2.25, 0, 0 
7, 76833, 214727203, 0.00, 100.00, 0.00, 2.25, 0, 0 
8, 76833, 215514079, 0.00, 100.00, 0.00, 2.25, 0, 0 
9, 76833, 216307128, 0.00, 100.00, 0.00, 2.25, 0, 0 
0, 76833, 217100876, 0.00, 100.00, 0.00, 2.25, 0, 0 
1, 76833, 217690434, 0.00, 100.00, 0.00, 2.25, 0, 0 
2, 76833, 218424612, 0.00, 100.00, 0.00, 2.25, 0, 0 
3, 76833, 219165676, 0.00, 100.00, 0.00, 2.25, 0, 0 
4, 76833, 219764784, 0.00, 100.00, 0.00, 2.25, 0, 0 
5, 76833, 220371760, 0.00, 100.00, 0.00, 2.25, 0, 0 
6, 76833, 221007172, 0.00, 100.00, 0.00, 2.25, 0, 0 
7, 76833, 221662384, 0.00, 100.00, 0.00, 2.25, 0, 0 
8, 76833, 222395456, 0.00, 100.00, 0.00, 2.25, 0, 0 
9, 76833, 223013440, 0.00, 100.00, 0.00, 2.25, 0, 0 
0, 76833, 223661153, 0.00, 100.00, 0.00, 2.25, 0, 0 
1, 76833, 224246855, 0.00, 100.00, 0.00, 2.25, 0, 0 
2, 76833, 224942021, 0.00, 100.00, 0.00, 2.25, 0, 0 
3, 76833, 225660784, 0.00, 100.00, 0.00, 2.25, 0, 0 
4, 76833, 226285220, 0.00, 100.00, 0.00, 2.25, 0, 0 
5, 76833, 226913168, 0.00, 100.00, 0.00, 2.25, 0, 0 
6, 76833, 227545089, 0.00, 100.00, 0.00, 2.25, 0, 0 
7, 76833, 228181707, 0.00, 100.00, 0.00, 2.25, 0, 0 
8, 76833, 228813515, 0.00, 100.00, 0.00, 2.25, 0, 0 
9, 76833, 229445485, 0.00, 100.00, 0.00, 2.25, 0, 0 
0, 76833, 230094668, 0.00, 100.00, 0.00, 2.25, 0, 0 
1, 76833, 230733472, 0.00, 100.00, 0.00, 2.25, 0, 0 
2, 76833, 231337634, 0.00, 100.00, 0.00, 2.25, 0, 0 
3, 76833, 231954976, 0.00, 100.00, 0.00, 2.25, 0, 0 
4, 76833, 232568047, 0.00, 100.00, 0.00, 2.25, 0, 0 
5, 76833, 233253782, 0.00, 100.00, 0.00, 2.25, 0, 0 
6, 76833, 233851365, 0.00, 100.00, 0.00, 2.25, 0, 0 
7, 76833, 234648737, 0.00, 100.00, 0.00, 2.25, 0, 0 
8, 76833, 235253334, 0.00, 100.00, 0.00, 2.25, 0, 0 
9, 76833, 235880787, 0.00, 100.00, 0.00, 2.25, 0, 0 
0, 76833, 236539724, 0.00, 100.00, 0.00, 2.25, 0, 0 
1, 76833, 237160994, 0.00, 100.00, 0.00, 2.25, 0, 0 
2, 76833, 237717217, 0.00, 100.00, 0.00, 2.25, 0, 0 
3, 76833, 238370694, 0.00, 100.00, 0.00, 2.25, 0, 0 
4, 76833, 239157463, 0.00, 100.00, 0.00, 2.25, 0, 0 
5, 76833, 239945256, 0.00, 100.00, 0.00, 2.25, 0, 0 
6, 76833, 240733253, 0.00, 100.00, 0.00, 2.25, 0, 0 
7, 76833, 241361689, 0.00, 100.00, 0.00, 2.25, 0, 0 
8, 76833, 241980972, 0.00, 100.00, 0.00, 2.25, 0, 0 
9, 76833, 242557631, 0.00, 100.00, 0.00, 2.25, 0, 0 
0, 76833, 243320537, 0.00, 100.00, 0.00, 2.25, 0, 0 
1, 76833, 244064298, 0.00, 100.00, 0.00, 2.25, 0, 0 
2, 76833, 244801092, 0.00, 100.00, 0.00, 2.25, 0, 0 
3, 76833, 245485374, 0.00, 100.00, 0.00, 2.25, 0, 0 
4, 76833, 246135676, 0.00, 100.00, 0.00, 2.25, 0, 0 
5, 76833, 246773638, 0.00, 100.00, 0.00, 2.25, 0, 0 
6, 76833, 247443152, 0.00, 100.00, 0.00, 2.25, 0, 0 
7, 76833, 248121902, 0.00, 100.00, 0.00, 2.25, 0, 0 
8, 76833, 248775357, 0.00, 100.00, 0.00, 2.25, 0, 0 
9, 76833, 249441331, 0.00, 100.00, 0.00, 2.25, 0, 0 
0, 76833, 250177706, 0.00, 100.00, 0.00, 2.25, 0, 0 
1, 76833, 250757067, 0.00, 100.00, 0.00, 2.25, 0, 0 
2, 76833, 251415403, 0.00, 100.00, 0.00, 2.25, 0, 0 
3, 76833, 252184374, 0.00, 100.00, 0.00, 2.25, 0, 0 
4, 76833, 252970848, 0.00, 100.00, 0.00, 2.25, 0, 0 
5, 76833, 253731642, 0.00, 100.00, 0.00, 2.25, 0, 0 
6, 76833, 254522747, 0.00, 100.00, 0.00, 2.25, 0, 0 
7, 76833, 255318172, 0.00, 100.00, 0.00, 2.25, 0, 0 
8, 76833, 255910780, 0.00, 100.00, 0.00, 2.25, 0, 0 
9, 76833, 256701654, 0.00, 100.00, 0.00, 2.25, 0, 0 
0, 76833, 257280399, 0.00, 100.00, 0.00, 2.25, 0, 0 
1, 76833, 257900626, 0.00, 100.00, 0.00, 2.25, 0, 0 
2, 76833, 258564275, 0.00, 100.00, 0.00, 2.25, 0, 0 
3, 76833, 259242840, 0.00, 100.00, 0.00, 2.25, 0, 0 
4, 76833, 259889122, 0.00, 100.00, 0.00, 2.25, 0, 0 
5, 76833, 260558381, 0.00, 100.00, 0.00, 2.25, 0, 0 
6, 76833, 261319391, 0.00, 100.00, 0.00, 2.25, 0, 0 
7, 76833, 262119967, 0.00, 100.00, 0.00, 2.25, 0, 0 
8, 76833, 262817196, 0.00, 100.00, 0.00, 2.25, 0, 0 
9, 76833, 263442996, 0.00, 100.00, 0.00, 2.25, 0, 0 
0, 76833, 264079064, 0.00, 100.00, 0.00, 2.25, 0, 0 
1, 76833, 264645748, 0.00, 100.00, 0.00, 2.25, 0, 0 
2, 76833, 265253575, 0.00, 100.00, 0.00, 2.25, 0, 0 
3, 76833, 265950526, 0.00, 100.00, 0.00, 2.25, 0, 0 
4, 76833, 266515179, 0.00, 100.00, 0.00, 2.25, 0, 0 
5, 76833, 267203568, 0.00, 100.00, 0.00, 2.25, 0, 0 
6, 76833, 267768504, 0.00, 100.00, 0.00, 2.25, 0, 0 
7, 76833, 268444757, 0.00, 100.00, 0.00, 2.25, 0, 0 
8, 76833, 269027542, 0.00, 100.00, 0.00, 2.25, 0, 0 
9, 76833, 269693162, 0.00, 100.00, 0.00, 2.25, 0, 0 
0, 76833, 270289590, 0.00, 100.00, 0.00, 2.25, 0, 0 
1, 76833, 271007763, 0.00, 100.00, 0.00, 2.25, 0, 0 
2, 76833, 271752818, 0.00, 100.00, 0.00, 2.25, 0, 0 
3, 76833, 272328900, 0.00, 100.00, 0.00, 2.25, 0, 0 
4, 76833, 273122503, 0.00, 100.00, 0.00, 2.25, 0, 0 
5, 76833, 273703949, 0.00, 100.00, 0.00, 2.25, 0, 0 
6, 76833, 274443668, 0.00, 100.00, 0.00, 2.25, 0, 0 
7, 76833, 275213199, 0.00, 100.00, 0.00, 2.25, 0, 0 
8, 76833, 275994198, 0.00, 100.00, 0.00, 2.25, 0, 0 
9, 76833, 276700061, 0.00, 100.00, 0.00, 2.25, 0, 0 
0, 76833, 277382198, 0.00, 100.00, 0.00, 2.25, 0, 0 
1, 76833, 278119628, 0.00, 100.00, 0.00, 2.25, 0, 0 
2, 76833, 278850414, 0.00, 100.00, 0.00, 2.25, 0, 0 
3, 76833, 279459906, 0.00, 100.00, 0.00, 2.25, 0, 0 
4, 76833, 280252875, 0.00, 100.00, 0.00, 2.25, 0, 0 
5, 76833, 280853980, 0.00, 100.00, 0.00, 2.25, 0, 0 
6, 76833, 281442870, 0.00, 100.00, 0.00, 2.25, 0, 0 
7, 76833, 282123333, 0.00, 100.00, 0.00, 2.25, 0, 0 
8, 76833, 282695680, 0.00, 100.00, 0.00, 2.25, 0, 0 
9, 76833, 283459933, 0.00, 100.00, 0.00, 2.25, 0, 0 
0, 76833, 284125591, 0.00, 100.00, 0.00, 2.25, 0, 0 
1, 76833, 284771095, 0.00, 100.00, 0.00, 2.25, 0, 0 
2, 76833, 285367031, 0.00, 100.00, 0.00, 2.25, 0, 0 
3, 76833, 286039184, 0.00, 100.00, 0.00, 2.25, 0, 0 
4, 76833, 286616841, 0.00, 100.00, 0.00, 2.25, 0, 0 
5, 76833, 287307085, 0.00, 100.00, 0.00, 2.25, 0, 0 
6, 76833, 287871916, 0.00, 100.00, 0.00, 2.25, 0, 0 
7, 76833, 288537211, 0.00, 100.00, 0.00, 2.25, 0, 0 
8, 76833, 289261692, 0.00, 100.00, 0.00, 2.25, 0, 0 
9, 76833, 289915503, 0.00, 100.00, 0.00, 2.25, 0, 0 
0, 76833, 290693254, 0.00, 100.00, 0.00, 2.25, 0, 0 
1, 76833, 291417944, 0.00, 100.00, 0.00, 2.25, 0, 0 
2, 76833, 292091113, 0.00, 100.00, 0.00, 2.25, 0, 0 
3, 76833, 292660760, 0.00, 100.00, 0.00, 2.25, 0, 0 
4, 76833, 293366677, 0.00, 100.00, 0.00, 2.25, 0, 0 
5, 76833, 293972253, 0.00, 100.00, 0.00, 2.25, 0, 0 
6, 76833, 294771216, 0.00, 100.00, 0.00, 2.25, 0, 0 
7, 76833, 295414759, 0.00, 100.00, 0.00, 2.25, 0, 0 
8, 76833, 296084364, 0.00, 100.00, 0.00, 2.25, 0, 0 
9, 76833, 296871407, 0.00, 100.00, 0.00, 2.25, 0, 0 
0, 76833, 297684930, 0.00, 100.00, 0.00, 2.25, 0, 0 
1, 76833, 298241480, 0.00, 100.00, 0.00, 2.25, 0, 0 
2, 76833, 298939650, 0.00, 100.00, 0.00, 2.25, 0, 0 
3, 76833, 299519763, 0.00, 100.00, 0.00, 2.25, 0, 0 
4, 76833, 300267690, 0.00, 100.00, 0.00, 2.25, 0, 0 
5, 76833, 301042235, 0.00, 100.00, 0.00, 2.25, 0, 0 
6, 76833, 301695720, 0.00, 100.00, 0.00, 2.25, 0, 0 
7, 76833, 302391562, 0.00, 100.00, 0.00, 2.25, 0, 0 
8, 76833, 302972165, 0.00, 100.00, 0.00, 2.25, 0, 0 
9, 76833, 303609291, 0.00, 100.00, 0.00, 2.25, 0, 0 
0, 76833, 304202006, 0.00, 100.00, 0.00, 2.25, 0, 0 
1, 76833, 304819994, 0.00, 100.00, 0.00, 2.25, 0, 0 
2, 76833, 305451551, 0.00, 100.00, 0.00, 2.25, 0, 0 
3, 76833, 306155353, 0.00, 100.00, 0.00, 2.25, 0, 0 
4, 76833, 306770862, 0.00, 100.00, 0.00, 2.25, 0, 0 
5, 76833, 307337206, 0.00, 100.00, 0.00, 2.25, 0, 0 
6, 76833, 308037985, 0.00, 100.00, 0.00, 2.25, 0, 0 
7, 76833, 308626290, 0.00, 100.00, 0.00, 2.25, 0, 0 
8, 76833, 309368056, 0.00, 100.00, 0.00, 2.25, 0, 0 
9, 76833, 310067207, 0.00, 100.00, 0.00, 2.25, 0, 0 
0, 76833, 310720720, 0.00, 100.00, 0.00, 2.25, 0, 0 
1, 76833, 311328899, 0.00, 100.00, 0.00, 2.25, 0, 0 
2, 76833, 312031986, 0.00, 100.00, 0.00, 2.25, 0, 0 
3, 76833, 312719736, 0.00, 100.00, 0.00, 2.25, 0, 0 
4, 76833, 313403930, 0.00, 100.00, 0.00, 2.25, 0, 0 
5, 76833, 313984063, 0.00, 100.00, 0.00, 2.25, 0, 0 
6, 76833, 314675849, 0.00, 100.00, 0.00, 2.25, 0, 0 
7, 76833, 315473295, 0.00, 100.00, 0.00, 2.25, 0, 0 
8, 76833, 316044421, 0.00, 100.00, 0.00, 2.25, 0, 0 
9, 76833, 316790068, 0.00, 100.00, 0.00, 2.25, 0, 0 
0, 76833, 317650838, 0.00, 100.00, 0.00, 2.25, 0, 0 
1, 76833, 318369091, 0.00, 100.00, 0.00, 2.25, 0, 0 
2, 76833, 318944621, 0.00, 100.00, 0.00, 2.25, 0, 0 
3, 76833, 319661007, 0.00, 100.00, 0.00, 2.25, 0, 0 
4, 76833, 320320325, 0.00, 100.00, 0.00, 2.25, 0, 0 
5, 76833, 321076325, 0.00, 100.00, 0.00, 2.25, 0, 0 
6, 76833, 321821165, 0.00, 100.00, 0.00, 2.25, 0, 0 
7, 76833, 322494097, 0.00, 100.00, 0.00, 2.25, 0, 0 
8, 76833, 323299178, 0.00, 100.00, 0.00, 2.25, 0, 0 
9, 76833, 323907793, 0.00, 100.00, 0.00, 2.25, 0, 0 
0, 76833, 324543823, 0.00, 100.00, 0.00, 2.25, 0, 0 
1, 76833, 325416747, 0.00, 100.00, 0.00, 2.25, 0, 0 
2, 76833, 326079553, 0.00, 100.00, 0.00, 2.25, 0, 0 
3, 76833, 326699755, 0.00, 100.00, 0.00, 2.25, 0, 0 
4, 76833, 327481334, 0.00, 100.00, 0.00, 2.25, 0, 0 
5, 76833, 328069999, 0.00, 100.00, 0.00, 2.25, 0, 0 
6, 76833, 328776423, 0.00, 100.00, 0.00, 2.25, 0, 0 
7, 76833, 329394860, 0.00, 100.00, 0.00, 2.25, 0, 0 
8, 76833, 330201681, 0.00, 100.00, 0.00, 2.25, 0, 0 
9, 76833, 330926918, 0.00, 100.00, 0.00, 2.25, 0, 0 
0, 76833, 331527291, 0.00, 100.00, 0.00, 2.25, 0, 0 
1, 76833, 332273755, 0.00, 100.00, 0.00, 2.25, 0, 0 
2, 76833, 333023032, 0.00, 100.00, 0.00, 2.25, 0, 0 
3, 76833, 333812288, 0.00, 100.00, 0.00, 2.25, 0, 0 
4, 76833, 334606817, 0.00, 100.00, 0.00, 2.25, 0, 0 
5, 76833, 335185826, 0.00, 100.00, 0.00, 2.25, 0, 0 
6, 76833, 335930638, 0.00, 100.00, 0.00, 2.25, 0, 0 
7, 76833, 336708029, 0.00, 100.00, 0.00, 2.25, 0, 0 
8, 76833, 337464095, 0.00, 100.00, 0.00, 2.25, 0, 0 
9, 76833, 338252781, 0.00, 100.00, 0.00, 2.25, 0, 0 
0, 76833, 339050123, 0.00, 100.00, 0.00, 2.25, 0, 0 
1, 76833, 339803532, 0.00, 100.00, 0.00, 2.25, 0, 0 
2, 76833, 340559175, 0.00, 100.00, 0.00, 2.25, 0, 0 
3, 76833, 341357584, 0.00, 100.00, 0.00, 2.25, 0, 0 
4, 76833, 342074339, 0.00, 100.00, 0.00, 2.25, 0, 0 
5, 76833, 342873140, 0.00, 100.00, 0.00, 2.25, 0, 0 
6, 76833, 343664277, 0.00, 100.00, 0.00, 2.25, 0, 0 
7, 76833, 344384116, 0.00, 100.00, 0.00, 2.25, 0, 0 
8, 76833, 345081588, 0.00, 100.00, 0.00, 2.25, 0, 0 
9, 76833, 345688999, 0.00, 100.00, 0.00, 2.25, 0, 0 
0, 76833, 346362216, 0.00, 100.00, 0.00, 2.25, 0, 0 
1, 76833, 347029880, 0.00, 100.00, 0.00, 2.25, 0, 0 
2, 76833, 347667307, 0.00, 100.00, 0.00, 2.25, 0, 0 
3, 76833, 348345005, 0.00, 100.00, 0.00, 2.25, 0, 0 
4, 76833, 348941967, 0.00, 100.00, 0.00, 2.25, 0, 0 
5, 76833, 349528538, 0.00, 100.00, 0.00, 2.25, 0, 0 
6, 76833, 350110215, 0.00, 100.00, 0.00, 2.25, 0, 0 
7, 76833, 350689353, 0.00, 100.00, 0.00, 2.25, 0, 0 
8, 76833, 351322121, 0.00, 100.00, 0.00, 2.25, 0, 0 
9, 76833, 351952468, 0.00, 100.00, 0.00, 2.25, 0, 0 
0, 76833, 352613736, 0.00, 100.00, 0.00, 2.25, 0, 0 
1, 76833, 353212444, 0.00, 100.00, 0.00, 2.25, 0, 0 
2, 76833, 353827984, 0.00, 100.00, 0.00, 2.25, 0, 0 
3, 76833, 354505515, 0.00, 100.00, 0.00, 2.25, 0, 0 
4, 76833, 355085580, 0.00, 100.00, 0.00, 2.25, 0, 0 
5, 76833, 355704539, 0.00, 100.00, 0.00, 2.25, 0, 0 
6, 76833, 356445055, 0.00, 100.00, 0.00, 2.25, 0, 0 
7, 76833, 357193951, 0.00, 100.00, 0.00, 2.25, 0, 0 
8, 76833, 357816965, 0.00, 100.00, 0.00, 2.25, 0, 0 
9, 76833, 358465672, 0.00, 100.00, 0.00, 2.25, 0, 0 
0, 76833, 359149581, 0.00, 100.00, 0.00, 2.25, 0, 0 
1, 76833, 359882851, 0.00, 100.00, 0.00, 2.25, 0, 0 
2, 76833, 360553455, 0.00, 100.00, 0.00, 2.25, 0, 0 
3, 76833, 361339570, 0.00, 100.00, 0.00, 2.25, 0, 0 
4, 76833, 361963658, 0.00, 100.00, 0.00, 2.25, 0, 0 
5, 76833, 362551933, 0.00, 100.00, 0.00, 2.25, 0, 0 
6, 76833, 363160120, 0.00, 100.00, 0.00, 2.25, 0, 0 
7, 76833, 363956972, 0.00, 100.00, 0.00, 2.25, 0, 0 
8, 76833, 364713381, 0.00, 100.00, 0.00, 2.25, 0, 0 
9, 76833, 365407536, 0.00, 100.00, 0.00, 2.25, 0, 0 
0, 76833, 366048763, 0.00, 100.00, 0.00, 2.25, 0, 0 
1, 76833, 366662308, 0.00, 100.00, 0.00, 2.25, 0, 0 
2, 76833, 367234262, 0.00, 100.00, 0.00, 2.25, 0, 0 
3, 76833, 367972122, 0.00, 100.00, 0.00, 2.25, 0, 0 
4, 76833, 368613328, 0.00, 100.00, 0.00, 2.25, 0, 0 
5, 76833, 369392173, 0.00, 100.00, 0.00, 2.25, 0, 0 
6, 76833, 370184403, 0.00, 100.00, 0.00, 2.25, 0, 0 
7, 76833, 370791398, 0.00, 100.00, 0.00, 2.25, 0, 0 
8, 76833, 371572666, 0.00, 100.00, 0.00, 2.25, 0, 0 
9, 76833, 372159908, 0.00, 100.00, 0.00, 2.25, 0, 0 
0, 76833, 372737738, 0.00, 100.00, 0.00, 2.25, 0, 0 
1, 76833, 373362043, 0.00, 100.00, 0.00, 2.25, 0, 0 
2, 76833, 374050972, 0.00, 100.00, 0.00, 2.25, 0, 0 
3, 76833, 374843999, 0.00, 100.00, 0.00, 2.25, 0, 0 
4, 76833, 375560317, 0.00, 100.00, 0.00, 2.25, 0, 0 
5, 76833, 376218452, 0.00, 100.00, 0.00, 2.25, 0, 0 
6, 76833, 376801293, 0.00, 100.00, 0.00, 2.25, 0, 0 
7, 76833, 377582689, 0.00, 100.00, 0.00, 2.25, 0, 0 
8, 76833, 378273323, 0.00, 100.00, 0.00, 2.25, 0, 0 
9, 76833, 378881906, 0.00, 100.00, 0.00, 2.25, 0, 0 
0, 76833, 379543420, 0.00, 100.00, 0.00, 2.25, 0, 0 
1, 76833, 380095928, 0.00, 100.00, 0.00, 2.25, 0, 0 
2, 76833, 380811688, 0.00, 100.00, 0.00, 2.25, 0, 0 
3, 76833, 381503594, 0.00, 100.00, 0.00, 2.25, 0, 0 
4, 76833, 382291437, 0.00, 100.00, 0.00, 2.25, 0, 0 
5, 76833, 383080895, 0.00, 100.00, 0.00, 2.25, 0, 0 
6, 76833, 383705307, 0.00, 100.00, 0.00, 2.25, 0, 0 
7, 76833, 384291159, 0.00, 100.00, 0.00, 2.25, 0, 0 
8, 76833, 385079520, 0.00, 100.00, 0.00, 2.25, 0, 0 
9, 76833, 385873432, 0.00, 100.00, 0.00, 2.25, 0, 0 
0, 76833, 386529207, 0.00, 100.00, 0.00, 2.25, 0, 0 
1, 76833, 387202260, 0.00, 100.00, 0.00, 2.25, 0, 0 
2, 76833, 387977612, 0.00, 100.00, 0.00, 2.25, 0, 0 
3, 76833, 388742565, 0.00, 100.00, 0.00, 2.25, 0, 0 
4, 76833, 389538952, 0.00, 100.00, 0.00, 2.25, 0, 0 
5, 76833, 390323725, 0.00, 100.00, 0.00, 2.25, 0, 0 
6, 76833, 390905404, 0.00, 100.00, 0.00, 2.25, 0, 0 
7, 76833, 391621575, 0.00, 100.00, 0.00, 2.25, 0, 0 
8, 76833, 392270883, 0.00, 100.00, 0.00, 2.25, 0, 0 
9, 76833, 392967009, 0.00, 100.00, 0.00, 2.25, 0, 0 
0, 76833, 393592211, 0.00, 100.00, 0.00, 2.25, 0, 0 
1, 76833, 394207827, 0.00, 100.00, 0.00, 2.25, 0, 0 
2, 76833, 394816952, 0.00, 100.00, 0.00, 2.25, 0, 0 
3, 76833, 395403110, 0.00, 100.00, 0.00, 2.25, 0, 0 
4, 76833, 396018095, 0.00, 100.00, 0.00, 2.25, 0, 0 
5, 76833, 396623216, 0.00, 100.00, 0.00, 2.25, 0, 0 
6, 76833, 397188366, 0.00, 100.00, 0.00, 2.25, 0, 0 
7, 76833, 397785632, 0.00, 100.00, 0.00, 2.25, 0, 0 
8, 76833, 398398072, 0.00, 100.00, 0.00, 2.25, 0, 0 
9, 76833, 399074291, 0.00, 100.00, 0.00, 2.25, 0, 0 
0, 76833, 399821918, 0.00, 100.00, 0.00, 2.25, 0, 0 
1, 76833, 400423274, 0.00, 100.00, 0.00, 2.25, 0, 0 
2, 76833, 401023780, 0.00, 100.00, 0.00, 2.25, 0, 0 
3, 76833, 401632894, 0.00, 100.00, 0.00, 2.25, 0, 0 
4, 76833, 402211159, 0.00, 100.00, 0.00, 2.25, 0, 0 
5, 76833, 402799792, 0.00, 100.00, 0.00, 2.25, 0, 0 
6, 76833, 403394493, 0.00, 100.00, 0.00, 2.25, 0, 0 
7, 76833, 404108498, 0.00, 100.00, 0.00, 2.25, 0, 0 
8, 76833, 404747323, 0.00, 100.00, 0.00, 2.25, 0, 0 
9, 76833, 405321526, 0.00, 100.00, 0.00, 2.25, 0, 0 
0, 76833, 406047509, 0.00, 100.00, 0.00, 2.25, 0, 0 
1, 76833, 406681726, 0.00, 100.00, 0.00, 2.25, 0, 0 
2, 76833, 407308497, 0.00, 100.00, 0.00, 2.25, 0, 0 
3, 76833, 407981056, 0.00, 100.00, 0.00, 2.25, 0, 0 
4, 76833, 408600986, 0.00, 100.00, 0.00, 2.25, 0, 0 
5, 76833, 409330659, 0.00, 100.00, 0.00, 2.25, 0, 0 
6, 76833, 410049648, 0.00, 100.00, 0.00, 2.25, 0, 0 
7, 76833, 410829050, 0.00, 100.00, 0.00, 2.25, 0, 0 
8, 76833, 411461157, 0.00, 100.00, 0.00, 2.25, 0, 0 
9, 76833, 412082444, 0.00, 100.00, 0.00, 2.25, 0, 0 
0, 76833, 412678599, 0.00, 100.00, 0.00, 2.25, 0, 0 
1, 76833, 413405472, 0.00, 100.00, 0.00, 2.25, 0, 0 
2, 76833, 414143212, 0.00, 100.00, 0.00, 2.25, 0, 0 
3, 76833, 414848808, 0.00, 100.00, 0.00, 2.25, 0, 0 
4, 76833, 415645037, 0.00, 100.00, 0.00, 2.25, 0, 0 
5, 76833, 416252040, 0.00, 100.00, 0.00, 2.25, 0, 0 
6, 76833, 417022629, 0.00, 100.00, 0.00, 2.25, 0, 0 
7, 76833, 417646827, 0.00, 100.00, 0.00, 2.25, 0, 0 
8, 76833, 418205848, 0.00, 100.00, 0.00, 2.25, 0, 0 
9, 76833, 418866206, 0.00, 100.00, 0.00, 2.25, 0, 0 
0, 76833, 419678889, 0.00, 100.00, 0.00, 2.25, 0, 0 
1, 76833, 420244696, 0.00, 100.00, 0.00, 2.25, 0, 0 
2, 76833, 420914544, 0.00, 100.00, 0.00, 2.25, 0, 0 
3, 76833, 421688366, 0.00, 100.00, 0.00, 2.25, 0, 0 
4, 76833, 422488969, 0.00, 100.00, 0.00, 2.25, 0, 0 
5, 76833, 423116501, 0.00, 100.00, 0.00, 2.25, 0, 0 
6, 76833, 423733948, 0.00, 100.00, 0.00, 2.25, 0, 0 
7, 76833, 424375365, 0.00, 100.00, 0.00, 2.25, 0, 0 
8, 76833, 425054158, 0.00, 100.00, 0.00, 2.25, 0, 0 
9, 76833, 425658919, 0.00, 100.00, 0.00, 2.25, 0, 0 
0, 76833, 426253064, 0.00, 100.00, 0.00, 2.25, 0, 0 
1, 76833, 426842721, 0.00, 100.00, 0.00, 2.25, 0, 0 
2, 76833, 427594760, 0.00, 100.00, 0.00, 2.25, 0, 0 
3, 76833, 428222149, 0.00, 100.00, 0.00, 2.25, 0, 0 
4, 76833, 428829651, 0.00, 100.00, 0.00, 2.25, 0, 0 
5, 76833, 429407311, 0.00, 100.00, 0.00, 2.25, 0, 0 
6, 76833, 429984908, 0.00, 100.00, 0.00, 2.25, 0, 0 
7, 76833, 430650480, 0.00, 100.00, 0.00, 2.25, 0, 0 
8, 76833, 431218067, 0.00, 100.00, 0.00, 2.25, 0, 0 
9, 76833, 431844490, 0.00, 100.00, 0.00, 2.25, 0, 0 
0, 76833, 432481162, 0.00, 100.00, 0.00, 2.25, 0, 0 
1, 76833, 433031631, 0.00, 100.00, 0.00, 2.25, 0, 0 
2, 76833, 433655459, 0.00, 100.00, 0.00, 2.25, 0, 0 
3, 76833, 434242682, 0.00, 100.00, 0.00, 2.25, 0, 0 
4, 76833, 434904251, 0.00, 100.00, 0.00, 2.25, 0, 0 
5, 76833, 435518797, 0.00, 100.00, 0.00, 2.25, 0, 0 
6, 76833, 436120420, 0.00, 100.00, 0.00, 2.25, 0, 0 
7, 76833, 436724890, 0.00, 100.00, 0.00, 2.25, 0, 0 
8, 76833, 437428088, 0.00, 100.00, 0.00, 2.25, 0, 0 
9, 76833, 438231097, 0.00, 100.00, 0.00, 2.25, 0, 0 
0, 76833, 438823430, 0.00, 100.00, 0.00, 2.25, 0, 0 
1, 76833, 439411138, 0.00, 100.00, 0.00, 2.25, 0, 0 
2, 76833, 440068369, 0.00, 100.00, 0.00, 2.25, 0, 0 
3, 76833, 440706047, 0.00, 100.00, 0.00, 2.25, 0, 0 
4, 76833, 441423385, 0.00, 100.00, 0.00, 2.25, 0, 0 
5, 76833, 442076568, 0.00, 100.00, 0.00, 2.25, 0, 0 
6, 76833, 442653527, 0.00, 100.00, 0.00, 2.25, 0, 0 
7, 76833, 443279809, 0.00, 100.00, 0.00, 2.25, 0, 0 
8, 76833, 444009959, 0.00, 100.00, 0.00, 2.25, 0, 0 
9, 76833, 444617768, 0.00, 100.00, 0.00, 2.25, 0, 0 
0, 76833, 445427775, 0.00, 100.00, 0.00, 2.25, 0, 0 
1, 76833, 446076831, 0.00, 100.00, 0.00, 2.25, 0, 0 
2, 76833, 446813445, 0.00, 100.00, 0.00, 2.25, 0, 0 
3, 76833, 447454839, 0.00, 100.00, 0.00, 2.25, 0, 0 
4, 76833, 448133013, 0.00, 100.00, 0.00, 2.25, 0, 0 
5, 76833, 448916090, 0.00, 100.00, 0.00, 2.25, 0, 0 
6, 76833, 449583031, 0.00, 100.00, 0.00, 2.25, 0, 0 
7, 76833, 450161647, 0.00, 100.00, 0.00, 2.25, 0, 0 
8, 76833, 450902885, 0.00, 100.00, 0.00, 2.25, 0, 0 
9, 76833, 451671687, 0.00, 100.00, 0.00, 2.25, 0, 0 
0, 76833, 452384352, 0.00, 100.00, 0.00, 2.25, 0, 0 
1, 76833, 452943191, 0.00, 100.00, 0.00, 2.25, 0, 0 
2, 76833, 453622083, 0.00, 100.00, 0.00, 2.25, 0, 0 
3, 76833, 454369657, 0.00, 100.00, 0.00, 2.25, 0, 0 
4, 76833, 455144295, 0.00, 100.00, 0.00, 2.25, 0, 0 
5, 76833, 455948426, 0.00, 100.00, 0.00, 2.25, 0, 0 
6, 76833, 456537047, 0.00, 100.00, 0.00, 2.25, 0, 0 
7, 76833, 457180808, 0.00, 100.00, 0.00, 2.25, 0, 0 
8, 76833, 457785430, 0.00, 100.00, 0.00, 2.25, 0, 0 
9, 76833, 458415913, 0.00, 100.00, 0.00, 2.25, 0, 0 
0, 76833, 459068969, 0.00, 100.00, 0.00, 2.25, 0, 0 
1, 76833, 459695326, 0.00, 100.00, 0.00, 2.25, 0, 0 
2, 76833, 460315659, 0.00, 100.00, 0.00, 2.25, 0, 0 
3, 76833, 460945421, 0.00, 100.00, 0.00, 2.25, 0, 0 
4, 76833, 461573626, 0.00, 100.00, 0.00, 2.25, 0, 0 
5, 76833, 462158794, 0.00, 100.00, 0.00, 2.25, 0, 0 
6, 76833, 462749593, 0.00, 100.00, 0.00, 2.25, 0, 0 
7, 76833, 463318122, 0.00, 100.00, 0.00, 2.25, 0, 0 
8, 76833, 463950494, 0.00, 100.00, 0.00, 2.25, 0, 0 
9, 76833, 464581827, 0.00, 100.00, 0.00, 2.25, 0, 0 
0, 76833, 465175153, 0.00, 100.00, 0.00, 2.25, 0, 0 
1, 76833, 465750294, 0.00, 100.00, 0.00, 2.25, 0, 0 
2, 76833, 466322661, 0.00, 100.00, 0.00, 2.25, 0, 0 
3, 76833, 467012364, 0.00, 100.00, 0.00, 2.25, 0, 0 
4, 76833, 467624407, 0.00, 100.00, 0.00, 2.25, 0, 0 
5, 76833, 468247469, 0.00, 100.00, 0.00, 2.25, 0, 0 
6, 76833, 468813437, 0.00, 100.00, 0.00, 2.25, 0, 0 
7, 76833, 469513271, 0.00, 100.00, 0.00, 2.25, 0, 0 
8, 76833, 470068422, 0.00, 100.00, 0.00, 2.25, 0, 0 
9, 76833, 470706989, 0.00, 100.00, 0.00, 2.25, 0, 0 
0, 76833, 471406900, 0.00, 100.00, 0.00, 2.25, 0, 0 
1, 76833, 471981165, 0.00, 100.00, 0.00, 2.25, 0, 0 
2, 76833, 472559048, 0.00, 100.00, 0.00, 2.25, 0, 0 
3, 76833, 473146567, 0.00, 100.00, 0.00, 2.25, 0, 0 
4, 76833, 473714927, 0.00, 100.00, 0.00, 2.25, 0, 0 
5, 76833, 474378311, 0.00, 100.00, 0.00, 2.25, 0, 0 
6, 76833, 475046492, 0.00, 100.00, 0.00, 2.25, 0, 0 
7, 76833, 475646307, 0.00, 100.00, 0.00, 2.25, 0, 0 
8, 76833, 476196378, 0.00, 100.00, 0.00, 2.25, 0, 0 
9, 76833, 476812877, 0.00, 100.00, 0.00, 2.25, 0, 0 
0, 76833, 477500362, 0.00, 100.00, 0.00, 2.25, 0, 0 
1, 76833, 478257031, 0.00, 100.00, 0.00, 2.25, 0, 0 
2, 76833, 479006558, 0.00, 100.00, 0.00, 2.25, 0, 0 
3, 76833, 479797184, 0.00, 100.00, 0.00, 2.25, 0, 0 
4, 76833, 480593442, 0.00, 100.00, 0.00, 2.25, 0, 0 
5, 76833, 481397376, 0.00, 100.00, 0.00, 2.25, 0, 0 
6, 76833, 482085233, 0.00, 100.00, 0.00, 2.25, 0, 0 
7, 76833, 482877130, 0.00, 100.00, 0.00, 2.25, 0, 0 
8, 76833, 483651687, 0.00, 100.00, 0.00, 2.25, 0, 0 
9, 76833, 484278683, 0.00, 100.00, 0.00, 2.25, 0, 0 
0, 76833, 484941745, 0.00, 100.00, 0.00, 2.25, 0, 0 
1, 76833, 485498237, 0.00, 100.00, 0.00, 2.25, 0, 0 
2, 76833, 486249891, 0.00, 100.00, 0.00, 2.25, 0, 0 
3, 76833, 487041330, 0.00, 100.00, 0.00, 2.25, 0, 0 
4, 76833, 487807383, 0.00, 100.00, 0.00, 2.25, 0, 0 
5, 76833, 488594266, 0.00, 100.00, 0.00, 2.25, 0, 0 
6, 76833, 489207242, 0.00, 100.00, 0.00, 2.25, 0, 0 
7, 76833, 490000678, 0.00, 100.00, 0.00, 2.25, 0, 0 
8, 76833, 490642706, 0.00, 100.00, 0.00, 2.25, 0, 0 
9, 76833, 491326401, 0.00, 100.00, 0.00, 2.25, 0, 0 
0, 76833, 492147397, 0.00, 100.00, 0.00, 2.25, 0, 0 
1, 76833, 492753048, 0.00, 100.00, 0.00, 2.25, 0, 0 
2, 76833, 493490505, 0.00, 100.00, 0.00, 2.25, 0, 0 
3, 76833, 494282786, 0.00, 100.00, 0.00, 2.25, 0, 0 
4, 76833, 495080223, 0.00, 100.00, 0.00, 2.25, 0, 0 
5, 76833, 495645166, 0.00, 100.00, 0.00, 2.25, 0, 0 
6, 76833, 496322156, 0.00, 100.00, 0.00, 2.25, 0, 0 
7, 76833, 497122735, 0.00, 100.00, 0.00, 2.25, 0, 0 
8, 76833, 497829218, 0.00, 100.00, 0.00, 2.25, 0, 0 
9, 76833, 498587339, 0.00, 100.00, 0.00, 2.25, 0, 0 
0, 76833, 499405956, 0.00, 100.00, 0.00, 2.25, 0, 0 
1, 76833, 500037351, 0.00, 100.00, 0.00, 2.25, 0, 0 
2, 76833, 500682350, 0.00, 100.00, 0.00, 2.25, 0, 0 
3, 76833, 501391851, 0.00, 100.00, 0.00, 2.25, 0, 0 
4, 76833, 501975269, 0.00, 100.00, 0.00, 2.25, 0, 0 
5, 76833, 502529419, 0.00, 100.00, 0.00, 2.25, 0, 0 
6, 76833, 503097702, 0.00, 100.00, 0.00, 2.25, 0, 0 
7, 76833, 503809873, 0.00, 100.00, 0.00, 2.25, 0, 0 
8, 76833, 504456162, 0.00, 100.00, 0.00, 2.25, 0, 0 
9, 76833, 505159782, 0.00, 100.00, 0.00, 2.25, 0, 0 
0, 76833, 505962085, 0.00, 100.00, 0.00, 2.25, 0, 0 
1, 76833, 506545660, 0.00, 100.00, 0.00, 2.25, 0, 0 
2, 76833, 507173643, 0.00, 100.00, 0.00, 2.25, 0, 0 
3, 76833, 507819436, 0.00, 100.00, 0.00, 2.25, 0, 0 
4, 76833, 508571130, 0.00, 100.00, 0.00, 2.25, 0, 0 
5, 76833, 509239563, 0.00, 100.00, 0.00, 2.25, 0, 0 
6, 76833, 509865811, 0.00, 100.00, 0.00, 2.25, 0, 0 
7, 76833, 510455985, 0.00, 100.00, 0.00, 2.25, 0, 0 
8, 76833, 511243275, 0.00, 100.00, 0.00, 2.25, 0, 0 
9, 76833, 512049072, 0.00, 100.00, 0.00, 2.25, 0, 0 
0, 76833, 512702838, 0.00, 100.00, 0.00, 2.25, 0, 0 
1, 76833, 513285146, 0.00, 100.00, 0.00, 2.25, 0, 0 
2, 76833, 513897276, 0.00, 100.00, 0.00, 2.25, 0, 0 
3, 76833, 514697840, 0.00, 100.00, 0.00, 2.25, 0, 0 
4, 76833, 515388536, 0.00, 100.00, 0.00, 2.25, 0, 0 
5, 76833, 516188324, 0.00, 100.00, 0.00, 2.25, 0, 0 
6, 76833, 516989759, 0.00, 100.00, 0.00, 2.25, 0, 0 
7, 76833, 517693646, 0.00, 100.00, 0.00, 2.25, 0, 0 
8, 76833, 518496570, 0.00, 100.00, 0.00, 2.25, 0, 0 
9, 76833, 519106823, 0.00, 100.00, 0.00, 2.25, 0, 0 
0, 76833, 519923973, 0.00, 100.00, 0.00, 2.25, 0, 0 
1, 76833, 520533687, 0.00, 100.00, 0.00, 2.25, 0, 0 
2, 76833, 521195761, 0.00, 100.00, 0.00, 2.25, 0, 0 
3, 76833, 521828726, 0.00, 100.00, 0.00, 2.25, 0, 0 
4, 76833, 522416157, 0.00, 100.00, 0.00, 2.25, 0, 0 
5, 76833, 523082974, 0.00, 100.00, 0.00, 2.25, 0, 0 
6, 76833, 523886719, 0.00, 100.00, 0.00, 2.25, 0, 0 
7, 76833, 524638397, 0.00, 100.00, 0.00, 2.25, 0, 0 
8, 76833, 525250839, 0.00, 100.00, 0.00, 2.25, 0, 0 
9, 76833, 525898621, 0.00, 100.00, 0.00, 2.25, 0, 0 
0, 76833, 526701282, 0.00, 100.00, 0.00, 2.25, 0, 0 
1, 76833, 527270831, 0.00, 100.00, 0.00, 2.25, 0, 0 
2, 76833, 527989879, 0.00, 100.00, 0.00, 2.25, 0, 0 
3, 76833, 528660303, 0.00, 100.00, 0.00, 2.25, 0, 0 
4, 76833, 529363759, 0.00, 100.00, 0.00, 2.25, 0, 0 
5, 76833, 529989736, 0.00, 100.00, 0.00, 2.25, 0, 0 
6, 76833, 530594253, 0.00, 100.00, 0.00, 2.25, 0, 0 
7, 76833, 531405416, 0.00, 100.00, 0.00, 2.25, 0, 0 
8, 76833, 532209820, 0.00, 100.00, 0.00, 2.25, 0, 0 
9, 76833, 532877516, 0.00, 100.00, 0.00, 2.25, 0, 0 
0, 76833, 533658134, 0.00, 100.00, 0.00, 2.25, 0, 0 
1, 76833, 534348838, 0.00, 100.00, 0.00, 2.25, 0, 0 
2, 76833, 535011554, 0.00, 100.00, 0.00, 2.25, 0, 0 
3, 76833, 535686480, 0.00, 100.00, 0.00, 2.25, 0, 0 
4, 76833, 536491262, 0.00, 100.00, 0.00, 2.25, 0, 0 
5, 76833, 537047685, 0.00, 100.00, 0.00, 2.25, 0, 0 
6, 76833, 537612694, 0.00, 100.00, 0.00, 2.25, 0, 0 
7, 76833, 538202951, 0.00, 100.00, 0.00, 2.25, 0, 0 
8, 76833, 538993690, 0.00, 100.00, 0.00, 2.25, 0, 0 
9, 76833, 539695426, 0.00, 100.00, 0.00, 2.25, 0, 0 
0, 76833, 540378026, 0.00, 100.00, 0.00, 2.25, 0, 0 
1, 76833, 540993621, 0.00, 100.00, 0.00, 2.25, 0, 0 
2, 76833, 541608364, 0.00, 100.00, 0.00, 2.25, 0, 0 
3, 76833, 542389623, 0.00, 100.00, 0.00, 2.25, 0, 0 
4, 76833, 543019452, 0.00, 100.00, 0.00, 2.25, 0, 0 
5, 76833, 543754557, 0.00, 100.00, 0.00, 2.25, 0, 0 
6, 76833, 544445725, 0.00, 100.00, 0.00, 2.25, 0, 0 
7, 76833, 545016977, 0.00, 100.00, 0.00, 2.25, 0, 0 
8, 76833, 545586792, 0.00, 100.00, 0.00, 2.25, 0, 0 
9, 76833, 546179692, 0.00, 100.00, 0.00, 2.25, 0, 0 
0, 76833, 546789348, 0.00, 100.00, 0.00, 2.25, 0, 0 
1, 76833, 547357643, 0.00, 100.00, 0.00, 2.25, 0, 0 
2, 76833, 548053525, 0.00, 100.00, 0.00, 2.25, 0, 0 
3, 76833, 548828423, 0.00, 100.00, 0.00, 2.25, 0, 0 
4, 76833, 549626113, 0.00, 100.00, 0.00, 2.25, 0, 0 
5, 76833, 550247806, 0.00, 100.00, 0.00, 2.25, 0, 0 
6, 76833, 550825385, 0.00, 100.00, 0.00, 2.25, 0, 0 
7, 76833, 551579316, 0.00, 100.00, 0.00, 2.25, 0, 0 
8, 76833, 552391644, 0.00, 100.00, 0.00, 2.25, 0, 0 
9, 76833, 552994961, 0.00, 100.00, 0.00, 2.25, 0, 0 
0, 76833, 553788154, 0.00, 100.00, 0.00, 2.25, 0, 0 
1, 76833, 554365688, 0.00, 100.00, 0.00, 2.25, 0, 0 
2, 76833, 554960930, 0.00, 100.00, 0.00, 2.25, 0, 0 
3, 76833, 555674252, 0.00, 100.00, 0.00, 2.25, 0, 0 
4, 76833, 556431437, 0.00, 100.00, 0.00, 2.25, 0, 0 
5, 76833, 557224023, 0.00, 100.00, 0.00, 2.25, 0, 0 
6, 76833, 557850657, 0.00, 100.00, 0.00, 2.25, 0, 0 
7, 76833, 558458233, 0.00, 100.00, 0.00, 2.25, 0, 0 
8, 76833, 559253455, 0.00, 100.00, 0.00, 2.25, 0, 0 
9, 76833, 559887866, 0.00, 100.00, 0.00, 2.25, 0, 0 
0, 76833, 560543667, 0.00, 100.00, 0.00, 2.25, 0, 0 
1, 76833, 561215360, 0.00, 100.00, 0.00, 2.25, 0, 0 
2, 76833, 561955141, 0.00, 100.00, 0.00, 2.25, 0, 0 
3, 76833, 562730865, 0.00, 100.00, 0.00, 2.25, 0, 0 
4, 76833, 563483303, 0.00, 100.00, 0.00, 2.25, 0, 0 
5, 76833, 564217485, 0.00, 100.00, 0.00, 2.25, 0, 0 
6, 76833, 564819033, 0.00, 100.00, 0.00, 2.25, 0, 0 
7, 76833, 565391941, 0.00, 100.00, 0.00, 2.25, 0, 0 
8, 76833, 566152667, 0.00, 100.00, 0.00, 2.25, 0, 0 
9, 76833, 566940164, 0.00, 100.00, 0.00, 2.25, 0, 0 
0, 76833, 567749638, 0.00, 100.00, 0.00, 2.25, 0, 0 
1, 76833, 568345229, 0.00, 100.00, 0.00, 2.25, 0, 0 
2, 76833, 569039610, 0.00, 100.00, 0.00, 2.25, 0, 0 
3, 76833, 569783485, 0.00, 100.00, 0.00, 2.25, 0, 0 
4, 76833, 570442045, 0.00, 100.00, 0.00, 2.25, 0, 0 
5, 76833, 571195233, 0.00, 100.00, 0.00, 2.25, 0, 0 
6, 76833, 571916226, 0.00, 100.00, 0.00, 2.25, 0, 0 
7, 76833, 572708783, 0.00, 100.00, 0.00, 2.25, 0, 0 
8, 76833, 573423123, 0.00, 100.00, 0.00, 2.25, 0, 0 
9, 76833, 574161210, 0.00, 100.00, 0.00, 2.25, 0, 0 
0, 76833, 574751681, 0.00, 100.00, 0.00, 2.25, 0, 0 
1, 76833, 575371767, 0.00, 100.00, 0.00, 2.25, 0, 0 
2, 76833, 576052552, 0.00, 100.00, 0.00, 2.25, 0, 0 
3, 76833, 576758905, 0.00, 100.00, 0.00, 2.25, 0, 0 
4, 76833, 577431806, 0.00, 100.00, 0.00, 2.25, 0, 0 
5, 76833, 578229341, 0.00, 100.00, 0.00, 2.25, 0, 0 
6, 76833, 579038008, 0.00, 100.00, 0.00, 2.25, 0, 0 
7, 76833, 579666552, 0.00, 100.00, 0.00, 2.25, 0, 0 
8, 76833, 580257526, 0.00, 100.00, 0.00, 2.25, 0, 0 
9, 76833, 581067834, 0.00, 100.00, 0.00, 2.25, 0, 0 
0, 76833, 581724645, 0.00, 100.00, 0.00, 2.25, 0, 0 
1, 76833, 582410486, 0.00, 100.00, 0.00, 2.25, 0, 0 
2, 76833, 583168884, 0.00, 100.00, 0.00, 2.25, 0, 0 
3, 76833, 583971794, 0.00, 100.00, 0.00, 2.25, 0, 0 
4, 76833, 584541377, 0.00, 100.00, 0.00, 2.25, 0, 0 
5, 76833, 585092782, 0.00, 100.00, 0.00, 2.25, 0, 0 
6, 76833, 585654479, 0.00, 100.00, 0.00, 2.25, 0, 0 
7, 76833, 586341578, 0.00, 100.00, 0.00, 2.25, 0, 0 
8, 76833, 586914472, 0.00, 100.00, 0.00, 2.25, 0, 0 
9, 76833, 587627679, 0.00, 100.00, 0.00, 2.25, 0, 0 
0, 76833, 588306722, 0.00, 100.00, 0.00, 2.25, 0, 0 
1, 76833, 589057567, 0.00, 100.00, 0.00, 2.25, 0, 0 
2, 76833, 589829771, 0.00, 100.00, 0.00, 2.25, 0, 0 
3, 76833, 590538519, 0.00, 100.00, 0.00, 2.25, 0, 0 
4, 76833, 591167868, 0.00, 100.00, 0.00, 2.25, 0, 0 
5, 76833, 591819988, 0.00, 100.00, 0.00, 2.25, 0, 0 
6, 76833, 592496905, 0.00, 100.00, 0.00, 2.25, 0, 0 
7, 76833, 593176212, 0.00, 100.00, 0.00, 2.25, 0, 0 
8, 76833, 593803403, 0.00, 100.00, 0.00, 2.25, 0, 0 
9, 76833, 594601431, 0.00, 100.00, 0.00, 2.25, 0, 0 
0, 76833, 595257264, 0.00, 100.00, 0.00, 2.25, 0, 0 
1, 76833, 595830953, 0.00, 100.00, 0.00, 2.25, 0, 0 
2, 76833, 596417850, 0.00, 100.00, 0.00, 2.25, 0, 0 
3, 76833, 597125675, 0.00, 100.00, 0.00, 2.25, 0, 0 
4, 76833, 597694888, 0.00, 100.00, 0.00, 2.25, 0, 0 
5, 76833, 598323849, 0.00, 100.00, 0.00, 2.25, 0, 0 
6, 76833, 598910037, 0.00, 100.00, 0.00, 2.25, 0, 0 
7, 76833, 599514684, 0.00, 100.00, 0.00, 2.25, 0, 0 
8, 76833, 600115382, 0.00, 100.00, 0.00, 2.25, 0, 0 
9, 76833, 600699811, 0.00, 100.00, 0.00, 2.25, 0, 0 
0, 76833, 601363507, 0.00, 100.00, 0.00, 2.25, 0, 0 
1, 76833, 601956264, 0.00, 100.00, 0.00, 2.25, 0, 0 
2, 76833, 602564777, 0.00, 100.00, 0.00, 2.25, 0, 0 
3, 76833, 603363537, 0.00, 100.00, 0.00, 2.25, 0, 0 
4, 76833, 603930194, 0.00, 100.00, 0.00, 2.25, 0, 0 
5, 76833, 604504973, 0.00, 100.00, 0.00, 2.25, 0, 0 
6, 76833, 605105314, 0.00, 100.00, 0.00, 2.25, 0, 0 
7, 76833, 605736317, 0.00, 100.00, 0.00, 2.25, 0, 0 
8, 76833, 606370823, 0.00, 100.00, 0.00, 2.25, 0, 0 
9, 76833, 606950219, 0.00, 100.00, 0.00, 2.25, 0, 0 
0, 76833, 607607003, 0.00, 100.00, 0.00, 2.25, 0, 0 
1, 76833, 608220045, 0.00, 100.00, 0.00, 2.25, 0, 0 
2, 76833, 608827545, 0.00, 100.00, 0.00, 2.25, 0, 0 
3, 76833, 609421938, 0.00, 100.00, 0.00, 2.25, 0, 0 
4, 76833, 610092738, 0.00, 100.00, 0.00, 2.25, 0, 0 
5, 76833, 610860516, 0.00, 100.00, 0.00, 2.25, 0, 0 
6, 76833, 611648613, 0.00, 100.00, 0.00, 2.25, 0, 0 
7, 76833, 612252782, 0.00, 100.00, 0.00, 2.25, 0, 0 
8, 76833, 613042911, 0.00, 100.00, 0.00, 2.25, 0, 0 
9, 76833, 613823003, 0.00, 100.00, 0.00, 2.25, 0, 0 
0, 76833, 614476976, 0.00, 100.00, 0.00, 2.25, 0, 0 
1, 76833, 615065237, 0.00, 100.00, 0.00, 2.25, 0, 0 
2, 76833, 615703242, 0.00, 100.00, 0.00, 2.25, 0, 0 
3, 76833, 616443471, 0.00, 100.00, 0.00, 2.25, 0, 0 
4, 76833, 617224397, 0.00, 100.00, 0.00, 2.25, 0, 0 
5, 76833, 618010783, 0.00, 100.00, 0.00, 2.25, 0, 0 
6, 76833, 618805406, 0.00, 100.00, 0.00, 2.25, 0, 0 
7, 76833, 619482715, 0.00, 100.00, 0.00, 2.25, 0, 0 
8, 76833, 620276845, 0.00, 100.00, 0.00, 2.25, 0, 0 
9, 76833, 620929611, 0.00, 100.00, 0.00, 2.25, 0, 0 
0, 76833, 621562948, 0.00, 100.00, 0.00, 2.25, 0, 0 
1, 76833, 622150682, 0.00, 100.00, 0.00, 2.25, 0, 0 
2, 76833, 622915183, 0.00, 100.00, 0.00, 2.25, 0, 0 
3, 76833, 623711633, 0.00, 100.00, 0.00, 2.25, 0, 0 
4, 76833, 624549517, 0.00, 100.00, 0.00, 2.25, 0, 0 
5, 76833, 625148821, 0.00, 100.00, 0.00, 2.25, 0, 0 
6, 76833, 625740907, 0.00, 100.00, 0.00, 2.25, 0, 0 
7, 76833, 626308011, 0.00, 100.00, 0.00, 2.25, 0, 0 
8, 76833, 626965867, 0.00, 100.00, 0.00, 2.25, 0, 0 
9, 76833, 627737107, 0.00, 100.00, 0.00, 2.25, 0, 0 
0, 76833, 628537132, 0.00, 100.00, 0.00, 2.25, 0, 0 
1, 76833, 629278925, 0.00, 100.00, 0.00, 2.25, 0, 0 
2, 76833, 630044409, 0.00, 100.00, 0.00, 2.25, 0, 0 
3, 76833, 630832277, 0.00, 100.00, 0.00, 2.25, 0, 0 
4, 76833, 631628986, 0.00, 100.00, 0.00, 2.25, 0, 0 
5, 76833, 632229974, 0.00, 100.00, 0.00, 2.25, 0, 0 
6, 76833, 633020638, 0.00, 100.00, 0.00, 2.25, 0, 0 
7, 76833, 633620819, 0.00, 100.00, 0.00, 2.25, 0, 0 
8, 76833, 634411866, 0.00, 100.00, 0.00, 2.25, 0, 0 
9, 76833, 634978479, 0.00, 100.00, 0.00, 2.25, 0, 0 
0, 76833, 635567161, 0.00, 100.00, 0.00, 2.25, 0, 0 
1, 76833, 636175799, 0.00, 100.00, 0.00, 2.25, 0, 0 
2, 76833, 636732187, 0.00, 100.00, 0.00, 2.25, 0, 0 
3, 76833, 637465237, 0.00, 100.00, 0.00, 2.25, 0, 0 
4, 76833, 638109965, 0.00, 100.00, 0.00, 2.25, 0, 0 
5, 76833, 638814037, 0.00, 100.00, 0.00, 2.25, 0, 0 
6, 76833, 639383358, 0.00, 100.00, 0.00, 2.25, 0, 0 
7, 76833, 640009941, 0.00, 100.00, 0.00, 2.25, 0, 0 
8, 76833, 640701685, 0.00, 100.00, 0.00, 2.25, 0, 0 
9, 76833, 641322110, 0.00, 100.00, 0.00, 2.25, 0, 0 
0, 76833, 641925448, 0.00, 100.00, 0.00, 2.25, 0, 0 
1, 76833, 642587714, 0.00, 100.00, 0.00, 2.25, 0, 0 
2, 76833, 643167156, 0.00, 100.00, 0.00, 2.25, 0, 0 
3, 76833, 643807374, 0.00, 100.00, 0.00, 2.25, 0, 0 
4, 76833, 644596596, 0.00, 100.00, 0.00, 2.25, 0, 0 
5, 76833, 645382370, 0.00, 100.00, 0.00, 2.25, 0, 0 
6, 76833, 645974924, 0.00, 100.00, 0.00, 2.25, 0, 0 
7, 76833, 646773582, 0.00, 100.00, 0.00, 2.25, 0, 0 
8, 76833, 647570362, 0.00, 100.00, 0.00, 2.25, 0, 0 
9, 76833, 648154608, 0.00, 100.00, 0.00, 2.25, 0, 0 
0, 76833, 648967480, 0.00, 100.00, 0.00, 2.25, 0, 0 
1, 76833, 649606394, 0.00, 100.00, 0.00, 2.25, 0, 0 
2, 76833, 650328803, 0.00, 100.00, 0.00, 2.25, 0, 0 
3, 76833, 650922661, 0.00, 100.00, 0.00, 2.25, 0, 0 
4, 76833, 651735672, 0.00, 100.00, 0.00, 2.25, 0, 0 
5, 76833, 652290430, 0.00, 100.00, 0.00, 2.25, 0, 0 
6, 76833, 652841116, 0.00, 100.00, 0.00, 2.25, 0, 0 
7, 76833, 653443320, 0.00, 100.00, 0.00, 2.25, 0, 0 
8, 76833, 654147696, 0.00, 100.00, 0.00, 2.25, 0, 0 
9, 76833, 654899446, 0.00, 100.00, 0.00, 2.25, 0, 0 
0, 76833, 655620923, 0.00, 100.00, 0.00, 2.25, 0, 0 
1, 76833, 656339861, 0.00, 100.00, 0.00, 2.25, 0, 0 
2, 76833, 657091244, 0.00, 100.00, 0.00, 2.25, 0, 0 
3, 76833, 657885401, 0.00, 100.00, 0.00, 2.25, 0, 0 
4, 76833, 658672086, 0.00, 100.00, 0.00, 2.25, 0, 0 
5, 76833, 659481476, 0.00, 100.00, 0.00, 2.25, 0, 0 
6, 76833, 660185265, 0.00, 100.00, 0.00, 2.25, 0, 0 
7, 76833, 660980587, 0.00, 100.00, 0.00, 2.25, 0, 0 
8, 76833, 661599883, 0.00, 100.00, 0.00, 2.25, 0, 0 
9, 76833, 662394480, 0.00, 100.00, 0.00, 2.25, 0, 0 
0, 76833, 663106053, 0.00, 100.00, 0.00, 2.25, 0, 0 
1, 76833, 663850559, 0.00, 100.00, 0.00, 2.25, 0, 0 
2, 76833, 664591663, 0.00, 100.00, 0.00, 2.25, 0, 0 
3, 76833, 665366137, 0.00, 100.00, 0.00, 2.25, 0, 0 
4, 76833, 666164926, 0.00, 100.00, 0.00, 2.25, 0, 0 
5, 76833, 666961255, 0.00, 100.00, 0.00, 2.25, 0, 0 
6, 76833, 667560315, 0.00, 100.00, 0.00, 2.25, 0, 0 
7, 76833, 668250786, 0.00, 100.00, 0.00, 2.25, 0, 0 
8, 76833, 668864281, 0.00, 100.00, 0.00, 2.25, 0, 0 
9, 76833, 669509208, 0.00, 100.00, 0.00, 2.25, 0, 0 
0, 76833, 670254327, 0.00, 100.00, 0.00, 2.25, 0, 0 
1, 76833, 670888355, 0.00, 100.00, 0.00, 2.25, 0, 0 
2, 76833, 671594263, 0.00, 100.00, 0.00, 2.25, 0, 0 
3, 76833, 672392321, 0.00, 100.00, 0.00, 2.25, 0, 0 
4, 76833, 673005108, 0.00, 100.00, 0.00, 2.25, 0, 0 
5, 76833, 673585605, 0.00, 100.00, 0.00, 2.25, 0, 0 
6, 76833, 674211721, 0.00, 100.00, 0.00, 2.25, 0, 0 
7, 76833, 674866140, 0.00, 100.00, 0.00, 2.25, 0, 0 
8, 76833, 675446024, 0.00, 100.00, 0.00, 2.25, 0, 0 
9, 76833, 676110890, 0.00, 100.00, 0.00, 2.25, 0, 0 
0, 76833, 676917473, 0.00, 100.00, 0.00, 2.25, 0, 0 
1, 76833, 677672829, 0.00, 100.00, 0.00, 2.25, 0, 0 
2, 76833, 678230353, 0.00, 100.00, 0.00, 2.25, 0, 0 
3, 76833, 678899768, 0.00, 100.00, 0.00, 2.25, 0, 0 
4, 76833, 679707123, 0.00, 100.00, 0.00, 2.25, 0, 0 
5, 76833, 680282359, 0.00, 100.00, 0.00, 2.25, 0, 0 
6, 76833, 681023121, 0.00, 100.00, 0.00, 2.25, 0, 0 
7, 76833, 681777117, 0.00, 100.00, 0.00, 2.25, 0, 0 
8, 76833, 682491395, 0.00, 100.00, 0.00, 2.25, 0, 0 
9, 76833, 683284407, 0.00, 100.00, 0.00, 2.25, 0, 0 
0, 76833, 683945342, 0.00, 100.00, 0.00, 2.25, 0, 0 
1, 76833, 684638523, 0.00, 100.00, 0.00, 2.25, 0, 0 
2, 76833, 685406153, 0.00, 100.00, 0.00, 2.25, 0, 0 
3, 76833, 686205148, 0.00, 100.00, 0.00, 2.25, 0, 0 
4, 76833, 686860445, 0.00, 100.00, 0.00, 2.25, 0, 0 
5, 76833, 687565308, 0.00, 100.00, 0.00, 2.25, 0, 0 
6, 76833, 688345332, 0.00, 100.00, 0.00, 2.25, 0, 0 
7, 76833, 688928930, 0.00, 100.00, 0.00, 2.25, 0, 0 
8, 76833, 689683318, 0.00, 100.00, 0.00, 2.25, 0, 0 
9, 76833, 690478242, 0.00, 100.00, 0.00, 2.25, 0, 0 
0, 76833, 691196913, 0.00, 100.00, 0.00, 2.25, 0, 0 
1, 76833, 691766436, 0.00, 100.00, 0.00, 2.25, 0, 0 
2, 76833, 692417125, 0.00, 100.00, 0.00, 2.25, 0, 0 
3, 76833, 692992444, 0.00, 100.00, 0.00, 2.25, 0, 0 
4, 76833, 693654228, 0.00, 100.00, 0.00, 2.25, 0, 0 
5, 76833, 694264596, 0.00, 100.00, 0.00, 2.25, 0, 0 
6, 76833, 695050502, 0.00, 100.00, 0.00, 2.25, 0, 0 
7, 76833, 695666783, 0.00, 100.00, 0.00, 2.25, 0, 0 
8, 76833, 696467145, 0.00, 100.00, 0.00, 2.25, 0, 0 
9, 76833, 697164767, 0.00, 100.00, 0.00, 2.25, 0, 0 
0, 76833, 697979557, 0.00, 100.00, 0.00, 2.25, 0, 0 
1, 76833, 698584806, 0.00, 100.00, 0.00, 2.25, 0, 0 
2, 76833, 699388751, 0.00, 100.00, 0.00, 2.25, 0, 0 
3, 76833, 700031111, 0.00, 100.00, 0.00, 2.25, 0, 0 
4, 76833, 700623502, 0.00, 100.00, 0.00, 2.25, 0, 0 
5, 76833, 701213300, 0.00, 100.00, 0.00, 2.25, 0, 0 
6, 76833, 701830388, 0.00, 100.00, 0.00, 2.25, 0, 0 
7, 76833, 702505973, 0.00, 100.00, 0.00, 2.25, 0, 0 
8, 76833, 703053984, 0.00, 100.00, 0.00, 2.25, 0, 0 
9, 76833, 703661329, 0.00, 100.00, 0.00, 2.25, 0, 0 
0, 76833, 704289358, 0.00, 100.00, 0.00, 2.25, 0, 0 
1, 76833, 704927631, 0.00, 100.00, 0.00, 2.25, 0, 0 
2, 76833, 705657125, 0.00, 100.00, 0.00, 2.25, 0, 0 
3, 76833, 706288279, 0.00, 100.00, 0.00, 2.25, 0, 0 
4, 76833, 706905320, 0.00, 100.00, 0.00, 2.25, 0, 0 
5, 76833, 707493275, 0.00, 100.00, 0.00, 2.25, 0, 0 
6, 76833, 708217647, 0.00, 100.00, 0.00, 2.25, 0, 0 
7, 76833, 708883122, 0.00, 100.00, 0.00, 2.25, 0, 0 
8, 76833, 709466341, 0.00, 100.00, 0.00, 2.25, 0, 0 
9, 76833, 710192805, 0.00, 100.00, 0.00, 2.25, 0, 0 
0, 76833, 710800952, 0.00, 100.00, 0.00, 2.25, 0, 0 
1, 76833, 711394781, 0.00, 100.00, 0.00, 2.25, 0, 0 
2, 76833, 712014553, 0.00, 100.00, 0.00, 2.25, 0, 0 
3, 76833, 712768784, 0.00, 100.00, 0.00, 2.25, 0, 0 
4, 76833, 713479747, 0.00, 100.00, 0.00, 2.25, 0, 0 
5, 76833, 714050064, 0.00, 100.00, 0.00, 2.25, 0, 0 
6, 76833, 714737027, 0.00, 100.00, 0.00, 2.25, 0, 0 
7, 76833, 715309169, 0.00, 100.00, 0.00, 2.25, 0, 0 
8, 76833, 715978446, 0.00, 100.00, 0.00, 2.25, 0, 0 
9, 76833, 716574148, 0.00, 100.00, 0.00, 2.25, 0, 0 
0, 76833, 717252444, 0.00, 100.00, 0.00, 2.25, 0, 0 
1, 76833, 717848358, 0.00, 100.00, 0.00, 2.25, 0, 0 
2, 76833, 718488113, 0.00, 100.00, 0.00, 2.25, 0, 0 
3, 76833, 719187644, 0.00, 100.00, 0.00, 2.25, 0, 0 
4, 76833, 719854011, 0.00, 100.00, 0.00, 2.25, 0, 0 
5, 76833, 720577298, 0.00, 100.00, 0.00, 2.25, 0, 0 
6, 76833, 721330784, 0.00, 100.00, 0.00, 2.25, 0, 0 
7, 76833, 722048137, 0.00, 100.00, 0.00, 2.25, 0, 0 
8, 76833, 722843229, 0.00, 100.00, 0.00, 2.25, 0, 0 
9, 76833, 723649402, 0.00, 100.00, 0.00, 2.25, 0, 0 
0, 76833, 724255527, 0.00, 100.00, 0.00, 2.25, 0, 0 
1, 76833, 724816963, 0.00, 100.00, 0.00, 2.25, 0, 0 
2, 76833, 725527679, 0.00, 100.00, 0.00, 2.25, 0, 0 
3, 76833, 726181733, 0.00, 100.00, 0.00, 2.25, 0, 0 
4, 76833, 726940752, 0.00, 100.00, 0.00, 2.25, 0, 0 
5, 76833, 727574193, 0.00, 100.00, 0.00, 2.25, 0, 0 
6, 76833, 728179294, 0.00, 100.00, 0.00, 2.25, 0, 0 
7, 76833, 728819940, 0.00, 100.00, 0.00, 2.25, 0, 0 
8, 76833, 729396328, 0.00, 100.00, 0.00, 2.25, 0, 0 
9, 76833, 730136608, 0.00, 100.00, 0.00, 2.25, 0, 0 
0, 76833, 730800901, 0.00, 100.00, 0.00, 2.25, 0, 0 
1, 76833, 731409650, 0.00, 100.00, 0.00, 2.25, 0, 0 
2, 76833, 732059414, 0.00, 100.00, 0.00, 2.25, 0, 0 
3, 76833, 732638720, 0.00, 100.00, 0.00, 2.25, 0, 0 
4, 76833, 733322366, 0.00, 100.00, 0.00, 2.25, 0, 0 
5, 76833, 733932498, 0.00, 100.00, 0.00, 2.25, 0, 0 
6, 76833, 734565298, 0.00, 100.00, 0.00, 2.25, 0, 0 
7, 76833, 735357026, 0.00, 100.00, 0.00, 2.25, 0, 0 
8, 76833, 735975318, 0.00, 100.00, 0.00, 2.25, 0, 0 
9, 76833, 736570268, 0.00, 100.00, 0.00, 2.25, 0, 0 
