Wed Nov 28 13:15:32 2018
StepTime, x, v, f, xdes, vdes, fdes, cmd, IR, LSB, LSF
0, 73273, 571910521, 0.00, 100.00, 0.00, 2.25, 0, 0 
1, 73273, 580254861, 0.00, 100.00, 0.00, 2.25, 0, 0 
2, 73273, 580298401, 0.00, 100.00, 0.00, 2.25, 0, 0 
3, 73273, 580341829, 0.00, 100.00, 0.00, 2.25, 0, 0 
4, 73273, 580371595, 0.00, 100.00, 0.00, 2.25, 0, 0 
5, 73273, 580389769, 0.00, 100.00, 0.00, 2.25, 0, 0 
6, 73273, 580407198, 0.00, 100.00, 0.00, 2.25, 0, 0 
7, 73273, 580424377, 0.00, 100.00, 0.00, 2.25, 0, 0 
8, 73273, 580442802, 0.00, 100.00, 0.00, 2.25, 0, 0 
9, 73273, 580461128, 0.00, 100.00, 0.00, 2.25, 0, 0 
0, 73273, 580485053, 0.00, 100.00, 0.00, 2.25, 0, 0 
1, 73273, 580509557, 0.00, 100.00, 0.00, 2.25, 0, 0 
2, 73273, 580553598, 0.00, 100.00, 0.00, 2.25, 0, 0 
3, 73273, 580585972, 0.00, 100.00, 0.00, 2.25, 0, 0 
4, 73273, 580610801, 0.00, 100.00, 0.00, 2.25, 0, 0 
5, 73273, 580635438, 0.00, 100.00, 0.00, 2.25, 0, 0 
6, 73273, 580659550, 0.00, 100.00, 0.00, 2.25, 0, 0 
7, 73273, 580687890, 0.00, 100.00, 0.00, 2.25, 0, 0 
8, 73273, 580710363, 0.00, 100.00, 0.00, 2.25, 0, 0 
9, 73273, 580734574, 0.00, 100.00, 0.00, 2.25, 0, 0 
0, 73273, 580768974, 0.00, 100.00, 0.00, 2.25, 0, 0 
1, 73273, 580804070, 0.00, 100.00, 0.00, 2.25, 0, 0 
2, 73273, 580840290, 0.00, 100.00, 0.00, 2.25, 0, 0 
3, 73273, 580870899, 0.00, 100.00, 0.00, 2.25, 0, 0 
4, 73273, 580895284, 0.00, 100.00, 0.00, 2.25, 0, 0 
5, 73273, 580918928, 0.00, 100.00, 0.00, 2.25, 0, 0 
6, 73273, 580942646, 0.00, 100.00, 0.00, 2.25, 0, 0 
7, 73273, 580966435, 0.00, 100.00, 0.00, 2.25, 0, 0 
8, 73273, 580989806, 0.00, 100.00, 0.00, 2.25, 0, 0 
9, 73273, 581013990, 0.00, 100.00, 0.00, 2.25, 0, 0 
0, 73273, 581048206, 0.00, 100.00, 0.00, 2.25, 0, 0 
1, 73273, 581085000, 0.00, 100.00, 0.00, 2.25, 0, 0 
2, 73273, 581138149, 0.00, 100.00, 0.00, 2.25, 0, 0 
3, 73273, 581172157, 0.00, 100.00, 0.00, 2.25, 0, 0 
4, 73273, 581206567, 0.00, 100.00, 0.00, 2.25, 0, 0 
5, 73273, 581239470, 0.00, 100.00, 0.00, 2.25, 0, 0 
6, 73273, 581273591, 0.00, 100.00, 0.00, 2.25, 0, 0 
7, 73273, 581306900, 0.00, 100.00, 0.00, 2.25, 0, 0 
8, 73273, 581339773, 0.00, 100.00, 0.00, 2.25, 0, 0 
9, 73273, 581373727, 0.00, 100.00, 0.00, 2.25, 0, 0 
0, 73273, 581421016, 0.00, 100.00, 0.00, 2.25, 0, 0 
1, 73273, 581465972, 0.00, 100.00, 0.00, 2.25, 0, 0 
2, 73273, 581514738, 0.00, 100.00, 0.00, 2.25, 0, 0 
3, 73273, 581549915, 0.00, 100.00, 0.00, 2.25, 0, 0 
4, 73273, 581582655, 0.00, 100.00, 0.00, 2.25, 0, 0 
5, 73273, 581616364, 0.00, 100.00, 0.00, 2.25, 0, 0 
6, 73273, 581648907, 0.00, 100.00, 0.00, 2.25, 0, 0 
7, 73273, 581682363, 0.00, 100.00, 0.00, 2.25, 0, 0 
8, 73273, 581716385, 0.00, 100.00, 0.00, 2.25, 0, 0 
9, 73273, 581750033, 0.00, 100.00, 0.00, 2.25, 0, 0 
0, 73273, 581798186, 0.00, 100.00, 0.00, 2.25, 0, 0 
1, 73273, 581843409, 0.00, 100.00, 0.00, 2.25, 0, 0 
2, 73273, 581894149, 0.00, 100.00, 0.00, 2.25, 0, 0 
3, 73273, 581928413, 0.00, 100.00, 0.00, 2.25, 0, 0 
4, 73273, 581961162, 0.00, 100.00, 0.00, 2.25, 0, 0 
5, 73273, 581995252, 0.00, 100.00, 0.00, 2.25, 0, 0 
6, 73273, 582028949, 0.00, 100.00, 0.00, 2.25, 0, 0 
7, 73273, 582061637, 0.00, 100.00, 0.00, 2.25, 0, 0 
8, 73273, 582095609, 0.00, 100.00, 0.00, 2.25, 0, 0 
9, 73273, 582129375, 0.00, 100.00, 0.00, 2.25, 0, 0 
0, 73273, 582176902, 0.00, 100.00, 0.00, 2.25, 0, 0 
1, 73273, 582221588, 0.00, 100.00, 0.00, 2.25, 0, 0 
2, 73273, 582268075, 0.00, 100.00, 0.00, 2.25, 0, 0 
3, 73273, 582304927, 0.00, 100.00, 0.00, 2.25, 0, 0 
4, 73273, 582339086, 0.00, 100.00, 0.00, 2.25, 0, 0 
5, 73273, 582373128, 0.00, 100.00, 0.00, 2.25, 0, 0 
6, 73273, 582407426, 0.00, 100.00, 0.00, 2.25, 0, 0 
7, 73273, 582441813, 0.00, 100.00, 0.00, 2.25, 0, 0 
8, 73273, 582476136, 0.00, 100.00, 0.00, 2.25, 0, 0 
9, 73273, 582503350, 0.00, 100.00, 0.00, 2.25, 0, 0 
0, 73273, 582543582, 0.00, 100.00, 0.00, 2.25, 0, 0 
1, 73273, 582585530, 0.00, 100.00, 0.00, 2.25, 0, 0 
2, 73273, 582634513, 0.00, 100.00, 0.00, 2.25, 0, 0 
3, 73273, 582670277, 0.00, 100.00, 0.00, 2.25, 0, 0 
4, 73273, 582700827, 0.00, 100.00, 0.00, 2.25, 0, 0 
5, 73273, 582731153, 0.00, 100.00, 0.00, 2.25, 0, 0 
6, 73273, 582762401, 0.00, 100.00, 0.00, 2.25, 0, 0 
7, 73273, 582793611, 0.00, 100.00, 0.00, 2.25, 0, 0 
8, 73273, 582824442, 0.00, 100.00, 0.00, 2.25, 0, 0 
9, 73273, 582858819, 0.00, 100.00, 0.00, 2.25, 0, 0 
0, 73273, 582897777, 0.00, 100.00, 0.00, 2.25, 0, 0 
1, 73273, 582940147, 0.00, 100.00, 0.00, 2.25, 0, 0 
2, 73273, 582967726, 0.00, 100.00, 0.00, 2.25, 0, 0 
3, 73273, 582988820, 0.00, 100.00, 0.00, 2.25, 0, 0 
4, 73273, 583009232, 0.00, 100.00, 0.00, 2.25, 0, 0 
5, 73273, 583039931, 0.00, 100.00, 0.00, 2.25, 0, 0 
6, 73273, 583073744, 0.00, 100.00, 0.00, 2.25, 0, 0 
7, 73273, 583106294, 0.00, 100.00, 0.00, 2.25, 0, 0 
8, 73273, 583139228, 0.00, 100.00, 0.00, 2.25, 0, 0 
9, 73273, 583171784, 0.00, 100.00, 0.00, 2.25, 0, 0 
0, 73273, 583216732, 0.00, 100.00, 0.00, 2.25, 0, 0 
1, 73273, 583260607, 0.00, 100.00, 0.00, 2.25, 0, 0 
2, 73273, 583313386, 0.00, 100.00, 0.00, 2.25, 0, 0 
3, 73273, 583347380, 0.00, 100.00, 0.00, 2.25, 0, 0 
4, 73273, 583383942, 0.00, 100.00, 0.00, 2.25, 0, 0 
5, 73273, 583409835, 0.00, 100.00, 0.00, 2.25, 0, 0 
6, 73273, 583434086, 0.00, 100.00, 0.00, 2.25, 0, 0 
7, 73273, 583458183, 0.00, 100.00, 0.00, 2.25, 0, 0 
8, 73273, 583482224, 0.00, 100.00, 0.00, 2.25, 0, 0 
9, 73273, 583506228, 0.00, 100.00, 0.00, 2.25, 0, 0 
0, 73273, 583540235, 0.00, 100.00, 0.00, 2.25, 0, 0 
1, 73273, 583576135, 0.00, 100.00, 0.00, 2.25, 0, 0 
2, 73273, 583611551, 0.00, 100.00, 0.00, 2.25, 0, 0 
3, 73273, 583639968, 0.00, 100.00, 0.00, 2.25, 0, 0 
4, 73273, 583664104, 0.00, 100.00, 0.00, 2.25, 0, 0 
5, 73273, 583688050, 0.00, 100.00, 0.00, 2.25, 0, 0 
6, 73273, 583711838, 0.00, 100.00, 0.00, 2.25, 0, 0 
7, 73273, 583735720, 0.00, 100.00, 0.00, 2.25, 0, 0 
8, 73273, 583759580, 0.00, 100.00, 0.00, 2.25, 0, 0 
9, 73273, 583783502, 0.00, 100.00, 0.00, 2.25, 0, 0 
0, 73273, 583817205, 0.00, 100.00, 0.00, 2.25, 0, 0 
1, 73273, 583852412, 0.00, 100.00, 0.00, 2.25, 0, 0 
2, 73273, 583882252, 0.00, 100.00, 0.00, 2.25, 0, 0 
3, 73273, 583902309, 0.00, 100.00, 0.00, 2.25, 0, 0 
4, 73273, 583920862, 0.00, 100.00, 0.00, 2.25, 0, 0 
5, 73273, 583939344, 0.00, 100.00, 0.00, 2.25, 0, 0 
6, 73273, 583957832, 0.00, 100.00, 0.00, 2.25, 0, 0 
7, 73273, 583976375, 0.00, 100.00, 0.00, 2.25, 0, 0 
8, 73273, 583994833, 0.00, 100.00, 0.00, 2.25, 0, 0 
9, 73273, 584039046, 0.00, 100.00, 0.00, 2.25, 0, 0 
0, 73273, 584074397, 0.00, 100.00, 0.00, 2.25, 0, 0 
1, 73273, 584102134, 0.00, 100.00, 0.00, 2.25, 0, 0 
2, 73273, 584137293, 0.00, 100.00, 0.00, 2.25, 0, 0 
3, 73273, 584173180, 0.00, 100.00, 0.00, 2.25, 0, 0 
4, 73273, 584197657, 0.00, 100.00, 0.00, 2.25, 0, 0 
5, 73273, 584222030, 0.00, 100.00, 0.00, 2.25, 0, 0 
6, 73273, 584246159, 0.00, 100.00, 0.00, 2.25, 0, 0 
7, 73273, 584270161, 0.00, 100.00, 0.00, 2.25, 0, 0 
8, 73273, 584293756, 0.00, 100.00, 0.00, 2.25, 0, 0 
9, 73273, 584317673, 0.00, 100.00, 0.00, 2.25, 0, 0 
0, 73273, 584352406, 0.00, 100.00, 0.00, 2.25, 0, 0 
1, 73273, 584389373, 0.00, 100.00, 0.00, 2.25, 0, 0 
2, 73273, 584418703, 0.00, 100.00, 0.00, 2.25, 0, 0 
3, 73273, 584447769, 0.00, 100.00, 0.00, 2.25, 0, 0 
4, 73273, 584471775, 0.00, 100.00, 0.00, 2.25, 0, 0 
5, 73273, 584497153, 0.00, 100.00, 0.00, 2.25, 0, 0 
6, 73273, 584521197, 0.00, 100.00, 0.00, 2.25, 0, 0 
7, 73273, 584546727, 0.00, 100.00, 0.00, 2.25, 0, 0 
8, 73273, 584570776, 0.00, 100.00, 0.00, 2.25, 0, 0 
9, 73273, 584594814, 0.00, 100.00, 0.00, 2.25, 0, 0 
0, 73273, 584628498, 0.00, 100.00, 0.00, 2.25, 0, 0 
1, 73273, 584664692, 0.00, 100.00, 0.00, 2.25, 0, 0 
2, 73273, 584694115, 0.00, 100.00, 0.00, 2.25, 0, 0 
3, 73273, 584721801, 0.00, 100.00, 0.00, 2.25, 0, 0 
4, 73273, 584746254, 0.00, 100.00, 0.00, 2.25, 0, 0 
5, 73273, 584770679, 0.00, 100.00, 0.00, 2.25, 0, 0 
6, 73273, 584794919, 0.00, 100.00, 0.00, 2.25, 0, 0 
7, 73273, 584819082, 0.00, 100.00, 0.00, 2.25, 0, 0 
8, 73273, 584842636, 0.00, 100.00, 0.00, 2.25, 0, 0 
9, 73273, 584866704, 0.00, 100.00, 0.00, 2.25, 0, 0 
0, 73273, 584901672, 0.00, 100.00, 0.00, 2.25, 0, 0 
1, 73273, 584937274, 0.00, 100.00, 0.00, 2.25, 0, 0 
2, 73273, 584967503, 0.00, 100.00, 0.00, 2.25, 0, 0 
3, 73273, 584997819, 0.00, 100.00, 0.00, 2.25, 0, 0 
4, 73273, 585026656, 0.00, 100.00, 0.00, 2.25, 0, 0 
5, 73273, 585056412, 0.00, 100.00, 0.00, 2.25, 0, 0 
6, 73273, 585080160, 0.00, 100.00, 0.00, 2.25, 0, 0 
7, 73273, 585104179, 0.00, 100.00, 0.00, 2.25, 0, 0 
8, 73273, 585128214, 0.00, 100.00, 0.00, 2.25, 0, 0 
9, 73273, 585152583, 0.00, 100.00, 0.00, 2.25, 0, 0 
0, 73273, 585186440, 0.00, 100.00, 0.00, 2.25, 0, 0 
1, 73273, 585221973, 0.00, 100.00, 0.00, 2.25, 0, 0 
2, 73273, 585252514, 0.00, 100.00, 0.00, 2.25, 0, 0 
3, 73273, 585282479, 0.00, 100.00, 0.00, 2.25, 0, 0 
4, 73273, 585308453, 0.00, 100.00, 0.00, 2.25, 0, 0 
5, 73273, 585332371, 0.00, 100.00, 0.00, 2.25, 0, 0 
6, 73273, 585356362, 0.00, 100.00, 0.00, 2.25, 0, 0 
7, 73273, 585381769, 0.00, 100.00, 0.00, 2.25, 0, 0 
8, 73273, 585405718, 0.00, 100.00, 0.00, 2.25, 0, 0 
9, 73273, 585429779, 0.00, 100.00, 0.00, 2.25, 0, 0 
0, 73273, 585463102, 0.00, 100.00, 0.00, 2.25, 0, 0 
1, 73273, 585499176, 0.00, 100.00, 0.00, 2.25, 0, 0 
2, 73273, 585528264, 0.00, 100.00, 0.00, 2.25, 0, 0 
3, 73273, 585555721, 0.00, 100.00, 0.00, 2.25, 0, 0 
4, 73273, 585580598, 0.00, 100.00, 0.00, 2.25, 0, 0 
5, 73273, 585604710, 0.00, 100.00, 0.00, 2.25, 0, 0 
6, 73273, 585628900, 0.00, 100.00, 0.00, 2.25, 0, 0 
7, 73273, 585653102, 0.00, 100.00, 0.00, 2.25, 0, 0 
8, 73273, 585677270, 0.00, 100.00, 0.00, 2.25, 0, 0 
9, 73273, 585701327, 0.00, 100.00, 0.00, 2.25, 0, 0 
0, 73273, 585735635, 0.00, 100.00, 0.00, 2.25, 0, 0 
1, 73273, 585770397, 0.00, 100.00, 0.00, 2.25, 0, 0 
2, 73273, 585799604, 0.00, 100.00, 0.00, 2.25, 0, 0 
3, 73273, 585828024, 0.00, 100.00, 0.00, 2.25, 0, 0 
4, 73273, 585853347, 0.00, 100.00, 0.00, 2.25, 0, 0 
5, 73273, 585877565, 0.00, 100.00, 0.00, 2.25, 0, 0 
6, 73273, 585901494, 0.00, 100.00, 0.00, 2.25, 0, 0 
7, 73273, 585925482, 0.00, 100.00, 0.00, 2.25, 0, 0 
8, 73273, 585949176, 0.00, 100.00, 0.00, 2.25, 0, 0 
9, 73273, 585972997, 0.00, 100.00, 0.00, 2.25, 0, 0 
0, 73273, 586007209, 0.00, 100.00, 0.00, 2.25, 0, 0 
1, 73273, 586045119, 0.00, 100.00, 0.00, 2.25, 0, 0 
2, 73273, 586074964, 0.00, 100.00, 0.00, 2.25, 0, 0 
3, 73273, 586103898, 0.00, 100.00, 0.00, 2.25, 0, 0 
4, 73273, 586128689, 0.00, 100.00, 0.00, 2.25, 0, 0 
5, 73273, 586153052, 0.00, 100.00, 0.00, 2.25, 0, 0 
6, 73273, 586176839, 0.00, 100.00, 0.00, 2.25, 0, 0 
7, 73273, 586200875, 0.00, 100.00, 0.00, 2.25, 0, 0 
8, 73273, 586224253, 0.00, 100.00, 0.00, 2.25, 0, 0 
9, 73273, 586248567, 0.00, 100.00, 0.00, 2.25, 0, 0 
0, 73273, 586282094, 0.00, 100.00, 0.00, 2.25, 0, 0 
1, 73273, 586317169, 0.00, 100.00, 0.00, 2.25, 0, 0 
2, 73273, 586347159, 0.00, 100.00, 0.00, 2.25, 0, 0 
3, 73273, 586374888, 0.00, 100.00, 0.00, 2.25, 0, 0 
4, 73273, 586398952, 0.00, 100.00, 0.00, 2.25, 0, 0 
5, 73273, 586423718, 0.00, 100.00, 0.00, 2.25, 0, 0 
6, 73273, 586447651, 0.00, 100.00, 0.00, 2.25, 0, 0 
7, 73273, 586471552, 0.00, 100.00, 0.00, 2.25, 0, 0 
8, 73273, 586495713, 0.00, 100.00, 0.00, 2.25, 0, 0 
9, 73273, 586519516, 0.00, 100.00, 0.00, 2.25, 0, 0 
0, 73273, 586552892, 0.00, 100.00, 0.00, 2.25, 0, 0 
1, 73273, 586587563, 0.00, 100.00, 0.00, 2.25, 0, 0 
2, 73273, 586616788, 0.00, 100.00, 0.00, 2.25, 0, 0 
3, 73273, 586645750, 0.00, 100.00, 0.00, 2.25, 0, 0 
4, 73273, 586678535, 0.00, 100.00, 0.00, 2.25, 0, 0 
5, 73273, 586743898, 0.00, 100.00, 0.00, 2.25, 0, 0 
6, 73273, 586774885, 0.00, 100.00, 0.00, 2.25, 0, 0 
7, 73273, 586833469, 0.00, 100.00, 0.00, 2.25, 0, 0 
8, 73273, 586907752, 0.00, 100.00, 0.00, 2.25, 0, 0 
9, 73273, 587001543, 0.00, 100.00, 0.00, 2.25, 0, 0 
0, 73273, 587079035, 0.00, 100.00, 0.00, 2.25, 0, 0 
1, 73273, 587155103, 0.00, 100.00, 0.00, 2.25, 0, 0 
2, 73273, 587223063, 0.00, 100.00, 0.00, 2.25, 0, 0 
3, 73273, 587293565, 0.00, 100.00, 0.00, 2.25, 0, 0 
4, 73273, 587359997, 0.00, 100.00, 0.00, 2.25, 0, 0 
5, 73273, 587435122, 0.00, 100.00, 0.00, 2.25, 0, 0 
6, 73273, 587493102, 0.00, 100.00, 0.00, 2.25, 0, 0 
7, 73273, 587569038, 0.00, 100.00, 0.00, 2.25, 0, 0 
8, 73273, 587651806, 0.00, 100.00, 0.00, 2.25, 0, 0 
9, 73273, 587710670, 0.00, 100.00, 0.00, 2.25, 0, 0 
0, 73273, 587788718, 0.00, 100.00, 0.00, 2.25, 0, 0 
1, 73273, 587883925, 0.00, 100.00, 0.00, 2.25, 0, 0 
2, 73273, 588103829, 0.00, 100.00, 0.00, 2.25, 0, 0 
3, 73273, 588203458, 0.00, 100.00, 0.00, 2.25, 0, 0 
4, 73273, 588238448, 0.00, 100.00, 0.00, 2.25, 0, 0 
5, 73273, 588272497, 0.00, 100.00, 0.00, 2.25, 0, 0 
6, 73273, 588306376, 0.00, 100.00, 0.00, 2.25, 0, 0 
7, 73273, 588340540, 0.00, 100.00, 0.00, 2.25, 0, 0 
8, 73273, 588374419, 0.00, 100.00, 0.00, 2.25, 0, 0 
9, 73273, 588408100, 0.00, 100.00, 0.00, 2.25, 0, 0 
0, 73273, 588452191, 0.00, 100.00, 0.00, 2.25, 0, 0 
1, 73273, 588497143, 0.00, 100.00, 0.00, 2.25, 0, 0 
2, 73273, 588549661, 0.00, 100.00, 0.00, 2.25, 0, 0 
3, 73273, 588584456, 0.00, 100.00, 0.00, 2.25, 0, 0 
4, 73273, 588618346, 0.00, 100.00, 0.00, 2.25, 0, 0 
5, 73273, 588652342, 0.00, 100.00, 0.00, 2.25, 0, 0 
6, 73273, 588686922, 0.00, 100.00, 0.00, 2.25, 0, 0 
7, 73273, 588720415, 0.00, 100.00, 0.00, 2.25, 0, 0 
8, 73273, 588753860, 0.00, 100.00, 0.00, 2.25, 0, 0 
9, 73273, 588787200, 0.00, 100.00, 0.00, 2.25, 0, 0 
0, 73273, 588832043, 0.00, 100.00, 0.00, 2.25, 0, 0 
1, 73273, 588877746, 0.00, 100.00, 0.00, 2.25, 0, 0 
2, 73273, 588931372, 0.00, 100.00, 0.00, 2.25, 0, 0 
3, 73273, 588969102, 0.00, 100.00, 0.00, 2.25, 0, 0 
4, 73273, 589007059, 0.00, 100.00, 0.00, 2.25, 0, 0 
5, 73273, 589046147, 0.00, 100.00, 0.00, 2.25, 0, 0 
6, 73273, 589084394, 0.00, 100.00, 0.00, 2.25, 0, 0 
7, 73273, 589122084, 0.00, 100.00, 0.00, 2.25, 0, 0 
8, 73273, 589161045, 0.00, 100.00, 0.00, 2.25, 0, 0 
9, 73273, 589199334, 0.00, 100.00, 0.00, 2.25, 0, 0 
0, 73273, 589252546, 0.00, 100.00, 0.00, 2.25, 0, 0 
1, 73273, 589297718, 0.00, 100.00, 0.00, 2.25, 0, 0 
2, 73273, 589344267, 0.00, 100.00, 0.00, 2.25, 0, 0 
3, 73273, 589380209, 0.00, 100.00, 0.00, 2.25, 0, 0 
4, 73273, 589409986, 0.00, 100.00, 0.00, 2.25, 0, 0 
5, 73273, 589441313, 0.00, 100.00, 0.00, 2.25, 0, 0 
6, 73273, 589472387, 0.00, 100.00, 0.00, 2.25, 0, 0 
7, 73273, 589503138, 0.00, 100.00, 0.00, 2.25, 0, 0 
8, 73273, 589534133, 0.00, 100.00, 0.00, 2.25, 0, 0 
9, 73273, 589565043, 0.00, 100.00, 0.00, 2.25, 0, 0 
0, 73273, 589606334, 0.00, 100.00, 0.00, 2.25, 0, 0 
1, 73273, 589644883, 0.00, 100.00, 0.00, 2.25, 0, 0 
2, 73273, 589697999, 0.00, 100.00, 0.00, 2.25, 0, 0 
3, 73273, 589732854, 0.00, 100.00, 0.00, 2.25, 0, 0 
4, 73273, 589764454, 0.00, 100.00, 0.00, 2.25, 0, 0 
5, 73273, 589795824, 0.00, 100.00, 0.00, 2.25, 0, 0 
6, 73273, 589827135, 0.00, 100.00, 0.00, 2.25, 0, 0 
7, 73273, 589852115, 0.00, 100.00, 0.00, 2.25, 0, 0 
8, 73273, 589875419, 0.00, 100.00, 0.00, 2.25, 0, 0 
9, 73273, 589899167, 0.00, 100.00, 0.00, 2.25, 0, 0 
0, 73273, 589933214, 0.00, 100.00, 0.00, 2.25, 0, 0 
1, 73273, 589961825, 0.00, 100.00, 0.00, 2.25, 0, 0 
2, 73273, 589991147, 0.00, 100.00, 0.00, 2.25, 0, 0 
3, 73273, 590015104, 0.00, 100.00, 0.00, 2.25, 0, 0 
4, 73273, 590038709, 0.00, 100.00, 0.00, 2.25, 0, 0 
5, 73273, 590062248, 0.00, 100.00, 0.00, 2.25, 0, 0 
6, 73273, 590084974, 0.00, 100.00, 0.00, 2.25, 0, 0 
7, 73273, 590108411, 0.00, 100.00, 0.00, 2.25, 0, 0 
8, 73273, 590132035, 0.00, 100.00, 0.00, 2.25, 0, 0 
9, 73273, 590155485, 0.00, 100.00, 0.00, 2.25, 0, 0 
0, 73273, 590188961, 0.00, 100.00, 0.00, 2.25, 0, 0 
1, 73273, 590217907, 0.00, 100.00, 0.00, 2.25, 0, 0 
2, 73273, 590246859, 0.00, 100.00, 0.00, 2.25, 0, 0 
3, 73273, 590270367, 0.00, 100.00, 0.00, 2.25, 0, 0 
4, 73273, 590293719, 0.00, 100.00, 0.00, 2.25, 0, 0 
5, 73273, 590317159, 0.00, 100.00, 0.00, 2.25, 0, 0 
6, 73273, 590339746, 0.00, 100.00, 0.00, 2.25, 0, 0 
7, 73273, 590363213, 0.00, 100.00, 0.00, 2.25, 0, 0 
8, 73273, 590386809, 0.00, 100.00, 0.00, 2.25, 0, 0 
9, 73273, 590409758, 0.00, 100.00, 0.00, 2.25, 0, 0 
0, 73273, 590443267, 0.00, 100.00, 0.00, 2.25, 0, 0 
1, 73273, 590471833, 0.00, 100.00, 0.00, 2.25, 0, 0 
2, 73273, 590500697, 0.00, 100.00, 0.00, 2.25, 0, 0 
3, 73273, 590524129, 0.00, 100.00, 0.00, 2.25, 0, 0 
4, 73273, 590547561, 0.00, 100.00, 0.00, 2.25, 0, 0 
5, 73273, 590571141, 0.00, 100.00, 0.00, 2.25, 0, 0 
6, 73273, 590594623, 0.00, 100.00, 0.00, 2.25, 0, 0 
7, 73273, 590618113, 0.00, 100.00, 0.00, 2.25, 0, 0 
8, 73273, 590640887, 0.00, 100.00, 0.00, 2.25, 0, 0 
9, 73273, 590665095, 0.00, 100.00, 0.00, 2.25, 0, 0 
0, 73273, 590699704, 0.00, 100.00, 0.00, 2.25, 0, 0 
1, 73273, 590738883, 0.00, 100.00, 0.00, 2.25, 0, 0 
2, 73273, 590788469, 0.00, 100.00, 0.00, 2.25, 0, 0 
3, 73273, 590816383, 0.00, 100.00, 0.00, 2.25, 0, 0 
4, 73273, 590842211, 0.00, 100.00, 0.00, 2.25, 0, 0 
5, 73273, 590867650, 0.00, 100.00, 0.00, 2.25, 0, 0 
6, 73273, 590893089, 0.00, 100.00, 0.00, 2.25, 0, 0 
7, 73273, 590918405, 0.00, 100.00, 0.00, 2.25, 0, 0 
8, 73273, 590943786, 0.00, 100.00, 0.00, 2.25, 0, 0 
9, 73273, 590969098, 0.00, 100.00, 0.00, 2.25, 0, 0 
0, 73273, 591006858, 0.00, 100.00, 0.00, 2.25, 0, 0 
1, 73273, 591041577, 0.00, 100.00, 0.00, 2.25, 0, 0 
2, 73273, 591084335, 0.00, 100.00, 0.00, 2.25, 0, 0 
3, 73273, 591109337, 0.00, 100.00, 0.00, 2.25, 0, 0 
4, 73273, 591132905, 0.00, 100.00, 0.00, 2.25, 0, 0 
5, 73273, 591156373, 0.00, 100.00, 0.00, 2.25, 0, 0 
6, 73273, 591179877, 0.00, 100.00, 0.00, 2.25, 0, 0 
7, 73273, 591203153, 0.00, 100.00, 0.00, 2.25, 0, 0 
8, 73273, 591226657, 0.00, 100.00, 0.00, 2.25, 0, 0 
9, 73273, 591250150, 0.00, 100.00, 0.00, 2.25, 0, 0 
0, 73273, 591283708, 0.00, 100.00, 0.00, 2.25, 0, 0 
1, 73273, 591312564, 0.00, 100.00, 0.00, 2.25, 0, 0 
2, 73273, 591340817, 0.00, 100.00, 0.00, 2.25, 0, 0 
3, 73273, 591364098, 0.00, 100.00, 0.00, 2.25, 0, 0 
4, 73273, 591387431, 0.00, 100.00, 0.00, 2.25, 0, 0 
5, 73273, 591410575, 0.00, 100.00, 0.00, 2.25, 0, 0 
6, 73273, 591433869, 0.00, 100.00, 0.00, 2.25, 0, 0 
7, 73273, 591456541, 0.00, 100.00, 0.00, 2.25, 0, 0 
8, 73273, 591479164, 0.00, 100.00, 0.00, 2.25, 0, 0 
9, 73273, 591502403, 0.00, 100.00, 0.00, 2.25, 0, 0 
0, 73273, 591535047, 0.00, 100.00, 0.00, 2.25, 0, 0 
1, 73273, 591563882, 0.00, 100.00, 0.00, 2.25, 0, 0 
2, 73273, 591607341, 0.00, 100.00, 0.00, 2.25, 0, 0 
3, 73273, 591634299, 0.00, 100.00, 0.00, 2.25, 0, 0 
4, 73273, 591659892, 0.00, 100.00, 0.00, 2.25, 0, 0 
5, 73273, 591685124, 0.00, 100.00, 0.00, 2.25, 0, 0 
6, 73273, 591710393, 0.00, 100.00, 0.00, 2.25, 0, 0 
7, 73273, 591735701, 0.00, 100.00, 0.00, 2.25, 0, 0 
8, 73273, 591760937, 0.00, 100.00, 0.00, 2.25, 0, 0 
9, 73273, 591786292, 0.00, 100.00, 0.00, 2.25, 0, 0 
0, 73273, 591824197, 0.00, 100.00, 0.00, 2.25, 0, 0 
1, 73273, 591857912, 0.00, 100.00, 0.00, 2.25, 0, 0 
2, 73273, 591902876, 0.00, 100.00, 0.00, 2.25, 0, 0 
3, 73273, 591930117, 0.00, 100.00, 0.00, 2.25, 0, 0 
4, 73273, 591955559, 0.00, 100.00, 0.00, 2.25, 0, 0 
5, 73273, 591981297, 0.00, 100.00, 0.00, 2.25, 0, 0 
6, 73273, 592015384, 0.00, 100.00, 0.00, 2.25, 0, 0 
7, 73273, 592043795, 0.00, 100.00, 0.00, 2.25, 0, 0 
8, 73273, 592067050, 0.00, 100.00, 0.00, 2.25, 0, 0 
9, 73273, 592089965, 0.00, 100.00, 0.00, 2.25, 0, 0 
0, 73273, 592122595, 0.00, 100.00, 0.00, 2.25, 0, 0 
1, 73273, 592155931, 0.00, 100.00, 0.00, 2.25, 0, 0 
2, 73273, 592183560, 0.00, 100.00, 0.00, 2.25, 0, 0 
3, 73273, 592209945, 0.00, 100.00, 0.00, 2.25, 0, 0 
4, 73273, 592232709, 0.00, 100.00, 0.00, 2.25, 0, 0 
5, 73273, 592255431, 0.00, 100.00, 0.00, 2.25, 0, 0 
6, 73273, 592278359, 0.00, 100.00, 0.00, 2.25, 0, 0 
7, 73273, 592300918, 0.00, 100.00, 0.00, 2.25, 0, 0 
8, 73273, 592323608, 0.00, 100.00, 0.00, 2.25, 0, 0 
9, 73273, 592346194, 0.00, 100.00, 0.00, 2.25, 0, 0 
0, 73273, 592378287, 0.00, 100.00, 0.00, 2.25, 0, 0 
1, 73273, 592411665, 0.00, 100.00, 0.00, 2.25, 0, 0 
2, 73273, 592450389, 0.00, 100.00, 0.00, 2.25, 0, 0 
3, 73273, 592474483, 0.00, 100.00, 0.00, 2.25, 0, 0 
4, 73273, 592497560, 0.00, 100.00, 0.00, 2.25, 0, 0 
5, 73273, 592520388, 0.00, 100.00, 0.00, 2.25, 0, 0 
6, 73273, 592542854, 0.00, 100.00, 0.00, 2.25, 0, 0 
7, 73273, 592565432, 0.00, 100.00, 0.00, 2.25, 0, 0 
8, 73273, 592587850, 0.00, 100.00, 0.00, 2.25, 0, 0 
9, 73273, 592610648, 0.00, 100.00, 0.00, 2.25, 0, 0 
0, 73273, 592643123, 0.00, 100.00, 0.00, 2.25, 0, 0 
1, 73273, 592676358, 0.00, 100.00, 0.00, 2.25, 0, 0 
2, 73273, 592703642, 0.00, 100.00, 0.00, 2.25, 0, 0 
3, 73273, 592730138, 0.00, 100.00, 0.00, 2.25, 0, 0 
4, 73273, 592753075, 0.00, 100.00, 0.00, 2.25, 0, 0 
5, 73273, 592775758, 0.00, 100.00, 0.00, 2.25, 0, 0 
6, 73273, 592798416, 0.00, 100.00, 0.00, 2.25, 0, 0 
7, 73273, 592821247, 0.00, 100.00, 0.00, 2.25, 0, 0 
8, 73273, 592852269, 0.00, 100.00, 0.00, 2.25, 0, 0 
9, 73273, 592873781, 0.00, 100.00, 0.00, 2.25, 0, 0 
0, 73273, 592900461, 0.00, 100.00, 0.00, 2.25, 0, 0 
1, 73273, 592927755, 0.00, 100.00, 0.00, 2.25, 0, 0 
2, 73273, 592953737, 0.00, 100.00, 0.00, 2.25, 0, 0 
3, 73273, 592979854, 0.00, 100.00, 0.00, 2.25, 0, 0 
4, 73273, 593003225, 0.00, 100.00, 0.00, 2.25, 0, 0 
5, 73273, 593026386, 0.00, 100.00, 0.00, 2.25, 0, 0 
6, 73273, 593049385, 0.00, 100.00, 0.00, 2.25, 0, 0 
7, 73273, 593072394, 0.00, 100.00, 0.00, 2.25, 0, 0 
8, 73273, 593094871, 0.00, 100.00, 0.00, 2.25, 0, 0 
9, 73273, 593117320, 0.00, 100.00, 0.00, 2.25, 0, 0 
0, 73273, 593149672, 0.00, 100.00, 0.00, 2.25, 0, 0 
1, 73273, 593182797, 0.00, 100.00, 0.00, 2.25, 0, 0 
2, 73273, 593210278, 0.00, 100.00, 0.00, 2.25, 0, 0 
3, 73273, 593236637, 0.00, 100.00, 0.00, 2.25, 0, 0 
4, 73273, 593259246, 0.00, 100.00, 0.00, 2.25, 0, 0 
5, 73273, 593282074, 0.00, 100.00, 0.00, 2.25, 0, 0 
6, 73273, 593305006, 0.00, 100.00, 0.00, 2.25, 0, 0 
7, 73273, 593327518, 0.00, 100.00, 0.00, 2.25, 0, 0 
8, 73273, 593350031, 0.00, 100.00, 0.00, 2.25, 0, 0 
9, 73273, 593372684, 0.00, 100.00, 0.00, 2.25, 0, 0 
0, 73273, 593404905, 0.00, 100.00, 0.00, 2.25, 0, 0 
1, 73273, 593437812, 0.00, 100.00, 0.00, 2.25, 0, 0 
2, 73273, 593479777, 0.00, 100.00, 0.00, 2.25, 0, 0 
3, 73273, 593516206, 0.00, 100.00, 0.00, 2.25, 0, 0 
4, 73273, 593547376, 0.00, 100.00, 0.00, 2.25, 0, 0 
5, 73273, 593580353, 0.00, 100.00, 0.00, 2.25, 0, 0 
6, 73273, 593611514, 0.00, 100.00, 0.00, 2.25, 0, 0 
7, 73273, 593644231, 0.00, 100.00, 0.00, 2.25, 0, 0 
8, 73273, 593675237, 0.00, 100.00, 0.00, 2.25, 0, 0 
9, 73273, 593708168, 0.00, 100.00, 0.00, 2.25, 0, 0 
0, 73273, 593750872, 0.00, 100.00, 0.00, 2.25, 0, 0 
1, 73273, 593793492, 0.00, 100.00, 0.00, 2.25, 0, 0 
2, 73273, 593833955, 0.00, 100.00, 0.00, 2.25, 0, 0 
3, 73273, 593855056, 0.00, 100.00, 0.00, 2.25, 0, 0 
4, 73273, 593873310, 0.00, 100.00, 0.00, 2.25, 0, 0 
5, 73273, 593891268, 0.00, 100.00, 0.00, 2.25, 0, 0 
6, 73273, 593909151, 0.00, 100.00, 0.00, 2.25, 0, 0 
7, 73273, 593927018, 0.00, 100.00, 0.00, 2.25, 0, 0 
8, 73273, 593944902, 0.00, 100.00, 0.00, 2.25, 0, 0 
9, 73273, 593962802, 0.00, 100.00, 0.00, 2.25, 0, 0 
0, 73273, 593987152, 0.00, 100.00, 0.00, 2.25, 0, 0 
1, 73273, 594011806, 0.00, 100.00, 0.00, 2.25, 0, 0 
2, 73273, 594031355, 0.00, 100.00, 0.00, 2.25, 0, 0 
3, 73273, 594049624, 0.00, 100.00, 0.00, 2.25, 0, 0 
4, 73273, 594067657, 0.00, 100.00, 0.00, 2.25, 0, 0 
5, 73273, 594085570, 0.00, 100.00, 0.00, 2.25, 0, 0 
6, 73273, 594103562, 0.00, 100.00, 0.00, 2.25, 0, 0 
7, 73273, 594121517, 0.00, 100.00, 0.00, 2.25, 0, 0 
8, 73273, 594139441, 0.00, 100.00, 0.00, 2.25, 0, 0 
9, 73273, 594157306, 0.00, 100.00, 0.00, 2.25, 0, 0 
0, 73273, 594181493, 0.00, 100.00, 0.00, 2.25, 0, 0 
1, 73273, 594205645, 0.00, 100.00, 0.00, 2.25, 0, 0 
2, 73273, 594225062, 0.00, 100.00, 0.00, 2.25, 0, 0 
3, 73273, 594243280, 0.00, 100.00, 0.00, 2.25, 0, 0 
4, 73273, 594261282, 0.00, 100.00, 0.00, 2.25, 0, 0 
5, 73273, 594279280, 0.00, 100.00, 0.00, 2.25, 0, 0 
6, 73273, 594297235, 0.00, 100.00, 0.00, 2.25, 0, 0 
7, 73273, 594315212, 0.00, 100.00, 0.00, 2.25, 0, 0 
8, 73273, 594333231, 0.00, 100.00, 0.00, 2.25, 0, 0 
9, 73273, 594351147, 0.00, 100.00, 0.00, 2.25, 0, 0 
0, 73273, 594375458, 0.00, 100.00, 0.00, 2.25, 0, 0 
1, 73273, 594399691, 0.00, 100.00, 0.00, 2.25, 0, 0 
2, 73273, 594419056, 0.00, 100.00, 0.00, 2.25, 0, 0 
3, 73273, 594437126, 0.00, 100.00, 0.00, 2.25, 0, 0 
4, 73273, 594455007, 0.00, 100.00, 0.00, 2.25, 0, 0 
5, 73273, 594473055, 0.00, 100.00, 0.00, 2.25, 0, 0 
6, 73273, 594490996, 0.00, 100.00, 0.00, 2.25, 0, 0 
7, 73273, 594508947, 0.00, 100.00, 0.00, 2.25, 0, 0 
8, 73273, 594526864, 0.00, 100.00, 0.00, 2.25, 0, 0 
9, 73273, 594544854, 0.00, 100.00, 0.00, 2.25, 0, 0 
0, 73273, 594569117, 0.00, 100.00, 0.00, 2.25, 0, 0 
1, 73273, 594593273, 0.00, 100.00, 0.00, 2.25, 0, 0 
2, 73273, 594612682, 0.00, 100.00, 0.00, 2.25, 0, 0 
3, 73273, 594630751, 0.00, 100.00, 0.00, 2.25, 0, 0 
4, 73273, 594648758, 0.00, 100.00, 0.00, 2.25, 0, 0 
5, 73273, 594667211, 0.00, 100.00, 0.00, 2.25, 0, 0 
6, 73273, 594696586, 0.00, 100.00, 0.00, 2.25, 0, 0 
7, 73273, 594716513, 0.00, 100.00, 0.00, 2.25, 0, 0 
8, 73273, 594734778, 0.00, 100.00, 0.00, 2.25, 0, 0 
9, 73273, 594752702, 0.00, 100.00, 0.00, 2.25, 0, 0 
0, 73273, 594776938, 0.00, 100.00, 0.00, 2.25, 0, 0 
1, 73273, 594801365, 0.00, 100.00, 0.00, 2.25, 0, 0 
2, 73273, 594820876, 0.00, 100.00, 0.00, 2.25, 0, 0 
3, 73273, 594839122, 0.00, 100.00, 0.00, 2.25, 0, 0 
4, 73273, 594856993, 0.00, 100.00, 0.00, 2.25, 0, 0 
5, 73273, 594874873, 0.00, 100.00, 0.00, 2.25, 0, 0 
6, 73273, 594892744, 0.00, 100.00, 0.00, 2.25, 0, 0 
7, 73273, 594910646, 0.00, 100.00, 0.00, 2.25, 0, 0 
8, 73273, 594928570, 0.00, 100.00, 0.00, 2.25, 0, 0 
9, 73273, 594946465, 0.00, 100.00, 0.00, 2.25, 0, 0 
0, 73273, 594970659, 0.00, 100.00, 0.00, 2.25, 0, 0 
1, 73273, 594994799, 0.00, 100.00, 0.00, 2.25, 0, 0 
2, 73273, 595014193, 0.00, 100.00, 0.00, 2.25, 0, 0 
3, 73273, 595032330, 0.00, 100.00, 0.00, 2.25, 0, 0 
4, 73273, 595050105, 0.00, 100.00, 0.00, 2.25, 0, 0 
5, 73273, 595068053, 0.00, 100.00, 0.00, 2.25, 0, 0 
6, 73273, 595085902, 0.00, 100.00, 0.00, 2.25, 0, 0 
7, 73273, 595103695, 0.00, 100.00, 0.00, 2.25, 0, 0 
8, 73273, 595121682, 0.00, 100.00, 0.00, 2.25, 0, 0 
9, 73273, 595139546, 0.00, 100.00, 0.00, 2.25, 0, 0 
0, 73273, 595163691, 0.00, 100.00, 0.00, 2.25, 0, 0 
1, 73273, 595187772, 0.00, 100.00, 0.00, 2.25, 0, 0 
2, 73273, 595207138, 0.00, 100.00, 0.00, 2.25, 0, 0 
3, 73273, 595225230, 0.00, 100.00, 0.00, 2.25, 0, 0 
4, 73273, 595243261, 0.00, 100.00, 0.00, 2.25, 0, 0 
5, 73273, 595261114, 0.00, 100.00, 0.00, 2.25, 0, 0 
6, 73273, 595278984, 0.00, 100.00, 0.00, 2.25, 0, 0 
7, 73273, 595296902, 0.00, 100.00, 0.00, 2.25, 0, 0 
8, 73273, 595314815, 0.00, 100.00, 0.00, 2.25, 0, 0 
9, 73273, 595332697, 0.00, 100.00, 0.00, 2.25, 0, 0 
0, 73273, 595356807, 0.00, 100.00, 0.00, 2.25, 0, 0 
1, 73273, 595380935, 0.00, 100.00, 0.00, 2.25, 0, 0 
2, 73273, 595400208, 0.00, 100.00, 0.00, 2.25, 0, 0 
3, 73273, 595418273, 0.00, 100.00, 0.00, 2.25, 0, 0 
4, 73273, 595436157, 0.00, 100.00, 0.00, 2.25, 0, 0 
5, 73273, 595453961, 0.00, 100.00, 0.00, 2.25, 0, 0 
6, 73273, 595471834, 0.00, 100.00, 0.00, 2.25, 0, 0 
7, 73273, 595489664, 0.00, 100.00, 0.00, 2.25, 0, 0 
8, 73273, 595507576, 0.00, 100.00, 0.00, 2.25, 0, 0 
9, 73273, 595525381, 0.00, 100.00, 0.00, 2.25, 0, 0 
0, 73273, 595549392, 0.00, 100.00, 0.00, 2.25, 0, 0 
1, 73273, 595573534, 0.00, 100.00, 0.00, 2.25, 0, 0 
2, 73273, 595592953, 0.00, 100.00, 0.00, 2.25, 0, 0 
3, 73273, 595611074, 0.00, 100.00, 0.00, 2.25, 0, 0 
4, 73273, 595629051, 0.00, 100.00, 0.00, 2.25, 0, 0 
5, 73273, 595647015, 0.00, 100.00, 0.00, 2.25, 0, 0 
6, 73273, 595664893, 0.00, 100.00, 0.00, 2.25, 0, 0 
7, 73273, 595682829, 0.00, 100.00, 0.00, 2.25, 0, 0 
8, 73273, 595700864, 0.00, 100.00, 0.00, 2.25, 0, 0 
9, 73273, 595718733, 0.00, 100.00, 0.00, 2.25, 0, 0 
0, 73273, 595742910, 0.00, 100.00, 0.00, 2.25, 0, 0 
1, 73273, 595767023, 0.00, 100.00, 0.00, 2.25, 0, 0 
2, 73273, 595786345, 0.00, 100.00, 0.00, 2.25, 0, 0 
3, 73273, 595804412, 0.00, 100.00, 0.00, 2.25, 0, 0 
4, 73273, 595822295, 0.00, 100.00, 0.00, 2.25, 0, 0 
5, 73273, 595840202, 0.00, 100.00, 0.00, 2.25, 0, 0 
6, 73273, 595857998, 0.00, 100.00, 0.00, 2.25, 0, 0 
7, 73273, 595875764, 0.00, 100.00, 0.00, 2.25, 0, 0 
8, 73273, 595893633, 0.00, 100.00, 0.00, 2.25, 0, 0 
9, 73273, 595911499, 0.00, 100.00, 0.00, 2.25, 0, 0 
0, 73273, 595935472, 0.00, 100.00, 0.00, 2.25, 0, 0 
1, 73273, 595959572, 0.00, 100.00, 0.00, 2.25, 0, 0 
2, 73273, 595978912, 0.00, 100.00, 0.00, 2.25, 0, 0 
3, 73273, 595997256, 0.00, 100.00, 0.00, 2.25, 0, 0 
4, 73273, 596038218, 0.00, 100.00, 0.00, 2.25, 0, 0 
5, 73273, 596061436, 0.00, 100.00, 0.00, 2.25, 0, 0 
6, 73273, 596083008, 0.00, 100.00, 0.00, 2.25, 0, 0 
7, 73273, 596104445, 0.00, 100.00, 0.00, 2.25, 0, 0 
8, 73273, 596125885, 0.00, 100.00, 0.00, 2.25, 0, 0 
9, 73273, 596147284, 0.00, 100.00, 0.00, 2.25, 0, 0 
0, 73273, 596176288, 0.00, 100.00, 0.00, 2.25, 0, 0 
1, 73273, 596201009, 0.00, 100.00, 0.00, 2.25, 0, 0 
2, 73273, 596235060, 0.00, 100.00, 0.00, 2.25, 0, 0 
3, 73273, 596258443, 0.00, 100.00, 0.00, 2.25, 0, 0 
4, 73273, 596280108, 0.00, 100.00, 0.00, 2.25, 0, 0 
5, 73273, 596301615, 0.00, 100.00, 0.00, 2.25, 0, 0 
6, 73273, 596323008, 0.00, 100.00, 0.00, 2.25, 0, 0 
7, 73273, 596344345, 0.00, 100.00, 0.00, 2.25, 0, 0 
8, 73273, 596365838, 0.00, 100.00, 0.00, 2.25, 0, 0 
9, 73273, 596387240, 0.00, 100.00, 0.00, 2.25, 0, 0 
0, 73273, 596416393, 0.00, 100.00, 0.00, 2.25, 0, 0 
1, 73273, 596442436, 0.00, 100.00, 0.00, 2.25, 0, 0 
2, 73273, 596464574, 0.00, 100.00, 0.00, 2.25, 0, 0 
3, 73273, 596486327, 0.00, 100.00, 0.00, 2.25, 0, 0 
4, 73273, 596507717, 0.00, 100.00, 0.00, 2.25, 0, 0 
5, 73273, 596529161, 0.00, 100.00, 0.00, 2.25, 0, 0 
6, 73273, 596550576, 0.00, 100.00, 0.00, 2.25, 0, 0 
7, 73273, 596572101, 0.00, 100.00, 0.00, 2.25, 0, 0 
8, 73273, 596593480, 0.00, 100.00, 0.00, 2.25, 0, 0 
9, 73273, 596614755, 0.00, 100.00, 0.00, 2.25, 0, 0 
0, 73273, 596643557, 0.00, 100.00, 0.00, 2.25, 0, 0 
1, 73273, 596669663, 0.00, 100.00, 0.00, 2.25, 0, 0 
2, 73273, 596691757, 0.00, 100.00, 0.00, 2.25, 0, 0 
3, 73273, 596713029, 0.00, 100.00, 0.00, 2.25, 0, 0 
4, 73273, 596734398, 0.00, 100.00, 0.00, 2.25, 0, 0 
5, 73273, 596755953, 0.00, 100.00, 0.00, 2.25, 0, 0 
6, 73273, 596777384, 0.00, 100.00, 0.00, 2.25, 0, 0 
7, 73273, 596798710, 0.00, 100.00, 0.00, 2.25, 0, 0 
8, 73273, 596820081, 0.00, 100.00, 0.00, 2.25, 0, 0 
9, 73273, 596841648, 0.00, 100.00, 0.00, 2.25, 0, 0 
0, 73273, 596870708, 0.00, 100.00, 0.00, 2.25, 0, 0 
1, 73273, 596896735, 0.00, 100.00, 0.00, 2.25, 0, 0 
2, 73273, 596918827, 0.00, 100.00, 0.00, 2.25, 0, 0 
3, 73273, 596940089, 0.00, 100.00, 0.00, 2.25, 0, 0 
4, 73273, 596961564, 0.00, 100.00, 0.00, 2.25, 0, 0 
5, 73273, 596982913, 0.00, 100.00, 0.00, 2.25, 0, 0 
6, 73273, 597004333, 0.00, 100.00, 0.00, 2.25, 0, 0 
7, 73273, 597025746, 0.00, 100.00, 0.00, 2.25, 0, 0 
8, 73273, 597047086, 0.00, 100.00, 0.00, 2.25, 0, 0 
9, 73273, 597068514, 0.00, 100.00, 0.00, 2.25, 0, 0 
0, 73273, 597099311, 0.00, 100.00, 0.00, 2.25, 0, 0 
1, 73273, 597123677, 0.00, 100.00, 0.00, 2.25, 0, 0 
2, 73273, 597145797, 0.00, 100.00, 0.00, 2.25, 0, 0 
3, 73273, 597167623, 0.00, 100.00, 0.00, 2.25, 0, 0 
4, 73273, 597189134, 0.00, 100.00, 0.00, 2.25, 0, 0 
5, 73273, 597210578, 0.00, 100.00, 0.00, 2.25, 0, 0 
6, 73273, 597232007, 0.00, 100.00, 0.00, 2.25, 0, 0 
7, 73273, 597253513, 0.00, 100.00, 0.00, 2.25, 0, 0 
8, 73273, 597275007, 0.00, 100.00, 0.00, 2.25, 0, 0 
9, 73273, 597296550, 0.00, 100.00, 0.00, 2.25, 0, 0 
0, 73273, 597325657, 0.00, 100.00, 0.00, 2.25, 0, 0 
1, 73273, 597351699, 0.00, 100.00, 0.00, 2.25, 0, 0 
2, 73273, 597373777, 0.00, 100.00, 0.00, 2.25, 0, 0 
3, 73273, 597395035, 0.00, 100.00, 0.00, 2.25, 0, 0 
4, 73273, 597416470, 0.00, 100.00, 0.00, 2.25, 0, 0 
5, 73273, 597437894, 0.00, 100.00, 0.00, 2.25, 0, 0 
6, 73273, 597459369, 0.00, 100.00, 0.00, 2.25, 0, 0 
7, 73273, 597480752, 0.00, 100.00, 0.00, 2.25, 0, 0 
8, 73273, 597502138, 0.00, 100.00, 0.00, 2.25, 0, 0 
9, 73273, 597523500, 0.00, 100.00, 0.00, 2.25, 0, 0 
0, 73273, 597554154, 0.00, 100.00, 0.00, 2.25, 0, 0 
1, 73273, 597578611, 0.00, 100.00, 0.00, 2.25, 0, 0 
2, 73273, 597600787, 0.00, 100.00, 0.00, 2.25, 0, 0 
3, 73273, 597622516, 0.00, 100.00, 0.00, 2.25, 0, 0 
4, 73273, 597643973, 0.00, 100.00, 0.00, 2.25, 0, 0 
5, 73273, 597665387, 0.00, 100.00, 0.00, 2.25, 0, 0 
6, 73273, 597686761, 0.00, 100.00, 0.00, 2.25, 0, 0 
7, 73273, 597708218, 0.00, 100.00, 0.00, 2.25, 0, 0 
8, 73273, 597729622, 0.00, 100.00, 0.00, 2.25, 0, 0 
9, 73273, 597751086, 0.00, 100.00, 0.00, 2.25, 0, 0 
0, 73273, 597779902, 0.00, 100.00, 0.00, 2.25, 0, 0 
1, 73273, 597805932, 0.00, 100.00, 0.00, 2.25, 0, 0 
2, 73273, 597827961, 0.00, 100.00, 0.00, 2.25, 0, 0 
3, 73273, 597849672, 0.00, 100.00, 0.00, 2.25, 0, 0 
4, 73273, 597870897, 0.00, 100.00, 0.00, 2.25, 0, 0 
5, 73273, 597892375, 0.00, 100.00, 0.00, 2.25, 0, 0 
6, 73273, 597913833, 0.00, 100.00, 0.00, 2.25, 0, 0 
7, 73273, 597935269, 0.00, 100.00, 0.00, 2.25, 0, 0 
8, 73273, 597954857, 0.00, 100.00, 0.00, 2.25, 0, 0 
9, 73273, 597978934, 0.00, 100.00, 0.00, 2.25, 0, 0 
0, 73273, 598018298, 0.00, 100.00, 0.00, 2.25, 0, 0 
1, 73273, 598044744, 0.00, 100.00, 0.00, 2.25, 0, 0 
2, 73273, 598067133, 0.00, 100.00, 0.00, 2.25, 0, 0 
3, 73273, 598089045, 0.00, 100.00, 0.00, 2.25, 0, 0 
4, 73273, 598110727, 0.00, 100.00, 0.00, 2.25, 0, 0 
5, 73273, 598132137, 0.00, 100.00, 0.00, 2.25, 0, 0 
6, 73273, 598153624, 0.00, 100.00, 0.00, 2.25, 0, 0 
7, 73273, 598174878, 0.00, 100.00, 0.00, 2.25, 0, 0 
8, 73273, 598196381, 0.00, 100.00, 0.00, 2.25, 0, 0 
9, 73273, 598217822, 0.00, 100.00, 0.00, 2.25, 0, 0 
0, 73273, 598246824, 0.00, 100.00, 0.00, 2.25, 0, 0 
1, 73273, 598272866, 0.00, 100.00, 0.00, 2.25, 0, 0 
2, 73273, 598294905, 0.00, 100.00, 0.00, 2.25, 0, 0 
3, 73273, 598316737, 0.00, 100.00, 0.00, 2.25, 0, 0 
4, 73273, 598338376, 0.00, 100.00, 0.00, 2.25, 0, 0 
5, 73273, 598359904, 0.00, 100.00, 0.00, 2.25, 0, 0 
6, 73273, 598381303, 0.00, 100.00, 0.00, 2.25, 0, 0 
7, 73273, 598402748, 0.00, 100.00, 0.00, 2.25, 0, 0 
8, 73273, 598424185, 0.00, 100.00, 0.00, 2.25, 0, 0 
9, 73273, 598445638, 0.00, 100.00, 0.00, 2.25, 0, 0 
0, 73273, 598474431, 0.00, 100.00, 0.00, 2.25, 0, 0 
1, 73273, 598500529, 0.00, 100.00, 0.00, 2.25, 0, 0 
2, 73273, 598522626, 0.00, 100.00, 0.00, 2.25, 0, 0 
3, 73273, 598543948, 0.00, 100.00, 0.00, 2.25, 0, 0 
4, 73273, 598565496, 0.00, 100.00, 0.00, 2.25, 0, 0 
5, 73273, 598586906, 0.00, 100.00, 0.00, 2.25, 0, 0 
6, 73273, 598639394, 0.00, 100.00, 0.00, 2.25, 0, 0 
7, 73273, 598661079, 0.00, 100.00, 0.00, 2.25, 0, 0 
8, 73273, 598682557, 0.00, 100.00, 0.00, 2.25, 0, 0 
9, 73273, 598703997, 0.00, 100.00, 0.00, 2.25, 0, 0 
0, 73273, 598733077, 0.00, 100.00, 0.00, 2.25, 0, 0 
1, 73273, 598758978, 0.00, 100.00, 0.00, 2.25, 0, 0 
2, 73273, 598781095, 0.00, 100.00, 0.00, 2.25, 0, 0 
3, 73273, 598802256, 0.00, 100.00, 0.00, 2.25, 0, 0 
4, 73273, 598823710, 0.00, 100.00, 0.00, 2.25, 0, 0 
5, 73273, 598845186, 0.00, 100.00, 0.00, 2.25, 0, 0 
6, 73273, 598866482, 0.00, 100.00, 0.00, 2.25, 0, 0 
7, 73273, 598887849, 0.00, 100.00, 0.00, 2.25, 0, 0 
8, 73273, 598909190, 0.00, 100.00, 0.00, 2.25, 0, 0 
9, 73273, 598930740, 0.00, 100.00, 0.00, 2.25, 0, 0 
0, 73273, 598959555, 0.00, 100.00, 0.00, 2.25, 0, 0 
1, 73273, 598985682, 0.00, 100.00, 0.00, 2.25, 0, 0 
2, 73273, 599008218, 0.00, 100.00, 0.00, 2.25, 0, 0 
3, 73273, 599030135, 0.00, 100.00, 0.00, 2.25, 0, 0 
4, 73273, 599051686, 0.00, 100.00, 0.00, 2.25, 0, 0 
5, 73273, 599073087, 0.00, 100.00, 0.00, 2.25, 0, 0 
6, 73273, 599094532, 0.00, 100.00, 0.00, 2.25, 0, 0 
7, 73273, 599115938, 0.00, 100.00, 0.00, 2.25, 0, 0 
8, 73273, 599137259, 0.00, 100.00, 0.00, 2.25, 0, 0 
9, 73273, 599163977, 0.00, 100.00, 0.00, 2.25, 0, 0 
0, 73273, 599208924, 0.00, 100.00, 0.00, 2.25, 0, 0 
1, 73273, 599257489, 0.00, 100.00, 0.00, 2.25, 0, 0 
2, 73273, 599295364, 0.00, 100.00, 0.00, 2.25, 0, 0 
3, 73273, 599330693, 0.00, 100.00, 0.00, 2.25, 0, 0 
4, 73273, 599368991, 0.00, 100.00, 0.00, 2.25, 0, 0 
5, 73273, 599398035, 0.00, 100.00, 0.00, 2.25, 0, 0 
6, 73273, 599421426, 0.00, 100.00, 0.00, 2.25, 0, 0 
7, 73273, 599443977, 0.00, 100.00, 0.00, 2.25, 0, 0 
8, 73273, 599466491, 0.00, 100.00, 0.00, 2.25, 0, 0 
9, 73273, 599488978, 0.00, 100.00, 0.00, 2.25, 0, 0 
0, 73273, 599523088, 0.00, 100.00, 0.00, 2.25, 0, 0 
1, 73273, 599550391, 0.00, 100.00, 0.00, 2.25, 0, 0 
2, 73273, 599587393, 0.00, 100.00, 0.00, 2.25, 0, 0 
3, 73273, 599617063, 0.00, 100.00, 0.00, 2.25, 0, 0 
4, 73273, 599640987, 0.00, 100.00, 0.00, 2.25, 0, 0 
5, 73273, 599664421, 0.00, 100.00, 0.00, 2.25, 0, 0 
6, 73273, 599687841, 0.00, 100.00, 0.00, 2.25, 0, 0 
7, 73273, 599711173, 0.00, 100.00, 0.00, 2.25, 0, 0 
8, 73273, 599734652, 0.00, 100.00, 0.00, 2.25, 0, 0 
9, 73273, 599757987, 0.00, 100.00, 0.00, 2.25, 0, 0 
0, 73273, 599791364, 0.00, 100.00, 0.00, 2.25, 0, 0 
1, 73273, 599826146, 0.00, 100.00, 0.00, 2.25, 0, 0 
2, 73273, 599855022, 0.00, 100.00, 0.00, 2.25, 0, 0 
3, 73273, 599882470, 0.00, 100.00, 0.00, 2.25, 0, 0 
4, 73273, 599906013, 0.00, 100.00, 0.00, 2.25, 0, 0 
5, 73273, 599929322, 0.00, 100.00, 0.00, 2.25, 0, 0 
6, 73273, 599952618, 0.00, 100.00, 0.00, 2.25, 0, 0 
7, 73273, 599975994, 0.00, 100.00, 0.00, 2.25, 0, 0 
8, 73273, 599999513, 0.00, 100.00, 0.00, 2.25, 0, 0 
9, 73273, 600042686, 0.00, 100.00, 0.00, 2.25, 0, 0 
0, 73273, 600087075, 0.00, 100.00, 0.00, 2.25, 0, 0 
1, 73273, 600122587, 0.00, 100.00, 0.00, 2.25, 0, 0 
2, 73273, 600157229, 0.00, 100.00, 0.00, 2.25, 0, 0 
3, 73273, 600192727, 0.00, 100.00, 0.00, 2.25, 0, 0 
4, 73273, 600223163, 0.00, 100.00, 0.00, 2.25, 0, 0 
5, 73273, 600253197, 0.00, 100.00, 0.00, 2.25, 0, 0 
6, 73273, 600284221, 0.00, 100.00, 0.00, 2.25, 0, 0 
7, 73273, 600314159, 0.00, 100.00, 0.00, 2.25, 0, 0 
8, 73273, 600344086, 0.00, 100.00, 0.00, 2.25, 0, 0 
9, 73273, 600374250, 0.00, 100.00, 0.00, 2.25, 0, 0 
0, 73273, 600415972, 0.00, 100.00, 0.00, 2.25, 0, 0 
1, 73273, 600451506, 0.00, 100.00, 0.00, 2.25, 0, 0 
2, 73273, 600485466, 0.00, 100.00, 0.00, 2.25, 0, 0 
3, 73273, 600520635, 0.00, 100.00, 0.00, 2.25, 0, 0 
4, 73273, 600550616, 0.00, 100.00, 0.00, 2.25, 0, 0 
5, 73273, 600579973, 0.00, 100.00, 0.00, 2.25, 0, 0 
6, 73273, 600615165, 0.00, 100.00, 0.00, 2.25, 0, 0 
7, 73273, 600645615, 0.00, 100.00, 0.00, 2.25, 0, 0 
8, 73273, 600675746, 0.00, 100.00, 0.00, 2.25, 0, 0 
9, 73273, 600706946, 0.00, 100.00, 0.00, 2.25, 0, 0 
0, 73273, 600749636, 0.00, 100.00, 0.00, 2.25, 0, 0 
1, 73273, 600785478, 0.00, 100.00, 0.00, 2.25, 0, 0 
2, 73273, 600822092, 0.00, 100.00, 0.00, 2.25, 0, 0 
3, 73273, 600848223, 0.00, 100.00, 0.00, 2.25, 0, 0 
4, 73273, 600866779, 0.00, 100.00, 0.00, 2.25, 0, 0 
5, 73273, 600884861, 0.00, 100.00, 0.00, 2.25, 0, 0 
6, 73273, 600902869, 0.00, 100.00, 0.00, 2.25, 0, 0 
7, 73273, 600920809, 0.00, 100.00, 0.00, 2.25, 0, 0 
8, 73273, 600938704, 0.00, 100.00, 0.00, 2.25, 0, 0 
9, 73273, 600956612, 0.00, 100.00, 0.00, 2.25, 0, 0 
0, 73273, 600981045, 0.00, 100.00, 0.00, 2.25, 0, 0 
1, 73273, 601005382, 0.00, 100.00, 0.00, 2.25, 0, 0 
2, 73273, 601036933, 0.00, 100.00, 0.00, 2.25, 0, 0 
3, 73273, 601064106, 0.00, 100.00, 0.00, 2.25, 0, 0 
4, 73273, 601087385, 0.00, 100.00, 0.00, 2.25, 0, 0 
5, 73273, 601110504, 0.00, 100.00, 0.00, 2.25, 0, 0 
6, 73273, 601133235, 0.00, 100.00, 0.00, 2.25, 0, 0 
7, 73273, 601156356, 0.00, 100.00, 0.00, 2.25, 0, 0 
8, 73273, 601178850, 0.00, 100.00, 0.00, 2.25, 0, 0 
9, 73273, 601201746, 0.00, 100.00, 0.00, 2.25, 0, 0 
0, 73273, 601233914, 0.00, 100.00, 0.00, 2.25, 0, 0 
1, 73273, 601267441, 0.00, 100.00, 0.00, 2.25, 0, 0 
2, 73273, 601299121, 0.00, 100.00, 0.00, 2.25, 0, 0 
3, 73273, 601325646, 0.00, 100.00, 0.00, 2.25, 0, 0 
4, 73273, 601348703, 0.00, 100.00, 0.00, 2.25, 0, 0 
5, 73273, 601371770, 0.00, 100.00, 0.00, 2.25, 0, 0 
6, 73273, 601394251, 0.00, 100.00, 0.00, 2.25, 0, 0 
7, 73273, 601416943, 0.00, 100.00, 0.00, 2.25, 0, 0 
8, 73273, 601439308, 0.00, 100.00, 0.00, 2.25, 0, 0 
9, 73273, 601461677, 0.00, 100.00, 0.00, 2.25, 0, 0 
0, 73273, 601493623, 0.00, 100.00, 0.00, 2.25, 0, 0 
1, 73273, 601526814, 0.00, 100.00, 0.00, 2.25, 0, 0 
2, 73273, 601554585, 0.00, 100.00, 0.00, 2.25, 0, 0 
3, 73273, 601580849, 0.00, 100.00, 0.00, 2.25, 0, 0 
4, 73273, 601603878, 0.00, 100.00, 0.00, 2.25, 0, 0 
5, 73273, 601626455, 0.00, 100.00, 0.00, 2.25, 0, 0 
6, 73273, 601648846, 0.00, 100.00, 0.00, 2.25, 0, 0 
7, 73273, 601671799, 0.00, 100.00, 0.00, 2.25, 0, 0 
8, 73273, 601694354, 0.00, 100.00, 0.00, 2.25, 0, 0 
9, 73273, 601716809, 0.00, 100.00, 0.00, 2.25, 0, 0 
0, 73273, 601748902, 0.00, 100.00, 0.00, 2.25, 0, 0 
1, 73273, 601782101, 0.00, 100.00, 0.00, 2.25, 0, 0 
2, 73273, 601813242, 0.00, 100.00, 0.00, 2.25, 0, 0 
3, 73273, 601840118, 0.00, 100.00, 0.00, 2.25, 0, 0 
4, 73273, 601862813, 0.00, 100.00, 0.00, 2.25, 0, 0 
5, 73273, 601885427, 0.00, 100.00, 0.00, 2.25, 0, 0 
6, 73273, 601907755, 0.00, 100.00, 0.00, 2.25, 0, 0 
7, 73273, 601930270, 0.00, 100.00, 0.00, 2.25, 0, 0 
8, 73273, 601953378, 0.00, 100.00, 0.00, 2.25, 0, 0 
9, 73273, 601978373, 0.00, 100.00, 0.00, 2.25, 0, 0 
0, 73273, 602008424, 0.00, 100.00, 0.00, 2.25, 0, 0 
1, 73273, 602038347, 0.00, 100.00, 0.00, 2.25, 0, 0 
2, 73273, 602070134, 0.00, 100.00, 0.00, 2.25, 0, 0 
3, 73273, 602097497, 0.00, 100.00, 0.00, 2.25, 0, 0 
4, 73273, 602120581, 0.00, 100.00, 0.00, 2.25, 0, 0 
5, 73273, 602143638, 0.00, 100.00, 0.00, 2.25, 0, 0 
6, 73273, 602166770, 0.00, 100.00, 0.00, 2.25, 0, 0 
7, 73273, 602189626, 0.00, 100.00, 0.00, 2.25, 0, 0 
8, 73273, 602213802, 0.00, 100.00, 0.00, 2.25, 0, 0 
9, 73273, 602236691, 0.00, 100.00, 0.00, 2.25, 0, 0 
0, 73273, 602273585, 0.00, 100.00, 0.00, 2.25, 0, 0 
1, 73273, 602322038, 0.00, 100.00, 0.00, 2.25, 0, 0 
2, 73273, 602366110, 0.00, 100.00, 0.00, 2.25, 0, 0 
3, 73273, 602391725, 0.00, 100.00, 0.00, 2.25, 0, 0 
4, 73273, 602414940, 0.00, 100.00, 0.00, 2.25, 0, 0 
5, 73273, 602438213, 0.00, 100.00, 0.00, 2.25, 0, 0 
6, 73273, 602461339, 0.00, 100.00, 0.00, 2.25, 0, 0 
7, 73273, 602484329, 0.00, 100.00, 0.00, 2.25, 0, 0 
8, 73273, 602507362, 0.00, 100.00, 0.00, 2.25, 0, 0 
9, 73273, 602530530, 0.00, 100.00, 0.00, 2.25, 0, 0 
0, 73273, 602563333, 0.00, 100.00, 0.00, 2.25, 0, 0 
1, 73273, 602597230, 0.00, 100.00, 0.00, 2.25, 0, 0 
2, 73273, 602622741, 0.00, 100.00, 0.00, 2.25, 0, 0 
3, 73273, 602650071, 0.00, 100.00, 0.00, 2.25, 0, 0 
4, 73273, 602673215, 0.00, 100.00, 0.00, 2.25, 0, 0 
5, 73273, 602696378, 0.00, 100.00, 0.00, 2.25, 0, 0 
6, 73273, 602719376, 0.00, 100.00, 0.00, 2.25, 0, 0 
7, 73273, 602742598, 0.00, 100.00, 0.00, 2.25, 0, 0 
8, 73273, 602765675, 0.00, 100.00, 0.00, 2.25, 0, 0 
9, 73273, 602788752, 0.00, 100.00, 0.00, 2.25, 0, 0 
0, 73273, 602821367, 0.00, 100.00, 0.00, 2.25, 0, 0 
1, 73273, 602854462, 0.00, 100.00, 0.00, 2.25, 0, 0 
2, 73273, 602879826, 0.00, 100.00, 0.00, 2.25, 0, 0 
3, 73273, 602906903, 0.00, 100.00, 0.00, 2.25, 0, 0 
4, 73273, 602930067, 0.00, 100.00, 0.00, 2.25, 0, 0 
5, 73273, 602952735, 0.00, 100.00, 0.00, 2.25, 0, 0 
6, 73273, 602975860, 0.00, 100.00, 0.00, 2.25, 0, 0 
7, 73273, 602998907, 0.00, 100.00, 0.00, 2.25, 0, 0 
8, 73273, 603021582, 0.00, 100.00, 0.00, 2.25, 0, 0 
9, 73273, 603044670, 0.00, 100.00, 0.00, 2.25, 0, 0 
0, 73273, 603077170, 0.00, 100.00, 0.00, 2.25, 0, 0 
1, 73273, 603110548, 0.00, 100.00, 0.00, 2.25, 0, 0 
2, 73273, 603136054, 0.00, 100.00, 0.00, 2.25, 0, 0 
3, 73273, 603163155, 0.00, 100.00, 0.00, 2.25, 0, 0 
4, 73273, 603186295, 0.00, 100.00, 0.00, 2.25, 0, 0 
5, 73273, 603209492, 0.00, 100.00, 0.00, 2.25, 0, 0 
6, 73273, 603232674, 0.00, 100.00, 0.00, 2.25, 0, 0 
7, 73273, 603255791, 0.00, 100.00, 0.00, 2.25, 0, 0 
8, 73273, 603278562, 0.00, 100.00, 0.00, 2.25, 0, 0 
9, 73273, 603301596, 0.00, 100.00, 0.00, 2.25, 0, 0 
0, 73273, 603334185, 0.00, 100.00, 0.00, 2.25, 0, 0 
1, 73273, 603367780, 0.00, 100.00, 0.00, 2.25, 0, 0 
2, 73273, 603410734, 0.00, 100.00, 0.00, 2.25, 0, 0 
3, 73273, 603435431, 0.00, 100.00, 0.00, 2.25, 0, 0 
4, 73273, 603459013, 0.00, 100.00, 0.00, 2.25, 0, 0 
5, 73273, 603482264, 0.00, 100.00, 0.00, 2.25, 0, 0 
6, 73273, 603505425, 0.00, 100.00, 0.00, 2.25, 0, 0 
7, 73273, 603528479, 0.00, 100.00, 0.00, 2.25, 0, 0 
8, 73273, 603551668, 0.00, 100.00, 0.00, 2.25, 0, 0 
9, 73273, 603574774, 0.00, 100.00, 0.00, 2.25, 0, 0 
0, 73273, 603607720, 0.00, 100.00, 0.00, 2.25, 0, 0 
1, 73273, 603641395, 0.00, 100.00, 0.00, 2.25, 0, 0 
2, 73273, 603667256, 0.00, 100.00, 0.00, 2.25, 0, 0 
3, 73273, 603694038, 0.00, 100.00, 0.00, 2.25, 0, 0 
4, 73273, 603717378, 0.00, 100.00, 0.00, 2.25, 0, 0 
5, 73273, 603740456, 0.00, 100.00, 0.00, 2.25, 0, 0 
6, 73273, 603763589, 0.00, 100.00, 0.00, 2.25, 0, 0 
7, 73273, 603786478, 0.00, 100.00, 0.00, 2.25, 0, 0 
8, 73273, 603809758, 0.00, 100.00, 0.00, 2.25, 0, 0 
9, 73273, 603832883, 0.00, 100.00, 0.00, 2.25, 0, 0 
0, 73273, 603865826, 0.00, 100.00, 0.00, 2.25, 0, 0 
1, 73273, 603899654, 0.00, 100.00, 0.00, 2.25, 0, 0 
2, 73273, 603943632, 0.00, 100.00, 0.00, 2.25, 0, 0 
3, 73273, 603977060, 0.00, 100.00, 0.00, 2.25, 0, 0 
4, 73273, 604047878, 0.00, 100.00, 0.00, 2.25, 0, 0 
5, 73273, 604082787, 0.00, 100.00, 0.00, 2.25, 0, 0 
6, 73273, 604108348, 0.00, 100.00, 0.00, 2.25, 0, 0 
7, 73273, 604131751, 0.00, 100.00, 0.00, 2.25, 0, 0 
8, 73273, 604154880, 0.00, 100.00, 0.00, 2.25, 0, 0 
9, 73273, 604177901, 0.00, 100.00, 0.00, 2.25, 0, 0 
0, 73273, 604210407, 0.00, 100.00, 0.00, 2.25, 0, 0 
1, 73273, 604244694, 0.00, 100.00, 0.00, 2.25, 0, 0 
2, 73273, 604280969, 0.00, 100.00, 0.00, 2.25, 0, 0 
3, 73273, 604308115, 0.00, 100.00, 0.00, 2.25, 0, 0 
4, 73273, 604327008, 0.00, 100.00, 0.00, 2.25, 0, 0 
5, 73273, 604345027, 0.00, 100.00, 0.00, 2.25, 0, 0 
6, 73273, 604363129, 0.00, 100.00, 0.00, 2.25, 0, 0 
7, 73273, 604380956, 0.00, 100.00, 0.00, 2.25, 0, 0 
8, 73273, 604398946, 0.00, 100.00, 0.00, 2.25, 0, 0 
9, 73273, 604416837, 0.00, 100.00, 0.00, 2.25, 0, 0 
0, 73273, 604441108, 0.00, 100.00, 0.00, 2.25, 0, 0 
1, 73273, 604465853, 0.00, 100.00, 0.00, 2.25, 0, 0 
2, 73273, 604499120, 0.00, 100.00, 0.00, 2.25, 0, 0 
3, 73273, 604525878, 0.00, 100.00, 0.00, 2.25, 0, 0 
4, 73273, 604546500, 0.00, 100.00, 0.00, 2.25, 0, 0 
5, 73273, 604566734, 0.00, 100.00, 0.00, 2.25, 0, 0 
6, 73273, 604586917, 0.00, 100.00, 0.00, 2.25, 0, 0 
7, 73273, 604606750, 0.00, 100.00, 0.00, 2.25, 0, 0 
8, 73273, 604626532, 0.00, 100.00, 0.00, 2.25, 0, 0 
9, 73273, 604646264, 0.00, 100.00, 0.00, 2.25, 0, 0 
0, 73273, 604673334, 0.00, 100.00, 0.00, 2.25, 0, 0 
1, 73273, 604701342, 0.00, 100.00, 0.00, 2.25, 0, 0 
2, 73273, 604734287, 0.00, 100.00, 0.00, 2.25, 0, 0 
3, 73273, 604768929, 0.00, 100.00, 0.00, 2.25, 0, 0 
4, 73273, 604799125, 0.00, 100.00, 0.00, 2.25, 0, 0 
5, 73273, 604831835, 0.00, 100.00, 0.00, 2.25, 0, 0 
6, 73273, 604863870, 0.00, 100.00, 0.00, 2.25, 0, 0 
7, 73273, 604896018, 0.00, 100.00, 0.00, 2.25, 0, 0 
8, 73273, 604928295, 0.00, 100.00, 0.00, 2.25, 0, 0 
9, 73273, 604960228, 0.00, 100.00, 0.00, 2.25, 0, 0 
0, 73273, 605003639, 0.00, 100.00, 0.00, 2.25, 0, 0 
1, 73273, 605046558, 0.00, 100.00, 0.00, 2.25, 0, 0 
2, 73273, 605074576, 0.00, 100.00, 0.00, 2.25, 0, 0 
3, 73273, 605107983, 0.00, 100.00, 0.00, 2.25, 0, 0 
4, 73273, 605138636, 0.00, 100.00, 0.00, 2.25, 0, 0 
5, 73273, 605171374, 0.00, 100.00, 0.00, 2.25, 0, 0 
6, 73273, 605203213, 0.00, 100.00, 0.00, 2.25, 0, 0 
7, 73273, 605235623, 0.00, 100.00, 0.00, 2.25, 0, 0 
8, 73273, 605267153, 0.00, 100.00, 0.00, 2.25, 0, 0 
9, 73273, 605300221, 0.00, 100.00, 0.00, 2.25, 0, 0 
0, 73273, 605343589, 0.00, 100.00, 0.00, 2.25, 0, 0 
1, 73273, 605385934, 0.00, 100.00, 0.00, 2.25, 0, 0 
2, 73273, 605415790, 0.00, 100.00, 0.00, 2.25, 0, 0 
3, 73273, 605449390, 0.00, 100.00, 0.00, 2.25, 0, 0 
4, 73273, 605479167, 0.00, 100.00, 0.00, 2.25, 0, 0 
5, 73273, 605511784, 0.00, 100.00, 0.00, 2.25, 0, 0 
6, 73273, 605543398, 0.00, 100.00, 0.00, 2.25, 0, 0 
7, 73273, 605575654, 0.00, 100.00, 0.00, 2.25, 0, 0 
8, 73273, 605607798, 0.00, 100.00, 0.00, 2.25, 0, 0 
9, 73273, 605639985, 0.00, 100.00, 0.00, 2.25, 0, 0 
0, 73273, 605683330, 0.00, 100.00, 0.00, 2.25, 0, 0 
1, 73273, 605725703, 0.00, 100.00, 0.00, 2.25, 0, 0 
2, 73273, 605755389, 0.00, 100.00, 0.00, 2.25, 0, 0 
3, 73273, 605789337, 0.00, 100.00, 0.00, 2.25, 0, 0 
4, 73273, 605819058, 0.00, 100.00, 0.00, 2.25, 0, 0 
5, 73273, 605851627, 0.00, 100.00, 0.00, 2.25, 0, 0 
6, 73273, 605883500, 0.00, 100.00, 0.00, 2.25, 0, 0 
7, 73273, 605915252, 0.00, 100.00, 0.00, 2.25, 0, 0 
8, 73273, 605947137, 0.00, 100.00, 0.00, 2.25, 0, 0 
9, 73273, 605979031, 0.00, 100.00, 0.00, 2.25, 0, 0 
0, 73273, 606022162, 0.00, 100.00, 0.00, 2.25, 0, 0 
1, 73273, 606064668, 0.00, 100.00, 0.00, 2.25, 0, 0 
2, 73273, 606111208, 0.00, 100.00, 0.00, 2.25, 0, 0 
3, 73273, 606132900, 0.00, 100.00, 0.00, 2.25, 0, 0 
4, 73273, 606151370, 0.00, 100.00, 0.00, 2.25, 0, 0 
5, 73273, 606169433, 0.00, 100.00, 0.00, 2.25, 0, 0 
6, 73273, 606187333, 0.00, 100.00, 0.00, 2.25, 0, 0 
7, 73273, 606205261, 0.00, 100.00, 0.00, 2.25, 0, 0 
8, 73273, 606223119, 0.00, 100.00, 0.00, 2.25, 0, 0 
9, 73273, 606241012, 0.00, 100.00, 0.00, 2.25, 0, 0 
0, 73273, 606265087, 0.00, 100.00, 0.00, 2.25, 0, 0 
1, 73273, 606289827, 0.00, 100.00, 0.00, 2.25, 0, 0 
2, 73273, 606321960, 0.00, 100.00, 0.00, 2.25, 0, 0 
3, 73273, 606348824, 0.00, 100.00, 0.00, 2.25, 0, 0 
4, 73273, 606369598, 0.00, 100.00, 0.00, 2.25, 0, 0 
5, 73273, 606389769, 0.00, 100.00, 0.00, 2.25, 0, 0 
6, 73273, 606409764, 0.00, 100.00, 0.00, 2.25, 0, 0 
7, 73273, 606429723, 0.00, 100.00, 0.00, 2.25, 0, 0 
8, 73273, 606449589, 0.00, 100.00, 0.00, 2.25, 0, 0 
9, 73273, 606469087, 0.00, 100.00, 0.00, 2.25, 0, 0 
0, 73273, 606493879, 0.00, 100.00, 0.00, 2.25, 0, 0 
1, 73273, 606521814, 0.00, 100.00, 0.00, 2.25, 0, 0 
2, 73273, 606553041, 0.00, 100.00, 0.00, 2.25, 0, 0 
3, 73273, 606573793, 0.00, 100.00, 0.00, 2.25, 0, 0 
4, 73273, 606591991, 0.00, 100.00, 0.00, 2.25, 0, 0 
5, 73273, 606609987, 0.00, 100.00, 0.00, 2.25, 0, 0 
6, 73273, 606627710, 0.00, 100.00, 0.00, 2.25, 0, 0 
7, 73273, 606645639, 0.00, 100.00, 0.00, 2.25, 0, 0 
8, 73273, 606663508, 0.00, 100.00, 0.00, 2.25, 0, 0 
9, 73273, 606681395, 0.00, 100.00, 0.00, 2.25, 0, 0 
0, 73273, 606705676, 0.00, 100.00, 0.00, 2.25, 0, 0 
1, 73273, 606730079, 0.00, 100.00, 0.00, 2.25, 0, 0 
2, 73273, 606761786, 0.00, 100.00, 0.00, 2.25, 0, 0 
3, 73273, 606788574, 0.00, 100.00, 0.00, 2.25, 0, 0 
4, 73273, 606809214, 0.00, 100.00, 0.00, 2.25, 0, 0 
5, 73273, 606829228, 0.00, 100.00, 0.00, 2.25, 0, 0 
6, 73273, 606849031, 0.00, 100.00, 0.00, 2.25, 0, 0 
7, 73273, 606868921, 0.00, 100.00, 0.00, 2.25, 0, 0 
8, 73273, 606888668, 0.00, 100.00, 0.00, 2.25, 0, 0 
9, 73273, 606908506, 0.00, 100.00, 0.00, 2.25, 0, 0 
0, 73273, 606935402, 0.00, 100.00, 0.00, 2.25, 0, 0 
1, 73273, 606963310, 0.00, 100.00, 0.00, 2.25, 0, 0 
2, 73273, 606996726, 0.00, 100.00, 0.00, 2.25, 0, 0 
3, 73273, 607031512, 0.00, 100.00, 0.00, 2.25, 0, 0 
4, 73273, 607062473, 0.00, 100.00, 0.00, 2.25, 0, 0 
5, 73273, 607097890, 0.00, 100.00, 0.00, 2.25, 0, 0 
6, 73273, 607128908, 0.00, 100.00, 0.00, 2.25, 0, 0 
7, 73273, 607161505, 0.00, 100.00, 0.00, 2.25, 0, 0 
8, 73273, 607192981, 0.00, 100.00, 0.00, 2.25, 0, 0 
9, 73273, 607225384, 0.00, 100.00, 0.00, 2.25, 0, 0 
0, 73273, 607268661, 0.00, 100.00, 0.00, 2.25, 0, 0 
1, 73273, 607310961, 0.00, 100.00, 0.00, 2.25, 0, 0 
2, 73273, 607340951, 0.00, 100.00, 0.00, 2.25, 0, 0 
3, 73273, 607374749, 0.00, 100.00, 0.00, 2.25, 0, 0 
4, 73273, 607404197, 0.00, 100.00, 0.00, 2.25, 0, 0 
5, 73273, 607436710, 0.00, 100.00, 0.00, 2.25, 0, 0 
6, 73273, 607468357, 0.00, 100.00, 0.00, 2.25, 0, 0 
7, 73273, 607500416, 0.00, 100.00, 0.00, 2.25, 0, 0 
8, 73273, 607532576, 0.00, 100.00, 0.00, 2.25, 0, 0 
9, 73273, 607564925, 0.00, 100.00, 0.00, 2.25, 0, 0 
0, 73273, 607608121, 0.00, 100.00, 0.00, 2.25, 0, 0 
1, 73273, 607650612, 0.00, 100.00, 0.00, 2.25, 0, 0 
2, 73273, 607679215, 0.00, 100.00, 0.00, 2.25, 0, 0 
3, 73273, 607712725, 0.00, 100.00, 0.00, 2.25, 0, 0 
4, 73273, 607743281, 0.00, 100.00, 0.00, 2.25, 0, 0 
5, 73273, 607775992, 0.00, 100.00, 0.00, 2.25, 0, 0 
6, 73273, 607807366, 0.00, 100.00, 0.00, 2.25, 0, 0 
7, 73273, 607839589, 0.00, 100.00, 0.00, 2.25, 0, 0 
8, 73273, 607871953, 0.00, 100.00, 0.00, 2.25, 0, 0 
9, 73273, 607903767, 0.00, 100.00, 0.00, 2.25, 0, 0 
0, 73273, 607948576, 0.00, 100.00, 0.00, 2.25, 0, 0 
1, 73273, 607991230, 0.00, 100.00, 0.00, 2.25, 0, 0 
2, 73273, 608045924, 0.00, 100.00, 0.00, 2.25, 0, 0 
3, 73273, 608081250, 0.00, 100.00, 0.00, 2.25, 0, 0 
4, 73273, 608109845, 0.00, 100.00, 0.00, 2.25, 0, 0 
5, 73273, 608133498, 0.00, 100.00, 0.00, 2.25, 0, 0 
6, 73273, 608156608, 0.00, 100.00, 0.00, 2.25, 0, 0 
7, 73273, 608179662, 0.00, 100.00, 0.00, 2.25, 0, 0 
8, 73273, 608202724, 0.00, 100.00, 0.00, 2.25, 0, 0 
9, 73273, 608225763, 0.00, 100.00, 0.00, 2.25, 0, 0 
0, 73273, 608257805, 0.00, 100.00, 0.00, 2.25, 0, 0 
1, 73273, 608291634, 0.00, 100.00, 0.00, 2.25, 0, 0 
2, 73273, 608320069, 0.00, 100.00, 0.00, 2.25, 0, 0 
3, 73273, 608346485, 0.00, 100.00, 0.00, 2.25, 0, 0 
4, 73273, 608369601, 0.00, 100.00, 0.00, 2.25, 0, 0 
5, 73273, 608392304, 0.00, 100.00, 0.00, 2.25, 0, 0 
6, 73273, 608415023, 0.00, 100.00, 0.00, 2.25, 0, 0 
7, 73273, 608438005, 0.00, 100.00, 0.00, 2.25, 0, 0 
8, 73273, 608460932, 0.00, 100.00, 0.00, 2.25, 0, 0 
9, 73273, 608483804, 0.00, 100.00, 0.00, 2.25, 0, 0 
0, 73273, 608516099, 0.00, 100.00, 0.00, 2.25, 0, 0 
1, 73273, 608549632, 0.00, 100.00, 0.00, 2.25, 0, 0 
2, 73273, 608577832, 0.00, 100.00, 0.00, 2.25, 0, 0 
3, 73273, 608604052, 0.00, 100.00, 0.00, 2.25, 0, 0 
4, 73273, 608626608, 0.00, 100.00, 0.00, 2.25, 0, 0 
5, 73273, 608649597, 0.00, 100.00, 0.00, 2.25, 0, 0 
6, 73273, 608672899, 0.00, 100.00, 0.00, 2.25, 0, 0 
7, 73273, 608695685, 0.00, 100.00, 0.00, 2.25, 0, 0 
8, 73273, 608718701, 0.00, 100.00, 0.00, 2.25, 0, 0 
9, 73273, 608741707, 0.00, 100.00, 0.00, 2.25, 0, 0 
