Wed Nov 28 13:03:40 2018
StepTime, x, v, f, xdes, vdes, fdes, cmd, IR, LSB, LSF
0, 884750, 0.00, 100.00, 0.00, 2.25, 0, 0 
1, 465109, 0.00, 100.00, 0.00, 2.25, 0, 0 
2, 715438, 0.00, 100.00, 0.00, 2.25, 0, 0 
3, 561502, 0.00, 100.00, 0.00, 2.25, 0, 0 
4, 513262, 0.00, 100.00, 0.00, 2.25, 0, 0 
5, 407344, 0.00, 100.00, 0.00, 2.25, 0, 0 
6, 360442, 0.00, 100.00, 0.00, 2.25, 0, 0 
7, 528941, 0.00, 100.00, 0.00, 2.25, 0, 0 
8, 508614, 0.00, 100.00, 0.00, 2.25, 0, 0 
9, 440357, 0.00, 100.00, 0.00, 2.25, 0, 0 
0, 413509, 0.00, 100.00, 0.00, 2.25, 0, 0 
1, 369810, 0.00, 100.00, 0.00, 2.25, 0, 0 
2, 327486, 0.00, 100.00, 0.00, 2.25, 0, 0 
3, 317074, 0.00, 100.00, 0.00, 2.25, 0, 0 
4, 435542, 0.00, 100.00, 0.00, 2.25, 0, 0 
5, 431056, 0.00, 100.00, 0.00, 2.25, 0, 0 
6, 418067, 0.00, 100.00, 0.00, 2.25, 0, 0 
7, 437410, 0.00, 100.00, 0.00, 2.25, 0, 0 
8, 444748, 0.00, 100.00, 0.00, 2.25, 0, 0 
9, 123795, 0.00, 100.00, 0.00, 2.25, 0, 0 
0, 147429, 0.00, 100.00, 0.00, 2.25, 0, 0 
1, 137399, 0.00, 100.00, 0.00, 2.25, 0, 0 
2, 122234, 0.00, 100.00, 0.00, 2.25, 0, 0 
3, 118946, 0.00, 100.00, 0.00, 2.25, 0, 0 
4, 125496, 0.00, 100.00, 0.00, 2.25, 0, 0 
5, 125328, 0.00, 100.00, 0.00, 2.25, 0, 0 
6, 122571, 0.00, 100.00, 0.00, 2.25, 0, 0 
7, 121244, 0.00, 100.00, 0.00, 2.25, 0, 0 
8, 120279, 0.00, 100.00, 0.00, 2.25, 0, 0 
9, 117161, 0.00, 100.00, 0.00, 2.25, 0, 0 
0, 132096, 0.00, 100.00, 0.00, 2.25, 0, 0 
1, 110663, 0.00, 100.00, 0.00, 2.25, 0, 0 
2, 118394, 0.00, 100.00, 0.00, 2.25, 0, 0 
3, 122929, 0.00, 100.00, 0.00, 2.25, 0, 0 
4, 123088, 0.00, 100.00, 0.00, 2.25, 0, 0 
5, 122712, 0.00, 100.00, 0.00, 2.25, 0, 0 
6, 119179, 0.00, 100.00, 0.00, 2.25, 0, 0 
7, 122196, 0.00, 100.00, 0.00, 2.25, 0, 0 
8, 122471, 0.00, 100.00, 0.00, 2.25, 0, 0 
9, 122808, 0.00, 100.00, 0.00, 2.25, 0, 0 
0, 128850, 0.00, 100.00, 0.00, 2.25, 0, 0 
1, 126622, 0.00, 100.00, 0.00, 2.25, 0, 0 
2, 129500, 0.00, 100.00, 0.00, 2.25, 0, 0 
3, 120580, 0.00, 100.00, 0.00, 2.25, 0, 0 
4, 122130, 0.00, 100.00, 0.00, 2.25, 0, 0 
5, 122223, 0.00, 100.00, 0.00, 2.25, 0, 0 
6, 123250, 0.00, 100.00, 0.00, 2.25, 0, 0 
7, 121048, 0.00, 100.00, 0.00, 2.25, 0, 0 
8, 104601, 0.00, 100.00, 0.00, 2.25, 0, 0 
9, 155130, 0.00, 100.00, 0.00, 2.25, 0, 0 
0, 129919, 0.00, 100.00, 0.00, 2.25, 0, 0 
1, 124270, 0.00, 100.00, 0.00, 2.25, 0, 0 
2, 123686, 0.00, 100.00, 0.00, 2.25, 0, 0 
3, 122774, 0.00, 100.00, 0.00, 2.25, 0, 0 
4, 105907, 0.00, 100.00, 0.00, 2.25, 0, 0 
5, 151013, 0.00, 100.00, 0.00, 2.25, 0, 0 
6, 120387, 0.00, 100.00, 0.00, 2.25, 0, 0 
7, 122371, 0.00, 100.00, 0.00, 2.25, 0, 0 
8, 120894, 0.00, 100.00, 0.00, 2.25, 0, 0 
9, 120976, 0.00, 100.00, 0.00, 2.25, 0, 0 
0, 127724, 0.00, 100.00, 0.00, 2.25, 0, 0 
1, 125295, 0.00, 100.00, 0.00, 2.25, 0, 0 
2, 119651, 0.00, 100.00, 0.00, 2.25, 0, 0 
3, 121372, 0.00, 100.00, 0.00, 2.25, 0, 0 
4, 121370, 0.00, 100.00, 0.00, 2.25, 0, 0 
5, 122524, 0.00, 100.00, 0.00, 2.25, 0, 0 
6, 121092, 0.00, 100.00, 0.00, 2.25, 0, 0 
7, 122644, 0.00, 100.00, 0.00, 2.25, 0, 0 
8, 156163, 0.00, 100.00, 0.00, 2.25, 0, 0 
9, 122202, 0.00, 100.00, 0.00, 2.25, 0, 0 
0, 127836, 0.00, 100.00, 0.00, 2.25, 0, 0 
1, 125514, 0.00, 100.00, 0.00, 2.25, 0, 0 
2, 120591, 0.00, 100.00, 0.00, 2.25, 0, 0 
3, 123162, 0.00, 100.00, 0.00, 2.25, 0, 0 
4, 121656, 0.00, 100.00, 0.00, 2.25, 0, 0 
5, 122736, 0.00, 100.00, 0.00, 2.25, 0, 0 
6, 134786, 0.00, 100.00, 0.00, 2.25, 0, 0 
7, 116170, 0.00, 100.00, 0.00, 2.25, 0, 0 
8, 123159, 0.00, 100.00, 0.00, 2.25, 0, 0 
9, 139583, 0.00, 100.00, 0.00, 2.25, 0, 0 
0, 142738, 0.00, 100.00, 0.00, 2.25, 0, 0 
1, 137764, 0.00, 100.00, 0.00, 2.25, 0, 0 
2, 283865, 0.00, 100.00, 0.00, 2.25, 0, 0 
3, 114648, 0.00, 100.00, 0.00, 2.25, 0, 0 
4, 127415, 0.00, 100.00, 0.00, 2.25, 0, 0 
5, 127337, 0.00, 100.00, 0.00, 2.25, 0, 0 
6, 128239, 0.00, 100.00, 0.00, 2.25, 0, 0 
7, 124252, 0.00, 100.00, 0.00, 2.25, 0, 0 
8, 125074, 0.00, 100.00, 0.00, 2.25, 0, 0 
9, 125206, 0.00, 100.00, 0.00, 2.25, 0, 0 
0, 138362, 0.00, 100.00, 0.00, 2.25, 0, 0 
1, 128274, 0.00, 100.00, 0.00, 2.25, 0, 0 
2, 137581, 0.00, 100.00, 0.00, 2.25, 0, 0 
3, 124927, 0.00, 100.00, 0.00, 2.25, 0, 0 
4, 139748, 0.00, 100.00, 0.00, 2.25, 0, 0 
5, 122936, 0.00, 100.00, 0.00, 2.25, 0, 0 
6, 117496, 0.00, 100.00, 0.00, 2.25, 0, 0 
7, 118872, 0.00, 100.00, 0.00, 2.25, 0, 0 
8, 125481, 0.00, 100.00, 0.00, 2.25, 0, 0 
9, 103360, 0.00, 100.00, 0.00, 2.25, 0, 0 
0, 131263, 0.00, 100.00, 0.00, 2.25, 0, 0 
1, 121042, 0.00, 100.00, 0.00, 2.25, 0, 0 
2, 139539, 0.00, 100.00, 0.00, 2.25, 0, 0 
3, 121924, 0.00, 100.00, 0.00, 2.25, 0, 0 
4, 175682, 0.00, 100.00, 0.00, 2.25, 0, 0 
5, 122171, 0.00, 100.00, 0.00, 2.25, 0, 0 
6, 104724, 0.00, 100.00, 0.00, 2.25, 0, 0 
7, 117908, 0.00, 100.00, 0.00, 2.25, 0, 0 
8, 103856, 0.00, 100.00, 0.00, 2.25, 0, 0 
9, 123162, 0.00, 100.00, 0.00, 2.25, 0, 0 
0, 132364, 0.00, 100.00, 0.00, 2.25, 0, 0 
1, 124779, 0.00, 100.00, 0.00, 2.25, 0, 0 
2, 118616, 0.00, 100.00, 0.00, 2.25, 0, 0 
3, 117837, 0.00, 100.00, 0.00, 2.25, 0, 0 
4, 119313, 0.00, 100.00, 0.00, 2.25, 0, 0 
5, 118124, 0.00, 100.00, 0.00, 2.25, 0, 0 
6, 121779, 0.00, 100.00, 0.00, 2.25, 0, 0 
7, 134513, 0.00, 100.00, 0.00, 2.25, 0, 0 
8, 120840, 0.00, 100.00, 0.00, 2.25, 0, 0 
9, 118083, 0.00, 100.00, 0.00, 2.25, 0, 0 
0, 131917, 0.00, 100.00, 0.00, 2.25, 0, 0 
1, 121197, 0.00, 100.00, 0.00, 2.25, 0, 0 
2, 118366, 0.00, 100.00, 0.00, 2.25, 0, 0 
3, 140994, 0.00, 100.00, 0.00, 2.25, 0, 0 
4, 119408, 0.00, 100.00, 0.00, 2.25, 0, 0 
5, 119289, 0.00, 100.00, 0.00, 2.25, 0, 0 
6, 102411, 0.00, 100.00, 0.00, 2.25, 0, 0 
7, 127884, 0.00, 100.00, 0.00, 2.25, 0, 0 
8, 103540, 0.00, 100.00, 0.00, 2.25, 0, 0 
9, 119359, 0.00, 100.00, 0.00, 2.25, 0, 0 
0, 134426, 0.00, 100.00, 0.00, 2.25, 0, 0 
1, 122888, 0.00, 100.00, 0.00, 2.25, 0, 0 
2, 118069, 0.00, 100.00, 0.00, 2.25, 0, 0 
3, 118753, 0.00, 100.00, 0.00, 2.25, 0, 0 
4, 103538, 0.00, 100.00, 0.00, 2.25, 0, 0 
5, 118941, 0.00, 100.00, 0.00, 2.25, 0, 0 
6, 114865, 0.00, 100.00, 0.00, 2.25, 0, 0 
7, 120207, 0.00, 100.00, 0.00, 2.25, 0, 0 
8, 119291, 0.00, 100.00, 0.00, 2.25, 0, 0 
9, 118936, 0.00, 100.00, 0.00, 2.25, 0, 0 
0, 132465, 0.00, 100.00, 0.00, 2.25, 0, 0 
1, 107181, 0.00, 100.00, 0.00, 2.25, 0, 0 
2, 182894, 0.00, 100.00, 0.00, 2.25, 0, 0 
3, 134571, 0.00, 100.00, 0.00, 2.25, 0, 0 
4, 123773, 0.00, 100.00, 0.00, 2.25, 0, 0 
5, 118512, 0.00, 100.00, 0.00, 2.25, 0, 0 
6, 118367, 0.00, 100.00, 0.00, 2.25, 0, 0 
7, 119162, 0.00, 100.00, 0.00, 2.25, 0, 0 
8, 173236, 0.00, 100.00, 0.00, 2.25, 0, 0 
9, 119857, 0.00, 100.00, 0.00, 2.25, 0, 0 
0, 133222, 0.00, 100.00, 0.00, 2.25, 0, 0 
1, 107266, 0.00, 100.00, 0.00, 2.25, 0, 0 
2, 128411, 0.00, 100.00, 0.00, 2.25, 0, 0 
3, 120213, 0.00, 100.00, 0.00, 2.25, 0, 0 
4, 155898, 0.00, 100.00, 0.00, 2.25, 0, 0 
5, 106417, 0.00, 100.00, 0.00, 2.25, 0, 0 
6, 126692, 0.00, 100.00, 0.00, 2.25, 0, 0 
7, 127600, 0.00, 100.00, 0.00, 2.25, 0, 0 
8, 128747, 0.00, 100.00, 0.00, 2.25, 0, 0 
9, 124561, 0.00, 100.00, 0.00, 2.25, 0, 0 
0, 188560, 0.00, 100.00, 0.00, 2.25, 0, 0 
1, 156031, 0.00, 100.00, 0.00, 2.25, 0, 0 
2, 152886, 0.00, 100.00, 0.00, 2.25, 0, 0 
3, 121276, 0.00, 100.00, 0.00, 2.25, 0, 0 
4, 118533, 0.00, 100.00, 0.00, 2.25, 0, 0 
5, 138453, 0.00, 100.00, 0.00, 2.25, 0, 0 
6, 117805, 0.00, 100.00, 0.00, 2.25, 0, 0 
7, 137147, 0.00, 100.00, 0.00, 2.25, 0, 0 
8, 139275, 0.00, 100.00, 0.00, 2.25, 0, 0 
9, 137469, 0.00, 100.00, 0.00, 2.25, 0, 0 
0, 152328, 0.00, 100.00, 0.00, 2.25, 0, 0 
1, 163874, 0.00, 100.00, 0.00, 2.25, 0, 0 
2, 140238, 0.00, 100.00, 0.00, 2.25, 0, 0 
3, 135967, 0.00, 100.00, 0.00, 2.25, 0, 0 
4, 139178, 0.00, 100.00, 0.00, 2.25, 0, 0 
5, 141388, 0.00, 100.00, 0.00, 2.25, 0, 0 
6, 124136, 0.00, 100.00, 0.00, 2.25, 0, 0 
7, 128743, 0.00, 100.00, 0.00, 2.25, 0, 0 
8, 148422, 0.00, 100.00, 0.00, 2.25, 0, 0 
9, 134521, 0.00, 100.00, 0.00, 2.25, 0, 0 
0, 159908, 0.00, 100.00, 0.00, 2.25, 0, 0 
1, 182416, 0.00, 100.00, 0.00, 2.25, 0, 0 
2, 111906, 0.00, 100.00, 0.00, 2.25, 0, 0 
3, 118822, 0.00, 100.00, 0.00, 2.25, 0, 0 
4, 106685, 0.00, 100.00, 0.00, 2.25, 0, 0 
5, 102255, 0.00, 100.00, 0.00, 2.25, 0, 0 
6, 117829, 0.00, 100.00, 0.00, 2.25, 0, 0 
7, 118243, 0.00, 100.00, 0.00, 2.25, 0, 0 
8, 116576, 0.00, 100.00, 0.00, 2.25, 0, 0 
9, 156764, 0.00, 100.00, 0.00, 2.25, 0, 0 
0, 132747, 0.00, 100.00, 0.00, 2.25, 0, 0 
1, 130333, 0.00, 100.00, 0.00, 2.25, 0, 0 
2, 118710, 0.00, 100.00, 0.00, 2.25, 0, 0 
3, 116462, 0.00, 100.00, 0.00, 2.25, 0, 0 
4, 116240, 0.00, 100.00, 0.00, 2.25, 0, 0 
5, 147356, 0.00, 100.00, 0.00, 2.25, 0, 0 
6, 117518, 0.00, 100.00, 0.00, 2.25, 0, 0 
7, 102271, 0.00, 100.00, 0.00, 2.25, 0, 0 
8, 123238, 0.00, 100.00, 0.00, 2.25, 0, 0 
9, 124659, 0.00, 100.00, 0.00, 2.25, 0, 0 
0, 131032, 0.00, 100.00, 0.00, 2.25, 0, 0 
1, 115490, 0.00, 100.00, 0.00, 2.25, 0, 0 
2, 103530, 0.00, 100.00, 0.00, 2.25, 0, 0 
3, 117407, 0.00, 100.00, 0.00, 2.25, 0, 0 
4, 117806, 0.00, 100.00, 0.00, 2.25, 0, 0 
5, 119312, 0.00, 100.00, 0.00, 2.25, 0, 0 
6, 117949, 0.00, 100.00, 0.00, 2.25, 0, 0 
7, 118450, 0.00, 100.00, 0.00, 2.25, 0, 0 
8, 123755, 0.00, 100.00, 0.00, 2.25, 0, 0 
9, 118252, 0.00, 100.00, 0.00, 2.25, 0, 0 
0, 129894, 0.00, 100.00, 0.00, 2.25, 0, 0 
1, 122847, 0.00, 100.00, 0.00, 2.25, 0, 0 
2, 117413, 0.00, 100.00, 0.00, 2.25, 0, 0 
3, 118657, 0.00, 100.00, 0.00, 2.25, 0, 0 
4, 125681, 0.00, 100.00, 0.00, 2.25, 0, 0 
5, 120817, 0.00, 100.00, 0.00, 2.25, 0, 0 
6, 120501, 0.00, 100.00, 0.00, 2.25, 0, 0 
7, 117981, 0.00, 100.00, 0.00, 2.25, 0, 0 
8, 118681, 0.00, 100.00, 0.00, 2.25, 0, 0 
9, 117876, 0.00, 100.00, 0.00, 2.25, 0, 0 
0, 129993, 0.00, 100.00, 0.00, 2.25, 0, 0 
1, 122511, 0.00, 100.00, 0.00, 2.25, 0, 0 
2, 117238, 0.00, 100.00, 0.00, 2.25, 0, 0 
3, 118628, 0.00, 100.00, 0.00, 2.25, 0, 0 
4, 118629, 0.00, 100.00, 0.00, 2.25, 0, 0 
5, 118267, 0.00, 100.00, 0.00, 2.25, 0, 0 
6, 117105, 0.00, 100.00, 0.00, 2.25, 0, 0 
7, 127732, 0.00, 100.00, 0.00, 2.25, 0, 0 
8, 118293, 0.00, 100.00, 0.00, 2.25, 0, 0 
9, 118208, 0.00, 100.00, 0.00, 2.25, 0, 0 
0, 129378, 0.00, 100.00, 0.00, 2.25, 0, 0 
1, 122837, 0.00, 100.00, 0.00, 2.25, 0, 0 
2, 117799, 0.00, 100.00, 0.00, 2.25, 0, 0 
3, 188459, 0.00, 100.00, 0.00, 2.25, 0, 0 
4, 102333, 0.00, 100.00, 0.00, 2.25, 0, 0 
5, 118420, 0.00, 100.00, 0.00, 2.25, 0, 0 
6, 117205, 0.00, 100.00, 0.00, 2.25, 0, 0 
7, 102771, 0.00, 100.00, 0.00, 2.25, 0, 0 
8, 118991, 0.00, 100.00, 0.00, 2.25, 0, 0 
9, 117687, 0.00, 100.00, 0.00, 2.25, 0, 0 
0, 158844, 0.00, 100.00, 0.00, 2.25, 0, 0 
1, 122129, 0.00, 100.00, 0.00, 2.25, 0, 0 
2, 117205, 0.00, 100.00, 0.00, 2.25, 0, 0 
3, 102068, 0.00, 100.00, 0.00, 2.25, 0, 0 
4, 118272, 0.00, 100.00, 0.00, 2.25, 0, 0 
5, 117498, 0.00, 100.00, 0.00, 2.25, 0, 0 
6, 154093, 0.00, 100.00, 0.00, 2.25, 0, 0 
7, 134727, 0.00, 100.00, 0.00, 2.25, 0, 0 
8, 117551, 0.00, 100.00, 0.00, 2.25, 0, 0 
9, 120686, 0.00, 100.00, 0.00, 2.25, 0, 0 
0, 138694, 0.00, 100.00, 0.00, 2.25, 0, 0 
1, 124820, 0.00, 100.00, 0.00, 2.25, 0, 0 
2, 149912, 0.00, 100.00, 0.00, 2.25, 0, 0 
3, 121293, 0.00, 100.00, 0.00, 2.25, 0, 0 
4, 118501, 0.00, 100.00, 0.00, 2.25, 0, 0 
5, 118219, 0.00, 100.00, 0.00, 2.25, 0, 0 
6, 119734, 0.00, 100.00, 0.00, 2.25, 0, 0 
7, 118361, 0.00, 100.00, 0.00, 2.25, 0, 0 
8, 118140, 0.00, 100.00, 0.00, 2.25, 0, 0 
9, 120056, 0.00, 100.00, 0.00, 2.25, 0, 0 
0, 129715, 0.00, 100.00, 0.00, 2.25, 0, 0 
1, 120882, 0.00, 100.00, 0.00, 2.25, 0, 0 
2, 127596, 0.00, 100.00, 0.00, 2.25, 0, 0 
3, 126764, 0.00, 100.00, 0.00, 2.25, 0, 0 
4, 126103, 0.00, 100.00, 0.00, 2.25, 0, 0 
5, 167071, 0.00, 100.00, 0.00, 2.25, 0, 0 
6, 121927, 0.00, 100.00, 0.00, 2.25, 0, 0 
7, 118850, 0.00, 100.00, 0.00, 2.25, 0, 0 
8, 118272, 0.00, 100.00, 0.00, 2.25, 0, 0 
9, 118060, 0.00, 100.00, 0.00, 2.25, 0, 0 
0, 129628, 0.00, 100.00, 0.00, 2.25, 0, 0 
1, 122337, 0.00, 100.00, 0.00, 2.25, 0, 0 
2, 103706, 0.00, 100.00, 0.00, 2.25, 0, 0 
3, 103160, 0.00, 100.00, 0.00, 2.25, 0, 0 
4, 122672, 0.00, 100.00, 0.00, 2.25, 0, 0 
5, 118807, 0.00, 100.00, 0.00, 2.25, 0, 0 
6, 118725, 0.00, 100.00, 0.00, 2.25, 0, 0 
7, 117934, 0.00, 100.00, 0.00, 2.25, 0, 0 
8, 143801, 0.00, 100.00, 0.00, 2.25, 0, 0 
9, 117483, 0.00, 100.00, 0.00, 2.25, 0, 0 
0, 129856, 0.00, 100.00, 0.00, 2.25, 0, 0 
1, 122066, 0.00, 100.00, 0.00, 2.25, 0, 0 
2, 116547, 0.00, 100.00, 0.00, 2.25, 0, 0 
3, 117432, 0.00, 100.00, 0.00, 2.25, 0, 0 
4, 122929, 0.00, 100.00, 0.00, 2.25, 0, 0 
5, 120450, 0.00, 100.00, 0.00, 2.25, 0, 0 
6, 103700, 0.00, 100.00, 0.00, 2.25, 0, 0 
7, 103621, 0.00, 100.00, 0.00, 2.25, 0, 0 
8, 117639, 0.00, 100.00, 0.00, 2.25, 0, 0 
9, 119274, 0.00, 100.00, 0.00, 2.25, 0, 0 
0, 133331, 0.00, 100.00, 0.00, 2.25, 0, 0 
1, 124053, 0.00, 100.00, 0.00, 2.25, 0, 0 
2, 118553, 0.00, 100.00, 0.00, 2.25, 0, 0 
3, 123192, 0.00, 100.00, 0.00, 2.25, 0, 0 
4, 119586, 0.00, 100.00, 0.00, 2.25, 0, 0 
5, 106274, 0.00, 100.00, 0.00, 2.25, 0, 0 
6, 118217, 0.00, 100.00, 0.00, 2.25, 0, 0 
7, 150304, 0.00, 100.00, 0.00, 2.25, 0, 0 
8, 123702, 0.00, 100.00, 0.00, 2.25, 0, 0 
9, 123540, 0.00, 100.00, 0.00, 2.25, 0, 0 
0, 135190, 0.00, 100.00, 0.00, 2.25, 0, 0 
1, 141575, 0.00, 100.00, 0.00, 2.25, 0, 0 
2, 116976, 0.00, 100.00, 0.00, 2.25, 0, 0 
3, 144207, 0.00, 100.00, 0.00, 2.25, 0, 0 
4, 118660, 0.00, 100.00, 0.00, 2.25, 0, 0 
5, 143951, 0.00, 100.00, 0.00, 2.25, 0, 0 
6, 137219, 0.00, 100.00, 0.00, 2.25, 0, 0 
7, 115718, 0.00, 100.00, 0.00, 2.25, 0, 0 
8, 134002, 0.00, 100.00, 0.00, 2.25, 0, 0 
9, 115311, 0.00, 100.00, 0.00, 2.25, 0, 0 
0, 150962, 0.00, 100.00, 0.00, 2.25, 0, 0 
1, 134968, 0.00, 100.00, 0.00, 2.25, 0, 0 
2, 114875, 0.00, 100.00, 0.00, 2.25, 0, 0 
3, 137994, 0.00, 100.00, 0.00, 2.25, 0, 0 
4, 184580, 0.00, 100.00, 0.00, 2.25, 0, 0 
5, 116129, 0.00, 100.00, 0.00, 2.25, 0, 0 
6, 134700, 0.00, 100.00, 0.00, 2.25, 0, 0 
7, 133883, 0.00, 100.00, 0.00, 2.25, 0, 0 
8, 115070, 0.00, 100.00, 0.00, 2.25, 0, 0 
9, 133435, 0.00, 100.00, 0.00, 2.25, 0, 0 
0, 152322, 0.00, 100.00, 0.00, 2.25, 0, 0 
1, 115640, 0.00, 100.00, 0.00, 2.25, 0, 0 
2, 139968, 0.00, 100.00, 0.00, 2.25, 0, 0 
3, 136367, 0.00, 100.00, 0.00, 2.25, 0, 0 
4, 136150, 0.00, 100.00, 0.00, 2.25, 0, 0 
5, 134345, 0.00, 100.00, 0.00, 2.25, 0, 0 
6, 115211, 0.00, 100.00, 0.00, 2.25, 0, 0 
7, 134212, 0.00, 100.00, 0.00, 2.25, 0, 0 
8, 116196, 0.00, 100.00, 0.00, 2.25, 0, 0 
9, 134637, 0.00, 100.00, 0.00, 2.25, 0, 0 
0, 133213, 0.00, 100.00, 0.00, 2.25, 0, 0 
1, 198016, 0.00, 100.00, 0.00, 2.25, 0, 0 
2, 140005, 0.00, 100.00, 0.00, 2.25, 0, 0 
3, 134076, 0.00, 100.00, 0.00, 2.25, 0, 0 
4, 115668, 0.00, 100.00, 0.00, 2.25, 0, 0 
5, 136706, 0.00, 100.00, 0.00, 2.25, 0, 0 
6, 115104, 0.00, 100.00, 0.00, 2.25, 0, 0 
7, 120780, 0.00, 100.00, 0.00, 2.25, 0, 0 
8, 114501, 0.00, 100.00, 0.00, 2.25, 0, 0 
9, 134268, 0.00, 100.00, 0.00, 2.25, 0, 0 
0, 130081, 0.00, 100.00, 0.00, 2.25, 0, 0 
1, 136891, 0.00, 100.00, 0.00, 2.25, 0, 0 
2, 115536, 0.00, 100.00, 0.00, 2.25, 0, 0 
3, 138510, 0.00, 100.00, 0.00, 2.25, 0, 0 
4, 134040, 0.00, 100.00, 0.00, 2.25, 0, 0 
5, 113781, 0.00, 100.00, 0.00, 2.25, 0, 0 
6, 144272, 0.00, 100.00, 0.00, 2.25, 0, 0 
7, 127051, 0.00, 100.00, 0.00, 2.25, 0, 0 
8, 145778, 0.00, 100.00, 0.00, 2.25, 0, 0 
9, 140289, 0.00, 100.00, 0.00, 2.25, 0, 0 
0, 146663, 0.00, 100.00, 0.00, 2.25, 0, 0 
1, 125354, 0.00, 100.00, 0.00, 2.25, 0, 0 
2, 118564, 0.00, 100.00, 0.00, 2.25, 0, 0 
3, 110816, 0.00, 100.00, 0.00, 2.25, 0, 0 
4, 120674, 0.00, 100.00, 0.00, 2.25, 0, 0 
5, 122586, 0.00, 100.00, 0.00, 2.25, 0, 0 
6, 103106, 0.00, 100.00, 0.00, 2.25, 0, 0 
7, 103026, 0.00, 100.00, 0.00, 2.25, 0, 0 
8, 118128, 0.00, 100.00, 0.00, 2.25, 0, 0 
9, 117785, 0.00, 100.00, 0.00, 2.25, 0, 0 
0, 129990, 0.00, 100.00, 0.00, 2.25, 0, 0 
1, 160531, 0.00, 100.00, 0.00, 2.25, 0, 0 
2, 128438, 0.00, 100.00, 0.00, 2.25, 0, 0 
3, 118175, 0.00, 100.00, 0.00, 2.25, 0, 0 
4, 120316, 0.00, 100.00, 0.00, 2.25, 0, 0 
5, 119860, 0.00, 100.00, 0.00, 2.25, 0, 0 
6, 120629, 0.00, 100.00, 0.00, 2.25, 0, 0 
7, 118502, 0.00, 100.00, 0.00, 2.25, 0, 0 
8, 116508, 0.00, 100.00, 0.00, 2.25, 0, 0 
9, 119335, 0.00, 100.00, 0.00, 2.25, 0, 0 
0, 128807, 0.00, 100.00, 0.00, 2.25, 0, 0 
1, 106161, 0.00, 100.00, 0.00, 2.25, 0, 0 
2, 111547, 0.00, 100.00, 0.00, 2.25, 0, 0 
3, 127407, 0.00, 100.00, 0.00, 2.25, 0, 0 
4, 131503, 0.00, 100.00, 0.00, 2.25, 0, 0 
5, 109853, 0.00, 100.00, 0.00, 2.25, 0, 0 
6, 125752, 0.00, 100.00, 0.00, 2.25, 0, 0 
7, 125035, 0.00, 100.00, 0.00, 2.25, 0, 0 
8, 124754, 0.00, 100.00, 0.00, 2.25, 0, 0 
9, 126436, 0.00, 100.00, 0.00, 2.25, 0, 0 
0, 179969, 0.00, 100.00, 0.00, 2.25, 0, 0 
1, 135344, 0.00, 100.00, 0.00, 2.25, 0, 0 
2, 129169, 0.00, 100.00, 0.00, 2.25, 0, 0 
3, 129661, 0.00, 100.00, 0.00, 2.25, 0, 0 
4, 133034, 0.00, 100.00, 0.00, 2.25, 0, 0 
5, 115506, 0.00, 100.00, 0.00, 2.25, 0, 0 
6, 135591, 0.00, 100.00, 0.00, 2.25, 0, 0 
7, 132147, 0.00, 100.00, 0.00, 2.25, 0, 0 
8, 152666, 0.00, 100.00, 0.00, 2.25, 0, 0 
9, 261487, 0.00, 100.00, 0.00, 2.25, 0, 0 
0, 123039, 0.00, 100.00, 0.00, 2.25, 0, 0 
1, 112833, 0.00, 100.00, 0.00, 2.25, 0, 0 
2, 101998, 0.00, 100.00, 0.00, 2.25, 0, 0 
3, 117240, 0.00, 100.00, 0.00, 2.25, 0, 0 
4, 118516, 0.00, 100.00, 0.00, 2.25, 0, 0 
5, 118708, 0.00, 100.00, 0.00, 2.25, 0, 0 
6, 118425, 0.00, 100.00, 0.00, 2.25, 0, 0 
7, 116688, 0.00, 100.00, 0.00, 2.25, 0, 0 
8, 141185, 0.00, 100.00, 0.00, 2.25, 0, 0 
9, 117936, 0.00, 100.00, 0.00, 2.25, 0, 0 
0, 126575, 0.00, 100.00, 0.00, 2.25, 0, 0 
1, 120806, 0.00, 100.00, 0.00, 2.25, 0, 0 
2, 117102, 0.00, 100.00, 0.00, 2.25, 0, 0 
3, 118161, 0.00, 100.00, 0.00, 2.25, 0, 0 
4, 141823, 0.00, 100.00, 0.00, 2.25, 0, 0 
5, 101220, 0.00, 100.00, 0.00, 2.25, 0, 0 
6, 115641, 0.00, 100.00, 0.00, 2.25, 0, 0 
7, 119552, 0.00, 100.00, 0.00, 2.25, 0, 0 
8, 117361, 0.00, 100.00, 0.00, 2.25, 0, 0 
9, 118833, 0.00, 100.00, 0.00, 2.25, 0, 0 
0, 128287, 0.00, 100.00, 0.00, 2.25, 0, 0 
1, 129793, 0.00, 100.00, 0.00, 2.25, 0, 0 
2, 115270, 0.00, 100.00, 0.00, 2.25, 0, 0 
3, 117658, 0.00, 100.00, 0.00, 2.25, 0, 0 
4, 117472, 0.00, 100.00, 0.00, 2.25, 0, 0 
5, 120130, 0.00, 100.00, 0.00, 2.25, 0, 0 
6, 116336, 0.00, 100.00, 0.00, 2.25, 0, 0 
7, 154923, 0.00, 100.00, 0.00, 2.25, 0, 0 
8, 117369, 0.00, 100.00, 0.00, 2.25, 0, 0 
9, 116731, 0.00, 100.00, 0.00, 2.25, 0, 0 
0, 114242, 0.00, 100.00, 0.00, 2.25, 0, 0 
1, 132405, 0.00, 100.00, 0.00, 2.25, 0, 0 
2, 116689, 0.00, 100.00, 0.00, 2.25, 0, 0 
3, 116881, 0.00, 100.00, 0.00, 2.25, 0, 0 
4, 115020, 0.00, 100.00, 0.00, 2.25, 0, 0 
5, 118255, 0.00, 100.00, 0.00, 2.25, 0, 0 
6, 119701, 0.00, 100.00, 0.00, 2.25, 0, 0 
7, 118069, 0.00, 100.00, 0.00, 2.25, 0, 0 
8, 119375, 0.00, 100.00, 0.00, 2.25, 0, 0 
9, 115587, 0.00, 100.00, 0.00, 2.25, 0, 0 
0, 160971, 0.00, 100.00, 0.00, 2.25, 0, 0 
1, 118816, 0.00, 100.00, 0.00, 2.25, 0, 0 
2, 123394, 0.00, 100.00, 0.00, 2.25, 0, 0 
3, 123372, 0.00, 100.00, 0.00, 2.25, 0, 0 
4, 123725, 0.00, 100.00, 0.00, 2.25, 0, 0 
5, 108972, 0.00, 100.00, 0.00, 2.25, 0, 0 
6, 190487, 0.00, 100.00, 0.00, 2.25, 0, 0 
7, 123080, 0.00, 100.00, 0.00, 2.25, 0, 0 
8, 123043, 0.00, 100.00, 0.00, 2.25, 0, 0 
9, 124868, 0.00, 100.00, 0.00, 2.25, 0, 0 
0, 139789, 0.00, 100.00, 0.00, 2.25, 0, 0 
1, 128404, 0.00, 100.00, 0.00, 2.25, 0, 0 
2, 141838, 0.00, 100.00, 0.00, 2.25, 0, 0 
3, 124206, 0.00, 100.00, 0.00, 2.25, 0, 0 
4, 127429, 0.00, 100.00, 0.00, 2.25, 0, 0 
5, 124238, 0.00, 100.00, 0.00, 2.25, 0, 0 
6, 113804, 0.00, 100.00, 0.00, 2.25, 0, 0 
7, 124752, 0.00, 100.00, 0.00, 2.25, 0, 0 
8, 109174, 0.00, 100.00, 0.00, 2.25, 0, 0 
9, 124648, 0.00, 100.00, 0.00, 2.25, 0, 0 
0, 140407, 0.00, 100.00, 0.00, 2.25, 0, 0 
1, 128403, 0.00, 100.00, 0.00, 2.25, 0, 0 
2, 124338, 0.00, 100.00, 0.00, 2.25, 0, 0 
3, 125240, 0.00, 100.00, 0.00, 2.25, 0, 0 
4, 124387, 0.00, 100.00, 0.00, 2.25, 0, 0 
5, 160330, 0.00, 100.00, 0.00, 2.25, 0, 0 
6, 125362, 0.00, 100.00, 0.00, 2.25, 0, 0 
7, 128016, 0.00, 100.00, 0.00, 2.25, 0, 0 
8, 110292, 0.00, 100.00, 0.00, 2.25, 0, 0 
9, 124936, 0.00, 100.00, 0.00, 2.25, 0, 0 
0, 122409, 0.00, 100.00, 0.00, 2.25, 0, 0 
1, 128529, 0.00, 100.00, 0.00, 2.25, 0, 0 
2, 110139, 0.00, 100.00, 0.00, 2.25, 0, 0 
3, 125607, 0.00, 100.00, 0.00, 2.25, 0, 0 
4, 123556, 0.00, 100.00, 0.00, 2.25, 0, 0 
5, 125705, 0.00, 100.00, 0.00, 2.25, 0, 0 
6, 124494, 0.00, 100.00, 0.00, 2.25, 0, 0 
7, 111730, 0.00, 100.00, 0.00, 2.25, 0, 0 
8, 128985, 0.00, 100.00, 0.00, 2.25, 0, 0 
9, 116420, 0.00, 100.00, 0.00, 2.25, 0, 0 
0, 129007, 0.00, 100.00, 0.00, 2.25, 0, 0 
1, 126004, 0.00, 100.00, 0.00, 2.25, 0, 0 
2, 118390, 0.00, 100.00, 0.00, 2.25, 0, 0 
3, 152466, 0.00, 100.00, 0.00, 2.25, 0, 0 
4, 116470, 0.00, 100.00, 0.00, 2.25, 0, 0 
5, 121524, 0.00, 100.00, 0.00, 2.25, 0, 0 
6, 119047, 0.00, 100.00, 0.00, 2.25, 0, 0 
7, 119231, 0.00, 100.00, 0.00, 2.25, 0, 0 
8, 118169, 0.00, 100.00, 0.00, 2.25, 0, 0 
9, 118589, 0.00, 100.00, 0.00, 2.25, 0, 0 
0, 133808, 0.00, 100.00, 0.00, 2.25, 0, 0 
1, 122578, 0.00, 100.00, 0.00, 2.25, 0, 0 
2, 120052, 0.00, 100.00, 0.00, 2.25, 0, 0 
3, 117372, 0.00, 100.00, 0.00, 2.25, 0, 0 
4, 122134, 0.00, 100.00, 0.00, 2.25, 0, 0 
5, 141745, 0.00, 100.00, 0.00, 2.25, 0, 0 
6, 144147, 0.00, 100.00, 0.00, 2.25, 0, 0 
7, 114182, 0.00, 100.00, 0.00, 2.25, 0, 0 
8, 114465, 0.00, 100.00, 0.00, 2.25, 0, 0 
9, 105585, 0.00, 100.00, 0.00, 2.25, 0, 0 
0, 134727, 0.00, 100.00, 0.00, 2.25, 0, 0 
1, 137294, 0.00, 100.00, 0.00, 2.25, 0, 0 
2, 138819, 0.00, 100.00, 0.00, 2.25, 0, 0 
3, 151195, 0.00, 100.00, 0.00, 2.25, 0, 0 
4, 131509, 0.00, 100.00, 0.00, 2.25, 0, 0 
5, 132188, 0.00, 100.00, 0.00, 2.25, 0, 0 
6, 125018, 0.00, 100.00, 0.00, 2.25, 0, 0 
7, 124044, 0.00, 100.00, 0.00, 2.25, 0, 0 
8, 127125, 0.00, 100.00, 0.00, 2.25, 0, 0 
9, 124647, 0.00, 100.00, 0.00, 2.25, 0, 0 
0, 137703, 0.00, 100.00, 0.00, 2.25, 0, 0 
1, 128379, 0.00, 100.00, 0.00, 2.25, 0, 0 
2, 109462, 0.00, 100.00, 0.00, 2.25, 0, 0 
3, 123512, 0.00, 100.00, 0.00, 2.25, 0, 0 
4, 154149, 0.00, 100.00, 0.00, 2.25, 0, 0 
5, 123663, 0.00, 100.00, 0.00, 2.25, 0, 0 
6, 124074, 0.00, 100.00, 0.00, 2.25, 0, 0 
7, 123563, 0.00, 100.00, 0.00, 2.25, 0, 0 
8, 124622, 0.00, 100.00, 0.00, 2.25, 0, 0 
9, 123426, 0.00, 100.00, 0.00, 2.25, 0, 0 
0, 173793, 0.00, 100.00, 0.00, 2.25, 0, 0 
1, 132701, 0.00, 100.00, 0.00, 2.25, 0, 0 
2, 123744, 0.00, 100.00, 0.00, 2.25, 0, 0 
3, 123471, 0.00, 100.00, 0.00, 2.25, 0, 0 
4, 125069, 0.00, 100.00, 0.00, 2.25, 0, 0 
5, 124378, 0.00, 100.00, 0.00, 2.25, 0, 0 
6, 149273, 0.00, 100.00, 0.00, 2.25, 0, 0 
7, 124203, 0.00, 100.00, 0.00, 2.25, 0, 0 
8, 123334, 0.00, 100.00, 0.00, 2.25, 0, 0 
9, 124280, 0.00, 100.00, 0.00, 2.25, 0, 0 
0, 139338, 0.00, 100.00, 0.00, 2.25, 0, 0 
1, 129767, 0.00, 100.00, 0.00, 2.25, 0, 0 
2, 136048, 0.00, 100.00, 0.00, 2.25, 0, 0 
3, 109053, 0.00, 100.00, 0.00, 2.25, 0, 0 
4, 128474, 0.00, 100.00, 0.00, 2.25, 0, 0 
5, 124445, 0.00, 100.00, 0.00, 2.25, 0, 0 
6, 124549, 0.00, 100.00, 0.00, 2.25, 0, 0 
7, 123882, 0.00, 100.00, 0.00, 2.25, 0, 0 
8, 183907, 0.00, 100.00, 0.00, 2.25, 0, 0 
9, 123510, 0.00, 100.00, 0.00, 2.25, 0, 0 
0, 139583, 0.00, 100.00, 0.00, 2.25, 0, 0 
1, 127497, 0.00, 100.00, 0.00, 2.25, 0, 0 
2, 109788, 0.00, 100.00, 0.00, 2.25, 0, 0 
3, 124541, 0.00, 100.00, 0.00, 2.25, 0, 0 
4, 155763, 0.00, 100.00, 0.00, 2.25, 0, 0 
5, 125372, 0.00, 100.00, 0.00, 2.25, 0, 0 
6, 108527, 0.00, 100.00, 0.00, 2.25, 0, 0 
7, 124335, 0.00, 100.00, 0.00, 2.25, 0, 0 
8, 108474, 0.00, 100.00, 0.00, 2.25, 0, 0 
9, 125291, 0.00, 100.00, 0.00, 2.25, 0, 0 
0, 123398, 0.00, 100.00, 0.00, 2.25, 0, 0 
1, 127656, 0.00, 100.00, 0.00, 2.25, 0, 0 
2, 123815, 0.00, 100.00, 0.00, 2.25, 0, 0 
3, 124478, 0.00, 100.00, 0.00, 2.25, 0, 0 
4, 109800, 0.00, 100.00, 0.00, 2.25, 0, 0 
5, 124277, 0.00, 100.00, 0.00, 2.25, 0, 0 
6, 125833, 0.00, 100.00, 0.00, 2.25, 0, 0 
7, 156471, 0.00, 100.00, 0.00, 2.25, 0, 0 
8, 127407, 0.00, 100.00, 0.00, 2.25, 0, 0 
9, 122968, 0.00, 100.00, 0.00, 2.25, 0, 0 
0, 141176, 0.00, 100.00, 0.00, 2.25, 0, 0 
1, 127717, 0.00, 100.00, 0.00, 2.25, 0, 0 
2, 123093, 0.00, 100.00, 0.00, 2.25, 0, 0 
3, 137277, 0.00, 100.00, 0.00, 2.25, 0, 0 
4, 124576, 0.00, 100.00, 0.00, 2.25, 0, 0 
5, 138868, 0.00, 100.00, 0.00, 2.25, 0, 0 
6, 136984, 0.00, 100.00, 0.00, 2.25, 0, 0 
7, 125913, 0.00, 100.00, 0.00, 2.25, 0, 0 
8, 125357, 0.00, 100.00, 0.00, 2.25, 0, 0 
9, 109969, 0.00, 100.00, 0.00, 2.25, 0, 0 
0, 135306, 0.00, 100.00, 0.00, 2.25, 0, 0 
1, 129138, 0.00, 100.00, 0.00, 2.25, 0, 0 
2, 117801, 0.00, 100.00, 0.00, 2.25, 0, 0 
3, 119992, 0.00, 100.00, 0.00, 2.25, 0, 0 
4, 118245, 0.00, 100.00, 0.00, 2.25, 0, 0 
5, 135577, 0.00, 100.00, 0.00, 2.25, 0, 0 
6, 117455, 0.00, 100.00, 0.00, 2.25, 0, 0 
7, 117810, 0.00, 100.00, 0.00, 2.25, 0, 0 
8, 120483, 0.00, 100.00, 0.00, 2.25, 0, 0 
9, 118722, 0.00, 100.00, 0.00, 2.25, 0, 0 
0, 120467, 0.00, 100.00, 0.00, 2.25, 0, 0 
1, 154769, 0.00, 100.00, 0.00, 2.25, 0, 0 
2, 125326, 0.00, 100.00, 0.00, 2.25, 0, 0 
3, 125575, 0.00, 100.00, 0.00, 2.25, 0, 0 
4, 124876, 0.00, 100.00, 0.00, 2.25, 0, 0 
5, 126320, 0.00, 100.00, 0.00, 2.25, 0, 0 
6, 125200, 0.00, 100.00, 0.00, 2.25, 0, 0 
7, 166160, 0.00, 100.00, 0.00, 2.25, 0, 0 
8, 110230, 0.00, 100.00, 0.00, 2.25, 0, 0 
9, 127263, 0.00, 100.00, 0.00, 2.25, 0, 0 
0, 140133, 0.00, 100.00, 0.00, 2.25, 0, 0 
1, 129182, 0.00, 100.00, 0.00, 2.25, 0, 0 
2, 110429, 0.00, 100.00, 0.00, 2.25, 0, 0 
3, 159931, 0.00, 100.00, 0.00, 2.25, 0, 0 
4, 124668, 0.00, 100.00, 0.00, 2.25, 0, 0 
5, 111508, 0.00, 100.00, 0.00, 2.25, 0, 0 
6, 123689, 0.00, 100.00, 0.00, 2.25, 0, 0 
7, 114332, 0.00, 100.00, 0.00, 2.25, 0, 0 
8, 111689, 0.00, 100.00, 0.00, 2.25, 0, 0 
9, 128396, 0.00, 100.00, 0.00, 2.25, 0, 0 
0, 149426, 0.00, 100.00, 0.00, 2.25, 0, 0 
1, 134717, 0.00, 100.00, 0.00, 2.25, 0, 0 
2, 188852, 0.00, 100.00, 0.00, 2.25, 0, 0 
3, 140425, 0.00, 100.00, 0.00, 2.25, 0, 0 
4, 146353, 0.00, 100.00, 0.00, 2.25, 0, 0 
5, 166785, 0.00, 100.00, 0.00, 2.25, 0, 0 
6, 117247, 0.00, 100.00, 0.00, 2.25, 0, 0 
7, 118731, 0.00, 100.00, 0.00, 2.25, 0, 0 
8, 118311, 0.00, 100.00, 0.00, 2.25, 0, 0 
9, 117746, 0.00, 100.00, 0.00, 2.25, 0, 0 
0, 132801, 0.00, 100.00, 0.00, 2.25, 0, 0 
1, 133221, 0.00, 100.00, 0.00, 2.25, 0, 0 
2, 117339, 0.00, 100.00, 0.00, 2.25, 0, 0 
3, 115477, 0.00, 100.00, 0.00, 2.25, 0, 0 
4, 115660, 0.00, 100.00, 0.00, 2.25, 0, 0 
5, 118152, 0.00, 100.00, 0.00, 2.25, 0, 0 
6, 100959, 0.00, 100.00, 0.00, 2.25, 0, 0 
7, 115409, 0.00, 100.00, 0.00, 2.25, 0, 0 
8, 115350, 0.00, 100.00, 0.00, 2.25, 0, 0 
9, 118627, 0.00, 100.00, 0.00, 2.25, 0, 0 
0, 127172, 0.00, 100.00, 0.00, 2.25, 0, 0 
1, 120927, 0.00, 100.00, 0.00, 2.25, 0, 0 
2, 116913, 0.00, 100.00, 0.00, 2.25, 0, 0 
3, 117549, 0.00, 100.00, 0.00, 2.25, 0, 0 
4, 129951, 0.00, 100.00, 0.00, 2.25, 0, 0 
5, 119883, 0.00, 100.00, 0.00, 2.25, 0, 0 
6, 118751, 0.00, 100.00, 0.00, 2.25, 0, 0 
7, 115448, 0.00, 100.00, 0.00, 2.25, 0, 0 
8, 125651, 0.00, 100.00, 0.00, 2.25, 0, 0 
9, 119648, 0.00, 100.00, 0.00, 2.25, 0, 0 
0, 127360, 0.00, 100.00, 0.00, 2.25, 0, 0 
1, 121829, 0.00, 100.00, 0.00, 2.25, 0, 0 
2, 121427, 0.00, 100.00, 0.00, 2.25, 0, 0 
3, 118385, 0.00, 100.00, 0.00, 2.25, 0, 0 
4, 119830, 0.00, 100.00, 0.00, 2.25, 0, 0 
5, 117902, 0.00, 100.00, 0.00, 2.25, 0, 0 
6, 117934, 0.00, 100.00, 0.00, 2.25, 0, 0 
7, 120916, 0.00, 100.00, 0.00, 2.25, 0, 0 
8, 115472, 0.00, 100.00, 0.00, 2.25, 0, 0 
9, 117568, 0.00, 100.00, 0.00, 2.25, 0, 0 
0, 128565, 0.00, 100.00, 0.00, 2.25, 0, 0 
1, 121076, 0.00, 100.00, 0.00, 2.25, 0, 0 
2, 118029, 0.00, 100.00, 0.00, 2.25, 0, 0 
3, 101570, 0.00, 100.00, 0.00, 2.25, 0, 0 
4, 125444, 0.00, 100.00, 0.00, 2.25, 0, 0 
5, 101662, 0.00, 100.00, 0.00, 2.25, 0, 0 
6, 114794, 0.00, 100.00, 0.00, 2.25, 0, 0 
7, 118849, 0.00, 100.00, 0.00, 2.25, 0, 0 
8, 118834, 0.00, 100.00, 0.00, 2.25, 0, 0 
9, 118834, 0.00, 100.00, 0.00, 2.25, 0, 0 
0, 180134, 0.00, 100.00, 0.00, 2.25, 0, 0 
1, 120264, 0.00, 100.00, 0.00, 2.25, 0, 0 
2, 101480, 0.00, 100.00, 0.00, 2.25, 0, 0 
3, 116131, 0.00, 100.00, 0.00, 2.25, 0, 0 
4, 120679, 0.00, 100.00, 0.00, 2.25, 0, 0 
5, 116910, 0.00, 100.00, 0.00, 2.25, 0, 0 
6, 118985, 0.00, 100.00, 0.00, 2.25, 0, 0 
7, 112139, 0.00, 100.00, 0.00, 2.25, 0, 0 
8, 117278, 0.00, 100.00, 0.00, 2.25, 0, 0 
9, 120512, 0.00, 100.00, 0.00, 2.25, 0, 0 
0, 128594, 0.00, 100.00, 0.00, 2.25, 0, 0 
1, 104537, 0.00, 100.00, 0.00, 2.25, 0, 0 
2, 119075, 0.00, 100.00, 0.00, 2.25, 0, 0 
3, 165379, 0.00, 100.00, 0.00, 2.25, 0, 0 
4, 115646, 0.00, 100.00, 0.00, 2.25, 0, 0 
5, 118455, 0.00, 100.00, 0.00, 2.25, 0, 0 
6, 118782, 0.00, 100.00, 0.00, 2.25, 0, 0 
7, 118321, 0.00, 100.00, 0.00, 2.25, 0, 0 
8, 118989, 0.00, 100.00, 0.00, 2.25, 0, 0 
9, 102115, 0.00, 100.00, 0.00, 2.25, 0, 0 
0, 150537, 0.00, 100.00, 0.00, 2.25, 0, 0 
1, 117400, 0.00, 100.00, 0.00, 2.25, 0, 0 
2, 100983, 0.00, 100.00, 0.00, 2.25, 0, 0 
3, 116596, 0.00, 100.00, 0.00, 2.25, 0, 0 
4, 119773, 0.00, 100.00, 0.00, 2.25, 0, 0 
5, 120394, 0.00, 100.00, 0.00, 2.25, 0, 0 
6, 120988, 0.00, 100.00, 0.00, 2.25, 0, 0 
7, 117461, 0.00, 100.00, 0.00, 2.25, 0, 0 
8, 100663, 0.00, 100.00, 0.00, 2.25, 0, 0 
9, 115195, 0.00, 100.00, 0.00, 2.25, 0, 0 
0, 127447, 0.00, 100.00, 0.00, 2.25, 0, 0 
1, 118231, 0.00, 100.00, 0.00, 2.25, 0, 0 
2, 118597, 0.00, 100.00, 0.00, 2.25, 0, 0 
3, 137432, 0.00, 100.00, 0.00, 2.25, 0, 0 
4, 118325, 0.00, 100.00, 0.00, 2.25, 0, 0 
5, 117273, 0.00, 100.00, 0.00, 2.25, 0, 0 
6, 127620, 0.00, 100.00, 0.00, 2.25, 0, 0 
7, 130057, 0.00, 100.00, 0.00, 2.25, 0, 0 
8, 137529, 0.00, 100.00, 0.00, 2.25, 0, 0 
9, 174640, 0.00, 100.00, 0.00, 2.25, 0, 0 
0, 153655, 0.00, 100.00, 0.00, 2.25, 0, 0 
1, 198784, 0.00, 100.00, 0.00, 2.25, 0, 0 
2, 131736, 0.00, 100.00, 0.00, 2.25, 0, 0 
3, 142077, 0.00, 100.00, 0.00, 2.25, 0, 0 
4, 129006, 0.00, 100.00, 0.00, 2.25, 0, 0 
5, 128021, 0.00, 100.00, 0.00, 2.25, 0, 0 
6, 126496, 0.00, 100.00, 0.00, 2.25, 0, 0 
7, 126689, 0.00, 100.00, 0.00, 2.25, 0, 0 
8, 130420, 0.00, 100.00, 0.00, 2.25, 0, 0 
9, 127735, 0.00, 100.00, 0.00, 2.25, 0, 0 
0, 154270, 0.00, 100.00, 0.00, 2.25, 0, 0 
1, 128640, 0.00, 100.00, 0.00, 2.25, 0, 0 
2, 127283, 0.00, 100.00, 0.00, 2.25, 0, 0 
3, 135959, 0.00, 100.00, 0.00, 2.25, 0, 0 
4, 137497, 0.00, 100.00, 0.00, 2.25, 0, 0 
5, 125883, 0.00, 100.00, 0.00, 2.25, 0, 0 
6, 117111, 0.00, 100.00, 0.00, 2.25, 0, 0 
7, 125352, 0.00, 100.00, 0.00, 2.25, 0, 0 
8, 122259, 0.00, 100.00, 0.00, 2.25, 0, 0 
9, 121254, 0.00, 100.00, 0.00, 2.25, 0, 0 
0, 153774, 0.00, 100.00, 0.00, 2.25, 0, 0 
1, 163664, 0.00, 100.00, 0.00, 2.25, 0, 0 
2, 146263, 0.00, 100.00, 0.00, 2.25, 0, 0 
3, 128291, 0.00, 100.00, 0.00, 2.25, 0, 0 
4, 111941, 0.00, 100.00, 0.00, 2.25, 0, 0 
5, 125412, 0.00, 100.00, 0.00, 2.25, 0, 0 
6, 126091, 0.00, 100.00, 0.00, 2.25, 0, 0 
7, 126014, 0.00, 100.00, 0.00, 2.25, 0, 0 
8, 141035, 0.00, 100.00, 0.00, 2.25, 0, 0 
9, 126457, 0.00, 100.00, 0.00, 2.25, 0, 0 
0, 142904, 0.00, 100.00, 0.00, 2.25, 0, 0 
1, 128251, 0.00, 100.00, 0.00, 2.25, 0, 0 
2, 127376, 0.00, 100.00, 0.00, 2.25, 0, 0 
3, 126226, 0.00, 100.00, 0.00, 2.25, 0, 0 
4, 117970, 0.00, 100.00, 0.00, 2.25, 0, 0 
5, 112910, 0.00, 100.00, 0.00, 2.25, 0, 0 
6, 128466, 0.00, 100.00, 0.00, 2.25, 0, 0 
7, 129144, 0.00, 100.00, 0.00, 2.25, 0, 0 
8, 142944, 0.00, 100.00, 0.00, 2.25, 0, 0 
9, 140171, 0.00, 100.00, 0.00, 2.25, 0, 0 
0, 133387, 0.00, 100.00, 0.00, 2.25, 0, 0 
1, 132244, 0.00, 100.00, 0.00, 2.25, 0, 0 
2, 120510, 0.00, 100.00, 0.00, 2.25, 0, 0 
3, 122404, 0.00, 100.00, 0.00, 2.25, 0, 0 
4, 120454, 0.00, 100.00, 0.00, 2.25, 0, 0 
5, 119447, 0.00, 100.00, 0.00, 2.25, 0, 0 
6, 168914, 0.00, 100.00, 0.00, 2.25, 0, 0 
7, 118942, 0.00, 100.00, 0.00, 2.25, 0, 0 
8, 121203, 0.00, 100.00, 0.00, 2.25, 0, 0 
9, 118748, 0.00, 100.00, 0.00, 2.25, 0, 0 
0, 116337, 0.00, 100.00, 0.00, 2.25, 0, 0 
1, 122294, 0.00, 100.00, 0.00, 2.25, 0, 0 
2, 120549, 0.00, 100.00, 0.00, 2.25, 0, 0 
3, 119642, 0.00, 100.00, 0.00, 2.25, 0, 0 
4, 123166, 0.00, 100.00, 0.00, 2.25, 0, 0 
5, 118944, 0.00, 100.00, 0.00, 2.25, 0, 0 
6, 119852, 0.00, 100.00, 0.00, 2.25, 0, 0 
7, 118691, 0.00, 100.00, 0.00, 2.25, 0, 0 
8, 120179, 0.00, 100.00, 0.00, 2.25, 0, 0 
9, 143485, 0.00, 100.00, 0.00, 2.25, 0, 0 
0, 130074, 0.00, 100.00, 0.00, 2.25, 0, 0 
1, 122691, 0.00, 100.00, 0.00, 2.25, 0, 0 
2, 120338, 0.00, 100.00, 0.00, 2.25, 0, 0 
3, 125754, 0.00, 100.00, 0.00, 2.25, 0, 0 
4, 120248, 0.00, 100.00, 0.00, 2.25, 0, 0 
5, 177924, 0.00, 100.00, 0.00, 2.25, 0, 0 
6, 104905, 0.00, 100.00, 0.00, 2.25, 0, 0 
7, 120393, 0.00, 100.00, 0.00, 2.25, 0, 0 
8, 119049, 0.00, 100.00, 0.00, 2.25, 0, 0 
9, 119053, 0.00, 100.00, 0.00, 2.25, 0, 0 
0, 129200, 0.00, 100.00, 0.00, 2.25, 0, 0 
1, 122875, 0.00, 100.00, 0.00, 2.25, 0, 0 
2, 119128, 0.00, 100.00, 0.00, 2.25, 0, 0 
3, 119408, 0.00, 100.00, 0.00, 2.25, 0, 0 
4, 119149, 0.00, 100.00, 0.00, 2.25, 0, 0 
5, 119110, 0.00, 100.00, 0.00, 2.25, 0, 0 
6, 120141, 0.00, 100.00, 0.00, 2.25, 0, 0 
7, 120858, 0.00, 100.00, 0.00, 2.25, 0, 0 
8, 154046, 0.00, 100.00, 0.00, 2.25, 0, 0 
9, 121816, 0.00, 100.00, 0.00, 2.25, 0, 0 
0, 131659, 0.00, 100.00, 0.00, 2.25, 0, 0 
1, 110780, 0.00, 100.00, 0.00, 2.25, 0, 0 
2, 124399, 0.00, 100.00, 0.00, 2.25, 0, 0 
3, 125082, 0.00, 100.00, 0.00, 2.25, 0, 0 
4, 163211, 0.00, 100.00, 0.00, 2.25, 0, 0 
5, 119866, 0.00, 100.00, 0.00, 2.25, 0, 0 
6, 107229, 0.00, 100.00, 0.00, 2.25, 0, 0 
7, 128416, 0.00, 100.00, 0.00, 2.25, 0, 0 
8, 134885, 0.00, 100.00, 0.00, 2.25, 0, 0 
9, 121569, 0.00, 100.00, 0.00, 2.25, 0, 0 
0, 193206, 0.00, 100.00, 0.00, 2.25, 0, 0 
1, 124597, 0.00, 100.00, 0.00, 2.25, 0, 0 
2, 127638, 0.00, 100.00, 0.00, 2.25, 0, 0 
3, 119363, 0.00, 100.00, 0.00, 2.25, 0, 0 
4, 120099, 0.00, 100.00, 0.00, 2.25, 0, 0 
5, 120761, 0.00, 100.00, 0.00, 2.25, 0, 0 
6, 183520, 0.00, 100.00, 0.00, 2.25, 0, 0 
7, 104086, 0.00, 100.00, 0.00, 2.25, 0, 0 
8, 114786, 0.00, 100.00, 0.00, 2.25, 0, 0 
9, 115826, 0.00, 100.00, 0.00, 2.25, 0, 0 
0, 131958, 0.00, 100.00, 0.00, 2.25, 0, 0 
1, 123019, 0.00, 100.00, 0.00, 2.25, 0, 0 
2, 105540, 0.00, 100.00, 0.00, 2.25, 0, 0 
3, 134038, 0.00, 100.00, 0.00, 2.25, 0, 0 
4, 121167, 0.00, 100.00, 0.00, 2.25, 0, 0 
5, 120812, 0.00, 100.00, 0.00, 2.25, 0, 0 
6, 120231, 0.00, 100.00, 0.00, 2.25, 0, 0 
7, 121192, 0.00, 100.00, 0.00, 2.25, 0, 0 
8, 120645, 0.00, 100.00, 0.00, 2.25, 0, 0 
9, 135294, 0.00, 100.00, 0.00, 2.25, 0, 0 
0, 131288, 0.00, 100.00, 0.00, 2.25, 0, 0 
1, 124048, 0.00, 100.00, 0.00, 2.25, 0, 0 
2, 132336, 0.00, 100.00, 0.00, 2.25, 0, 0 
3, 130638, 0.00, 100.00, 0.00, 2.25, 0, 0 
4, 119522, 0.00, 100.00, 0.00, 2.25, 0, 0 
5, 132300, 0.00, 100.00, 0.00, 2.25, 0, 0 
6, 124796, 0.00, 100.00, 0.00, 2.25, 0, 0 
7, 104574, 0.00, 100.00, 0.00, 2.25, 0, 0 
8, 124965, 0.00, 100.00, 0.00, 2.25, 0, 0 
9, 111070, 0.00, 100.00, 0.00, 2.25, 0, 0 
0, 141464, 0.00, 100.00, 0.00, 2.25, 0, 0 
1, 190550, 0.00, 100.00, 0.00, 2.25, 0, 0 
2, 108235, 0.00, 100.00, 0.00, 2.25, 0, 0 
3, 124869, 0.00, 100.00, 0.00, 2.25, 0, 0 
4, 106365, 0.00, 100.00, 0.00, 2.25, 0, 0 
5, 121848, 0.00, 100.00, 0.00, 2.25, 0, 0 
6, 141224, 0.00, 100.00, 0.00, 2.25, 0, 0 
7, 287028, 0.00, 100.00, 0.00, 2.25, 0, 0 
8, 169868, 0.00, 100.00, 0.00, 2.25, 0, 0 
9, 152227, 0.00, 100.00, 0.00, 2.25, 0, 0 
0, 130823, 0.00, 100.00, 0.00, 2.25, 0, 0 
1, 106794, 0.00, 100.00, 0.00, 2.25, 0, 0 
2, 114621, 0.00, 100.00, 0.00, 2.25, 0, 0 
3, 120671, 0.00, 100.00, 0.00, 2.25, 0, 0 
4, 120614, 0.00, 100.00, 0.00, 2.25, 0, 0 
5, 105504, 0.00, 100.00, 0.00, 2.25, 0, 0 
6, 133717, 0.00, 100.00, 0.00, 2.25, 0, 0 
7, 121931, 0.00, 100.00, 0.00, 2.25, 0, 0 
8, 184647, 0.00, 100.00, 0.00, 2.25, 0, 0 
9, 121239, 0.00, 100.00, 0.00, 2.25, 0, 0 
0, 132357, 0.00, 100.00, 0.00, 2.25, 0, 0 
1, 128885, 0.00, 100.00, 0.00, 2.25, 0, 0 
2, 120273, 0.00, 100.00, 0.00, 2.25, 0, 0 
3, 124034, 0.00, 100.00, 0.00, 2.25, 0, 0 
4, 151479, 0.00, 100.00, 0.00, 2.25, 0, 0 
5, 122987, 0.00, 100.00, 0.00, 2.25, 0, 0 
6, 122731, 0.00, 100.00, 0.00, 2.25, 0, 0 
7, 119686, 0.00, 100.00, 0.00, 2.25, 0, 0 
8, 119823, 0.00, 100.00, 0.00, 2.25, 0, 0 
9, 121592, 0.00, 100.00, 0.00, 2.25, 0, 0 
0, 129813, 0.00, 100.00, 0.00, 2.25, 0, 0 
1, 123456, 0.00, 100.00, 0.00, 2.25, 0, 0 
2, 120679, 0.00, 100.00, 0.00, 2.25, 0, 0 
3, 120820, 0.00, 100.00, 0.00, 2.25, 0, 0 
4, 120925, 0.00, 100.00, 0.00, 2.25, 0, 0 
5, 119771, 0.00, 100.00, 0.00, 2.25, 0, 0 
6, 121599, 0.00, 100.00, 0.00, 2.25, 0, 0 
7, 119304, 0.00, 100.00, 0.00, 2.25, 0, 0 
8, 120105, 0.00, 100.00, 0.00, 2.25, 0, 0 
9, 120507, 0.00, 100.00, 0.00, 2.25, 0, 0 
0, 129968, 0.00, 100.00, 0.00, 2.25, 0, 0 
1, 137376, 0.00, 100.00, 0.00, 2.25, 0, 0 
2, 121387, 0.00, 100.00, 0.00, 2.25, 0, 0 
3, 186189, 0.00, 100.00, 0.00, 2.25, 0, 0 
4, 120837, 0.00, 100.00, 0.00, 2.25, 0, 0 
5, 122175, 0.00, 100.00, 0.00, 2.25, 0, 0 
6, 121869, 0.00, 100.00, 0.00, 2.25, 0, 0 
7, 122478, 0.00, 100.00, 0.00, 2.25, 0, 0 
8, 121780, 0.00, 100.00, 0.00, 2.25, 0, 0 
9, 103823, 0.00, 100.00, 0.00, 2.25, 0, 0 
0, 157565, 0.00, 100.00, 0.00, 2.25, 0, 0 
1, 117534, 0.00, 100.00, 0.00, 2.25, 0, 0 
2, 123712, 0.00, 100.00, 0.00, 2.25, 0, 0 
3, 120435, 0.00, 100.00, 0.00, 2.25, 0, 0 
4, 122764, 0.00, 100.00, 0.00, 2.25, 0, 0 
5, 122116, 0.00, 100.00, 0.00, 2.25, 0, 0 
6, 157864, 0.00, 100.00, 0.00, 2.25, 0, 0 
7, 121247, 0.00, 100.00, 0.00, 2.25, 0, 0 
8, 124824, 0.00, 100.00, 0.00, 2.25, 0, 0 
9, 121520, 0.00, 100.00, 0.00, 2.25, 0, 0 
0, 128750, 0.00, 100.00, 0.00, 2.25, 0, 0 
1, 118200, 0.00, 100.00, 0.00, 2.25, 0, 0 
2, 122768, 0.00, 100.00, 0.00, 2.25, 0, 0 
3, 128546, 0.00, 100.00, 0.00, 2.25, 0, 0 
4, 125889, 0.00, 100.00, 0.00, 2.25, 0, 0 
5, 117295, 0.00, 100.00, 0.00, 2.25, 0, 0 
6, 117945, 0.00, 100.00, 0.00, 2.25, 0, 0 
7, 146443, 0.00, 100.00, 0.00, 2.25, 0, 0 
8, 126834, 0.00, 100.00, 0.00, 2.25, 0, 0 
9, 129560, 0.00, 100.00, 0.00, 2.25, 0, 0 
0, 194791, 0.00, 100.00, 0.00, 2.25, 0, 0 
1, 148964, 0.00, 100.00, 0.00, 2.25, 0, 0 
2, 130841, 0.00, 100.00, 0.00, 2.25, 0, 0 
3, 132761, 0.00, 100.00, 0.00, 2.25, 0, 0 
4, 129041, 0.00, 100.00, 0.00, 2.25, 0, 0 
5, 133694, 0.00, 100.00, 0.00, 2.25, 0, 0 
6, 118047, 0.00, 100.00, 0.00, 2.25, 0, 0 
7, 127466, 0.00, 100.00, 0.00, 2.25, 0, 0 
8, 127100, 0.00, 100.00, 0.00, 2.25, 0, 0 
9, 127207, 0.00, 100.00, 0.00, 2.25, 0, 0 
0, 143056, 0.00, 100.00, 0.00, 2.25, 0, 0 
1, 115474, 0.00, 100.00, 0.00, 2.25, 0, 0 
2, 124773, 0.00, 100.00, 0.00, 2.25, 0, 0 
3, 121772, 0.00, 100.00, 0.00, 2.25, 0, 0 
4, 122726, 0.00, 100.00, 0.00, 2.25, 0, 0 
5, 107714, 0.00, 100.00, 0.00, 2.25, 0, 0 
6, 122591, 0.00, 100.00, 0.00, 2.25, 0, 0 
7, 128403, 0.00, 100.00, 0.00, 2.25, 0, 0 
8, 124085, 0.00, 100.00, 0.00, 2.25, 0, 0 
9, 122920, 0.00, 100.00, 0.00, 2.25, 0, 0 
0, 131270, 0.00, 100.00, 0.00, 2.25, 0, 0 
1, 126510, 0.00, 100.00, 0.00, 2.25, 0, 0 
2, 123927, 0.00, 100.00, 0.00, 2.25, 0, 0 
3, 153802, 0.00, 100.00, 0.00, 2.25, 0, 0 
4, 121519, 0.00, 100.00, 0.00, 2.25, 0, 0 
5, 121281, 0.00, 100.00, 0.00, 2.25, 0, 0 
6, 119819, 0.00, 100.00, 0.00, 2.25, 0, 0 
7, 120138, 0.00, 100.00, 0.00, 2.25, 0, 0 
8, 120258, 0.00, 100.00, 0.00, 2.25, 0, 0 
9, 189151, 0.00, 100.00, 0.00, 2.25, 0, 0 
0, 128073, 0.00, 100.00, 0.00, 2.25, 0, 0 
1, 133669, 0.00, 100.00, 0.00, 2.25, 0, 0 
2, 120334, 0.00, 100.00, 0.00, 2.25, 0, 0 
3, 121833, 0.00, 100.00, 0.00, 2.25, 0, 0 
4, 134415, 0.00, 100.00, 0.00, 2.25, 0, 0 
5, 150820, 0.00, 100.00, 0.00, 2.25, 0, 0 
6, 125809, 0.00, 100.00, 0.00, 2.25, 0, 0 
7, 123717, 0.00, 100.00, 0.00, 2.25, 0, 0 
8, 121506, 0.00, 100.00, 0.00, 2.25, 0, 0 
9, 131739, 0.00, 100.00, 0.00, 2.25, 0, 0 
0, 300569, 0.00, 100.00, 0.00, 2.25, 0, 0 
1, 127891, 0.00, 100.00, 0.00, 2.25, 0, 0 
2, 121649, 0.00, 100.00, 0.00, 2.25, 0, 0 
3, 128281, 0.00, 100.00, 0.00, 2.25, 0, 0 
4, 121613, 0.00, 100.00, 0.00, 2.25, 0, 0 
5, 121267, 0.00, 100.00, 0.00, 2.25, 0, 0 
6, 124903, 0.00, 100.00, 0.00, 2.25, 0, 0 
7, 120125, 0.00, 100.00, 0.00, 2.25, 0, 0 
8, 104790, 0.00, 100.00, 0.00, 2.25, 0, 0 
9, 122987, 0.00, 100.00, 0.00, 2.25, 0, 0 
0, 133754, 0.00, 100.00, 0.00, 2.25, 0, 0 
1, 124109, 0.00, 100.00, 0.00, 2.25, 0, 0 
2, 178685, 0.00, 100.00, 0.00, 2.25, 0, 0 
3, 121085, 0.00, 100.00, 0.00, 2.25, 0, 0 
4, 121207, 0.00, 100.00, 0.00, 2.25, 0, 0 
5, 119504, 0.00, 100.00, 0.00, 2.25, 0, 0 
6, 120284, 0.00, 100.00, 0.00, 2.25, 0, 0 
7, 119541, 0.00, 100.00, 0.00, 2.25, 0, 0 
8, 119230, 0.00, 100.00, 0.00, 2.25, 0, 0 
9, 120319, 0.00, 100.00, 0.00, 2.25, 0, 0 
0, 115453, 0.00, 100.00, 0.00, 2.25, 0, 0 
1, 109142, 0.00, 100.00, 0.00, 2.25, 0, 0 
2, 104028, 0.00, 100.00, 0.00, 2.25, 0, 0 
3, 105297, 0.00, 100.00, 0.00, 2.25, 0, 0 
4, 119631, 0.00, 100.00, 0.00, 2.25, 0, 0 
5, 107140, 0.00, 100.00, 0.00, 2.25, 0, 0 
6, 123294, 0.00, 100.00, 0.00, 2.25, 0, 0 
7, 104525, 0.00, 100.00, 0.00, 2.25, 0, 0 
8, 105247, 0.00, 100.00, 0.00, 2.25, 0, 0 
9, 125166, 0.00, 100.00, 0.00, 2.25, 0, 0 
0, 133911, 0.00, 100.00, 0.00, 2.25, 0, 0 
1, 120294, 0.00, 100.00, 0.00, 2.25, 0, 0 
2, 134364, 0.00, 100.00, 0.00, 2.25, 0, 0 
3, 121773, 0.00, 100.00, 0.00, 2.25, 0, 0 
4, 120276, 0.00, 100.00, 0.00, 2.25, 0, 0 
5, 119151, 0.00, 100.00, 0.00, 2.25, 0, 0 
6, 121060, 0.00, 100.00, 0.00, 2.25, 0, 0 
7, 120302, 0.00, 100.00, 0.00, 2.25, 0, 0 
8, 120172, 0.00, 100.00, 0.00, 2.25, 0, 0 
9, 119977, 0.00, 100.00, 0.00, 2.25, 0, 0 
0, 129916, 0.00, 100.00, 0.00, 2.25, 0, 0 
1, 112242, 0.00, 100.00, 0.00, 2.25, 0, 0 
2, 121800, 0.00, 100.00, 0.00, 2.25, 0, 0 
3, 107143, 0.00, 100.00, 0.00, 2.25, 0, 0 
4, 121214, 0.00, 100.00, 0.00, 2.25, 0, 0 
5, 143390, 0.00, 100.00, 0.00, 2.25, 0, 0 
6, 104134, 0.00, 100.00, 0.00, 2.25, 0, 0 
7, 105326, 0.00, 100.00, 0.00, 2.25, 0, 0 
8, 103680, 0.00, 100.00, 0.00, 2.25, 0, 0 
9, 122719, 0.00, 100.00, 0.00, 2.25, 0, 0 
0, 131017, 0.00, 100.00, 0.00, 2.25, 0, 0 
1, 124154, 0.00, 100.00, 0.00, 2.25, 0, 0 
2, 136499, 0.00, 100.00, 0.00, 2.25, 0, 0 
3, 120220, 0.00, 100.00, 0.00, 2.25, 0, 0 
4, 119851, 0.00, 100.00, 0.00, 2.25, 0, 0 
5, 124431, 0.00, 100.00, 0.00, 2.25, 0, 0 
6, 118725, 0.00, 100.00, 0.00, 2.25, 0, 0 
7, 121919, 0.00, 100.00, 0.00, 2.25, 0, 0 
8, 145443, 0.00, 100.00, 0.00, 2.25, 0, 0 
9, 121402, 0.00, 100.00, 0.00, 2.25, 0, 0 
0, 135762, 0.00, 100.00, 0.00, 2.25, 0, 0 
1, 122622, 0.00, 100.00, 0.00, 2.25, 0, 0 
2, 118983, 0.00, 100.00, 0.00, 2.25, 0, 0 
3, 118908, 0.00, 100.00, 0.00, 2.25, 0, 0 
4, 181093, 0.00, 100.00, 0.00, 2.25, 0, 0 
5, 148942, 0.00, 100.00, 0.00, 2.25, 0, 0 
6, 120632, 0.00, 100.00, 0.00, 2.25, 0, 0 
7, 120273, 0.00, 100.00, 0.00, 2.25, 0, 0 
8, 119273, 0.00, 100.00, 0.00, 2.25, 0, 0 
9, 120156, 0.00, 100.00, 0.00, 2.25, 0, 0 
0, 183550, 0.00, 100.00, 0.00, 2.25, 0, 0 
1, 120217, 0.00, 100.00, 0.00, 2.25, 0, 0 
2, 119690, 0.00, 100.00, 0.00, 2.25, 0, 0 
3, 119490, 0.00, 100.00, 0.00, 2.25, 0, 0 
4, 130841, 0.00, 100.00, 0.00, 2.25, 0, 0 
5, 124918, 0.00, 100.00, 0.00, 2.25, 0, 0 
6, 187333, 0.00, 100.00, 0.00, 2.25, 0, 0 
7, 104496, 0.00, 100.00, 0.00, 2.25, 0, 0 
8, 105922, 0.00, 100.00, 0.00, 2.25, 0, 0 
9, 121348, 0.00, 100.00, 0.00, 2.25, 0, 0 
0, 128972, 0.00, 100.00, 0.00, 2.25, 0, 0 
1, 108656, 0.00, 100.00, 0.00, 2.25, 0, 0 
2, 105175, 0.00, 100.00, 0.00, 2.25, 0, 0 
3, 148140, 0.00, 100.00, 0.00, 2.25, 0, 0 
4, 120720, 0.00, 100.00, 0.00, 2.25, 0, 0 
5, 121089, 0.00, 100.00, 0.00, 2.25, 0, 0 
6, 120975, 0.00, 100.00, 0.00, 2.25, 0, 0 
7, 122345, 0.00, 100.00, 0.00, 2.25, 0, 0 
8, 104636, 0.00, 100.00, 0.00, 2.25, 0, 0 
9, 158750, 0.00, 100.00, 0.00, 2.25, 0, 0 
0, 131966, 0.00, 100.00, 0.00, 2.25, 0, 0 
1, 125156, 0.00, 100.00, 0.00, 2.25, 0, 0 
2, 106374, 0.00, 100.00, 0.00, 2.25, 0, 0 
3, 121533, 0.00, 100.00, 0.00, 2.25, 0, 0 
4, 123466, 0.00, 100.00, 0.00, 2.25, 0, 0 
5, 195905, 0.00, 100.00, 0.00, 2.25, 0, 0 
6, 123727, 0.00, 100.00, 0.00, 2.25, 0, 0 
7, 108456, 0.00, 100.00, 0.00, 2.25, 0, 0 
8, 121163, 0.00, 100.00, 0.00, 2.25, 0, 0 
9, 104475, 0.00, 100.00, 0.00, 2.25, 0, 0 
