Wed Nov 28 13:25:38 2018
StepTime, x, v, f, xdes, vdes, fdes, cmd, IR, LSB, LSF
0, 73879, 687163334, 0.00, 100.00, 0.00, 2.25, 0, 0 
1, 73879, 690199017, 0.00, 100.00, 0.00, 2.25, 0, 0 
2, 73879, 693011124, 0.00, 100.00, 0.00, 2.25, 0, 0 
3, 73879, 695661976, 0.00, 100.00, 0.00, 2.25, 0, 0 
4, 73879, 697909735, 0.00, 100.00, 0.00, 2.25, 0, 0 
5, 73879, 699983314, 0.00, 100.00, 0.00, 2.25, 0, 0 
6, 73879, 702202517, 0.00, 100.00, 0.00, 2.25, 0, 0 
7, 73879, 703998082, 0.00, 100.00, 0.00, 2.25, 0, 0 
8, 73879, 705576785, 0.00, 100.00, 0.00, 2.25, 0, 0 
9, 73879, 707395927, 0.00, 100.00, 0.00, 2.25, 0, 0 
0, 73879, 709258661, 0.00, 100.00, 0.00, 2.25, 0, 0 
1, 73879, 711133397, 0.00, 100.00, 0.00, 2.25, 0, 0 
2, 73879, 712874895, 0.00, 100.00, 0.00, 2.25, 0, 0 
3, 73879, 714556106, 0.00, 100.00, 0.00, 2.25, 0, 0 
4, 73879, 716151116, 0.00, 100.00, 0.00, 2.25, 0, 0 
5, 73879, 717747193, 0.00, 100.00, 0.00, 2.25, 0, 0 
6, 73879, 719338040, 0.00, 100.00, 0.00, 2.25, 0, 0 
7, 73879, 720931326, 0.00, 100.00, 0.00, 2.25, 0, 0 
8, 73879, 722484302, 0.00, 100.00, 0.00, 2.25, 0, 0 
9, 73879, 724097820, 0.00, 100.00, 0.00, 2.25, 0, 0 
0, 73879, 725731734, 0.00, 100.00, 0.00, 2.25, 0, 0 
1, 73879, 727503488, 0.00, 100.00, 0.00, 2.25, 0, 0 
2, 73879, 729132473, 0.00, 100.00, 0.00, 2.25, 0, 0 
3, 73879, 730608223, 0.00, 100.00, 0.00, 2.25, 0, 0 
4, 73879, 732195646, 0.00, 100.00, 0.00, 2.25, 0, 0 
5, 73879, 733822371, 0.00, 100.00, 0.00, 2.25, 0, 0 
6, 73879, 735420899, 0.00, 100.00, 0.00, 2.25, 0, 0 
7, 73879, 737021988, 0.00, 100.00, 0.00, 2.25, 0, 0 
8, 73879, 738629255, 0.00, 100.00, 0.00, 2.25, 0, 0 
9, 73879, 740278170, 0.00, 100.00, 0.00, 2.25, 0, 0 
0, 73879, 741852023, 0.00, 100.00, 0.00, 2.25, 0, 0 
1, 73879, 743419373, 0.00, 100.00, 0.00, 2.25, 0, 0 
2, 73879, 744991052, 0.00, 100.00, 0.00, 2.25, 0, 0 
3, 73879, 746629027, 0.00, 100.00, 0.00, 2.25, 0, 0 
4, 73879, 748281816, 0.00, 100.00, 0.00, 2.25, 0, 0 
5, 73879, 750015010, 0.00, 100.00, 0.00, 2.25, 0, 0 
6, 73879, 751744905, 0.00, 100.00, 0.00, 2.25, 0, 0 
7, 73879, 753479385, 0.00, 100.00, 0.00, 2.25, 0, 0 
8, 73879, 755215325, 0.00, 100.00, 0.00, 2.25, 0, 0 
9, 73879, 757044318, 0.00, 100.00, 0.00, 2.25, 0, 0 
0, 73879, 758703579, 0.00, 100.00, 0.00, 2.25, 0, 0 
1, 73879, 760386603, 0.00, 100.00, 0.00, 2.25, 0, 0 
2, 73879, 762126868, 0.00, 100.00, 0.00, 2.25, 0, 0 
3, 73879, 763859318, 0.00, 100.00, 0.00, 2.25, 0, 0 
4, 73879, 765593355, 0.00, 100.00, 0.00, 2.25, 0, 0 
5, 73879, 767303110, 0.00, 100.00, 0.00, 2.25, 0, 0 
6, 73879, 769095550, 0.00, 100.00, 0.00, 2.25, 0, 0 
7, 73879, 770830618, 0.00, 100.00, 0.00, 2.25, 0, 0 
8, 73879, 772513780, 0.00, 100.00, 0.00, 2.25, 0, 0 
9, 73879, 774092815, 0.00, 100.00, 0.00, 2.25, 0, 0 
0, 73879, 776024022, 0.00, 100.00, 0.00, 2.25, 0, 0 
1, 73879, 777748669, 0.00, 100.00, 0.00, 2.25, 0, 0 
2, 73879, 779418294, 0.00, 100.00, 0.00, 2.25, 0, 0 
3, 73879, 780982374, 0.00, 100.00, 0.00, 2.25, 0, 0 
4, 73879, 782739057, 0.00, 100.00, 0.00, 2.25, 0, 0 
5, 73879, 784396751, 0.00, 100.00, 0.00, 2.25, 0, 0 
6, 73879, 786142046, 0.00, 100.00, 0.00, 2.25, 0, 0 
7, 73879, 788212296, 0.00, 100.00, 0.00, 2.25, 0, 0 
8, 73879, 790081991, 0.00, 100.00, 0.00, 2.25, 0, 0 
9, 73879, 792080381, 0.00, 100.00, 0.00, 2.25, 0, 0 
0, 73879, 794160137, 0.00, 100.00, 0.00, 2.25, 0, 0 
1, 73879, 795993826, 0.00, 100.00, 0.00, 2.25, 0, 0 
2, 73879, 797833325, 0.00, 100.00, 0.00, 2.25, 0, 0 
3, 73879, 799632496, 0.00, 100.00, 0.00, 2.25, 0, 0 
4, 73879, 801450593, 0.00, 100.00, 0.00, 2.25, 0, 0 
5, 73879, 803326688, 0.00, 100.00, 0.00, 2.25, 0, 0 
6, 73879, 805473091, 0.00, 100.00, 0.00, 2.25, 0, 0 
7, 73879, 807360991, 0.00, 100.00, 0.00, 2.25, 0, 0 
8, 73879, 809241884, 0.00, 100.00, 0.00, 2.25, 0, 0 
9, 73879, 811337951, 0.00, 100.00, 0.00, 2.25, 0, 0 
0, 73879, 813522625, 0.00, 100.00, 0.00, 2.25, 0, 0 
1, 73879, 815630274, 0.00, 100.00, 0.00, 2.25, 0, 0 
2, 73879, 817416667, 0.00, 100.00, 0.00, 2.25, 0, 0 
3, 73879, 819171049, 0.00, 100.00, 0.00, 2.25, 0, 0 
4, 73879, 821062027, 0.00, 100.00, 0.00, 2.25, 0, 0 
5, 73879, 822955673, 0.00, 100.00, 0.00, 2.25, 0, 0 
6, 73879, 824879027, 0.00, 100.00, 0.00, 2.25, 0, 0 
7, 73879, 826778807, 0.00, 100.00, 0.00, 2.25, 0, 0 
8, 73879, 828799088, 0.00, 100.00, 0.00, 2.25, 0, 0 
9, 73879, 830738113, 0.00, 100.00, 0.00, 2.25, 0, 0 
0, 73879, 832841194, 0.00, 100.00, 0.00, 2.25, 0, 0 
1, 73879, 834806402, 0.00, 100.00, 0.00, 2.25, 0, 0 
2, 73879, 836862635, 0.00, 100.00, 0.00, 2.25, 0, 0 
3, 73879, 838738312, 0.00, 100.00, 0.00, 2.25, 0, 0 
4, 73879, 840610442, 0.00, 100.00, 0.00, 2.25, 0, 0 
5, 73879, 842633485, 0.00, 100.00, 0.00, 2.25, 0, 0 
6, 73879, 844862301, 0.00, 100.00, 0.00, 2.25, 0, 0 
7, 73879, 846832692, 0.00, 100.00, 0.00, 2.25, 0, 0 
8, 73879, 848841244, 0.00, 100.00, 0.00, 2.25, 0, 0 
9, 73879, 850757273, 0.00, 100.00, 0.00, 2.25, 0, 0 
0, 73879, 852601303, 0.00, 100.00, 0.00, 2.25, 0, 0 
1, 73879, 854504861, 0.00, 100.00, 0.00, 2.25, 0, 0 
2, 73879, 856373078, 0.00, 100.00, 0.00, 2.25, 0, 0 
3, 73879, 858278271, 0.00, 100.00, 0.00, 2.25, 0, 0 
4, 73879, 860335822, 0.00, 100.00, 0.00, 2.25, 0, 0 
5, 73879, 862254135, 0.00, 100.00, 0.00, 2.25, 0, 0 
6, 73879, 864104630, 0.00, 100.00, 0.00, 2.25, 0, 0 
7, 73879, 865975813, 0.00, 100.00, 0.00, 2.25, 0, 0 
8, 73879, 867865730, 0.00, 100.00, 0.00, 2.25, 0, 0 
9, 73879, 869729809, 0.00, 100.00, 0.00, 2.25, 0, 0 
0, 73879, 871635714, 0.00, 100.00, 0.00, 2.25, 0, 0 
1, 73879, 873624693, 0.00, 100.00, 0.00, 2.25, 0, 0 
2, 73879, 875658118, 0.00, 100.00, 0.00, 2.25, 0, 0 
3, 73879, 877817203, 0.00, 100.00, 0.00, 2.25, 0, 0 
4, 73879, 879816256, 0.00, 100.00, 0.00, 2.25, 0, 0 
5, 73879, 881937787, 0.00, 100.00, 0.00, 2.25, 0, 0 
6, 73879, 883946818, 0.00, 100.00, 0.00, 2.25, 0, 0 
7, 73879, 886051689, 0.00, 100.00, 0.00, 2.25, 0, 0 
8, 73879, 888208368, 0.00, 100.00, 0.00, 2.25, 0, 0 
9, 73879, 890215702, 0.00, 100.00, 0.00, 2.25, 0, 0 
0, 73879, 892251835, 0.00, 100.00, 0.00, 2.25, 0, 0 
1, 73879, 894404314, 0.00, 100.00, 0.00, 2.25, 0, 0 
2, 73879, 896480314, 0.00, 100.00, 0.00, 2.25, 0, 0 
3, 73879, 898537587, 0.00, 100.00, 0.00, 2.25, 0, 0 
4, 73879, 900503028, 0.00, 100.00, 0.00, 2.25, 0, 0 
5, 73879, 902468248, 0.00, 100.00, 0.00, 2.25, 0, 0 
6, 73879, 904327963, 0.00, 100.00, 0.00, 2.25, 0, 0 
7, 73879, 906392127, 0.00, 100.00, 0.00, 2.25, 0, 0 
8, 73879, 908404961, 0.00, 100.00, 0.00, 2.25, 0, 0 
9, 73879, 910411048, 0.00, 100.00, 0.00, 2.25, 0, 0 
0, 73879, 912351628, 0.00, 100.00, 0.00, 2.25, 0, 0 
1, 73879, 914171518, 0.00, 100.00, 0.00, 2.25, 0, 0 
2, 73879, 916024773, 0.00, 100.00, 0.00, 2.25, 0, 0 
3, 73879, 917890425, 0.00, 100.00, 0.00, 2.25, 0, 0 
4, 73879, 919668916, 0.00, 100.00, 0.00, 2.25, 0, 0 
5, 73879, 921757968, 0.00, 100.00, 0.00, 2.25, 0, 0 
6, 73879, 923798228, 0.00, 100.00, 0.00, 2.25, 0, 0 
7, 73879, 925737112, 0.00, 100.00, 0.00, 2.25, 0, 0 
8, 73879, 927653473, 0.00, 100.00, 0.00, 2.25, 0, 0 
9, 73879, 929578892, 0.00, 100.00, 0.00, 2.25, 0, 0 
0, 73879, 931551778, 0.00, 100.00, 0.00, 2.25, 0, 0 
1, 73879, 933578702, 0.00, 100.00, 0.00, 2.25, 0, 0 
2, 73879, 935496750, 0.00, 100.00, 0.00, 2.25, 0, 0 
3, 73879, 937408520, 0.00, 100.00, 0.00, 2.25, 0, 0 
4, 73879, 939326597, 0.00, 100.00, 0.00, 2.25, 0, 0 
5, 73879, 941163823, 0.00, 100.00, 0.00, 2.25, 0, 0 
6, 73879, 943108728, 0.00, 100.00, 0.00, 2.25, 0, 0 
7, 73879, 945272753, 0.00, 100.00, 0.00, 2.25, 0, 0 
8, 73879, 947326994, 0.00, 100.00, 0.00, 2.25, 0, 0 
9, 73879, 949371389, 0.00, 100.00, 0.00, 2.25, 0, 0 
0, 73879, 951597130, 0.00, 100.00, 0.00, 2.25, 0, 0 
1, 73879, 953566182, 0.00, 100.00, 0.00, 2.25, 0, 0 
2, 73879, 955461525, 0.00, 100.00, 0.00, 2.25, 0, 0 
3, 73879, 957442599, 0.00, 100.00, 0.00, 2.25, 0, 0 
4, 73879, 959419014, 0.00, 100.00, 0.00, 2.25, 0, 0 
5, 73879, 961254154, 0.00, 100.00, 0.00, 2.25, 0, 0 
6, 73879, 963094250, 0.00, 100.00, 0.00, 2.25, 0, 0 
7, 73879, 964991859, 0.00, 100.00, 0.00, 2.25, 0, 0 
8, 73879, 966853004, 0.00, 100.00, 0.00, 2.25, 0, 0 
9, 73879, 968835166, 0.00, 100.00, 0.00, 2.25, 0, 0 
0, 73879, 970806801, 0.00, 100.00, 0.00, 2.25, 0, 0 
1, 73879, 972850423, 0.00, 100.00, 0.00, 2.25, 0, 0 
2, 73879, 974896250, 0.00, 100.00, 0.00, 2.25, 0, 0 
3, 73879, 976844300, 0.00, 100.00, 0.00, 2.25, 0, 0 
4, 73879, 978694598, 0.00, 100.00, 0.00, 2.25, 0, 0 
5, 73879, 980589663, 0.00, 100.00, 0.00, 2.25, 0, 0 
6, 73879, 982413933, 0.00, 100.00, 0.00, 2.25, 0, 0 
7, 73879, 984307103, 0.00, 100.00, 0.00, 2.25, 0, 0 
8, 73879, 986188719, 0.00, 100.00, 0.00, 2.25, 0, 0 
9, 73879, 988066594, 0.00, 100.00, 0.00, 2.25, 0, 0 
0, 73879, 989943883, 0.00, 100.00, 0.00, 2.25, 0, 0 
1, 73879, 991922641, 0.00, 100.00, 0.00, 2.25, 0, 0 
2, 73879, 993768066, 0.00, 100.00, 0.00, 2.25, 0, 0 
3, 73879, 995688213, 0.00, 100.00, 0.00, 2.25, 0, 0 
4, 73879, 997566921, 0.00, 100.00, 0.00, 2.25, 0, 0 
5, 73879, 999595223, 0.00, 100.00, 0.00, 2.25, 0, 0 
6, 73880, 1780700, 0.00, 100.00, 0.00, 2.25, 0, 0 
7, 73880, 8646213, 0.00, 100.00, 0.00, 2.25, 0, 0 
8, 73880, 36279961, 0.00, 100.00, 0.00, 2.25, 0, 0 
9, 73880, 146889045, 0.00, 100.00, 0.00, 2.25, 0, 0 
0, 73880, 589372748, 0.00, 100.00, 0.00, 2.25, 0, 0 
1, 73880, 592206443, 0.00, 100.00, 0.00, 2.25, 0, 0 
2, 73880, 594481998, 0.00, 100.00, 0.00, 2.25, 0, 0 
3, 73880, 596613646, 0.00, 100.00, 0.00, 2.25, 0, 0 
4, 73880, 599060105, 0.00, 100.00, 0.00, 2.25, 0, 0 
5, 73880, 601464973, 0.00, 100.00, 0.00, 2.25, 0, 0 
6, 73880, 603674301, 0.00, 100.00, 0.00, 2.25, 0, 0 
7, 73880, 605723502, 0.00, 100.00, 0.00, 2.25, 0, 0 
8, 73880, 607859705, 0.00, 100.00, 0.00, 2.25, 0, 0 
9, 73880, 610044931, 0.00, 100.00, 0.00, 2.25, 0, 0 
0, 73880, 612206879, 0.00, 100.00, 0.00, 2.25, 0, 0 
1, 73880, 614194555, 0.00, 100.00, 0.00, 2.25, 0, 0 
2, 73880, 616087748, 0.00, 100.00, 0.00, 2.25, 0, 0 
3, 73880, 618079014, 0.00, 100.00, 0.00, 2.25, 0, 0 
4, 73880, 620175254, 0.00, 100.00, 0.00, 2.25, 0, 0 
5, 73880, 622242648, 0.00, 100.00, 0.00, 2.25, 0, 0 
6, 73880, 624500171, 0.00, 100.00, 0.00, 2.25, 0, 0 
7, 73880, 626859540, 0.00, 100.00, 0.00, 2.25, 0, 0 
8, 73880, 629013216, 0.00, 100.00, 0.00, 2.25, 0, 0 
9, 73880, 630964574, 0.00, 100.00, 0.00, 2.25, 0, 0 
0, 73880, 632870479, 0.00, 100.00, 0.00, 2.25, 0, 0 
1, 73880, 634766332, 0.00, 100.00, 0.00, 2.25, 0, 0 
2, 73880, 636631369, 0.00, 100.00, 0.00, 2.25, 0, 0 
3, 73880, 638706332, 0.00, 100.00, 0.00, 2.25, 0, 0 
4, 73880, 640868410, 0.00, 100.00, 0.00, 2.25, 0, 0 
5, 73880, 642872358, 0.00, 100.00, 0.00, 2.25, 0, 0 
6, 73880, 644895416, 0.00, 100.00, 0.00, 2.25, 0, 0 
7, 73880, 646795349, 0.00, 100.00, 0.00, 2.25, 0, 0 
8, 73880, 648547738, 0.00, 100.00, 0.00, 2.25, 0, 0 
9, 73880, 650585738, 0.00, 100.00, 0.00, 2.25, 0, 0 
0, 73880, 652837708, 0.00, 100.00, 0.00, 2.25, 0, 0 
1, 73880, 654836953, 0.00, 100.00, 0.00, 2.25, 0, 0 
2, 73880, 656780185, 0.00, 100.00, 0.00, 2.25, 0, 0 
3, 73880, 658719666, 0.00, 100.00, 0.00, 2.25, 0, 0 
4, 73880, 660659958, 0.00, 100.00, 0.00, 2.25, 0, 0 
5, 73880, 662878424, 0.00, 100.00, 0.00, 2.25, 0, 0 
6, 73880, 664833452, 0.00, 100.00, 0.00, 2.25, 0, 0 
7, 73880, 666653817, 0.00, 100.00, 0.00, 2.25, 0, 0 
8, 73880, 668571896, 0.00, 100.00, 0.00, 2.25, 0, 0 
9, 73880, 670408770, 0.00, 100.00, 0.00, 2.25, 0, 0 
0, 73880, 672360821, 0.00, 100.00, 0.00, 2.25, 0, 0 
1, 73880, 674301579, 0.00, 100.00, 0.00, 2.25, 0, 0 
2, 73880, 676310583, 0.00, 100.00, 0.00, 2.25, 0, 0 
3, 73880, 678148162, 0.00, 100.00, 0.00, 2.25, 0, 0 
4, 73880, 680020011, 0.00, 100.00, 0.00, 2.25, 0, 0 
5, 73880, 681902824, 0.00, 100.00, 0.00, 2.25, 0, 0 
6, 73880, 683928056, 0.00, 100.00, 0.00, 2.25, 0, 0 
7, 73880, 685958199, 0.00, 100.00, 0.00, 2.25, 0, 0 
8, 73880, 688218348, 0.00, 100.00, 0.00, 2.25, 0, 0 
9, 73880, 690099796, 0.00, 100.00, 0.00, 2.25, 0, 0 
0, 73880, 692030682, 0.00, 100.00, 0.00, 2.25, 0, 0 
1, 73880, 693980947, 0.00, 100.00, 0.00, 2.25, 0, 0 
2, 73880, 695900542, 0.00, 100.00, 0.00, 2.25, 0, 0 
3, 73880, 697772141, 0.00, 100.00, 0.00, 2.25, 0, 0 
4, 73880, 699609471, 0.00, 100.00, 0.00, 2.25, 0, 0 
5, 73880, 701399741, 0.00, 100.00, 0.00, 2.25, 0, 0 
6, 73880, 703238121, 0.00, 100.00, 0.00, 2.25, 0, 0 
7, 73880, 705372787, 0.00, 100.00, 0.00, 2.25, 0, 0 
8, 73880, 707488516, 0.00, 100.00, 0.00, 2.25, 0, 0 
9, 73880, 709667924, 0.00, 100.00, 0.00, 2.25, 0, 0 
0, 73880, 711674012, 0.00, 100.00, 0.00, 2.25, 0, 0 
1, 73880, 713681888, 0.00, 100.00, 0.00, 2.25, 0, 0 
2, 73880, 715771484, 0.00, 100.00, 0.00, 2.25, 0, 0 
3, 73880, 717766496, 0.00, 100.00, 0.00, 2.25, 0, 0 
4, 73880, 719731713, 0.00, 100.00, 0.00, 2.25, 0, 0 
5, 73880, 721768418, 0.00, 100.00, 0.00, 2.25, 0, 0 
6, 73880, 723788302, 0.00, 100.00, 0.00, 2.25, 0, 0 
7, 73880, 725864406, 0.00, 100.00, 0.00, 2.25, 0, 0 
8, 73880, 727957031, 0.00, 100.00, 0.00, 2.25, 0, 0 
9, 73880, 729995648, 0.00, 100.00, 0.00, 2.25, 0, 0 
0, 73880, 732076771, 0.00, 100.00, 0.00, 2.25, 0, 0 
1, 73880, 733976339, 0.00, 100.00, 0.00, 2.25, 0, 0 
2, 73880, 735881534, 0.00, 100.00, 0.00, 2.25, 0, 0 
3, 73880, 737804589, 0.00, 100.00, 0.00, 2.25, 0, 0 
4, 73880, 739774398, 0.00, 100.00, 0.00, 2.25, 0, 0 
5, 73880, 741693387, 0.00, 100.00, 0.00, 2.25, 0, 0 
6, 73880, 743712440, 0.00, 100.00, 0.00, 2.25, 0, 0 
7, 73880, 745636841, 0.00, 100.00, 0.00, 2.25, 0, 0 
8, 73880, 747481228, 0.00, 100.00, 0.00, 2.25, 0, 0 
9, 73880, 749342788, 0.00, 100.00, 0.00, 2.25, 0, 0 
0, 73880, 751447548, 0.00, 100.00, 0.00, 2.25, 0, 0 
1, 73880, 753412839, 0.00, 100.00, 0.00, 2.25, 0, 0 
2, 73880, 755408410, 0.00, 100.00, 0.00, 2.25, 0, 0 
3, 73880, 757279510, 0.00, 100.00, 0.00, 2.25, 0, 0 
4, 73880, 759131085, 0.00, 100.00, 0.00, 2.25, 0, 0 
5, 73880, 761193247, 0.00, 100.00, 0.00, 2.25, 0, 0 
6, 73880, 763155069, 0.00, 100.00, 0.00, 2.25, 0, 0 
7, 73880, 765289831, 0.00, 100.00, 0.00, 2.25, 0, 0 
8, 73880, 767377320, 0.00, 100.00, 0.00, 2.25, 0, 0 
9, 73880, 769563701, 0.00, 100.00, 0.00, 2.25, 0, 0 
0, 73880, 771530808, 0.00, 100.00, 0.00, 2.25, 0, 0 
1, 73880, 773474397, 0.00, 100.00, 0.00, 2.25, 0, 0 
2, 73880, 775498596, 0.00, 100.00, 0.00, 2.25, 0, 0 
3, 73880, 777438882, 0.00, 100.00, 0.00, 2.25, 0, 0 
4, 73880, 779696465, 0.00, 100.00, 0.00, 2.25, 0, 0 
5, 73880, 781747752, 0.00, 100.00, 0.00, 2.25, 0, 0 
6, 73880, 783857347, 0.00, 100.00, 0.00, 2.25, 0, 0 
7, 73880, 785902779, 0.00, 100.00, 0.00, 2.25, 0, 0 
8, 73880, 787960023, 0.00, 100.00, 0.00, 2.25, 0, 0 
9, 73880, 790009740, 0.00, 100.00, 0.00, 2.25, 0, 0 
0, 73880, 792163472, 0.00, 100.00, 0.00, 2.25, 0, 0 
1, 73880, 794310165, 0.00, 100.00, 0.00, 2.25, 0, 0 
2, 73880, 796318935, 0.00, 100.00, 0.00, 2.25, 0, 0 
3, 73880, 798231757, 0.00, 100.00, 0.00, 2.25, 0, 0 
4, 73880, 800023541, 0.00, 100.00, 0.00, 2.25, 0, 0 
5, 73880, 801933590, 0.00, 100.00, 0.00, 2.25, 0, 0 
6, 73880, 803791650, 0.00, 100.00, 0.00, 2.25, 0, 0 
7, 73880, 805593128, 0.00, 100.00, 0.00, 2.25, 0, 0 
8, 73880, 807438432, 0.00, 100.00, 0.00, 2.25, 0, 0 
9, 73880, 809434224, 0.00, 100.00, 0.00, 2.25, 0, 0 
0, 73880, 811281698, 0.00, 100.00, 0.00, 2.25, 0, 0 
1, 73880, 813178993, 0.00, 100.00, 0.00, 2.25, 0, 0 
2, 73880, 815080628, 0.00, 100.00, 0.00, 2.25, 0, 0 
3, 73880, 817021928, 0.00, 100.00, 0.00, 2.25, 0, 0 
4, 73880, 818857230, 0.00, 100.00, 0.00, 2.25, 0, 0 
5, 73880, 820795682, 0.00, 100.00, 0.00, 2.25, 0, 0 
6, 73880, 822787995, 0.00, 100.00, 0.00, 2.25, 0, 0 
7, 73880, 824600984, 0.00, 100.00, 0.00, 2.25, 0, 0 
8, 73880, 826442906, 0.00, 100.00, 0.00, 2.25, 0, 0 
9, 73880, 828377542, 0.00, 100.00, 0.00, 2.25, 0, 0 
0, 73880, 830377282, 0.00, 100.00, 0.00, 2.25, 0, 0 
1, 73880, 832247654, 0.00, 100.00, 0.00, 2.25, 0, 0 
2, 73880, 833995095, 0.00, 100.00, 0.00, 2.25, 0, 0 
3, 73880, 835820726, 0.00, 100.00, 0.00, 2.25, 0, 0 
4, 73880, 837663651, 0.00, 100.00, 0.00, 2.25, 0, 0 
5, 73880, 839582116, 0.00, 100.00, 0.00, 2.25, 0, 0 
6, 73880, 841541419, 0.00, 100.00, 0.00, 2.25, 0, 0 
7, 73880, 843621365, 0.00, 100.00, 0.00, 2.25, 0, 0 
8, 73880, 845578254, 0.00, 100.00, 0.00, 2.25, 0, 0 
9, 73880, 847581844, 0.00, 100.00, 0.00, 2.25, 0, 0 
0, 73880, 849501106, 0.00, 100.00, 0.00, 2.25, 0, 0 
1, 73880, 851288308, 0.00, 100.00, 0.00, 2.25, 0, 0 
2, 73880, 853128490, 0.00, 100.00, 0.00, 2.25, 0, 0 
3, 73880, 854887435, 0.00, 100.00, 0.00, 2.25, 0, 0 
4, 73880, 856799502, 0.00, 100.00, 0.00, 2.25, 0, 0 
5, 73880, 858608078, 0.00, 100.00, 0.00, 2.25, 0, 0 
6, 73880, 860475705, 0.00, 100.00, 0.00, 2.25, 0, 0 
7, 73880, 862138808, 0.00, 100.00, 0.00, 2.25, 0, 0 
8, 73880, 863879006, 0.00, 100.00, 0.00, 2.25, 0, 0 
9, 73880, 865781731, 0.00, 100.00, 0.00, 2.25, 0, 0 
0, 73880, 867852096, 0.00, 100.00, 0.00, 2.25, 0, 0 
1, 73880, 869799969, 0.00, 100.00, 0.00, 2.25, 0, 0 
2, 73880, 871741237, 0.00, 100.00, 0.00, 2.25, 0, 0 
3, 73880, 873768090, 0.00, 100.00, 0.00, 2.25, 0, 0 
4, 73880, 875796918, 0.00, 100.00, 0.00, 2.25, 0, 0 
5, 73880, 877884648, 0.00, 100.00, 0.00, 2.25, 0, 0 
6, 73880, 879788037, 0.00, 100.00, 0.00, 2.25, 0, 0 
7, 73880, 881644951, 0.00, 100.00, 0.00, 2.25, 0, 0 
8, 73880, 883538912, 0.00, 100.00, 0.00, 2.25, 0, 0 
9, 73880, 885506043, 0.00, 100.00, 0.00, 2.25, 0, 0 
0, 73880, 887666547, 0.00, 100.00, 0.00, 2.25, 0, 0 
1, 73880, 889834394, 0.00, 100.00, 0.00, 2.25, 0, 0 
2, 73880, 891819902, 0.00, 100.00, 0.00, 2.25, 0, 0 
3, 73880, 893698914, 0.00, 100.00, 0.00, 2.25, 0, 0 
4, 73880, 895738147, 0.00, 100.00, 0.00, 2.25, 0, 0 
5, 73880, 897809773, 0.00, 100.00, 0.00, 2.25, 0, 0 
6, 73880, 899723309, 0.00, 100.00, 0.00, 2.25, 0, 0 
7, 73880, 901684918, 0.00, 100.00, 0.00, 2.25, 0, 0 
8, 73880, 903454639, 0.00, 100.00, 0.00, 2.25, 0, 0 
9, 73880, 905191857, 0.00, 100.00, 0.00, 2.25, 0, 0 
0, 73880, 906990430, 0.00, 100.00, 0.00, 2.25, 0, 0 
1, 73880, 908988922, 0.00, 100.00, 0.00, 2.25, 0, 0 
2, 73880, 911094972, 0.00, 100.00, 0.00, 2.25, 0, 0 
3, 73880, 913054629, 0.00, 100.00, 0.00, 2.25, 0, 0 
4, 73880, 914896950, 0.00, 100.00, 0.00, 2.25, 0, 0 
5, 73880, 916701595, 0.00, 100.00, 0.00, 2.25, 0, 0 
6, 73880, 918378881, 0.00, 100.00, 0.00, 2.25, 0, 0 
7, 73880, 920157841, 0.00, 100.00, 0.00, 2.25, 0, 0 
8, 73880, 922158258, 0.00, 100.00, 0.00, 2.25, 0, 0 
9, 73880, 924334024, 0.00, 100.00, 0.00, 2.25, 0, 0 
0, 73880, 926469684, 0.00, 100.00, 0.00, 2.25, 0, 0 
1, 73880, 928454783, 0.00, 100.00, 0.00, 2.25, 0, 0 
2, 73880, 930377020, 0.00, 100.00, 0.00, 2.25, 0, 0 
3, 73880, 932365405, 0.00, 100.00, 0.00, 2.25, 0, 0 
4, 73880, 934242095, 0.00, 100.00, 0.00, 2.25, 0, 0 
5, 73880, 936136533, 0.00, 100.00, 0.00, 2.25, 0, 0 
6, 73880, 937875528, 0.00, 100.00, 0.00, 2.25, 0, 0 
7, 73880, 939626197, 0.00, 100.00, 0.00, 2.25, 0, 0 
8, 73880, 941502859, 0.00, 100.00, 0.00, 2.25, 0, 0 
9, 73880, 943642572, 0.00, 100.00, 0.00, 2.25, 0, 0 
0, 73880, 945698564, 0.00, 100.00, 0.00, 2.25, 0, 0 
1, 73880, 947630371, 0.00, 100.00, 0.00, 2.25, 0, 0 
2, 73880, 949468903, 0.00, 100.00, 0.00, 2.25, 0, 0 
3, 73880, 951334798, 0.00, 100.00, 0.00, 2.25, 0, 0 
4, 73880, 953188152, 0.00, 100.00, 0.00, 2.25, 0, 0 
5, 73880, 955016949, 0.00, 100.00, 0.00, 2.25, 0, 0 
6, 73880, 957030673, 0.00, 100.00, 0.00, 2.25, 0, 0 
7, 73880, 959035662, 0.00, 100.00, 0.00, 2.25, 0, 0 
8, 73880, 961152961, 0.00, 100.00, 0.00, 2.25, 0, 0 
9, 73880, 963133799, 0.00, 100.00, 0.00, 2.25, 0, 0 
0, 73880, 965266917, 0.00, 100.00, 0.00, 2.25, 0, 0 
1, 73880, 967242288, 0.00, 100.00, 0.00, 2.25, 0, 0 
2, 73880, 969615770, 0.00, 100.00, 0.00, 2.25, 0, 0 
3, 73880, 971884527, 0.00, 100.00, 0.00, 2.25, 0, 0 
4, 73880, 973963860, 0.00, 100.00, 0.00, 2.25, 0, 0 
5, 73880, 976056874, 0.00, 100.00, 0.00, 2.25, 0, 0 
6, 73880, 978133283, 0.00, 100.00, 0.00, 2.25, 0, 0 
7, 73880, 980194929, 0.00, 100.00, 0.00, 2.25, 0, 0 
8, 73880, 982267998, 0.00, 100.00, 0.00, 2.25, 0, 0 
9, 73880, 984208220, 0.00, 100.00, 0.00, 2.25, 0, 0 
0, 73880, 986103303, 0.00, 100.00, 0.00, 2.25, 0, 0 
1, 73880, 988100181, 0.00, 100.00, 0.00, 2.25, 0, 0 
2, 73880, 989965649, 0.00, 100.00, 0.00, 2.25, 0, 0 
3, 73880, 991832278, 0.00, 100.00, 0.00, 2.25, 0, 0 
4, 73880, 993736683, 0.00, 100.00, 0.00, 2.25, 0, 0 
5, 73880, 995599779, 0.00, 100.00, 0.00, 2.25, 0, 0 
6, 73880, 997670367, 0.00, 100.00, 0.00, 2.25, 0, 0 
7, 73880, 999576049, 0.00, 100.00, 0.00, 2.25, 0, 0 
8, 73881, 1621820, 0.00, 100.00, 0.00, 2.25, 0, 0 
9, 73881, 8030189, 0.00, 100.00, 0.00, 2.25, 0, 0 
0, 73881, 33782617, 0.00, 100.00, 0.00, 2.25, 0, 0 
1, 73881, 136751640, 0.00, 100.00, 0.00, 2.25, 0, 0 
2, 73881, 548711480, 0.00, 100.00, 0.00, 2.25, 0, 0 
3, 73881, 551158902, 0.00, 100.00, 0.00, 2.25, 0, 0 
4, 73881, 553610792, 0.00, 100.00, 0.00, 2.25, 0, 0 
5, 73881, 555983219, 0.00, 100.00, 0.00, 2.25, 0, 0 
6, 73881, 558263614, 0.00, 100.00, 0.00, 2.25, 0, 0 
7, 73881, 560465734, 0.00, 100.00, 0.00, 2.25, 0, 0 
8, 73881, 562489636, 0.00, 100.00, 0.00, 2.25, 0, 0 
9, 73881, 564710564, 0.00, 100.00, 0.00, 2.25, 0, 0 
0, 73881, 566900147, 0.00, 100.00, 0.00, 2.25, 0, 0 
1, 73881, 569414495, 0.00, 100.00, 0.00, 2.25, 0, 0 
2, 73881, 571881863, 0.00, 100.00, 0.00, 2.25, 0, 0 
3, 73881, 574054374, 0.00, 100.00, 0.00, 2.25, 0, 0 
4, 73881, 576164484, 0.00, 100.00, 0.00, 2.25, 0, 0 
5, 73881, 578365645, 0.00, 100.00, 0.00, 2.25, 0, 0 
6, 73881, 580691506, 0.00, 100.00, 0.00, 2.25, 0, 0 
7, 73881, 582886426, 0.00, 100.00, 0.00, 2.25, 0, 0 
8, 73881, 584939849, 0.00, 100.00, 0.00, 2.25, 0, 0 
9, 73881, 586958428, 0.00, 100.00, 0.00, 2.25, 0, 0 
0, 73881, 589064516, 0.00, 100.00, 0.00, 2.25, 0, 0 
1, 73881, 591190660, 0.00, 100.00, 0.00, 2.25, 0, 0 
2, 73881, 593223898, 0.00, 100.00, 0.00, 2.25, 0, 0 
3, 73881, 595148242, 0.00, 100.00, 0.00, 2.25, 0, 0 
4, 73881, 597190726, 0.00, 100.00, 0.00, 2.25, 0, 0 
5, 73881, 599150375, 0.00, 100.00, 0.00, 2.25, 0, 0 
6, 73881, 601205564, 0.00, 100.00, 0.00, 2.25, 0, 0 
7, 73881, 603373814, 0.00, 100.00, 0.00, 2.25, 0, 0 
8, 73881, 605395439, 0.00, 100.00, 0.00, 2.25, 0, 0 
9, 73881, 607328542, 0.00, 100.00, 0.00, 2.25, 0, 0 
0, 73881, 609294918, 0.00, 100.00, 0.00, 2.25, 0, 0 
1, 73881, 611235594, 0.00, 100.00, 0.00, 2.25, 0, 0 
2, 73881, 613063768, 0.00, 100.00, 0.00, 2.25, 0, 0 
3, 73881, 614924231, 0.00, 100.00, 0.00, 2.25, 0, 0 
4, 73881, 616874443, 0.00, 100.00, 0.00, 2.25, 0, 0 
5, 73881, 618861704, 0.00, 100.00, 0.00, 2.25, 0, 0 
6, 73881, 620687085, 0.00, 100.00, 0.00, 2.25, 0, 0 
7, 73881, 622575976, 0.00, 100.00, 0.00, 2.25, 0, 0 
8, 73881, 624401545, 0.00, 100.00, 0.00, 2.25, 0, 0 
9, 73881, 626264973, 0.00, 100.00, 0.00, 2.25, 0, 0 
0, 73881, 628281405, 0.00, 100.00, 0.00, 2.25, 0, 0 
1, 73881, 630468283, 0.00, 100.00, 0.00, 2.25, 0, 0 
2, 73881, 632415205, 0.00, 100.00, 0.00, 2.25, 0, 0 
3, 73881, 634275820, 0.00, 100.00, 0.00, 2.25, 0, 0 
4, 73881, 636139335, 0.00, 100.00, 0.00, 2.25, 0, 0 
5, 73881, 638198602, 0.00, 100.00, 0.00, 2.25, 0, 0 
6, 73881, 640205507, 0.00, 100.00, 0.00, 2.25, 0, 0 
7, 73881, 642251732, 0.00, 100.00, 0.00, 2.25, 0, 0 
8, 73881, 644258430, 0.00, 100.00, 0.00, 2.25, 0, 0 
9, 73881, 646215932, 0.00, 100.00, 0.00, 2.25, 0, 0 
0, 73881, 648337873, 0.00, 100.00, 0.00, 2.25, 0, 0 
1, 73881, 650421228, 0.00, 100.00, 0.00, 2.25, 0, 0 
2, 73881, 652475558, 0.00, 100.00, 0.00, 2.25, 0, 0 
3, 73881, 654428222, 0.00, 100.00, 0.00, 2.25, 0, 0 
4, 73881, 656422888, 0.00, 100.00, 0.00, 2.25, 0, 0 
5, 73881, 658481379, 0.00, 100.00, 0.00, 2.25, 0, 0 
6, 73881, 660400770, 0.00, 100.00, 0.00, 2.25, 0, 0 
7, 73881, 662474305, 0.00, 100.00, 0.00, 2.25, 0, 0 
8, 73881, 664659671, 0.00, 100.00, 0.00, 2.25, 0, 0 
9, 73881, 666528364, 0.00, 100.00, 0.00, 2.25, 0, 0 
0, 73881, 668451933, 0.00, 100.00, 0.00, 2.25, 0, 0 
1, 73881, 670304930, 0.00, 100.00, 0.00, 2.25, 0, 0 
2, 73881, 672190346, 0.00, 100.00, 0.00, 2.25, 0, 0 
3, 73881, 674204487, 0.00, 100.00, 0.00, 2.25, 0, 0 
4, 73881, 676209086, 0.00, 100.00, 0.00, 2.25, 0, 0 
5, 73881, 678294321, 0.00, 100.00, 0.00, 2.25, 0, 0 
6, 73881, 680346639, 0.00, 100.00, 0.00, 2.25, 0, 0 
7, 73881, 682302925, 0.00, 100.00, 0.00, 2.25, 0, 0 
8, 73881, 684161650, 0.00, 100.00, 0.00, 2.25, 0, 0 
9, 73881, 686036529, 0.00, 100.00, 0.00, 2.25, 0, 0 
0, 73881, 687941124, 0.00, 100.00, 0.00, 2.25, 0, 0 
1, 73881, 689921551, 0.00, 100.00, 0.00, 2.25, 0, 0 
2, 73881, 691847362, 0.00, 100.00, 0.00, 2.25, 0, 0 
3, 73881, 693842483, 0.00, 100.00, 0.00, 2.25, 0, 0 
4, 73881, 695850073, 0.00, 100.00, 0.00, 2.25, 0, 0 
5, 73881, 697787379, 0.00, 100.00, 0.00, 2.25, 0, 0 
6, 73881, 699692045, 0.00, 100.00, 0.00, 2.25, 0, 0 
7, 73881, 701586328, 0.00, 100.00, 0.00, 2.25, 0, 0 
8, 73881, 703454972, 0.00, 100.00, 0.00, 2.25, 0, 0 
9, 73881, 705485052, 0.00, 100.00, 0.00, 2.25, 0, 0 
0, 73881, 707434712, 0.00, 100.00, 0.00, 2.25, 0, 0 
1, 73881, 709547171, 0.00, 100.00, 0.00, 2.25, 0, 0 
2, 73881, 711528086, 0.00, 100.00, 0.00, 2.25, 0, 0 
3, 73881, 713394737, 0.00, 100.00, 0.00, 2.25, 0, 0 
4, 73881, 715280188, 0.00, 100.00, 0.00, 2.25, 0, 0 
5, 73881, 717161392, 0.00, 100.00, 0.00, 2.25, 0, 0 
6, 73881, 718928641, 0.00, 100.00, 0.00, 2.25, 0, 0 
7, 73881, 720679424, 0.00, 100.00, 0.00, 2.25, 0, 0 
8, 73881, 722465001, 0.00, 100.00, 0.00, 2.25, 0, 0 
9, 73881, 724353479, 0.00, 100.00, 0.00, 2.25, 0, 0 
0, 73881, 726260779, 0.00, 100.00, 0.00, 2.25, 0, 0 
1, 73881, 728490390, 0.00, 100.00, 0.00, 2.25, 0, 0 
2, 73881, 730668714, 0.00, 100.00, 0.00, 2.25, 0, 0 
3, 73881, 732655473, 0.00, 100.00, 0.00, 2.25, 0, 0 
4, 73881, 734459453, 0.00, 100.00, 0.00, 2.25, 0, 0 
5, 73881, 736321603, 0.00, 100.00, 0.00, 2.25, 0, 0 
6, 73881, 738275113, 0.00, 100.00, 0.00, 2.25, 0, 0 
7, 73881, 740349259, 0.00, 100.00, 0.00, 2.25, 0, 0 
8, 73881, 742240031, 0.00, 100.00, 0.00, 2.25, 0, 0 
9, 73881, 744174890, 0.00, 100.00, 0.00, 2.25, 0, 0 
0, 73881, 746457406, 0.00, 100.00, 0.00, 2.25, 0, 0 
1, 73881, 748456026, 0.00, 100.00, 0.00, 2.25, 0, 0 
2, 73881, 750376113, 0.00, 100.00, 0.00, 2.25, 0, 0 
3, 73881, 752303767, 0.00, 100.00, 0.00, 2.25, 0, 0 
4, 73881, 754119704, 0.00, 100.00, 0.00, 2.25, 0, 0 
5, 73881, 756058807, 0.00, 100.00, 0.00, 2.25, 0, 0 
6, 73881, 758137235, 0.00, 100.00, 0.00, 2.25, 0, 0 
7, 73881, 760074700, 0.00, 100.00, 0.00, 2.25, 0, 0 
8, 73881, 762027385, 0.00, 100.00, 0.00, 2.25, 0, 0 
9, 73881, 763916672, 0.00, 100.00, 0.00, 2.25, 0, 0 
0, 73881, 765969234, 0.00, 100.00, 0.00, 2.25, 0, 0 
1, 73881, 767802226, 0.00, 100.00, 0.00, 2.25, 0, 0 
2, 73881, 769548220, 0.00, 100.00, 0.00, 2.25, 0, 0 
3, 73881, 771468490, 0.00, 100.00, 0.00, 2.25, 0, 0 
4, 73881, 773449620, 0.00, 100.00, 0.00, 2.25, 0, 0 
5, 73881, 775358958, 0.00, 100.00, 0.00, 2.25, 0, 0 
6, 73881, 777210268, 0.00, 100.00, 0.00, 2.25, 0, 0 
7, 73881, 779126310, 0.00, 100.00, 0.00, 2.25, 0, 0 
8, 73881, 780989056, 0.00, 100.00, 0.00, 2.25, 0, 0 
9, 73881, 782817265, 0.00, 100.00, 0.00, 2.25, 0, 0 
0, 73881, 784735179, 0.00, 100.00, 0.00, 2.25, 0, 0 
1, 73881, 786598790, 0.00, 100.00, 0.00, 2.25, 0, 0 
2, 73881, 788434761, 0.00, 100.00, 0.00, 2.25, 0, 0 
3, 73881, 790346350, 0.00, 100.00, 0.00, 2.25, 0, 0 
4, 73881, 792369511, 0.00, 100.00, 0.00, 2.25, 0, 0 
5, 73881, 794296367, 0.00, 100.00, 0.00, 2.25, 0, 0 
6, 73881, 796214380, 0.00, 100.00, 0.00, 2.25, 0, 0 
7, 73881, 798020528, 0.00, 100.00, 0.00, 2.25, 0, 0 
8, 73881, 799893166, 0.00, 100.00, 0.00, 2.25, 0, 0 
9, 73881, 801837250, 0.00, 100.00, 0.00, 2.25, 0, 0 
0, 73881, 803881550, 0.00, 100.00, 0.00, 2.25, 0, 0 
1, 73881, 805917581, 0.00, 100.00, 0.00, 2.25, 0, 0 
2, 73881, 807759212, 0.00, 100.00, 0.00, 2.25, 0, 0 
3, 73881, 809663111, 0.00, 100.00, 0.00, 2.25, 0, 0 
4, 73881, 811525325, 0.00, 100.00, 0.00, 2.25, 0, 0 
5, 73881, 813635191, 0.00, 100.00, 0.00, 2.25, 0, 0 
6, 73881, 815531405, 0.00, 100.00, 0.00, 2.25, 0, 0 
7, 73881, 817352243, 0.00, 100.00, 0.00, 2.25, 0, 0 
8, 73881, 819342737, 0.00, 100.00, 0.00, 2.25, 0, 0 
9, 73881, 821309358, 0.00, 100.00, 0.00, 2.25, 0, 0 
0, 73881, 823321953, 0.00, 100.00, 0.00, 2.25, 0, 0 
1, 73881, 825430528, 0.00, 100.00, 0.00, 2.25, 0, 0 
2, 73881, 827257409, 0.00, 100.00, 0.00, 2.25, 0, 0 
3, 73881, 829170104, 0.00, 100.00, 0.00, 2.25, 0, 0 
4, 73881, 831218870, 0.00, 100.00, 0.00, 2.25, 0, 0 
5, 73881, 833141560, 0.00, 100.00, 0.00, 2.25, 0, 0 
6, 73881, 835032618, 0.00, 100.00, 0.00, 2.25, 0, 0 
7, 73881, 837081004, 0.00, 100.00, 0.00, 2.25, 0, 0 
8, 73881, 838940386, 0.00, 100.00, 0.00, 2.25, 0, 0 
9, 73881, 840741733, 0.00, 100.00, 0.00, 2.25, 0, 0 
0, 73881, 842642904, 0.00, 100.00, 0.00, 2.25, 0, 0 
1, 73881, 844599784, 0.00, 100.00, 0.00, 2.25, 0, 0 
2, 73881, 846564354, 0.00, 100.00, 0.00, 2.25, 0, 0 
3, 73881, 848614839, 0.00, 100.00, 0.00, 2.25, 0, 0 
4, 73881, 850505994, 0.00, 100.00, 0.00, 2.25, 0, 0 
5, 73881, 852410311, 0.00, 100.00, 0.00, 2.25, 0, 0 
6, 73881, 854280178, 0.00, 100.00, 0.00, 2.25, 0, 0 
7, 73881, 856171714, 0.00, 100.00, 0.00, 2.25, 0, 0 
8, 73881, 858085978, 0.00, 100.00, 0.00, 2.25, 0, 0 
9, 73881, 859813759, 0.00, 100.00, 0.00, 2.25, 0, 0 
0, 73881, 861545660, 0.00, 100.00, 0.00, 2.25, 0, 0 
1, 73881, 863523880, 0.00, 100.00, 0.00, 2.25, 0, 0 
2, 73881, 865499571, 0.00, 100.00, 0.00, 2.25, 0, 0 
3, 73881, 867404432, 0.00, 100.00, 0.00, 2.25, 0, 0 
4, 73881, 869416516, 0.00, 100.00, 0.00, 2.25, 0, 0 
5, 73881, 871413650, 0.00, 100.00, 0.00, 2.25, 0, 0 
6, 73881, 873465543, 0.00, 100.00, 0.00, 2.25, 0, 0 
7, 73881, 875418880, 0.00, 100.00, 0.00, 2.25, 0, 0 
8, 73881, 877388653, 0.00, 100.00, 0.00, 2.25, 0, 0 
9, 73881, 879362661, 0.00, 100.00, 0.00, 2.25, 0, 0 
0, 73881, 881348047, 0.00, 100.00, 0.00, 2.25, 0, 0 
1, 73881, 883348778, 0.00, 100.00, 0.00, 2.25, 0, 0 
2, 73881, 885325578, 0.00, 100.00, 0.00, 2.25, 0, 0 
3, 73881, 887283653, 0.00, 100.00, 0.00, 2.25, 0, 0 
4, 73881, 889133500, 0.00, 100.00, 0.00, 2.25, 0, 0 
5, 73881, 891042065, 0.00, 100.00, 0.00, 2.25, 0, 0 
6, 73881, 892931363, 0.00, 100.00, 0.00, 2.25, 0, 0 
7, 73881, 894917330, 0.00, 100.00, 0.00, 2.25, 0, 0 
8, 73881, 896860093, 0.00, 100.00, 0.00, 2.25, 0, 0 
9, 73881, 898746250, 0.00, 100.00, 0.00, 2.25, 0, 0 
0, 73881, 900640449, 0.00, 100.00, 0.00, 2.25, 0, 0 
1, 73881, 902479497, 0.00, 100.00, 0.00, 2.25, 0, 0 
2, 73881, 904248418, 0.00, 100.00, 0.00, 2.25, 0, 0 
3, 73881, 905978157, 0.00, 100.00, 0.00, 2.25, 0, 0 
4, 73881, 907790856, 0.00, 100.00, 0.00, 2.25, 0, 0 
5, 73881, 909763481, 0.00, 100.00, 0.00, 2.25, 0, 0 
6, 73881, 911824292, 0.00, 100.00, 0.00, 2.25, 0, 0 
7, 73881, 913841661, 0.00, 100.00, 0.00, 2.25, 0, 0 
8, 73881, 915731851, 0.00, 100.00, 0.00, 2.25, 0, 0 
9, 73881, 917711777, 0.00, 100.00, 0.00, 2.25, 0, 0 
0, 73881, 919645636, 0.00, 100.00, 0.00, 2.25, 0, 0 
1, 73881, 921655011, 0.00, 100.00, 0.00, 2.25, 0, 0 
2, 73881, 923612141, 0.00, 100.00, 0.00, 2.25, 0, 0 
3, 73881, 925409578, 0.00, 100.00, 0.00, 2.25, 0, 0 
4, 73881, 927371428, 0.00, 100.00, 0.00, 2.25, 0, 0 
5, 73881, 929358745, 0.00, 100.00, 0.00, 2.25, 0, 0 
6, 73881, 931330872, 0.00, 100.00, 0.00, 2.25, 0, 0 
7, 73881, 933269320, 0.00, 100.00, 0.00, 2.25, 0, 0 
8, 73881, 935266469, 0.00, 100.00, 0.00, 2.25, 0, 0 
9, 73881, 937236412, 0.00, 100.00, 0.00, 2.25, 0, 0 
0, 73881, 939139539, 0.00, 100.00, 0.00, 2.25, 0, 0 
1, 73881, 941069487, 0.00, 100.00, 0.00, 2.25, 0, 0 
2, 73881, 942973819, 0.00, 100.00, 0.00, 2.25, 0, 0 
3, 73881, 944999956, 0.00, 100.00, 0.00, 2.25, 0, 0 
4, 73881, 946935943, 0.00, 100.00, 0.00, 2.25, 0, 0 
5, 73881, 948777309, 0.00, 100.00, 0.00, 2.25, 0, 0 
6, 73881, 950635545, 0.00, 100.00, 0.00, 2.25, 0, 0 
7, 73881, 952402063, 0.00, 100.00, 0.00, 2.25, 0, 0 
8, 73881, 954242960, 0.00, 100.00, 0.00, 2.25, 0, 0 
9, 73881, 956153357, 0.00, 100.00, 0.00, 2.25, 0, 0 
0, 73881, 958117043, 0.00, 100.00, 0.00, 2.25, 0, 0 
1, 73881, 960220252, 0.00, 100.00, 0.00, 2.25, 0, 0 
2, 73881, 962257643, 0.00, 100.00, 0.00, 2.25, 0, 0 
3, 73881, 964245389, 0.00, 100.00, 0.00, 2.25, 0, 0 
4, 73881, 966207185, 0.00, 100.00, 0.00, 2.25, 0, 0 
5, 73881, 968079647, 0.00, 100.00, 0.00, 2.25, 0, 0 
6, 73881, 969950814, 0.00, 100.00, 0.00, 2.25, 0, 0 
7, 73881, 971738512, 0.00, 100.00, 0.00, 2.25, 0, 0 
8, 73881, 973481287, 0.00, 100.00, 0.00, 2.25, 0, 0 
9, 73881, 975297217, 0.00, 100.00, 0.00, 2.25, 0, 0 
0, 73881, 977234499, 0.00, 100.00, 0.00, 2.25, 0, 0 
1, 73881, 979216074, 0.00, 100.00, 0.00, 2.25, 0, 0 
2, 73881, 981165309, 0.00, 100.00, 0.00, 2.25, 0, 0 
3, 73881, 982976357, 0.00, 100.00, 0.00, 2.25, 0, 0 
4, 73881, 984746107, 0.00, 100.00, 0.00, 2.25, 0, 0 
5, 73881, 986592851, 0.00, 100.00, 0.00, 2.25, 0, 0 
6, 73881, 988497435, 0.00, 100.00, 0.00, 2.25, 0, 0 
7, 73881, 990468939, 0.00, 100.00, 0.00, 2.25, 0, 0 
8, 73881, 992393755, 0.00, 100.00, 0.00, 2.25, 0, 0 
9, 73881, 994413534, 0.00, 100.00, 0.00, 2.25, 0, 0 
0, 73881, 996444658, 0.00, 100.00, 0.00, 2.25, 0, 0 
1, 73881, 998411633, 0.00, 100.00, 0.00, 2.25, 0, 0 
2, 73882, 398179, 0.00, 100.00, 0.00, 2.25, 0, 0 
3, 73882, 3153304, 0.00, 100.00, 0.00, 2.25, 0, 0 
4, 73882, 14199295, 0.00, 100.00, 0.00, 2.25, 0, 0 
5, 73882, 58391284, 0.00, 100.00, 0.00, 2.25, 0, 0 
6, 73882, 235166128, 0.00, 100.00, 0.00, 2.25, 0, 0 
7, 73882, 942441755, 0.00, 100.00, 0.00, 2.25, 0, 0 
8, 73882, 945194806, 0.00, 100.00, 0.00, 2.25, 0, 0 
9, 73882, 947861759, 0.00, 100.00, 0.00, 2.25, 0, 0 
0, 73882, 950662181, 0.00, 100.00, 0.00, 2.25, 0, 0 
1, 73882, 952968154, 0.00, 100.00, 0.00, 2.25, 0, 0 
2, 73882, 954923330, 0.00, 100.00, 0.00, 2.25, 0, 0 
3, 73882, 956893962, 0.00, 100.00, 0.00, 2.25, 0, 0 
4, 73882, 959113330, 0.00, 100.00, 0.00, 2.25, 0, 0 
5, 73882, 961388062, 0.00, 100.00, 0.00, 2.25, 0, 0 
6, 73882, 963675772, 0.00, 100.00, 0.00, 2.25, 0, 0 
7, 73882, 966020796, 0.00, 100.00, 0.00, 2.25, 0, 0 
8, 73882, 968165966, 0.00, 100.00, 0.00, 2.25, 0, 0 
9, 73882, 970299921, 0.00, 100.00, 0.00, 2.25, 0, 0 
0, 73882, 972527021, 0.00, 100.00, 0.00, 2.25, 0, 0 
1, 73882, 974894602, 0.00, 100.00, 0.00, 2.25, 0, 0 
2, 73882, 977097463, 0.00, 100.00, 0.00, 2.25, 0, 0 
3, 73882, 979211798, 0.00, 100.00, 0.00, 2.25, 0, 0 
4, 73882, 981418224, 0.00, 100.00, 0.00, 2.25, 0, 0 
5, 73882, 983711829, 0.00, 100.00, 0.00, 2.25, 0, 0 
6, 73882, 985946242, 0.00, 100.00, 0.00, 2.25, 0, 0 
7, 73882, 988070325, 0.00, 100.00, 0.00, 2.25, 0, 0 
8, 73882, 990192735, 0.00, 100.00, 0.00, 2.25, 0, 0 
9, 73882, 992329141, 0.00, 100.00, 0.00, 2.25, 0, 0 
0, 73882, 994510037, 0.00, 100.00, 0.00, 2.25, 0, 0 
1, 73882, 996648570, 0.00, 100.00, 0.00, 2.25, 0, 0 
2, 73882, 998590567, 0.00, 100.00, 0.00, 2.25, 0, 0 
3, 73883, 480731, 0.00, 100.00, 0.00, 2.25, 0, 0 
4, 73883, 3441553, 0.00, 100.00, 0.00, 2.25, 0, 0 
5, 73883, 15283891, 0.00, 100.00, 0.00, 2.25, 0, 0 
6, 73883, 62697326, 0.00, 100.00, 0.00, 2.25, 0, 0 
7, 73883, 252404837, 0.00, 100.00, 0.00, 2.25, 0, 0 
8, 73883, 254964950, 0.00, 100.00, 0.00, 2.25, 0, 0 
9, 73883, 257470814, 0.00, 100.00, 0.00, 2.25, 0, 0 
0, 73883, 260091305, 0.00, 100.00, 0.00, 2.25, 0, 0 
1, 73883, 262521620, 0.00, 100.00, 0.00, 2.25, 0, 0 
2, 73883, 264511111, 0.00, 100.00, 0.00, 2.25, 0, 0 
3, 73883, 266697321, 0.00, 100.00, 0.00, 2.25, 0, 0 
4, 73883, 268864015, 0.00, 100.00, 0.00, 2.25, 0, 0 
5, 73883, 270956121, 0.00, 100.00, 0.00, 2.25, 0, 0 
6, 73883, 272856486, 0.00, 100.00, 0.00, 2.25, 0, 0 
7, 73883, 274851271, 0.00, 100.00, 0.00, 2.25, 0, 0 
8, 73883, 276856320, 0.00, 100.00, 0.00, 2.25, 0, 0 
9, 73883, 278936581, 0.00, 100.00, 0.00, 2.25, 0, 0 
0, 73883, 281082430, 0.00, 100.00, 0.00, 2.25, 0, 0 
1, 73883, 283240148, 0.00, 100.00, 0.00, 2.25, 0, 0 
2, 73883, 285330432, 0.00, 100.00, 0.00, 2.25, 0, 0 
3, 73883, 287515231, 0.00, 100.00, 0.00, 2.25, 0, 0 
4, 73883, 289665675, 0.00, 100.00, 0.00, 2.25, 0, 0 
5, 73883, 291707396, 0.00, 100.00, 0.00, 2.25, 0, 0 
6, 73883, 293732808, 0.00, 100.00, 0.00, 2.25, 0, 0 
7, 73883, 295727220, 0.00, 100.00, 0.00, 2.25, 0, 0 
8, 73883, 297909918, 0.00, 100.00, 0.00, 2.25, 0, 0 
9, 73883, 299938029, 0.00, 100.00, 0.00, 2.25, 0, 0 
0, 73883, 302134715, 0.00, 100.00, 0.00, 2.25, 0, 0 
1, 73883, 304292485, 0.00, 100.00, 0.00, 2.25, 0, 0 
2, 73883, 306230190, 0.00, 100.00, 0.00, 2.25, 0, 0 
3, 73883, 308244330, 0.00, 100.00, 0.00, 2.25, 0, 0 
4, 73883, 310296153, 0.00, 100.00, 0.00, 2.25, 0, 0 
5, 73883, 312226903, 0.00, 100.00, 0.00, 2.25, 0, 0 
6, 73883, 314230711, 0.00, 100.00, 0.00, 2.25, 0, 0 
7, 73883, 316192640, 0.00, 100.00, 0.00, 2.25, 0, 0 
8, 73883, 318239746, 0.00, 100.00, 0.00, 2.25, 0, 0 
9, 73883, 320254512, 0.00, 100.00, 0.00, 2.25, 0, 0 
0, 73883, 322433992, 0.00, 100.00, 0.00, 2.25, 0, 0 
1, 73883, 324579336, 0.00, 100.00, 0.00, 2.25, 0, 0 
2, 73883, 326575365, 0.00, 100.00, 0.00, 2.25, 0, 0 
3, 73883, 328606499, 0.00, 100.00, 0.00, 2.25, 0, 0 
4, 73883, 330604675, 0.00, 100.00, 0.00, 2.25, 0, 0 
5, 73883, 332701533, 0.00, 100.00, 0.00, 2.25, 0, 0 
6, 73883, 334585194, 0.00, 100.00, 0.00, 2.25, 0, 0 
7, 73883, 336411999, 0.00, 100.00, 0.00, 2.25, 0, 0 
8, 73883, 338303169, 0.00, 100.00, 0.00, 2.25, 0, 0 
9, 73883, 340211888, 0.00, 100.00, 0.00, 2.25, 0, 0 
0, 73883, 342252300, 0.00, 100.00, 0.00, 2.25, 0, 0 
1, 73883, 344316983, 0.00, 100.00, 0.00, 2.25, 0, 0 
2, 73883, 346307887, 0.00, 100.00, 0.00, 2.25, 0, 0 
3, 73883, 348229816, 0.00, 100.00, 0.00, 2.25, 0, 0 
4, 73883, 350331716, 0.00, 100.00, 0.00, 2.25, 0, 0 
5, 73883, 352209211, 0.00, 100.00, 0.00, 2.25, 0, 0 
6, 73883, 354120066, 0.00, 100.00, 0.00, 2.25, 0, 0 
7, 73883, 356093228, 0.00, 100.00, 0.00, 2.25, 0, 0 
8, 73883, 357952915, 0.00, 100.00, 0.00, 2.25, 0, 0 
9, 73883, 359746263, 0.00, 100.00, 0.00, 2.25, 0, 0 
0, 73883, 361782123, 0.00, 100.00, 0.00, 2.25, 0, 0 
1, 73883, 363901013, 0.00, 100.00, 0.00, 2.25, 0, 0 
2, 73883, 365796936, 0.00, 100.00, 0.00, 2.25, 0, 0 
3, 73883, 367646597, 0.00, 100.00, 0.00, 2.25, 0, 0 
4, 73883, 369592227, 0.00, 100.00, 0.00, 2.25, 0, 0 
5, 73883, 371368412, 0.00, 100.00, 0.00, 2.25, 0, 0 
6, 73883, 373089658, 0.00, 100.00, 0.00, 2.25, 0, 0 
7, 73883, 375010687, 0.00, 100.00, 0.00, 2.25, 0, 0 
8, 73883, 377006308, 0.00, 100.00, 0.00, 2.25, 0, 0 
9, 73883, 379113945, 0.00, 100.00, 0.00, 2.25, 0, 0 
0, 73883, 381113975, 0.00, 100.00, 0.00, 2.25, 0, 0 
1, 73883, 383082047, 0.00, 100.00, 0.00, 2.25, 0, 0 
2, 73883, 385108609, 0.00, 100.00, 0.00, 2.25, 0, 0 
3, 73883, 386937681, 0.00, 100.00, 0.00, 2.25, 0, 0 
4, 73883, 388828467, 0.00, 100.00, 0.00, 2.25, 0, 0 
5, 73883, 390654639, 0.00, 100.00, 0.00, 2.25, 0, 0 
6, 73883, 392459986, 0.00, 100.00, 0.00, 2.25, 0, 0 
7, 73883, 394231274, 0.00, 100.00, 0.00, 2.25, 0, 0 
8, 73883, 396154771, 0.00, 100.00, 0.00, 2.25, 0, 0 
9, 73883, 397986183, 0.00, 100.00, 0.00, 2.25, 0, 0 
0, 73883, 399843567, 0.00, 100.00, 0.00, 2.25, 0, 0 
1, 73883, 401784835, 0.00, 100.00, 0.00, 2.25, 0, 0 
2, 73883, 403704548, 0.00, 100.00, 0.00, 2.25, 0, 0 
3, 73883, 405533601, 0.00, 100.00, 0.00, 2.25, 0, 0 
4, 73883, 407482324, 0.00, 100.00, 0.00, 2.25, 0, 0 
5, 73883, 409323704, 0.00, 100.00, 0.00, 2.25, 0, 0 
6, 73883, 411226054, 0.00, 100.00, 0.00, 2.25, 0, 0 
7, 73883, 413055415, 0.00, 100.00, 0.00, 2.25, 0, 0 
8, 73883, 414921002, 0.00, 100.00, 0.00, 2.25, 0, 0 
9, 73883, 416747782, 0.00, 100.00, 0.00, 2.25, 0, 0 
0, 73883, 418502085, 0.00, 100.00, 0.00, 2.25, 0, 0 
1, 73883, 420370480, 0.00, 100.00, 0.00, 2.25, 0, 0 
2, 73883, 422236711, 0.00, 100.00, 0.00, 2.25, 0, 0 
3, 73883, 424133486, 0.00, 100.00, 0.00, 2.25, 0, 0 
4, 73883, 426001582, 0.00, 100.00, 0.00, 2.25, 0, 0 
5, 73883, 427940014, 0.00, 100.00, 0.00, 2.25, 0, 0 
6, 73883, 429888717, 0.00, 100.00, 0.00, 2.25, 0, 0 
7, 73883, 431788345, 0.00, 100.00, 0.00, 2.25, 0, 0 
8, 73883, 433619388, 0.00, 100.00, 0.00, 2.25, 0, 0 
9, 73883, 435446508, 0.00, 100.00, 0.00, 2.25, 0, 0 
0, 73883, 437360158, 0.00, 100.00, 0.00, 2.25, 0, 0 
1, 73883, 439243502, 0.00, 100.00, 0.00, 2.25, 0, 0 
2, 73883, 441099652, 0.00, 100.00, 0.00, 2.25, 0, 0 
3, 73883, 442999842, 0.00, 100.00, 0.00, 2.25, 0, 0 
4, 73883, 444847527, 0.00, 100.00, 0.00, 2.25, 0, 0 
5, 73883, 446688200, 0.00, 100.00, 0.00, 2.25, 0, 0 
6, 73883, 448672249, 0.00, 100.00, 0.00, 2.25, 0, 0 
7, 73883, 450681110, 0.00, 100.00, 0.00, 2.25, 0, 0 
8, 73883, 452644559, 0.00, 100.00, 0.00, 2.25, 0, 0 
9, 73883, 454573299, 0.00, 100.00, 0.00, 2.25, 0, 0 
0, 73883, 456472404, 0.00, 100.00, 0.00, 2.25, 0, 0 
1, 73883, 458660612, 0.00, 100.00, 0.00, 2.25, 0, 0 
2, 73883, 460730587, 0.00, 100.00, 0.00, 2.25, 0, 0 
3, 73883, 462645254, 0.00, 100.00, 0.00, 2.25, 0, 0 
4, 73883, 464639378, 0.00, 100.00, 0.00, 2.25, 0, 0 
5, 73883, 466499639, 0.00, 100.00, 0.00, 2.25, 0, 0 
6, 73883, 468373492, 0.00, 100.00, 0.00, 2.25, 0, 0 
7, 73883, 470208174, 0.00, 100.00, 0.00, 2.25, 0, 0 
8, 73883, 472145563, 0.00, 100.00, 0.00, 2.25, 0, 0 
9, 73883, 474031874, 0.00, 100.00, 0.00, 2.25, 0, 0 
0, 73883, 476170206, 0.00, 100.00, 0.00, 2.25, 0, 0 
1, 73883, 478201741, 0.00, 100.00, 0.00, 2.25, 0, 0 
2, 73883, 480226706, 0.00, 100.00, 0.00, 2.25, 0, 0 
3, 73883, 482410331, 0.00, 100.00, 0.00, 2.25, 0, 0 
4, 73883, 484435716, 0.00, 100.00, 0.00, 2.25, 0, 0 
5, 73883, 486263786, 0.00, 100.00, 0.00, 2.25, 0, 0 
6, 73883, 488121570, 0.00, 100.00, 0.00, 2.25, 0, 0 
7, 73883, 489957868, 0.00, 100.00, 0.00, 2.25, 0, 0 
8, 73883, 491762129, 0.00, 100.00, 0.00, 2.25, 0, 0 
9, 73883, 493767159, 0.00, 100.00, 0.00, 2.25, 0, 0 
0, 73883, 495802101, 0.00, 100.00, 0.00, 2.25, 0, 0 
1, 73883, 497593707, 0.00, 100.00, 0.00, 2.25, 0, 0 
2, 73883, 499364768, 0.00, 100.00, 0.00, 2.25, 0, 0 
3, 73883, 501233165, 0.00, 100.00, 0.00, 2.25, 0, 0 
4, 73883, 503123237, 0.00, 100.00, 0.00, 2.25, 0, 0 
5, 73883, 505166755, 0.00, 100.00, 0.00, 2.25, 0, 0 
6, 73883, 507157487, 0.00, 100.00, 0.00, 2.25, 0, 0 
7, 73883, 509196556, 0.00, 100.00, 0.00, 2.25, 0, 0 
8, 73883, 511231432, 0.00, 100.00, 0.00, 2.25, 0, 0 
9, 73883, 513156578, 0.00, 100.00, 0.00, 2.25, 0, 0 
0, 73883, 515117139, 0.00, 100.00, 0.00, 2.25, 0, 0 
1, 73883, 517159973, 0.00, 100.00, 0.00, 2.25, 0, 0 
2, 73883, 519190943, 0.00, 100.00, 0.00, 2.25, 0, 0 
3, 73883, 521090154, 0.00, 100.00, 0.00, 2.25, 0, 0 
4, 73883, 522969967, 0.00, 100.00, 0.00, 2.25, 0, 0 
5, 73883, 524943647, 0.00, 100.00, 0.00, 2.25, 0, 0 
6, 73883, 526937071, 0.00, 100.00, 0.00, 2.25, 0, 0 
7, 73883, 528827686, 0.00, 100.00, 0.00, 2.25, 0, 0 
8, 73883, 530729187, 0.00, 100.00, 0.00, 2.25, 0, 0 
9, 73883, 532550479, 0.00, 100.00, 0.00, 2.25, 0, 0 
0, 73883, 534325594, 0.00, 100.00, 0.00, 2.25, 0, 0 
1, 73883, 536284553, 0.00, 100.00, 0.00, 2.25, 0, 0 
2, 73883, 538200594, 0.00, 100.00, 0.00, 2.25, 0, 0 
3, 73883, 540056728, 0.00, 100.00, 0.00, 2.25, 0, 0 
4, 73883, 541998286, 0.00, 100.00, 0.00, 2.25, 0, 0 
5, 73883, 543886704, 0.00, 100.00, 0.00, 2.25, 0, 0 
6, 73883, 545778273, 0.00, 100.00, 0.00, 2.25, 0, 0 
7, 73883, 547965781, 0.00, 100.00, 0.00, 2.25, 0, 0 
8, 73883, 549942708, 0.00, 100.00, 0.00, 2.25, 0, 0 
9, 73883, 551821781, 0.00, 100.00, 0.00, 2.25, 0, 0 
0, 73883, 553717799, 0.00, 100.00, 0.00, 2.25, 0, 0 
1, 73883, 555528850, 0.00, 100.00, 0.00, 2.25, 0, 0 
2, 73883, 557461996, 0.00, 100.00, 0.00, 2.25, 0, 0 
3, 73883, 559236510, 0.00, 100.00, 0.00, 2.25, 0, 0 
4, 73883, 561043835, 0.00, 100.00, 0.00, 2.25, 0, 0 
5, 73883, 562923292, 0.00, 100.00, 0.00, 2.25, 0, 0 
6, 73883, 564801198, 0.00, 100.00, 0.00, 2.25, 0, 0 
7, 73883, 566641718, 0.00, 100.00, 0.00, 2.25, 0, 0 
8, 73883, 568557141, 0.00, 100.00, 0.00, 2.25, 0, 0 
9, 73883, 570538705, 0.00, 100.00, 0.00, 2.25, 0, 0 
0, 73883, 572450205, 0.00, 100.00, 0.00, 2.25, 0, 0 
1, 73883, 574288453, 0.00, 100.00, 0.00, 2.25, 0, 0 
2, 73883, 576086822, 0.00, 100.00, 0.00, 2.25, 0, 0 
3, 73883, 578004702, 0.00, 100.00, 0.00, 2.25, 0, 0 
4, 73883, 580166715, 0.00, 100.00, 0.00, 2.25, 0, 0 
5, 73883, 582202411, 0.00, 100.00, 0.00, 2.25, 0, 0 
6, 73883, 584203242, 0.00, 100.00, 0.00, 2.25, 0, 0 
7, 73883, 586243852, 0.00, 100.00, 0.00, 2.25, 0, 0 
8, 73883, 588451555, 0.00, 100.00, 0.00, 2.25, 0, 0 
9, 73883, 590368416, 0.00, 100.00, 0.00, 2.25, 0, 0 
0, 73883, 592467338, 0.00, 100.00, 0.00, 2.25, 0, 0 
1, 73883, 594529519, 0.00, 100.00, 0.00, 2.25, 0, 0 
2, 73883, 596475088, 0.00, 100.00, 0.00, 2.25, 0, 0 
3, 73883, 598323688, 0.00, 100.00, 0.00, 2.25, 0, 0 
4, 73883, 600230643, 0.00, 100.00, 0.00, 2.25, 0, 0 
5, 73883, 602222281, 0.00, 100.00, 0.00, 2.25, 0, 0 
6, 73883, 604355364, 0.00, 100.00, 0.00, 2.25, 0, 0 
7, 73883, 606482327, 0.00, 100.00, 0.00, 2.25, 0, 0 
8, 73883, 608433557, 0.00, 100.00, 0.00, 2.25, 0, 0 
9, 73883, 610350897, 0.00, 100.00, 0.00, 2.25, 0, 0 
0, 73883, 612386005, 0.00, 100.00, 0.00, 2.25, 0, 0 
1, 73883, 614502289, 0.00, 100.00, 0.00, 2.25, 0, 0 
2, 73883, 616480786, 0.00, 100.00, 0.00, 2.25, 0, 0 
3, 73883, 618397415, 0.00, 100.00, 0.00, 2.25, 0, 0 
4, 73883, 620276105, 0.00, 100.00, 0.00, 2.25, 0, 0 
5, 73883, 622165926, 0.00, 100.00, 0.00, 2.25, 0, 0 
6, 73883, 623944829, 0.00, 100.00, 0.00, 2.25, 0, 0 
7, 73883, 625835084, 0.00, 100.00, 0.00, 2.25, 0, 0 
8, 73883, 627676702, 0.00, 100.00, 0.00, 2.25, 0, 0 
9, 73883, 629625527, 0.00, 100.00, 0.00, 2.25, 0, 0 
0, 73883, 631744781, 0.00, 100.00, 0.00, 2.25, 0, 0 
1, 73883, 633857964, 0.00, 100.00, 0.00, 2.25, 0, 0 
2, 73883, 635752599, 0.00, 100.00, 0.00, 2.25, 0, 0 
3, 73883, 637781005, 0.00, 100.00, 0.00, 2.25, 0, 0 
4, 73883, 639820267, 0.00, 100.00, 0.00, 2.25, 0, 0 
5, 73883, 641889127, 0.00, 100.00, 0.00, 2.25, 0, 0 
6, 73883, 643844504, 0.00, 100.00, 0.00, 2.25, 0, 0 
7, 73883, 645752087, 0.00, 100.00, 0.00, 2.25, 0, 0 
8, 73883, 647785544, 0.00, 100.00, 0.00, 2.25, 0, 0 
9, 73883, 649825871, 0.00, 100.00, 0.00, 2.25, 0, 0 
0, 73883, 651891638, 0.00, 100.00, 0.00, 2.25, 0, 0 
1, 73883, 653811859, 0.00, 100.00, 0.00, 2.25, 0, 0 
2, 73883, 655739622, 0.00, 100.00, 0.00, 2.25, 0, 0 
3, 73883, 657719270, 0.00, 100.00, 0.00, 2.25, 0, 0 
4, 73883, 659848000, 0.00, 100.00, 0.00, 2.25, 0, 0 
5, 73883, 661884558, 0.00, 100.00, 0.00, 2.25, 0, 0 
6, 73883, 664032366, 0.00, 100.00, 0.00, 2.25, 0, 0 
7, 73883, 665969503, 0.00, 100.00, 0.00, 2.25, 0, 0 
8, 73883, 667783297, 0.00, 100.00, 0.00, 2.25, 0, 0 
9, 73883, 669658391, 0.00, 100.00, 0.00, 2.25, 0, 0 
0, 73883, 671648471, 0.00, 100.00, 0.00, 2.25, 0, 0 
1, 73883, 673587148, 0.00, 100.00, 0.00, 2.25, 0, 0 
2, 73883, 675401330, 0.00, 100.00, 0.00, 2.25, 0, 0 
3, 73883, 677253961, 0.00, 100.00, 0.00, 2.25, 0, 0 
4, 73883, 679149688, 0.00, 100.00, 0.00, 2.25, 0, 0 
5, 73883, 681136563, 0.00, 100.00, 0.00, 2.25, 0, 0 
6, 73883, 683327157, 0.00, 100.00, 0.00, 2.25, 0, 0 
7, 73883, 685217715, 0.00, 100.00, 0.00, 2.25, 0, 0 
8, 73883, 687068112, 0.00, 100.00, 0.00, 2.25, 0, 0 
9, 73883, 688925866, 0.00, 100.00, 0.00, 2.25, 0, 0 
0, 73883, 690855326, 0.00, 100.00, 0.00, 2.25, 0, 0 
1, 73883, 692728664, 0.00, 100.00, 0.00, 2.25, 0, 0 
2, 73883, 694672456, 0.00, 100.00, 0.00, 2.25, 0, 0 
3, 73883, 696687154, 0.00, 100.00, 0.00, 2.25, 0, 0 
4, 73883, 698655400, 0.00, 100.00, 0.00, 2.25, 0, 0 
5, 73883, 700744815, 0.00, 100.00, 0.00, 2.25, 0, 0 
6, 73883, 702782362, 0.00, 100.00, 0.00, 2.25, 0, 0 
7, 73883, 704704166, 0.00, 100.00, 0.00, 2.25, 0, 0 
8, 73883, 706703587, 0.00, 100.00, 0.00, 2.25, 0, 0 
9, 73883, 708768301, 0.00, 100.00, 0.00, 2.25, 0, 0 
0, 73883, 710762950, 0.00, 100.00, 0.00, 2.25, 0, 0 
1, 73883, 712718900, 0.00, 100.00, 0.00, 2.25, 0, 0 
2, 73883, 714717872, 0.00, 100.00, 0.00, 2.25, 0, 0 
3, 73883, 716758426, 0.00, 100.00, 0.00, 2.25, 0, 0 
4, 73883, 718567982, 0.00, 100.00, 0.00, 2.25, 0, 0 
5, 73883, 720415099, 0.00, 100.00, 0.00, 2.25, 0, 0 
6, 73883, 722333327, 0.00, 100.00, 0.00, 2.25, 0, 0 
7, 73883, 724213563, 0.00, 100.00, 0.00, 2.25, 0, 0 
8, 73883, 726123109, 0.00, 100.00, 0.00, 2.25, 0, 0 
9, 73883, 728199779, 0.00, 100.00, 0.00, 2.25, 0, 0 
0, 73883, 730287917, 0.00, 100.00, 0.00, 2.25, 0, 0 
1, 73883, 732457630, 0.00, 100.00, 0.00, 2.25, 0, 0 
2, 73883, 734342625, 0.00, 100.00, 0.00, 2.25, 0, 0 
3, 73883, 736304042, 0.00, 100.00, 0.00, 2.25, 0, 0 
4, 73883, 738389464, 0.00, 100.00, 0.00, 2.25, 0, 0 
5, 73883, 740372999, 0.00, 100.00, 0.00, 2.25, 0, 0 
6, 73883, 742532233, 0.00, 100.00, 0.00, 2.25, 0, 0 
7, 73883, 744712792, 0.00, 100.00, 0.00, 2.25, 0, 0 
8, 73883, 746832401, 0.00, 100.00, 0.00, 2.25, 0, 0 
9, 73883, 748797494, 0.00, 100.00, 0.00, 2.25, 0, 0 
0, 73883, 750699725, 0.00, 100.00, 0.00, 2.25, 0, 0 
1, 73883, 752553399, 0.00, 100.00, 0.00, 2.25, 0, 0 
2, 73883, 754353666, 0.00, 100.00, 0.00, 2.25, 0, 0 
3, 73883, 756319171, 0.00, 100.00, 0.00, 2.25, 0, 0 
4, 73883, 758282296, 0.00, 100.00, 0.00, 2.25, 0, 0 
5, 73883, 760156410, 0.00, 100.00, 0.00, 2.25, 0, 0 
6, 73883, 762077083, 0.00, 100.00, 0.00, 2.25, 0, 0 
7, 73883, 764113703, 0.00, 100.00, 0.00, 2.25, 0, 0 
8, 73883, 766189807, 0.00, 100.00, 0.00, 2.25, 0, 0 
9, 73883, 768101438, 0.00, 100.00, 0.00, 2.25, 0, 0 
0, 73883, 770017360, 0.00, 100.00, 0.00, 2.25, 0, 0 
1, 73883, 771884291, 0.00, 100.00, 0.00, 2.25, 0, 0 
2, 73883, 773660915, 0.00, 100.00, 0.00, 2.25, 0, 0 
3, 73883, 775739733, 0.00, 100.00, 0.00, 2.25, 0, 0 
4, 73883, 777836928, 0.00, 100.00, 0.00, 2.25, 0, 0 
5, 73883, 779853022, 0.00, 100.00, 0.00, 2.25, 0, 0 
6, 73883, 781879656, 0.00, 100.00, 0.00, 2.25, 0, 0 
7, 73883, 783775793, 0.00, 100.00, 0.00, 2.25, 0, 0 
8, 73883, 785638292, 0.00, 100.00, 0.00, 2.25, 0, 0 
9, 73883, 787505400, 0.00, 100.00, 0.00, 2.25, 0, 0 
0, 73883, 789534985, 0.00, 100.00, 0.00, 2.25, 0, 0 
1, 73883, 791672339, 0.00, 100.00, 0.00, 2.25, 0, 0 
2, 73883, 793476007, 0.00, 100.00, 0.00, 2.25, 0, 0 
3, 73883, 795372371, 0.00, 100.00, 0.00, 2.25, 0, 0 
4, 73883, 797258000, 0.00, 100.00, 0.00, 2.25, 0, 0 
5, 73883, 799145531, 0.00, 100.00, 0.00, 2.25, 0, 0 
6, 73883, 800957917, 0.00, 100.00, 0.00, 2.25, 0, 0 
7, 73883, 802820740, 0.00, 100.00, 0.00, 2.25, 0, 0 
8, 73883, 804724781, 0.00, 100.00, 0.00, 2.25, 0, 0 
9, 73883, 806532944, 0.00, 100.00, 0.00, 2.25, 0, 0 
0, 73883, 808314627, 0.00, 100.00, 0.00, 2.25, 0, 0 
1, 73883, 810196907, 0.00, 100.00, 0.00, 2.25, 0, 0 
2, 73883, 811987625, 0.00, 100.00, 0.00, 2.25, 0, 0 
3, 73883, 813869484, 0.00, 100.00, 0.00, 2.25, 0, 0 
4, 73883, 815582157, 0.00, 100.00, 0.00, 2.25, 0, 0 
5, 73883, 817340554, 0.00, 100.00, 0.00, 2.25, 0, 0 
6, 73883, 819250841, 0.00, 100.00, 0.00, 2.25, 0, 0 
7, 73883, 821206230, 0.00, 100.00, 0.00, 2.25, 0, 0 
8, 73883, 823099731, 0.00, 100.00, 0.00, 2.25, 0, 0 
9, 73883, 825234411, 0.00, 100.00, 0.00, 2.25, 0, 0 
0, 73883, 827122157, 0.00, 100.00, 0.00, 2.25, 0, 0 
1, 73883, 829071060, 0.00, 100.00, 0.00, 2.25, 0, 0 
2, 73883, 831205355, 0.00, 100.00, 0.00, 2.25, 0, 0 
3, 73883, 833365930, 0.00, 100.00, 0.00, 2.25, 0, 0 
4, 73883, 835169132, 0.00, 100.00, 0.00, 2.25, 0, 0 
5, 73883, 837029485, 0.00, 100.00, 0.00, 2.25, 0, 0 
6, 73883, 838886384, 0.00, 100.00, 0.00, 2.25, 0, 0 
7, 73883, 840804935, 0.00, 100.00, 0.00, 2.25, 0, 0 
8, 73883, 842604865, 0.00, 100.00, 0.00, 2.25, 0, 0 
9, 73883, 844475987, 0.00, 100.00, 0.00, 2.25, 0, 0 
0, 73883, 846221235, 0.00, 100.00, 0.00, 2.25, 0, 0 
1, 73883, 847976866, 0.00, 100.00, 0.00, 2.25, 0, 0 
2, 73883, 849817597, 0.00, 100.00, 0.00, 2.25, 0, 0 
3, 73883, 851784965, 0.00, 100.00, 0.00, 2.25, 0, 0 
4, 73883, 853852888, 0.00, 100.00, 0.00, 2.25, 0, 0 
5, 73883, 855758535, 0.00, 100.00, 0.00, 2.25, 0, 0 
6, 73883, 857590360, 0.00, 100.00, 0.00, 2.25, 0, 0 
7, 73883, 859454732, 0.00, 100.00, 0.00, 2.25, 0, 0 
8, 73883, 861405549, 0.00, 100.00, 0.00, 2.25, 0, 0 
9, 73883, 863253767, 0.00, 100.00, 0.00, 2.25, 0, 0 
0, 73883, 865299668, 0.00, 100.00, 0.00, 2.25, 0, 0 
1, 73883, 867374252, 0.00, 100.00, 0.00, 2.25, 0, 0 
2, 73883, 869309621, 0.00, 100.00, 0.00, 2.25, 0, 0 
3, 73883, 871162079, 0.00, 100.00, 0.00, 2.25, 0, 0 
4, 73883, 872895876, 0.00, 100.00, 0.00, 2.25, 0, 0 
5, 73883, 874750976, 0.00, 100.00, 0.00, 2.25, 0, 0 
6, 73883, 876521171, 0.00, 100.00, 0.00, 2.25, 0, 0 
7, 73883, 878443096, 0.00, 100.00, 0.00, 2.25, 0, 0 
8, 73883, 880318972, 0.00, 100.00, 0.00, 2.25, 0, 0 
9, 73883, 882103514, 0.00, 100.00, 0.00, 2.25, 0, 0 
0, 73883, 884147373, 0.00, 100.00, 0.00, 2.25, 0, 0 
1, 73883, 886169395, 0.00, 100.00, 0.00, 2.25, 0, 0 
2, 73883, 888206675, 0.00, 100.00, 0.00, 2.25, 0, 0 
3, 73883, 890260676, 0.00, 100.00, 0.00, 2.25, 0, 0 
4, 73883, 892374570, 0.00, 100.00, 0.00, 2.25, 0, 0 
5, 73883, 894376305, 0.00, 100.00, 0.00, 2.25, 0, 0 
6, 73883, 896512205, 0.00, 100.00, 0.00, 2.25, 0, 0 
7, 73883, 898453242, 0.00, 100.00, 0.00, 2.25, 0, 0 
8, 73883, 900350466, 0.00, 100.00, 0.00, 2.25, 0, 0 
9, 73883, 902141450, 0.00, 100.00, 0.00, 2.25, 0, 0 
0, 73883, 903947205, 0.00, 100.00, 0.00, 2.25, 0, 0 
1, 73883, 905936046, 0.00, 100.00, 0.00, 2.25, 0, 0 
2, 73883, 907821535, 0.00, 100.00, 0.00, 2.25, 0, 0 
3, 73883, 909875895, 0.00, 100.00, 0.00, 2.25, 0, 0 
4, 73883, 911831400, 0.00, 100.00, 0.00, 2.25, 0, 0 
5, 73883, 913871297, 0.00, 100.00, 0.00, 2.25, 0, 0 
6, 73883, 915914562, 0.00, 100.00, 0.00, 2.25, 0, 0 
7, 73883, 917800987, 0.00, 100.00, 0.00, 2.25, 0, 0 
8, 73883, 919675136, 0.00, 100.00, 0.00, 2.25, 0, 0 
9, 73883, 921654870, 0.00, 100.00, 0.00, 2.25, 0, 0 
0, 73883, 923703830, 0.00, 100.00, 0.00, 2.25, 0, 0 
1, 73883, 925680584, 0.00, 100.00, 0.00, 2.25, 0, 0 
2, 73883, 927632227, 0.00, 100.00, 0.00, 2.25, 0, 0 
3, 73883, 929576439, 0.00, 100.00, 0.00, 2.25, 0, 0 
4, 73883, 931641809, 0.00, 100.00, 0.00, 2.25, 0, 0 
5, 73883, 933610070, 0.00, 100.00, 0.00, 2.25, 0, 0 
6, 73883, 935747376, 0.00, 100.00, 0.00, 2.25, 0, 0 
7, 73883, 937636970, 0.00, 100.00, 0.00, 2.25, 0, 0 
8, 73883, 939488892, 0.00, 100.00, 0.00, 2.25, 0, 0 
9, 73883, 941400843, 0.00, 100.00, 0.00, 2.25, 0, 0 
0, 73883, 943320006, 0.00, 100.00, 0.00, 2.25, 0, 0 
1, 73883, 945320861, 0.00, 100.00, 0.00, 2.25, 0, 0 
2, 73883, 947256451, 0.00, 100.00, 0.00, 2.25, 0, 0 
3, 73883, 949470835, 0.00, 100.00, 0.00, 2.25, 0, 0 
4, 73883, 951431512, 0.00, 100.00, 0.00, 2.25, 0, 0 
5, 73883, 953428227, 0.00, 100.00, 0.00, 2.25, 0, 0 
6, 73883, 955269850, 0.00, 100.00, 0.00, 2.25, 0, 0 
7, 73883, 957109165, 0.00, 100.00, 0.00, 2.25, 0, 0 
8, 73883, 959239117, 0.00, 100.00, 0.00, 2.25, 0, 0 
9, 73883, 961178448, 0.00, 100.00, 0.00, 2.25, 0, 0 
